2001-12-26T05:49:22.318  2.95290000E-04 -1.81940000E-04  1.61330000E-04
2001-12-26T05:49:23.318 -4.90730000E-04 -4.42010000E-04  6.63760000E-04
2001-12-26T05:49:24.318  2.05590000E-05  4.00410000E-04  2.07510000E-04
2001-12-26T05:49:25.318 -2.66400000E-04 -6.86950000E-04  8.34500000E-04
2001-12-26T05:49:26.318  1.51570000E-04 -9.51790000E-05 -2.47750000E-05
2001-12-26T05:49:27.318 -1.33970000E-04 -7.20310000E-04  9.89000000E-04
2001-12-26T05:49:28.318 -2.66800000E-05  1.96280000E-04  2.77130000E-04
2001-12-26T05:49:29.318 -5.37700000E-04 -5.37330000E-04  4.93860000E-04
2001-12-26T05:49:30.318  1.53000000E-04  3.42700000E-04  6.09000000E-04
2001-12-26T05:49:31.318 -9.83880000E-05 -8.30410000E-04  2.80530000E-05
2001-12-26T05:49:32.318  3.37160000E-04 -2.38790000E-04  6.14470000E-04
2001-12-26T05:49:33.318 -3.89140000E-04 -1.72460000E-04  4.19140000E-04
2001-12-26T05:49:34.318 -3.16260000E-04  1.08320000E-04  2.19840000E-04
2001-12-26T05:49:35.318 -1.76910000E-04 -3.69120000E-04  7.13410000E-04
2001-12-26T05:49:36.318  2.05270000E-05 -2.85950000E-04  3.78070000E-04
2001-12-26T05:49:37.318  1.28610000E-04 -4.80680000E-04  5.46330000E-04
2001-12-26T05:49:38.318 -3.04130000E-04 -1.73090000E-04  9.49400000E-05
2001-12-26T05:49:39.318 -1.35920000E-04 -7.03030000E-05  6.52800000E-04
2001-12-26T05:49:40.318 -4.50810000E-04 -6.51890000E-05  4.52510000E-04
2001-12-26T05:49:41.318  2.62950000E-04 -2.62250000E-04  3.03090000E-04
2001-12-26T05:49:42.318 -1.98230000E-04 -6.06610000E-04  8.04010000E-04
2001-12-26T05:49:43.318 -2.84680000E-05 -2.56330000E-04 -1.48810000E-04
2001-12-26T05:49:44.318 -3.41540000E-04 -1.33770000E-04  6.88470000E-04
2001-12-26T05:49:45.318 -1.85800000E-04  1.15920000E-04  5.20410000E-04
2001-12-26T05:49:46.318 -1.86370000E-05 -6.81180000E-04  4.29690000E-04
2001-12-26T05:49:47.318  2.25540000E-04 -2.16250000E-04  9.69240000E-05
2001-12-26T05:49:48.318 -2.61580000E-04 -3.07990000E-04  6.20410000E-04
2001-12-26T05:49:49.318 -4.62310000E-05  1.06420000E-04  5.93530000E-04
2001-12-26T05:49:50.318 -3.72780000E-04 -4.70210000E-04  3.77060000E-04
2001-12-26T05:49:51.318  2.93220000E-04 -2.22050000E-04  4.95690000E-04
2001-12-26T05:49:52.318 -3.33480000E-04 -4.43760000E-04  4.83790000E-04
2001-12-26T05:49:53.318  2.31550000E-04 -5.72440000E-05  3.21200000E-04
2001-12-26T05:49:54.318 -7.51930000E-04 -2.61890000E-04  7.34200000E-04
2001-12-26T05:49:55.318  2.34570000E-04  3.47570000E-04  1.29690000E-04
2001-12-26T05:49:56.318 -1.44990000E-04 -7.21930000E-04  5.04120000E-04
2001-12-26T05:49:57.318  2.42630000E-04 -2.61030000E-04  7.26380000E-04
2001-12-26T05:49:58.318 -3.25970000E-04 -4.87500000E-04  2.09680000E-04
2001-12-26T05:49:59.318  9.63050000E-06  1.28290000E-04 -2.20000000E-04
2001-12-26T05:50:00.318 -4.39660000E-04  6.07940000E-05  1.26560000E-03
2001-12-26T05:50:01.318 -6.90760000E-05 -3.81600000E-04  2.44520000E-04
2001-12-26T05:50:02.318  3.51160000E-04 -4.46930000E-04  1.47650000E-04
2001-12-26T05:50:03.318 -4.29390000E-04 -2.38500000E-04  2.01000000E-04
2001-12-26T05:50:04.318  3.52210000E-05  3.90630000E-05  5.79620000E-04
2001-12-26T05:50:05.318 -5.55810000E-04 -3.67880000E-04  3.92950000E-04
2001-12-26T05:50:06.318  2.46470000E-04 -2.02660000E-04  6.35970000E-04
2001-12-26T05:50:07.318 -2.46120000E-04 -4.58420000E-04  2.49940000E-04
2001-12-26T05:50:08.318  3.48180000E-04 -4.56800000E-05  1.12800000E-04
2001-12-26T05:50:09.318 -4.71680000E-04 -6.22280000E-04  7.21000000E-04
2001-12-26T05:50:10.318  3.31480000E-04  4.32270000E-04  6.60800000E-04
2001-12-26T05:50:11.318 -5.44720000E-04 -6.99830000E-04 -9.78770000E-05
2001-12-26T05:50:12.318  5.25610000E-04 -9.90230000E-05  4.46310000E-04
2001-12-26T05:50:13.318 -5.50460000E-04 -6.26890000E-04  6.59640000E-04
2001-12-26T05:50:14.318 -1.60960000E-05  1.91550000E-04  7.92130000E-04
2001-12-26T05:50:15.318 -7.47650000E-04 -4.72760000E-04 -1.45220000E-04
2001-12-26T05:50:16.318  4.52110000E-04 -2.21510000E-04  6.16910000E-04
2001-12-26T05:50:17.318  2.95400000E-05 -5.13500000E-04  3.60090000E-04
2001-12-26T05:50:18.318 -1.09170000E-04  5.43520000E-05  5.05010000E-04
2001-12-26T05:50:19.318 -2.28630000E-04 -2.29710000E-04  6.44300000E-04
2001-12-26T05:50:20.318 -2.06290000E-04  7.23080000E-07  7.02020000E-06
2001-12-26T05:50:21.318  2.05870000E-04 -2.81330000E-04  5.85010000E-04
2001-12-26T05:50:22.318 -1.42670000E-04 -6.12060000E-04  4.49830000E-04
2001-12-26T05:50:23.318  1.47100000E-04  4.00230000E-05  2.78810000E-05
2001-12-26T05:50:24.318 -4.78910000E-04 -1.85360000E-04  6.78620000E-04
2001-12-26T05:50:25.318 -3.13160000E-05 -1.94430000E-04  5.30380000E-04
2001-12-26T05:50:26.318 -8.76980000E-05 -3.36950000E-04  4.14770000E-04
2001-12-26T05:50:27.318  4.12950000E-04 -3.64730000E-04  3.14470000E-04
2001-12-26T05:50:28.318 -6.34660000E-04 -4.43070000E-04  3.27110000E-04
2001-12-26T05:50:29.318  3.67090000E-05  1.56410000E-04  4.31960000E-04
2001-12-26T05:50:30.318 -4.90690000E-04 -6.22620000E-04  7.78320000E-04
2001-12-26T05:50:31.318  5.83190000E-04 -4.37690000E-05  2.43160000E-05
2001-12-26T05:50:32.318 -1.98900000E-04 -7.00780000E-04  6.77560000E-04
2001-12-26T05:50:33.318 -1.24100000E-05  1.02030000E-04  3.70480000E-04
2001-12-26T05:50:34.318 -5.59760000E-04 -2.08710000E-04 -1.28200000E-04
2001-12-26T05:50:35.318  7.69990000E-05 -3.26960000E-04  8.97400000E-04
2001-12-26T05:50:36.318 -8.85360000E-05 -3.11430000E-04  1.97890000E-04
2001-12-26T05:50:37.318  3.14940000E-04 -3.31060000E-04  4.17340000E-04
2001-12-26T05:50:38.318 -6.08250000E-04 -5.29680000E-05  3.91520000E-04
2001-12-26T05:50:39.318  1.13330000E-05 -1.53340000E-04  6.11480000E-04
2001-12-26T05:50:40.318 -9.43140000E-05 -4.13260000E-04  4.93160000E-04
2001-12-26T05:50:41.318  2.52390000E-04 -4.27200000E-04  1.36070000E-04
2001-12-26T05:50:42.318 -1.88670000E-04 -2.10750000E-04  8.11270000E-04
2001-12-26T05:50:43.318 -2.78070000E-04 -2.45910000E-04  2.31900000E-04
2001-12-26T05:50:44.318 -3.01030000E-04  3.46870000E-04  6.23240000E-04
2001-12-26T05:50:45.318 -3.07080000E-05 -6.96340000E-04  2.08370000E-04
2001-12-26T05:50:46.318  4.17220000E-04 -3.36130000E-04  4.34920000E-04
2001-12-26T05:50:47.318 -3.22470000E-04 -4.45520000E-04  8.07530000E-04
2001-12-26T05:50:48.318 -2.46720000E-04  2.07710000E-04  1.09510000E-04
2001-12-26T05:50:49.318 -2.44940000E-04 -6.15370000E-04  5.94900000E-04
2001-12-26T05:50:50.318  1.36690000E-05 -3.51800000E-04  2.04950000E-04
2001-12-26T05:50:51.318 -1.85060000E-04 -2.56980000E-04  8.85070000E-04
2001-12-26T05:50:52.318  2.17420000E-04 -7.42990000E-05  1.51100000E-04
2001-12-26T05:50:53.318 -6.01080000E-04 -3.01710000E-04  3.93130000E-04
2001-12-26T05:50:54.318  5.77930000E-05  1.99400000E-04  4.39370000E-04
2001-12-26T05:50:55.318 -2.36450000E-04 -7.56460000E-04  3.76570000E-04
2001-12-26T05:50:56.318  3.44240000E-04 -6.66800000E-05  1.38430000E-04
2001-12-26T05:50:57.318 -3.52800000E-04 -6.65510000E-04  4.67440000E-04
2001-12-26T05:50:58.318  1.15040000E-04  4.75590000E-04  6.36220000E-04
2001-12-26T05:50:59.318 -4.80170000E-04 -2.67840000E-04  4.30180000E-04
2001-12-26T05:51:00.318  1.15710000E-04 -2.22880000E-04  5.13120000E-04
2001-12-26T05:51:01.318 -1.92730000E-04 -7.91720000E-04  1.32400000E-04
2001-12-26T05:51:02.318  3.74430000E-05 -1.27880000E-04  6.64050000E-04
2001-12-26T05:51:03.318 -1.60410000E-04  1.64000000E-04  6.58810000E-04
2001-12-26T05:51:04.318 -3.20520000E-04 -6.56140000E-05  1.98870000E-04
2001-12-26T05:51:05.318  1.86420000E-04 -3.23740000E-04  2.37230000E-04
2001-12-26T05:51:06.318  1.03070000E-04 -7.31640000E-04  6.83650000E-04
2001-12-26T05:51:07.318  5.54420000E-05  3.40780000E-05  6.54830000E-04
2001-12-26T05:51:08.318 -6.53390000E-04 -2.32120000E-04 -2.68330000E-05
2001-12-26T05:51:09.318  2.02100000E-04 -8.27960000E-06  6.02940000E-04
2001-12-26T05:51:10.318 -1.84520000E-04 -7.45870000E-04  7.46790000E-04
2001-12-26T05:51:11.318  1.70700000E-04 -7.29580000E-05  4.19400000E-04
2001-12-26T05:51:12.318 -4.55700000E-04 -4.90820000E-04 -2.16180000E-05
2001-12-26T05:51:13.318  1.06890000E-05  2.89320000E-04  4.95260000E-04
2001-12-26T05:51:14.318 -2.78010000E-04 -4.91180000E-04  9.17280000E-04
2001-12-26T05:51:15.318  3.14110000E-04 -3.42090000E-04  7.71190000E-06
2001-12-26T05:51:16.318 -2.69560000E-04 -5.23490000E-04  3.96170000E-04
2001-12-26T05:51:17.318 -8.28520000E-06 -2.77470000E-05  3.64510000E-04
2001-12-26T05:51:18.318 -5.67990000E-04 -3.47970000E-05  8.59690000E-04
2001-12-26T05:51:19.318  2.83890000E-04 -1.28990000E-04 -3.31120000E-04
2001-12-26T05:51:20.318 -1.30490000E-04 -4.62040000E-04  7.94560000E-04
2001-12-26T05:51:21.318  2.75830000E-04 -2.46610000E-04  1.38670000E-05
2001-12-26T05:51:22.318 -6.63850000E-04 -4.18420000E-04  9.07050000E-04
2001-12-26T05:51:23.318  7.88110000E-05  1.20130000E-04  9.14190000E-05
2001-12-26T05:51:24.318 -1.17330000E-04 -2.97670000E-04  6.22720000E-04
2001-12-26T05:51:25.318  2.06410000E-04 -4.74920000E-04  6.03180000E-04
2001-12-26T05:51:26.318 -3.90880000E-05 -5.48950000E-04  3.28810000E-04
2001-12-26T05:51:27.318 -2.81960000E-04  4.56210000E-05  5.42000000E-04
2001-12-26T05:51:28.318 -3.42220000E-04  5.59830000E-05  4.22840000E-05
2001-12-26T05:51:29.318 -1.74350000E-05 -5.33610000E-04  5.38030000E-04
2001-12-26T05:51:30.318  4.22170000E-04 -5.33450000E-04  3.31090000E-04
2001-12-26T05:51:31.318 -4.06700000E-04 -4.55340000E-04  3.77220000E-04
2001-12-26T05:51:32.318 -1.06570000E-04  3.13790000E-04  3.28650000E-04
2001-12-26T05:51:33.318 -3.69760000E-04 -4.11500000E-04  5.53220000E-04
2001-12-26T05:51:34.318  4.12570000E-04 -3.08070000E-04  2.66250000E-04
2001-12-26T05:51:35.318 -4.42700000E-04 -4.80580000E-04  7.11740000E-04
2001-12-26T05:51:36.318  1.45420000E-04 -9.33010000E-05  2.19230000E-04
2001-12-26T05:51:37.318 -4.58610000E-04 -1.90780000E-04  3.32140000E-04
2001-12-26T05:51:38.318  2.04660000E-04  2.58720000E-04  4.97360000E-04
2001-12-26T05:51:39.318 -2.91770000E-04 -7.32100000E-04  4.17480000E-04
2001-12-26T05:51:40.318  1.41940000E-04 -9.82910000E-05  2.56900000E-04
2001-12-26T05:51:41.318 -2.20800000E-04 -7.38400000E-04  6.20460000E-04
2001-12-26T05:51:42.318 -1.55770000E-04  3.83750000E-04  5.51740000E-04
2001-12-26T05:51:43.318 -2.34860000E-04 -1.90070000E-04  1.47330000E-04
2001-12-26T05:51:44.318 -1.67160000E-05 -2.58820000E-04  5.68000000E-04
2001-12-26T05:51:45.318 -1.29730000E-05 -6.42750000E-04  8.78430000E-04
2001-12-26T05:51:46.318  1.81640000E-05 -2.94620000E-04  4.97770000E-05
2001-12-26T05:51:47.318 -1.54840000E-04  5.07340000E-05  1.91980000E-04
2001-12-26T05:51:48.318 -3.81680000E-04 -7.79950000E-05  3.94960000E-04
2001-12-26T05:51:49.318  1.96230000E-04 -5.50760000E-04  8.23150000E-04
2001-12-26T05:51:50.318 -1.79740000E-04 -5.90820000E-04  1.17170000E-04
2001-12-26T05:51:51.318  7.37040000E-05  1.22130000E-04  5.50780000E-04
2001-12-26T05:51:52.318 -4.30740000E-04 -2.85260000E-04  3.66700000E-04
2001-12-26T05:51:53.318 -7.63080000E-05 -7.61580000E-05  2.60950000E-04
2001-12-26T05:51:54.318 -3.29950000E-04 -6.18560000E-04  3.22720000E-04
2001-12-26T05:51:55.318  4.72520000E-04 -3.01000000E-06  6.99520000E-04
2001-12-26T05:51:56.318 -6.04670000E-04 -5.76400000E-04  2.08060000E-04
2001-12-26T05:51:57.318  1.56380000E-05  7.18410000E-05  5.52590000E-04
2001-12-26T05:51:58.318 -5.88630000E-04 -2.61330000E-04  2.10820000E-04
2001-12-26T05:51:59.318  3.35580000E-04 -2.58690000E-04  8.88580000E-04
2001-12-26T05:52:00.318 -6.08120000E-05 -7.04160000E-04  3.24490000E-04
2001-12-26T05:52:01.318  1.12730000E-04  9.05680000E-05  3.71390000E-04
2001-12-26T05:52:02.318 -4.50960000E-04  7.45900000E-06  3.69640000E-04
2001-12-26T05:52:03.318  3.11230000E-04 -1.92400000E-04  7.87760000E-04
2001-12-26T05:52:04.318 -2.82070000E-04 -9.18430000E-04 -2.22150000E-05
2001-12-26T05:52:05.318  4.24240000E-04 -2.62030000E-05  8.86520000E-04
2001-12-26T05:52:06.318 -6.75840000E-04 -1.94590000E-04  1.50960000E-04
2001-12-26T05:52:07.318  1.00850000E-04  6.28430000E-05  4.30200000E-04
2001-12-26T05:52:08.318 -3.97720000E-04 -4.03990000E-04  1.54260000E-04
2001-12-26T05:52:09.318  2.61540000E-04 -5.25740000E-04  8.06260000E-04
2001-12-26T05:52:10.318 -7.28560000E-05 -3.48800000E-04  6.15000000E-04
2001-12-26T05:52:11.318 -8.01960000E-05 -1.39170000E-04 -1.61000000E-05
2001-12-26T05:52:12.318 -5.87750000E-04  1.06740000E-04  5.01270000E-04
2001-12-26T05:52:13.318  3.06320000E-04 -5.83580000E-04  5.45530000E-04
2001-12-26T05:52:14.318 -1.33110000E-04 -5.42140000E-04  6.63600000E-04
2001-12-26T05:52:15.318 -4.73820000E-05 -1.97020000E-04 -3.20440000E-04
2001-12-26T05:52:16.318 -2.83620000E-04  6.39250000E-05  5.14890000E-04
2001-12-26T05:52:17.318 -2.33970000E-04 -3.06310000E-04  5.46480000E-04
2001-12-26T05:52:18.318  4.18100000E-04 -1.55410000E-04  5.11620000E-04
2001-12-26T05:52:19.318 -3.48390000E-04 -6.84370000E-04  1.87310000E-04
2001-12-26T05:52:20.318  3.47990000E-04  2.03000000E-04  6.77420000E-04
2001-12-26T05:52:21.318 -6.87460000E-04 -3.67620000E-04  3.63470000E-04
2001-12-26T05:52:22.318  5.03540000E-05  3.77540000E-04  3.91110000E-04
2001-12-26T05:52:23.318 -1.34830000E-04 -1.11530000E-03  5.47970000E-04
2001-12-26T05:52:24.318  2.33900000E-04  5.26360000E-05  2.71430000E-04
2001-12-26T05:52:25.318 -3.90250000E-04 -7.24930000E-04  7.07110000E-04
2001-12-26T05:52:26.318  7.59320000E-07  4.31060000E-04  1.75960000E-04
2001-12-26T05:52:27.318 -3.65450000E-04 -3.98850000E-04  7.65540000E-04
2001-12-26T05:52:28.318  2.51750000E-04 -2.13030000E-04  3.72400000E-04
2001-12-26T05:52:29.318 -3.72100000E-04 -6.52020000E-04  4.23850000E-04
2001-12-26T05:52:30.318  4.22370000E-05 -3.87480000E-05  4.06440000E-04
2001-12-26T05:52:31.318 -4.95170000E-04 -2.20720000E-04  1.92270000E-04
2001-12-26T05:52:32.318 -1.91210000E-04  2.01870000E-04  4.25510000E-04
2001-12-26T05:52:33.318 -1.62220000E-04 -5.38520000E-04  5.43250000E-04
2001-12-26T05:52:34.318  1.76590000E-04 -2.81930000E-04  5.11350000E-04
2001-12-26T05:52:35.318  1.28750000E-04 -2.96680000E-04  6.29060000E-04
2001-12-26T05:52:36.318 -4.63630000E-04 -1.32500000E-04  4.02920000E-04
2001-12-26T05:52:37.318 -6.79140000E-05 -1.34920000E-04  1.09460000E-05
2001-12-26T05:52:38.318 -3.39770000E-04 -2.66310000E-04  9.14440000E-04
2001-12-26T05:52:39.318  4.59050000E-04 -4.35440000E-04  1.27550000E-04
2001-12-26T05:52:40.318 -3.20710000E-04 -4.89870000E-04  4.59660000E-04
2001-12-26T05:52:41.318  5.66970000E-05  5.39370000E-05  3.12950000E-04
2001-12-26T05:52:42.318 -7.42080000E-04 -1.70960000E-04  6.06090000E-04
2001-12-26T05:52:43.318  2.92890000E-04 -1.53180000E-04  8.97760000E-04
2001-12-26T05:52:44.318 -1.47180000E-04 -8.90210000E-04 -8.46290000E-05
2001-12-26T05:52:45.318  4.77030000E-04  1.36500000E-04  5.35270000E-04
2001-12-26T05:52:46.318 -8.52540000E-04 -1.98260000E-04  6.15670000E-04
2001-12-26T05:52:47.318  1.51030000E-04  1.85370000E-04  3.03380000E-04
2001-12-26T05:52:48.318 -4.89320000E-04 -4.76750000E-04  2.81250000E-04
2001-12-26T05:52:49.318  4.75290000E-04 -2.58950000E-04  5.91220000E-04
2001-12-26T05:52:50.318 -2.74860000E-04 -6.04290000E-04  3.88720000E-04
2001-12-26T05:52:51.318  3.79340000E-05  1.69970000E-04  2.04540000E-04
2001-12-26T05:52:52.318 -6.54670000E-04 -1.60810000E-04  5.75540000E-04
2001-12-26T05:52:53.318 -5.93140000E-05 -4.82780000E-05  8.21090000E-04
2001-12-26T05:52:54.318  1.98710000E-04 -8.36160000E-04  9.89090000E-05
2001-12-26T05:52:55.318  2.53450000E-05  7.28630000E-05  3.26640000E-04
2001-12-26T05:52:56.318 -1.89590000E-04 -2.95280000E-04  6.71260000E-04
2001-12-26T05:52:57.318 -3.37290000E-04  3.60510000E-06  5.10660000E-04
2001-12-26T05:52:58.318 -2.96410000E-04 -1.74340000E-04  6.15990000E-04
2001-12-26T05:52:59.318 -2.60470000E-05 -3.53500000E-04  2.06650000E-04
2001-12-26T05:53:00.318  3.10930000E-04 -5.45710000E-04  3.36150000E-04
2001-12-26T05:53:01.318 -4.38650000E-04 -2.37370000E-04  4.79660000E-04
2001-12-26T05:53:02.318  1.01230000E-05  3.23710000E-04  6.12720000E-04
2001-12-26T05:53:03.318 -6.54280000E-04 -2.35970000E-04  3.07510000E-04
2001-12-26T05:53:04.318  6.43140000E-04 -4.25060000E-04  6.32670000E-04
2001-12-26T05:53:05.318 -3.46160000E-04 -6.59760000E-04  4.04150000E-04
2001-12-26T05:53:06.318  2.11070000E-04  1.85480000E-04  5.57610000E-04
2001-12-26T05:53:07.318 -7.56970000E-04 -3.65350000E-04  5.44520000E-04
2001-12-26T05:53:08.318  2.07660000E-04  9.56260000E-05  2.23340000E-04
2001-12-26T05:53:09.318 -4.40840000E-04 -5.51370000E-04  6.68100000E-04
2001-12-26T05:53:10.318  4.19420000E-04 -1.56530000E-04  5.85410000E-04
2001-12-26T05:53:11.318 -3.05670000E-04 -6.26490000E-04 -3.88320000E-05
2001-12-26T05:53:12.318  1.26110000E-04  4.33100000E-04  8.57580000E-04
2001-12-26T05:53:13.318 -4.99030000E-04 -5.19790000E-04  1.93970000E-04
2001-12-26T05:53:14.318  2.43280000E-04 -4.39910000E-04  4.88530000E-04
2001-12-26T05:53:15.318 -1.61920000E-04 -4.64990000E-04  3.17310000E-04
2001-12-26T05:53:16.318  8.61210000E-05  7.93470000E-05  6.12490000E-04
2001-12-26T05:53:17.318 -3.91180000E-04 -1.21840000E-04  5.89310000E-04
2001-12-26T05:53:18.318 -1.86440000E-04  1.33080000E-04  5.05340000E-04
2001-12-26T05:53:19.318 -4.12220000E-05 -5.36170000E-04  8.48390000E-05
2001-12-26T05:53:20.318  4.42760000E-05 -5.70310000E-04  5.04620000E-04
2001-12-26T05:53:21.318  1.36570000E-04 -1.30780000E-04  4.27120000E-04
2001-12-26T05:53:22.318 -5.91430000E-04 -5.87370000E-05  4.39640000E-04
2001-12-26T05:53:23.318 -2.41620000E-05 -1.13780000E-05  3.08860000E-04
2001-12-26T05:53:24.318 -4.02130000E-04 -4.15770000E-04  7.98860000E-04
2001-12-26T05:53:25.318  4.12690000E-04 -2.82430000E-04  2.48160000E-04
2001-12-26T05:53:26.318 -2.05060000E-04 -6.22480000E-04  3.50740000E-04
2001-12-26T05:53:27.318 -1.20940000E-04  1.93400000E-04  5.24570000E-04
2001-12-26T05:53:28.318 -5.15280000E-04 -1.38420000E-04  4.48350000E-04
2001-12-26T05:53:29.318  5.70810000E-05 -4.43050000E-05  4.86190000E-04
2001-12-26T05:53:30.318 -2.26010000E-04 -8.59100000E-04  2.78680000E-04
2001-12-26T05:53:31.318  4.23140000E-04 -1.27990000E-04  5.94410000E-04
2001-12-26T05:53:32.318 -4.74620000E-04 -2.19370000E-04  2.14770000E-04
2001-12-26T05:53:33.318  2.90860000E-05  1.75340000E-04  4.87710000E-04
2001-12-26T05:53:34.318 -2.63960000E-04 -5.53540000E-04  8.01280000E-04
2001-12-26T05:53:35.318  1.96160000E-04 -9.35900000E-06  5.32740000E-05
2001-12-26T05:53:36.318 -2.17940000E-04 -7.85990000E-04  3.41860000E-04
2001-12-26T05:53:37.318  1.38890000E-04  3.28180000E-04  8.42510000E-04
2001-12-26T05:53:38.318 -8.78870000E-04 -1.46440000E-04  8.25110000E-04
2001-12-26T05:53:39.318  1.89210000E-04  3.52740000E-05  2.03880000E-04
2001-12-26T05:53:40.318  8.68730000E-06 -4.48510000E-04  3.45090000E-04
2001-12-26T05:53:41.318  2.80610000E-05 -5.87160000E-04  3.43570000E-04
2001-12-26T05:53:42.318 -1.37070000E-05 -7.20010000E-05  5.25710000E-04
2001-12-26T05:53:43.318 -3.73230000E-04 -2.03510000E-04  7.63960000E-04
2001-12-26T05:53:44.318  1.63490000E-04  1.32930000E-04  3.34980000E-04
2001-12-26T05:53:45.318 -5.33580000E-04 -6.54520000E-04  2.45420000E-04
2001-12-26T05:53:46.318  7.62830000E-04 -4.01820000E-04  6.18530000E-04
2001-12-26T05:53:47.318 -7.89260000E-04 -3.23010000E-04  3.60920000E-04
2001-12-26T05:53:48.318  2.01830000E-04  3.35690000E-04  2.20220000E-04
2001-12-26T05:53:49.318 -3.27010000E-04 -4.97670000E-04  6.34390000E-04
2001-12-26T05:53:50.318  2.24620000E-04 -2.00790000E-04  5.02040000E-04
2001-12-26T05:53:51.318 -2.02930000E-04 -6.67620000E-04  3.19130000E-04
2001-12-26T05:53:52.318  2.48410000E-04  2.02480000E-04  6.61330000E-04
2001-12-26T05:53:53.318 -7.52240000E-04 -1.93070000E-04  2.18150000E-05
2001-12-26T05:53:54.318  1.74220000E-04 -2.93530000E-04  4.60170000E-04
2001-12-26T05:53:55.318 -1.97090000E-04 -1.80140000E-04  6.99850000E-04
2001-12-26T05:53:56.318  1.96910000E-04 -5.82210000E-04  4.49680000E-04
2001-12-26T05:53:57.318 -4.36070000E-04 -3.20290000E-04  1.45360000E-04
2001-12-26T05:53:58.318 -1.93740000E-04  2.22620000E-04  6.16770000E-04
2001-12-26T05:53:59.318 -3.37920000E-04 -1.00220000E-04  3.55600000E-04
2001-12-26T05:54:00.318  5.73950000E-05 -2.38740000E-04  6.98650000E-04
2001-12-26T05:54:01.318  2.01510000E-04 -3.81780000E-04  2.55270000E-04
2001-12-26T05:54:02.318 -1.34150000E-04 -4.28840000E-04  5.11430000E-04
2001-12-26T05:54:03.318 -8.96260000E-05 -3.72370000E-05  5.32080000E-04
2001-12-26T05:54:04.318 -7.22900000E-04 -3.40990000E-05  2.05320000E-04
2001-12-26T05:54:05.318  3.44900000E-04 -1.85870000E-04  7.71030000E-04
2001-12-26T05:54:06.318 -2.09160000E-04 -4.79670000E-04  5.58510000E-04
2001-12-26T05:54:07.318  2.77110000E-04 -3.65340000E-04  9.52530000E-05
2001-12-26T05:54:08.318 -6.94520000E-04 -3.02840000E-04  3.30330000E-04
2001-12-26T05:54:09.318  5.06680000E-05  1.54940000E-04  2.48160000E-04
2001-12-26T05:54:10.318 -4.12820000E-04 -4.09880000E-05  3.30330000E-04
2001-12-26T05:54:11.318  2.70620000E-04 -4.51690000E-04  8.40810000E-04
2001-12-26T05:54:12.318 -7.19310000E-05 -5.19260000E-04  2.71720000E-04
2001-12-26T05:54:13.318  1.18430000E-04  1.57110000E-04  6.40980000E-05
2001-12-26T05:54:14.318 -5.47350000E-04 -1.56960000E-04  3.58150000E-04
2001-12-26T05:54:15.318 -5.55480000E-05  2.18460000E-05  7.12600000E-04
2001-12-26T05:54:16.318 -4.13730000E-04 -2.66220000E-04  6.52750000E-04
2001-12-26T05:54:17.318  3.63050000E-04 -3.90210000E-04  2.06300000E-04
2001-12-26T05:54:18.318  1.23680000E-04 -1.70380000E-04  2.79620000E-04
2001-12-26T05:54:19.318 -2.78810000E-04 -1.59030000E-04  4.24630000E-04
2001-12-26T05:54:20.318 -1.23500000E-04  2.24630000E-04  5.08000000E-04
2001-12-26T05:54:21.318 -2.18270000E-04 -6.56220000E-04  6.92690000E-04
2001-12-26T05:54:22.318  5.02590000E-04 -1.90110000E-04  2.83820000E-04
2001-12-26T05:54:23.318 -5.46870000E-04 -5.52590000E-04  4.33670000E-04
2001-12-26T05:54:24.318  6.33230000E-05  7.69070000E-05  3.64110000E-04
2001-12-26T05:54:25.318 -3.38210000E-04 -2.94730000E-04  4.41560000E-04
2001-12-26T05:54:26.318  1.21210000E-04  2.46900000E-05  4.99400000E-04
2001-12-26T05:54:27.318 -2.58110000E-04 -3.36190000E-04  5.43600000E-04
2001-12-26T05:54:28.318  1.31930000E-04 -2.42580000E-04  4.81430000E-04
2001-12-26T05:54:29.318 -3.19900000E-04 -4.20480000E-04  4.17440000E-04
2001-12-26T05:54:30.318 -1.45940000E-04  3.18420000E-04  2.80640000E-04
2001-12-26T05:54:31.318 -1.88840000E-04 -3.27110000E-04  9.90550000E-04
2001-12-26T05:54:32.318  1.08800000E-04 -4.83650000E-04  3.73980000E-05
2001-12-26T05:54:33.318  3.03300000E-04 -1.34460000E-04  2.54630000E-04
2001-12-26T05:54:34.318 -4.07380000E-04 -1.24840000E-04  3.90590000E-04
2001-12-26T05:54:35.318  2.73430000E-05 -1.28210000E-06  1.51980000E-04
2001-12-26T05:54:36.318 -4.48730000E-04 -3.48490000E-04  7.22240000E-04
2001-12-26T05:54:37.318  3.29810000E-04 -1.83710000E-04  4.81940000E-04
2001-12-26T05:54:38.318 -2.33010000E-04 -4.24250000E-04  3.23650000E-04
2001-12-26T05:54:39.318  2.27460000E-04 -5.59700000E-06  2.63960000E-04
2001-12-26T05:54:40.318 -5.30620000E-04 -1.32920000E-04  2.66190000E-04
2001-12-26T05:54:41.318 -3.03780000E-05  2.20690000E-04  8.25320000E-04
2001-12-26T05:54:42.318 -3.32910000E-04 -5.40330000E-04  2.17270000E-04
2001-12-26T05:54:43.318 -9.01140000E-06 -3.07580000E-05  4.94030000E-04
2001-12-26T05:54:44.318  4.13880000E-05 -4.94170000E-04  4.54900000E-04
2001-12-26T05:54:45.318  6.81920000E-05 -1.14130000E-04  1.21720000E-04
2001-12-26T05:54:46.318  6.24770000E-05  4.10760000E-04  5.00970000E-04
2001-12-26T05:54:47.318 -7.21670000E-04 -2.66640000E-04  8.92190000E-04
2001-12-26T05:54:48.318  2.26560000E-04 -2.37560000E-04  2.71630000E-04
2001-12-26T05:54:49.318 -7.37260000E-05 -3.33780000E-04  5.92410000E-04
2001-12-26T05:54:50.318  2.57920000E-05 -2.75730000E-04  3.88580000E-04
2001-12-26T05:54:51.318 -3.57530000E-04 -2.44690000E-04  5.86200000E-04
2001-12-26T05:54:52.318 -1.41590000E-04  2.55870000E-04  1.51140000E-04
2001-12-26T05:54:53.318 -1.27390000E-04 -1.28610000E-04  8.69660000E-04
2001-12-26T05:54:54.318  5.50740000E-06 -2.89250000E-04 -1.64290000E-05
2001-12-26T05:54:55.318  1.97630000E-04 -3.83450000E-04  3.71250000E-04
2001-12-26T05:54:56.318 -4.73460000E-04 -1.13390000E-04  4.40600000E-04
2001-12-26T05:54:57.318  3.35950000E-04  2.29860000E-04  7.75350000E-04
2001-12-26T05:54:58.318 -7.92570000E-04 -2.84300000E-04  2.67540000E-04
2001-12-26T05:54:59.318  1.01540000E-04  4.32550000E-04  2.01070000E-04
2001-12-26T05:55:00.318 -1.95420000E-04 -4.55100000E-04  7.24090000E-04
2001-12-26T05:55:01.318  7.11260000E-05 -5.20530000E-05  4.40950000E-04
2001-12-26T05:55:02.318  4.83400000E-05 -4.80000000E-04  2.95220000E-04
2001-12-26T05:55:03.318 -1.34490000E-04  1.17510000E-05  4.97630000E-04
2001-12-26T05:55:04.318 -2.16250000E-04  3.95800000E-04  6.43890000E-04
2001-12-26T05:55:05.318 -2.99200000E-04 -1.91450000E-04  3.59990000E-04
2001-12-26T05:55:06.318 -2.38440000E-05  2.88990000E-04  2.12300000E-04
2001-12-26T05:55:07.318 -8.97650000E-05 -4.50170000E-04  3.62130000E-04
2001-12-26T05:55:08.318  1.09550000E-04 -1.40780000E-04  7.82680000E-04
2001-12-26T05:55:09.318 -1.82490000E-04 -9.71050000E-05  5.97320000E-04
2001-12-26T05:55:10.318 -1.19080000E-04  6.33550000E-05  4.87320000E-05
2001-12-26T05:55:11.318 -8.16130000E-05 -2.78550000E-06  4.29610000E-04
2001-12-26T05:55:12.318 -5.13660000E-04  1.56630000E-04  5.02390000E-04
2001-12-26T05:55:13.318  1.96380000E-04 -5.64460000E-08  8.15310000E-04
2001-12-26T05:55:14.318 -2.59570000E-04 -2.94330000E-04  5.55630000E-04
2001-12-26T05:55:15.318  2.38430000E-04 -5.14720000E-05  3.07610000E-04
2001-12-26T05:55:16.318 -1.82470000E-04 -8.66120000E-05  4.00030000E-04
2001-12-26T05:55:17.318  1.07100000E-04  6.36770000E-06  1.36530000E-04
2001-12-26T05:55:18.318 -3.24410000E-04  1.29730000E-04  5.64740000E-04
2001-12-26T05:55:19.318 -2.15670000E-04 -7.37540000E-05  5.91440000E-04
2001-12-26T05:55:20.318 -1.93180000E-04  5.67530000E-05  5.58130000E-04
2001-12-26T05:55:21.318 -2.09410000E-04 -3.23880000E-04  2.04510000E-04
2001-12-26T05:55:22.318  2.54170000E-04  3.00110000E-04  4.41370000E-04
2001-12-26T05:55:23.318 -1.92090000E-04 -1.87180000E-04  5.38680000E-04
2001-12-26T05:55:24.318 -8.54730000E-05  1.36050000E-05  4.26610000E-04
2001-12-26T05:55:25.318 -1.56480000E-05  1.45380000E-04  6.52100000E-04
2001-12-26T05:55:26.318 -5.39290000E-04  1.21560000E-04  5.10060000E-04
2001-12-26T05:55:27.318 -7.54260000E-05  2.02850000E-04  2.44220000E-04
2001-12-26T05:55:28.318 -2.64680000E-04 -2.12160000E-04 -7.54080000E-05
2001-12-26T05:55:29.318  3.39070000E-04  5.33680000E-05  1.00740000E-03
2001-12-26T05:55:30.318  1.35960000E-04 -3.56410000E-04  3.74540000E-04
2001-12-26T05:55:31.318 -3.25450000E-05  2.43960000E-04  3.73510000E-04
2001-12-26T05:55:32.318 -1.16490000E-04  2.02250000E-04  1.66110000E-04
2001-12-26T05:55:33.318 -4.62650000E-04 -1.27750000E-04  9.63150000E-04
2001-12-26T05:55:34.318 -1.61680000E-04  4.75110000E-04  4.73400000E-04
2001-12-26T05:55:35.318 -3.23110000E-04  1.39930000E-04  1.92750000E-04
2001-12-26T05:55:36.318 -3.34190000E-04  2.16060000E-04  4.42760000E-04
2001-12-26T05:55:37.318  2.38570000E-04  4.10600000E-04  4.30840000E-04
2001-12-26T05:55:38.318 -3.70200000E-04 -1.45910000E-05  6.85530000E-04
2001-12-26T05:55:39.318  2.31960000E-04  4.73840000E-05  1.90120000E-04
2001-12-26T05:55:40.318  7.21890000E-05  4.87820000E-04  3.84920000E-04
2001-12-26T05:55:41.318 -5.31970000E-04  2.39970000E-04  8.92490000E-04
2001-12-26T05:55:42.318  2.20410000E-04  5.68280000E-04  3.20900000E-04
2001-12-26T05:55:43.318 -1.25860000E-04  2.58810000E-04  2.53470000E-04
2001-12-26T05:55:44.318 -2.70030000E-04  2.72020000E-04  2.66210000E-04
2001-12-26T05:55:45.318 -1.61400000E-04  5.91100000E-04  9.92910000E-04
2001-12-26T05:55:46.318 -1.62730000E-04  5.41360000E-04  3.25780000E-04
2001-12-26T05:55:47.318 -4.22070000E-04  5.82220000E-04  3.22490000E-04
2001-12-26T05:55:48.318 -8.57460000E-05  8.77610000E-04  3.67390000E-04
2001-12-26T05:55:49.318  1.01060000E-04  5.90860000E-04  1.99480000E-04
2001-12-26T05:55:50.318 -3.96180000E-04  7.23620000E-04  7.92160000E-04
2001-12-26T05:55:51.318 -6.34880000E-05  3.44000000E-04  2.60650000E-04
2001-12-26T05:55:52.318 -2.68620000E-04  1.02280000E-03  4.91680000E-04
2001-12-26T05:55:53.318  2.21110000E-04  6.31370000E-04  3.76590000E-04
2001-12-26T05:55:54.318 -2.51250000E-04  5.35720000E-04  4.82840000E-04
2001-12-26T05:55:55.318 -1.14270000E-05  8.39740000E-04  3.09820000E-04
2001-12-26T05:55:56.318  1.54590000E-04  7.93570000E-04  3.55730000E-04
2001-12-26T05:55:57.318  1.09040000E-04  9.50040000E-04  8.03150000E-04
2001-12-26T05:55:58.318 -4.67040000E-04  1.08190000E-03  8.01340000E-04
2001-12-26T05:55:59.318 -2.62460000E-04  1.54470000E-03  5.46120000E-05
2001-12-26T05:56:00.318 -3.30330000E-04  1.05950000E-03  5.23590000E-04
2001-12-26T05:56:01.318 -1.73190000E-05  9.85710000E-04  3.06750000E-04
2001-12-26T05:56:02.318  3.22670000E-04  1.09500000E-03  6.58960000E-04
2001-12-26T05:56:03.318 -9.82290000E-05  9.25030000E-04  6.50550000E-04
2001-12-26T05:56:04.318 -3.88560000E-04  1.31160000E-03  2.90290000E-04
2001-12-26T05:56:05.318 -4.32640000E-04  1.40690000E-03  6.51900000E-04
2001-12-26T05:56:06.318 -1.41900000E-04  1.45720000E-03  5.55580000E-04
2001-12-26T05:56:07.318  3.53830000E-04  1.08860000E-03  3.63640000E-04
2001-12-26T05:56:08.318 -8.03370000E-05  1.48430000E-03  1.63710000E-04
2001-12-26T05:56:09.318 -7.75050000E-04  1.56240000E-03  7.58880000E-04
2001-12-26T05:56:10.318  1.21710000E-04  1.49750000E-03  7.93740000E-04
2001-12-26T05:56:11.318 -6.91050000E-05  1.25160000E-03  4.86070000E-04
2001-12-26T05:56:12.318 -1.24030000E-04  2.24750000E-03  1.12280000E-04
2001-12-26T05:56:13.318 -1.86810000E-04  1.44650000E-03  7.60620000E-04
2001-12-26T05:56:14.318  1.63980000E-05  1.35810000E-03  4.47950000E-04
2001-12-26T05:56:15.318 -3.82540000E-04  2.38510000E-03  6.64660000E-04
2001-12-26T05:56:16.318 -1.53560000E-04  1.33920000E-03  1.55110000E-04
2001-12-26T05:56:17.318  2.78500000E-04  1.68380000E-03  4.91680000E-04
2001-12-26T05:56:18.318 -7.87960000E-04  2.20920000E-03  4.30270000E-04
2001-12-26T05:56:19.318  4.72440000E-04  1.59490000E-03  9.35070000E-04
2001-12-26T05:56:20.318 -4.53290000E-04  1.62060000E-03  7.37720000E-04
2001-12-26T05:56:21.318 -2.78820000E-04  2.28600000E-03 -1.23440000E-04
2001-12-26T05:56:22.318 -1.01210000E-04  1.15200000E-03  5.99230000E-04
2001-12-26T05:56:23.318 -2.23490000E-04  2.26340000E-03  4.75700000E-04
2001-12-26T05:56:24.318 -2.29960000E-04  1.79140000E-03  5.61840000E-04
2001-12-26T05:56:25.318  3.11630000E-04  1.69830000E-03  8.81570000E-04
2001-12-26T05:56:26.318 -8.53740000E-04  2.02370000E-03  2.90630000E-04
2001-12-26T05:56:27.318  5.22660000E-04  1.82070000E-03  4.01570000E-04
2001-12-26T05:56:28.318 -6.30790000E-04  1.83990000E-03  5.66760000E-04
2001-12-26T05:56:29.318  2.35490000E-05  2.51360000E-03  6.06900000E-04
2001-12-26T05:56:30.318  8.56440000E-05  2.36230000E-03  3.89820000E-04
2001-12-26T05:56:31.318 -4.63300000E-04  2.08790000E-03  8.74550000E-04
2001-12-26T05:56:32.318  2.35870000E-04  2.18380000E-03  3.37990000E-04
2001-12-26T05:56:33.318 -3.42360000E-04  2.50950000E-03  4.23430000E-04
2001-12-26T05:56:34.318 -4.68520000E-04  3.04000000E-03  7.76150000E-04
2001-12-26T05:56:35.318  3.44240000E-04  2.54180000E-03  4.87860000E-04
2001-12-26T05:56:36.318 -4.89130000E-04  2.97520000E-03  3.90740000E-04
2001-12-26T05:56:37.318 -6.59510000E-05  2.42680000E-03  7.73040000E-04
2001-12-26T05:56:38.318  1.00880000E-04  2.94350000E-03  2.67430000E-04
2001-12-26T05:56:39.318 -4.70300000E-04  2.99200000E-03  6.54190000E-04
2001-12-26T05:56:40.318  2.42010000E-04  2.96950000E-03  6.59800000E-04
2001-12-26T05:56:41.318 -4.00030000E-04  3.03770000E-03  3.85760000E-04
2001-12-26T05:56:42.318 -2.43000000E-04  3.34760000E-03  6.75490000E-04
2001-12-26T05:56:43.318 -1.77080000E-04  3.28990000E-03  3.58940000E-04
2001-12-26T05:56:44.318 -8.45500000E-05  3.69040000E-03  8.55250000E-04
2001-12-26T05:56:45.318 -3.27650000E-04  3.52510000E-03  3.70070000E-04
2001-12-26T05:56:46.318 -3.03960000E-04  3.93090000E-03  9.05870000E-04
2001-12-26T05:56:47.318  1.00660000E-04  4.26120000E-03  4.76020000E-04
2001-12-26T05:56:48.318 -3.10610000E-04  4.31870000E-03  1.03070000E-03
2001-12-26T05:56:49.318 -2.44090000E-04  4.16400000E-03  1.53940000E-05
2001-12-26T05:56:50.318 -1.48870000E-04  4.52160000E-03  5.55390000E-04
2001-12-26T05:56:51.318 -1.97890000E-04  4.83010000E-03  9.41000000E-04
2001-12-26T05:56:52.318 -2.72260000E-04  5.44720000E-03  6.27750000E-04
2001-12-26T05:56:53.318 -3.10900000E-04  5.24020000E-03  7.60590000E-04
2001-12-26T05:56:54.318  3.40040000E-04  6.82380000E-03  3.28840000E-04
2001-12-26T05:56:55.318 -3.85130000E-04  7.06790000E-03  5.44550000E-04
2001-12-26T05:56:56.318 -9.79690000E-04  7.06050000E-03  6.87490000E-04
2001-12-26T05:56:57.318 -3.39180000E-04  7.96340000E-03  8.28460000E-04
2001-12-26T05:56:58.318 -6.39460000E-05  9.23100000E-03  7.82740000E-04
2001-12-26T05:56:59.318  2.61970000E-04  9.27490000E-03  7.85660000E-04
2001-12-26T05:57:00.318  1.97470000E-04  9.43480000E-03  7.82870000E-04
2001-12-26T05:57:01.318 -6.51620000E-04  8.92770000E-03  8.77620000E-04
2001-12-26T05:57:02.318 -5.27630000E-04  9.47980000E-03  7.99900000E-04
2001-12-26T05:57:03.318  3.50270000E-04  1.00040000E-02  3.58620000E-04
2001-12-26T05:57:04.318 -6.34590000E-04  1.01740000E-02  9.12980000E-04
2001-12-26T05:57:05.318 -3.42150000E-05  1.03250000E-02  3.55780000E-04
2001-12-26T05:57:06.318 -4.91780000E-04  1.08660000E-02  1.19950000E-03
2001-12-26T05:57:07.318 -1.54910000E-04  1.13590000E-02  2.51860000E-04
2001-12-26T05:57:08.318  1.00930000E-04  1.16760000E-02  9.58280000E-04
2001-12-26T05:57:09.318 -5.87650000E-04  1.18460000E-02  6.13620000E-04
2001-12-26T05:57:10.318 -3.97640000E-04  1.26310000E-02  7.19180000E-04
2001-12-26T05:57:11.318 -9.21440000E-05  1.22910000E-02  8.98620000E-04
2001-12-26T05:57:12.318 -2.14260000E-04  1.31850000E-02  7.19490000E-04
2001-12-26T05:57:13.318 -2.71610000E-04  1.28760000E-02  4.68440000E-04
2001-12-26T05:57:14.318 -1.53110000E-04  1.35210000E-02  1.03680000E-03
2001-12-26T05:57:15.318 -2.08490000E-04  1.34360000E-02  4.81370000E-04
2001-12-26T05:57:16.318 -3.11760000E-04  1.43930000E-02  8.02110000E-04
2001-12-26T05:57:17.318 -1.26420000E-04  1.33480000E-02  7.59640000E-04
2001-12-26T05:57:18.318 -6.77750000E-04  1.43290000E-02  4.12350000E-04
2001-12-26T05:57:19.318 -2.45830000E-04  1.44400000E-02  9.52370000E-04
2001-12-26T05:57:20.318 -2.46500000E-04  1.49200000E-02  5.46980000E-04
2001-12-26T05:57:21.318 -5.64540000E-04  1.43790000E-02  7.68700000E-04
2001-12-26T05:57:22.318 -9.98600000E-05  1.54690000E-02  1.24630000E-03
2001-12-26T05:57:23.318 -2.58850000E-04  1.51480000E-02  3.11970000E-04
2001-12-26T05:57:24.318 -6.96810000E-04  1.61180000E-02  8.42150000E-04
2001-12-26T05:57:25.318 -4.17790000E-04  1.55490000E-02  7.64320000E-04
2001-12-26T05:57:26.318 -4.22750000E-04  1.65390000E-02  6.74930000E-04
2001-12-26T05:57:27.318 -1.08220000E-04  1.59340000E-02  8.86100000E-04
2001-12-26T05:57:28.318 -8.76640000E-04  1.65820000E-02  6.33420000E-04
2001-12-26T05:57:29.318  8.72080000E-05  1.78830000E-02  8.29840000E-04
2001-12-26T05:57:30.318 -1.21460000E-03  1.68940000E-02  6.77050000E-04
2001-12-26T05:57:31.318  1.47320000E-04  1.79940000E-02  7.64730000E-04
2001-12-26T05:57:32.318 -3.12750000E-04  1.89660000E-02  6.68510000E-04
2001-12-26T05:57:33.318 -1.57820000E-03  1.70570000E-02  9.06120000E-04
2001-12-26T05:57:34.318  3.77570000E-04  1.98520000E-02  1.02310000E-03
2001-12-26T05:57:35.318 -6.84040000E-05  1.99730000E-02  4.93570000E-04
2001-12-26T05:57:36.318 -1.27370000E-03  2.11820000E-02  1.01380000E-03
2001-12-26T05:57:37.318 -7.85250000E-05  2.11960000E-02  6.60090000E-04
2001-12-26T05:57:38.318 -8.66890000E-04  2.19630000E-02  1.13180000E-03
2001-12-26T05:57:39.318  5.13510000E-05  2.17910000E-02  9.96480000E-04
2001-12-26T05:57:40.318 -8.34720000E-04  2.30530000E-02  8.50950000E-04
2001-12-26T05:57:41.318 -6.60690000E-04  2.16680000E-02  7.07820000E-04
2001-12-26T05:57:42.318 -6.68100000E-05  2.32460000E-02  1.19800000E-03
2001-12-26T05:57:43.318 -2.48860000E-04  2.19570000E-02  7.77960000E-04
2001-12-26T05:57:44.318 -7.33790000E-04  2.32560000E-02  8.38300000E-04
2001-12-26T05:57:45.318 -6.84540000E-04  2.18400000E-02  1.13550000E-03
2001-12-26T05:57:46.318  1.21120000E-04  2.30510000E-02  6.11400000E-04
2001-12-26T05:57:47.318 -7.96550000E-04  2.14000000E-02  1.12280000E-03
2001-12-26T05:57:48.318 -7.26850000E-04  2.25220000E-02  7.01630000E-04
2001-12-26T05:57:49.318  3.00320000E-04  2.13890000E-02  8.20810000E-04
2001-12-26T05:57:50.318 -9.14190000E-04  2.15510000E-02  1.13680000E-03
2001-12-26T05:57:51.318 -1.66640000E-04  2.18610000E-02  3.67980000E-04
2001-12-26T05:57:52.318 -4.57360000E-04  2.26160000E-02  9.11120000E-04
2001-12-26T05:57:53.318 -6.69680000E-04  2.19570000E-02  1.12040000E-03
2001-12-26T05:57:54.318 -3.33460000E-04  2.41320000E-02  6.79250000E-04
2001-12-26T05:57:55.318 -3.88560000E-04  2.24920000E-02  1.12020000E-03
2001-12-26T05:57:56.318 -4.96950000E-04  2.45690000E-02  6.22560000E-04
2001-12-26T05:57:57.318 -6.65380000E-04  2.32160000E-02  4.75040000E-04
2001-12-26T05:57:58.318 -4.24940000E-04  2.49170000E-02  1.18980000E-03
2001-12-26T05:57:59.318 -4.30640000E-04  2.40360000E-02  7.73140000E-04
2001-12-26T05:58:00.318 -5.04100000E-04  2.61980000E-02  7.87340000E-04
2001-12-26T05:58:01.318 -5.28520000E-04  2.51820000E-02  1.06660000E-03
2001-12-26T05:58:02.318 -8.80530000E-04  2.60040000E-02  4.89570000E-04
2001-12-26T05:58:03.318 -7.89100000E-05  2.56320000E-02  1.02960000E-03
2001-12-26T05:58:04.318 -1.00960000E-03  2.58180000E-02  5.44510000E-04
2001-12-26T05:58:05.318 -2.60990000E-04  2.59040000E-02  8.99280000E-04
2001-12-26T05:58:06.318 -6.96900000E-04  2.67510000E-02  6.34340000E-04
2001-12-26T05:58:07.318 -5.24950000E-04  2.57700000E-02  1.04220000E-03
2001-12-26T05:58:08.318 -5.44080000E-04  2.79880000E-02  6.40440000E-04
2001-12-26T05:58:09.318 -7.08720000E-04  2.59000000E-02  8.23130000E-04
2001-12-26T05:58:10.318 -3.79550000E-04  2.76190000E-02  7.43770000E-04
2001-12-26T05:58:11.318 -7.11000000E-04  2.64440000E-02  1.11200000E-03
2001-12-26T05:58:12.318 -5.86730000E-04  2.80220000E-02  6.69240000E-04
2001-12-26T05:58:13.318 -2.42240000E-04  2.71750000E-02  6.10820000E-04
2001-12-26T05:58:14.318 -1.22400000E-03  2.82860000E-02  5.47170000E-04
2001-12-26T05:58:15.318  5.15510000E-05  2.79980000E-02  1.11650000E-03
2001-12-26T05:58:16.318 -7.11670000E-04  2.93050000E-02  7.27850000E-04
2001-12-26T05:58:17.318 -1.10350000E-03  2.78360000E-02  6.11600000E-04
2001-12-26T05:58:18.318 -1.24770000E-04  3.03180000E-02  9.71430000E-04
2001-12-26T05:58:19.318 -1.20640000E-04  2.87680000E-02  8.87950000E-04
2001-12-26T05:58:20.318 -6.43430000E-04  2.98970000E-02  1.43950000E-03
2001-12-26T05:58:21.318 -1.09950000E-03  2.84300000E-02  3.68770000E-04
2001-12-26T05:58:22.318 -5.82200000E-04  3.00610000E-02  7.97580000E-04
2001-12-26T05:58:23.318 -4.11550000E-04  2.88020000E-02  8.96870000E-04
2001-12-26T05:58:24.318 -2.31770000E-04  3.06060000E-02  1.25340000E-03
2001-12-26T05:58:25.318 -5.42960000E-04  2.93710000E-02  7.57120000E-04
2001-12-26T05:58:26.318 -5.51070000E-04  3.10520000E-02  6.35730000E-04
2001-12-26T05:58:27.318 -7.06110000E-04  2.96150000E-02  8.76740000E-04
2001-12-26T05:58:28.318 -8.40070000E-04  3.15590000E-02  1.37180000E-03
2001-12-26T05:58:29.318 -1.59920000E-04  3.07940000E-02  3.73440000E-04
2001-12-26T05:58:30.318 -1.66710000E-04  3.22880000E-02  1.43140000E-03
2001-12-26T05:58:31.318 -1.05500000E-03  3.03080000E-02  5.33160000E-04
2001-12-26T05:58:32.318 -8.32350000E-04  3.23910000E-02  1.13630000E-03
2001-12-26T05:58:33.318  1.77770000E-04  3.16750000E-02  8.96910000E-04
2001-12-26T05:58:34.318 -1.69240000E-03  3.25430000E-02  6.19310000E-04
2001-12-26T05:58:35.318  1.22420000E-04  3.14360000E-02  6.11170000E-04
2001-12-26T05:58:36.318 -9.09440000E-04  3.26960000E-02  1.53860000E-03
2001-12-26T05:58:37.318 -1.00400000E-03  3.05710000E-02  7.78250000E-04
2001-12-26T05:58:38.318 -4.96970000E-05  3.35610000E-02  8.44240000E-04
2001-12-26T05:58:39.318 -1.17910000E-03  3.16300000E-02  6.77590000E-04
2001-12-26T05:58:40.318 -3.19190000E-04  3.40830000E-02  1.34520000E-03
2001-12-26T05:58:41.318 -1.30820000E-03  3.04760000E-02  2.61700000E-04
2001-12-26T05:58:42.318  2.63110000E-05  3.31990000E-02  1.30190000E-03
2001-12-26T05:58:43.318 -9.19800000E-04  3.11070000E-02  7.36880000E-04
2001-12-26T05:58:44.318 -5.73320000E-04  3.23970000E-02  1.06730000E-03
2001-12-26T05:58:45.318 -3.82160000E-04  3.19140000E-02  4.32620000E-04
2001-12-26T05:58:46.318 -9.17230000E-04  3.28890000E-02  1.13650000E-03
2001-12-26T05:58:47.318 -3.00430000E-04  3.19770000E-02  8.97550000E-04
2001-12-26T05:58:48.318 -9.57600000E-04  3.14660000E-02  7.26310000E-04
2001-12-26T05:58:49.318 -6.17070000E-04  3.09800000E-02  9.53860000E-04
2001-12-26T05:58:50.318 -3.15230000E-04  3.34470000E-02  4.99200000E-04
2001-12-26T05:58:51.318 -5.51760000E-04  3.25520000E-02  6.00250000E-04
2001-12-26T05:58:52.318 -6.54050000E-04  3.39350000E-02  1.02310000E-03
2001-12-26T05:58:53.318 -5.93340000E-04  3.27120000E-02  4.70840000E-04
2001-12-26T05:58:54.318  6.09220000E-06  3.33830000E-02  1.16180000E-03
2001-12-26T05:58:55.318 -6.54490000E-04  2.88940000E-02  2.08230000E-04
2001-12-26T05:58:56.318 -8.53470000E-04  2.82270000E-02  9.05350000E-04
2001-12-26T05:58:57.318 -5.16750000E-04  2.93560000E-02  1.15460000E-03
2001-12-26T05:58:58.318 -5.76460000E-04  3.28880000E-02  6.28790000E-04
2001-12-26T05:58:59.318 -3.33810000E-04  3.15400000E-02  7.14220000E-04
2001-12-26T05:59:00.318 -8.42290000E-04  3.13430000E-02  1.02250000E-03
2001-12-26T05:59:01.318 -3.02500000E-04  3.17830000E-02  8.14840000E-04
2001-12-26T05:59:02.318 -7.31870000E-04  3.28230000E-02  1.35700000E-03
2001-12-26T05:59:03.318 -4.53210000E-04  3.12690000E-02  3.85130000E-04
2001-12-26T05:59:04.318 -4.06370000E-04  3.30310000E-02  1.24990000E-03
2001-12-26T05:59:05.318 -1.17470000E-03  3.02280000E-02  9.40410000E-04
2001-12-26T05:59:06.318 -1.07790000E-03  3.17330000E-02  8.59270000E-04
2001-12-26T05:59:07.318  1.40260000E-04  3.22210000E-02  7.19080000E-04
2001-12-26T05:59:08.318 -1.10460000E-03  3.22960000E-02  1.26270000E-03
2001-12-26T05:59:09.318 -4.24550000E-04  3.16360000E-02  4.78160000E-04
2001-12-26T05:59:10.318 -5.31270000E-04  3.27820000E-02  1.37560000E-03
2001-12-26T05:59:11.318 -1.55460000E-03  3.07800000E-02  8.30490000E-04
2001-12-26T05:59:12.318  6.05350000E-04  3.33040000E-02  9.64710000E-04
2001-12-26T05:59:13.318 -8.04180000E-04  3.00340000E-02  7.54990000E-04
2001-12-26T05:59:14.318 -4.87840000E-04  3.09860000E-02  1.04060000E-03
2001-12-26T05:59:15.318 -6.14560000E-04  2.92780000E-02  7.56010000E-04
2001-12-26T05:59:16.318 -6.60590000E-04  3.11980000E-02  1.09400000E-03
2001-12-26T05:59:17.318 -1.06140000E-03  3.00990000E-02  9.48970000E-04
2001-12-26T05:59:18.318 -6.85890000E-04  3.11620000E-02  2.92940000E-04
2001-12-26T05:59:19.318 -8.29960000E-04  2.97200000E-02  9.31500000E-04
2001-12-26T05:59:20.318 -6.97490000E-04  3.12330000E-02  1.43450000E-03
2001-12-26T05:59:21.318 -7.98790000E-04  2.99440000E-02  2.45990000E-04
2001-12-26T05:59:22.318 -4.90880000E-04  3.08130000E-02  1.03470000E-03
2001-12-26T05:59:23.318 -4.63310000E-04  2.90540000E-02  6.84620000E-04
2001-12-26T05:59:24.318 -3.09610000E-04  3.06820000E-02  9.76640000E-04
2001-12-26T05:59:25.318  3.48390000E-06  2.86110000E-02  7.79000000E-04
2001-12-26T05:59:26.318 -1.23310000E-03  2.79820000E-02  6.63350000E-04
2001-12-26T05:59:27.318  1.71090000E-05  2.83020000E-02  1.04870000E-03
2001-12-26T05:59:28.318 -3.21190000E-04  2.93620000E-02  8.01230000E-04
2001-12-26T05:59:29.318 -9.72290000E-04  2.70540000E-02  5.45140000E-04
2001-12-26T05:59:30.318 -4.57920000E-04  2.81490000E-02  1.24990000E-03
2001-12-26T05:59:31.318 -4.56580000E-04  2.56000000E-02  4.90760000E-04
2001-12-26T05:59:32.318 -5.64480000E-04  2.59070000E-02  9.03760000E-04
2001-12-26T05:59:33.318 -2.62630000E-04  2.39180000E-02  1.04200000E-03
2001-12-26T05:59:34.318 -7.11760000E-04  2.51770000E-02  8.55180000E-04
2001-12-26T05:59:35.318  7.76050000E-05  2.35370000E-02  3.16150000E-04
2001-12-26T05:59:36.318 -8.28020000E-04  2.36850000E-02  1.30840000E-03
2001-12-26T05:59:37.318 -5.16630000E-04  2.24650000E-02  3.60290000E-04
2001-12-26T05:59:38.318 -5.64240000E-04  2.33220000E-02  1.04080000E-03
2001-12-26T05:59:39.318 -4.28000000E-04  2.24610000E-02  1.85170000E-04
2001-12-26T05:59:40.318  6.08780000E-05  2.32840000E-02  1.43990000E-03
2001-12-26T05:59:41.318 -7.63350000E-04  2.18150000E-02  3.52810000E-04
2001-12-26T05:59:42.318 -6.35410000E-04  2.20870000E-02  1.09150000E-03
2001-12-26T05:59:43.318 -4.10930000E-06  2.09580000E-02  8.90290000E-04
2001-12-26T05:59:44.318 -3.41650000E-04  2.14260000E-02  4.85030000E-04
2001-12-26T05:59:45.318 -7.09640000E-04  1.94280000E-02  9.50290000E-04
2001-12-26T05:59:46.318 -3.44160000E-04  1.98950000E-02  9.00060000E-04
2001-12-26T05:59:47.318 -1.65780000E-04  1.87790000E-02  5.42910000E-04
2001-12-26T05:59:48.318 -8.33400000E-05  1.94650000E-02  1.06620000E-03
2001-12-26T05:59:49.318 -1.08370000E-03  1.74830000E-02  9.01990000E-04
2001-12-26T05:59:50.318 -9.93870000E-04  1.81530000E-02  8.12320000E-04
2001-12-26T05:59:51.318  1.37740000E-04  1.80470000E-02  8.88240000E-04
2001-12-26T05:59:52.318 -4.36570000E-04  1.81110000E-02  5.46100000E-04
2001-12-26T05:59:53.318 -4.01100000E-04  1.62120000E-02  1.17200000E-03
2001-12-26T05:59:54.318 -1.87860000E-04  1.70910000E-02  5.22880000E-04
2001-12-26T05:59:55.318 -4.33340000E-05  1.63860000E-02  6.43060000E-04
2001-12-26T05:59:56.318 -9.50730000E-04  1.64940000E-02  9.15460000E-04
2001-12-26T05:59:57.318 -1.02720000E-04  1.63290000E-02  4.91270000E-04
2001-12-26T05:59:58.318  1.11060000E-04  1.66230000E-02  1.11660000E-03
2001-12-26T05:59:59.318 -8.60400000E-04  1.53800000E-02  4.53300000E-04
2001-12-26T06:00:00.318 -3.15990000E-04  1.66050000E-02  9.30400000E-04
2001-12-26T06:00:01.318 -5.05810000E-05  1.52380000E-02  5.42840000E-04
2001-12-26T06:00:02.318 -3.96160000E-04  1.63560000E-02  1.01530000E-03
2001-12-26T06:00:03.318 -5.94470000E-04  1.55980000E-02  6.65750000E-04
2001-12-26T06:00:04.318 -7.05630000E-05  1.54660000E-02  7.25040000E-04
2001-12-26T06:00:05.318 -1.66370000E-05  1.49350000E-02  7.07010000E-04
2001-12-26T06:00:06.318 -2.06140000E-04  1.52380000E-02  4.33650000E-04
2001-12-26T06:00:07.318 -6.89530000E-04  1.42100000E-02  6.63980000E-04
2001-12-26T06:00:08.318 -4.45620000E-04  1.45730000E-02  8.90000000E-04
2001-12-26T06:00:09.318 -1.31700000E-04  1.43820000E-02  4.36790000E-04
2001-12-26T06:00:10.318 -5.84710000E-04  1.45570000E-02  9.58460000E-04
2001-12-26T06:00:11.318 -3.70640000E-04  1.37950000E-02  8.32850000E-04
2001-12-26T06:00:12.318 -5.03040000E-05  1.41920000E-02  5.08790000E-04
2001-12-26T06:00:13.318 -1.33470000E-04  1.31930000E-02  2.40180000E-04
2001-12-26T06:00:14.318 -5.78380000E-04  1.29860000E-02  8.53890000E-04
2001-12-26T06:00:15.318 -8.63700000E-05  1.26180000E-02  7.70400000E-04
2001-12-26T06:00:16.318 -3.65110000E-04  1.30440000E-02  7.27830000E-04
2001-12-26T06:00:17.318 -8.14530000E-04  1.19570000E-02  2.54710000E-04
2001-12-26T06:00:18.318  6.89650000E-05  1.27320000E-02  1.09640000E-03
2001-12-26T06:00:19.318 -1.29960000E-04  1.10600000E-02  4.70280000E-04
2001-12-26T06:00:20.318 -4.33020000E-04  1.17520000E-02  5.43650000E-04
2001-12-26T06:00:21.318 -3.97510000E-04  1.02590000E-02  1.00060000E-03
2001-12-26T06:00:22.318 -5.51150000E-04  1.22900000E-02  2.03550000E-04
2001-12-26T06:00:23.318  2.58850000E-04  1.21340000E-02  1.05060000E-03
2001-12-26T06:00:24.318 -3.13160000E-04  1.28500000E-02  3.33110000E-04
2001-12-26T06:00:25.318 -4.93820000E-04  1.18540000E-02  6.37260000E-04
2001-12-26T06:00:26.318 -3.18010000E-04  1.18850000E-02  5.82170000E-04
2001-12-26T06:00:27.318 -2.59950000E-04  1.11810000E-02  9.25660000E-04
2001-12-26T06:00:28.318 -7.74460000E-05  1.21030000E-02  4.15220000E-04
2001-12-26T06:00:29.318 -3.24940000E-06  1.07440000E-02  5.99370000E-04
2001-12-26T06:00:30.318 -4.03960000E-04  1.06380000E-02  1.13000000E-03
2001-12-26T06:00:31.318 -5.44260000E-04  1.03630000E-02  3.05510000E-04
2001-12-26T06:00:32.318  9.81740000E-05  1.06270000E-02  1.01460000E-03
2001-12-26T06:00:33.318 -6.00010000E-04  9.21670000E-03  5.42870000E-04
2001-12-26T06:00:34.318 -1.28190000E-04  9.91260000E-03  6.78750000E-04
2001-12-26T06:00:35.318  2.72760000E-04  9.48860000E-03  5.12900000E-04
2001-12-26T06:00:36.318 -2.12310000E-04  8.87110000E-03  5.77340000E-04
2001-12-26T06:00:37.318 -5.42460000E-04  8.66000000E-03  8.80260000E-04
2001-12-26T06:00:38.318 -4.02970000E-04  8.65550000E-03  6.17540000E-04
2001-12-26T06:00:39.318 -2.25500000E-04  8.26490000E-03  4.87380000E-04
2001-12-26T06:00:40.318  8.08810000E-05  8.10970000E-03  6.65210000E-04
2001-12-26T06:00:41.318 -9.78030000E-05  7.86930000E-03  5.53260000E-04
2001-12-26T06:00:42.318 -4.48170000E-04  7.51990000E-03  8.42790000E-04
2001-12-26T06:00:43.318 -8.16820000E-04  6.49690000E-03  5.93650000E-04
2001-12-26T06:00:44.318  2.41720000E-04  7.51310000E-03  5.54830000E-04
2001-12-26T06:00:45.318 -1.91710000E-05  6.79820000E-03  6.16730000E-04
2001-12-26T06:00:46.318 -1.22820000E-03  7.01140000E-03  4.29680000E-04
2001-12-26T06:00:47.318  1.05540000E-04  7.43270000E-03  6.76010000E-04
2001-12-26T06:00:48.318  1.54690000E-04  8.07770000E-03  1.06100000E-03
2001-12-26T06:00:49.318  1.48600000E-04  7.85190000E-03  3.09610000E-04
2001-12-26T06:00:50.318 -9.50620000E-05  7.74400000E-03  6.19580000E-04
2001-12-26T06:00:51.318 -7.95170000E-04  6.15820000E-03  6.52470000E-04
2001-12-26T06:00:52.318  3.49190000E-05  7.25970000E-03  8.51150000E-04
2001-12-26T06:00:53.318  5.79010000E-05  7.10960000E-03  4.80640000E-04
2001-12-26T06:00:54.318 -6.11790000E-04  5.75010000E-03  7.52720000E-04
2001-12-26T06:00:55.318 -2.83690000E-04  5.79130000E-03  3.67070000E-04
2001-12-26T06:00:56.318  1.66570000E-04  6.01570000E-03  7.77420000E-04
2001-12-26T06:00:57.318 -6.09990000E-04  5.88000000E-03  4.27340000E-04
2001-12-26T06:00:58.318  1.92770000E-05  6.72410000E-03  6.82850000E-04
2001-12-26T06:00:59.318 -1.58830000E-04  5.87850000E-03  6.57080000E-04
2001-12-26T06:01:00.318 -7.40800000E-05  6.35710000E-03  4.89240000E-04
2001-12-26T06:01:01.318 -5.06920000E-04  4.97360000E-03  6.56260000E-04
2001-12-26T06:01:02.318  7.53020000E-05  5.57290000E-03  9.07630000E-04
2001-12-26T06:01:03.318  4.44260000E-05  4.94960000E-03  3.52410000E-04
2001-12-26T06:01:04.318 -6.43010000E-04  5.30780000E-03  4.59440000E-04
2001-12-26T06:01:05.318 -1.75390000E-05  4.74180000E-03  7.66980000E-04
2001-12-26T06:01:06.318 -3.04590000E-05  5.41750000E-03  5.51300000E-04
2001-12-26T06:01:07.318  8.74280000E-05  4.82600000E-03  5.29980000E-04
2001-12-26T06:01:08.318 -3.81210000E-04  4.97150000E-03  3.75540000E-04
2001-12-26T06:01:09.318 -4.65000000E-04  4.49710000E-03  6.59340000E-04
2001-12-26T06:01:10.318  2.96460000E-04  5.02770000E-03  1.02130000E-03
2001-12-26T06:01:11.318 -7.12290000E-05  4.40170000E-03  7.91840000E-05
2001-12-26T06:01:12.318  9.46020000E-05  4.85790000E-03  9.72700000E-04
2001-12-26T06:01:13.318 -3.69730000E-04  4.31200000E-03  6.48440000E-04
2001-12-26T06:01:14.318 -6.79090000E-05  4.49490000E-03  5.53510000E-04
2001-12-26T06:01:15.318 -3.98950000E-04  4.25800000E-03  7.16390000E-04
2001-12-26T06:01:16.318  8.38380000E-05  4.13760000E-03  4.43040000E-04
2001-12-26T06:01:17.318 -1.77050000E-04  4.24380000E-03  4.29180000E-04
2001-12-26T06:01:18.318 -1.21970000E-04  4.25730000E-03  7.31620000E-04
2001-12-26T06:01:19.318  2.00450000E-05  3.74020000E-03  3.06520000E-04
2001-12-26T06:01:20.318 -3.72070000E-04  3.68670000E-03  7.33150000E-04
2001-12-26T06:01:21.318  7.07990000E-05  3.12390000E-03  3.62350000E-04
2001-12-26T06:01:22.318 -6.94850000E-05  3.24590000E-03  4.44280000E-04
2001-12-26T06:01:23.318 -1.17390000E-04  3.09380000E-03  1.16600000E-03
2001-12-26T06:01:24.318 -1.78680000E-04  3.48130000E-03  1.60040000E-04
2001-12-26T06:01:25.318 -9.02720000E-06  2.46520000E-03  5.36300000E-04
2001-12-26T06:01:26.318 -4.21270000E-04  2.96060000E-03  5.50060000E-04
2001-12-26T06:01:27.318 -5.96270000E-05  3.03570000E-03  7.18450000E-04
2001-12-26T06:01:28.318 -8.73080000E-05  3.01090000E-03  1.01130000E-04
2001-12-26T06:01:29.318 -3.73210000E-04  2.52010000E-03  7.00680000E-04
2001-12-26T06:01:30.318 -1.42940000E-04  2.14600000E-03  5.62730000E-04
2001-12-26T06:01:31.318 -5.96510000E-05  2.32200000E-03  2.95660000E-04
2001-12-26T06:01:32.318 -1.04490000E-04  1.98200000E-03  5.61130000E-04
2001-12-26T06:01:33.318 -1.34370000E-04  2.57700000E-03  3.59130000E-04
2001-12-26T06:01:34.318 -3.09980000E-04  1.80520000E-03  5.59210000E-04
2001-12-26T06:01:35.318 -7.47820000E-06  2.26030000E-03  8.76150000E-05
2001-12-26T06:01:36.318 -2.89070000E-04  1.58650000E-03  8.48390000E-04
2001-12-26T06:01:37.318 -2.20700000E-04  2.29020000E-03  7.70850000E-04
2001-12-26T06:01:38.318  2.87180000E-05  1.94030000E-03 -7.80410000E-05
2001-12-26T06:01:39.318 -6.66160000E-05  2.06420000E-03  6.46740000E-04
2001-12-26T06:01:40.318 -2.55140000E-04  2.36800000E-03  5.75190000E-04
2001-12-26T06:01:41.318  5.14450000E-05  1.40720000E-03  3.51370000E-04
2001-12-26T06:01:42.318 -2.93420000E-04  2.40590000E-03  7.89210000E-04
2001-12-26T06:01:43.318 -1.04400000E-04  1.36250000E-03  1.48830000E-04
2001-12-26T06:01:44.318  3.98350000E-05  1.73650000E-03  3.36170000E-04
2001-12-26T06:01:45.318 -6.01820000E-04  2.34540000E-03  7.44050000E-04
2001-12-26T06:01:46.318  1.67040000E-04  1.22170000E-03  7.96690000E-04
2001-12-26T06:01:47.318 -5.11590000E-04  2.20080000E-03  2.42190000E-04
2001-12-26T06:01:48.318 -1.54510000E-04  1.68480000E-03  2.69370000E-04
2001-12-26T06:01:49.318  2.99300000E-04  1.46430000E-03  9.97720000E-04
2001-12-26T06:01:50.318 -3.88680000E-04  1.74680000E-03  2.02700000E-04
2001-12-26T06:01:51.318 -1.25250000E-04  1.72480000E-03  2.52640000E-04
2001-12-26T06:01:52.318 -1.58690000E-04  1.12740000E-03  6.79340000E-04
2001-12-26T06:01:53.318  5.58600000E-05  1.26570000E-03  4.07150000E-04
2001-12-26T06:01:54.318 -3.44940000E-04  1.86110000E-03  8.98200000E-04
2001-12-26T06:01:55.318 -4.02490000E-04  1.25510000E-03  2.48220000E-04
2001-12-26T06:01:56.318  3.31720000E-04  1.29510000E-03  5.08210000E-04
2001-12-26T06:01:57.318 -1.17970000E-04  8.47290000E-04  2.47080000E-04
2001-12-26T06:01:58.318 -2.83470000E-04  1.60720000E-03  7.26360000E-04
2001-12-26T06:01:59.318 -1.04040000E-04  1.58300000E-03  4.72500000E-04
2001-12-26T06:02:00.318 -3.99350000E-04  1.11600000E-03  4.39550000E-04
2001-12-26T06:02:01.318  2.15600000E-04  9.43310000E-04  6.29450000E-04
2001-12-26T06:02:02.318 -2.74370000E-04  1.24780000E-03  3.47000000E-04
2001-12-26T06:02:03.318 -3.03970000E-04  1.33910000E-03  2.32640000E-04
2001-12-26T06:02:04.318 -1.06000000E-04  1.32370000E-03  7.81390000E-04
2001-12-26T06:02:05.318  2.31110000E-05  9.62710000E-04  2.56870000E-04
2001-12-26T06:02:06.318 -3.61300000E-05  1.05300000E-03  6.74280000E-04
2001-12-26T06:02:07.318 -1.49200000E-04  1.31780000E-03  5.81300000E-04
2001-12-26T06:02:08.318 -7.32760000E-04  1.28130000E-03  4.51610000E-04
2001-12-26T06:02:09.318 -1.27840000E-04  1.06430000E-03  2.89170000E-04
2001-12-26T06:02:10.318 -3.03200000E-05  1.04150000E-03  3.21850000E-04
2001-12-26T06:02:11.318  8.05540000E-05  7.78140000E-04  5.98570000E-04
2001-12-26T06:02:12.318 -1.28860000E-04  7.64250000E-04  6.79400000E-04
2001-12-26T06:02:13.318 -3.41570000E-04  1.03010000E-03  7.78750000E-05
2001-12-26T06:02:14.318 -1.74850000E-04  1.40030000E-03  5.69330000E-04
2001-12-26T06:02:15.318 -2.67610000E-04  1.05360000E-03  3.36540000E-04
2001-12-26T06:02:16.318 -2.01660000E-04  1.00850000E-03  9.02510000E-04
2001-12-26T06:02:17.318  3.15980000E-04  9.72470000E-04  4.87380000E-04
2001-12-26T06:02:18.318 -3.52200000E-04  5.86290000E-04  9.62490000E-05
2001-12-26T06:02:19.318 -2.52140000E-04  4.98680000E-04  7.82560000E-04
2001-12-26T06:02:20.318  2.71340000E-04  1.03030000E-03  7.78220000E-04
2001-12-26T06:02:21.318 -3.31360000E-04  1.01570000E-03  4.76930000E-04
2001-12-26T06:02:22.318 -3.05030000E-04  7.15640000E-04  1.01970000E-04
2001-12-26T06:02:23.318 -5.08810000E-04  1.09510000E-03  5.34970000E-04
2001-12-26T06:02:24.318 -7.37520000E-06  1.11030000E-03  6.71090000E-04
2001-12-26T06:02:25.318 -5.00450000E-05  5.94100000E-04  2.93580000E-04
2001-12-26T06:02:26.318 -2.68370000E-04  6.74200000E-04  5.11460000E-04
2001-12-26T06:02:27.318  3.98020000E-05  7.54050000E-04  5.88230000E-04
2001-12-26T06:02:28.318 -1.82030000E-05  7.99140000E-04  7.88790000E-04
2001-12-26T06:02:29.318 -5.13490000E-05  6.98970000E-04  2.48350000E-04
2001-12-26T06:02:30.318 -1.27600000E-04  5.40490000E-04  5.33440000E-04
2001-12-26T06:02:31.318 -1.31160000E-04  6.14450000E-04  3.84320000E-04
2001-12-26T06:02:32.318 -2.81000000E-05  8.02670000E-04  2.16550000E-04
2001-12-26T06:02:33.318 -1.99450000E-04  5.90420000E-04  1.10000000E-03
2001-12-26T06:02:34.318 -3.27980000E-04  5.48970000E-04  2.84410000E-04
2001-12-26T06:02:35.318 -2.63210000E-04  8.56190000E-04  1.16750000E-04
2001-12-26T06:02:36.318 -1.37010000E-04  5.17640000E-04  3.45250000E-04
2001-12-26T06:02:37.318 -2.21480000E-05  8.25180000E-04  8.06870000E-04
2001-12-26T06:02:38.318 -2.92090000E-04  6.93520000E-04  5.49210000E-04
2001-12-26T06:02:39.318 -3.13240000E-05  6.30960000E-04  3.71780000E-04
2001-12-26T06:02:40.318 -2.07030000E-04  1.04000000E-04  5.58170000E-04
2001-12-26T06:02:41.318 -4.76050000E-04  6.00000000E-04  3.21240000E-04
2001-12-26T06:02:42.318  1.75700000E-05  4.83710000E-04  8.94220000E-04
2001-12-26T06:02:43.318 -3.08510000E-04  1.41910000E-04  3.02610000E-04
2001-12-26T06:02:44.318  1.91680000E-04  3.04360000E-04  3.80590000E-05
2001-12-26T06:02:45.318 -2.19840000E-04  5.31110000E-04  8.78770000E-04
2001-12-26T06:02:46.318 -7.28190000E-05  1.64500000E-04  6.29770000E-04
2001-12-26T06:02:47.318 -3.06850000E-04  4.50390000E-04 -1.17750000E-04
2001-12-26T06:02:48.318 -7.41200000E-05  6.39630000E-05  4.94300000E-04
2001-12-26T06:02:49.318 -1.88380000E-04  2.53000000E-04  4.85700000E-04
2001-12-26T06:02:50.318  2.98310000E-04  3.17850000E-04  8.34220000E-04
2001-12-26T06:02:51.318 -2.67060000E-04  1.82860000E-04  1.35220000E-04
2001-12-26T06:02:52.318 -1.79940000E-04  2.94240000E-04  7.89860000E-04
2001-12-26T06:02:53.318  5.38950000E-05  3.19090000E-04  1.46200000E-05
2001-12-26T06:02:54.318 -5.87870000E-04  1.01700000E-04  7.96450000E-04
2001-12-26T06:02:55.318 -9.99990000E-05  4.05220000E-04  3.97840000E-04
2001-12-26T06:02:56.318 -2.65130000E-04  3.07000000E-04  3.97190000E-04
2001-12-26T06:02:57.318 -1.93680000E-04  1.83140000E-04  7.16190000E-04
2001-12-26T06:02:58.318 -2.09630000E-04  4.14960000E-04  9.56570000E-05
2001-12-26T06:02:59.318 -3.98530000E-05  2.28920000E-04  6.98860000E-04
2001-12-26T06:03:00.318 -4.57430000E-04  2.76880000E-04  7.89700000E-04
2001-12-26T06:03:01.318  2.94050000E-04  2.86710000E-04  3.17690000E-04
2001-12-26T06:03:02.318 -3.34590000E-04 -1.46490000E-04  3.72180000E-04
2001-12-26T06:03:03.318 -9.67140000E-05  3.99700000E-04  5.19820000E-04
2001-12-26T06:03:04.318 -1.16990000E-05 -4.14560000E-04  3.51190000E-04
2001-12-26T06:03:05.318  4.57610000E-05  9.26940000E-05  6.38280000E-04
2001-12-26T06:03:06.318 -9.07150000E-05  3.61690000E-04  4.89690000E-04
2001-12-26T06:03:07.318 -3.80850000E-04 -2.10640000E-04  4.25150000E-04
2001-12-26T06:03:08.318  4.92320000E-06  4.39500000E-04  4.37980000E-04
2001-12-26T06:03:09.318 -3.78550000E-04  2.31920000E-04  4.79110000E-04
2001-12-26T06:03:10.318 -3.13660000E-04  9.30530000E-05  1.59590000E-04
2001-12-26T06:03:11.318 -1.72730000E-04  6.14580000E-05  7.17660000E-04
2001-12-26T06:03:12.318 -2.84740000E-04 -3.44920000E-05  3.77900000E-04
2001-12-26T06:03:13.318  1.71620000E-04  1.03570000E-04  5.84950000E-04
2001-12-26T06:03:14.318 -1.41470000E-04 -7.21960000E-04  7.94760000E-04
2001-12-26T06:03:15.318 -1.02370000E-04  2.65080000E-04  1.25340000E-04
2001-12-26T06:03:16.318 -3.08660000E-04 -1.16850000E-04  3.07280000E-04
2001-12-26T06:03:17.318  1.49150000E-05  2.07870000E-04  7.03120000E-04
2001-12-26T06:03:18.318 -4.65830000E-04 -2.64670000E-05  3.71240000E-04
2001-12-26T06:03:19.318 -1.73660000E-04 -1.78070000E-04  6.39490000E-04
2001-12-26T06:03:20.318  1.49320000E-04 -1.67220000E-04  4.37620000E-04
2001-12-26T06:03:21.318 -4.22220000E-05 -2.72450000E-04  6.38910000E-04
2001-12-26T06:03:22.318 -2.06070000E-04 -2.61750000E-04  6.09570000E-04
2001-12-26T06:03:23.318 -2.52290000E-04 -9.74090000E-05  3.17540000E-04
2001-12-26T06:03:24.318 -2.17770000E-04  5.15330000E-04  2.71840000E-04
2001-12-26T06:03:25.318 -4.55250000E-04 -4.97450000E-04  8.71450000E-04
2001-12-26T06:03:26.318  5.61200000E-04  1.17720000E-04  1.58370000E-04
2001-12-26T06:03:27.318 -5.20280000E-04 -5.48050000E-04  9.89260000E-04
2001-12-26T06:03:28.318  2.46170000E-04  1.31650000E-04  2.06570000E-04
2001-12-26T06:03:29.318 -2.24610000E-04 -2.90200000E-04  4.06370000E-04
2001-12-26T06:03:30.318 -3.42550000E-04  2.20220000E-04  6.29540000E-04
2001-12-26T06:03:31.318 -8.32660000E-05  4.91470000E-05  8.78380000E-04
2001-12-26T06:03:32.318 -4.74520000E-04 -1.18980000E-04  1.01760000E-04
2001-12-26T06:03:33.318  2.97050000E-04 -1.52750000E-04  6.40210000E-04
2001-12-26T06:03:34.318  1.04660000E-04 -6.55860000E-04  6.82090000E-04
2001-12-26T06:03:35.318  3.99970000E-05  1.38680000E-04  1.17200000E-04
2001-12-26T06:03:36.318 -5.77310000E-04 -3.66800000E-04  5.73780000E-04
2001-12-26T06:03:37.318 -2.19120000E-04  1.27500000E-04  4.85920000E-04
2001-12-26T06:03:38.318 -3.54100000E-04 -3.62790000E-04  4.35650000E-04
2001-12-26T06:03:39.318  2.87290000E-04 -1.19760000E-04  6.50790000E-04
2001-12-26T06:03:40.318 -2.71080000E-04 -4.55200000E-04  1.11510000E-04
2001-12-26T06:03:41.318  3.31490000E-05 -5.98520000E-05  9.23060000E-04
2001-12-26T06:03:42.318 -5.14060000E-04  1.67900000E-04 -2.02020000E-05
2001-12-26T06:03:43.318  1.82570000E-05 -1.36630000E-04  8.44860000E-04
2001-12-26T06:03:44.318 -3.97690000E-04 -5.91010000E-05  7.09780000E-04
2001-12-26T06:03:45.318  8.74560000E-05 -3.33030000E-04  6.90420000E-05
2001-12-26T06:03:46.318  3.42310000E-04 -1.62210000E-04  6.71630000E-04
2001-12-26T06:03:47.318 -2.54460000E-04 -1.72810000E-04  6.36870000E-04
2001-12-26T06:03:48.318 -1.42540000E-04  2.93580000E-04  3.49920000E-04
2001-12-26T06:03:49.318 -5.19920000E-04 -3.96830000E-04  4.01830000E-04
2001-12-26T06:03:50.318 -1.07980000E-05  4.10940000E-04  3.80840000E-04
2001-12-26T06:03:51.318 -3.78460000E-04 -7.97600000E-04  7.62820000E-04
2001-12-26T06:03:52.318  3.94650000E-04  2.48700000E-04  3.91020000E-04
2001-12-26T06:03:53.318 -2.08720000E-04 -6.01870000E-04  3.08580000E-04
2001-12-26T06:03:54.318 -1.08140000E-04  2.14930000E-04  7.76000000E-04
2001-12-26T06:03:55.318 -2.65990000E-04 -2.63110000E-04  1.80650000E-04
2001-12-26T06:03:56.318 -1.95960000E-04  8.16630000E-05  6.16860000E-04
2001-12-26T06:03:57.318 -3.98020000E-05 -3.57480000E-04  3.13650000E-04
2001-12-26T06:03:58.318 -2.38860000E-04 -5.13060000E-04  8.01140000E-04
2001-12-26T06:03:59.318  2.81260000E-04 -3.93510000E-05  3.10410000E-04
2001-12-26T06:04:00.318 -4.85200000E-04 -1.36900000E-04  4.48200000E-04
2001-12-26T06:04:01.318 -2.18280000E-04  2.25700000E-05  4.34770000E-04
2001-12-26T06:04:02.318 -3.86520000E-04 -3.28420000E-04  8.24340000E-04
2001-12-26T06:04:03.318  4.70650000E-04 -9.10250000E-05  2.04100000E-04
2001-12-26T06:04:04.318 -1.90660000E-04 -9.92690000E-04  3.88530000E-04
2001-12-26T06:04:05.318  1.52080000E-04  3.04380000E-04  7.02400000E-04
2001-12-26T06:04:06.318 -7.25620000E-04 -1.75740000E-05  4.38750000E-04
2001-12-26T06:04:07.318 -5.53420000E-05 -6.59260000E-05  6.47890000E-04
2001-12-26T06:04:08.318 -4.21050000E-04 -4.48460000E-04  6.00180000E-04
2001-12-26T06:04:09.318  3.24150000E-04  8.49220000E-05  1.89650000E-04
2001-12-26T06:04:10.318 -2.34300000E-04 -4.36550000E-04  7.36320000E-04
2001-12-26T06:04:11.318 -1.43280000E-04 -2.14340000E-04  3.08040000E-04
2001-12-26T06:04:12.318 -4.62740000E-04 -1.50460000E-04  7.08640000E-04
2001-12-26T06:04:13.318  1.95190000E-04  5.94390000E-05  3.21310000E-04
2001-12-26T06:04:14.318 -3.61170000E-04 -5.10550000E-04  6.69200000E-04
2001-12-26T06:04:15.318  9.07160000E-05 -4.00290000E-04  4.74180000E-04
2001-12-26T06:04:16.318 -4.85450000E-05 -1.35370000E-04  2.68380000E-04
2001-12-26T06:04:17.318 -2.00830000E-04 -3.51930000E-05  9.42250000E-04
2001-12-26T06:04:18.318 -2.73070000E-04  7.00690000E-05  1.42850000E-04
2001-12-26T06:04:19.318 -2.12290000E-04 -1.40170000E-04  7.79720000E-04
2001-12-26T06:04:20.318  1.04600000E-04 -7.13020000E-04  2.00200000E-04
2001-12-26T06:04:21.318 -2.64990000E-05 -2.37600000E-04  5.75560000E-04
2001-12-26T06:04:22.318 -2.35430000E-05  1.77320000E-04  8.49410000E-04
2001-12-26T06:04:23.318 -4.26650000E-04 -3.16760000E-04  2.59770000E-04
2001-12-26T06:04:24.318 -3.05130000E-04  2.74170000E-04  2.64870000E-04
2001-12-26T06:04:25.318 -1.01990000E-04 -6.35860000E-04  6.92110000E-04
2001-12-26T06:04:26.318  3.82120000E-04 -2.15100000E-04  6.17250000E-04
2001-12-26T06:04:27.318 -5.13260000E-04 -3.83520000E-04  4.21370000E-04
2001-12-26T06:04:28.318 -4.48040000E-05  3.14480000E-04  2.60580000E-04
2001-12-26T06:04:29.318 -3.67300000E-04 -3.23860000E-04  7.30870000E-04
2001-12-26T06:04:30.318 -1.39900000E-04 -1.10770000E-05  6.99470000E-04
2001-12-26T06:04:31.318 -3.73660000E-04 -5.08140000E-04 -1.99710000E-04
2001-12-26T06:04:32.318  3.21920000E-04  7.00300000E-05  1.12640000E-03
2001-12-26T06:04:33.318 -3.33750000E-04 -6.93320000E-04  6.52570000E-05
2001-12-26T06:04:34.318 -7.32210000E-05  1.66550000E-04  5.06280000E-04
2001-12-26T06:04:35.318 -4.31180000E-04 -3.70130000E-04  1.00680000E-03
2001-12-26T06:04:36.318  1.34650000E-04  4.45900000E-05  2.44810000E-04
2001-12-26T06:04:37.318 -1.44010000E-04 -1.52250000E-04  3.08010000E-04
2001-12-26T06:04:38.318 -4.72680000E-05 -6.35490000E-04  7.23480000E-04
2001-12-26T06:04:39.318 -9.03300000E-05 -3.39510000E-05  5.45630000E-04
2001-12-26T06:04:40.318 -4.82810000E-04 -1.42530000E-04  3.84940000E-04
2001-12-26T06:04:41.318 -1.44150000E-04  2.02670000E-04  1.87330000E-04
2001-12-26T06:04:42.318 -3.75380000E-04 -4.14200000E-04  5.48730000E-04
2001-12-26T06:04:43.318  4.40180000E-04 -3.22740000E-04  9.54380000E-04
2001-12-26T06:04:44.318 -3.82520000E-04 -6.48930000E-04  4.20890000E-04
2001-12-26T06:04:45.318  1.58870000E-04  1.76960000E-04  9.10000000E-05
2001-12-26T06:04:46.318 -6.62550000E-04 -1.83490000E-04  7.03600000E-04
2001-12-26T06:04:47.318  1.17510000E-04  5.78850000E-05  2.07230000E-04
2001-12-26T06:04:48.318 -3.48520000E-04 -4.33590000E-04  7.21810000E-04
2001-12-26T06:04:49.318  2.73790000E-04 -3.77440000E-04  5.27500000E-04
2001-12-26T06:04:50.318 -3.08100000E-04 -4.30970000E-04  6.28240000E-04
2001-12-26T06:04:51.318 -1.18570000E-04  1.11730000E-04  3.46890000E-04
2001-12-26T06:04:52.318 -3.71910000E-04 -9.37520000E-05  5.01850000E-04
2001-12-26T06:04:53.318  6.93580000E-05  4.43710000E-05  4.60480000E-04
2001-12-26T06:04:54.318 -4.46180000E-04 -6.79660000E-04  2.19410000E-04
2001-12-26T06:04:55.318 -1.29140000E-04 -3.27930000E-04  2.97490000E-04
2001-12-26T06:04:56.318 -3.00690000E-04 -3.28120000E-04  4.29350000E-04
2001-12-26T06:04:57.318  1.67110000E-04  1.79960000E-04  6.39150000E-04
2001-12-26T06:04:58.318 -7.52420000E-04 -3.48910000E-04  2.85460000E-04
2001-12-26T06:04:59.318  4.38500000E-06  2.00450000E-04  8.79380000E-04
2001-12-26T06:05:09.716 -1.99620000E-05 -4.03180000E-05  6.23610000E-04
2001-12-26T06:05:10.716  2.78640000E-05 -4.06570000E-04  1.97380000E-04
2001-12-26T06:05:11.716 -1.92700000E-04 -3.58200000E-04  5.56850000E-04
2001-12-26T06:05:12.716 -6.34350000E-05 -4.26780000E-04  5.00550000E-04
2001-12-26T06:05:13.716 -1.30130000E-04 -1.52450000E-04  3.06440000E-04
2001-12-26T06:05:14.716 -3.79840000E-04  8.56070000E-05  5.51480000E-04
2001-12-26T06:05:15.716 -2.05360000E-04 -1.18440000E-04  6.95330000E-04
2001-12-26T06:05:16.716 -7.94030000E-05 -5.86840000E-04  4.51010000E-04
2001-12-26T06:05:17.716  2.72510000E-06 -3.09290000E-04  9.19760000E-06
2001-12-26T06:05:18.716 -1.99890000E-04 -1.10290000E-04  7.88680000E-04
2001-12-26T06:05:19.716 -3.98920000E-04 -2.06680000E-04  5.95410000E-04
2001-12-26T06:05:20.716  3.85000000E-05  1.20060000E-04  6.08180000E-04
2001-12-26T06:05:21.716 -3.98250000E-04 -4.38900000E-04  4.87110000E-04
2001-12-26T06:05:22.716  3.58930000E-04 -3.50330000E-04  1.46050000E-04
2001-12-26T06:05:23.716 -5.67310000E-04 -4.30410000E-04  9.75870000E-04
2001-12-26T06:05:24.716 -1.58130000E-05  2.00800000E-04  4.50260000E-04
2001-12-26T06:05:25.716 -3.71990000E-04 -4.02920000E-04  3.69490000E-04
2001-12-26T06:05:26.716 -6.31510000E-05  4.91750000E-05  6.11720000E-04
2001-12-26T06:05:27.716 -2.19220000E-04 -6.69360000E-04  2.99630000E-04
2001-12-26T06:05:28.716  4.39300000E-04 -9.22520000E-05  3.81960000E-04
2001-12-26T06:05:29.716 -5.15740000E-04 -3.90490000E-04  7.07530000E-04
2001-12-26T06:05:30.716 -2.22950000E-04  1.93030000E-04  4.43740000E-04
2001-12-26T06:05:31.716 -4.24230000E-04 -2.40050000E-04  1.91940000E-04
2001-12-26T06:05:32.716  2.65130000E-04 -1.52770000E-04  8.99400000E-04
2001-12-26T06:05:33.716 -5.58630000E-04 -5.15200000E-04  3.88530000E-04
2001-12-26T06:05:34.716  3.92870000E-04 -1.29530000E-04  5.53900000E-04
2001-12-26T06:05:35.716 -6.00200000E-04 -4.77200000E-04  3.60100000E-04
2001-12-26T06:05:36.716  3.37720000E-05  3.04380000E-04  5.61410000E-04
2001-12-26T06:05:37.716 -4.20170000E-04 -1.45930000E-04  5.78920000E-04
2001-12-26T06:05:38.716  1.28170000E-04 -2.55170000E-04  3.83560000E-04
2001-12-26T06:05:39.716 -3.17070000E-04 -4.54600000E-04  7.69860000E-04
2001-12-26T06:05:40.716  1.96200000E-04 -2.94550000E-04  3.80240000E-04
2001-12-26T06:05:41.716 -3.88880000E-04 -1.93020000E-04  1.97770000E-04
2001-12-26T06:05:42.716 -2.79950000E-04  5.21500000E-05  8.37160000E-04
2001-12-26T06:05:43.716 -4.42970000E-05 -6.18210000E-05  4.18920000E-04
2001-12-26T06:05:44.716 -9.36730000E-05 -6.15670000E-04  2.55320000E-04
2001-12-26T06:05:45.716 -7.59690000E-05 -3.88590000E-04  1.17380000E-03
2001-12-26T06:05:46.716 -2.52120000E-04 -2.05780000E-04 -3.17980000E-05
2001-12-26T06:05:47.716 -3.97240000E-04 -6.66130000E-05  7.24850000E-04
2001-12-26T06:05:48.716 -5.17180000E-05 -1.29390000E-04  6.08750000E-04
2001-12-26T06:05:49.716 -2.29450000E-04 -3.80600000E-04  4.56140000E-04
2001-12-26T06:05:50.716  1.84100000E-05 -3.65540000E-04  7.89270000E-04
