2001-12-24T19:18:26.390 -2.23440000E-04 -8.67640000E-04  5.31690000E-04
2001-12-24T19:18:27.390  1.22700000E-04  1.11390000E-04  7.16210000E-04
2001-12-24T19:18:28.390 -4.46690000E-04 -3.28150000E-04 -1.34700000E-04
2001-12-24T19:18:29.390 -1.27230000E-04  2.29270000E-04  5.33620000E-04
2001-12-24T19:18:30.390 -3.65440000E-04 -4.74050000E-04  4.19200000E-04
2001-12-24T19:18:31.390  3.32560000E-04 -5.19890000E-04  3.39050000E-04
2001-12-24T19:18:32.390 -3.16420000E-04 -6.50720000E-04  4.13040000E-04
2001-12-24T19:18:33.390  1.10680000E-04  2.62170000E-04  6.81540000E-04
2001-12-24T19:18:34.390 -3.61850000E-04 -1.62430000E-04  1.19310000E-04
2001-12-24T19:18:35.390 -4.07070000E-05 -3.88230000E-04  4.89870000E-04
2001-12-24T19:18:36.390 -2.46050000E-04 -2.92040000E-04  8.77860000E-04
2001-12-24T19:18:37.390  1.68200000E-04 -4.22280000E-04  5.50630000E-04
2001-12-24T19:18:38.390 -7.43700000E-06  9.95720000E-05 -5.55740000E-04
2001-12-24T19:18:39.390 -6.54060000E-04 -1.07790000E-04  1.25320000E-03
2001-12-24T19:18:40.390  4.19710000E-04 -4.79130000E-04 -1.05670000E-04
2001-12-24T19:18:41.390 -3.14300000E-04 -5.93760000E-04  8.84380000E-04
2001-12-24T19:18:42.390  2.13180000E-04  1.93520000E-05  3.78480000E-04
2001-12-24T19:18:43.390 -7.92270000E-04 -3.82550000E-04  4.24220000E-04
2001-12-24T19:18:44.390  2.83810000E-04 -6.97550000E-05  8.45110000E-05
2001-12-24T19:18:45.390 -1.89690000E-04 -6.50230000E-04  7.40740000E-04
2001-12-24T19:18:46.390  2.39570000E-04 -1.87450000E-04  2.42920000E-04
2001-12-24T19:18:47.390 -4.86130000E-04 -2.21430000E-04  3.06690000E-04
2001-12-24T19:18:48.390  1.28560000E-04 -4.34200000E-05  4.33140000E-04
2001-12-24T19:18:49.390 -3.02950000E-04 -5.05190000E-04  6.65900000E-04
2001-12-24T19:18:50.390  1.46850000E-04 -4.07760000E-04  2.79640000E-04
2001-12-24T19:18:51.390 -3.57640000E-04 -2.95510000E-04  1.09070000E-03
2001-12-24T19:18:52.390  9.20190000E-05 -1.70930000E-05 -1.08870000E-04
2001-12-24T19:18:53.390 -5.31000000E-04 -1.04800000E-04  5.43280000E-04
2001-12-24T19:18:54.390  6.37250000E-04 -2.19460000E-04  3.82590000E-04
2001-12-24T19:18:55.390 -5.39630000E-04 -8.90400000E-04  1.44680000E-04
2001-12-24T19:18:56.390  1.33190000E-04  2.51490000E-05  9.82770000E-04
2001-12-24T19:18:57.390 -4.22060000E-04 -7.47550000E-05 -6.11720000E-05
2001-12-24T19:18:58.390 -1.61080000E-04 -2.18740000E-04  6.95180000E-04
2001-12-24T19:18:59.390  2.20210000E-05 -2.61420000E-04  4.44320000E-04
2001-12-24T19:19:00.390 -8.90190000E-05 -4.59740000E-04  4.78100000E-04
2001-12-24T19:19:01.390  1.39400000E-04 -3.04380000E-04  3.20280000E-04
2001-12-24T19:19:02.390 -3.13220000E-04 -5.85220000E-05  4.72930000E-04
2001-12-24T19:19:03.390 -4.02350000E-04 -9.44880000E-05  1.88740000E-04
2001-12-24T19:19:04.390  2.79120000E-04 -6.66700000E-04  4.74930000E-04
2001-12-24T19:19:05.390 -2.46450000E-05 -2.45390000E-04  4.41520000E-04
2001-12-24T19:19:06.390 -2.12790000E-04 -3.45640000E-04  5.85560000E-04
2001-12-24T19:19:07.390 -1.09890000E-04  1.78180000E-04  2.18800000E-04
2001-12-24T19:19:08.390 -2.66200000E-04 -7.00790000E-04  9.15830000E-04
2001-12-24T19:19:09.390  6.91860000E-04 -7.21170000E-05 -1.90050000E-04
2001-12-24T19:19:10.390 -4.07790000E-04 -4.43270000E-04  5.89570000E-04
2001-12-24T19:19:11.390 -3.35490000E-06  2.08440000E-04  6.73090000E-04
2001-12-24T19:19:12.390 -4.36990000E-04 -1.59930000E-04  1.27430000E-05
2001-12-24T19:19:13.390  1.45280000E-04 -4.81000000E-04  6.84810000E-04
2001-12-24T19:19:14.390  3.71450000E-04 -2.13310000E-04  3.62780000E-04
2001-12-24T19:19:15.390 -2.55750000E-04 -6.08130000E-04  4.32300000E-04
2001-12-24T19:19:16.390 -3.96460000E-06  1.89040000E-04  4.69790000E-04
2001-12-24T19:19:17.390 -7.35040000E-04 -2.04260000E-04  3.07750000E-05
2001-12-24T19:19:18.390  6.57720000E-04 -4.15520000E-04  8.16330000E-04
2001-12-24T19:19:19.390 -3.92040000E-04 -5.52090000E-04  1.52810000E-04
2001-12-24T19:19:20.390  1.74330000E-04 -1.70430000E-04  5.86600000E-04
2001-12-24T19:19:21.390 -7.05970000E-04 -1.38970000E-04  6.10410000E-04
2001-12-24T19:19:22.390  2.80520000E-05  8.32280000E-05  2.46800000E-04
2001-12-24T19:19:23.390 -1.72310000E-04 -6.08060000E-04  6.60810000E-04
2001-12-24T19:19:24.390  2.76660000E-04 -2.25920000E-04  4.62640000E-04
2001-12-24T19:19:25.390 -5.91920000E-04 -4.65410000E-04  7.69170000E-05
2001-12-24T19:19:26.390  2.11710000E-04  9.64850000E-05  3.82960000E-04
2001-12-24T19:19:27.390 -2.03260000E-04 -3.76550000E-04  4.87640000E-04
2001-12-24T19:19:28.390  1.95900000E-04 -3.07180000E-04  5.59470000E-04
2001-12-24T19:19:29.390 -2.28330000E-04 -6.24530000E-04  4.42720000E-04
2001-12-24T19:19:30.390  1.72760000E-04  1.34350000E-04  4.58420000E-04
2001-12-24T19:19:31.390 -6.27730000E-04 -1.45360000E-04  3.23900000E-04
2001-12-24T19:19:32.390  1.07580000E-04  6.65010000E-05  4.27150000E-04
2001-12-24T19:19:33.390  7.35750000E-05 -8.88530000E-04  4.27860000E-04
2001-12-24T19:19:34.390 -1.01990000E-04 -2.76340000E-04 -1.57480000E-04
2001-12-24T19:19:35.390 -6.87450000E-05  1.48580000E-04  1.11620000E-03
2001-12-24T19:19:36.390 -4.99230000E-04 -2.70730000E-04  7.78650000E-05
2001-12-24T19:19:37.390  2.36620000E-04 -3.20480000E-04  6.08980000E-04
2001-12-24T19:19:38.390 -1.52630000E-04 -6.58050000E-04  5.89960000E-04
2001-12-24T19:19:39.390  8.27890000E-05 -1.33570000E-04  1.92450000E-04
2001-12-24T19:19:40.390 -4.16220000E-04 -3.49220000E-04  8.26000000E-04
2001-12-24T19:19:41.390  4.32990000E-05  1.09190000E-04 -1.93040000E-04
2001-12-24T19:19:42.390 -5.95000000E-04 -3.95150000E-04  5.48280000E-04
2001-12-24T19:19:43.390  6.26770000E-04 -3.56240000E-04  5.87530000E-04
2001-12-24T19:19:44.390 -2.88910000E-04 -2.52540000E-04  1.03950000E-04
2001-12-24T19:19:45.390 -1.27630000E-04  1.46070000E-04  7.02340000E-04
2001-12-24T19:19:46.390 -5.19240000E-04 -3.75760000E-04  1.41270000E-04
2001-12-24T19:19:47.390  3.39470000E-04 -6.17140000E-05  3.88450000E-04
2001-12-24T19:19:48.390  2.03320000E-05 -6.04360000E-04  6.22230000E-04
2001-12-24T19:19:49.390 -6.71950000E-05 -1.46600000E-04  1.61550000E-04
2001-12-24T19:19:50.390 -2.43390000E-05  4.44820000E-05  5.43760000E-04
2001-12-24T19:19:51.390 -5.84470000E-04 -1.71840000E-04  2.60450000E-04
2001-12-24T19:19:52.390  3.60370000E-04 -1.56510000E-04  5.37500000E-04
2001-12-24T19:19:53.390 -2.47320000E-04 -1.02140000E-03  7.18640000E-04
2001-12-24T19:19:54.390  1.13360000E-04  2.88870000E-04 -1.64870000E-04
2001-12-24T19:19:55.390 -4.90410000E-04 -3.69310000E-04  6.80290000E-04
2001-12-24T19:19:56.390  1.71570000E-05 -6.82890000E-05  6.47540000E-04
2001-12-24T19:19:57.390 -2.04900000E-04 -3.85970000E-04  5.49400000E-04
2001-12-24T19:19:58.390  4.74170000E-04 -2.12040000E-04  3.51740000E-04
2001-12-24T19:19:59.390 -5.73980000E-04 -4.92480000E-04  3.22330000E-04
2001-12-24T19:20:00.390  1.03620000E-04  1.52620000E-04  6.31940000E-04
2001-12-24T19:20:01.390 -3.46050000E-04 -3.13650000E-04  5.90770000E-05
2001-12-24T19:20:02.390  1.90880000E-04 -2.26210000E-04  8.66670000E-04
2001-12-24T19:20:03.390 -6.68500000E-05 -6.50200000E-04  2.64240000E-04
2001-12-24T19:20:04.390 -1.06040000E-04 -3.26920000E-05  3.66490000E-04
2001-12-24T19:20:05.390 -5.74840000E-04 -1.11910000E-05  3.16030000E-04
2001-12-24T19:20:06.390  1.83130000E-04  5.73140000E-05  3.00290000E-04
2001-12-24T19:20:07.390 -3.02430000E-04 -6.89110000E-04  7.20220000E-04
2001-12-24T19:20:08.390  8.49390000E-05 -1.76610000E-04  1.24690000E-04
2001-12-24T19:20:09.390  5.94730000E-05 -3.87640000E-04  6.30950000E-04
2001-12-24T19:20:10.390 -4.04660000E-04 -1.01880000E-04  7.12890000E-05
2001-12-24T19:20:11.390 -9.83780000E-05 -2.69180000E-04  9.08760000E-04
2001-12-24T19:20:12.390 -4.47650000E-05 -1.45480000E-04  1.34330000E-04
2001-12-24T19:20:13.390  2.60490000E-04 -4.27140000E-04  9.34220000E-04
2001-12-24T19:20:14.390 -4.59700000E-04 -3.35410000E-04 -3.22280000E-05
2001-12-24T19:20:15.390  3.22630000E-04  2.93960000E-04  5.63030000E-04
2001-12-24T19:20:16.390 -6.79000000E-04 -7.24990000E-04  9.28380000E-04
2001-12-24T19:20:17.390  6.12280000E-04 -1.61630000E-04  3.14900000E-04
2001-12-24T19:20:18.390 -3.85190000E-04 -6.54270000E-04  1.87470000E-04
2001-12-24T19:20:19.390  9.83180000E-05  1.89000000E-04  1.68090000E-04
2001-12-24T19:20:20.390 -6.38790000E-04 -1.94410000E-04  5.15240000E-04
2001-12-24T19:20:21.390  3.42930000E-04 -3.64620000E-04  4.29270000E-04
2001-12-24T19:20:22.390 -9.17380000E-05  3.47960000E-05  7.23310000E-04
2001-12-24T19:20:23.390 -7.21630000E-06 -6.43020000E-04  7.41930000E-05
2001-12-24T19:20:24.390 -2.33530000E-05  3.41060000E-05  9.48880000E-04
2001-12-24T19:20:25.390 -6.26240000E-04 -1.62850000E-04  7.54060000E-05
2001-12-24T19:20:26.390  2.94290000E-04  8.80650000E-05  5.94910000E-04
2001-12-24T19:20:27.390 -2.41980000E-04 -9.39760000E-04  4.95670000E-04
2001-12-24T19:20:28.390  1.98810000E-04  6.15180000E-05  5.90870000E-04
2001-12-24T19:20:29.390 -4.79830000E-04 -5.93360000E-04  2.67490000E-05
2001-12-24T19:20:30.390  3.39230000E-05  2.54420000E-04  8.79210000E-04
2001-12-24T19:20:31.390 -4.65270000E-04 -6.86300000E-04  3.80650000E-04
2001-12-24T19:20:32.390  4.85730000E-04 -1.15050000E-04  1.72970000E-05
2001-12-24T19:20:33.390 -4.95890000E-04 -6.56360000E-04  7.82880000E-04
2001-12-24T19:20:34.390  1.48880000E-04  1.82200000E-04  1.37730000E-04
2001-12-24T19:20:35.390 -5.25620000E-04 -1.90310000E-04  1.07040000E-03
2001-12-24T19:20:36.390  5.13860000E-04 -2.48980000E-04  1.90430000E-04
2001-12-24T19:20:37.390 -4.11820000E-04 -1.01330000E-03  1.56180000E-04
2001-12-24T19:20:38.390  1.85960000E-05  1.42080000E-05  9.33630000E-04
2001-12-24T19:20:39.390 -5.38320000E-04 -8.08110000E-05  3.41500000E-04
2001-12-24T19:20:40.390  9.28900000E-05  1.50690000E-06  3.88100000E-04
2001-12-24T19:20:41.390 -1.42060000E-04 -7.33790000E-04  6.72780000E-04
2001-12-24T19:20:42.390  3.07610000E-04  9.70170000E-05  7.67720000E-05
2001-12-24T19:20:43.390 -2.51950000E-04 -4.90960000E-04  3.23780000E-04
2001-12-24T19:20:44.390 -2.12990000E-04  1.09270000E-04  9.99460000E-04
2001-12-24T19:20:45.390 -2.20340000E-04 -3.76280000E-04  2.66340000E-04
2001-12-24T19:20:46.390 -1.00190000E-05 -3.98840000E-04  1.77980000E-04
2001-12-24T19:20:47.390  1.37590000E-04 -1.76430000E-04  8.45820000E-04
2001-12-24T19:20:48.390 -1.55450000E-04 -4.45410000E-04  1.75700000E-04
2001-12-24T19:20:49.390 -3.25700000E-04  1.91760000E-04  4.48750000E-04
2001-12-24T19:20:50.390 -2.30790000E-04 -5.30290000E-04  3.58340000E-04
2001-12-24T19:20:51.390  3.07750000E-04 -1.53710000E-04  6.59740000E-04
2001-12-24T19:20:52.390 -1.25090000E-04 -7.04700000E-04  3.11240000E-04
2001-12-24T19:20:53.390 -1.02850000E-04  2.61270000E-04  5.45530000E-04
2001-12-24T19:20:54.390 -2.30110000E-04 -1.40820000E-04  6.44260000E-04
2001-12-24T19:20:55.390  9.07980000E-05 -1.84380000E-04  3.80690000E-04
2001-12-24T19:20:56.390 -2.16800000E-04 -6.01490000E-04 -4.83120000E-05
2001-12-24T19:20:57.390  8.32030000E-05 -1.34350000E-04  5.17740000E-04
2001-12-24T19:20:58.390 -2.19270000E-04 -4.24470000E-04  2.94970000E-04
2001-12-24T19:20:59.390 -3.63040000E-04  2.68460000E-04  1.01060000E-03
2001-12-24T19:21:00.390 -4.35510000E-05 -2.74710000E-04  4.03980000E-04
2001-12-24T19:21:01.390  1.28540000E-04 -6.95760000E-04  4.03380000E-04
2001-12-24T19:21:02.390  1.00260000E-04 -3.07290000E-04  2.42160000E-04
2001-12-24T19:21:03.390 -5.81830000E-04 -2.74450000E-04  5.42120000E-04
2001-12-24T19:21:04.390 -3.44910000E-05 -1.03190000E-04  5.78540000E-04
2001-12-24T19:21:05.390 -1.19430000E-04 -3.84000000E-04  7.19160000E-04
2001-12-24T19:21:06.390  2.95280000E-04 -7.39940000E-05  1.02530000E-04
2001-12-24T19:21:07.390 -1.76800000E-04 -5.95110000E-04  3.68660000E-04
2001-12-24T19:21:08.390 -1.07850000E-04 -1.81600000E-05  8.28840000E-04
2001-12-24T19:21:09.390 -5.54380000E-04 -1.58550000E-04  2.60300000E-04
2001-12-24T19:21:10.390  1.24730000E-04 -2.12280000E-04  1.83250000E-04
2001-12-24T19:21:11.390  1.15870000E-04 -8.62170000E-04  7.16790000E-04
2001-12-24T19:21:12.390  2.10150000E-05  7.61670000E-05  2.84700000E-05
2001-12-24T19:21:13.390 -5.73700000E-04 -2.21490000E-04  7.80000000E-04
2001-12-24T19:21:14.390  1.03980000E-04  5.93990000E-05  4.79880000E-04
2001-12-24T19:21:15.390 -1.38360000E-04 -4.85160000E-04  4.85880000E-04
2001-12-24T19:21:16.390  2.41280000E-04 -2.63280000E-04  4.88440000E-04
2001-12-24T19:21:17.390 -2.97190000E-04 -3.82770000E-04  6.43220000E-04
2001-12-24T19:21:18.390 -1.30910000E-04  1.10400000E-04  2.91840000E-05
2001-12-24T19:21:19.390 -2.44300000E-04 -3.46890000E-04  7.30290000E-04
2001-12-24T19:21:20.390  3.06030000E-05  9.14780000E-06  1.86590000E-04
2001-12-24T19:21:21.390  1.88990000E-04 -6.06160000E-04  3.69910000E-04
2001-12-24T19:21:22.390 -3.38120000E-04 -2.89700000E-04  1.41860000E-04
2001-12-24T19:21:23.390 -5.01010000E-04 -1.77610000E-04  1.05370000E-03
2001-12-24T19:21:24.390 -1.07180000E-04  1.63180000E-05  8.33400000E-05
2001-12-24T19:21:25.390  5.91200000E-04 -3.66740000E-04  7.29280000E-04
2001-12-24T19:21:26.390 -4.55750000E-04 -6.18930000E-04  1.86290000E-04
2001-12-24T19:21:27.390  1.80770000E-04  2.13680000E-05  4.94590000E-04
2001-12-24T19:21:28.390 -4.49810000E-04 -1.65900000E-04  3.53170000E-04
2001-12-24T19:21:29.390  1.17330000E-04  2.45220000E-04  3.83330000E-04
2001-12-24T19:21:30.390 -3.35790000E-04 -9.70750000E-04  4.81080000E-04
2001-12-24T19:21:31.390  4.39980000E-04 -2.02220000E-04  6.16960000E-04
2001-12-24T19:21:32.390 -6.89570000E-04 -3.63230000E-04  2.85160000E-04
2001-12-24T19:21:33.390  9.81120000E-05  3.73400000E-04  6.18290000E-04
2001-12-24T19:21:34.390 -3.79210000E-04 -5.01560000E-04  5.26210000E-04
2001-12-24T19:21:35.390  2.66800000E-04 -3.14370000E-04 -1.30630000E-04
2001-12-24T19:21:36.390 -3.18880000E-04 -5.11910000E-04  1.04250000E-03
2001-12-24T19:21:37.390  1.32950000E-04 -9.84010000E-05  3.92480000E-04
2001-12-24T19:21:38.390 -3.16140000E-04 -1.24790000E-04  2.36540000E-04
2001-12-24T19:21:39.390 -1.83250000E-04 -1.44240000E-04  4.46750000E-04
2001-12-24T19:21:40.390 -3.53440000E-05 -2.81810000E-04  4.67200000E-04
2001-12-24T19:21:41.390  3.43180000E-06 -7.24220000E-04  5.46090000E-05
2001-12-24T19:21:42.390 -6.90620000E-05  2.41900000E-05  7.48810000E-04
2001-12-24T19:21:43.390 -4.44840000E-04 -2.03590000E-04  5.48950000E-04
2001-12-24T19:21:44.390  6.55410000E-05 -2.45470000E-04  7.06050000E-05
2001-12-24T19:21:45.390 -1.96230000E-04 -3.01030000E-04  7.34550000E-04
2001-12-24T19:21:46.390  2.47280000E-04 -3.97920000E-04  7.28250000E-05
2001-12-24T19:21:47.390 -5.15490000E-04 -1.92610000E-04  7.72170000E-04
2001-12-24T19:21:48.390 -1.48910000E-05  4.88420000E-05  4.23240000E-04
2001-12-24T19:21:49.390 -3.29890000E-04 -4.25730000E-04  6.65990000E-04
2001-12-24T19:21:50.390  4.10180000E-04 -3.93600000E-04  6.30000000E-05
2001-12-24T19:21:51.390 -2.24080000E-04 -4.66560000E-04  5.42010000E-04
2001-12-24T19:21:52.390  3.63750000E-05  6.14500000E-05  6.15750000E-04
2001-12-24T19:21:53.390 -4.65580000E-04 -8.18760000E-05  5.89640000E-04
2001-12-24T19:21:54.390  9.19790000E-05 -2.51050000E-04  1.15660000E-04
2001-12-24T19:21:55.390 -1.08550000E-04 -8.23480000E-04  6.77190000E-04
2001-12-24T19:21:56.390  1.19640000E-04  2.36790000E-05  4.15070000E-04
2001-12-24T19:21:57.390 -4.06210000E-04 -2.40210000E-04  6.09020000E-04
2001-12-24T19:21:58.390  1.88960000E-05  7.97300000E-05  1.88120000E-04
2001-12-24T19:21:59.390 -2.46760000E-04  4.05620000E-05  8.44540000E-04
2001-12-24T19:22:00.390  1.81130000E-04 -8.16620000E-04 -1.49510000E-04
2001-12-24T19:22:01.390  1.76460000E-05 -2.22400000E-04  5.70820000E-04
2001-12-24T19:22:02.390 -3.56120000E-04 -2.72690000E-04  5.22960000E-04
2001-12-24T19:22:03.390 -1.46190000E-04  2.08780000E-04  7.62630000E-04
2001-12-24T19:22:04.390 -1.93040000E-04 -5.46870000E-04  7.35300000E-05
2001-12-24T19:22:05.390  4.47230000E-04 -1.48530000E-04  4.33160000E-04
2001-12-24T19:22:06.390 -4.30050000E-04 -5.23330000E-04  8.21650000E-04
2001-12-24T19:22:07.390  2.12330000E-04  4.24600000E-04  2.65300000E-04
2001-12-24T19:22:08.390 -6.23220000E-04 -5.41400000E-04  3.55720000E-04
2001-12-24T19:22:09.390  2.26690000E-04  6.11270000E-05  6.14830000E-04
2001-12-24T19:22:10.390 -2.23600000E-04 -5.86660000E-04  2.58940000E-04
2001-12-24T19:22:11.390  1.20430000E-05 -2.02020000E-04  1.26560000E-04
2001-12-24T19:22:12.390 -4.23700000E-04 -4.54180000E-04  1.04900000E-03
2001-12-24T19:22:13.390  3.14100000E-05  1.15090000E-04  3.38640000E-04
2001-12-24T19:22:14.390 -8.54540000E-05 -2.24990000E-04  3.04760000E-04
2001-12-24T19:22:15.390  3.08590000E-05 -5.63760000E-04  4.80590000E-04
2001-12-24T19:22:16.390 -1.60910000E-06 -1.71530000E-04  4.89560000E-04
2001-12-24T19:22:17.390 -4.02940000E-04 -8.10830000E-05  7.03800000E-04
2001-12-24T19:22:18.390  1.70520000E-04  1.52580000E-04  3.10840000E-04
2001-12-24T19:22:19.390 -3.03250000E-04 -7.24500000E-04  5.54580000E-04
2001-12-24T19:22:20.390  3.16300000E-04 -1.95670000E-04  1.20570000E-04
2001-12-24T19:22:21.390 -4.91160000E-04 -4.14340000E-04  4.92060000E-04
2001-12-24T19:22:22.390  5.45390000E-05  2.13830000E-05  7.09060000E-04
2001-12-24T19:22:23.390 -6.44590000E-04 -2.82830000E-04  3.25560000E-04
2001-12-24T19:22:24.390  3.21700000E-04 -1.10230000E-04  5.09050000E-04
2001-12-24T19:22:25.390 -1.45360000E-04 -6.26230000E-04 -6.52090000E-05
2001-12-24T19:22:26.390  1.67160000E-04 -2.16310000E-05  1.15730000E-03
2001-12-24T19:22:27.390 -6.40780000E-04 -3.07620000E-04  4.79170000E-04
2001-12-24T19:22:28.390  1.78660000E-04  1.65630000E-04  1.97840000E-04
2001-12-24T19:22:29.390 -2.81980000E-04 -3.08490000E-04  3.88580000E-04
2001-12-24T19:22:30.390  2.04790000E-04 -3.09620000E-04  6.71560000E-06
2001-12-24T19:22:31.390 -1.07020000E-04 -2.55390000E-04  1.07450000E-03
2001-12-24T19:22:32.390 -1.65060000E-04 -2.98990000E-04  2.82590000E-04
2001-12-24T19:22:33.390 -3.25410000E-04  2.03550000E-04  5.07480000E-04
2001-12-24T19:22:34.390 -3.93240000E-04 -1.49800000E-04  2.47470000E-04
2001-12-24T19:22:35.390  3.55820000E-04 -4.37600000E-04  2.72620000E-04
2001-12-24T19:22:36.390 -2.40260000E-04 -6.44700000E-04  5.70800000E-04
2001-12-24T19:22:37.390  3.11740000E-04  1.21850000E-04  6.89690000E-04
2001-12-24T19:22:38.390 -7.35560000E-04 -3.46280000E-04  1.82970000E-04
2001-12-24T19:22:39.390  1.85590000E-04  1.11770000E-04  4.41810000E-04
2001-12-24T19:22:40.390 -2.84950000E-04 -5.05800000E-04  6.40210000E-04
2001-12-24T19:22:41.390  4.87520000E-04 -8.79520000E-05  5.42870000E-04
2001-12-24T19:22:42.390 -4.30550000E-04 -6.27590000E-04  2.55450000E-04
2001-12-24T19:22:43.390 -6.05180000E-05  3.99780000E-04  7.07890000E-04
2001-12-24T19:22:44.390 -2.39990000E-04 -2.19610000E-04  8.71260000E-05
2001-12-24T19:22:45.390  4.38890000E-05 -4.65330000E-04  6.49140000E-04
2001-12-24T19:22:46.390 -1.51160000E-06 -1.72790000E-04  3.10340000E-04
2001-12-24T19:22:47.390 -4.33070000E-05 -3.91020000E-04  6.70610000E-04
2001-12-24T19:22:48.390 -7.64630000E-05  1.57070000E-06  9.76270000E-04
2001-12-24T19:22:49.390 -5.56350000E-04 -2.46580000E-04 -2.54700000E-04
2001-12-24T19:22:50.390  1.84330000E-04 -2.78010000E-05  8.39480000E-04
2001-12-24T19:22:51.390 -1.02880000E-05 -5.48400000E-04  3.03070000E-04
2001-12-24T19:22:52.390  1.51250000E-04  2.91330000E-05  2.11600000E-04
2001-12-24T19:22:53.390 -5.16940000E-04 -1.93610000E-04  7.10430000E-04
2001-12-24T19:22:54.390 -7.73310000E-05  2.37220000E-05  5.93730000E-04
2001-12-24T19:22:55.390 -3.00970000E-04 -3.41190000E-04  1.74840000E-04
2001-12-24T19:22:56.390  1.65950000E-04 -1.01180000E-04  6.37810000E-04
2001-12-24T19:22:57.390  2.27940000E-05 -5.20520000E-04  2.01990000E-04
2001-12-24T19:22:58.390 -2.20400000E-04 -6.79570000E-05  6.08030000E-04
2001-12-24T19:22:59.390 -3.53100000E-04 -4.42920000E-05  3.57150000E-04
2001-12-24T19:23:00.390 -2.80380000E-04 -1.08360000E-04  6.92680000E-04
2001-12-24T19:23:01.390  2.80150000E-04 -2.41520000E-04  1.49380000E-04
2001-12-24T19:23:02.390 -1.67850000E-04 -4.79880000E-04  9.27280000E-04
2001-12-24T19:23:03.390  2.67660000E-04 -5.76150000E-05  5.14500000E-05
2001-12-24T19:23:04.390 -4.65700000E-04 -2.13360000E-04  6.24360000E-04
2001-12-24T19:23:05.390  2.69450000E-06  3.82970000E-04  3.83810000E-04
2001-12-24T19:23:06.390 -3.93000000E-04 -3.00130000E-04  7.15920000E-04
2001-12-24T19:23:07.390  2.08670000E-04 -1.97900000E-04 -2.05710000E-04
2001-12-24T19:23:08.390  1.35150000E-04 -6.41300000E-05  6.42450000E-04
2001-12-24T19:23:09.390 -9.08100000E-05 -5.09930000E-04  3.93800000E-04
2001-12-24T19:23:10.390 -6.51260000E-05  2.36300000E-04  4.15840000E-04
2001-12-24T19:23:11.390 -7.14820000E-04 -1.30670000E-04  6.14970000E-04
2001-12-24T19:23:12.390  2.84750000E-04  2.18920000E-04  1.17480000E-04
2001-12-24T19:23:13.390 -3.26630000E-04 -5.93820000E-04  7.65460000E-04
2001-12-24T19:23:14.390  3.78250000E-04  1.55400000E-04  7.61640000E-04
2001-12-24T19:23:15.390 -1.64700000E-04 -4.03970000E-04  1.30540000E-04
2001-12-24T19:23:16.390 -2.18810000E-04  1.69110000E-04  4.24150000E-04
2001-12-24T19:23:17.390  1.04660000E-04  4.63560000E-04  4.84170000E-04
2001-12-24T19:23:18.390 -4.54410000E-04 -3.86090000E-04  3.10280000E-05
2001-12-24T19:23:19.390  9.58610000E-05  3.75290000E-04  1.22970000E-03
2001-12-24T19:23:20.390 -9.93650000E-05 -5.02030000E-04  1.88360000E-05
2001-12-24T19:23:21.390  2.02150000E-04 -1.68730000E-04  5.57850000E-04
2001-12-24T19:23:22.390  5.92950000E-05  1.22200000E-05  5.37360000E-04
2001-12-24T19:23:23.390 -5.29750000E-04  8.64490000E-05  4.94980000E-04
2001-12-24T19:23:24.390  1.09120000E-04  2.53150000E-04  8.06550000E-05
2001-12-24T19:23:25.390 -9.20920000E-05 -1.53430000E-04  6.76730000E-04
2001-12-24T19:23:26.390 -1.08750000E-04  3.80000000E-05  2.33940000E-04
2001-12-24T19:23:27.390 -2.88720000E-06 -4.18220000E-04  6.99040000E-04
2001-12-24T19:23:28.390 -7.35870000E-05 -6.66190000E-05  4.23580000E-04
2001-12-24T19:23:29.390  4.93920000E-07  1.27780000E-04  5.63180000E-04
2001-12-24T19:23:30.390 -2.69040000E-04  5.74530000E-05 -3.37590000E-04
2001-12-24T19:23:31.390 -1.65490000E-04  4.08790000E-04  1.16920000E-03
2001-12-24T19:23:32.390 -5.63100000E-04 -1.97280000E-04  2.98010000E-04
2001-12-24T19:23:33.390 -6.94480000E-06  2.36630000E-04  7.24290000E-04
2001-12-24T19:23:34.390  4.59970000E-05 -2.23180000E-04  2.52910000E-04
2001-12-24T19:23:35.390 -1.84260000E-04 -7.79860000E-05  3.08160000E-04
2001-12-24T19:23:36.390  2.47160000E-04  1.14980000E-04  7.33680000E-04
2001-12-24T19:23:37.390 -1.35450000E-04 -1.16910000E-04  7.75270000E-05
2001-12-24T19:23:38.390 -2.81370000E-04  2.59490000E-04  5.94580000E-04
2001-12-24T19:23:39.390 -2.49430000E-04  1.90220000E-04  5.49290000E-04
2001-12-24T19:23:40.390 -3.71930000E-04  9.18870000E-05  7.40340000E-05
2001-12-24T19:23:41.390  1.02380000E-04  4.55340000E-04  6.12200000E-04
2001-12-24T19:23:42.390 -2.45820000E-04 -2.13050000E-04  7.55820000E-04
2001-12-24T19:23:43.390  1.56460000E-04 -2.16470000E-04 -3.22600000E-05
2001-12-24T19:23:44.390 -7.73770000E-05  3.35800000E-04  4.20360000E-04
2001-12-24T19:23:45.390 -1.80280000E-07 -2.10010000E-04  6.31140000E-04
2001-12-24T19:23:46.390  2.21960000E-04  1.81170000E-04  4.56650000E-04
2001-12-24T19:23:47.390 -5.17820000E-04  1.54930000E-04  5.59640000E-04
2001-12-24T19:23:48.390 -2.13000000E-04  2.55430000E-04  6.57510000E-04
2001-12-24T19:23:49.390 -1.77290000E-05  5.40000000E-04  4.84720000E-04
2001-12-24T19:23:50.390 -3.63970000E-04 -3.57850000E-05  3.82800000E-04
2001-12-24T19:23:51.390 -4.19490000E-05  4.57610000E-04  3.52350000E-04
2001-12-24T19:23:52.390  1.82420000E-04  4.15980000E-04  6.61530000E-04
2001-12-24T19:23:53.390 -2.81860000E-04 -7.95450000E-05  5.01400000E-04
2001-12-24T19:23:54.390 -2.05200000E-04  8.44290000E-04 -4.76780000E-05
2001-12-24T19:23:55.390  2.28770000E-04  5.73400000E-04  8.52480000E-04
2001-12-24T19:23:56.390 -5.31870000E-04  6.33960000E-04  2.97390000E-04
2001-12-24T19:23:57.390 -2.18810000E-06  5.37450000E-04  4.28920000E-04
2001-12-24T19:23:58.390 -1.09180000E-04  5.59700000E-04  1.11010000E-03
2001-12-24T19:23:59.390 -2.05080000E-04  8.08200000E-04  2.21920000E-04
2001-12-24T19:24:00.390 -3.21530000E-05  3.86410000E-04  6.33970000E-04
2001-12-24T19:24:01.390 -8.93010000E-05  8.87750000E-04  5.48120000E-04
2001-12-24T19:24:02.390  1.30440000E-04  4.89810000E-04  2.28010000E-04
2001-12-24T19:24:03.390 -7.26550000E-05  1.00840000E-03  8.23570000E-04
2001-12-24T19:24:04.390 -8.44620000E-05  1.02140000E-03 -1.05590000E-04
2001-12-24T19:24:05.390 -6.69880000E-04  1.36910000E-03  9.63300000E-04
2001-12-24T19:24:06.390 -2.67790000E-04  1.44800000E-03  1.23970000E-04
2001-12-24T19:24:07.390  2.71840000E-04  1.23110000E-03  6.13950000E-04
2001-12-24T19:24:08.390 -1.09450000E-04  7.62090000E-04  3.05820000E-04
2001-12-24T19:24:09.390 -3.80440000E-04  1.39900000E-03  7.60080000E-04
2001-12-24T19:24:10.390  9.57230000E-06  1.46870000E-03  2.56650000E-04
2001-12-24T19:24:11.390 -4.63190000E-04  1.36460000E-03  4.41220000E-04
2001-12-24T19:24:12.390  4.22140000E-05  5.67810000E-04  6.35010000E-04
2001-12-24T19:24:13.390  1.24570000E-04  1.20290000E-03  5.49920000E-04
2001-12-24T19:24:14.390 -1.70950000E-04  1.09490000E-03  3.01410000E-04
2001-12-24T19:24:15.390 -3.91710000E-04  1.44150000E-03  4.96560000E-04
2001-12-24T19:24:16.390 -1.92400000E-04  1.65970000E-03  6.52100000E-04
2001-12-24T19:24:17.390  1.87400000E-04  1.03390000E-03 -7.22720000E-05
2001-12-24T19:24:18.390  7.63180000E-05  1.28930000E-03  1.32570000E-03
2001-12-24T19:24:19.390 -5.95460000E-04  1.86720000E-03  5.15210000E-05
2001-12-24T19:24:20.390  1.61790000E-04  1.87090000E-03  4.54490000E-04
2001-12-24T19:24:21.390 -2.53170000E-04  1.64990000E-03  2.08120000E-04
2001-12-24T19:24:22.390 -2.01720000E-04  1.97300000E-03  7.54380000E-04
2001-12-24T19:24:23.390 -1.57690000E-04  1.49420000E-03  7.95100000E-04
2001-12-24T19:24:24.390  2.27380000E-04  2.23580000E-03  2.50650000E-04
2001-12-24T19:24:25.390 -6.61530000E-04  2.12730000E-03  7.08320000E-04
2001-12-24T19:24:26.390  4.06270000E-04  1.48280000E-03  4.26420000E-04
2001-12-24T19:24:27.390 -5.83870000E-04  2.54340000E-03  4.78790000E-04
2001-12-24T19:24:28.390  1.76000000E-04  2.01020000E-03  9.82950000E-04
2001-12-24T19:24:29.390 -5.04110000E-04  2.62880000E-03  9.43240000E-05
2001-12-24T19:24:30.390 -2.26260000E-04  2.06150000E-03  4.11070000E-04
2001-12-24T19:24:31.390 -1.53520000E-04  3.05260000E-03  4.38780000E-04
2001-12-24T19:24:32.390 -3.92890000E-04  2.96160000E-03  8.76730000E-04
2001-12-24T19:24:33.390  1.11760000E-04  2.76490000E-03  1.51510000E-04
2001-12-24T19:24:34.390 -5.76090000E-04  2.81230000E-03  5.34330000E-04
2001-12-24T19:24:35.390 -1.32430000E-04  3.48700000E-03  5.52890000E-04
2001-12-24T19:24:36.390  1.69830000E-04  2.63500000E-03  6.94980000E-04
2001-12-24T19:24:37.390 -3.81050000E-04  3.19970000E-03  5.79850000E-04
2001-12-24T19:24:38.390 -2.44700000E-04  3.22350000E-03  4.60200000E-04
2001-12-24T19:24:39.390 -1.01710000E-04  3.27150000E-03  5.95030000E-04
2001-12-24T19:24:40.390  2.80740000E-04  3.08030000E-03  5.99310000E-04
2001-12-24T19:24:41.390 -4.08430000E-04  3.52740000E-03  6.53590000E-04
2001-12-24T19:24:42.390 -2.70320000E-04  3.74790000E-03  7.11540000E-04
2001-12-24T19:24:43.390 -1.58430000E-04  4.00340000E-03  2.06340000E-04
2001-12-24T19:24:44.390  7.52140000E-05  3.93890000E-03  8.81440000E-04
2001-12-24T19:24:45.390 -2.74270000E-04  4.05500000E-03  4.88490000E-04
2001-12-24T19:24:46.390 -4.85860000E-04  4.05390000E-03  3.16320000E-04
2001-12-24T19:24:47.390  1.29160000E-04  4.83640000E-03  7.84290000E-04
2001-12-24T19:24:48.390 -2.80510000E-04  4.37390000E-03  2.29310000E-04
2001-12-24T19:24:49.390 -1.03750000E-04  5.00150000E-03  1.24620000E-03
2001-12-24T19:24:50.390 -1.46930000E-04  4.64940000E-03  2.99290000E-04
2001-12-24T19:24:51.390 -6.39900000E-04  4.91410000E-03  5.99710000E-04
2001-12-24T19:24:52.390  6.56730000E-06  5.61640000E-03  6.83540000E-04
2001-12-24T19:24:53.390  1.57080000E-04  5.67400000E-03  4.17720000E-04
2001-12-24T19:24:54.390 -7.57890000E-04  5.00740000E-03  7.49320000E-04
2001-12-24T19:24:55.390 -1.66710000E-04  5.98390000E-03  5.66700000E-04
2001-12-24T19:24:56.390  3.26100000E-04  5.12280000E-03  4.77460000E-04
2001-12-24T19:24:57.390 -8.35260000E-04  5.48940000E-03  8.32260000E-04
2001-12-24T19:24:58.390 -8.02250000E-05  5.35930000E-03  8.75370000E-04
2001-12-24T19:24:59.390  1.71600000E-04  6.14220000E-03  5.24310000E-04
2001-12-24T19:25:00.390 -7.17560000E-04  5.17550000E-03  3.74040000E-04
2001-12-24T19:25:01.390  3.91240000E-04  6.47180000E-03  5.59210000E-04
2001-12-24T19:25:02.390 -1.02860000E-03  5.58310000E-03  8.70790000E-04
2001-12-24T19:25:03.390  2.36800000E-04  6.56620000E-03  6.68340000E-04
2001-12-24T19:25:04.390 -5.95690000E-04  5.86940000E-03  7.14920000E-04
2001-12-24T19:25:05.390  2.91410000E-04  6.90640000E-03  4.28430000E-04
2001-12-24T19:25:06.390 -6.28130000E-04  5.35260000E-03  6.98800000E-04
2001-12-24T19:25:07.390  2.00070000E-04  6.53840000E-03  4.53170000E-04
2001-12-24T19:25:08.390 -3.64920000E-04  5.46760000E-03  7.62230000E-04
2001-12-24T19:25:09.390 -1.45990000E-04  6.58350000E-03  1.01810000E-03
2001-12-24T19:25:10.390 -1.56970000E-04  5.75060000E-03  1.42090000E-04
2001-12-24T19:25:11.390 -1.46880000E-04  7.24280000E-03  5.01140000E-04
2001-12-24T19:25:12.390 -8.44670000E-04  6.20790000E-03  9.77980000E-04
2001-12-24T19:25:13.390  2.95730000E-04  7.33490000E-03  5.04970000E-04
2001-12-24T19:25:14.390  3.22870000E-04  6.90220000E-03  1.27470000E-03
2001-12-24T19:25:15.390 -1.05430000E-03  5.97010000E-03  6.11660000E-04
2001-12-24T19:25:16.390  3.27760000E-04  7.33580000E-03  2.89130000E-05
2001-12-24T19:25:17.390 -6.02130000E-04  6.66810000E-03  1.06390000E-03
2001-12-24T19:25:18.390 -6.75840000E-04  6.82190000E-03  5.94290000E-04
2001-12-24T19:25:19.390  2.68220000E-04  7.81130000E-03  6.10250000E-04
2001-12-24T19:25:20.390  3.24180000E-04  7.61480000E-03  6.46240000E-04
2001-12-24T19:25:21.390 -9.27400000E-04  6.94970000E-03  5.51760000E-04
2001-12-24T19:25:22.390 -4.54650000E-04  6.62330000E-03  7.84600000E-04
2001-12-24T19:25:23.390  1.20790000E-04  7.99170000E-03  7.61470000E-04
2001-12-24T19:25:24.390 -2.90810000E-05  7.98420000E-03  8.72130000E-04
2001-12-24T19:25:25.390  4.28400000E-07  8.19690000E-03  2.84520000E-04
2001-12-24T19:25:26.390 -2.27930000E-04  7.91390000E-03  1.11110000E-03
2001-12-24T19:25:27.390 -9.51050000E-05  8.04310000E-03  2.48930000E-04
2001-12-24T19:25:28.390 -1.73690000E-04  8.42120000E-03  1.17230000E-03
2001-12-24T19:25:29.390 -3.32220000E-04  8.84240000E-03  4.27330000E-04
2001-12-24T19:25:30.390 -4.37680000E-04  8.06420000E-03  6.60210000E-04
2001-12-24T19:25:31.390  3.12910000E-05  8.42790000E-03  9.72500000E-04
2001-12-24T19:25:32.390 -4.11720000E-04  8.30760000E-03  5.31930000E-04
2001-12-24T19:25:33.390 -4.05080000E-04  8.79680000E-03  5.99400000E-04
2001-12-24T19:25:34.390 -4.08740000E-04  8.70110000E-03  7.72660000E-04
2001-12-24T19:25:35.390 -4.38530000E-04  8.67780000E-03  3.58660000E-04
2001-12-24T19:25:36.390 -6.66130000E-04  8.93540000E-03  8.27990000E-04
2001-12-24T19:25:37.390  2.04770000E-04  1.13790000E-02  6.20590000E-04
2001-12-24T19:25:38.390 -5.34840000E-04  9.61940000E-03  6.44740000E-04
2001-12-24T19:25:39.390 -8.88690000E-04  9.09150000E-03  7.16020000E-04
2001-12-24T19:25:40.390  1.37500000E-04  9.22510000E-03  5.33280000E-04
2001-12-24T19:25:41.390  2.26360000E-04  9.30600000E-03  7.93350000E-04
2001-12-24T19:25:42.390 -7.38890000E-04  1.00950000E-02  5.29490000E-04
2001-12-24T19:25:43.390 -1.27250000E-04  1.37470000E-02  7.69960000E-04
2001-12-24T19:25:44.390 -5.55450000E-04  1.38620000E-02  4.87320000E-04
2001-12-24T19:25:45.390 -4.46350000E-04  1.40220000E-02  7.75860000E-04
2001-12-24T19:25:46.390  3.16700000E-04  1.43970000E-02  6.51480000E-04
2001-12-24T19:25:47.390 -7.38180000E-04  1.49220000E-02  7.90320000E-04
2001-12-24T19:25:48.390 -5.18770000E-04  1.39000000E-02  7.31100000E-04
2001-12-24T19:25:49.390 -5.22780000E-04  1.50510000E-02  6.55170000E-04
2001-12-24T19:25:50.390 -2.61860000E-04  1.45830000E-02  4.47850000E-04
2001-12-24T19:25:51.390 -3.61030000E-04  1.50200000E-02  8.53200000E-04
2001-12-24T19:25:52.390 -7.84320000E-04  1.45690000E-02  5.90440000E-04
2001-12-24T19:25:53.390  3.34240000E-04  1.65840000E-02  8.98660000E-04
2001-12-24T19:25:54.390 -8.41810000E-04  1.60490000E-02  6.93800000E-04
2001-12-24T19:25:55.390  2.51700000E-04  1.87120000E-02  7.93940000E-04
2001-12-24T19:25:56.390 -1.13530000E-03  1.64010000E-02  3.21520000E-04
2001-12-24T19:25:57.390 -1.11780000E-04  1.82540000E-02  8.59200000E-04
2001-12-24T19:25:58.390 -2.89110000E-04  1.67470000E-02  9.27180000E-04
2001-12-24T19:25:59.390 -5.51300000E-04  1.76830000E-02  8.45080000E-04
2001-12-24T19:26:00.390  2.66760000E-04  1.76060000E-02  7.56840000E-04
2001-12-24T19:26:01.390 -8.60020000E-04  1.62930000E-02  4.82900000E-04
2001-12-24T19:26:02.390 -6.68830000E-05  1.60290000E-02  7.68380000E-04
2001-12-24T19:26:03.390 -9.35770000E-05  1.66210000E-02  1.06640000E-03
2001-12-24T19:26:04.390 -5.37340000E-04  1.52250000E-02  5.31650000E-04
2001-12-24T19:26:05.390 -4.91300000E-04  1.55880000E-02  7.49590000E-04
2001-12-24T19:26:06.390 -2.30430000E-04  1.48670000E-02  6.86990000E-04
2001-12-24T19:26:07.390 -3.63590000E-04  1.55410000E-02  8.48400000E-04
2001-12-24T19:26:08.390 -2.38780000E-04  1.57060000E-02  7.55840000E-04
2001-12-24T19:26:09.390 -2.87950000E-04  1.63400000E-02  9.06320000E-04
2001-12-24T19:26:10.390 -5.23760000E-04  1.56090000E-02  9.33470000E-04
2001-12-24T19:26:11.390 -5.42860000E-04  1.61220000E-02  9.78450000E-04
2001-12-24T19:26:12.390 -2.22530000E-04  1.60150000E-02  9.22750000E-04
2001-12-24T19:26:13.390 -4.44620000E-04  1.65980000E-02  7.69880000E-04
2001-12-24T19:26:14.390 -6.77190000E-04  1.57950000E-02  8.37720000E-04
2001-12-24T19:26:15.390 -2.73100000E-04  1.70140000E-02  7.31170000E-04
2001-12-24T19:26:16.390 -5.49590000E-04  1.56430000E-02  9.29060000E-04
2001-12-24T19:26:17.390 -1.03500000E-04  1.64310000E-02  8.36100000E-04
2001-12-24T19:26:18.390 -5.30390000E-04  1.52940000E-02  8.82480000E-04
2001-12-24T19:26:19.390 -8.91200000E-04  1.47170000E-02  6.78220000E-04
2001-12-24T19:26:20.390 -4.27370000E-04  1.45280000E-02  8.82410000E-04
2001-12-24T19:26:21.390 -2.52420000E-04  1.52810000E-02  6.67290000E-04
2001-12-24T19:26:22.390 -6.46980000E-04  1.41710000E-02  6.95420000E-04
2001-12-24T19:26:23.390 -5.30210000E-04  1.49680000E-02  1.12510000E-03
2001-12-24T19:26:24.390 -4.85480000E-04  1.43180000E-02  5.77090000E-04
2001-12-24T19:26:25.390 -3.46350000E-04  1.58420000E-02  1.14030000E-03
2001-12-24T19:26:26.390 -5.83150000E-04  1.51720000E-02  2.36720000E-04
2001-12-24T19:26:27.390 -4.84340000E-04  1.49440000E-02  1.12340000E-03
2001-12-24T19:26:28.390 -5.17710000E-04  1.33350000E-02  5.91350000E-04
2001-12-24T19:26:29.390 -5.81750000E-04  1.40320000E-02  1.12740000E-03
2001-12-24T19:26:30.390 -7.67550000E-05  1.32770000E-02 -7.12620000E-06
2001-12-24T19:26:31.390 -3.89610000E-04  1.42640000E-02  1.31160000E-03
2001-12-24T19:26:32.390 -6.38640000E-04  1.25440000E-02  2.98710000E-04
2001-12-24T19:26:33.390 -2.28830000E-05  1.31810000E-02  1.01980000E-03
2001-12-24T19:26:34.390 -2.58490000E-04  1.30070000E-02  2.51430000E-04
2001-12-24T19:26:35.390 -5.42640000E-04  1.39930000E-02  8.86280000E-04
2001-12-24T19:26:36.390 -2.98820000E-04  1.33550000E-02  3.55350000E-04
2001-12-24T19:26:37.390 -8.79330000E-04  1.32840000E-02  8.62710000E-04
2001-12-24T19:26:38.390  1.81510000E-04  1.24440000E-02  4.04750000E-04
2001-12-24T19:26:39.390 -7.53490000E-04  1.23550000E-02  1.13820000E-03
2001-12-24T19:26:40.390 -5.40260000E-05  1.19450000E-02  2.96230000E-04
2001-12-24T19:26:41.390 -4.53530000E-04  1.15510000E-02  5.58920000E-04
2001-12-24T19:26:42.390  1.60360000E-04  1.13840000E-02  4.08460000E-04
2001-12-24T19:26:43.390 -3.56090000E-04  1.16160000E-02  4.42450000E-04
2001-12-24T19:26:44.390 -3.60610000E-05  1.24790000E-02  7.46140000E-04
2001-12-24T19:26:45.390 -7.27300000E-04  1.34180000E-02  7.82080000E-04
2001-12-24T19:26:46.390 -3.37800000E-04  1.15640000E-02  1.24620000E-04
2001-12-24T19:26:47.390 -1.13420000E-04  1.08920000E-02  8.82950000E-04
2001-12-24T19:26:48.390 -4.72310000E-05  1.04180000E-02  3.22660000E-04
2001-12-24T19:26:49.390 -4.08060000E-04  1.11720000E-02  7.63730000E-04
2001-12-24T19:26:50.390  2.63620000E-04  1.05630000E-02  1.06350000E-03
2001-12-24T19:26:51.390 -8.25710000E-04  1.02720000E-02  2.15060000E-04
2001-12-24T19:26:52.390  1.50850000E-04  9.91290000E-03  8.83730000E-04
2001-12-24T19:26:53.390 -1.12320000E-04  1.00410000E-02  1.93670000E-04
2001-12-24T19:26:54.390 -4.12700000E-04  9.78950000E-03  1.23740000E-03
2001-12-24T19:26:55.390 -1.15880000E-05  1.06100000E-02  5.28700000E-04
2001-12-24T19:26:56.390 -6.73600000E-04  9.66300000E-03  5.35450000E-04
2001-12-24T19:26:57.390  5.09730000E-04  1.07750000E-02  6.07410000E-04
2001-12-24T19:26:58.390 -4.68140000E-04  9.18160000E-03  1.06180000E-03
2001-12-24T19:26:59.390  2.17050000E-05  1.02570000E-02 -7.36680000E-05
2001-12-24T19:27:00.390  2.16860000E-04  9.38650000E-03  1.29030000E-03
2001-12-24T19:27:01.390 -7.22340000E-04  9.50700000E-03  4.86070000E-04
2001-12-24T19:27:02.390 -4.42980000E-04  9.32880000E-03  8.20660000E-04
2001-12-24T19:27:03.390  6.13800000E-04  1.09390000E-02  2.13750000E-04
2001-12-24T19:27:04.390 -6.00430000E-04  8.66560000E-03  1.17420000E-03
2001-12-24T19:27:05.390 -7.00010000E-04  8.99480000E-03  4.30530000E-04
2001-12-24T19:27:06.390 -2.55630000E-04  8.68630000E-03  1.09720000E-03
2001-12-24T19:27:07.390 -3.10630000E-04  8.79140000E-03  5.52260000E-04
2001-12-24T19:27:08.390 -5.32030000E-04  8.24400000E-03  7.43390000E-04
2001-12-24T19:27:09.390 -9.01590000E-05  9.60410000E-03  4.52840000E-04
2001-12-24T19:27:10.390  1.16050000E-04  9.46900000E-03  7.68190000E-04
2001-12-24T19:27:11.390 -7.51530000E-04  1.16450000E-02  6.06990000E-04
2001-12-24T19:27:12.390 -1.53820000E-04  1.15040000E-02  1.05600000E-03
2001-12-24T19:27:13.390 -9.26140000E-04  1.19200000E-02  4.26960000E-04
2001-12-24T19:27:14.390 -5.31010000E-04  1.02140000E-02  1.23320000E-03
2001-12-24T19:27:15.390 -2.16580000E-04  1.20130000E-02  3.27090000E-04
2001-12-24T19:27:16.390 -9.05210000E-04  9.23000000E-03  8.69640000E-04
2001-12-24T19:27:17.390 -4.36250000E-04  9.94400000E-03  7.29920000E-04
2001-12-24T19:27:18.390  2.56890000E-04  1.04640000E-02  8.81400000E-04
2001-12-24T19:27:19.390 -7.48840000E-04  9.48190000E-03  7.91930000E-04
2001-12-24T19:27:20.390 -5.34830000E-04  9.64580000E-03  3.64610000E-04
2001-12-24T19:27:21.390 -5.21050000E-05  9.99330000E-03  7.31050000E-04
2001-12-24T19:27:22.390 -6.49190000E-04  1.02740000E-02  8.70830000E-04
2001-12-24T19:27:23.390 -5.01790000E-04  1.05910000E-02  5.62710000E-04
2001-12-24T19:27:24.390  7.83930000E-05  1.02350000E-02  8.07090000E-04
2001-12-24T19:27:25.390 -8.74860000E-04  9.30300000E-03  6.76680000E-04
2001-12-24T19:27:26.390 -3.45010000E-05  9.77260000E-03  8.13920000E-04
2001-12-24T19:27:27.390  1.82740000E-04  1.04890000E-02  5.36870000E-04
2001-12-24T19:27:28.390 -9.35600000E-04  9.13940000E-03  4.99360000E-04
2001-12-24T19:27:29.390 -5.45180000E-04  1.01100000E-02  7.10780000E-04
2001-12-24T19:27:30.390  2.11230000E-04  1.03390000E-02  8.68140000E-04
2001-12-24T19:27:31.390 -9.43230000E-04  1.01130000E-02  3.78360000E-04
2001-12-24T19:27:32.390  5.94610000E-04  1.03820000E-02  8.30120000E-04
2001-12-24T19:27:33.390 -9.42570000E-04  9.97710000E-03  2.14280000E-04
2001-12-24T19:27:34.390 -2.33650000E-04  8.99950000E-03  8.12310000E-04
2001-12-24T19:27:35.390 -4.26120000E-05  9.70030000E-03  5.02260000E-04
2001-12-24T19:27:36.390  2.81120000E-04  9.33740000E-03  9.07520000E-04
2001-12-24T19:27:37.390 -5.94570000E-04  9.22280000E-03  6.70850000E-04
2001-12-24T19:27:38.390 -3.51460000E-04  8.60970000E-03  1.89610000E-04
2001-12-24T19:27:39.390  1.68010000E-04  1.00270000E-02  9.46840000E-04
2001-12-24T19:27:40.390  5.60100000E-05  9.27860000E-03  5.80330000E-04
2001-12-24T19:27:41.390 -3.05330000E-04  9.12380000E-03  8.84870000E-04
2001-12-24T19:27:42.390 -4.54450000E-04  8.62360000E-03  3.03050000E-04
2001-12-24T19:27:43.390  2.26900000E-07  9.57260000E-03  7.26520000E-04
2001-12-24T19:27:44.390  4.42630000E-04  9.34580000E-03  5.31740000E-04
2001-12-24T19:27:45.390 -2.65750000E-04  8.89610000E-03  3.29090000E-04
2001-12-24T19:27:46.390 -1.02720000E-04  8.42370000E-03  5.34890000E-04
2001-12-24T19:27:47.390 -2.96930000E-04  8.58570000E-03  4.24300000E-04
2001-12-24T19:27:48.390 -3.76320000E-04  8.37230000E-03  1.10550000E-03
2001-12-24T19:27:49.390 -2.22960000E-04  8.73600000E-03  2.68730000E-04
2001-12-24T19:27:50.390  4.21180000E-04  9.54340000E-03  5.34740000E-04
2001-12-24T19:27:51.390  2.68940000E-04  9.43900000E-03  8.87950000E-04
2001-12-24T19:27:52.390 -1.10710000E-04  8.43290000E-03  4.76190000E-04
2001-12-24T19:27:53.390 -2.85370000E-04  8.52650000E-03  1.06880000E-03
2001-12-24T19:27:54.390 -3.54550000E-04  8.36280000E-03  2.40990000E-05
2001-12-24T19:27:55.390 -4.07130000E-04  8.65800000E-03  5.93460000E-04
2001-12-24T19:27:56.390 -3.13970000E-04  8.40870000E-03  4.74180000E-04
2001-12-24T19:27:57.390 -4.86470000E-04  9.03430000E-03  7.21640000E-04
2001-12-24T19:27:58.390  3.83550000E-04  9.05390000E-03  4.77970000E-04
2001-12-24T19:27:59.390  3.68750000E-04  9.45680000E-03  1.06970000E-03
2001-12-24T19:28:00.390 -1.97140000E-04  8.46110000E-03  4.22380000E-04
2001-12-24T19:28:01.390 -7.87540000E-04  9.53870000E-03  5.55640000E-04
2001-12-24T19:28:02.390 -5.72950000E-04  8.65090000E-03  7.17760000E-04
2001-12-24T19:28:03.390 -6.09570000E-04  9.05950000E-03  6.61980000E-04
2001-12-24T19:28:04.390 -3.28320000E-04  9.14820000E-03  7.52440000E-04
2001-12-24T19:28:05.390  6.19020000E-04  9.98620000E-03  5.51610000E-04
2001-12-24T19:28:06.390 -6.13770000E-04  8.43570000E-03  9.98200000E-04
2001-12-24T19:28:07.390 -1.51730000E-04  9.24720000E-03  4.51830000E-04
2001-12-24T19:28:08.390 -5.36410000E-04  8.75560000E-03  7.61200000E-04
2001-12-24T19:28:09.390 -6.02420000E-04  8.98290000E-03  7.16210000E-04
2001-12-24T19:28:10.390 -5.64120000E-04  8.66690000E-03  4.66200000E-04
2001-12-24T19:28:11.390 -6.97350000E-04  8.99590000E-03  7.42260000E-04
2001-12-24T19:28:12.390 -6.70950000E-04  8.85050000E-03  9.98240000E-04
2001-12-24T19:28:13.390 -1.48410000E-04  9.31560000E-03  7.30390000E-04
2001-12-24T19:28:14.390  1.96800000E-04  1.00250000E-02  5.20490000E-04
2001-12-24T19:28:15.390 -4.68030000E-04  9.72310000E-03  3.29600000E-04
2001-12-24T19:28:16.390 -6.71880000E-04  8.84950000E-03  1.04490000E-03
2001-12-24T19:28:17.390 -5.43620000E-04  8.83840000E-03  5.74440000E-04
2001-12-24T19:28:18.390 -4.59810000E-04  8.53270000E-03  9.23600000E-04
2001-12-24T19:28:19.390 -8.89230000E-04  9.27200000E-03  4.99060000E-04
2001-12-24T19:28:20.390 -3.96160000E-04  8.69870000E-03  5.43690000E-04
2001-12-24T19:28:21.390 -2.15560000E-04  9.57310000E-03  7.63700000E-04
2001-12-24T19:28:22.390 -3.19790000E-04  8.78910000E-03  6.92360000E-04
2001-12-24T19:28:23.390  2.78090000E-04  9.97180000E-03  8.69530000E-04
2001-12-24T19:28:24.390 -5.83990000E-04  8.92230000E-03  5.88140000E-04
2001-12-24T19:28:25.390 -4.37000000E-04  8.77750000E-03  7.80280000E-04
2001-12-24T19:28:26.390 -2.12860000E-04  8.28640000E-03  7.05680000E-04
2001-12-24T19:28:27.390 -6.61350000E-04  8.98720000E-03  6.12580000E-04
2001-12-24T19:28:28.390 -5.59050000E-04  8.70190000E-03  6.33330000E-04
2001-12-24T19:28:29.390 -3.85020000E-04  8.81330000E-03  6.77600000E-04
2001-12-24T19:28:30.390 -2.02780000E-04  8.20640000E-03  7.67430000E-04
2001-12-24T19:28:31.390 -5.24690000E-05  8.43410000E-03  5.57240000E-04
2001-12-24T19:28:32.390 -2.46640000E-05  8.51730000E-03  7.52840000E-04
2001-12-24T19:28:33.390  3.98800000E-04  9.35960000E-03  7.17180000E-04
2001-12-24T19:28:34.390 -4.01170000E-04  7.37080000E-03  3.33620000E-04
2001-12-24T19:28:35.390 -4.76050000E-04  7.25950000E-03  8.94280000E-04
2001-12-24T19:28:36.390  4.26100000E-04  7.40840000E-03  4.16950000E-04
2001-12-24T19:28:37.390  3.80570000E-04  7.76480000E-03  8.41670000E-04
2001-12-24T19:28:38.390 -1.98480000E-05  7.37900000E-03  7.53460000E-04
2001-12-24T19:28:39.390 -5.88810000E-04  6.94750000E-03  5.09460000E-04
2001-12-24T19:28:40.390 -2.85650000E-04  6.49720000E-03  3.01930000E-04
2001-12-24T19:28:41.390  8.44750000E-04  7.18840000E-03  4.94870000E-04
2001-12-24T19:28:42.390 -8.60760000E-04  5.84790000E-03  9.30070000E-04
2001-12-24T19:28:43.390  4.38660000E-04  6.49070000E-03  2.74340000E-04
2001-12-24T19:28:44.390 -8.01980000E-05  6.25320000E-03  7.54380000E-04
2001-12-24T19:28:45.390 -1.29340000E-04  5.86190000E-03  6.55440000E-04
2001-12-24T19:28:46.390  1.02660000E-06  5.88250000E-03  1.77580000E-05
2001-12-24T19:28:47.390  9.35960000E-05  5.84830000E-03  1.02330000E-03
2001-12-24T19:28:48.390 -3.06930000E-04  5.84470000E-03  2.99390000E-04
2001-12-24T19:28:49.390  2.01360000E-04  5.98030000E-03  6.79380000E-04
2001-12-24T19:28:50.390 -9.07370000E-04  5.39100000E-03  6.08260000E-04
2001-12-24T19:28:51.390  7.30370000E-04  6.68010000E-03  3.99320000E-04
2001-12-24T19:28:52.390 -7.61340000E-04  5.07590000E-03  5.05330000E-04
2001-12-24T19:28:53.390  5.24330000E-04  6.04870000E-03  2.68150000E-04
2001-12-24T19:28:54.390 -2.69310000E-04  5.19800000E-03  8.74870000E-04
2001-12-24T19:28:55.390 -4.85340000E-04  5.50730000E-03  5.38390000E-04
2001-12-24T19:28:56.390  2.96280000E-04  5.47410000E-03  4.83430000E-04
2001-12-24T19:28:57.390 -3.35130000E-04  5.31700000E-03  4.83550000E-04
2001-12-24T19:28:58.390 -2.70730000E-04  4.84380000E-03  4.30800000E-04
2001-12-24T19:28:59.390 -1.36010000E-04  5.37400000E-03  7.80750000E-04
2001-12-24T19:29:00.390  7.82380000E-05  5.04390000E-03  4.72680000E-04
2001-12-24T19:29:01.390 -1.30680000E-04  4.75540000E-03  7.75050000E-04
2001-12-24T19:29:02.390 -6.99910000E-04  4.60320000E-03  7.14630000E-04
2001-12-24T19:29:03.390 -3.17670000E-04  4.97150000E-03 -2.03080000E-04
2001-12-24T19:29:04.390 -1.49290000E-04  4.82980000E-03  8.23290000E-04
2001-12-24T19:29:05.390  8.80240000E-05  4.83070000E-03  1.01190000E-03
2001-12-24T19:29:06.390 -3.83680000E-04  4.95440000E-03  1.85800000E-04
2001-12-24T19:29:07.390 -2.19420000E-04  4.86600000E-03  6.71500000E-04
2001-12-24T19:29:08.390 -5.37910000E-04  4.83090000E-03  4.87820000E-04
2001-12-24T19:29:09.390 -1.92250000E-04  4.49000000E-03  3.61340000E-04
2001-12-24T19:29:10.390  1.37210000E-05  4.19360000E-03  8.09310000E-04
2001-12-24T19:29:11.390 -3.12510000E-04  3.99550000E-03  5.64010000E-04
2001-12-24T19:29:12.390 -3.32690000E-04  3.82690000E-03  2.41920000E-04
2001-12-24T19:29:13.390 -3.38370000E-04  4.57740000E-03  5.57780000E-04
2001-12-24T19:29:14.390 -1.16980000E-04  4.08640000E-03  3.52170000E-04
2001-12-24T19:29:15.390 -4.17260000E-04  4.31450000E-03  9.48370000E-04
2001-12-24T19:29:16.390 -3.65980000E-04  4.31230000E-03  3.08070000E-04
2001-12-24T19:29:17.390 -2.43330000E-04  4.22420000E-03  3.63250000E-04
2001-12-24T19:29:18.390 -1.08660000E-04  3.72900000E-03  8.88480000E-04
2001-12-24T19:29:19.390 -5.92600000E-04  4.25710000E-03  2.65520000E-04
2001-12-24T19:29:20.390 -2.50860000E-04  3.90460000E-03  8.86050000E-04
2001-12-24T19:29:21.390 -2.62530000E-04  4.42500000E-03  5.51480000E-04
2001-12-24T19:29:22.390 -2.57640000E-04  4.03400000E-03  3.42340000E-04
2001-12-24T19:29:23.390 -2.58320000E-04  4.12770000E-03  8.66380000E-04
2001-12-24T19:29:24.390 -5.27170000E-04  4.15280000E-03  2.93880000E-04
2001-12-24T19:29:25.390 -1.69230000E-04  3.92250000E-03  6.17580000E-04
2001-12-24T19:29:26.390 -2.93060000E-04  3.70810000E-03  5.18900000E-04
2001-12-24T19:29:27.390 -5.36220000E-04  4.06110000E-03  8.27100000E-04
2001-12-24T19:29:28.390 -3.29220000E-04  3.26320000E-03  3.61190000E-04
2001-12-24T19:29:29.390 -2.18660000E-05  3.43620000E-03  4.95150000E-04
2001-12-24T19:29:30.390 -2.39620000E-04  3.31850000E-03  8.20060000E-04
2001-12-24T19:29:31.390 -7.99400000E-05  3.24190000E-03  7.95240000E-04
2001-12-24T19:29:32.390 -5.27460000E-04  3.37310000E-03  1.84380000E-04
2001-12-24T19:29:33.390 -1.84220000E-04  2.86320000E-03  7.77880000E-04
2001-12-24T19:29:34.390 -1.10470000E-04  2.61360000E-03  6.31590000E-04
2001-12-24T19:29:35.390 -3.32090000E-04  3.70390000E-03  2.64570000E-04
2001-12-24T19:29:36.390 -3.51580000E-04  2.90840000E-03  6.92820000E-04
2001-12-24T19:29:37.390 -3.16310000E-04  3.16920000E-03  6.12690000E-04
2001-12-24T19:29:38.390 -5.34930000E-05  2.90780000E-03  6.49220000E-04
2001-12-24T19:29:39.390 -3.71300000E-04  3.39230000E-03  4.93850000E-04
2001-12-24T19:29:40.390  6.76990000E-05  3.20470000E-03  6.27380000E-04
2001-12-24T19:29:41.390 -5.17450000E-04  2.73240000E-03  9.09090000E-04
2001-12-24T19:29:42.390 -6.12400000E-05  3.16570000E-03  1.26520000E-04
2001-12-24T19:29:43.390 -3.32440000E-04  3.35780000E-03  5.61450000E-04
2001-12-24T19:29:44.390 -7.68800000E-05  3.07670000E-03  5.73930000E-04
2001-12-24T19:29:45.390  1.34080000E-04  3.06050000E-03  4.97620000E-04
2001-12-24T19:29:46.390 -7.72340000E-04  2.78840000E-03  4.28360000E-04
2001-12-24T19:29:47.390 -7.42590000E-05  3.05850000E-03  7.99830000E-04
2001-12-24T19:29:48.390  2.11720000E-04  2.74740000E-03  3.67910000E-04
2001-12-24T19:29:49.390 -1.56410000E-04  3.41560000E-03  7.08160000E-04
2001-12-24T19:29:50.390 -4.03500000E-04  2.52020000E-03  1.79740000E-04
2001-12-24T19:29:51.390  1.55820000E-04  2.70160000E-03  7.38680000E-04
2001-12-24T19:29:52.390 -1.53960000E-04  3.08190000E-03  9.02610000E-04
2001-12-24T19:29:53.390  2.66310000E-04  2.66120000E-03  4.65580000E-04
2001-12-24T19:29:54.390  9.52810000E-05  2.96560000E-03  4.63220000E-04
2001-12-24T19:29:55.390 -5.27680000E-04  3.07490000E-03  2.59850000E-04
2001-12-24T19:29:56.390 -9.02380000E-05  2.83880000E-03  9.95820000E-04
2001-12-24T19:29:57.390  1.24770000E-04  2.97970000E-03  9.86180000E-05
2001-12-24T19:29:58.390 -4.46620000E-04  2.93440000E-03  8.95080000E-04
2001-12-24T19:29:59.390 -1.58540000E-04  2.79200000E-03  3.56120000E-04
2001-12-24T19:30:00.390  4.39070000E-06  2.98920000E-03  6.85040000E-04
2001-12-24T19:30:01.390 -1.85470000E-04  3.08530000E-03  2.88310000E-04
2001-12-24T19:30:02.390  8.79810000E-05  2.56200000E-03  4.06260000E-04
2001-12-24T19:30:03.390 -2.72750000E-04  2.91430000E-03  9.65030000E-04
2001-12-24T19:30:04.390 -1.19370000E-04  3.07170000E-03  2.81970000E-04
2001-12-24T19:30:05.390  9.80350000E-05  3.00840000E-03  6.68010000E-04
2001-12-24T19:30:06.390  3.08970000E-05  2.95960000E-03  3.08420000E-04
2001-12-24T19:30:07.390 -2.73310000E-04  3.00960000E-03  1.03430000E-03
2001-12-24T19:30:08.390  2.75680000E-04  2.41100000E-03  2.83450000E-04
2001-12-24T19:30:09.390 -4.10380000E-04  3.10000000E-03  8.28540000E-04
2001-12-24T19:30:10.390 -5.88940000E-05  2.74420000E-03  1.93010000E-04
2001-12-24T19:30:11.390  1.31250000E-04  2.43730000E-03  4.39250000E-04
2001-12-24T19:30:12.390 -3.55430000E-04  2.69000000E-03  1.16430000E-03
2001-12-24T19:30:13.390  4.80290000E-04  2.55460000E-03  6.85260000E-05
2001-12-24T19:30:14.390 -5.06660000E-04  2.65000000E-03  7.19320000E-04
2001-12-24T19:30:15.390  1.37440000E-04  1.71630000E-03  7.86010000E-04
2001-12-24T19:30:16.390 -4.37730000E-05  2.45600000E-03 -6.89460000E-05
2001-12-24T19:30:17.390 -2.49900000E-04  1.95610000E-03  8.40460000E-04
2001-12-24T19:30:18.390  3.16540000E-04  1.71770000E-03  4.19190000E-04
2001-12-24T19:30:19.390 -4.55320000E-04  2.26770000E-03  6.65070000E-04
2001-12-24T19:30:20.390  2.46140000E-04  1.43970000E-03  4.13660000E-04
2001-12-24T19:30:21.390 -4.19900000E-04  1.99260000E-03  3.71380000E-04
2001-12-24T19:30:22.390  7.89150000E-05  1.96000000E-03  6.50620000E-04
2001-12-24T19:30:23.390 -2.77940000E-04  1.24820000E-03  4.85580000E-04
2001-12-24T19:30:24.390  2.98180000E-04  1.83710000E-03  5.53240000E-04
2001-12-24T19:30:25.390 -6.76590000E-04  1.88710000E-03  8.18460000E-04
2001-12-24T19:30:26.390  3.88820000E-04  1.26040000E-03 -8.24090000E-05
2001-12-24T19:30:27.390 -3.11450000E-04  6.81380000E-04  5.34250000E-04
2001-12-24T19:30:28.390  5.00140000E-05  1.01100000E-03  7.10030000E-04
2001-12-24T19:30:29.390 -1.29240000E-04  7.06230000E-04  3.69200000E-04
2001-12-24T19:30:30.390 -1.19010000E-04  8.44690000E-04  7.51600000E-04
2001-12-24T19:30:31.390 -1.12350000E-04  6.16040000E-04  4.85130000E-04
2001-12-24T19:30:32.390 -3.38690000E-04  6.33080000E-04  1.18210000E-05
2001-12-24T19:30:33.390 -5.64610000E-05  5.39240000E-04  4.50270000E-04
2001-12-24T19:30:34.390 -1.84530000E-04  5.65100000E-04  6.79790000E-04
2001-12-24T19:30:35.390 -1.16500000E-05  3.73460000E-04  2.49840000E-04
2001-12-24T19:30:36.390 -1.62890000E-04  5.10690000E-04  6.55620000E-04
2001-12-24T19:30:37.390 -8.83480000E-05  5.24090000E-04  5.57360000E-04
2001-12-24T19:30:38.390 -4.14720000E-04  6.43480000E-04  2.38080000E-04
2001-12-24T19:30:39.390  1.47370000E-04  4.15590000E-04  2.70140000E-04
2001-12-24T19:30:40.390 -3.39880000E-04  6.57350000E-04  6.41330000E-04
2001-12-24T19:30:41.390  1.44930000E-04  1.20890000E-04  4.87180000E-04
2001-12-24T19:30:42.390 -3.23770000E-04  5.29690000E-04  6.39820000E-04
2001-12-24T19:30:43.390  1.99660000E-04  1.75420000E-04  1.52550000E-04
2001-12-24T19:30:44.390 -4.43880000E-04  4.84150000E-04  7.69940000E-04
2001-12-24T19:30:45.390 -9.50690000E-06  3.67800000E-04  1.35380000E-04
2001-12-24T19:30:46.390 -5.80740000E-05  1.53910000E-04  1.00920000E-03
2001-12-24T19:30:47.390 -2.42480000E-04  2.49340000E-04  4.22720000E-04
2001-12-24T19:30:48.390 -7.08070000E-05  2.59210000E-04  3.54110000E-04
2001-12-24T19:30:49.390 -1.47750000E-04  2.70330000E-04  1.51160000E-04
2001-12-24T19:30:50.390 -1.12870000E-04  9.97510000E-05  6.51090000E-04
2001-12-24T19:30:51.390 -1.92780000E-04  4.41550000E-04  4.26880000E-04
2001-12-24T19:30:52.390 -2.95890000E-04  2.74310000E-04  1.80490000E-04
2001-12-24T19:30:53.390 -7.76000000E-05  3.87460000E-04  7.26060000E-04
2001-12-24T19:30:54.390 -7.56870000E-06  2.75590000E-04  7.06640000E-05
2001-12-24T19:30:55.390 -2.18480000E-04  6.32980000E-05  5.08550000E-04
2001-12-24T19:30:56.390 -9.72690000E-05  1.88370000E-04  8.73850000E-04
2001-12-24T19:30:57.390 -2.58800000E-04 -8.63530000E-05  8.56360000E-05
2001-12-24T19:30:58.390  1.33360000E-04 -1.39100000E-04  3.63890000E-04
2001-12-24T19:30:59.390 -2.35410000E-04  4.63580000E-05  1.98400000E-04
2001-12-24T19:31:00.390 -1.04000000E-04  5.40720000E-05  6.97760000E-04
2001-12-24T19:31:01.390  9.17550000E-05  4.77290000E-04  2.05610000E-04
2001-12-24T19:31:02.390 -4.25670000E-04 -7.42940000E-05  6.83630000E-05
2001-12-24T19:31:03.390 -2.79350000E-04  2.42500000E-04  8.94280000E-04
2001-12-24T19:31:04.390 -1.80790000E-04  1.97510000E-04  2.28170000E-04
2001-12-24T19:31:05.390 -4.16090000E-04 -1.40870000E-04  6.64740000E-04
2001-12-24T19:31:06.390  3.21210000E-04  1.57300000E-04  6.48960000E-04
2001-12-24T19:31:07.390 -2.26400000E-04 -6.19730000E-04  8.27690000E-05
2001-12-24T19:31:08.390 -1.09560000E-04  2.37460000E-04  7.17260000E-04
2001-12-24T19:31:09.390 -1.50840000E-04 -2.00870000E-04  2.58370000E-04
2001-12-24T19:31:10.390  1.15360000E-04  1.49240000E-04  4.69240000E-04
2001-12-24T19:31:11.390 -5.05720000E-04  2.38120000E-04  3.77310000E-04
2001-12-24T19:31:12.390 -2.99410000E-04  2.48670000E-05  6.46010000E-04
2001-12-24T19:31:13.390  3.67310000E-04  1.49590000E-04  3.73140000E-04
2001-12-24T19:31:14.390 -2.75490000E-04 -5.43010000E-04  6.47720000E-04
2001-12-24T19:31:15.390  2.18230000E-04 -4.43880000E-05  1.94750000E-04
2001-12-24T19:31:16.390 -1.03580000E-04 -1.05070000E-04  9.26760000E-04
2001-12-24T19:31:17.390 -4.97750000E-04  1.80130000E-05  2.23780000E-04
2001-12-24T19:31:18.390 -7.73800000E-05  2.23220000E-04  1.16210000E-04
2001-12-24T19:31:19.390 -2.89940000E-04 -3.45030000E-04  5.42260000E-04
2001-12-24T19:31:20.390  8.20260000E-05 -3.44920000E-05  8.18900000E-04
2001-12-24T19:31:21.390 -6.81880000E-05 -6.38590000E-04 -1.43700000E-05
2001-12-24T19:31:22.390  1.40490000E-04  1.78400000E-04  9.16390000E-04
2001-12-24T19:31:23.390 -4.77530000E-04 -7.34980000E-05  3.89390000E-04
2001-12-24T19:31:24.390 -1.19620000E-04  2.63530000E-05  4.22250000E-04
2001-12-24T19:31:25.390 -4.99670000E-04 -3.38390000E-05  5.91290000E-04
2001-12-24T19:31:26.390  1.53980000E-04 -1.93630000E-04  1.28880000E-04
2001-12-24T19:31:27.390 -2.71470000E-04 -3.22890000E-04  8.50890000E-04
2001-12-24T19:31:28.390  1.55470000E-04 -2.49330000E-04  1.65050000E-04
2001-12-24T19:31:29.390 -2.63100000E-04  1.19300000E-05  6.59390000E-04
2001-12-24T19:31:30.390 -2.69780000E-04 -8.12080000E-06  3.16070000E-04
2001-12-24T19:31:31.390 -1.17290000E-04  2.93320000E-04  2.66970000E-04
2001-12-24T19:31:32.390 -4.42000000E-04 -4.01540000E-04  6.86090000E-04
2001-12-24T19:31:33.390  3.46560000E-04 -7.60200000E-06  6.11280000E-04
2001-12-24T19:31:34.390 -2.29860000E-04 -5.73860000E-04  7.16790000E-04
2001-12-24T19:31:35.390  1.87190000E-04  2.58170000E-05  1.87330000E-04
2001-12-24T19:31:36.390 -3.02120000E-04  1.52270000E-04  5.45050000E-04
2001-12-24T19:31:37.390 -4.61030000E-04 -1.78860000E-04  2.67390000E-04
2001-12-24T19:31:38.390 -1.39580000E-04  1.12130000E-05  5.62410000E-04
2001-12-24T19:31:39.390  2.24230000E-04 -7.41850000E-04  4.99330000E-04
2001-12-24T19:31:40.390 -5.64570000E-05 -1.12270000E-04  1.84070000E-04
2001-12-24T19:31:41.390 -3.46420000E-04 -2.35120000E-04  4.91260000E-04
2001-12-24T19:31:42.390 -1.24060000E-04  1.67020000E-04  5.99900000E-04
2001-12-24T19:31:43.390 -4.08750000E-04 -2.66960000E-04  3.66580000E-04
2001-12-24T19:31:44.390  1.11970000E-04  1.50560000E-04  4.06000000E-04
2001-12-24T19:31:45.390 -2.38730000E-04 -7.90300000E-04  5.48280000E-04
2001-12-24T19:31:46.390  3.04200000E-04 -1.04470000E-05  3.04260000E-04
2001-12-24T19:31:47.390 -2.71350000E-04 -9.01910000E-05  4.42620000E-04
2001-12-24T19:31:48.390 -2.19340000E-04 -5.18740000E-05  7.46570000E-04
2001-12-24T19:31:49.390 -3.05350000E-04 -1.11440000E-04  6.73220000E-04
2001-12-24T19:31:50.390 -5.81100000E-05  3.49060000E-06  3.04490000E-04
2001-12-24T19:31:51.390  1.43460000E-04 -5.26160000E-04  2.73700000E-04
2001-12-24T19:31:52.390 -1.90200000E-04 -3.79780000E-04  5.97520000E-04
2001-12-24T19:31:53.390 -4.38590000E-04 -1.05070000E-04  1.91940000E-04
2001-12-24T19:31:54.390 -2.49690000E-04  1.38950000E-04  5.83960000E-04
2001-12-24T19:31:55.390  1.70470000E-04 -1.49850000E-04  5.02270000E-04
2001-12-24T19:31:56.390  3.47370000E-04 -2.34780000E-04  2.10800000E-04
2001-12-24T19:31:57.390 -4.14390000E-05 -1.69880000E-04  6.26800000E-04
2001-12-24T19:31:58.390  1.25230000E-04  6.71240000E-05  5.27970000E-04
2001-12-24T19:31:59.390 -5.78940000E-04 -1.80910000E-04  2.49890000E-04
2001-12-24T19:32:00.390  3.58860000E-04 -1.67180000E-04  4.24560000E-04
2001-12-24T19:32:01.390 -1.51970000E-04 -4.12260000E-04  4.93430000E-04
2001-12-24T19:32:02.390  3.04640000E-04 -3.54840000E-04  2.84870000E-04
2001-12-24T19:32:03.390 -5.01530000E-04 -1.89880000E-04  5.07050000E-04
2001-12-24T19:32:04.390 -6.18450000E-05  1.06420000E-04  2.35180000E-04
2001-12-24T19:32:05.390 -9.77400000E-05 -3.58170000E-04  7.34110000E-04
2001-12-24T19:32:06.390  3.22420000E-04 -3.24510000E-05  2.87620000E-04
2001-12-24T19:32:07.390 -1.37410000E-04 -4.72460000E-04  4.40690000E-04
2001-12-24T19:32:08.390 -2.82700000E-05 -4.41590000E-05  3.01370000E-04
2001-12-24T19:32:09.390 -6.08870000E-04  1.14990000E-04  3.98960000E-04
2001-12-24T19:32:10.390  1.02110000E-05 -4.60540000E-04  2.23100000E-04
2001-12-24T19:32:11.390  1.35960000E-04 -1.90480000E-04  5.50650000E-04
2001-12-24T19:32:12.390  1.00970000E-05 -4.57180000E-04  3.58640000E-04
2001-12-24T19:32:13.390  1.12860000E-04  1.94340000E-04  4.24040000E-04
2001-12-24T19:32:14.390 -4.43270000E-04 -2.49620000E-04  6.40830000E-04
2001-12-24T19:32:15.390 -2.15930000E-04 -3.09360000E-05  6.11000000E-04
2001-12-24T19:32:16.390 -4.05250000E-04 -3.58600000E-04 -5.50680000E-05
2001-12-24T19:32:17.390  3.20280000E-04 -9.98440000E-05  1.13100000E-03
2001-12-24T19:32:18.390 -1.31070000E-04 -4.39030000E-04  2.32810000E-04
2001-12-24T19:32:19.390 -4.50490000E-05  4.60410000E-05  2.08020000E-04
2001-12-24T19:32:20.390 -5.10420000E-04 -1.04280000E-04  8.11260000E-04
2001-12-24T19:32:21.390 -6.87310000E-05 -1.91290000E-04  2.48930000E-04
2001-12-24T19:32:22.390  7.88970000E-05 -3.24690000E-04  1.32330000E-04
2001-12-24T19:32:23.390 -6.43470000E-05 -3.77300000E-04  7.03830000E-04
2001-12-24T19:32:24.390 -1.96430000E-04 -1.78410000E-04  3.56470000E-04
2001-12-24T19:32:25.390 -3.78170000E-04 -6.63100000E-06  4.32550000E-04
2001-12-24T19:32:26.390  4.17170000E-05 -1.18600000E-04  7.09200000E-04
2001-12-24T19:32:27.390 -1.28930000E-04 -5.55120000E-04  8.90990000E-04
2001-12-24T19:32:28.390  9.55900000E-05 -1.58700000E-04 -2.27780000E-04
2001-12-24T19:32:29.390 -2.67430000E-04 -3.65320000E-04  4.93970000E-04
2001-12-24T19:32:30.390 -1.00080000E-04 -1.69220000E-05  6.40550000E-04
2001-12-24T19:32:31.390 -3.34500000E-04 -2.62820000E-04  6.07180000E-04
2001-12-24T19:32:32.390  3.44230000E-04 -2.24600000E-04  4.78880000E-04
2001-12-24T19:32:33.390  2.51190000E-05 -4.77850000E-04  3.17920000E-04
2001-12-24T19:32:34.390 -2.18870000E-05 -1.22870000E-04  2.36620000E-04
2001-12-24T19:32:35.390 -4.68370000E-04 -1.83800000E-04  1.06410000E-03
2001-12-24T19:32:36.390 -3.07250000E-05  1.42910000E-04  6.09180000E-06
2001-12-24T19:32:37.390 -2.00570000E-04 -8.20240000E-04  8.28240000E-04
2001-12-24T19:32:38.390  2.66300000E-04 -2.28280000E-04  3.52760000E-04
2001-12-24T19:32:39.390 -3.09650000E-04 -1.92560000E-04  4.32330000E-04
2001-12-24T19:32:40.390 -7.31280000E-05 -1.19550000E-05  5.90720000E-04
2001-12-24T19:32:41.390 -6.65830000E-04 -1.61180000E-04  2.62340000E-04
2001-12-24T19:32:42.390  8.71850000E-05 -2.43550000E-04  7.58750000E-04
2001-12-24T19:32:43.390  3.18170000E-04 -1.41830000E-06 -7.83430000E-05
2001-12-24T19:32:44.390 -3.50980000E-04 -6.07760000E-04  6.37580000E-04
2001-12-24T19:32:45.390  3.07490000E-05  2.87240000E-04  2.57220000E-04
2001-12-24T19:32:46.390 -3.81390000E-04 -4.12300000E-04  8.21350000E-04
2001-12-24T19:32:47.390  2.62200000E-04 -6.74170000E-05  4.40030000E-04
2001-12-24T19:32:48.390 -3.20140000E-04 -8.01060000E-04  5.02000000E-04
2001-12-24T19:32:49.390  2.66140000E-04 -7.41360000E-05  4.97250000E-04
2001-12-24T19:32:50.390 -4.74020000E-04 -1.02960000E-04  1.22830000E-04
2001-12-24T19:32:51.390 -1.07590000E-04 -4.83890000E-05  5.66810000E-04
2001-12-24T19:32:52.390 -2.78520000E-04 -2.69050000E-04  5.79810000E-04
2001-12-24T19:32:53.390  1.65050000E-04 -4.67980000E-04  5.43140000E-04
2001-12-24T19:32:54.390 -8.01000000E-05 -3.13480000E-04 -1.14840000E-05
2001-12-24T19:32:55.390 -2.68740000E-04 -7.10010000E-05  6.21820000E-04
2001-12-24T19:32:56.390 -2.14090000E-04 -1.05930000E-04  6.42660000E-04
2001-12-24T19:32:57.390 -3.28940000E-04 -3.94970000E-04  5.00300000E-04
2001-12-24T19:32:58.390  2.41760000E-04 -3.64060000E-04  2.82170000E-04
2001-12-24T19:32:59.390 -7.00300000E-05 -3.60680000E-04  7.62590000E-04
2001-12-24T19:33:00.390 -1.46820000E-04  2.72080000E-05 -1.40870000E-04
2001-12-24T19:33:01.390 -5.91510000E-04 -3.60730000E-04  1.06480000E-03
2001-12-24T19:33:02.390  3.74380000E-04  2.77200000E-04  3.02250000E-04
2001-12-24T19:33:03.390 -3.37760000E-04 -6.65570000E-04  7.08330000E-04
2001-12-24T19:33:04.390  3.24370000E-04 -2.83020000E-04  1.28110000E-04
2001-12-24T19:33:05.390 -6.03160000E-04 -4.28350000E-04  8.19420000E-04
2001-12-24T19:33:06.390  6.22720000E-05  1.09140000E-04  4.21320000E-04
2001-12-24T19:33:07.390 -2.45040000E-04 -1.95790000E-04 -8.30430000E-05
2001-12-24T19:33:08.390  2.44530000E-04 -2.53680000E-04  7.59500000E-04
2001-12-24T19:33:09.390 -3.68320000E-04 -4.54180000E-04  7.77630000E-04
2001-12-24T19:33:10.390  2.12850000E-04 -1.55010000E-04  2.95740000E-04
2001-12-24T19:33:11.390 -5.55070000E-04 -1.02310000E-04  8.29540000E-04
2001-12-24T19:33:12.390 -1.60980000E-05 -5.16840000E-05  3.07330000E-04
2001-12-24T19:33:13.390  2.10860000E-05 -5.44630000E-04  5.30320000E-04
2001-12-24T19:33:14.390  1.16540000E-05 -3.44850000E-04  5.45320000E-04
2001-12-24T19:33:15.390 -4.63760000E-04 -4.24450000E-04  3.75970000E-04
2001-12-24T19:33:16.390 -5.64420000E-05  1.50290000E-04  7.48680000E-04
2001-12-24T19:33:17.390 -4.74210000E-04 -2.48500000E-05  1.52910000E-04
2001-12-24T19:33:18.390  1.68680000E-04 -4.79370000E-04  1.78670000E-04
2001-12-24T19:33:19.390 -2.69620000E-04 -5.67180000E-04  5.48310000E-04
2001-12-24T19:33:20.390  3.70170000E-05 -1.43880000E-04  6.58030000E-04
2001-12-24T19:33:21.390  1.70910000E-05  1.00560000E-04  5.29980000E-04
2001-12-24T19:33:22.390 -5.26970000E-04 -3.16540000E-04 -1.50890000E-04
2001-12-24T19:33:23.390  3.37530000E-04 -6.60810000E-05  1.18510000E-03
2001-12-24T19:33:24.390 -4.82490000E-04 -5.30230000E-04 -1.73570000E-04
2001-12-24T19:33:25.390  3.71730000E-04 -1.96300000E-05  5.13270000E-04
2001-12-24T19:33:26.390 -4.68740000E-04 -4.90910000E-04  8.32360000E-04
2001-12-24T19:33:27.390 -5.05920000E-05  3.15130000E-04  3.79580000E-04
2001-12-24T19:33:28.390 -5.84710000E-04 -5.85610000E-04  3.10380000E-04
2001-12-24T19:33:29.390  4.94680000E-04 -1.76240000E-04  6.00120000E-04
2001-12-24T19:33:30.390 -1.49630000E-04 -6.91770000E-04  2.97800000E-04
2001-12-24T19:33:31.390 -1.14640000E-04  2.90260000E-04  6.55510000E-04
2001-12-24T19:33:32.390 -3.79760000E-04 -3.18460000E-04  7.05320000E-04
2001-12-24T19:33:33.390  9.21320000E-05 -1.48940000E-04  6.51740000E-04
2001-12-24T19:33:34.390  3.39600000E-05 -3.71070000E-04 -1.02360000E-04
2001-12-24T19:33:35.390 -1.75460000E-04 -5.05500000E-04  2.73720000E-04
2001-12-24T19:33:36.390 -2.42000000E-04 -6.05930000E-05  6.45780000E-04
2001-12-24T19:33:37.390 -3.28170000E-04 -5.67320000E-05  8.90170000E-04
2001-12-24T19:33:38.390 -1.55200000E-04 -1.74870000E-04  1.90610000E-04
2001-12-24T19:33:39.390 -4.47300000E-05 -3.61370000E-04  2.51930000E-04
2001-12-24T19:33:40.390 -1.91610000E-05 -4.18680000E-04  8.82860000E-04
2001-12-24T19:33:41.390 -3.05060000E-04 -2.38300000E-04  3.17290000E-05
2001-12-24T19:33:42.390  7.32090000E-05  1.81320000E-04  8.79060000E-04
2001-12-24T19:33:43.390 -4.22270000E-04 -4.09120000E-04  2.61310000E-04
2001-12-24T19:33:44.390  2.79930000E-04 -2.31440000E-04  5.81610000E-04
2001-12-24T19:33:45.390 -6.47890000E-05 -6.51230000E-04  4.91640000E-04
2001-12-24T19:33:46.390  2.25860000E-05  6.45890000E-05  3.55270000E-04
2001-12-24T19:33:47.390 -7.08160000E-04 -2.11450000E-04  6.46610000E-04
2001-12-24T19:33:48.390  5.55100000E-05  1.81520000E-04  5.28240000E-04
2001-12-24T19:33:49.390 -1.86730000E-04 -6.75120000E-04  7.19650000E-04
2001-12-24T19:33:50.390  2.14570000E-04 -6.24290000E-05 -1.00130000E-06
2001-12-24T19:33:51.390 -3.84670000E-04 -6.30240000E-04  7.32630000E-04
2001-12-24T19:33:52.390 -9.76340000E-05  4.25560000E-05  4.59780000E-04
2001-12-24T19:33:53.390 -3.39270000E-04  1.01100000E-05  4.18800000E-04
2001-12-24T19:33:54.390 -1.77140000E-05  3.29970000E-05  3.60010000E-04
2001-12-24T19:33:55.390 -1.16160000E-04 -1.00160000E-03  4.84560000E-04
2001-12-24T19:33:56.390  2.21500000E-04  7.94610000E-05  2.97080000E-04
2001-12-24T19:33:57.390 -6.02660000E-04 -3.39670000E-04  7.89240000E-04
2001-12-24T19:33:58.390 -1.63510000E-04  4.72930000E-05  2.34200000E-04
2001-12-24T19:33:59.390 -1.09670000E-04 -2.18310000E-04  4.79570000E-04
2001-12-24T19:34:00.390 -1.56110000E-04 -2.29140000E-04  3.68350000E-04
2001-12-24T19:34:01.390  1.74220000E-05 -5.97520000E-04  7.77360000E-04
2001-12-24T19:34:02.390 -9.64230000E-05 -2.53050000E-04  1.13560000E-04
2001-12-24T19:34:03.390 -2.07300000E-04  6.11230000E-05  4.27170000E-04
2001-12-24T19:34:04.390 -4.84930000E-04 -2.88490000E-04  7.25390000E-04
2001-12-24T19:34:05.390  1.39590000E-04 -5.38320000E-04  5.91490000E-04
2001-12-24T19:34:06.390 -1.19090000E-04 -2.79820000E-04  1.36270000E-04
2001-12-24T19:34:07.390  3.01650000E-04  2.20540000E-05  4.89490000E-04
2001-12-24T19:34:08.390 -7.24410000E-04 -5.03010000E-04  5.98660000E-04
2001-12-24T19:34:09.390  2.52010000E-04  3.04500000E-04  3.54030000E-04
2001-12-24T19:34:10.390 -2.44100000E-04 -6.95950000E-04  3.01270000E-04
2001-12-24T19:34:11.390  4.25580000E-04 -2.76840000E-04  6.00510000E-04
2001-12-24T19:34:12.390 -7.23720000E-04 -4.12210000E-04  5.68490000E-04
2001-12-24T19:34:13.390  8.54650000E-05  2.27970000E-04  5.35600000E-04
2001-12-24T19:34:14.390 -5.20140000E-04 -2.42690000E-04  5.34270000E-04
2001-12-24T19:34:15.390  5.64620000E-05 -2.79770000E-05  7.15100000E-04
2001-12-24T19:34:16.390 -7.96830000E-05 -6.13760000E-04  2.37180000E-04
2001-12-24T19:34:17.390  1.66740000E-04 -2.92630000E-04  6.68030000E-04
2001-12-24T19:34:18.390 -2.25500000E-04  6.26750000E-06  5.79400000E-04
2001-12-24T19:34:19.390 -4.18060000E-04  1.85320000E-05  5.53210000E-04
2001-12-24T19:34:20.390  9.36450000E-05 -8.11760000E-05  1.17060000E-04
2001-12-24T19:34:21.390 -3.87460000E-04 -5.37310000E-04  3.80190000E-04
2001-12-24T19:34:22.390  1.45490000E-04 -5.02840000E-04  2.51090000E-04
2001-12-24T19:34:23.390 -3.39630000E-04 -2.31010000E-04  9.37010000E-04
2001-12-24T19:34:24.390 -3.02070000E-05 -1.11580000E-04  6.94860000E-05
2001-12-24T19:34:25.390 -5.40450000E-04  2.02920000E-04  4.97980000E-04
2001-12-24T19:34:26.390  2.21730000E-04 -3.64900000E-04  8.06360000E-04
2001-12-24T19:34:27.390 -7.16280000E-05 -4.68810000E-04  4.87050000E-04
2001-12-24T19:34:28.390 -2.29270000E-05 -4.03990000E-04  2.60880000E-04
2001-12-24T19:34:29.390 -4.12590000E-04  2.96060000E-05  3.66430000E-04
2001-12-24T19:34:30.390 -7.53560000E-05 -8.31690000E-05  8.18180000E-04
2001-12-24T19:34:31.390 -1.78880000E-04 -4.31520000E-04  1.54720000E-04
2001-12-24T19:34:32.390  1.71250000E-04  1.54380000E-04  1.10000000E-03
2001-12-24T19:34:33.390 -3.53650000E-04 -8.93710000E-04 -3.39310000E-05
2001-12-24T19:34:34.390 -6.41750000E-06  9.21830000E-05  6.94250000E-04
2001-12-24T19:34:35.390 -6.75320000E-04 -3.32300000E-04  4.37180000E-04
2001-12-24T19:34:36.390 -6.36910000E-05  5.12100000E-05  4.59610000E-04
2001-12-24T19:34:37.390 -1.77060000E-04 -5.02710000E-04  7.79750000E-04
2001-12-24T19:34:38.390  1.01760000E-04 -2.27470000E-05  4.72410000E-04
2001-12-24T19:34:39.390 -1.41530000E-04 -6.47650000E-04  2.52550000E-04
2001-12-24T19:34:40.390 -8.31280000E-05  1.33980000E-04  1.76530000E-04
2001-12-24T19:34:41.390 -2.93400000E-04 -1.05130000E-04  5.90330000E-04
2001-12-24T19:34:42.390  1.83260000E-05 -1.74450000E-04  4.65370000E-04
2001-12-24T19:34:43.390 -2.67500000E-04 -6.81620000E-04  7.24570000E-04
2001-12-24T19:34:44.390  2.24940000E-04 -3.49890000E-04  7.14000000E-05
2001-12-24T19:34:45.390 -4.71680000E-04 -2.55140000E-04  1.06870000E-03
2001-12-24T19:34:46.390 -1.24940000E-04  1.62280000E-04  5.92470000E-05
2001-12-24T19:34:47.390 -1.80230000E-04 -2.08160000E-04  9.60320000E-04
2001-12-24T19:34:48.390  3.79280000E-06 -5.25060000E-04  3.40640000E-04
2001-12-24T19:36:11.990 -3.65040000E-04 -3.95870000E-04  5.71260000E-04
2001-12-24T19:36:12.990  1.86960000E-04 -4.08940000E-04  6.39390000E-04
2001-12-24T19:36:13.990 -2.83410000E-04 -3.39300000E-04  4.56380000E-04
2001-12-24T19:36:14.990 -9.94520000E-05 -1.48320000E-04  8.28870000E-04
2001-12-24T19:36:15.990 -4.71300000E-04 -6.86290000E-05  4.81230000E-04
2001-12-24T19:36:16.990 -3.29150000E-04 -5.93870000E-05  2.89270000E-04
2001-12-24T19:36:17.990 -5.08580000E-04 -1.68780000E-04  6.42610000E-04
2001-12-24T19:36:18.990  1.24020000E-04 -3.61450000E-04  6.57730000E-04
2001-12-24T19:36:19.990 -1.04980000E-04 -5.60170000E-04  1.81550000E-04
2001-12-24T19:36:20.990 -4.81660000E-05 -5.25540000E-05  7.74360000E-04
2001-12-24T19:36:21.990 -3.03770000E-04 -1.36490000E-04  3.64490000E-04
2001-12-24T19:36:22.990 -4.74450000E-04  1.04110000E-04  7.64280000E-04
2001-12-24T19:36:23.990 -2.62640000E-04 -2.71560000E-04  5.94790000E-04
2001-12-24T19:36:24.990 -1.55790000E-04 -2.23640000E-04  5.53590000E-04
2001-12-24T19:36:25.990  4.97450000E-06 -3.17420000E-04  6.35690000E-04
2001-12-24T19:36:26.990 -1.73140000E-04 -3.78780000E-04  1.01460000E-03
2001-12-24T19:36:27.990  5.10220000E-05 -1.37390000E-04 -1.16130000E-04
2001-12-24T19:36:28.990 -6.90740000E-04  9.32860000E-05  1.13580000E-03
2001-12-24T19:36:29.990 -1.05580000E-04  3.24630000E-05  3.33320000E-04
2001-12-24T19:36:30.990 -3.26440000E-04 -4.95950000E-04  2.72940000E-04
2001-12-24T19:36:31.990  9.94520000E-05  1.65610000E-04  4.06050000E-04
