2001-12-14T21:22:10.823 -8.92720000E-05 -2.81260000E-04  3.60530000E-04
2001-12-14T21:22:11.823 -8.00140000E-05 -2.47710000E-04  5.35920000E-04
2001-12-14T21:22:12.823 -1.43600000E-04 -1.79510000E-04  3.56970000E-04
2001-12-14T21:22:13.823 -7.73590000E-05 -3.07500000E-04  3.35640000E-04
2001-12-14T21:22:14.823 -1.48850000E-04 -2.31720000E-04  5.93470000E-04
2001-12-14T21:22:15.823 -1.67300000E-04 -1.78460000E-04  3.00610000E-04
2001-12-14T21:22:16.823 -9.12700000E-05 -2.25390000E-04  4.38070000E-04
2001-12-14T21:22:17.823 -1.56280000E-04 -2.69280000E-04  3.19430000E-04
2001-12-14T21:22:18.823 -1.09220000E-04 -7.56640000E-05  4.12470000E-04
2001-12-14T21:22:19.823 -1.00460000E-04 -3.22980000E-04  3.84700000E-04
2001-12-14T21:22:20.823 -2.74350000E-04 -2.99480000E-04  4.69870000E-04
2001-12-14T21:22:21.823 -9.95190000E-05 -2.25220000E-04  3.86900000E-04
2001-12-14T21:22:22.823 -1.28940000E-05 -1.38280000E-04  6.23630000E-04
2001-12-14T21:22:23.823 -1.52940000E-04 -4.06080000E-04  1.70400000E-04
2001-12-14T21:22:24.823 -8.58630000E-06 -1.14090000E-04  6.13810000E-04
2001-12-14T21:22:25.823 -1.86110000E-04 -1.34880000E-04  4.52030000E-04
2001-12-14T21:22:26.823 -8.65460000E-05 -2.15010000E-04  5.56260000E-04
2001-12-14T21:22:27.823 -4.90430000E-05 -2.25740000E-04  2.17980000E-04
2001-12-14T21:22:28.823 -8.40130000E-05 -1.20430000E-04  7.27880000E-04
2001-12-14T21:22:29.823 -1.53130000E-04 -1.85150000E-04  2.59880000E-04
2001-12-14T21:22:30.823 -1.16880000E-04 -3.27240000E-04  4.99990000E-04
2001-12-14T21:22:31.823 -1.96780000E-04 -2.09540000E-04  2.08900000E-04
2001-12-14T21:22:32.823  4.93490000E-05 -1.82330000E-05  7.18140000E-04
2001-12-14T21:22:33.823 -1.29350000E-04 -3.94330000E-04  1.82320000E-04
2001-12-14T21:22:34.823 -5.47430000E-05 -2.89960000E-04  7.03740000E-04
2001-12-14T21:22:35.823 -1.69090000E-04 -2.49430000E-04  2.79570000E-04
2001-12-14T21:22:36.823 -1.14030000E-04 -9.80080000E-05  6.18070000E-04
2001-12-14T21:22:37.823 -5.98330000E-05 -2.47670000E-04  2.82810000E-04
2001-12-14T21:22:38.823 -1.26300000E-04 -1.66530000E-04  4.83380000E-04
2001-12-14T21:22:39.823 -1.66430000E-04 -1.95370000E-04  5.81480000E-04
2001-12-14T21:22:40.823 -2.37060000E-04 -3.24920000E-04  3.70300000E-04
2001-12-14T21:22:41.823 -2.62880000E-06 -1.62400000E-04  4.36850000E-04
2001-12-14T21:22:42.823 -1.48700000E-04 -3.33990000E-04  4.61000000E-04
2001-12-14T21:22:43.823 -1.27330000E-04 -2.37220000E-04  2.78610000E-04
2001-12-14T21:22:44.823 -1.94830000E-04 -3.05090000E-04  5.47040000E-04
2001-12-14T21:22:45.823 -1.51830000E-04 -2.32260000E-04  3.15620000E-04
2001-12-14T21:22:46.823  9.44320000E-06 -1.72030000E-04  4.62400000E-04
2001-12-14T21:22:47.823 -1.17390000E-04 -1.98760000E-04  6.15890000E-04
2001-12-14T21:22:48.823 -1.65170000E-04 -3.32600000E-04  3.43600000E-04
2001-12-14T21:22:49.823 -9.62010000E-05 -1.71520000E-04  3.87610000E-04
2001-12-14T21:22:50.823 -3.01730000E-04 -4.05740000E-04  2.44910000E-04
2001-12-14T21:22:51.823 -1.22870000E-04 -2.49530000E-04  6.66390000E-04
2001-12-14T21:22:52.823 -6.10190000E-05 -2.37290000E-04  3.95010000E-04
2001-12-14T21:22:53.823  3.28380000E-06 -2.14690000E-04  5.50550000E-04
2001-12-14T21:22:54.823 -1.84590000E-04 -1.93540000E-04  2.14860000E-04
2001-12-14T21:22:55.823 -1.65930000E-05 -2.57760000E-04  5.73270000E-04
2001-12-14T21:22:56.823 -1.85580000E-04 -2.49090000E-04  1.78750000E-04
2001-12-14T21:22:57.823 -9.82430000E-05 -1.43790000E-04  6.59440000E-04
2001-12-14T21:22:58.823 -6.77750000E-05 -2.98300000E-04  2.62540000E-04
2001-12-14T21:22:59.823 -7.51480000E-05 -2.66940000E-04  4.68130000E-04
2001-12-14T21:23:00.823 -1.73320000E-04 -2.74030000E-04  4.23430000E-04
2001-12-14T21:23:01.823 -1.30830000E-05 -1.99430000E-04  4.13580000E-04
2001-12-14T21:23:02.823 -2.18710000E-04 -2.14390000E-04  2.99370000E-04
2001-12-14T21:23:03.823 -9.13810000E-05 -1.63640000E-04  6.85770000E-04
2001-12-14T21:23:04.823 -4.55360000E-05 -3.88130000E-04  1.48780000E-04
2001-12-14T21:23:05.823 -1.00340000E-04 -1.23850000E-04  6.21030000E-04
2001-12-14T21:23:06.823 -4.10340000E-04 -4.05740000E-04  4.54770000E-04
2001-12-14T21:23:07.823  5.36580000E-05  1.03470000E-05  2.88890000E-04
2001-12-14T21:23:08.823 -2.45010000E-04 -2.31040000E-04  4.87000000E-04
2001-12-14T21:23:09.823  4.22390000E-05 -2.31760000E-04  4.14080000E-04
2001-12-14T21:23:10.823 -2.19690000E-04 -2.54590000E-04  6.42770000E-04
2001-12-14T21:23:11.823  6.90370000E-05 -2.16320000E-04  1.31570000E-04
2001-12-14T21:23:12.823 -1.08220000E-04 -3.13090000E-04  4.75100000E-04
2001-12-14T21:23:13.823 -4.53510000E-05 -5.47930000E-05  3.99340000E-04
2001-12-14T21:23:14.823 -2.81700000E-04 -3.58650000E-04  5.12860000E-04
2001-12-14T21:23:15.823  1.04610000E-04 -1.87740000E-04  4.25800000E-04
2001-12-14T21:23:16.823 -2.01870000E-04 -4.01410000E-04  3.61140000E-04
2001-12-14T21:23:17.823 -9.58340000E-06 -1.09150000E-04  6.46190000E-04
2001-12-14T21:23:18.823 -1.61560000E-04 -1.41100000E-04  2.25260000E-04
2001-12-14T21:23:19.823 -1.33570000E-04 -2.54040000E-04  5.26390000E-04
2001-12-14T21:23:20.823  2.32240000E-05 -3.07090000E-04  3.40420000E-04
2001-12-14T21:23:21.823 -3.94690000E-05 -2.13990000E-04  5.41720000E-04
2001-12-14T21:23:22.823 -2.66420000E-04 -1.59190000E-04  3.34960000E-04
2001-12-14T21:23:23.823 -8.33030000E-05 -2.82300000E-04  3.98900000E-04
2001-12-14T21:23:24.823 -8.54230000E-05 -2.09220000E-04  5.68300000E-04
2001-12-14T21:23:25.823 -1.31670000E-04 -3.16440000E-04  3.29880000E-04
2001-12-14T21:23:26.823 -2.88160000E-05 -2.87620000E-04  6.01960000E-04
2001-12-14T21:23:27.823 -1.54040000E-04 -2.56240000E-04  2.01940000E-04
2001-12-14T21:23:28.823 -6.78240000E-05 -9.20370000E-05  6.62270000E-04
2001-12-14T21:23:29.823 -4.50720000E-05 -3.58680000E-04  2.40630000E-04
2001-12-14T21:23:30.823  4.91270000E-05 -1.65500000E-04  4.73500000E-04
2001-12-14T21:23:31.823 -1.42710000E-04 -3.98670000E-04  4.92630000E-04
2001-12-14T21:23:32.823  6.53580000E-05 -2.06620000E-04  4.06430000E-04
2001-12-14T21:23:33.823 -4.04360000E-04 -3.39140000E-04  7.65700000E-04
2001-12-14T21:23:34.823  2.84540000E-05 -7.46740000E-05  1.12860000E-04
2001-12-14T21:23:35.823 -2.41410000E-04 -5.51990000E-04  6.79190000E-04
2001-12-14T21:23:36.823  1.09860000E-04 -8.78420000E-05  2.81900000E-04
2001-12-14T21:23:37.823 -2.40100000E-04 -3.63050000E-04  4.63710000E-04
2001-12-14T21:23:38.823  4.25250000E-05 -1.02990000E-04  3.55270000E-04
2001-12-14T21:23:39.823 -2.42330000E-04 -2.80120000E-04  3.10060000E-04
2001-12-14T21:23:40.823  1.06210000E-04 -1.30010000E-04  5.50010000E-04
2001-12-14T21:23:41.823 -1.16290000E-04 -4.01330000E-04  2.53800000E-04
2001-12-14T21:23:42.823 -1.58090000E-04 -1.06490000E-04  3.99920000E-04
2001-12-14T21:23:43.823 -7.33000000E-05 -3.25560000E-04  3.00240000E-04
2001-12-14T21:23:44.823 -4.79800000E-06 -2.61960000E-04  6.60560000E-04
2001-12-14T21:23:45.823 -2.76730000E-04 -2.35270000E-04  3.07190000E-04
2001-12-14T21:23:46.823 -1.36790000E-05 -2.03690000E-04  3.70660000E-04
2001-12-14T21:23:47.823 -7.44480000E-05 -2.95840000E-04  4.97510000E-04
2001-12-14T21:23:48.823 -4.03980000E-05 -1.22740000E-04  2.76620000E-04
2001-12-14T21:23:49.823 -1.46490000E-04 -3.67360000E-04  4.42930000E-04
2001-12-14T21:23:50.823 -4.52060000E-05 -1.70930000E-04  3.06040000E-04
2001-12-14T21:23:51.823 -5.75200000E-05 -2.27660000E-04  7.18780000E-04
2001-12-14T21:23:52.823 -5.85100000E-05 -3.03400000E-04  2.85090000E-04
2001-12-14T21:23:53.823 -5.90940000E-05 -1.94250000E-04  3.08380000E-04
2001-12-14T21:23:54.823 -9.92710000E-05 -4.26820000E-04  3.87010000E-04
2001-12-14T21:23:55.823 -3.43030000E-05 -1.82350000E-04  5.68790000E-04
2001-12-14T21:23:56.823 -6.06110000E-05 -2.89760000E-04  3.67170000E-04
2001-12-14T21:23:57.823 -3.73190000E-05 -1.66310000E-04  3.01480000E-04
2001-12-14T21:23:58.823 -1.68030000E-04 -1.65710000E-04  6.85390000E-04
2001-12-14T21:23:59.823  3.75600000E-05 -3.10190000E-04  1.55110000E-04
2001-12-14T21:24:00.823 -2.61990000E-04 -2.42300000E-04  5.05170000E-04
2001-12-14T21:24:01.823 -7.71020000E-05 -2.99490000E-04  3.47680000E-04
2001-12-14T21:24:02.823 -1.67800000E-04 -1.44480000E-04  5.49840000E-04
2001-12-14T21:24:03.823  4.59500000E-05 -1.56180000E-04  4.13270000E-04
2001-12-14T21:24:04.823 -1.06800000E-04 -3.13780000E-04  4.49490000E-04
2001-12-14T21:24:05.823 -1.62490000E-04 -2.68680000E-04  3.51090000E-04
2001-12-14T21:24:06.823 -1.90660000E-04 -3.90550000E-04  4.83820000E-04
2001-12-14T21:24:07.823 -2.60250000E-05 -1.53340000E-04  4.02320000E-04
2001-12-14T21:24:08.823 -2.79230000E-04 -1.66010000E-04  3.59120000E-04
2001-12-14T21:24:09.823  3.69220000E-05 -2.28540000E-04  4.70580000E-04
2001-12-14T21:24:10.823 -2.19400000E-04 -4.63330000E-04  4.51620000E-04
2001-12-14T21:24:11.823 -3.01850000E-07 -2.83610000E-05  4.80440000E-04
2001-12-14T21:24:12.823 -1.70760000E-04 -3.52300000E-04  4.46050000E-04
2001-12-14T21:24:13.823 -1.09860000E-04 -2.03430000E-04  3.79410000E-04
2001-12-14T21:24:14.823 -1.06980000E-04 -2.97620000E-04  5.48120000E-04
2001-12-14T21:24:15.823  5.03960000E-05 -1.34700000E-04  3.72570000E-04
2001-12-14T21:24:16.823 -2.77560000E-04 -3.52120000E-04  4.70660000E-04
2001-12-14T21:24:17.823  7.14100000E-05 -1.87500000E-04  2.99460000E-04
2001-12-14T21:24:18.823 -2.14340000E-04 -9.18760000E-05  7.69160000E-04
2001-12-14T21:24:19.823 -1.65610000E-04 -3.30970000E-04  3.32310000E-04
2001-12-14T21:24:20.823 -1.46470000E-04 -1.19320000E-04  3.93090000E-04
2001-12-14T21:24:21.823  6.68200000E-05 -2.92140000E-04  5.61590000E-04
2001-12-14T21:24:22.823 -1.53140000E-04 -2.52570000E-04  2.07210000E-04
2001-12-14T21:24:23.823 -9.26540000E-05 -3.05120000E-04  7.81490000E-04
2001-12-14T21:24:24.823 -3.85200000E-05 -1.32210000E-04  6.80320000E-05
2001-12-14T21:24:25.823 -2.85750000E-04 -2.51120000E-04  7.37960000E-04
2001-12-14T21:24:26.823  4.64960000E-05 -3.34850000E-04  3.71950000E-04
2001-12-14T21:24:27.823 -2.07860000E-04 -2.60060000E-04  5.36540000E-04
2001-12-14T21:24:28.823  2.90220000E-06 -2.27540000E-04  4.93340000E-04
2001-12-14T21:24:29.823 -2.49190000E-04 -3.51630000E-04  3.57580000E-04
2001-12-14T21:24:30.823 -7.66850000E-05 -1.79320000E-04  2.57250000E-04
2001-12-14T21:24:31.823 -1.73120000E-04 -3.73340000E-04  5.78600000E-04
2001-12-14T21:24:32.823 -1.36160000E-05 -2.13760000E-04  4.64790000E-04
2001-12-14T21:24:33.823 -1.76100000E-04 -1.66380000E-04  3.53350000E-04
2001-12-14T21:24:34.823 -1.50100000E-04 -2.81230000E-04  1.63530000E-04
2001-12-14T21:24:35.823 -6.13610000E-05 -2.02240000E-04  6.58540000E-04
2001-12-14T21:24:36.823 -4.74610000E-05 -1.80410000E-04  2.39790000E-04
2001-12-14T21:24:37.823 -1.40510000E-04 -2.18020000E-04  6.22790000E-04
2001-12-14T21:24:38.823  4.73460000E-05 -1.37130000E-04  3.40210000E-04
2001-12-14T21:24:39.823 -2.04740000E-04 -3.01520000E-04  5.29770000E-04
2001-12-14T21:24:40.823 -6.89890000E-06 -9.14440000E-05  4.21020000E-04
2001-12-14T21:24:41.823 -1.58790000E-04 -3.59850000E-04  4.09850000E-04
2001-12-14T21:24:42.823  5.17330000E-05 -2.59310000E-04  4.67520000E-04
2001-12-14T21:24:43.823 -2.24050000E-04 -2.07390000E-04  3.90510000E-04
2001-12-14T21:24:44.823 -6.05260000E-05 -2.12440000E-04  6.93180000E-04
2001-12-14T21:24:45.823 -1.73540000E-04 -3.65000000E-04  3.32370000E-04
2001-12-14T21:24:46.823 -1.10600000E-04 -1.18040000E-04  1.52710000E-04
2001-12-14T21:24:47.823 -8.81630000E-05 -3.24390000E-04  6.36150000E-04
2001-12-14T21:24:48.823 -1.52980000E-04 -2.03190000E-04  4.14260000E-04
2001-12-14T21:24:49.823 -8.08660000E-05 -2.19870000E-04  4.95240000E-04
2001-12-14T21:24:50.823 -4.51870000E-05 -1.50960000E-04  4.86750000E-04
2001-12-14T21:24:51.823 -3.07330000E-04 -2.96480000E-04  4.47430000E-04
2001-12-14T21:24:52.823  1.35250000E-05 -2.74090000E-04  3.63790000E-04
2001-12-14T21:24:53.823 -1.76760000E-04 -1.78630000E-04  3.38300000E-04
2001-12-14T21:24:54.823 -4.90110000E-05 -2.31170000E-04  6.64520000E-04
2001-12-14T21:24:55.823 -2.40700000E-04 -3.43600000E-04  7.66580000E-05
2001-12-14T21:24:56.823 -1.81610000E-05 -2.41540000E-04  6.05640000E-04
2001-12-14T21:24:57.823 -2.98060000E-04 -2.83120000E-04  2.29010000E-04
2001-12-14T21:24:58.823  6.83840000E-05 -2.02510000E-04  5.13340000E-04
2001-12-14T21:24:59.823 -1.56320000E-04 -3.44460000E-04  5.19770000E-04
2001-12-14T21:25:00.823 -1.90560000E-04 -2.16020000E-04  1.80260000E-04
2001-12-14T21:25:01.823 -1.58670000E-04 -1.42030000E-04  6.23590000E-04
2001-12-14T21:25:02.823 -1.02140000E-04 -2.26770000E-04  2.04690000E-04
2001-12-14T21:25:03.823 -9.92670000E-05 -3.65690000E-04  5.58670000E-04
2001-12-14T21:25:04.823  2.87730000E-05 -2.00420000E-04  5.76030000E-04
2001-12-14T21:25:05.823 -8.52620000E-05 -1.86530000E-04  2.79130000E-04
2001-12-14T21:25:06.823 -1.58530000E-04 -2.28990000E-04  3.06620000E-04
2001-12-14T21:25:07.823 -7.77210000E-05 -4.56850000E-04  6.61020000E-04
2001-12-14T21:25:08.823 -6.67090000E-05 -2.02420000E-04 -9.35260000E-06
2001-12-14T21:25:09.823 -2.17070000E-05 -2.76770000E-04  8.74500000E-04
2001-12-14T21:25:10.823 -1.41190000E-04 -2.07610000E-04  2.80920000E-04
2001-12-14T21:25:11.823 -4.35770000E-05 -1.74740000E-04  3.84340000E-04
2001-12-14T21:25:12.823 -1.95410000E-04 -3.43360000E-04  7.11230000E-04
2001-12-14T21:25:13.823 -1.57320000E-04 -3.05730000E-04  1.28940000E-04
2001-12-14T21:25:14.823 -6.48880000E-05 -1.80570000E-04  6.23910000E-04
2001-12-14T21:25:15.823  1.06960000E-04 -2.00300000E-04  3.76100000E-04
2001-12-14T21:25:16.823 -2.25760000E-04 -2.91580000E-04  5.28360000E-04
2001-12-14T21:25:17.823 -1.35380000E-04 -1.70430000E-04  5.60240000E-04
2001-12-14T21:25:18.823 -1.24190000E-04 -3.39360000E-04  5.45970000E-04
2001-12-14T21:25:19.823 -1.14860000E-05 -1.32670000E-04  4.75280000E-04
2001-12-14T21:25:20.823 -9.79510000E-05 -2.99830000E-04  2.43110000E-04
2001-12-14T21:25:21.823 -1.18730000E-04 -1.51650000E-04  5.51860000E-04
2001-12-14T21:25:22.823 -9.46340000E-05 -2.69650000E-04  2.46840000E-04
2001-12-14T21:25:23.823 -1.98520000E-04 -1.42710000E-04  5.78600000E-04
2001-12-14T21:25:24.823 -5.22450000E-05 -2.89500000E-04  3.22700000E-04
2001-12-14T21:25:25.823 -3.10690000E-06 -2.60740000E-04  4.31640000E-04
2001-12-14T21:25:26.823 -2.62500000E-04 -2.67340000E-04  5.44340000E-04
2001-12-14T21:25:27.823  4.34380000E-05 -2.38770000E-04  4.63780000E-04
2001-12-14T21:25:28.823 -1.80090000E-04 -9.58040000E-05  5.14480000E-04
2001-12-14T21:25:29.823 -1.57090000E-04 -2.43120000E-04  2.07220000E-04
2001-12-14T21:25:30.823 -4.62110000E-05 -3.12790000E-04  5.77200000E-04
2001-12-14T21:25:31.823 -1.47900000E-04 -4.66040000E-05  2.66550000E-04
2001-12-14T21:25:32.823 -2.07500000E-04 -4.47370000E-04  3.98090000E-04
2001-12-14T21:25:33.823 -6.96280000E-05 -1.88440000E-04  3.42310000E-04
2001-12-14T21:25:34.823 -2.60730000E-04 -3.50320000E-04  6.01610000E-04
2001-12-14T21:25:35.823  5.37770000E-06 -5.46450000E-05  3.82530000E-04
2001-12-14T21:25:36.823 -2.35140000E-04 -2.07940000E-04  4.30470000E-04
2001-12-14T21:25:37.823 -5.57020000E-05 -2.23700000E-04  5.75690000E-04
2001-12-14T21:25:38.823 -2.89200000E-04 -2.50670000E-04  3.41900000E-04
2001-12-14T21:25:39.823 -2.60730000E-05 -2.97410000E-04  6.92310000E-04
2001-12-14T21:25:40.823 -1.78230000E-04 -3.86090000E-04  2.01380000E-04
2001-12-14T21:25:41.823 -1.13210000E-04 -3.36670000E-05  3.39420000E-04
2001-12-14T21:25:42.823 -1.83750000E-04 -3.54730000E-04  5.71120000E-04
2001-12-14T21:25:43.823  8.55770000E-06 -1.81990000E-04  5.79880000E-04
2001-12-14T21:25:44.823 -1.59140000E-04 -1.95240000E-04  3.15640000E-04
2001-12-14T21:25:45.823 -1.10860000E-04 -1.95350000E-04  3.50040000E-04
2001-12-14T21:25:46.823 -1.53230000E-04 -2.77760000E-04  6.71830000E-04
2001-12-14T21:25:47.823 -1.16530000E-04 -2.16960000E-04  1.37730000E-04
2001-12-14T21:25:48.823 -1.55180000E-04 -2.73760000E-04  7.47140000E-04
2001-12-14T21:25:49.823 -2.02970000E-05 -3.32510000E-04  3.36130000E-04
2001-12-14T21:25:50.823 -2.10040000E-04 -1.80050000E-04  6.72800000E-04
2001-12-14T21:25:51.823 -2.31570000E-05 -2.47120000E-04  4.50550000E-04
2001-12-14T21:25:52.823 -1.32660000E-04 -2.37150000E-04  3.93850000E-04
2001-12-14T21:25:53.823 -4.65430000E-05 -2.77540000E-04  5.03390000E-04
2001-12-14T21:25:54.823 -1.77030000E-04 -3.02570000E-04  4.18950000E-04
2001-12-14T21:25:55.823  1.60210000E-05 -3.24880000E-04  6.93830000E-05
2001-12-14T21:25:56.823 -9.97160000E-05 -1.19360000E-04  8.89850000E-04
2001-12-14T21:25:57.823 -1.41590000E-04 -2.47770000E-04  1.82300000E-04
2001-12-14T21:25:58.823 -1.70960000E-04 -2.56330000E-04  6.89970000E-04
2001-12-14T21:25:59.823 -1.23440000E-04 -3.48740000E-04  3.22330000E-04
2001-12-14T21:26:00.823 -1.04660000E-04 -1.29770000E-04  7.26480000E-04
2001-12-14T21:26:01.823 -1.68730000E-04 -3.43070000E-04  2.45740000E-04
2001-12-14T21:26:02.823  1.01070000E-05 -2.22780000E-04  5.67090000E-04
2001-12-14T21:26:03.823 -1.61830000E-04 -1.80610000E-04  2.55400000E-04
2001-12-14T21:26:04.823 -5.00310000E-05 -1.55480000E-04  3.42950000E-04
2001-12-14T21:26:05.823 -1.31350000E-04 -3.13440000E-04  6.74750000E-04
2001-12-14T21:26:06.823 -1.16370000E-04 -2.53280000E-04  1.96490000E-04
2001-12-14T21:26:07.823 -1.00570000E-04 -2.38760000E-04  6.50470000E-04
2001-12-14T21:26:08.823 -3.69040000E-05 -1.66260000E-04  3.87320000E-04
2001-12-14T21:26:09.823 -2.99560000E-04 -2.83490000E-04  2.58380000E-04
2001-12-14T21:26:10.823  1.78020000E-04 -2.62020000E-04  7.63590000E-04
2001-12-14T21:26:11.823 -3.04740000E-04 -2.72910000E-04  2.01930000E-04
2001-12-14T21:26:12.823 -1.02960000E-04 -2.05630000E-04  4.10250000E-04
2001-12-14T21:26:13.823 -1.09980000E-04 -3.43940000E-04  4.74370000E-04
2001-12-14T21:26:14.823 -1.16850000E-04 -1.52920000E-04  5.20980000E-04
2001-12-14T21:26:15.823 -1.03820000E-04 -3.26270000E-04  5.27790000E-04
2001-12-14T21:26:16.823 -8.23850000E-05 -1.69220000E-04  2.13600000E-04
2001-12-14T21:26:17.823 -2.00030000E-04 -2.84850000E-04  5.24470000E-04
2001-12-14T21:26:18.823 -1.75100000E-05 -2.66060000E-04  2.05050000E-04
2001-12-14T21:26:19.823 -6.88990000E-05 -3.32220000E-04  4.53830000E-04
2001-12-14T21:26:20.823 -6.42330000E-05 -1.93300000E-04  7.81290000E-04
2001-12-14T21:26:21.823 -1.87210000E-04 -1.93400000E-04  1.12460000E-04
2001-12-14T21:26:22.823 -1.64840000E-04 -2.71440000E-04  5.83780000E-04
2001-12-14T21:26:23.823 -5.71210000E-05 -3.28660000E-04  2.76820000E-04
2001-12-14T21:26:24.823  4.73120000E-05 -2.39620000E-04  5.07430000E-04
2001-12-14T21:26:25.823 -7.76290000E-05 -1.86550000E-04  4.22170000E-04
2001-12-14T21:26:26.823 -1.35870000E-04 -3.89760000E-04  4.09010000E-04
2001-12-14T21:26:27.823 -6.70110000E-05 -1.93820000E-04  5.45610000E-04
2001-12-14T21:26:28.823 -1.13850000E-04 -2.79040000E-04  3.22240000E-04
2001-12-14T21:26:29.823 -2.05060000E-04 -1.89830000E-04  4.47630000E-04
2001-12-14T21:26:30.823 -4.10600000E-05 -3.21270000E-04  5.86970000E-04
2001-12-14T21:26:31.823 -1.18640000E-04 -2.19060000E-04  5.19520000E-04
2001-12-14T21:26:32.823 -1.88660000E-04 -2.03210000E-04  3.32350000E-04
2001-12-14T21:26:33.823 -8.79770000E-05 -2.06760000E-04  6.57920000E-04
2001-12-14T21:26:34.823 -1.09320000E-04 -2.46850000E-04  3.17680000E-04
2001-12-14T21:26:35.823 -1.65130000E-04 -3.35110000E-04  5.10770000E-04
2001-12-14T21:26:36.823 -1.03620000E-04 -2.48340000E-04  4.20070000E-04
2001-12-14T21:26:37.823 -8.36180000E-05 -1.49370000E-04  6.94010000E-04
2001-12-14T21:26:38.823 -7.48320000E-05 -3.26150000E-04  1.02950000E-04
2001-12-14T21:26:39.823 -4.64760000E-05 -2.08010000E-04  5.27450000E-04
2001-12-14T21:26:40.823 -8.21590000E-05 -2.75460000E-04  3.95130000E-04
2001-12-14T21:26:41.823 -2.82010000E-05 -2.97210000E-04  6.90810000E-04
2001-12-14T21:26:42.823 -2.03230000E-04 -1.36080000E-04  3.59490000E-04
2001-12-14T21:26:43.823 -8.26830000E-05 -2.78250000E-04  2.27210000E-04
2001-12-14T21:26:44.823 -2.18070000E-04 -1.84280000E-04  5.28260000E-04
2001-12-14T21:26:45.823  5.12890000E-05 -2.30870000E-05  3.22050000E-04
2001-12-14T21:26:46.823 -1.51090000E-04 -4.48710000E-04  4.79900000E-04
2001-12-14T21:26:47.823 -1.21620000E-05 -1.66130000E-04  6.39460000E-04
2001-12-14T21:26:48.823 -1.13420000E-04 -2.84460000E-04  2.91370000E-04
2001-12-14T21:26:49.823 -2.18630000E-04 -2.15620000E-04  6.76630000E-04
2001-12-14T21:26:50.823 -2.28050000E-04 -3.08220000E-04  2.55790000E-04
2001-12-14T21:26:51.823  1.14830000E-04 -2.45870000E-04  4.34820000E-04
2001-12-14T21:26:52.823 -1.98810000E-04 -3.48560000E-04  5.47090000E-04
2001-12-14T21:26:53.823  4.02470000E-06 -1.61070000E-04  2.37270000E-04
2001-12-14T21:26:54.823 -2.38150000E-04 -3.79850000E-04  4.11000000E-04
2001-12-14T21:26:55.823  2.82330000E-05 -1.89770000E-04  4.82650000E-04
2001-12-14T21:26:56.823 -2.96490000E-04 -3.03310000E-04  4.97840000E-04
2001-12-14T21:26:57.823 -9.77240000E-05 -1.64550000E-04  2.70900000E-04
2001-12-14T21:26:58.823 -1.01620000E-04 -3.44100000E-04  5.48120000E-04
2001-12-14T21:26:59.823 -1.87240000E-04 -1.87720000E-04  4.45290000E-04
2001-12-14T21:27:00.823 -1.51000000E-04 -3.10710000E-04  5.38550000E-04
2001-12-14T21:27:01.823 -1.35000000E-04 -1.29440000E-04  4.13370000E-04
2001-12-14T21:27:02.823 -1.74350000E-04 -3.45770000E-04  2.41250000E-04
2001-12-14T21:27:03.823  3.85730000E-05 -1.69540000E-04  8.04120000E-04
2001-12-14T21:27:04.823 -5.67250000E-05 -2.75280000E-04  2.31600000E-04
2001-12-14T21:27:05.823 -8.45360000E-05 -2.03040000E-04  4.11670000E-04
2001-12-14T21:27:06.823 -1.65860000E-04 -3.24040000E-04  8.18000000E-04
2001-12-14T21:27:07.823  6.36000000E-05 -9.82380000E-05  8.70970000E-05
2001-12-14T21:27:08.823 -2.28040000E-04 -3.03800000E-04  3.98110000E-04
2001-12-14T21:27:09.823  2.38900000E-05 -6.18990000E-05  7.03230000E-04
2001-12-14T21:27:10.823 -2.52960000E-04 -3.43840000E-04  3.14670000E-04
2001-12-14T21:27:11.823 -1.16150000E-04 -2.45880000E-04  6.59580000E-04
2001-12-14T21:27:12.823 -2.54890000E-04 -2.73280000E-04  1.23370000E-04
2001-12-14T21:27:13.823  3.37320000E-05 -1.81210000E-04  4.62290000E-04
2001-12-14T21:27:14.823 -2.15830000E-04 -3.17200000E-04  4.11610000E-04
2001-12-14T21:27:15.823 -1.00850000E-04 -1.42190000E-04  4.18490000E-04
2001-12-14T21:27:16.823 -7.61980000E-05 -4.24980000E-04  5.92470000E-04
2001-12-14T21:27:17.823 -7.26420000E-05 -2.43780000E-04  3.25040000E-04
2001-12-14T21:27:18.823 -1.98020000E-04 -2.68680000E-04  3.00050000E-04
2001-12-14T21:27:19.823 -3.29650000E-05 -1.83470000E-04  6.46340000E-04
2001-12-14T21:27:20.823 -5.85830000E-05 -2.64560000E-04  8.47690000E-05
2001-12-14T21:27:21.823 -1.63620000E-04 -2.43800000E-04  5.31800000E-04
2001-12-14T21:27:22.823 -1.52460000E-04 -3.05200000E-04  5.74700000E-04
2001-12-14T21:27:23.823 -1.48290000E-05 -2.22930000E-04  2.75050000E-04
2001-12-14T21:27:24.823 -8.97630000E-05 -1.71460000E-04  5.02790000E-04
2001-12-14T21:27:25.823 -1.17270000E-04 -2.72680000E-04  4.90180000E-04
2001-12-14T21:27:26.823 -1.38550000E-04 -3.21160000E-04  3.23890000E-04
2001-12-14T21:27:27.823 -1.52900000E-04 -7.65360000E-05  3.51680000E-04
2001-12-14T21:27:28.823 -5.15360000E-05 -2.31020000E-04  5.80950000E-04
2001-12-14T21:27:29.823 -1.57080000E-04 -2.05100000E-04  2.62920000E-04
2001-12-14T21:27:30.823 -1.41330000E-04 -1.68340000E-04  5.04540000E-04
2001-12-14T21:27:31.823 -1.93100000E-04 -2.50940000E-04  3.18090000E-04
2001-12-14T21:27:32.823  1.11850000E-05 -2.37790000E-04  6.32610000E-04
2001-12-14T21:27:33.823 -1.55390000E-04 -1.96100000E-04  3.32190000E-04
2001-12-14T21:27:34.823  5.36520000E-05 -2.01770000E-04  4.37350000E-04
2001-12-14T21:27:35.823 -2.58830000E-04 -3.39830000E-04  5.74480000E-04
2001-12-14T21:27:36.823  2.62850000E-05 -1.34120000E-04  3.50850000E-04
2001-12-14T21:27:37.823 -1.60960000E-04 -3.98510000E-04  5.86090000E-04
2001-12-14T21:27:38.823 -2.92000000E-07 -5.14690000E-05  3.65990000E-04
2001-12-14T21:27:39.823 -2.93070000E-04 -3.82120000E-04  5.97260000E-04
2001-12-14T21:27:40.823  1.08890000E-05 -1.72940000E-04  2.22940000E-04
2001-12-14T21:27:41.823 -1.19430000E-04 -2.56950000E-04  5.21050000E-04
2001-12-14T21:27:42.823  9.80370000E-06 -2.14420000E-04  3.43450000E-04
2001-12-14T21:27:43.823 -9.83620000E-05 -2.43360000E-04  5.29220000E-04
2001-12-14T21:27:44.823 -1.73940000E-04 -2.51210000E-04  1.93000000E-04
2001-12-14T21:27:45.823 -7.02300000E-05 -2.86350000E-04  7.50500000E-04
2001-12-14T21:27:46.823 -1.28910000E-04 -1.63470000E-04  1.00870000E-04
2001-12-14T21:27:47.823 -1.74060000E-04 -3.45290000E-04  7.41240000E-04
2001-12-14T21:27:48.823  8.40650000E-05 -2.55040000E-04  2.14350000E-04
2001-12-14T21:27:49.823 -2.92640000E-04 -3.53940000E-04  4.83540000E-04
2001-12-14T21:27:50.823 -9.31750000E-05 -1.25830000E-04  3.68740000E-04
2001-12-14T21:27:51.823 -5.40710000E-05 -3.05230000E-04  4.65790000E-04
2001-12-14T21:27:52.823 -4.88320000E-06 -1.84690000E-04  3.92450000E-04
2001-12-14T21:27:53.823 -1.02140000E-04 -1.85380000E-04  4.17770000E-04
2001-12-14T21:27:54.823 -1.18640000E-04 -3.74690000E-04  4.80450000E-04
2001-12-14T21:27:55.823 -1.39940000E-04 -2.18810000E-04  4.21730000E-04
2001-12-14T21:27:56.823 -1.13970000E-04 -1.25310000E-04  5.94750000E-04
2001-12-14T21:27:57.823 -1.91610000E-04 -3.52230000E-04  2.21000000E-04
2001-12-14T21:27:58.823 -2.16130000E-05 -2.07460000E-04  6.84710000E-04
2001-12-14T21:27:59.823 -6.97230000E-05 -3.00180000E-04  3.38610000E-04
2001-12-14T21:28:00.823 -1.03330000E-04 -9.41370000E-05  6.56420000E-04
2001-12-14T21:28:01.823 -2.05900000E-04 -1.66400000E-04  2.70670000E-04
2001-12-14T21:28:02.823 -8.14590000E-05 -3.07510000E-04  4.84750000E-04
2001-12-14T21:28:03.823 -7.28940000E-05 -1.91720000E-04  5.04980000E-04
2001-12-14T21:28:04.823 -2.08480000E-04 -4.00440000E-04  1.89490000E-04
2001-12-14T21:28:05.823 -1.03570000E-04 -1.14130000E-04  4.29780000E-04
2001-12-14T21:28:06.823 -1.85500000E-04 -4.14350000E-04  6.76580000E-04
2001-12-14T21:28:07.823 -6.10380000E-05 -2.75950000E-04  2.36900000E-04
2001-12-14T21:28:08.823 -9.17860000E-05 -2.11370000E-04  5.08840000E-04
2001-12-14T21:28:09.823  1.43930000E-05 -1.29710000E-04  4.63100000E-04
2001-12-14T21:28:10.823 -2.53080000E-04 -2.86510000E-04  4.21560000E-04
2001-12-14T21:28:11.823 -2.96380000E-06 -1.49630000E-04  3.45730000E-04
2001-12-14T21:28:12.823 -1.48760000E-04 -3.34420000E-04  5.66420000E-04
2001-12-14T21:28:13.823 -2.81360000E-05 -2.02290000E-04  4.51300000E-04
2001-12-14T21:28:14.823 -9.55680000E-05 -3.35910000E-04  2.02460000E-04
2001-12-14T21:28:15.823 -8.34050000E-05 -9.81060000E-05  6.51060000E-04
2001-12-14T21:28:16.823 -1.82980000E-04 -2.95860000E-04  1.63700000E-04
2001-12-14T21:28:17.823 -2.49500000E-05 -1.66660000E-04  5.46900000E-04
2001-12-14T21:28:18.823 -9.35130000E-05 -2.69110000E-04  3.59040000E-04
2001-12-14T21:28:19.823 -1.07620000E-04 -2.20200000E-04  3.85430000E-04
2001-12-14T21:28:20.823 -6.75140000E-05 -2.45750000E-04  4.28930000E-04
2001-12-14T21:28:21.823 -5.51060000E-05 -1.15900000E-04  4.24280000E-04
2001-12-14T21:28:22.823 -3.00880000E-04 -2.51060000E-04  4.79760000E-04
2001-12-14T21:28:23.823  2.65460000E-05 -2.14320000E-04  3.76500000E-04
2001-12-14T21:28:24.823 -2.27790000E-04 -2.87590000E-04  5.86350000E-04
2001-12-14T21:28:25.823  8.00970000E-05 -1.27980000E-04  1.93210000E-04
2001-12-14T21:28:26.823 -1.77230000E-04 -2.60160000E-04  5.70280000E-04
2001-12-14T21:28:27.823 -1.00840000E-05 -1.93220000E-04  4.74550000E-04
2001-12-14T21:28:28.823 -1.40290000E-04 -2.08140000E-04  3.66760000E-04
2001-12-14T21:28:29.823  2.93680000E-06 -2.25030000E-04  3.40470000E-04
2001-12-14T21:28:30.823 -1.08230000E-04 -2.70880000E-04  4.46460000E-04
2001-12-14T21:28:31.823 -2.10190000E-04 -3.03370000E-04  3.20460000E-04
2001-12-14T21:28:32.823 -9.83670000E-05 -1.71970000E-04  2.78430000E-04
2001-12-14T21:28:33.823 -5.67780000E-05 -3.56120000E-04  6.51080000E-04
2001-12-14T21:28:34.823 -9.05660000E-05 -2.62910000E-04  4.09470000E-04
2001-12-14T21:28:35.823 -7.01450000E-05 -1.58870000E-04  4.50730000E-04
2001-12-14T21:28:36.823 -3.16040000E-05 -8.16820000E-05  4.34680000E-04
2001-12-14T21:28:37.823 -2.41190000E-04 -2.93020000E-04  3.48470000E-04
2001-12-14T21:28:38.823 -8.82330000E-05 -2.61400000E-04  5.32950000E-04
2001-12-14T21:28:39.823 -1.64360000E-04 -3.06470000E-04  3.47350000E-04
2001-12-14T21:28:40.823 -6.44640000E-05 -1.74860000E-04  4.91370000E-04
2001-12-14T21:28:41.823 -1.81200000E-04 -3.37870000E-04  5.59050000E-04
2001-12-14T21:28:42.823 -1.13970000E-04 -1.41710000E-04  2.37830000E-04
2001-12-14T21:28:43.823  2.24010000E-05 -3.92440000E-04  4.61710000E-04
2001-12-14T21:28:44.823 -1.58070000E-04 -9.72370000E-05  5.63320000E-04
2001-12-14T21:28:45.823 -1.90200000E-04 -3.41350000E-04  5.32740000E-04
2001-12-14T21:28:46.823 -1.61260000E-05 -3.24520000E-04  1.60650000E-04
2001-12-14T21:28:47.823 -1.49160000E-04 -1.71900000E-04  5.00820000E-04
2001-12-14T21:28:48.823  5.59590000E-05 -2.75880000E-04  3.26690000E-04
2001-12-14T21:28:49.823 -1.43590000E-04 -1.99880000E-04  3.02010000E-04
2001-12-14T21:28:50.823 -4.72160000E-05 -1.86460000E-04  6.30600000E-04
2001-12-14T21:28:51.823 -1.74610000E-04 -2.51710000E-04  1.74930000E-04
2001-12-14T21:28:52.823 -5.00450000E-05 -1.59980000E-05  7.99190000E-04
2001-12-14T21:28:53.823 -1.69860000E-04 -3.29530000E-04  3.09740000E-04
2001-12-14T21:28:54.823 -6.47960000E-05 -1.44220000E-04  6.17860000E-04
2001-12-14T21:28:55.823 -1.38760000E-05 -3.73200000E-04  3.33860000E-04
2001-12-14T21:28:56.823 -5.59360000E-05 -2.22670000E-04  5.07170000E-04
2001-12-14T21:28:57.823 -6.87680000E-05 -2.55980000E-04  2.50480000E-04
2001-12-14T21:28:58.823 -1.11480000E-04 -1.38900000E-04  5.93990000E-04
2001-12-14T21:28:59.823 -1.59900000E-04 -2.50540000E-04  5.44590000E-04
2001-12-14T21:29:00.823 -2.87490000E-05 -1.46480000E-04  5.95850000E-04
2001-12-14T21:29:01.823 -1.22390000E-04 -2.44670000E-04  2.25880000E-04
2001-12-14T21:29:02.823 -8.80360000E-05 -2.61370000E-04  5.73610000E-04
2001-12-14T21:29:03.823 -5.77470000E-05 -1.41090000E-05  3.82060000E-04
2001-12-14T21:29:04.823 -1.30550000E-04 -2.72850000E-04  1.76990000E-04
2001-12-14T21:29:05.823 -5.43180000E-05 -3.44520000E-04  7.19580000E-04
2001-12-14T21:29:06.823 -2.00210000E-04 -3.33600000E-04  4.13800000E-04
2001-12-14T21:29:07.823 -1.06120000E-04 -1.88750000E-04  4.31340000E-04
2001-12-14T21:29:08.823 -8.02230000E-05 -3.70180000E-04  4.90050000E-04
2001-12-14T21:29:09.823 -7.94230000E-05 -2.43960000E-05  4.07020000E-04
2001-12-14T21:29:10.823  4.21300000E-05 -2.46870000E-04  7.92850000E-04
2001-12-14T21:29:11.823 -8.46870000E-05 -2.21970000E-04  1.83520000E-04
2001-12-14T21:29:12.823 -2.96340000E-04 -2.82500000E-04  4.66200000E-04
2001-12-14T21:29:13.823  5.09370000E-05 -1.39060000E-04  3.45460000E-04
2001-12-14T21:29:14.823 -2.63280000E-04 -2.99570000E-04  3.27490000E-04
2001-12-14T21:29:15.823 -6.48900000E-06 -1.00840000E-04  6.86830000E-04
2001-12-14T21:29:16.823 -4.17070000E-05 -2.37970000E-04  4.21270000E-04
2001-12-14T21:29:17.823 -1.65620000E-04 -2.83100000E-04  8.30380000E-05
2001-12-14T21:29:18.823 -1.55790000E-04 -2.40650000E-04  6.56010000E-04
2001-12-14T21:29:19.823  6.05930000E-05 -2.84840000E-04  3.49260000E-04
2001-12-14T21:29:20.823 -1.49480000E-04 -2.49440000E-04  4.65470000E-04
2001-12-14T21:29:21.823 -1.23760000E-04 -2.21920000E-04  3.97560000E-04
2001-12-14T21:29:22.823 -1.84210000E-04 -1.61140000E-04  5.68000000E-04
2001-12-14T21:29:23.823 -3.74720000E-05 -2.41090000E-04  3.60260000E-04
2001-12-14T21:29:24.823 -1.41110000E-04 -2.26070000E-04  5.38460000E-04
2001-12-14T21:29:25.823 -9.74840000E-05 -1.12010000E-04  4.32760000E-04
2001-12-14T21:29:26.823 -1.25080000E-04 -2.88000000E-04  4.92480000E-04
2001-12-14T21:29:27.823 -9.05580000E-05 -1.26610000E-04  3.71740000E-04
2001-12-14T21:29:28.823 -1.02180000E-04 -1.21750000E-04  4.20740000E-04
2001-12-14T21:29:29.823 -1.21540000E-04 -1.99850000E-04  2.15310000E-04
2001-12-14T21:29:30.823  4.76440000E-05 -1.63540000E-04  6.85100000E-04
2001-12-14T21:29:31.823 -1.60120000E-04 -2.81240000E-04  3.03640000E-04
2001-12-14T21:29:32.823  5.68060000E-05 -1.16590000E-04  3.59730000E-04
2001-12-14T21:29:33.823 -2.27930000E-04 -3.49150000E-04  5.05810000E-04
2001-12-14T21:29:34.823 -1.41940000E-04 -2.45390000E-05  4.19370000E-04
2001-12-14T21:29:35.823 -1.62670000E-04 -2.14280000E-04  7.25300000E-04
2001-12-14T21:29:36.823 -1.16700000E-04 -1.73500000E-04  2.76260000E-04
2001-12-14T21:29:37.823 -2.10930000E-04 -1.56000000E-04  5.85440000E-04
2001-12-14T21:29:38.823 -9.03980000E-05 -2.18160000E-04  2.58090000E-04
2001-12-14T21:29:39.823 -1.89450000E-04 -1.94050000E-04  3.26320000E-04
2001-12-14T21:29:40.823 -3.34800000E-05 -9.80520000E-05  4.67840000E-04
2001-12-14T21:29:41.823 -9.03330000E-05 -3.70420000E-04  3.92960000E-04
2001-12-14T21:29:42.823 -5.54510000E-05 -1.74940000E-04  7.00660000E-04
2001-12-14T21:29:43.823 -2.24200000E-04 -2.66850000E-04  2.68550000E-04
2001-12-14T21:29:44.823 -6.33180000E-05 -1.55620000E-04  5.86230000E-04
2001-12-14T21:29:45.823 -7.73300000E-05 -2.04800000E-04  3.86780000E-04
2001-12-14T21:29:46.823 -9.40510000E-05 -1.98160000E-04  6.76770000E-04
2001-12-14T21:29:47.823 -5.14130000E-05 -1.07320000E-04  2.49550000E-04
2001-12-14T21:29:48.823 -1.33070000E-04 -1.95180000E-04  6.22740000E-04
2001-12-14T21:29:49.823  8.04050000E-05 -1.99340000E-04  5.06500000E-04
2001-12-14T21:29:50.823 -2.30420000E-04 -1.17550000E-04  3.58110000E-04
2001-12-14T21:29:51.823  2.41450000E-05 -9.14930000E-05  5.40600000E-04
2001-12-14T21:29:52.823 -1.60810000E-04 -1.85330000E-04  4.45910000E-04
2001-12-14T21:29:53.823 -1.12250000E-04 -6.52770000E-05  3.63530000E-04
2001-12-14T21:29:54.823 -2.91140000E-04 -2.00450000E-04  6.52120000E-04
2001-12-14T21:29:55.823  9.21740000E-05 -4.43520000E-05  4.46110000E-04
2001-12-14T21:29:56.823 -2.29730000E-04 -1.53390000E-04  4.05560000E-04
2001-12-14T21:29:57.823 -2.07150000E-05 -1.10970000E-04  4.77570000E-04
2001-12-14T21:29:58.823 -6.07360000E-05 -1.39610000E-04  2.60160000E-04
2001-12-14T21:29:59.823 -1.02830000E-04 -8.06320000E-05  8.38640000E-04
2001-12-14T21:30:00.823 -1.39540000E-04 -7.19680000E-05  2.63510000E-04
2001-12-14T21:30:01.823 -9.67970000E-05 -1.62120000E-04  6.42120000E-04
2001-12-14T21:30:02.823 -6.20510000E-05  5.51560000E-05  2.79630000E-04
2001-12-14T21:30:03.823 -2.13210000E-04 -1.29150000E-04  4.89810000E-04
2001-12-14T21:30:04.823 -5.99600000E-05  5.41300000E-05  5.13060000E-04
2001-12-14T21:30:05.823 -1.14010000E-04 -1.66480000E-04  5.91760000E-04
2001-12-14T21:30:06.823 -7.65130000E-05  3.38660000E-05  1.23090000E-04
2001-12-14T21:30:07.823 -3.23700000E-05 -1.57780000E-04  7.26150000E-04
2001-12-14T21:30:08.823 -1.03940000E-04  7.33770000E-05  2.27870000E-04
2001-12-14T21:30:09.823 -6.64500000E-05  2.27830000E-05  6.50910000E-04
2001-12-14T21:30:10.823 -1.53670000E-04 -1.04760000E-04  3.96130000E-04
2001-12-14T21:30:11.823 -2.91950000E-05  1.28180000E-04  3.84860000E-04
2001-12-14T21:30:12.823 -1.97860000E-04 -9.20240000E-05  5.28110000E-04
2001-12-14T21:30:13.823  3.06440000E-05  9.42150000E-05  2.43020000E-04
2001-12-14T21:30:14.823 -1.92830000E-04 -6.20970000E-06  7.17800000E-04
2001-12-14T21:30:15.823 -2.77140000E-05  1.62560000E-04  1.47630000E-04
2001-12-14T21:30:16.823  7.02800000E-07 -9.94470000E-05  5.98690000E-04
2001-12-14T21:30:17.823 -1.12110000E-04  1.36140000E-04  2.24860000E-04
2001-12-14T21:30:18.823 -3.61880000E-05  1.99060000E-04  5.83640000E-04
2001-12-14T21:30:19.823 -1.97410000E-04  6.82690000E-05  4.58740000E-04
2001-12-14T21:30:20.823 -1.54730000E-04  7.40780000E-05  5.51910000E-04
2001-12-14T21:30:21.823  1.39090000E-05  8.08880000E-05  3.53050000E-04
2001-12-14T21:30:22.823 -2.69800000E-04  1.50880000E-04  5.09500000E-04
2001-12-14T21:30:23.823  6.71690000E-06  1.25080000E-04  5.74440000E-04
2001-12-14T21:30:24.823 -2.03500000E-04  1.70320000E-04  3.60830000E-04
2001-12-14T21:30:25.823 -4.66080000E-05  5.24030000E-05  5.43110000E-04
2001-12-14T21:30:26.823 -1.09720000E-04  3.11570000E-04  4.94330000E-04
2001-12-14T21:30:27.823 -2.54340000E-04  1.80450000E-04  4.92840000E-04
2001-12-14T21:30:28.823 -5.63940000E-05  1.50270000E-04  1.99730000E-04
2001-12-14T21:30:29.823 -9.83220000E-05  3.06500000E-04  7.39000000E-04
2001-12-14T21:30:30.823 -1.96510000E-04  1.43750000E-04  9.49940000E-05
2001-12-14T21:30:31.823  2.73510000E-05  4.83690000E-04  7.03660000E-04
2001-12-14T21:30:32.823 -6.04110000E-05  3.35300000E-04  3.99950000E-04
2001-12-14T21:30:33.823 -1.72090000E-04  3.29500000E-04  4.14050000E-04
2001-12-14T21:30:34.823 -2.29140000E-05  4.72030000E-04  4.78760000E-04
2001-12-14T21:30:35.823 -1.48030000E-04  2.52690000E-04  6.55690000E-04
2001-12-14T21:30:36.823 -5.40420000E-05  3.83230000E-04  2.54560000E-04
2001-12-14T21:30:37.823 -7.85510000E-05  5.34370000E-04  5.08360000E-04
2001-12-14T21:30:38.823 -2.07620000E-04  3.80960000E-04  4.96270000E-04
2001-12-14T21:30:39.823 -6.87350000E-05  6.07880000E-04  5.94110000E-04
2001-12-14T21:30:40.823 -1.14700000E-04  4.89340000E-04  2.96210000E-04
2001-12-14T21:30:41.823 -1.22840000E-04  3.19430000E-04  7.31580000E-04
2001-12-14T21:30:42.823 -1.24780000E-04  6.29410000E-04  4.24940000E-04
2001-12-14T21:30:43.823 -1.35210000E-04  4.03160000E-04  4.53740000E-04
2001-12-14T21:30:44.823 -5.55440000E-05  6.99360000E-04  2.58160000E-04
2001-12-14T21:30:45.823 -1.50390000E-04  4.88300000E-04  7.92620000E-04
2001-12-14T21:30:46.823 -3.32180000E-06  6.37930000E-04  2.79780000E-04
2001-12-14T21:30:47.823 -1.03520000E-04  7.60630000E-04  4.57150000E-04
2001-12-14T21:30:48.823 -2.36550000E-04  6.22140000E-04  5.59520000E-04
2001-12-14T21:30:49.823 -1.44630000E-04  6.63430000E-04  5.42490000E-04
2001-12-14T21:30:50.823 -6.89540000E-05  8.77500000E-04  1.91100000E-04
2001-12-14T21:30:51.823 -2.21340000E-04  7.76680000E-04  8.93700000E-04
2001-12-14T21:30:52.823 -1.50880000E-04  8.11870000E-04  3.05240000E-04
2001-12-14T21:30:53.823 -1.94040000E-04  8.99900000E-04  4.40190000E-04
2001-12-14T21:30:54.823 -1.46330000E-04  9.60850000E-04  5.27270000E-04
2001-12-14T21:30:55.823  1.09940000E-04  9.34350000E-04  1.72130000E-04
2001-12-14T21:30:56.823 -2.14560000E-04  8.89750000E-04  7.03090000E-04
2001-12-14T21:30:57.823 -2.08750000E-04  9.88440000E-04  4.74850000E-04
2001-12-14T21:30:58.823 -1.75090000E-04  1.01790000E-03  3.53430000E-04
2001-12-14T21:30:59.823 -4.58850000E-05  1.22020000E-03  6.87030000E-04
2001-12-14T21:31:00.823 -3.53260000E-05  1.04410000E-03  3.42950000E-04
2001-12-14T21:31:01.823 -2.27870000E-04  1.17770000E-03  3.41550000E-04
2001-12-14T21:31:02.823 -1.47210000E-04  1.03280000E-03  7.55400000E-04
2001-12-14T21:31:03.823 -1.01900000E-04  1.17580000E-03  3.34920000E-04
2001-12-14T21:31:04.823 -5.09990000E-05  1.14300000E-03  5.37250000E-04
2001-12-14T21:31:05.823 -9.07380000E-05  1.30700000E-03  4.90660000E-04
2001-12-14T21:31:06.823 -1.71390000E-04  1.28560000E-03  5.83680000E-04
2001-12-14T21:31:07.823 -1.37290000E-04  1.34930000E-03  5.66920000E-04
2001-12-14T21:31:08.823 -2.48590000E-04  1.34690000E-03  2.60230000E-04
2001-12-14T21:31:09.823 -2.47420000E-04  1.39050000E-03  6.75860000E-04
2001-12-14T21:31:10.823 -2.05100000E-04  1.63990000E-03  5.00060000E-04
2001-12-14T21:31:11.823 -7.76820000E-05  1.86220000E-03  3.00530000E-04
2001-12-14T21:31:12.823 -2.03930000E-04  2.01490000E-03  8.29660000E-04
2001-12-14T21:31:13.823 -1.71360000E-04  2.20950000E-03  5.59070000E-04
2001-12-14T21:31:14.823  1.11130000E-05  2.09370000E-03  3.47410000E-04
2001-12-14T21:31:15.823 -1.89250000E-04  2.18450000E-03  6.51030000E-04
2001-12-14T21:31:16.823 -1.80410000E-04  2.25310000E-03  5.13900000E-04
2001-12-14T21:31:17.823 -2.14970000E-04  2.45230000E-03  3.16670000E-04
2001-12-14T21:31:18.823 -2.43170000E-05  2.40580000E-03  7.12610000E-04
2001-12-14T21:31:19.823 -1.71270000E-04  2.83220000E-03  3.87780000E-04
2001-12-14T21:31:20.823 -6.79680000E-05  2.76470000E-03  5.86870000E-04
2001-12-14T21:31:21.823 -2.79170000E-04  2.63010000E-03  5.94740000E-04
2001-12-14T21:31:22.823 -4.54010000E-05  2.83580000E-03  4.78280000E-04
2001-12-14T21:31:23.823 -1.15950000E-04  3.18280000E-03  4.34000000E-04
2001-12-14T21:31:24.823 -8.48990000E-05  3.23630000E-03  6.47680000E-04
2001-12-14T21:31:25.823 -2.22980000E-04  3.62900000E-03  5.87880000E-04
2001-12-14T21:31:26.823 -5.00280000E-05  3.80620000E-03  6.00500000E-04
2001-12-14T21:31:27.823 -9.45780000E-05  3.67080000E-03  1.39200000E-04
2001-12-14T21:31:28.823 -1.77760000E-04  3.71660000E-03  8.76020000E-04
2001-12-14T21:31:29.823 -4.78080000E-05  3.66780000E-03  3.61110000E-04
2001-12-14T21:31:30.823 -2.40360000E-04  4.03590000E-03  5.64390000E-04
2001-12-14T21:31:31.823 -6.39790000E-05  4.09670000E-03  5.05520000E-04
2001-12-14T21:31:32.823 -1.64690000E-04  4.53900000E-03  4.90700000E-04
2001-12-14T21:31:33.823 -2.17320000E-04  4.53170000E-03  6.95020000E-04
2001-12-14T21:31:34.823 -2.28140000E-05  4.66600000E-03  4.44010000E-04
2001-12-14T21:31:35.823 -4.05790000E-04  4.55390000E-03  7.74990000E-04
2001-12-14T21:31:36.823 -1.22980000E-04  4.83680000E-03  6.00270000E-04
2001-12-14T21:31:37.823 -1.19600000E-04  5.09570000E-03  4.85650000E-04
2001-12-14T21:31:38.823 -4.10970000E-04  5.15400000E-03  4.95310000E-04
2001-12-14T21:31:39.823 -2.17260000E-04  5.10930000E-03  8.24220000E-04
2001-12-14T21:31:40.823 -7.69420000E-05  5.17360000E-03  4.23650000E-04
2001-12-14T21:31:41.823 -1.52700000E-04  5.26910000E-03  7.53780000E-04
2001-12-14T21:31:42.823 -7.16690000E-05  5.18710000E-03  5.95310000E-04
2001-12-14T21:31:43.823 -2.44580000E-04  5.27290000E-03  4.74110000E-04
2001-12-14T21:31:44.823 -1.75650000E-04  5.59510000E-03  6.67110000E-04
2001-12-14T21:31:45.823 -1.84890000E-04  5.84930000E-03  5.75150000E-04
2001-12-14T21:31:46.823 -2.35440000E-04  5.85860000E-03  4.46620000E-04
2001-12-14T21:31:47.823 -1.69070000E-04  5.85450000E-03  8.74010000E-04
2001-12-14T21:31:48.823 -1.82780000E-04  6.07740000E-03  5.60700000E-04
2001-12-14T21:31:49.823 -1.30630000E-04  5.94220000E-03  6.37330000E-04
2001-12-14T21:31:50.823 -1.61800000E-04  6.12270000E-03  7.26240000E-04
2001-12-14T21:31:51.823 -1.09480000E-04  6.18730000E-03  5.88900000E-04
2001-12-14T21:31:52.823 -1.61300000E-04  5.66530000E-03  5.35230000E-04
2001-12-14T21:31:53.823 -2.28450000E-04  5.94440000E-03  8.23800000E-04
2001-12-14T21:31:54.823 -1.02500000E-04  6.26680000E-03  5.27070000E-04
2001-12-14T21:31:55.823 -5.31760000E-05  6.32140000E-03  8.49850000E-04
2001-12-14T21:31:56.823 -2.17950000E-04  6.89400000E-03  7.07250000E-04
2001-12-14T21:31:57.823  6.86340000E-06  7.33420000E-03  6.01240000E-04
2001-12-14T21:31:58.823 -2.01340000E-04  7.26250000E-03  7.00940000E-04
2001-12-14T21:31:59.823 -1.96080000E-04  6.75140000E-03  7.45630000E-04
2001-12-14T21:32:00.823 -2.65570000E-04  6.79000000E-03  3.45340000E-04
2001-12-14T21:32:01.823 -7.07720000E-05  7.66720000E-03  9.08660000E-04
2001-12-14T21:32:02.823 -4.09870000E-04  7.52930000E-03  8.44860000E-04
2001-12-14T21:32:03.823 -3.22370000E-04  7.51950000E-03  6.59210000E-04
2001-12-14T21:32:04.823 -1.72900000E-04  8.15010000E-03  7.13850000E-04
2001-12-14T21:32:05.823 -3.91910000E-04  8.21920000E-03  5.54480000E-04
2001-12-14T21:32:06.823 -2.56380000E-04  7.93920000E-03  8.27320000E-04
2001-12-14T21:32:07.823 -3.68840000E-04  8.85530000E-03  9.08680000E-04
2001-12-14T21:32:08.823 -2.70290000E-04  9.31420000E-03  9.87010000E-04
2001-12-14T21:32:09.823 -4.97060000E-04  9.19550000E-03  5.62720000E-04
2001-12-14T21:32:10.823 -2.36340000E-04  9.55260000E-03  8.35350000E-04
2001-12-14T21:32:11.823 -2.23820000E-04  9.82550000E-03  5.73840000E-04
2001-12-14T21:32:12.823 -2.94880000E-04  9.60500000E-03  7.83650000E-04
2001-12-14T21:32:13.823 -4.47570000E-04  9.71690000E-03  8.15200000E-04
2001-12-14T21:32:14.823 -1.83940000E-04  9.99800000E-03  8.01720000E-04
2001-12-14T21:32:15.823 -3.27540000E-04  9.57550000E-03  8.93760000E-04
2001-12-14T21:32:16.823 -4.63910000E-04  9.93390000E-03  3.95730000E-04
2001-12-14T21:32:17.823 -4.27610000E-04  9.90590000E-03  8.08970000E-04
2001-12-14T21:32:18.823 -2.52320000E-04  1.01370000E-02  7.17630000E-04
2001-12-14T21:32:19.823 -3.27860000E-04  1.04180000E-02  9.08350000E-04
2001-12-14T21:32:20.823 -5.22560000E-04  9.91910000E-03  4.90900000E-04
2001-12-14T21:32:21.823 -2.16900000E-04  1.02110000E-02  6.74500000E-04
2001-12-14T21:32:22.823 -3.20180000E-04  1.04890000E-02  8.10380000E-04
2001-12-14T21:32:23.823 -2.60750000E-04  1.05890000E-02  7.05370000E-04
2001-12-14T21:32:24.823 -4.38780000E-04  1.07930000E-02  7.04610000E-04
2001-12-14T21:32:25.823 -1.95290000E-04  1.12710000E-02  5.47290000E-04
2001-12-14T21:32:26.823 -3.04990000E-04  1.15160000E-02  8.54910000E-04
2001-12-14T21:32:27.823 -3.93670000E-04  1.16160000E-02  5.26970000E-04
2001-12-14T21:32:28.823 -3.46290000E-04  1.22420000E-02  9.05900000E-04
2001-12-14T21:32:29.823 -3.64990000E-05  1.24930000E-02  6.13600000E-04
2001-12-14T21:32:30.823 -5.59350000E-04  1.22770000E-02  6.23780000E-04
2001-12-14T21:32:31.823 -2.58820000E-04  1.29470000E-02  8.90770000E-04
2001-12-14T21:32:32.823 -5.96080000E-04  1.29570000E-02  7.28240000E-04
2001-12-14T21:32:33.823 -8.66160000E-07  1.33910000E-02  4.78130000E-04
2001-12-14T21:32:34.823 -3.97290000E-04  1.37400000E-02  7.93860000E-04
2001-12-14T21:32:35.823 -3.79460000E-04  1.46650000E-02  5.61320000E-04
2001-12-14T21:32:36.823 -1.82630000E-04  1.53840000E-02  7.69300000E-04
2001-12-14T21:32:37.823 -6.39820000E-04  1.58350000E-02  8.44300000E-04
2001-12-14T21:32:38.823 -1.99690000E-04  1.75560000E-02  6.62740000E-04
2001-12-14T21:32:39.823  2.86680000E-04  1.85900000E-02  1.04840000E-03
2001-12-14T21:32:40.823 -1.18880000E-03  1.70570000E-02  6.02280000E-04
2001-12-14T21:32:41.823 -6.91140000E-05  1.78390000E-02  6.28810000E-04
2001-12-14T21:32:42.823  1.54750000E-04  1.84180000E-02  1.12360000E-03
2001-12-14T21:32:43.823 -5.13360000E-04  1.83170000E-02  6.65330000E-04
2001-12-14T21:32:44.823 -1.89710000E-04  1.92750000E-02  9.07950000E-04
2001-12-14T21:32:45.823 -4.51950000E-04  1.96140000E-02  9.59480000E-04
2001-12-14T21:32:46.823 -2.40730000E-04  1.90480000E-02  9.57270000E-04
2001-12-14T21:32:47.823 -6.44070000E-04  1.91950000E-02  1.00580000E-03
2001-12-14T21:32:48.823 -5.46780000E-04  2.00130000E-02  7.71460000E-04
2001-12-14T21:32:49.823 -1.06720000E-03  2.13090000E-02  1.16930000E-03
2001-12-14T21:32:50.823 -4.38790000E-04  2.26310000E-02  1.16250000E-03
2001-12-14T21:32:51.823 -3.53090000E-04  2.27100000E-02  7.89330000E-04
2001-12-14T21:32:52.823 -8.85520000E-04  2.26590000E-02  1.12700000E-03
2001-12-14T21:32:53.823 -2.92030000E-04  2.29860000E-02  9.95200000E-04
2001-12-14T21:32:54.823 -6.68950000E-04  2.33600000E-02  1.11280000E-03
2001-12-14T21:32:55.823 -5.82960000E-04  2.38750000E-02  9.59210000E-04
2001-12-14T21:32:56.823 -5.90130000E-04  2.49260000E-02  1.12210000E-03
2001-12-14T21:32:57.823 -8.21400000E-04  2.48880000E-02  1.13150000E-03
2001-12-14T21:32:58.823 -6.60350000E-04  2.52820000E-02  1.20350000E-03
2001-12-14T21:32:59.823 -5.20880000E-04  2.59920000E-02  1.11580000E-03
2001-12-14T21:33:00.823 -1.05550000E-03  2.60010000E-02  1.07250000E-03
2001-12-14T21:33:01.823 -2.05530000E-04  2.59900000E-02  1.01270000E-03
2001-12-14T21:33:02.823 -8.04500000E-04  2.55040000E-02  1.25000000E-03
2001-12-14T21:33:03.823 -4.55320000E-04  2.56950000E-02  9.57570000E-04
2001-12-14T21:33:04.823 -6.54190000E-04  2.60330000E-02  1.07660000E-03
2001-12-14T21:33:05.823 -5.90930000E-04  2.71140000E-02  1.20440000E-03
2001-12-14T21:33:06.823 -6.16040000E-04  2.70670000E-02  1.10370000E-03
2001-12-14T21:33:07.823 -7.39910000E-04  2.62330000E-02  1.24480000E-03
2001-12-14T21:33:08.823 -3.66710000E-04  2.64510000E-02  8.52800000E-04
2001-12-14T21:33:09.823 -7.99580000E-04  2.61260000E-02  9.83080000E-04
2001-12-14T21:33:10.823 -4.27610000E-04  2.70160000E-02  1.23830000E-03
2001-12-14T21:33:11.823 -4.68200000E-04  2.75540000E-02  8.82030000E-04
2001-12-14T21:33:12.823 -5.92420000E-04  2.79510000E-02  9.56950000E-04
2001-12-14T21:33:13.823 -4.98450000E-04  2.86300000E-02  7.75390000E-04
2001-12-14T21:33:14.823 -6.01840000E-04  2.88580000E-02  1.17410000E-03
2001-12-14T21:33:15.823 -5.93350000E-04  2.81420000E-02  1.01630000E-03
2001-12-14T21:33:16.823 -5.13820000E-04  2.80620000E-02  9.66300000E-04
2001-12-14T21:33:17.823 -4.98170000E-04  2.79110000E-02  1.09430000E-03
2001-12-14T21:33:18.823 -6.33500000E-04  2.79480000E-02  8.17090000E-04
2001-12-14T21:33:19.823 -7.10600000E-04  2.74300000E-02  9.76640000E-04
2001-12-14T21:33:20.823 -2.71740000E-04  2.71720000E-02  9.91240000E-04
2001-12-14T21:33:21.823 -8.03320000E-04  2.80030000E-02  1.04080000E-03
2001-12-14T21:33:22.823 -5.96220000E-04  2.87680000E-02  8.33770000E-04
2001-12-14T21:33:23.823 -5.90570000E-04  2.87810000E-02  9.83580000E-04
2001-12-14T21:33:24.823 -6.50690000E-04  2.78640000E-02  1.06200000E-03
2001-12-14T21:33:25.823 -5.48670000E-04  2.70090000E-02  7.67520000E-04
2001-12-14T21:33:26.823 -6.85470000E-04  2.67820000E-02  9.79900000E-04
2001-12-14T21:33:27.823 -5.10450000E-04  2.65800000E-02  1.09660000E-03
2001-12-14T21:33:28.823 -5.96290000E-04  2.63850000E-02  9.56350000E-04
2001-12-14T21:33:29.823 -7.24030000E-04  2.58750000E-02  1.13040000E-03
2001-12-14T21:33:30.823 -5.29570000E-04  2.48850000E-02  1.05020000E-03
2001-12-14T21:33:31.823 -3.37420000E-04  2.46600000E-02  1.04270000E-03
2001-12-14T21:33:32.823 -6.13320000E-04  2.52060000E-02  1.09040000E-03
2001-12-14T21:33:33.823 -6.26350000E-04  2.51880000E-02  1.05050000E-03
2001-12-14T21:33:34.823 -7.11830000E-04  2.64630000E-02  1.13760000E-03
2001-12-14T21:33:35.823 -8.02480000E-04  2.77940000E-02  1.18400000E-03
2001-12-14T21:33:36.823 -6.13500000E-04  2.81070000E-02  9.42660000E-04
2001-12-14T21:33:37.823 -5.77130000E-04  2.77640000E-02  1.25590000E-03
2001-12-14T21:33:38.823 -8.51350000E-04  2.69760000E-02  1.16280000E-03
2001-12-14T21:33:39.823 -4.41030000E-04  2.69130000E-02  1.28960000E-03
2001-12-14T21:33:40.823 -6.24610000E-04  2.77010000E-02  1.03560000E-03
2001-12-14T21:33:41.823 -7.24370000E-04  2.82860000E-02  1.27670000E-03
2001-12-14T21:33:42.823 -5.86140000E-04  2.78660000E-02  9.92360000E-04
2001-12-14T21:33:43.823 -6.37560000E-04  2.69220000E-02  1.05940000E-03
2001-12-14T21:33:44.823 -5.84770000E-04  2.64310000E-02  1.37870000E-03
2001-12-14T21:33:45.823 -4.01180000E-04  2.65640000E-02  9.86180000E-04
2001-12-14T21:33:46.823 -5.02540000E-04  2.61440000E-02  1.13830000E-03
2001-12-14T21:33:47.823 -5.82960000E-04  2.68460000E-02  1.17590000E-03
2001-12-14T21:33:48.823 -5.97440000E-04  2.74570000E-02  1.10640000E-03
2001-12-14T21:33:49.823 -5.14360000E-04  2.81860000E-02  1.15670000E-03
2001-12-14T21:33:50.823 -5.22140000E-04  2.83630000E-02  8.38160000E-04
2001-12-14T21:33:51.823 -4.66700000E-04  2.79740000E-02  9.72900000E-04
2001-12-14T21:33:52.823 -5.07250000E-04  2.77270000E-02  1.13660000E-03
2001-12-14T21:33:53.823 -6.02780000E-04  2.73120000E-02  8.58720000E-04
2001-12-14T21:33:54.823 -8.02880000E-04  2.67410000E-02  1.25080000E-03
2001-12-14T21:33:55.823 -2.86910000E-04  2.63900000E-02  9.35280000E-04
2001-12-14T21:33:56.823 -7.21200000E-04  2.54360000E-02  7.40620000E-04
2001-12-14T21:33:57.823 -2.47040000E-04  2.52890000E-02  9.60550000E-04
2001-12-14T21:33:58.823 -6.54030000E-04  2.46710000E-02  1.14280000E-03
2001-12-14T21:33:59.823 -7.53410000E-04  2.47680000E-02  7.53200000E-04
2001-12-14T21:34:00.823 -5.05900000E-04  2.50680000E-02  8.15850000E-04
2001-12-14T21:34:01.823 -3.41300000E-04  2.50500000E-02  9.21230000E-04
2001-12-14T21:34:02.823 -7.08180000E-04  2.46410000E-02  6.93570000E-04
2001-12-14T21:34:03.823 -4.96580000E-04  2.46250000E-02  8.51440000E-04
2001-12-14T21:34:04.823 -8.18700000E-04  2.39720000E-02  9.02310000E-04
2001-12-14T21:34:05.823 -4.58570000E-04  2.39460000E-02  8.93060000E-04
2001-12-14T21:34:06.823 -6.31700000E-04  2.36970000E-02  9.92680000E-04
2001-12-14T21:34:07.823 -8.83720000E-04  2.27610000E-02  6.68370000E-04
2001-12-14T21:34:08.823 -3.90700000E-04  2.30650000E-02  8.76660000E-04
2001-12-14T21:34:09.823 -3.98420000E-04  2.32540000E-02  1.12730000E-03
2001-12-14T21:34:10.823 -2.56740000E-04  2.34270000E-02  9.34540000E-04
2001-12-14T21:34:11.823 -7.62770000E-04  2.21870000E-02  9.37690000E-04
2001-12-14T21:34:12.823 -6.41410000E-04  2.19810000E-02  8.61920000E-04
2001-12-14T21:34:13.823 -3.06410000E-04  2.21750000E-02  8.88800000E-04
2001-12-14T21:34:14.823 -2.89160000E-04  2.06220000E-02  1.04700000E-03
2001-12-14T21:34:15.823 -6.17170000E-04  1.97980000E-02  6.82310000E-04
2001-12-14T21:34:16.823 -8.96260000E-04  2.05680000E-02  1.13580000E-03
2001-12-14T21:34:17.823  2.64660000E-04  2.19200000E-02  9.87850000E-04
2001-12-14T21:34:18.823 -8.63540000E-04  2.03340000E-02  1.15680000E-03
2001-12-14T21:34:19.823 -8.73020000E-04  2.01220000E-02  1.00110000E-03
2001-12-14T21:34:20.823 -2.02960000E-04  2.02210000E-02  8.05070000E-04
2001-12-14T21:34:21.823 -5.04550000E-04  1.93470000E-02  1.10670000E-03
2001-12-14T21:34:22.823 -5.37560000E-04  1.81110000E-02  7.74750000E-04
2001-12-14T21:34:23.823 -1.36500000E-04  1.84400000E-02  1.08360000E-03
2001-12-14T21:34:24.823  2.58450000E-04  1.84760000E-02  1.02900000E-03
2001-12-14T21:34:25.823 -9.80280000E-04  1.67470000E-02  7.29460000E-04
2001-12-14T21:34:26.823  3.65990000E-04  1.72220000E-02  9.15460000E-04
2001-12-14T21:34:27.823 -9.62480000E-04  1.75290000E-02  9.90980000E-04
2001-12-14T21:34:28.823 -3.91310000E-04  1.76430000E-02  1.07930000E-03
2001-12-14T21:34:29.823  3.91940000E-04  1.80390000E-02  9.61560000E-04
2001-12-14T21:34:30.823 -1.49590000E-03  1.70890000E-02  9.54650000E-04
2001-12-14T21:34:31.823 -1.49350000E-04  1.82240000E-02  9.70100000E-04
2001-12-14T21:34:32.823 -2.73480000E-04  1.93720000E-02  7.56190000E-04
2001-12-14T21:34:33.823 -1.24190000E-05  1.90900000E-02  1.15120000E-03
2001-12-14T21:34:34.823 -2.11230000E-04  1.82310000E-02  9.72650000E-04
2001-12-14T21:34:35.823 -5.13780000E-04  1.85010000E-02  7.33000000E-04
2001-12-14T21:34:36.823 -7.20610000E-04  1.70220000E-02  1.01800000E-03
2001-12-14T21:34:37.823 -1.50850000E-04  1.72230000E-02  8.20070000E-04
2001-12-14T21:34:38.823 -5.30050000E-04  1.67730000E-02  9.23060000E-04
2001-12-14T21:34:39.823 -3.98890000E-04  1.63540000E-02  8.10460000E-04
2001-12-14T21:34:40.823 -1.72680000E-04  1.59590000E-02  7.90770000E-04
2001-12-14T21:34:41.823 -4.64350000E-04  1.51620000E-02  9.00300000E-04
2001-12-14T21:34:42.823  1.08850000E-04  1.60690000E-02  8.57110000E-04
2001-12-14T21:34:43.823 -7.26600000E-04  1.64920000E-02  7.50970000E-04
2001-12-14T21:34:44.823 -3.95340000E-04  1.41960000E-02  8.53830000E-04
2001-12-14T21:34:45.823 -5.99140000E-04  1.42980000E-02  5.61840000E-04
2001-12-14T21:34:46.823 -4.36630000E-04  1.48770000E-02  7.51990000E-04
2001-12-14T21:34:47.823 -5.91060000E-05  1.54900000E-02  6.38370000E-04
2001-12-14T21:34:48.823 -4.90550000E-04  1.39570000E-02  8.36350000E-04
2001-12-14T21:34:49.823 -2.70330000E-04  1.35500000E-02  6.76630000E-04
2001-12-14T21:34:50.823 -5.90130000E-04  1.38220000E-02  7.18690000E-04
2001-12-14T21:34:51.823 -4.06420000E-04  1.39310000E-02  4.73010000E-04
2001-12-14T21:34:52.823 -2.77360000E-04  1.42570000E-02  9.77470000E-04
2001-12-14T21:34:53.823 -3.13310000E-04  1.38920000E-02  7.91860000E-04
2001-12-14T21:34:54.823 -4.43540000E-04  1.34980000E-02  4.54610000E-04
2001-12-14T21:34:55.823 -3.90690000E-04  1.37050000E-02  8.27730000E-04
2001-12-14T21:34:56.823 -1.69690000E-04  1.35610000E-02  7.11530000E-04
2001-12-14T21:34:57.823 -4.54210000E-04  1.19550000E-02  7.19090000E-04
2001-12-14T21:34:58.823 -1.96160000E-04  1.20550000E-02  7.75760000E-04
2001-12-14T21:34:59.823 -7.48930000E-05  1.17710000E-02  5.91600000E-04
2001-12-14T21:35:00.823 -3.84990000E-04  1.18970000E-02  8.66370000E-04
2001-12-14T21:35:01.823 -5.31720000E-04  1.19730000E-02  4.99570000E-04
2001-12-14T21:35:02.823 -2.53490000E-04  1.16750000E-02  7.55920000E-04
2001-12-14T21:35:03.823 -1.66900000E-04  1.18430000E-02  6.76350000E-04
2001-12-14T21:35:04.823 -4.75240000E-04  1.17750000E-02  6.63570000E-04
2001-12-14T21:35:05.823 -1.44050000E-04  1.17050000E-02  9.35350000E-04
2001-12-14T21:35:06.823 -4.11190000E-04  1.12620000E-02  7.42610000E-04
2001-12-14T21:35:07.823 -1.72820000E-04  1.09540000E-02  5.73710000E-04
2001-12-14T21:35:08.823 -3.81890000E-04  1.10730000E-02  9.86550000E-04
2001-12-14T21:35:09.823 -1.25330000E-04  1.13480000E-02  7.28380000E-04
2001-12-14T21:35:10.823 -3.13100000E-04  1.04800000E-02  6.80080000E-04
2001-12-14T21:35:11.823 -3.55300000E-04  1.03040000E-02  8.12160000E-04
2001-12-14T21:35:12.823 -2.93260000E-04  9.98280000E-03  7.06620000E-04
2001-12-14T21:35:13.823 -1.73030000E-04  9.56970000E-03  6.65610000E-04
2001-12-14T21:35:14.823 -2.87250000E-04  9.31790000E-03  9.48680000E-04
2001-12-14T21:35:15.823 -2.04790000E-04  9.39890000E-03  7.61490000E-04
2001-12-14T21:35:16.823 -2.52790000E-04  9.71910000E-03  5.80820000E-04
2001-12-14T21:35:17.823 -2.40200000E-04  9.73370000E-03  8.08910000E-04
2001-12-14T21:35:18.823 -3.21520000E-04  9.36800000E-03  8.72770000E-04
2001-12-14T21:35:19.823 -4.00410000E-04  9.38880000E-03  5.25240000E-04
2001-12-14T21:35:20.823 -1.75230000E-04  9.58120000E-03  7.68780000E-04
2001-12-14T21:35:21.823 -1.90040000E-04  9.41680000E-03  8.20150000E-04
2001-12-14T21:35:22.823 -2.58610000E-04  8.72910000E-03  7.71920000E-04
2001-12-14T21:35:23.823 -1.73040000E-05  8.77700000E-03  7.82770000E-04
2001-12-14T21:35:24.823 -2.60390000E-04  8.67260000E-03  8.11120000E-04
2001-12-14T21:35:25.823 -3.89370000E-04  8.48520000E-03  1.02190000E-03
2001-12-14T21:35:26.823 -2.13440000E-04  8.29260000E-03  4.64720000E-04
2001-12-14T21:35:27.823 -1.51440000E-04  8.36520000E-03  6.36820000E-04
2001-12-14T21:35:28.823 -8.29790000E-05  8.34720000E-03  7.59990000E-04
2001-12-14T21:35:29.823 -1.36310000E-04  7.83500000E-03  6.49090000E-04
2001-12-14T21:35:30.823 -2.98870000E-04  7.58480000E-03  7.44150000E-04
2001-12-14T21:35:31.823 -2.22090000E-04  6.98050000E-03  7.56920000E-04
2001-12-14T21:35:32.823 -1.36030000E-05  6.88260000E-03  4.99940000E-04
2001-12-14T21:35:33.823 -3.54370000E-04  6.90550000E-03  8.07300000E-04
2001-12-14T21:35:34.823 -2.53140000E-04  6.69970000E-03  5.35840000E-04
2001-12-14T21:35:35.823 -1.72320000E-04  6.77390000E-03  8.10260000E-04
2001-12-14T21:35:36.823 -1.67230000E-04  6.23470000E-03  4.63400000E-04
2001-12-14T21:35:37.823 -2.91080000E-04  5.99720000E-03  8.05250000E-04
2001-12-14T21:35:38.823 -1.50210000E-04  6.12750000E-03  7.09610000E-04
2001-12-14T21:35:39.823 -1.91830000E-04  6.25510000E-03  5.17720000E-04
2001-12-14T21:35:40.823 -1.87530000E-04  5.65350000E-03  7.55240000E-04
2001-12-14T21:35:41.823 -2.62760000E-04  5.76600000E-03  5.33400000E-04
2001-12-14T21:35:42.823 -1.26450000E-04  5.44200000E-03  6.95580000E-04
2001-12-14T21:35:43.823 -2.51210000E-04  5.33350000E-03  6.09650000E-04
2001-12-14T21:35:44.823 -5.54990000E-04  5.29070000E-03  5.20020000E-04
2001-12-14T21:35:45.823 -1.03560000E-05  4.93450000E-03  5.89880000E-04
2001-12-14T21:35:46.823 -1.46680000E-04  4.56590000E-03  7.23280000E-04
2001-12-14T21:35:47.823 -1.92890000E-04  4.38010000E-03  5.42880000E-04
2001-12-14T21:35:48.823 -1.80270000E-04  4.82760000E-03  5.37300000E-04
2001-12-14T21:35:49.823 -1.71100000E-04  4.68200000E-03  6.60080000E-04
2001-12-14T21:35:50.823 -1.97620000E-04  4.44730000E-03  3.93020000E-04
2001-12-14T21:35:51.823 -6.37960000E-05  4.65560000E-03  6.83670000E-04
2001-12-14T21:35:52.823 -3.01390000E-04  4.00460000E-03  5.88800000E-04
2001-12-14T21:35:53.823 -3.49630000E-05  4.11490000E-03  5.21940000E-04
2001-12-14T21:35:54.823 -2.80420000E-04  3.76390000E-03  7.52990000E-04
2001-12-14T21:35:55.823 -1.13630000E-04  4.17880000E-03  5.14000000E-04
2001-12-14T21:35:56.823 -2.98750000E-04  4.03910000E-03  5.91780000E-04
2001-12-14T21:35:57.823 -1.75140000E-05  4.24040000E-03  4.23890000E-04
2001-12-14T21:35:58.823 -2.55470000E-04  3.62690000E-03  7.69510000E-04
2001-12-14T21:35:59.823 -1.72650000E-04  3.50980000E-03  4.26560000E-04
2001-12-14T21:36:00.823 -5.97100000E-05  3.52480000E-03  6.12000000E-04
2001-12-14T21:36:01.823 -2.40490000E-04  3.29510000E-03  3.04270000E-04
2001-12-14T21:36:02.823 -3.27070000E-04  3.32860000E-03  6.77410000E-04
2001-12-14T21:36:03.823  1.42460000E-05  3.47870000E-03  3.00680000E-04
2001-12-14T21:36:04.823 -3.14300000E-04  3.01680000E-03  7.10660000E-04
2001-12-14T21:36:05.823 -6.73560000E-05  3.00820000E-03  2.99830000E-04
2001-12-14T21:36:06.823 -1.43940000E-04  2.77110000E-03  5.65390000E-04
2001-12-14T21:36:07.823 -1.06850000E-04  2.32290000E-03  5.83540000E-04
2001-12-14T21:36:08.823 -4.88350000E-05  1.57740000E-03  3.84890000E-04
2001-12-14T21:36:09.823 -2.86520000E-04  1.63080000E-03  5.30580000E-04
2001-12-14T21:36:10.823 -6.97140000E-05  1.98030000E-03  3.76480000E-04
2001-12-14T21:36:11.823 -4.45130000E-05  1.71870000E-03  4.81170000E-04
2001-12-14T21:36:12.823 -2.14460000E-04  1.73760000E-03  5.84390000E-04
2001-12-14T21:36:13.823 -1.09780000E-04  2.01230000E-03  4.40660000E-04
2001-12-14T21:36:14.823 -2.19790000E-04  2.04540000E-03  3.94480000E-04
2001-12-14T21:36:15.823 -9.21090000E-05  2.50550000E-03  6.15740000E-04
2001-12-14T21:36:16.823 -1.58680000E-04  2.49960000E-03  4.48150000E-04
2001-12-14T21:36:17.823 -1.87170000E-04  2.38190000E-03  4.34050000E-04
2001-12-14T21:36:18.823 -1.49710000E-04  2.43530000E-03  5.37000000E-04
2001-12-14T21:36:19.823 -8.38500000E-05  2.38330000E-03  5.46500000E-04
2001-12-14T21:36:20.823 -1.61570000E-04  2.28220000E-03  3.19520000E-04
2001-12-14T21:36:21.823 -1.46810000E-04  2.01740000E-03  5.38720000E-04
2001-12-14T21:36:22.823 -1.37990000E-04  1.75730000E-03  5.44100000E-04
2001-12-14T21:36:23.823  4.11490000E-06  1.98920000E-03  5.50060000E-04
2001-12-14T21:36:24.823 -1.85500000E-04  1.83330000E-03  5.57840000E-04
2001-12-14T21:36:25.823 -4.84590000E-05  1.80570000E-03  4.50270000E-04
2001-12-14T21:36:26.823 -1.19950000E-04  1.63300000E-03  3.24960000E-04
2001-12-14T21:36:27.823 -5.14020000E-05  1.43090000E-03  7.52450000E-04
2001-12-14T21:36:28.823 -2.02080000E-04  1.56800000E-03  4.96320000E-04
2001-12-14T21:36:29.823 -1.30860000E-05  1.52800000E-03  3.07930000E-04
2001-12-14T21:36:30.823 -2.81790000E-04  1.29210000E-03  7.39330000E-04
2001-12-14T21:36:31.823 -2.84520000E-05  1.37980000E-03  3.81130000E-04
2001-12-14T21:36:32.823 -1.18460000E-04  1.08250000E-03  6.72400000E-04
2001-12-14T21:36:33.823 -1.34920000E-04  1.31090000E-03  3.45540000E-04
2001-12-14T21:36:34.823 -8.72750000E-05  8.10460000E-04  4.39720000E-04
2001-12-14T21:36:35.823 -2.56460000E-05  1.01070000E-03  4.35550000E-04
2001-12-14T21:36:36.823 -2.21080000E-04  5.41870000E-04  3.00460000E-04
2001-12-14T21:36:37.823 -1.35410000E-04  6.48660000E-04  5.17600000E-04
2001-12-14T21:36:38.823  4.95220000E-06  6.50160000E-04  4.34100000E-04
2001-12-14T21:36:39.823 -9.08270000E-05  3.03290000E-04  3.54930000E-04
2001-12-14T21:36:40.823 -1.09400000E-04  3.10150000E-04  7.00650000E-04
2001-12-14T21:36:41.823  2.14490000E-06  4.41300000E-04  3.81520000E-04
2001-12-14T21:36:42.823 -1.85510000E-04  2.91740000E-04  4.55550000E-04
2001-12-14T21:36:43.823 -5.35400000E-05  3.19870000E-04  5.67090000E-04
2001-12-14T21:36:44.823 -6.60560000E-05  3.26720000E-04  3.90190000E-04
2001-12-14T21:36:45.823 -1.67540000E-04  2.22660000E-04  3.92250000E-04
2001-12-14T21:36:46.823 -8.46520000E-05  3.61290000E-04  6.47040000E-04
2001-12-14T21:36:47.823 -4.53020000E-05  2.29580000E-04  3.29150000E-04
2001-12-14T21:36:48.823 -1.48020000E-04  9.11770000E-05  6.21140000E-04
2001-12-14T21:36:49.823 -1.62720000E-04  3.60740000E-04  4.33560000E-04
2001-12-14T21:36:50.823 -2.84910000E-04 -1.18180000E-05  5.78190000E-04
2001-12-14T21:36:51.823 -4.94940000E-06  1.13120000E-04  3.76460000E-04
2001-12-14T21:36:52.823 -8.00130000E-05  1.11420000E-04  3.65530000E-04
2001-12-14T21:36:53.823 -8.15830000E-05 -4.24520000E-06  5.75700000E-04
2001-12-14T21:36:54.823 -1.49460000E-04  5.04790000E-05  4.27650000E-04
2001-12-14T21:36:55.823  1.01420000E-04 -1.06170000E-04  4.32550000E-04
2001-12-14T21:36:56.823 -2.13480000E-04  8.94470000E-05  3.81250000E-04
2001-12-14T21:36:57.823 -1.92550000E-04 -8.49440000E-05  6.07900000E-04
2001-12-14T21:36:58.823 -1.43590000E-04  1.48760000E-04  3.32690000E-04
2001-12-14T21:36:59.823  3.85080000E-05  2.78500000E-05  3.63500000E-04
2001-12-14T21:37:00.823 -1.37520000E-04  2.44570000E-05  6.28660000E-04
2001-12-14T21:37:01.823 -1.84720000E-05 -4.98350000E-05  3.34450000E-04
2001-12-14T21:37:02.823 -3.58300000E-04 -2.34180000E-05  4.36980000E-04
2001-12-14T21:37:03.823 -8.63330000E-05  1.96070000E-05  4.67270000E-04
2001-12-14T21:37:04.823 -1.33810000E-04 -2.77180000E-04  3.60740000E-04
2001-12-14T21:37:05.823 -2.33340000E-05  1.38050000E-04  6.38590000E-04
2001-12-14T21:37:06.823 -9.37450000E-05 -1.05110000E-04  1.88010000E-04
2001-12-14T21:37:07.823 -2.45830000E-04 -7.31880000E-05  5.33610000E-04
2001-12-14T21:37:08.823 -1.20030000E-04  3.38690000E-05  4.15470000E-04
2001-12-14T21:37:09.823 -8.31720000E-05 -4.20060000E-05  6.31450000E-04
2001-12-14T21:37:10.823 -1.47080000E-04 -6.37360000E-05  3.18520000E-04
2001-12-14T21:37:11.823 -1.74120000E-04 -1.14070000E-04  4.35390000E-04
2001-12-14T21:37:12.823 -7.55500000E-05 -7.89960000E-05  6.97700000E-04
2001-12-14T21:37:13.823 -2.16770000E-04 -6.80030000E-05  3.61780000E-04
2001-12-14T21:37:14.823  4.20520000E-05 -2.28120000E-05  2.85950000E-04
2001-12-14T21:37:15.823 -2.47160000E-04 -2.20140000E-04  4.99060000E-04
2001-12-14T21:37:16.823 -6.52060000E-05 -5.50120000E-05  5.00340000E-04
2001-12-14T21:37:17.823 -2.34800000E-04 -2.36260000E-04  4.84700000E-04
2001-12-14T21:37:18.823 -3.26540000E-06 -1.35580000E-04  4.60930000E-04
2001-12-14T21:37:19.823 -2.49860000E-04 -1.77160000E-04  4.53110000E-04
2001-12-14T21:37:20.823 -9.11560000E-06 -1.43550000E-04  5.08410000E-04
2001-12-14T21:37:21.823 -8.87170000E-05 -1.04140000E-04  5.50180000E-04
2001-12-14T21:37:22.823 -1.41960000E-04 -1.27250000E-04  3.68230000E-04
2001-12-14T21:37:23.823 -1.28340000E-04 -2.42140000E-04  6.10690000E-04
2001-12-14T21:37:24.823 -1.74810000E-04 -1.71280000E-04  3.80460000E-04
2001-12-14T21:37:25.823 -1.00550000E-04 -1.73240000E-04  4.06460000E-04
2001-12-14T21:37:26.823 -2.53610000E-04 -1.47310000E-04  5.50250000E-04
2001-12-14T21:37:27.823 -1.09110000E-04 -7.94330000E-05  3.95900000E-04
2001-12-14T21:37:28.823 -7.63100000E-05 -1.19610000E-04  6.45760000E-04
2001-12-14T21:37:29.823 -7.77160000E-05 -1.35100000E-04  5.36590000E-04
2001-12-14T21:37:30.823 -1.77910000E-04 -1.79590000E-04  3.39810000E-04
2001-12-14T21:37:31.823 -7.25800000E-05 -9.92730000E-05  4.77060000E-04
2001-12-14T21:37:32.823 -2.83410000E-04 -2.92450000E-04  7.88430000E-04
2001-12-14T21:37:33.823 -1.18930000E-04  2.07450000E-05  2.24960000E-04
2001-12-14T21:37:34.823 -1.54260000E-04 -3.51590000E-04  5.29560000E-04
2001-12-14T21:37:35.823 -7.16660000E-05 -6.13700000E-05  5.01130000E-04
2001-12-14T21:37:36.823 -2.82840000E-04 -2.00010000E-04  2.54490000E-04
2001-12-14T21:37:37.823  8.99700000E-06 -7.14780000E-05  4.55570000E-04
2001-12-14T21:37:38.823 -2.04890000E-04 -2.33700000E-04  4.28830000E-04
2001-12-14T21:37:39.823  7.97610000E-05 -1.47950000E-04  5.05720000E-04
2001-12-14T21:37:40.823 -1.72990000E-04 -2.52790000E-04  3.09710000E-04
2001-12-14T21:37:41.823 -6.64500000E-05 -2.16230000E-04  6.45020000E-04
2001-12-14T21:37:42.823 -1.43480000E-04 -2.78420000E-04  3.75850000E-04
2001-12-14T21:37:43.823 -1.37190000E-04 -7.59170000E-05  2.71790000E-04
2001-12-14T21:37:44.823 -1.50830000E-04 -3.06910000E-04  6.13100000E-04
2001-12-14T21:37:45.823 -8.09450000E-05 -3.16700000E-04  4.32800000E-04
2001-12-14T21:37:46.823 -1.09420000E-04 -1.70830000E-04  4.04990000E-04
2001-12-14T21:37:47.823 -7.66790000E-05 -1.56400000E-04  7.14310000E-04
2001-12-14T21:37:48.823 -1.48830000E-04 -3.01460000E-04  3.69110000E-04
2001-12-14T21:37:49.823 -1.48470000E-04 -1.43690000E-04  4.40560000E-04
2001-12-14T21:37:50.823 -1.12480000E-04 -1.49100000E-04  4.67490000E-04
2001-12-14T21:37:51.823 -1.51320000E-04 -2.88920000E-05  5.53460000E-04
2001-12-14T21:37:52.823 -1.05390000E-04 -2.50840000E-04  4.32120000E-04
2001-12-14T21:37:53.823 -2.39060000E-04 -2.21370000E-04  5.40430000E-04
2001-12-14T21:37:54.823 -7.28550000E-05 -1.82050000E-04  5.51660000E-04
2001-12-14T21:37:55.823 -1.64600000E-04 -3.21410000E-04  3.59410000E-04
2001-12-14T21:37:56.823 -8.22330000E-05 -3.68720000E-05  5.05690000E-04
2001-12-14T21:37:57.823 -6.24090000E-05 -2.93940000E-04  2.94890000E-04
2001-12-14T21:37:58.823 -6.64890000E-05 -1.14160000E-04  5.82460000E-04
2001-12-14T21:37:59.823 -1.11690000E-04 -3.22080000E-04  2.55990000E-04
2001-12-14T21:38:00.823 -1.75530000E-04 -2.29310000E-04  5.59710000E-04
2001-12-14T21:38:01.823 -1.67320000E-04 -1.76370000E-04  2.54670000E-04
2001-12-14T21:38:02.823  5.11860000E-05 -3.44850000E-04  4.26150000E-04
2001-12-14T21:38:03.823 -2.17390000E-04 -2.55810000E-04  6.98480000E-04
2001-12-14T21:38:04.823 -2.51690000E-05 -3.09720000E-04  2.22430000E-04
2001-12-14T21:38:05.823 -2.32190000E-04 -1.69190000E-04  4.17630000E-04
2001-12-14T21:38:06.823 -1.15860000E-04 -2.17080000E-04  6.15890000E-04
2001-12-14T21:38:07.823 -2.06850000E-04 -3.70430000E-04  4.02560000E-04
2001-12-14T21:38:08.823 -7.15440000E-05 -1.27310000E-04  3.36260000E-04
2001-12-14T21:38:09.823 -1.27360000E-04 -3.88630000E-04  7.13180000E-04
2001-12-14T21:38:10.823  1.41520000E-05 -1.81200000E-04  2.80910000E-04
2001-12-14T21:38:11.823 -3.65880000E-04 -3.06490000E-04  5.83260000E-04
2001-12-14T21:38:12.823  7.16170000E-05 -1.15850000E-04  3.12220000E-04
2001-12-14T21:38:13.823 -3.47780000E-04 -2.71170000E-04  6.73520000E-04
2001-12-14T21:38:14.823  4.31800000E-05 -1.11110000E-04  3.12350000E-04
2001-12-14T21:38:15.823 -2.83880000E-04 -2.82430000E-04  6.11470000E-04
2001-12-14T21:38:16.823 -1.09700000E-04 -1.41870000E-04  4.62200000E-04
2001-12-14T21:38:17.823 -3.22340000E-04 -1.80900000E-04  2.38100000E-04
2001-12-14T21:38:18.823  2.01770000E-05 -2.98580000E-04  5.46760000E-04
2001-12-14T21:38:19.823 -1.23110000E-04 -1.13260000E-04  5.76710000E-04
2001-12-14T21:38:20.823 -1.13210000E-04 -1.87610000E-04  3.81680000E-04
2001-12-14T21:38:21.823 -2.40770000E-04 -3.21740000E-04  5.38240000E-04
2001-12-14T21:38:22.823 -1.22780000E-04 -1.36330000E-04  5.28530000E-04
2001-12-14T21:38:23.823 -1.36990000E-04 -2.73100000E-04  3.99910000E-04
2001-12-14T21:38:24.823 -2.89110000E-05 -3.06320000E-04  6.04980000E-04
2001-12-14T21:38:25.823 -1.60250000E-04 -1.65110000E-04  3.99210000E-04
2001-12-14T21:38:26.823 -1.05000000E-04 -2.64240000E-04  4.35140000E-04
2001-12-14T21:38:27.823 -3.57970000E-04 -2.67220000E-04  4.80040000E-04
2001-12-14T21:38:28.823  1.90430000E-05 -2.19940000E-04  4.80450000E-04
2001-12-14T21:38:29.823 -1.54140000E-04 -2.82700000E-04  4.63250000E-04
2001-12-14T21:38:30.823 -1.13250000E-04 -1.44990000E-04  2.27280000E-04
2001-12-14T21:38:31.823 -1.32970000E-04 -3.41130000E-04  6.43900000E-04
2001-12-14T21:38:32.823 -1.76400000E-04 -1.94540000E-04  4.93430000E-04
2001-12-14T21:38:33.823 -1.08300000E-04 -1.71970000E-04  4.37370000E-04
2001-12-14T21:38:34.823 -5.29160000E-05 -1.12940000E-04  3.78330000E-04
2001-12-14T21:38:35.823 -1.73200000E-04 -3.77960000E-04  7.63100000E-04
2001-12-14T21:38:36.823 -8.54160000E-05 -7.37700000E-05  2.11300000E-04
2001-12-14T21:38:37.823 -1.97680000E-04 -2.74300000E-04  5.89960000E-04
2001-12-14T21:38:38.823 -1.05840000E-04 -3.23330000E-04  6.09130000E-04
2001-12-14T21:38:39.823 -2.25220000E-04 -2.53720000E-04  4.74870000E-04
2001-12-14T21:38:40.823 -8.49330000E-05 -1.47430000E-04  3.81520000E-04
2001-12-14T21:38:41.823 -8.65780000E-05 -1.80360000E-04  4.44800000E-04
2001-12-14T21:38:42.823 -9.64110000E-05 -2.07240000E-04  4.68950000E-04
2001-12-14T21:38:43.823 -1.77620000E-04 -1.90680000E-04  4.99460000E-04
2001-12-14T21:38:44.823 -1.12680000E-04 -1.49120000E-04  4.25330000E-04
2001-12-14T21:38:45.823 -1.24390000E-04 -2.69870000E-04  5.13550000E-04
2001-12-14T21:38:46.823 -2.91730000E-04 -2.38540000E-04  4.75940000E-04
2001-12-14T21:38:47.823 -5.95640000E-05 -2.10260000E-04  2.93330000E-04
2001-12-14T21:38:48.823 -1.22720000E-04 -2.11090000E-04  6.31730000E-04
2001-12-14T21:38:49.823 -1.79040000E-04 -2.85770000E-04  4.59610000E-04
2001-12-14T21:38:50.823 -1.88780000E-04 -1.67300000E-04  4.01610000E-04
2001-12-14T21:38:51.823 -1.69070000E-04 -2.42690000E-04  6.01100000E-04
2001-12-14T21:38:52.823 -2.17120000E-04 -4.39990000E-04  4.82470000E-04
2001-12-14T21:38:53.823 -2.73180000E-04 -2.09260000E-04  4.40440000E-04
2001-12-14T21:38:54.823 -1.31840000E-04 -3.24210000E-04  5.56540000E-04
2001-12-14T21:38:55.823 -1.65020000E-04 -1.49430000E-04  6.68050000E-04
2001-12-14T21:38:56.823  9.99370000E-05 -2.13430000E-04  5.00390000E-04
2001-12-14T21:38:57.823 -2.32070000E-04 -2.38280000E-04  3.11500000E-04
2001-12-14T21:38:58.823 -1.48910000E-04 -2.04420000E-04  6.16800000E-04
2001-12-14T21:38:59.823 -1.55120000E-04 -1.60780000E-04  3.83370000E-04
2001-12-14T21:39:00.823 -1.28370000E-04 -1.41760000E-04  4.70580000E-04
2001-12-14T21:39:01.823 -6.50780000E-05 -2.59770000E-04  5.35850000E-04
2001-12-14T21:39:02.823 -2.49660000E-04 -1.58030000E-04  3.52950000E-04
2001-12-14T21:39:03.823 -8.42480000E-05 -1.99450000E-04  2.91180000E-04
2001-12-14T21:39:04.823 -9.61970000E-05 -2.27180000E-04  3.36430000E-04
2001-12-14T21:39:05.823 -1.07250000E-04 -2.03570000E-04  4.79550000E-04
2001-12-14T21:39:06.823 -2.25900000E-04 -2.13270000E-04  2.28620000E-04
2001-12-14T21:39:07.823 -1.02360000E-04 -1.80580000E-04  3.91410000E-04
2001-12-14T21:39:08.823 -1.66780000E-04 -2.13050000E-04  5.12220000E-04
2001-12-14T21:39:09.823  4.35210000E-05 -3.06180000E-04  4.30680000E-04
2001-12-14T21:39:10.823 -1.71440000E-04 -2.29720000E-04  5.28060000E-04
2001-12-14T21:39:11.823 -2.16300000E-04 -7.30000000E-05  2.20960000E-04
2001-12-14T21:39:12.823 -2.57670000E-04 -3.21000000E-04  7.93590000E-04
2001-12-14T21:39:13.823 -1.19900000E-04 -1.61860000E-04  3.90730000E-04
2001-12-14T21:39:14.823 -1.75570000E-04 -3.10820000E-04  3.23310000E-04
2001-12-14T21:39:15.823 -4.76730000E-05 -2.77450000E-04  4.89090000E-04
2001-12-14T21:39:16.823 -2.72360000E-04 -1.88370000E-04  5.46600000E-04
2001-12-14T21:39:17.823 -2.35210000E-05 -8.98490000E-05  4.92630000E-04
2001-12-14T21:39:18.823 -1.90290000E-04 -1.60110000E-04  5.08540000E-04
2001-12-14T21:39:19.823 -7.24690000E-05 -1.34130000E-04  3.85210000E-04
2001-12-14T21:39:20.823 -2.12420000E-04 -4.49990000E-04  5.38930000E-04
2001-12-14T21:39:21.823 -8.57360000E-05 -6.74840000E-05  5.83280000E-04
2001-12-14T21:39:22.823 -1.98200000E-04 -1.79860000E-04  3.49700000E-04
2001-12-14T21:39:23.823  5.99060000E-05 -2.55290000E-04  4.22290000E-04
2001-12-14T21:39:24.823 -3.00280000E-04 -3.81410000E-04  6.42480000E-04
2001-12-14T21:39:25.823  3.47050000E-05 -6.81190000E-05  2.88270000E-04
2001-12-14T21:39:26.823 -3.35530000E-04 -2.85200000E-04  5.95910000E-04
2001-12-14T21:39:27.823  3.05850000E-05 -1.85110000E-04  5.49650000E-04
2001-12-14T21:39:28.823 -3.36950000E-04 -2.69820000E-04  3.40630000E-04
2001-12-14T21:39:29.823 -5.41140000E-05 -1.38890000E-04  5.13140000E-04
2001-12-14T21:39:30.823 -3.27890000E-04 -2.43640000E-04  6.14670000E-04
2001-12-14T21:39:31.823  5.34440000E-06 -1.56720000E-04  4.30030000E-04
2001-12-14T21:39:32.823 -2.65720000E-04 -2.69790000E-04  4.75080000E-04
2001-12-14T21:39:33.823 -4.66700000E-05 -2.36610000E-04  2.51860000E-04
2001-12-14T21:39:34.823 -2.78040000E-04 -3.24650000E-04  6.28780000E-04
2001-12-14T21:39:35.823 -3.69600000E-05 -8.18370000E-05  3.24020000E-04
2001-12-14T21:39:36.823 -3.95380000E-04 -3.21610000E-04  4.06460000E-04
2001-12-14T21:39:37.823  6.00500000E-05 -8.82980000E-05  6.08190000E-04
2001-12-14T21:39:38.822 -3.61350000E-04 -2.45940000E-04  5.95260000E-04
2001-12-14T21:39:39.822 -2.04610000E-05 -8.76430000E-05  3.07380000E-04
2001-12-14T21:39:40.822 -1.81260000E-04 -3.03230000E-04  4.41560000E-04
2001-12-14T21:39:41.822 -1.02780000E-04 -1.00810000E-04  4.53110000E-04
2001-12-14T21:39:42.822 -2.43350000E-04 -1.98320000E-04  2.07610000E-04
2001-12-14T21:39:43.822 -8.41900000E-05 -1.51120000E-04  4.95970000E-04
2001-12-14T21:39:44.822 -1.46060000E-04 -2.71120000E-04  4.79020000E-04
2001-12-14T21:39:45.822 -3.23210000E-05 -1.98520000E-04  6.22250000E-04
2001-12-14T21:39:46.822 -1.58400000E-04 -2.97440000E-04  3.02890000E-04
2001-12-14T21:39:47.822 -1.24220000E-04 -1.13170000E-04  5.66930000E-04
2001-12-14T21:39:48.822 -3.74370000E-04 -2.32630000E-04  4.11580000E-04
2001-12-14T21:39:49.822 -5.89120000E-05 -2.11650000E-04  5.68170000E-04
2001-12-14T21:39:50.822 -1.84070000E-04 -2.00820000E-04  4.63350000E-04
2001-12-14T21:39:51.822 -4.93130000E-05 -1.89210000E-04  3.56520000E-04
2001-12-14T21:39:52.822 -3.14780000E-04 -3.78140000E-04  4.55050000E-04
2001-12-14T21:39:53.822 -1.06970000E-04 -1.89040000E-04  5.96250000E-04
2001-12-14T21:39:54.822 -1.82080000E-04 -1.95980000E-04  6.76440000E-04
2001-12-14T21:39:55.822  2.59770000E-05 -2.71100000E-04  2.26680000E-04
2001-12-14T21:39:56.822 -1.23020000E-04 -1.69960000E-04  5.63940000E-04
2001-12-14T21:39:57.822 -1.87850000E-04 -2.67170000E-04  6.07980000E-04
2001-12-14T21:39:58.822 -1.25860000E-04 -2.35800000E-04  2.24380000E-04
2001-12-14T21:39:59.822 -1.71200000E-04 -9.86320000E-05  6.38680000E-04
2001-12-14T21:40:00.822 -2.15030000E-04 -3.44410000E-04  5.41140000E-04
2001-12-14T21:40:01.822 -9.98890000E-05 -1.36000000E-04  2.77670000E-04
2001-12-14T21:40:02.822 -1.50400000E-04 -2.79140000E-04  6.19100000E-04
2001-12-14T21:40:03.822 -2.15160000E-06 -1.93430000E-04  4.60210000E-04
2001-12-14T21:40:04.822 -3.45660000E-04 -2.49520000E-04  5.90660000E-04
2001-12-14T21:40:05.822 -3.22910000E-05 -1.79000000E-04  3.66220000E-04
2001-12-14T21:40:06.822 -2.80160000E-04 -2.64190000E-04  4.79660000E-04
2001-12-14T21:40:07.822 -8.52550000E-05 -2.53510000E-04  6.69230000E-04
2001-12-14T21:40:08.822 -1.96770000E-04 -3.04870000E-04  5.83200000E-04
2001-12-14T21:40:09.822 -2.19020000E-04 -1.66740000E-04  3.30220000E-04
2001-12-14T21:40:10.822 -1.68730000E-04 -3.03780000E-04  5.00230000E-04
2001-12-14T21:40:11.822 -1.53430000E-04 -9.40190000E-05  4.64650000E-04
2001-12-14T21:40:12.822 -2.28310000E-04 -2.65590000E-04  6.15710000E-04
2001-12-14T21:40:13.822  3.64140000E-05 -2.36580000E-04  4.06580000E-04
2001-12-14T21:40:14.822 -2.81820000E-04 -3.35560000E-04  6.05460000E-04
2001-12-14T21:40:15.822 -1.06420000E-04 -4.11290000E-05  4.49330000E-04
2001-12-14T21:40:16.822 -1.82990000E-04 -3.19800000E-04  2.84200000E-04
2001-12-14T21:40:17.822 -1.68010000E-04 -1.96800000E-04  6.13870000E-04
2001-12-14T21:40:18.822 -1.30230000E-04 -1.69890000E-04  5.07500000E-04
2001-12-14T21:40:19.822 -1.68070000E-04 -2.12570000E-04  3.45810000E-04
2001-12-14T21:40:20.822 -2.79000000E-04 -2.30040000E-04  5.15030000E-04
2001-12-14T21:40:21.822 -2.36740000E-05 -2.72170000E-04  4.86710000E-04
2001-12-14T21:40:22.822 -2.34800000E-04 -1.76400000E-04  4.56800000E-04
2001-12-14T21:40:23.822 -8.12990000E-05 -1.12800000E-04  5.90060000E-04
2001-12-14T21:40:24.822 -1.97300000E-04 -2.76160000E-04  3.70840000E-04
2001-12-14T21:40:25.822 -8.58520000E-05 -7.29640000E-05  4.40210000E-04
2001-12-14T21:40:26.822 -2.58920000E-04 -3.80590000E-04  4.42730000E-04
2001-12-14T21:40:27.822 -1.30240000E-04 -1.52250000E-04  5.03730000E-04
2001-12-14T21:40:28.822 -1.25170000E-04 -1.79010000E-04  3.99800000E-04
2001-12-14T21:40:29.822 -6.79420000E-05 -1.51080000E-04  4.26620000E-04
2001-12-14T21:40:30.822 -1.89380000E-04 -3.65820000E-04  7.25520000E-04
2001-12-14T21:40:31.822 -1.40320000E-04 -2.17170000E-04  4.20980000E-04
2001-12-14T21:40:32.822 -2.11230000E-04 -2.31430000E-04  5.13950000E-04
2001-12-14T21:40:33.822 -4.56030000E-05 -2.24310000E-04  3.51250000E-04
2001-12-14T21:40:34.822 -1.59320000E-04 -2.58260000E-04  3.66120000E-04
2001-12-14T21:40:35.822 -1.14820000E-04 -2.34820000E-04  6.13640000E-04
2001-12-14T21:40:36.822 -1.73820000E-04 -2.22210000E-04  3.33040000E-04
2001-12-14T21:40:37.822 -9.04770000E-05 -3.02790000E-04  6.33140000E-04
2001-12-14T21:40:38.822 -1.64490000E-04 -2.05880000E-04  4.06780000E-04
2001-12-14T21:40:39.822 -1.50860000E-04 -1.89930000E-04  4.91800000E-04
2001-12-14T21:40:40.822 -1.73290000E-04 -3.25900000E-04  4.17440000E-04
2001-12-14T21:40:41.822 -1.90100000E-04 -2.39680000E-04  6.18520000E-04
2001-12-14T21:40:42.822 -1.08220000E-04 -1.99260000E-04  4.18560000E-04
2001-12-14T21:40:43.822  8.28180000E-07 -2.54650000E-04  4.67010000E-04
2001-12-14T21:40:44.822 -3.25940000E-04 -1.85680000E-04  4.73060000E-04
2001-12-14T21:40:45.822 -1.82600000E-04 -1.14760000E-04  5.77000000E-04
2001-12-14T21:40:46.822 -4.77060000E-05 -2.80190000E-04  4.22830000E-04
2001-12-14T21:40:47.822 -2.11690000E-04 -2.49960000E-04  6.61550000E-04
2001-12-14T21:40:48.822 -2.49530000E-04 -3.32760000E-04  4.82570000E-04
2001-12-14T21:40:49.822 -3.93640000E-05 -2.41280000E-04  5.27430000E-04
2001-12-14T21:40:50.822 -1.43390000E-04 -1.26560000E-04  3.91580000E-04
2001-12-14T21:40:51.822 -2.02500000E-04 -2.63050000E-04  7.08200000E-04
2001-12-14T21:40:52.822 -6.07830000E-05 -3.17500000E-04  4.15380000E-04
2001-12-14T21:40:53.822 -1.49090000E-04 -1.84700000E-04  5.38470000E-04
2001-12-14T21:40:54.822 -1.47860000E-04 -2.36240000E-04  4.40600000E-04
2001-12-14T21:40:55.822 -1.84420000E-04 -2.43490000E-04  5.36420000E-04
2001-12-14T21:40:56.822 -2.93330000E-04 -1.82840000E-04  4.15680000E-04
2001-12-14T21:40:57.822 -1.00480000E-04 -2.04510000E-04  6.84330000E-04
2001-12-14T21:40:58.822 -3.51600000E-04 -3.42570000E-04  5.71170000E-04
2001-12-14T21:40:59.822 -1.24710000E-05 -1.45600000E-04  2.93060000E-04
2001-12-14T21:41:00.822 -4.76160000E-05 -2.20740000E-04  5.32730000E-04
2001-12-14T21:41:01.822 -1.66390000E-04 -2.47880000E-04  4.78350000E-04
2001-12-14T21:41:02.822 -4.52720000E-05 -1.47190000E-04  5.08580000E-04
2001-12-14T21:41:03.822 -1.56850000E-04 -2.08220000E-04  3.72110000E-04
2001-12-14T21:41:04.822 -1.04690000E-04 -2.52440000E-04  4.96880000E-04
2001-12-14T21:41:05.822 -2.17880000E-04 -2.89470000E-04  6.82690000E-04
2001-12-14T21:41:06.822 -1.38990000E-04 -2.83190000E-04  2.87730000E-04
2001-12-14T21:41:07.822 -1.49960000E-04 -1.86680000E-04  6.16790000E-04
2001-12-14T21:41:08.822 -1.10470000E-04 -2.35640000E-04  1.97200000E-04
2001-12-14T21:41:09.822 -1.81430000E-04 -2.28670000E-04  6.55370000E-04
2001-12-14T21:41:10.822 -9.38290000E-05 -2.96640000E-04  5.97000000E-04
2001-12-14T21:41:11.822 -2.41090000E-04 -1.15950000E-04  4.43250000E-04
2001-12-14T21:41:12.822 -3.46770000E-04 -2.03020000E-04  4.73170000E-04
2001-12-14T21:41:13.822 -1.29410000E-04 -2.96650000E-04  5.36180000E-04
2001-12-14T21:41:14.822 -1.80120000E-04 -1.24300000E-05  4.76030000E-04
2001-12-14T21:41:15.822 -1.47500000E-04 -2.70020000E-04  3.80380000E-04
2001-12-14T21:41:16.822 -9.92860000E-05 -1.48110000E-04  5.23900000E-04
2001-12-14T21:41:17.822 -7.05070000E-05 -3.40170000E-04  3.81560000E-04
2001-12-14T21:41:18.822 -1.67660000E-04 -1.47610000E-04  6.39440000E-04
2001-12-14T21:41:19.822 -2.45470000E-04 -4.30210000E-04  1.79140000E-04
2001-12-14T21:41:20.822 -1.40430000E-04 -1.64450000E-04  7.31940000E-04
2001-12-14T21:41:21.822 -1.75320000E-04 -1.15040000E-04  4.26360000E-04
2001-12-14T21:41:22.822 -1.65270000E-04 -2.14140000E-04  6.25160000E-04
2001-12-14T21:41:23.822 -1.49490000E-04 -3.16440000E-04  2.94570000E-04
2001-12-14T21:41:24.822 -2.54870000E-04 -1.57100000E-04  8.09300000E-04
2001-12-14T21:41:25.822 -9.02230000E-05 -1.90430000E-04  2.10630000E-04
2001-12-14T21:41:26.822 -2.37150000E-04 -4.28550000E-05  6.49510000E-04
2001-12-14T21:41:27.822 -2.58510000E-04 -2.18620000E-04  4.44890000E-04
2001-12-14T21:41:28.822 -8.72100000E-05 -2.01640000E-04  4.96770000E-04
2001-12-14T21:41:29.822 -2.11170000E-04 -2.85400000E-04  5.53890000E-04
2001-12-14T21:41:30.822 -1.21010000E-04 -1.40350000E-04  4.17080000E-04
2001-12-14T21:41:31.822 -2.00650000E-04 -2.07200000E-04  5.86170000E-04
2001-12-14T21:41:32.822 -1.87110000E-04 -3.56370000E-04  2.36800000E-04
2001-12-14T21:41:33.822 -7.05960000E-05 -1.19220000E-04  4.91370000E-04
2001-12-14T21:41:34.822 -1.39850000E-04 -3.03230000E-04  4.91060000E-04
2001-12-14T21:41:35.822 -1.86260000E-04 -3.04390000E-04  4.25020000E-04
2001-12-14T21:41:36.822 -1.32970000E-04 -2.27940000E-04  4.87210000E-04
2001-12-14T21:41:37.822 -3.48660000E-04 -1.43360000E-04  6.11700000E-04
2001-12-14T21:41:38.822 -1.52010000E-04 -2.40260000E-04  3.19390000E-04
2001-12-14T21:41:39.822 -8.94470000E-05 -2.57530000E-04  5.40480000E-04
2001-12-14T21:41:40.822 -2.73770000E-04 -1.78880000E-04  2.93590000E-04
2001-12-14T21:41:41.822 -2.59550000E-05 -2.50980000E-04  6.10200000E-04
2001-12-14T21:41:42.822 -1.93460000E-04 -2.12330000E-04  3.97890000E-04
2001-12-14T21:41:43.822 -1.11200000E-04 -2.13860000E-04  5.20990000E-04
2001-12-14T21:41:44.822 -4.05350000E-05 -2.03180000E-04  5.59040000E-04
2001-12-14T21:41:45.822 -2.82970000E-04 -2.75200000E-04  4.38270000E-04
2001-12-14T21:41:46.822  4.19740000E-05 -1.89140000E-04  7.72490000E-04
2001-12-14T21:41:47.822 -2.57070000E-04 -1.28580000E-04  2.51310000E-04
2001-12-14T21:41:48.822 -4.82940000E-05 -1.52760000E-04  5.42490000E-04
2001-12-14T21:41:49.822 -2.30640000E-04 -2.36240000E-04  3.48380000E-04
2001-12-14T21:41:50.822 -5.32990000E-05 -1.98650000E-04  7.10460000E-04
2001-12-14T21:41:51.822 -2.49800000E-04 -3.34470000E-04  3.47030000E-04
2001-12-14T21:41:52.822 -4.34760000E-05 -1.22220000E-04  5.17600000E-04
2001-12-14T21:41:53.822 -1.09670000E-04 -1.57410000E-04  4.32090000E-04
2001-12-14T21:41:54.822 -1.59430000E-04 -2.16890000E-04  5.56610000E-04
2001-12-14T21:41:55.822 -2.50280000E-04 -2.57220000E-04  5.56320000E-04
2001-12-14T21:41:56.822 -5.40090000E-05 -1.73530000E-04  6.39660000E-04
2001-12-14T21:41:57.822 -2.11210000E-04 -2.59150000E-04  6.02070000E-04
2001-12-14T21:41:58.822 -5.91980000E-06 -2.91080000E-04  3.12690000E-04
2001-12-14T21:41:59.822 -1.60520000E-04 -3.22230000E-04  4.46740000E-04
2001-12-14T21:42:00.822 -2.35580000E-04 -3.13520000E-05  5.33530000E-04
2001-12-14T21:42:01.822 -2.17250000E-04 -3.20710000E-04  5.17040000E-04
2001-12-14T21:42:02.822 -8.05590000E-05 -1.69000000E-04  5.91600000E-04
2001-12-14T21:42:03.822 -1.81980000E-04 -3.82270000E-04  4.62690000E-04
2001-12-14T21:42:04.822 -2.02470000E-04 -1.42090000E-04  2.98500000E-04
2001-12-14T21:42:05.822 -2.67180000E-04 -2.55660000E-04  5.70710000E-04
2001-12-14T21:42:06.822 -5.78440000E-05 -1.08210000E-04  3.75340000E-04
2001-12-14T21:42:07.822 -2.12410000E-04 -2.63270000E-04  6.53280000E-04
2001-12-14T21:42:08.822 -1.50840000E-04 -7.86140000E-05  5.99420000E-04
2001-12-14T21:42:09.822 -3.45070000E-04 -1.70910000E-04  6.62150000E-04
2001-12-14T21:42:10.822 -4.21330000E-05 -1.69960000E-04  4.82980000E-04
2001-12-14T21:42:11.822 -2.07410000E-04 -3.16300000E-04  4.77840000E-04
2001-12-14T21:42:12.822 -4.37650000E-05 -1.14270000E-04  4.16690000E-04
2001-12-14T21:42:13.822 -1.40740000E-04 -2.70560000E-04  4.63180000E-04
2001-12-14T21:42:14.822 -2.13900000E-04 -2.18690000E-04  7.18020000E-04
2001-12-14T21:42:15.822 -2.70650000E-04 -2.22440000E-04  3.26730000E-04
2001-12-14T21:42:16.822  5.98380000E-06 -2.67330000E-04  5.58100000E-04
2001-12-14T21:42:17.822 -3.29260000E-04 -2.76350000E-04  3.97080000E-04
2001-12-14T21:42:18.822 -6.22110000E-05 -2.34480000E-04  4.27390000E-04
2001-12-14T21:42:19.822 -1.80030000E-04 -1.37380000E-04  6.52300000E-04
2001-12-14T21:42:20.822 -1.43360000E-04 -1.75920000E-04  2.25940000E-04
2001-12-14T21:42:21.822 -1.99500000E-04 -3.04110000E-04  5.58360000E-04
2001-12-14T21:42:22.822 -1.51890000E-04 -1.00990000E-04  5.85880000E-04
2001-12-14T21:42:23.822 -1.53740000E-04 -3.25720000E-04  2.54690000E-04
2001-12-14T21:42:24.822 -1.02330000E-04 -1.98820000E-04  8.58280000E-04
2001-12-14T21:42:25.822 -2.27680000E-04 -1.45610000E-04  3.50580000E-04
2001-12-14T21:42:26.822 -1.35110000E-04 -2.39510000E-04  4.84970000E-04
2001-12-14T21:42:27.822 -2.40950000E-04 -1.70550000E-04  4.00360000E-04
2001-12-14T21:42:28.822 -1.66160000E-04 -1.24350000E-04  5.08400000E-04
2001-12-14T21:42:29.822 -1.98190000E-04 -3.46810000E-04  7.54160000E-04
2001-12-14T21:42:30.822  7.42110000E-05  1.48430000E-05  2.51890000E-04
2001-12-14T21:42:31.822 -1.07130000E-04 -3.53300000E-04  4.66080000E-04
2001-12-14T21:42:32.822 -1.32550000E-04 -8.08700000E-05  5.53390000E-04
2001-12-14T21:42:33.822 -2.37020000E-04 -4.38110000E-04  5.33770000E-04
2001-12-14T21:42:34.822 -3.20390000E-05 -6.36770000E-05  2.22330000E-04
2001-12-14T21:42:35.822 -2.72150000E-04 -3.98370000E-04  7.00330000E-04
2001-12-14T21:42:36.822 -9.96910000E-05 -1.57180000E-04  5.01320000E-04
2001-12-14T21:42:37.822 -3.48120000E-04 -1.32800000E-04  5.23590000E-04
2001-12-14T21:42:38.822 -3.69560000E-05 -1.13340000E-04  3.69220000E-04
2001-12-14T21:42:39.822 -2.72370000E-04 -4.17090000E-04  6.77000000E-04
2001-12-14T21:42:40.822 -4.56790000E-05  7.79110000E-05  4.72310000E-04
2001-12-14T21:42:41.822 -2.87550000E-04 -3.75870000E-04  4.02200000E-04
2001-12-14T21:42:42.822 -1.19150000E-04 -1.09480000E-04  4.38890000E-04
2001-12-14T21:42:43.822 -1.86030000E-04 -1.76450000E-04  5.92860000E-04
2001-12-14T21:42:44.822  3.13100000E-05 -2.28510000E-04  5.26330000E-04
2001-12-14T21:42:45.822 -2.79680000E-04 -3.18740000E-04  5.06800000E-04
2001-12-14T21:42:46.822 -1.67510000E-04 -1.69650000E-04  5.34040000E-04
2001-12-14T21:42:47.822 -7.89850000E-05 -2.83090000E-04  5.34420000E-04
2001-12-14T21:42:48.822 -1.79330000E-04 -4.86700000E-05  6.64290000E-04
2001-12-14T21:42:49.822 -1.93080000E-04 -2.87680000E-04  4.67960000E-04
2001-12-14T21:42:50.822 -7.94470000E-05 -5.10690000E-05  4.65770000E-04
2001-12-14T21:42:51.822 -2.92510000E-04 -3.96360000E-04  3.17150000E-04
2001-12-14T21:42:52.822 -5.78110000E-05 -1.32970000E-04  7.45080000E-04
2001-12-14T21:42:53.822 -2.61880000E-04 -2.61610000E-04  4.50960000E-04
2001-12-14T21:42:54.822 -1.05490000E-04 -2.29200000E-04  6.67800000E-04
2001-12-14T21:42:55.822 -2.45410000E-04 -2.94090000E-04  4.93070000E-04
2001-12-14T21:42:56.822 -5.77330000E-05 -1.79180000E-04  5.28240000E-04
2001-12-14T21:42:57.822 -2.72250000E-04 -3.34960000E-04  4.71380000E-04
2001-12-14T21:42:58.822  4.08710000E-06 -1.99910000E-04  4.35330000E-04
2001-12-14T21:42:59.822 -3.03530000E-04 -2.63100000E-04  4.91820000E-04
2001-12-14T21:43:00.822 -1.07860000E-04 -2.53610000E-04  6.39970000E-04
2001-12-14T21:43:01.822 -2.23030000E-04 -3.79500000E-04  5.47220000E-04
2001-12-14T21:43:02.822 -1.30190000E-04 -2.30790000E-04  5.65520000E-04
2001-12-14T21:43:03.822 -3.03150000E-04 -2.34290000E-04  4.66960000E-04
2001-12-14T21:43:04.822  1.82210000E-06 -1.43850000E-04  6.77030000E-04
2001-12-14T21:43:05.822 -1.81470000E-04 -2.66700000E-04  5.91390000E-04
2001-12-14T21:43:06.822 -1.75090000E-04 -7.65850000E-05  4.09770000E-04
2001-12-14T21:43:07.822 -2.12370000E-04 -3.35510000E-04  5.91570000E-04
2001-12-14T21:43:08.822  8.89640000E-06 -1.14530000E-04  7.00320000E-04
2001-12-14T21:43:09.822 -1.67940000E-04 -2.67580000E-04  4.18880000E-04
2001-12-14T21:43:10.822 -2.01210000E-05 -7.73050000E-05  5.15950000E-04
2001-12-14T21:43:11.822 -2.82250000E-04 -4.07860000E-04  4.46620000E-04
2001-12-14T21:43:12.822 -1.46780000E-04 -1.28170000E-04  6.08460000E-04
2001-12-14T21:43:13.822 -2.54950000E-04 -2.58570000E-04  3.89180000E-04
2001-12-14T21:43:14.822 -1.37380000E-04 -1.30110000E-04  5.98630000E-04
2001-12-14T21:43:15.822 -1.20590000E-04 -2.40270000E-04  5.18040000E-04
2001-12-14T21:43:16.822 -9.96340000E-05 -1.77550000E-04  4.56150000E-04
2001-12-14T21:43:17.822 -1.66540000E-04 -2.47260000E-04  5.46120000E-04
2001-12-14T21:43:18.822 -4.27720000E-05 -1.65200000E-04  3.70030000E-04
2001-12-14T21:43:24.923 -1.67100000E-04 -2.81560000E-04  4.15120000E-04
2001-12-14T21:43:25.923 -5.43770000E-05 -1.47950000E-04  5.19920000E-04
2001-12-14T21:43:26.923 -2.93710000E-04 -2.57430000E-04  6.48400000E-04
2001-12-14T21:43:27.923 -1.31150000E-04 -9.60570000E-05  4.66800000E-04
2001-12-14T21:43:28.923 -1.57570000E-04 -3.35770000E-04  5.39350000E-04
2001-12-14T21:43:29.923 -9.67830000E-03 -1.24850000E-02  2.96540000E-02
2001-12-14T21:43:30.923 -1.35020000E-03 -1.56100000E-03  3.27090000E-03
2001-12-14T21:43:31.923 -1.48080000E-04 -1.12970000E-04  7.17640000E-04
2001-12-14T21:43:32.923 -1.37990000E-04 -3.01770000E-04  5.17400000E-04
2001-12-14T21:43:33.923 -1.39920000E-04 -1.24500000E-04  6.31010000E-04
2001-12-14T21:43:34.923 -2.12930000E-04 -1.64850000E-04  1.12570000E-04
2001-12-14T21:43:35.923 -1.34600000E-04 -1.26030000E-04  6.55090000E-04
2001-12-14T21:43:36.923 -2.60530000E-04 -3.76140000E-04  4.67580000E-04
2001-12-14T21:43:37.923 -2.73580000E-04 -1.58480000E-04  3.90720000E-04
2001-12-14T21:43:38.923 -2.63500000E-04 -1.31760000E-04  7.56620000E-04
2001-12-14T21:43:39.923 -2.95940000E-04 -2.31630000E-04  5.82130000E-04
2001-12-14T21:43:40.923 -2.73980000E-04 -1.51370000E-04  5.06680000E-04
2001-12-14T21:43:41.923 -1.72600000E-04 -1.88880000E-04  6.21420000E-04
2001-12-14T21:43:42.923 -3.69360000E-04 -1.57950000E-04  7.00670000E-04
2001-12-14T21:43:43.923 -2.51160000E-06 -1.74780000E-04  3.63060000E-04
2001-12-14T21:43:44.923 -3.66710000E-04 -1.36880000E-04  6.28350000E-04
2001-12-14T21:43:45.923 -1.79060000E-04 -2.74840000E-04  6.93790000E-04
2001-12-14T21:43:46.923 -3.02990000E-04 -1.91840000E-04  6.93590000E-04
2001-12-14T21:43:47.923 -2.92060000E-04 -2.12730000E-04  5.82850000E-04
2001-12-14T21:43:48.923 -1.60710000E-04 -2.11980000E-04  5.31770000E-04
2001-12-14T21:43:49.923 -1.34340000E-04 -6.55080000E-05  7.79300000E-04
