2002-01-02T22:28:06.983  3.95340000E-04 -2.00990000E-04  5.20920000E-04
2002-01-02T22:28:07.983 -5.44060000E-04 -2.72640000E-04  5.60640000E-04
2002-01-02T22:28:08.983 -3.33720000E-05  1.88130000E-04  5.99320000E-04
2002-01-02T22:28:09.983 -4.78690000E-04 -2.78650000E-04  8.96930000E-05
2002-01-02T22:28:10.983  6.44700000E-04 -2.38340000E-04  2.71240000E-04
2002-01-02T22:28:11.983 -4.85120000E-04 -5.47970000E-04  6.42080000E-04
2002-01-02T22:28:12.983  2.53330000E-04  1.40220000E-04  3.46340000E-04
2002-01-02T22:28:13.983 -6.11840000E-04 -3.67720000E-04  4.13550000E-04
2002-01-02T22:28:14.983  9.65270000E-05 -6.49840000E-06  5.56760000E-04
2002-01-02T22:28:15.983 -2.44390000E-04 -6.30520000E-04  2.92700000E-04
2002-01-02T22:28:16.983  6.59180000E-05 -5.44960000E-04  6.50090000E-04
2002-01-02T22:28:17.983 -9.48410000E-05 -6.71340000E-05  3.68220000E-04
2002-01-02T22:28:18.983 -3.15940000E-04  9.79550000E-06  4.58350000E-04
2002-01-02T22:28:19.983 -2.02090000E-04 -1.96180000E-04  7.26230000E-05
2002-01-02T22:28:20.983  4.05950000E-05 -4.62950000E-04  5.85530000E-04
2002-01-02T22:28:21.983  2.47010000E-04 -5.82760000E-04  3.88820000E-04
2002-01-02T22:28:22.983 -4.84940000E-04 -3.03980000E-04  4.80050000E-04
2002-01-02T22:28:23.983  2.53500000E-05  1.90350000E-04  6.30420000E-04
2002-01-02T22:28:24.983 -3.85820000E-04 -1.34170000E-04  2.49810000E-04
2002-01-02T22:28:25.983  2.48500000E-04 -3.55060000E-04  5.31750000E-04
2002-01-02T22:28:26.983 -2.47380000E-04 -6.56040000E-04  3.41670000E-04
2002-01-02T22:28:27.983  1.57940000E-04 -1.15470000E-04  5.77860000E-04
2002-01-02T22:28:28.983 -5.97010000E-04 -2.23510000E-04  2.86640000E-04
2002-01-02T22:28:29.983  1.44550000E-04  2.85290000E-04  4.44670000E-04
2002-01-02T22:28:30.983 -2.46220000E-04 -4.95590000E-04  4.94060000E-04
2002-01-02T22:28:31.983  4.66670000E-04 -3.32900000E-04  3.53730000E-04
2002-01-02T22:28:32.983 -5.02690000E-04 -5.99550000E-04  4.72140000E-04
2002-01-02T22:28:33.983  5.95300000E-05  2.68540000E-04  4.09950000E-04
2002-01-02T22:28:34.983 -3.33800000E-04 -3.65070000E-04  4.58020000E-04
2002-01-02T22:28:35.983  8.99500000E-05  1.41380000E-04  3.55280000E-04
2002-01-02T22:28:36.983 -3.40890000E-04 -8.24390000E-04  3.17750000E-04
2002-01-02T22:28:37.983  3.84110000E-04 -1.48280000E-04  5.17180000E-04
2002-01-02T22:28:38.983 -5.28790000E-04 -3.23360000E-04  2.51860000E-04
2002-01-02T22:28:39.983  2.03610000E-04  4.01830000E-04  3.11920000E-04
2002-01-02T22:28:40.983 -5.77500000E-04 -4.74150000E-04  5.03180000E-04
2002-01-02T22:28:41.983  3.65440000E-04 -7.58930000E-05  3.51560000E-04
2002-01-02T22:28:42.983 -2.20680000E-04 -6.36040000E-04  5.10960000E-04
2002-01-02T22:28:43.983  1.84110000E-04 -2.51770000E-05  5.94000000E-04
2002-01-02T22:28:44.983 -7.12200000E-04 -4.04300000E-04  5.33910000E-04
2002-01-02T22:28:45.983  2.99380000E-04  6.60140000E-05  3.10390000E-04
2002-01-02T22:28:46.983 -2.91140000E-04 -4.34940000E-04  1.02450000E-06
2002-01-02T22:28:47.983  5.50050000E-04 -2.65560000E-04  4.73770000E-04
2002-01-02T22:28:48.983 -6.11000000E-04 -5.75720000E-04  5.66780000E-04
2002-01-02T22:28:49.983 -1.82440000E-05  1.80800000E-04  4.55560000E-04
2002-01-02T22:28:50.983 -5.19260000E-04 -1.82320000E-04  4.75120000E-04
2002-01-02T22:28:51.983  3.93120000E-04 -1.04440000E-04  6.30060000E-04
2002-01-02T22:28:52.983 -2.33470000E-04 -8.04190000E-04  4.98570000E-04
2002-01-02T22:28:53.983  2.25650000E-04 -3.74010000E-05  1.97220000E-04
2002-01-02T22:28:54.983 -5.31080000E-04 -2.92110000E-04  1.06900000E-04
2002-01-02T22:28:55.983  1.48640000E-04  2.56320000E-04  3.64350000E-04
2002-01-02T22:28:56.983 -4.96720000E-04 -5.01600000E-04  4.96530000E-04
2002-01-02T22:28:57.983  6.03060000E-04 -2.83370000E-04  4.39640000E-04
2002-01-02T22:28:58.983 -3.49130000E-04 -5.87070000E-04  2.91300000E-04
2002-01-02T22:28:59.983  5.92760000E-05  3.05960000E-04  3.85460000E-04
2002-01-02T22:29:00.983 -6.40080000E-04 -3.22590000E-04  6.33290000E-04
2002-01-02T22:29:01.983  3.54620000E-04  1.46650000E-05  3.59720000E-04
2002-01-02T22:29:02.983 -2.82350000E-04 -8.74690000E-04  3.85260000E-04
2002-01-02T22:29:03.983  4.41350000E-04 -9.01330000E-06  2.20640000E-04
2002-01-02T22:29:04.983 -6.13450000E-04 -4.70110000E-04  3.60910000E-04
2002-01-02T22:29:05.983 -8.10180000E-06  3.04220000E-04  4.91830000E-04
2002-01-02T22:29:06.983 -2.35770000E-04 -5.95120000E-04  3.91160000E-04
2002-01-02T22:29:07.983  3.39410000E-04 -6.06400000E-05  2.98970000E-04
2002-01-02T22:29:08.983 -3.15050000E-04 -7.79960000E-04  7.71290000E-04
2002-01-02T22:29:09.983 -1.06470000E-04  6.06250000E-05  5.20060000E-04
2002-01-02T22:29:10.983 -4.26780000E-04 -5.06930000E-05 -2.23180000E-04
2002-01-02T22:29:11.983  1.63070000E-04  2.14110000E-04  4.62820000E-04
2002-01-02T22:29:12.983 -2.84920000E-04 -8.29270000E-04  5.63460000E-04
2002-01-02T22:29:13.983  3.16410000E-04 -1.19710000E-05  5.21190000E-04
2002-01-02T22:29:14.983 -4.30160000E-04 -6.34900000E-04  2.90460000E-04
2002-01-02T22:29:15.983  6.16310000E-05  2.33770000E-04  5.83780000E-04
2002-01-02T22:29:16.983 -6.18510000E-04 -3.22390000E-04  5.72950000E-04
2002-01-02T22:29:17.983  2.30500000E-04  5.95650000E-05  4.71990000E-04
2002-01-02T22:29:18.983  1.03970000E-05 -9.38560000E-04  3.06080000E-04
2002-01-02T22:29:19.983  7.36800000E-05 -1.86250000E-04  6.06170000E-05
2002-01-02T22:29:20.983 -3.98260000E-04  8.22080000E-06  6.99080000E-04
2002-01-02T22:29:21.983 -1.95470000E-04  1.05040000E-04  2.52520000E-04
2002-01-02T22:29:22.983 -1.72870000E-04 -4.56640000E-04  2.69670000E-04
2002-01-02T22:29:23.983  2.44850000E-04 -4.89160000E-04  6.59230000E-04
2002-01-02T22:29:24.983 -1.24810000E-04 -3.54560000E-04  2.58080000E-04
2002-01-02T22:29:25.983 -2.34110000E-06  5.75210000E-05  2.72320000E-04
2002-01-02T22:29:26.983 -4.25680000E-04 -1.44530000E-04  4.99120000E-04
2002-01-02T22:29:27.983  1.51220000E-04 -2.62330000E-04  5.88020000E-04
2002-01-02T22:29:28.983 -1.25430000E-04 -4.54400000E-04  1.77190000E-04
2002-01-02T22:29:29.983  1.35380000E-04 -3.56600000E-04  6.65330000E-04
2002-01-02T22:29:30.983 -3.69010000E-04 -1.81900000E-04  3.94080000E-04
2002-01-02T22:29:31.983 -3.64010000E-04 -3.54080000E-05  3.11140000E-04
2002-01-02T22:29:32.983 -1.05650000E-04 -5.81340000E-05  3.58850000E-04
2002-01-02T22:29:33.983  1.78880000E-05 -4.29320000E-04  5.04040000E-04
2002-01-02T22:29:34.983  1.76790000E-04 -5.16730000E-04  2.78680000E-04
2002-01-02T22:29:35.983 -4.14620000E-04 -2.03720000E-04  6.84220000E-04
2002-01-02T22:29:36.983 -8.71240000E-05  5.74300000E-05  4.34620000E-04
2002-01-02T22:29:37.983 -4.20810000E-04 -1.04450000E-04  4.71470000E-04
2002-01-02T22:29:38.983  2.45610000E-04 -4.71400000E-04  6.65490000E-04
2002-01-02T22:29:39.983 -1.46270000E-04 -4.19670000E-04  4.65300000E-04
2002-01-02T22:29:40.983  1.69950000E-04 -1.70580000E-04  4.50830000E-05
2002-01-02T22:29:41.983 -5.01320000E-04 -4.72350000E-04  3.72290000E-04
2002-01-02T22:29:42.983 -1.35790000E-05  2.55150000E-04  3.79560000E-04
2002-01-02T22:29:43.983 -2.87250000E-04 -3.80950000E-04  4.31450000E-04
2002-01-02T22:29:44.983  3.61910000E-04 -3.70660000E-04  2.26250000E-04
2002-01-02T22:29:45.983 -4.97310000E-04 -6.00030000E-04  4.87800000E-04
2002-01-02T22:29:46.983  2.31460000E-04  2.54640000E-04  4.78150000E-04
2002-01-02T22:29:47.983 -6.78130000E-04 -5.20220000E-04  4.67930000E-04
2002-01-02T22:29:48.983  4.26500000E-04 -1.44260000E-05  5.74630000E-04
2002-01-02T22:29:49.983 -2.07780000E-04 -9.40250000E-04  4.62750000E-04
2002-01-02T22:29:50.983  2.22990000E-04  1.33140000E-04  2.88130000E-04
2002-01-02T22:29:51.983 -6.89300000E-04 -1.95000000E-04  2.88960000E-04
2002-01-02T22:29:52.983  8.15660000E-05  1.39460000E-04  7.82030000E-04
2002-01-02T22:29:53.983 -5.35410000E-04 -4.69150000E-04  4.49010000E-04
2002-01-02T22:29:54.983  6.05710000E-04 -2.92560000E-04 -4.16660000E-05
2002-01-02T22:29:55.983 -4.02690000E-04 -6.73980000E-04  2.60860000E-04
2002-01-02T22:29:56.983  1.88230000E-04  1.98750000E-04  3.34070000E-04
2002-01-02T22:29:57.983 -6.34850000E-04 -2.59560000E-04  4.24900000E-04
2002-01-02T22:29:58.983  2.58880000E-04 -2.98190000E-05  5.72940000E-04
2002-01-02T22:29:59.983 -2.91150000E-04 -6.81000000E-04  3.32490000E-04
2002-01-02T22:30:00.983  3.38480000E-04 -1.90600000E-04  3.57410000E-04
2002-01-02T22:30:01.983 -4.94310000E-04 -3.82510000E-04  3.96680000E-04
2002-01-02T22:30:02.983  1.34620000E-04  2.82320000E-04  5.68340000E-04
2002-01-02T22:30:03.983 -6.89300000E-04 -4.20430000E-04  3.20460000E-04
2002-01-02T22:30:04.983  4.05950000E-04 -3.42330000E-04  5.08400000E-04
2002-01-02T22:30:05.983 -1.32470000E-04 -5.63810000E-04  6.15290000E-04
2002-01-02T22:30:06.983  6.57520000E-05 -8.80150000E-05  4.34590000E-04
2002-01-02T22:30:07.983 -5.60220000E-04 -2.23260000E-04  3.36040000E-04
2002-01-02T22:30:08.983  2.06780000E-04 -3.39660000E-05  5.64400000E-04
2002-01-02T22:30:09.983 -1.30050000E-04 -4.39820000E-04  5.17320000E-04
2002-01-02T22:30:10.983  4.72600000E-04 -1.19990000E-04 -6.30830000E-05
2002-01-02T22:30:11.983 -5.78960000E-04 -3.91170000E-04  4.70510000E-04
2002-01-02T22:30:12.983 -2.31540000E-04  1.05230000E-04  2.53320000E-04
2002-01-02T22:30:13.983 -4.47510000E-04 -3.46200000E-04  4.49140000E-04
2002-01-02T22:30:14.983  1.74670000E-04 -1.83000000E-04  5.25740000E-04
2002-01-02T22:30:15.983  8.51720000E-05 -5.14580000E-04  2.74100000E-04
2002-01-02T22:30:16.983 -6.79560000E-05 -1.39530000E-04  3.88830000E-04
2002-01-02T22:30:17.983 -3.91470000E-04 -2.73720000E-04  5.31030000E-04
2002-01-02T22:30:18.983 -4.45360000E-04 -1.14080000E-04  1.79170000E-04
2002-01-02T22:30:19.983 -8.62560000E-05 -1.90300000E-04  5.16340000E-04
2002-01-02T22:30:20.983  3.94000000E-04 -3.34840000E-04  6.61560000E-04
2002-01-02T22:30:21.983  1.87810000E-05 -3.76550000E-04  3.32070000E-04
2002-01-02T22:30:22.983 -2.15610000E-04 -1.51400000E-04  3.93950000E-04
2002-01-02T22:30:23.983 -3.67190000E-04 -9.32120000E-06  2.64080000E-04
2002-01-02T22:30:24.983 -3.51950000E-04 -1.66090000E-04  3.96500000E-04
2002-01-02T22:30:25.983  1.27120000E-04 -2.84860000E-04  3.59110000E-04
2002-01-02T22:30:26.983 -1.74990000E-05 -7.99590000E-04  3.82690000E-04
2002-01-02T22:30:27.983 -1.28150000E-06  9.54460000E-05  4.19750000E-04
2002-01-02T22:30:28.983 -4.79310000E-04 -2.69960000E-04  2.58490000E-04
2002-01-02T22:30:29.983 -2.40400000E-05  4.59480000E-05  5.22180000E-04
2002-01-02T22:30:30.983 -1.26310000E-04 -6.08670000E-04  4.34560000E-04
2002-01-02T22:30:31.983  2.44750000E-04 -1.91830000E-04  3.48450000E-04
2002-01-02T22:30:32.983 -3.13660000E-04 -4.58320000E-04  3.98990000E-04
2002-01-02T22:30:33.983  1.06040000E-04  2.66830000E-04  2.91130000E-04
2002-01-02T22:30:34.983 -6.13730000E-04 -2.54330000E-04  4.55540000E-04
2002-01-02T22:30:35.983  1.93290000E-04 -1.28510000E-04  5.80840000E-04
2002-01-02T22:30:36.983  3.24480000E-05 -7.91300000E-04  3.25970000E-04
2002-01-02T22:30:37.983  7.37110000E-05  5.98610000E-05  6.64140000E-04
2002-01-02T22:30:38.983 -3.66950000E-04 -2.79700000E-04  3.68390000E-04
2002-01-02T22:30:39.983  1.36460000E-04  1.35150000E-04  6.04180000E-04
2002-01-02T22:30:40.983 -5.53900000E-04 -5.80680000E-04  3.95820000E-04
2002-01-02T22:30:41.983  5.07130000E-04 -2.14290000E-04  5.78740000E-04
2002-01-02T22:30:42.983 -4.40410000E-04 -5.88900000E-04  3.39430000E-04
2002-01-02T22:30:43.983  8.05550000E-05  1.29200000E-04  6.74110000E-04
2002-01-02T22:30:44.983 -6.05050000E-04 -3.20270000E-04  3.65180000E-04
2002-01-02T22:30:45.983  2.48270000E-04  1.11520000E-04  5.84200000E-04
2002-01-02T22:30:46.983 -2.49310000E-04 -8.70300000E-04  2.23210000E-04
2002-01-02T22:30:47.983  2.73800000E-04 -3.15770000E-05  1.83810000E-04
2002-01-02T22:30:48.983 -4.50110000E-04 -2.53880000E-04  7.46540000E-04
2002-01-02T22:30:49.983 -3.87920000E-05  2.10640000E-04  3.38920000E-04
2002-01-02T22:30:50.983 -3.64270000E-04 -4.08750000E-04  3.25160000E-04
2002-01-02T22:30:51.983  4.14210000E-04 -2.48160000E-04  5.25870000E-04
2002-01-02T22:30:52.983 -1.73630000E-04 -6.12990000E-04  6.83290000E-04
2002-01-02T22:30:53.983  2.93150000E-05  6.59780000E-05  4.87390000E-04
2002-01-02T22:30:54.983 -6.23480000E-04 -2.32280000E-04  2.29670000E-04
2002-01-02T22:30:55.983  1.20580000E-04  2.47730000E-04  3.45030000E-04
2002-01-02T22:30:56.983 -4.56550000E-04 -9.78460000E-04  5.14180000E-04
2002-01-02T22:30:57.983  1.84470000E-04 -6.41780000E-05  3.91340000E-04
2002-01-02T22:30:58.983 -1.62560000E-04 -6.02380000E-04  2.80990000E-04
2002-01-02T22:30:59.983  3.54280000E-05  3.16200000E-04  4.20080000E-04
2002-01-02T22:31:00.983 -7.38290000E-04 -2.55340000E-04  5.17010000E-04
2002-01-02T22:31:01.983  4.14250000E-05 -2.39250000E-05  3.62510000E-04
2002-01-02T22:31:02.983 -1.56610000E-04 -5.58000000E-04  2.08150000E-04
2002-01-02T22:31:03.983  3.61350000E-04 -3.44980000E-04  4.57780000E-04
2002-01-02T22:31:04.983 -3.30510000E-04 -4.48740000E-04  4.17260000E-04
2002-01-02T22:31:05.983 -1.81070000E-04  3.28170000E-04  5.74230000E-04
2002-01-02T22:31:06.983 -3.71940000E-04 -2.18960000E-04  4.91380000E-04
2002-01-02T22:31:07.983  2.71280000E-04 -3.91340000E-04  2.12260000E-04
2002-01-02T22:31:08.983 -1.30430000E-04 -5.07410000E-04  6.13360000E-04
2002-01-02T22:31:09.983  1.63650000E-04 -2.41600000E-04  1.81320000E-04
2002-01-02T22:31:10.983 -4.60980000E-04 -1.43910000E-04  5.59530000E-04
2002-01-02T22:31:11.983 -3.80090000E-04  1.91640000E-04  4.25920000E-04
2002-01-02T22:31:12.983 -9.65350000E-07 -4.10330000E-04  3.90550000E-04
2002-01-02T22:31:13.983  1.36990000E-04 -4.73700000E-04  4.50160000E-04
2002-01-02T22:31:14.983 -1.84530000E-06 -3.22570000E-04  2.95750000E-04
2002-01-02T22:31:15.983 -2.69750000E-04 -5.98420000E-05  5.49150000E-04
2002-01-02T22:31:16.983 -1.57370000E-04 -1.29440000E-04  5.04720000E-04
2002-01-02T22:31:17.983 -2.13280000E-04 -3.07280000E-04  2.34010000E-04
2002-01-02T22:31:18.983  1.42540000E-04 -4.36890000E-04  3.46570000E-04
2002-01-02T22:31:19.983 -1.01640000E-04 -4.57970000E-04  5.63620000E-04
2002-01-02T22:31:20.983 -2.08510000E-05  4.71480000E-05  2.34130000E-04
2002-01-02T22:31:21.983 -5.86620000E-04 -1.23690000E-04  3.61210000E-04
2002-01-02T22:31:22.983  8.53800000E-05  9.12010000E-05  5.47350000E-04
2002-01-02T22:31:23.983 -2.52280000E-04 -3.96650000E-04  4.04930000E-04
2002-01-02T22:31:24.983  1.81540000E-04 -2.79780000E-04  1.82510000E-04
2002-01-02T22:31:25.983 -3.33020000E-05 -4.06950000E-04  3.65600000E-04
2002-01-02T22:31:26.983 -2.09240000E-04  1.43680000E-04  6.40360000E-04
2002-01-02T22:31:27.983 -5.87460000E-04 -2.41740000E-04  3.03550000E-04
2002-01-02T22:31:28.983  1.18150000E-04 -1.79130000E-07  3.92250000E-04
2002-01-02T22:31:29.983 -6.03710000E-05 -5.11710000E-04  6.58410000E-05
2002-01-02T22:31:30.983  2.78180000E-04 -3.29330000E-04  4.68220000E-04
2002-01-02T22:31:31.983 -3.81940000E-04 -3.41840000E-04  5.68050000E-04
2002-01-02T22:31:32.983 -1.44530000E-04  2.51190000E-04  4.66170000E-04
2002-01-02T22:31:33.983 -4.53110000E-04 -5.04980000E-05  2.29380000E-04
2002-01-02T22:31:34.983 -2.78370000E-05 -4.47520000E-05  8.13410000E-04
2002-01-02T22:31:35.983  7.67010000E-05 -5.93010000E-04  3.77720000E-04
2002-01-02T22:31:36.983  1.65890000E-04 -3.91690000E-04  4.49970000E-04
2002-01-02T22:31:37.983 -4.81150000E-04 -3.67470000E-04  1.58150000E-04
2002-01-02T22:31:38.983  4.06960000E-06  2.22560000E-04  5.94730000E-04
2002-01-02T22:31:39.983 -3.67930000E-04 -2.22040000E-04  4.57470000E-04
2002-01-02T22:31:40.983  3.78190000E-04 -2.61270000E-04  6.05120000E-04
2002-01-02T22:31:41.983 -9.08730000E-06 -4.03320000E-04  4.21330000E-04
2002-01-02T22:31:42.983 -8.39150000E-05 -2.50080000E-04  6.60060000E-04
2002-01-02T22:31:43.983 -4.66470000E-04 -2.69820000E-04  2.38980000E-04
2002-01-02T22:31:44.983 -1.75650000E-04  3.40810000E-04  3.47670000E-04
2002-01-02T22:31:45.983 -5.67930000E-05 -5.48580000E-04  4.95690000E-04
2002-01-02T22:31:46.983  8.60000000E-05 -1.70570000E-04  3.79950000E-04
2002-01-02T22:31:47.983 -1.88000000E-04 -3.02300000E-04  3.93900000E-04
2002-01-02T22:31:48.983 -3.91760000E-05 -1.07250000E-04  1.05040000E-04
2002-01-02T22:31:49.983 -4.43490000E-04 -2.58790000E-04  4.53470000E-04
2002-01-02T22:31:50.983  9.29390000E-06  7.26150000E-05  8.32620000E-04
2002-01-02T22:31:51.983 -1.93220000E-04 -5.74830000E-04  5.16440000E-04
2002-01-02T22:31:52.983  3.72420000E-04 -3.73580000E-04  5.86530000E-05
2002-01-02T22:31:53.983 -2.59320000E-04 -2.80850000E-04  1.62050000E-04
2002-01-02T22:31:54.983 -1.32280000E-04  1.58160000E-04  3.36890000E-04
2002-01-02T22:31:55.983 -2.97850000E-04 -1.62240000E-04  7.34460000E-04
2002-01-02T22:31:56.983  4.39590000E-05 -1.67170000E-04  3.75130000E-04
2002-01-02T22:31:57.983 -4.31920000E-05 -5.52040000E-04  5.17590000E-04
2002-01-02T22:31:58.983  1.62500000E-04 -1.75730000E-04  4.49860000E-04
2002-01-02T22:31:59.983 -3.07950000E-04  3.39190000E-05  3.62910000E-04
2002-01-02T22:32:00.983 -3.50020000E-04  1.98080000E-05  2.22560000E-04
2002-01-02T22:32:01.983 -3.41570000E-04 -1.39930000E-04  7.63520000E-04
2002-01-02T22:32:02.983  2.68530000E-04 -4.25750000E-04  2.98260000E-04
2002-01-02T22:32:03.983 -1.37560000E-04 -7.74210000E-04  5.06250000E-04
2002-01-02T22:32:04.983  6.18810000E-05  1.11630000E-04  5.53100000E-04
2002-01-02T22:32:05.983 -2.07500000E-04 -1.42840000E-04  3.42450000E-04
2002-01-02T22:32:06.983 -1.41810000E-04 -3.17080000E-05  3.02530000E-04
2002-01-02T22:32:07.983 -6.42340000E-05 -1.79570000E-04  3.49930000E-04
2002-01-02T22:32:08.983  2.03800000E-04 -5.95760000E-04  3.60800000E-04
2002-01-02T22:32:09.983 -2.39270000E-04 -2.94990000E-04  3.40180000E-04
2002-01-02T22:32:10.983 -1.34160000E-04  1.17540000E-04  5.34590000E-04
2002-01-02T22:32:11.983 -2.33970000E-04 -2.67290000E-04  4.52460000E-04
2002-01-02T22:32:12.983  1.56450000E-04 -2.24680000E-04  4.02860000E-04
2002-01-02T22:32:13.983  1.01860000E-04 -6.03630000E-04  5.31350000E-04
2002-01-02T22:32:14.983 -2.31650000E-04  3.54910000E-06  5.95370000E-04
2002-01-02T22:32:15.983  1.41680000E-05  1.31900000E-04 -2.96360000E-05
2002-01-02T22:32:16.983 -2.59880000E-04 -3.38830000E-04  5.03450000E-04
2002-01-02T22:32:17.983 -1.42410000E-04 -3.42420000E-04  5.39280000E-04
2002-01-02T22:32:18.983  2.27790000E-04 -5.09190000E-04  4.58520000E-04
2002-01-02T22:32:19.983  4.58860000E-05 -1.32670000E-04  3.03570000E-04
2002-01-02T22:32:20.983 -4.34930000E-04  1.07750000E-05  3.42200000E-04
2002-01-02T22:32:21.983 -9.15670000E-05  1.00530000E-04  3.56810000E-04
2002-01-02T22:32:22.983 -2.18160000E-04 -2.35140000E-04  6.27440000E-04
2002-01-02T22:32:23.983  3.42600000E-04 -2.67170000E-04  3.56180000E-04
2002-01-02T22:32:24.983 -2.05090000E-04 -7.36950000E-04  3.92970000E-04
2002-01-02T22:32:25.983  2.14220000E-05  1.73470000E-04  3.18570000E-04
2002-01-02T22:32:26.983 -4.95910000E-04 -2.20620000E-04  4.07890000E-04
2002-01-02T22:32:27.983 -4.33420000E-05  9.25400000E-05  3.45290000E-04
2002-01-02T22:32:28.983  2.10410000E-05 -6.23780000E-04  6.02030000E-04
2002-01-02T22:32:29.983  1.82280000E-04 -1.87980000E-04  2.54620000E-04
2002-01-02T22:32:30.983 -1.78600000E-04 -3.99310000E-04  4.89290000E-04
2002-01-02T22:32:31.983 -1.05870000E-05  3.95690000E-04  8.29390000E-04
2002-01-02T22:32:32.983 -6.49250000E-04 -4.12140000E-04  2.43080000E-04
2002-01-02T22:32:33.983  3.07190000E-04 -2.18960000E-04  3.19920000E-04
2002-01-02T22:32:34.983 -4.27260000E-05 -5.24510000E-04  4.60470000E-04
2002-01-02T22:32:35.983  2.32890000E-04 -1.36020000E-04  7.11170000E-04
2002-01-02T22:32:36.983 -5.82380000E-04 -2.63260000E-04  1.94980000E-04
2002-01-02T22:32:37.983  5.46510000E-05  2.19720000E-04  6.04530000E-04
2002-01-02T22:32:38.983 -3.52700000E-04 -3.80210000E-04  5.21490000E-04
2002-01-02T22:32:39.983  2.66270000E-04  8.50660000E-05  2.88570000E-04
2002-01-02T22:32:40.983 -3.58940000E-04 -7.38100000E-04  2.95200000E-04
2002-01-02T22:32:41.983  2.34350000E-04  4.33340000E-05  1.91490000E-04
2002-01-02T22:32:42.983 -5.96680000E-04 -2.76320000E-04  5.28890000E-04
2002-01-02T22:32:43.983  2.04550000E-04  4.60040000E-04  2.33440000E-04
2002-01-02T22:32:44.983 -4.34970000E-04 -5.43150000E-04  6.95180000E-04
2002-01-02T22:32:45.983  2.64140000E-04 -1.46700000E-04  4.63160000E-04
2002-01-02T22:32:46.983 -1.70850000E-04 -6.07100000E-04  5.94160000E-04
2002-01-02T22:32:47.983  2.24620000E-04  3.07290000E-04  3.67090000E-04
2002-01-02T22:32:48.983 -6.82140000E-04 -3.80980000E-04  3.17260000E-04
2002-01-02T22:32:49.983  1.79460000E-04  4.88700000E-05  2.52620000E-04
2002-01-02T22:32:50.983 -2.78500000E-04 -5.64650000E-04  6.56150000E-04
2002-01-02T22:32:51.983  3.56760000E-04 -1.69400000E-04  5.13560000E-04
2002-01-02T22:32:52.983 -4.30720000E-04 -4.10760000E-04  2.59590000E-04
2002-01-02T22:32:53.983  7.34420000E-05  2.52700000E-04  5.47940000E-04
2002-01-02T22:32:54.983 -4.25840000E-04 -6.07060000E-05  5.37980000E-04
2002-01-02T22:32:55.983  8.31960000E-05  2.81910000E-04  3.50840000E-04
2002-01-02T22:32:56.983 -2.67180000E-04 -8.14960000E-04  4.57320000E-04
2002-01-02T22:32:57.983  3.01830000E-04  8.64090000E-05  4.32730000E-04
2002-01-02T22:32:58.983 -3.61230000E-04 -5.18170000E-04  3.55320000E-04
2002-01-02T22:32:59.983  1.37450000E-04  1.76540000E-04  2.04430000E-04
2002-01-02T22:33:00.983 -6.53620000E-04 -1.42550000E-04  3.15740000E-04
2002-01-02T22:33:01.983  1.26350000E-04  8.01530000E-05  3.82120000E-04
2002-01-02T22:33:02.983 -6.57300000E-05 -7.81450000E-04  2.91920000E-04
2002-01-02T22:33:03.983  2.27420000E-04  2.79160000E-05  6.21370000E-04
2002-01-02T22:33:04.983 -9.39360000E-05 -1.60670000E-04  4.85610000E-04
2002-01-02T22:33:05.983 -2.72930000E-04  9.32910000E-05  1.18610000E-04
2002-01-02T22:33:06.983 -3.90200000E-04  1.86020000E-04  5.62770000E-04
2002-01-02T22:33:07.983 -1.62960000E-04 -1.30740000E-04  4.80280000E-04
2002-01-02T22:33:08.983  1.25720000E-04 -1.64920000E-04  7.51870000E-04
2002-01-02T22:33:09.983 -1.93210000E-04 -5.69930000E-04  5.17690000E-04
2002-01-02T22:33:10.983  1.67160000E-04 -1.19410000E-04  1.58650000E-04
2002-01-02T22:33:11.983 -4.05510000E-04 -9.70550000E-05  3.60950000E-04
2002-01-02T22:33:12.983 -1.73440000E-04  3.12520000E-04  3.26970000E-04
2002-01-02T22:33:13.983 -3.02800000E-04 -1.46160000E-04  3.24080000E-04
2002-01-02T22:33:14.983  1.70860000E-04  4.53360000E-05  3.85690000E-04
2002-01-02T22:33:15.983 -4.25840000E-04 -4.13380000E-04  3.04750000E-04
2002-01-02T22:33:16.983  2.50770000E-04 -3.92550000E-05  6.41380000E-04
2002-01-02T22:33:17.983 -3.20290000E-04 -3.40190000E-04  2.89140000E-04
2002-01-02T22:33:18.983  2.35240000E-04  3.92090000E-04  5.92260000E-04
2002-01-02T22:33:19.983 -4.75100000E-04 -3.56700000E-05  5.65820000E-04
2002-01-02T22:33:20.983  4.84320000E-06  1.93390000E-04  1.05350000E-05
2002-01-02T22:33:21.983 -2.96060000E-04  2.73410000E-04  7.78760000E-04
2002-01-02T22:33:22.983  9.86900000E-05 -2.78790000E-04  2.61350000E-04
2002-01-02T22:33:23.983  7.10250000E-05 -2.20130000E-04  2.47650000E-04
2002-01-02T22:33:24.983 -1.91930000E-04 -2.10130000E-04  4.14570000E-04
2002-01-02T22:33:25.983  1.25820000E-04  1.52030000E-04  4.76840000E-04
2002-01-02T22:33:26.983 -4.57640000E-04 -1.79960000E-04  4.57880000E-04
2002-01-02T22:33:27.983  1.40570000E-04  5.19040000E-04  3.52940000E-04
2002-01-02T22:33:28.983 -3.60740000E-04 -6.90080000E-05  4.27230000E-04
2002-01-02T22:33:29.983 -1.37810000E-04  3.90870000E-04  4.07070000E-04
2002-01-02T22:33:30.983 -9.74980000E-05 -2.87230000E-04  5.81080000E-04
2002-01-02T22:33:31.983 -3.77180000E-05 -1.19160000E-04  3.58560000E-04
2002-01-02T22:33:32.983  1.36710000E-04  1.86090000E-04  3.33070000E-04
2002-01-02T22:33:33.983 -1.52450000E-04 -3.75340000E-04  5.61940000E-04
2002-01-02T22:33:34.983  1.34430000E-04  4.25630000E-04  3.91300000E-04
2002-01-02T22:33:35.983 -4.82030000E-04 -9.60910000E-05  5.52710000E-04
2002-01-02T22:33:36.983 -4.68420000E-05  2.77340000E-04  3.59630000E-04
2002-01-02T22:33:37.983 -2.70520000E-04  1.71270000E-04  3.41950000E-04
2002-01-02T22:33:38.983 -1.06680000E-04  3.48510000E-04  5.52530000E-04
2002-01-02T22:33:39.983  1.79850000E-05 -6.56110000E-05  6.38750000E-04
2002-01-02T22:33:40.983 -3.62760000E-04 -5.99490000E-05  3.90210000E-04
2002-01-02T22:33:41.983  1.55550000E-04  3.46330000E-04  5.50630000E-04
2002-01-02T22:33:42.983 -2.61060000E-04 -2.92770000E-04  1.20030000E-04
2002-01-02T22:33:43.983  2.32830000E-04  3.23750000E-04  6.51930000E-04
2002-01-02T22:33:44.983 -2.08370000E-04 -1.22810000E-04  2.42670000E-04
2002-01-02T22:33:45.983 -1.40530000E-04  1.80200000E-04  2.39660000E-04
2002-01-02T22:33:46.983  3.17880000E-05  5.45090000E-04  3.99260000E-04
2002-01-02T22:33:47.983 -4.69070000E-04  4.33970000E-05  8.71340000E-04
2002-01-02T22:33:48.983  9.92660000E-05  4.42720000E-04  4.44800000E-04
2002-01-02T22:33:49.983 -4.89820000E-04  2.20390000E-04  4.10120000E-04
2002-01-02T22:33:50.983  6.12710000E-06  4.30010000E-04  5.92090000E-04
2002-01-02T22:33:51.983 -1.07890000E-04  2.86940000E-04  3.60550000E-04
2002-01-02T22:33:52.983 -3.75970000E-04  3.95460000E-04  5.50660000E-04
2002-01-02T22:33:53.983  3.70310000E-05  3.79910000E-04  5.59970000E-04
2002-01-02T22:33:54.983 -3.04920000E-04  2.19410000E-04  3.31420000E-04
2002-01-02T22:33:55.983 -2.69710000E-04  4.05190000E-04  4.10210000E-04
2002-01-02T22:33:56.983  1.72390000E-05  4.76860000E-04  3.41010000E-04
2002-01-02T22:33:57.983 -3.66290000E-04  2.76070000E-04  5.75160000E-04
2002-01-02T22:33:58.983  3.91100000E-04  3.16610000E-04  4.33420000E-04
2002-01-02T22:33:59.983  2.19130000E-05  4.51290000E-04  5.97030000E-04
2002-01-02T22:34:00.983 -4.08370000E-04  3.89750000E-05  2.31620000E-04
2002-01-02T22:34:01.983  5.63120000E-06  4.09290000E-04  3.26050000E-04
2002-01-02T22:34:02.983  1.73920000E-06  2.10770000E-04  6.12950000E-04
2002-01-02T22:34:03.983 -8.89270000E-05  1.02040000E-04  3.21030000E-04
2002-01-02T22:34:04.983  1.65110000E-04  3.54500000E-04  2.49380000E-04
2002-01-02T22:34:05.983 -3.67280000E-04  1.40680000E-04  5.40720000E-04
2002-01-02T22:34:06.983  9.37150000E-05  3.78250000E-04  5.18910000E-04
2002-01-02T22:34:07.983 -3.14830000E-04  4.81410000E-04  3.22530000E-04
2002-01-02T22:34:08.983  8.77210000E-05  3.91600000E-04  4.07230000E-04
2002-01-02T22:34:09.983  1.92550000E-04  4.27620000E-04  5.81160000E-04
2002-01-02T22:34:10.983 -5.55170000E-04  2.22700000E-04  3.02500000E-04
2002-01-02T22:34:11.983 -1.98950000E-04  5.17200000E-04  3.89720000E-04
2002-01-02T22:34:12.983  4.49690000E-05  4.93480000E-04  7.90160000E-04
2002-01-02T22:34:13.983 -2.73310000E-04  6.28300000E-04  4.15120000E-04
2002-01-02T22:34:14.983 -1.82200000E-04  4.62100000E-04  2.88020000E-04
2002-01-02T22:34:15.983  1.25860000E-05  5.87850000E-04  4.10000000E-04
2002-01-02T22:34:16.983 -3.11900000E-04  3.90000000E-04  7.59600000E-05
2002-01-02T22:34:17.983 -1.32180000E-04  3.93760000E-04  6.90050000E-04
2002-01-02T22:34:18.983  9.37550000E-05  5.88630000E-04  5.97230000E-04
2002-01-02T22:34:19.983 -2.49600000E-04  4.69470000E-04  5.87660000E-04
2002-01-02T22:34:20.983 -2.26800000E-04  5.84430000E-04  4.52570000E-04
2002-01-02T22:34:21.983 -1.57030000E-05  6.37360000E-04  5.34350000E-04
2002-01-02T22:34:22.983 -3.71320000E-04  6.75630000E-04  4.41920000E-04
2002-01-02T22:34:23.983 -5.18490000E-05  5.92710000E-04  2.59700000E-04
2002-01-02T22:34:24.983  6.95780000E-05  6.13720000E-04  7.44800000E-04
2002-01-02T22:34:25.983 -3.55400000E-04  6.74520000E-04  3.45210000E-04
2002-01-02T22:34:26.983 -3.45160000E-04  6.01050000E-04  4.47490000E-04
2002-01-02T22:34:27.983  1.50060000E-05  8.44160000E-04  2.92500000E-04
2002-01-02T22:34:28.983 -2.99180000E-04  6.24850000E-04  3.80730000E-04
2002-01-02T22:34:29.983 -4.92650000E-05  6.87510000E-04  3.82000000E-04
2002-01-02T22:34:30.983  8.40060000E-06  6.33610000E-04  3.35320000E-04
2002-01-02T22:34:31.983 -8.88720000E-05  5.25950000E-04  5.05280000E-04
2002-01-02T22:34:32.983 -7.54860000E-05  6.44810000E-04  2.82380000E-04
2002-01-02T22:34:33.983 -9.58100000E-05  6.37050000E-04  4.66970000E-04
2002-01-02T22:34:34.983  2.52240000E-05  8.14090000E-04  1.16760000E-04
2002-01-02T22:34:35.983 -1.21590000E-04  8.27560000E-04  1.02480000E-03
2002-01-02T22:34:36.983 -3.25340000E-04  1.35660000E-03  3.67270000E-04
2002-01-02T22:34:37.983 -3.83650000E-04  1.23740000E-03  5.21990000E-04
2002-01-02T22:34:38.983 -3.14190000E-05  9.00310000E-04  5.03530000E-04
2002-01-02T22:34:39.983 -5.51200000E-05  9.82490000E-04  3.09070000E-04
2002-01-02T22:34:40.983  8.45970000E-05  6.80580000E-04  3.68180000E-04
2002-01-02T22:34:41.983 -8.21150000E-05  8.41370000E-04  6.28680000E-04
2002-01-02T22:34:42.983  9.95720000E-05  1.15820000E-03  4.06740000E-04
2002-01-02T22:34:43.983 -2.28380000E-04  1.37950000E-03  7.81350000E-05
2002-01-02T22:34:44.983 -1.80150000E-04  1.21200000E-03  8.88110000E-04
2002-01-02T22:34:45.983 -2.92510000E-04  1.04700000E-03  3.06420000E-04
2002-01-02T22:34:46.983  5.25090000E-05  7.29310000E-04  2.71670000E-04
2002-01-02T22:34:47.983 -4.98570000E-05  8.09440000E-04  6.24780000E-04
2002-01-02T22:34:48.983  9.98590000E-05  8.68950000E-04  3.24080000E-04
2002-01-02T22:34:49.983 -1.81900000E-04  1.27090000E-03  4.19340000E-04
2002-01-02T22:34:50.983 -5.44420000E-04  9.96560000E-04  3.07040000E-04
2002-01-02T22:34:51.983 -3.41230000E-05  1.03480000E-03  6.23320000E-04
2002-01-02T22:34:52.983 -3.55180000E-05  1.12970000E-03  4.70790000E-04
2002-01-02T22:34:53.983  9.03100000E-05  9.87310000E-04  6.25890000E-04
2002-01-02T22:34:54.983  3.06280000E-05  9.89000000E-04  4.12190000E-04
2002-01-02T22:34:55.983  8.15040000E-05  1.40330000E-03  5.07090000E-04
2002-01-02T22:34:56.983 -5.48860000E-04  1.41180000E-03  7.41690000E-04
2002-01-02T22:34:57.983  5.85560000E-05  1.42430000E-03  2.44270000E-04
2002-01-02T22:34:58.983  1.47390000E-05  1.00760000E-03  1.80710000E-04
2002-01-02T22:34:59.983 -9.82760000E-05  1.29350000E-03  3.29190000E-04
2002-01-02T22:35:00.983 -1.86990000E-04  1.45940000E-03  4.02940000E-04
2002-01-02T22:35:01.983 -2.83460000E-04  1.86850000E-03  5.32440000E-04
2002-01-02T22:35:02.983  2.07860000E-04  1.37090000E-03  6.22590000E-04
2002-01-02T22:35:03.983 -4.81410000E-05  1.63480000E-03  5.47120000E-04
2002-01-02T22:35:04.983 -2.70960000E-04  1.75220000E-03  3.42310000E-04
2002-01-02T22:35:05.983  7.92080000E-05  1.41910000E-03  5.61690000E-04
2002-01-02T22:35:06.983 -5.57190000E-05  1.46510000E-03  3.49590000E-04
2002-01-02T22:35:07.983 -2.41800000E-04  1.76110000E-03  3.06400000E-04
2002-01-02T22:35:08.983 -1.63950000E-05  1.44030000E-03  4.76800000E-04
2002-01-02T22:35:09.983  3.01040000E-05  1.22400000E-03  5.53250000E-04
2002-01-02T22:35:10.983 -4.61380000E-05  1.59760000E-03  4.68070000E-04
2002-01-02T22:35:11.983 -3.49970000E-04  2.06550000E-03  2.74750000E-04
2002-01-02T22:35:12.983  1.04790000E-04  1.59060000E-03  5.77160000E-04
2002-01-02T22:35:13.983 -2.16310000E-04  2.06920000E-03  6.67540000E-04
2002-01-02T22:35:14.983 -9.34540000E-05  1.96940000E-03  3.16860000E-04
2002-01-02T22:35:15.983  2.34170000E-04  1.99410000E-03  7.09340000E-04
2002-01-02T22:35:16.983 -4.32830000E-04  2.38500000E-03  7.73830000E-04
2002-01-02T22:35:17.983 -7.30320000E-05  2.22520000E-03  4.33330000E-04
2002-01-02T22:35:18.983 -3.55340000E-04  2.26350000E-03  4.82990000E-04
2002-01-02T22:35:19.983  1.46260000E-04  2.16150000E-03  5.49650000E-04
2002-01-02T22:35:20.983 -3.70590000E-04  2.26890000E-03  4.51060000E-04
2002-01-02T22:35:21.983  1.72500000E-04  1.85730000E-03  4.02230000E-04
2002-01-02T22:35:22.983 -2.79380000E-04  2.42970000E-03  6.99650000E-04
2002-01-02T22:35:23.983  7.75360000E-05  1.81310000E-03  4.92450000E-04
2002-01-02T22:35:24.983 -2.11880000E-04  2.02330000E-03  6.07940000E-04
2002-01-02T22:35:25.983 -2.91590000E-04  2.09180000E-03  3.32180000E-04
2002-01-02T22:35:26.983 -1.23280000E-04  2.27880000E-03  4.52370000E-04
2002-01-02T22:35:27.983 -2.88210000E-04  2.32320000E-03  3.32660000E-04
2002-01-02T22:35:28.983  6.77360000E-05  2.67810000E-03  6.03080000E-04
2002-01-02T22:35:29.983 -5.05840000E-05  2.56500000E-03  5.74850000E-04
2002-01-02T22:35:30.983 -9.28140000E-05  2.99520000E-03  5.53470000E-04
2002-01-02T22:35:31.983 -1.13870000E-04  3.15510000E-03  7.29190000E-04
2002-01-02T22:35:32.983 -2.04510000E-04  3.17900000E-03  3.24870000E-04
2002-01-02T22:35:33.983 -2.56040000E-04  2.97260000E-03  3.98030000E-04
2002-01-02T22:35:34.983  2.30040000E-04  3.14620000E-03  6.04540000E-04
2002-01-02T22:35:35.983 -3.32220000E-04  3.44270000E-03  5.26770000E-04
2002-01-02T22:35:36.983 -1.04440000E-04  3.37470000E-03  6.37400000E-04
2002-01-02T22:35:37.983 -3.25030000E-04  4.06040000E-03  4.48570000E-04
2002-01-02T22:35:38.983 -1.65300000E-05  4.34020000E-03  6.20120000E-04
2002-01-02T22:35:39.983 -2.48400000E-04  4.87910000E-03  5.11750000E-04
2002-01-02T22:35:40.983 -1.88320000E-04  5.08570000E-03  5.44600000E-04
2002-01-02T22:35:41.983 -4.04770000E-04  4.44620000E-03  7.01630000E-04
2002-01-02T22:35:42.983  6.66400000E-05  4.20890000E-03  7.74780000E-04
2002-01-02T22:35:43.983 -3.01630000E-04  4.49550000E-03  6.40860000E-04
2002-01-02T22:35:44.983 -1.44270000E-04  4.53450000E-03  5.61640000E-04
2002-01-02T22:35:45.983 -1.73170000E-04  4.59580000E-03  4.24950000E-04
2002-01-02T22:35:46.983 -3.81870000E-04  4.87590000E-03  7.07550000E-04
2002-01-02T22:35:47.983 -3.24420000E-04  5.10920000E-03  4.26010000E-04
2002-01-02T22:35:48.983 -2.29070000E-04  5.08820000E-03  6.40800000E-04
2002-01-02T22:35:49.983 -2.36870000E-04  6.04160000E-03  6.87990000E-04
2002-01-02T22:35:50.983 -1.15300000E-04  6.52670000E-03  6.04930000E-04
2002-01-02T22:35:51.983 -3.97570000E-04  6.41440000E-03  5.64940000E-04
2002-01-02T22:35:52.983 -1.07660000E-04  6.85300000E-03  6.09100000E-04
2002-01-02T22:35:53.983 -6.55960000E-04  6.18840000E-03  4.31400000E-04
2002-01-02T22:35:54.983  1.49860000E-04  6.78540000E-03  6.89470000E-04
2002-01-02T22:35:55.983 -6.31920000E-04  6.43090000E-03  5.34060000E-04
2002-01-02T22:35:56.983  1.84840000E-04  7.50270000E-03  6.92660000E-04
2002-01-02T22:35:57.983  5.18060000E-05  7.49520000E-03  5.97920000E-04
2002-01-02T22:35:58.983 -9.50970000E-04  6.51840000E-03  4.35780000E-04
2002-01-02T22:35:59.983 -2.22550000E-05  7.50570000E-03  7.49510000E-04
2002-01-02T22:36:00.983  1.50950000E-04  7.97600000E-03  3.80060000E-04
2002-01-02T22:36:01.983  1.89690000E-04  7.73760000E-03  7.50230000E-04
2002-01-02T22:36:02.983 -7.77740000E-04  7.95300000E-03  5.17590000E-04
2002-01-02T22:36:03.983 -8.32140000E-04  7.46410000E-03  3.70030000E-04
2002-01-02T22:36:04.983 -3.97660000E-04  8.00550000E-03  5.37680000E-04
2002-01-02T22:36:05.983 -3.93960000E-04  8.55230000E-03  5.28570000E-04
2002-01-02T22:36:06.983 -1.53880000E-05  8.47150000E-03  7.37000000E-04
2002-01-02T22:36:07.983 -1.38890000E-05  8.45940000E-03  3.50460000E-04
2002-01-02T22:36:08.983 -5.28410000E-04  8.77690000E-03  7.21110000E-04
2002-01-02T22:36:09.983  1.98550000E-04  9.58620000E-03  6.41840000E-04
2002-01-02T22:36:10.983  1.49030000E-04  1.00140000E-02  1.00700000E-03
2002-01-02T22:36:11.983 -6.08300000E-04  9.44290000E-03  4.22430000E-04
2002-01-02T22:36:12.983  3.29520000E-04  1.04020000E-02  9.43840000E-04
2002-01-02T22:36:13.983 -5.00870000E-04  1.03320000E-02  6.31620000E-04
2002-01-02T22:36:14.983 -2.26890000E-04  1.08920000E-02  5.18910000E-04
2002-01-02T22:36:15.983 -2.78540000E-04  1.09290000E-02  5.66830000E-04
2002-01-02T22:36:16.983  1.97420000E-05  1.15220000E-02  8.07900000E-04
2002-01-02T22:36:17.983 -3.80510000E-04  1.12630000E-02  5.16310000E-04
2002-01-02T22:36:18.983 -2.10160000E-04  1.18130000E-02  7.26020000E-04
2002-01-02T22:36:19.983  1.08460000E-04  1.20320000E-02  5.56180000E-04
2002-01-02T22:36:20.983 -3.84800000E-04  1.18530000E-02  5.25410000E-04
2002-01-02T22:36:21.983 -4.57750000E-04  1.20490000E-02  5.31930000E-04
2002-01-02T22:36:22.983  8.99000000E-05  1.20050000E-02  6.26570000E-04
2002-01-02T22:36:23.983 -2.42110000E-04  1.22970000E-02  7.12090000E-04
2002-01-02T22:36:24.983 -2.70410000E-04  1.22510000E-02  7.15390000E-04
2002-01-02T22:36:25.983 -1.32610000E-04  1.25420000E-02  6.59340000E-04
2002-01-02T22:36:26.983 -1.47870000E-04  1.20540000E-02  6.63460000E-04
2002-01-02T22:36:27.983 -1.35140000E-04  1.28450000E-02  6.57930000E-04
2002-01-02T22:36:28.983 -4.88110000E-04  1.27800000E-02  1.04560000E-03
2002-01-02T22:36:29.983 -2.72470000E-05  1.33140000E-02  5.39800000E-04
2002-01-02T22:36:30.983 -5.40320000E-04  1.36150000E-02  6.80790000E-04
2002-01-02T22:36:31.983 -5.62600000E-04  1.33090000E-02  4.02460000E-04
2002-01-02T22:36:32.983 -3.08430000E-04  1.34120000E-02  6.12640000E-04
2002-01-02T22:36:33.983 -6.07630000E-04  1.39580000E-02  1.00160000E-03
2002-01-02T22:36:34.983 -4.38550000E-04  1.46130000E-02  8.00210000E-04
2002-01-02T22:36:35.983 -1.74280000E-04  1.51000000E-02  1.08360000E-03
2002-01-02T22:36:36.983 -4.62830000E-04  1.46330000E-02  5.61240000E-04
2002-01-02T22:36:37.983 -2.93280000E-04  1.49050000E-02  6.26780000E-04
2002-01-02T22:36:38.983 -1.09620000E-04  1.47420000E-02  5.99630000E-04
2002-01-02T22:36:39.983 -4.28520000E-04  1.47490000E-02  6.77730000E-04
2002-01-02T22:36:40.983 -5.80580000E-04  1.48140000E-02  8.91780000E-04
2002-01-02T22:36:41.983 -3.30850000E-04  1.56460000E-02  8.44920000E-04
2002-01-02T22:36:42.983 -4.62970000E-04  1.58020000E-02  5.98860000E-04
2002-01-02T22:36:43.983 -4.47320000E-04  1.52550000E-02  5.56420000E-04
2002-01-02T22:36:44.983 -3.85170000E-04  1.49420000E-02  9.09580000E-04
2002-01-02T22:36:45.983 -2.23210000E-04  1.55000000E-02  7.95540000E-04
2002-01-02T22:36:46.983 -6.82970000E-04  1.48940000E-02  6.92050000E-04
2002-01-02T22:36:47.983 -1.71820000E-04  1.53060000E-02  5.32470000E-04
2002-01-02T22:36:48.983 -4.70370000E-04  1.56310000E-02  7.38300000E-04
2002-01-02T22:36:49.983 -3.39250000E-04  1.53700000E-02  5.43280000E-04
2002-01-02T22:36:50.983 -2.96200000E-04  1.54690000E-02  9.42110000E-04
2002-01-02T22:36:51.983 -6.50560000E-04  1.60930000E-02  6.10900000E-04
2002-01-02T22:36:52.983  2.25270000E-04  1.72280000E-02  9.16010000E-04
2002-01-02T22:36:53.983 -9.23260000E-04  1.69810000E-02  8.31340000E-04
2002-01-02T22:36:54.983 -2.54100000E-04  1.73910000E-02  5.18510000E-04
2002-01-02T22:36:55.983 -6.10570000E-04  1.72030000E-02  5.66780000E-04
2002-01-02T22:36:56.983  1.36170000E-04  1.79820000E-02  5.43900000E-04
2002-01-02T22:36:57.983 -9.16820000E-04  1.69860000E-02  8.83390000E-04
2002-01-02T22:36:58.983  1.07130000E-04  1.74220000E-02  5.48130000E-04
2002-01-02T22:36:59.983 -9.77370000E-04  1.65610000E-02  8.33720000E-04
2002-01-02T22:37:00.983  2.44510000E-04  1.77840000E-02  1.09380000E-03
2002-01-02T22:37:01.983 -8.66150000E-04  1.66940000E-02  2.87800000E-04
2002-01-02T22:37:02.983  3.73900000E-05  1.69630000E-02  7.13130000E-04
2002-01-02T22:37:03.983 -2.62580000E-04  1.66420000E-02  5.99300000E-04
2002-01-02T22:37:04.983 -4.57660000E-04  1.61700000E-02  7.97540000E-04
2002-01-02T22:37:05.983  5.08500000E-05  1.63870000E-02  6.87030000E-04
2002-01-02T22:37:06.983 -5.16980000E-04  1.63880000E-02  2.46760000E-04
2002-01-02T22:37:07.983 -2.24560000E-04  1.56370000E-02  8.78300000E-04
2002-01-02T22:37:08.983 -3.95800000E-04  1.45750000E-02  6.90220000E-04
2002-01-02T22:37:09.983 -4.44780000E-04  1.37940000E-02  7.41090000E-04
2002-01-02T22:37:10.983  2.45250000E-05  1.41720000E-02  3.41400000E-04
2002-01-02T22:37:11.983 -1.48640000E-04  1.36490000E-02  5.93540000E-04
2002-01-02T22:37:12.983 -1.19590000E-04  1.29450000E-02  4.03030000E-04
2002-01-02T22:37:13.983 -4.25090000E-04  1.30510000E-02  6.47920000E-04
2002-01-02T22:37:14.983 -3.39420000E-04  1.31570000E-02  8.69580000E-04
2002-01-02T22:37:15.983 -4.55700000E-04  1.32370000E-02  3.73110000E-04
2002-01-02T22:37:16.983 -1.68100000E-04  1.32590000E-02  8.45480000E-04
2002-01-02T22:37:17.983 -2.78710000E-04  1.31020000E-02  4.57050000E-04
2002-01-02T22:37:18.983 -3.23020000E-04  1.33140000E-02  5.51900000E-04
2002-01-02T22:37:19.983 -3.73280000E-04  1.38540000E-02  5.81950000E-04
2002-01-02T22:37:20.983 -3.38870000E-04  1.39070000E-02  6.11880000E-04
2002-01-02T22:37:21.983 -2.09150000E-04  1.35330000E-02  2.41230000E-04
2002-01-02T22:37:22.983 -3.14000000E-04  1.38170000E-02  1.01660000E-03
2002-01-02T22:37:23.983 -2.76100000E-04  1.31670000E-02  7.04240000E-04
2002-01-02T22:37:24.983 -4.87300000E-04  1.27870000E-02  4.31250000E-04
2002-01-02T22:37:25.983 -4.99270000E-04  1.27030000E-02  4.58970000E-04
2002-01-02T22:37:26.983 -8.94240000E-05  1.23160000E-02  6.83110000E-04
2002-01-02T22:37:27.983 -3.41130000E-04  1.23800000E-02  6.93070000E-04
2002-01-02T22:37:28.983 -4.98260000E-04  1.22250000E-02  8.02480000E-04
2002-01-02T22:37:29.983 -2.92430000E-04  1.14070000E-02  6.16200000E-04
2002-01-02T22:37:30.983  4.93130000E-05  1.12770000E-02  4.94140000E-04
2002-01-02T22:37:31.983 -6.68870000E-04  1.11560000E-02  5.96830000E-04
2002-01-02T22:37:32.983 -2.79140000E-05  1.08300000E-02  7.36990000E-04
2002-01-02T22:37:33.983 -6.37800000E-04  9.44660000E-03  5.18580000E-04
2002-01-02T22:37:34.983  1.10050000E-04  9.87470000E-03  7.42510000E-04
2002-01-02T22:37:35.983 -4.03110000E-04  1.06590000E-02  6.46650000E-04
2002-01-02T22:37:36.983 -4.97700000E-04  1.02390000E-02  4.69140000E-04
2002-01-02T22:37:37.983 -2.77450000E-05  1.15400000E-02  7.71100000E-04
2002-01-02T22:37:38.983 -3.32930000E-04  1.29850000E-02  7.74270000E-04
2002-01-02T22:37:39.983 -4.64440000E-04  1.38540000E-02  6.03730000E-04
2002-01-02T22:37:40.983 -5.09700000E-06  1.42370000E-02  7.19890000E-04
2002-01-02T22:37:41.983 -7.67040000E-04  1.32550000E-02  7.00280000E-04
2002-01-02T22:37:42.983 -2.17660000E-04  1.36670000E-02  8.22900000E-04
2002-01-02T22:37:43.983  5.20500000E-05  1.38000000E-02  4.53800000E-04
2002-01-02T22:37:44.983 -2.72780000E-04  1.28810000E-02  6.34730000E-04
2002-01-02T22:37:45.983 -4.69340000E-04  1.16100000E-02  6.40160000E-04
2002-01-02T22:37:46.983 -7.52230000E-04  1.03630000E-02  5.84500000E-04
2002-01-02T22:37:47.983  2.35950000E-04  1.04640000E-02  6.91370000E-04
2002-01-02T22:37:48.983 -6.14140000E-04  9.77610000E-03  6.46290000E-04
2002-01-02T22:37:49.983 -2.21230000E-04  1.14560000E-02  6.79840000E-04
2002-01-02T22:37:50.983 -4.88210000E-04  1.05190000E-02  7.30600000E-04
2002-01-02T22:37:51.983 -4.20820000E-05  1.23200000E-02  4.53840000E-04
2002-01-02T22:37:52.983 -2.19690000E-04  1.34610000E-02  5.31230000E-04
2002-01-02T22:37:53.983 -3.89820000E-04  1.43010000E-02  8.54120000E-04
2002-01-02T22:37:54.983 -3.24220000E-04  1.43760000E-02  3.68070000E-04
2002-01-02T22:37:55.983 -1.72390000E-04  1.45680000E-02  8.69230000E-04
2002-01-02T22:37:56.983 -2.30380000E-04  1.51530000E-02  9.06830000E-04
2002-01-02T22:37:57.983 -3.41540000E-04  1.49900000E-02  5.38490000E-04
2002-01-02T22:37:58.983 -5.15460000E-04  1.43710000E-02  5.31520000E-04
2002-01-02T22:37:59.983 -2.46740000E-04  1.39360000E-02  4.02460000E-04
2002-01-02T22:38:00.983 -2.54140000E-04  1.25780000E-02  6.44220000E-04
2002-01-02T22:38:01.983 -4.85330000E-04  1.07020000E-02  5.18390000E-04
2002-01-02T22:38:02.983  4.29860000E-04  1.01920000E-02  9.72330000E-04
2002-01-02T22:38:03.983 -7.49010000E-04  9.75280000E-03  6.55740000E-04
2002-01-02T22:38:04.983  4.91320000E-05  1.08080000E-02  6.89570000E-04
2002-01-02T22:38:05.983 -5.15240000E-04  1.05960000E-02  4.12540000E-04
2002-01-02T22:38:06.983 -1.14080000E-04  1.05350000E-02  3.89300000E-04
2002-01-02T22:38:07.983 -6.57220000E-05  1.06120000E-02  1.00770000E-03
2002-01-02T22:38:08.983 -2.52630000E-04  1.03940000E-02  6.84350000E-04
2002-01-02T22:38:09.983 -6.23840000E-05  1.02940000E-02  6.29530000E-04
2002-01-02T22:38:10.983 -5.39160000E-04  1.02640000E-02  4.64300000E-04
2002-01-02T22:38:11.983 -1.34880000E-04  1.12300000E-02  5.25810000E-04
2002-01-02T22:38:12.983 -2.10690000E-04  1.05660000E-02  6.60210000E-04
2002-01-02T22:38:13.983 -1.83430000E-04  1.15440000E-02  1.04110000E-03
2002-01-02T22:38:14.983 -3.12630000E-04  1.23250000E-02  5.31070000E-04
2002-01-02T22:38:15.983 -5.29010000E-04  1.25020000E-02  5.18210000E-04
2002-01-02T22:38:16.983 -1.10960000E-04  1.21120000E-02  6.43790000E-04
2002-01-02T22:38:17.983 -5.21480000E-04  1.23230000E-02  5.89180000E-04
2002-01-02T22:38:18.983 -4.07350000E-04  1.27650000E-02  4.18950000E-04
2002-01-02T22:38:19.983 -2.42580000E-04  1.29750000E-02  6.69040000E-04
2002-01-02T22:38:20.983 -2.58910000E-04  1.20160000E-02  4.34980000E-04
2002-01-02T22:38:21.983 -3.47670000E-04  1.29040000E-02  1.02850000E-03
2002-01-02T22:38:22.983 -2.99610000E-04  1.37170000E-02  7.99420000E-04
2002-01-02T22:38:23.983 -4.83920000E-04  1.53180000E-02  5.38360000E-04
2002-01-02T22:38:24.983 -2.97890000E-04  1.53180000E-02  8.78200000E-04
2002-01-02T22:38:25.983 -4.28120000E-04  1.56590000E-02  8.49770000E-04
2002-01-02T22:38:26.983 -5.78310000E-04  1.51690000E-02  4.30970000E-04
2002-01-02T22:38:27.983 -2.97850000E-04  1.58380000E-02  9.78940000E-04
2002-01-02T22:38:28.983 -1.49550000E-04  1.59760000E-02  3.74480000E-04
2002-01-02T22:38:29.983 -3.37540000E-04  1.60450000E-02  3.69070000E-04
2002-01-02T22:38:30.983 -4.46160000E-04  1.51870000E-02  1.07350000E-03
2002-01-02T22:38:31.983 -5.04610000E-04  1.55880000E-02  5.59020000E-04
2002-01-02T22:38:32.983 -6.40100000E-05  1.51430000E-02  4.87490000E-04
2002-01-02T22:38:33.983  7.97140000E-05  1.50170000E-02  7.19040000E-04
2002-01-02T22:38:34.983 -6.47650000E-04  1.52690000E-02  7.98970000E-04
2002-01-02T22:38:35.983 -4.19120000E-04  1.58650000E-02  1.01970000E-03
2002-01-02T22:38:36.983 -1.30080000E-04  1.58880000E-02  5.42610000E-04
2002-01-02T22:38:37.983 -3.06870000E-04  1.55350000E-02  5.19820000E-04
2002-01-02T22:38:38.983 -4.12840000E-04  1.37740000E-02  7.20240000E-04
2002-01-02T22:38:39.983 -1.09970000E-04  1.19910000E-02  5.66670000E-04
2002-01-02T22:38:40.983 -8.00700000E-05  1.36530000E-02  8.00280000E-04
2002-01-02T22:38:41.983 -3.53930000E-04  1.36240000E-02  9.27120000E-04
2002-01-02T22:38:42.983 -1.43660000E-04  1.17820000E-02  6.92460000E-04
2002-01-02T22:38:43.983 -2.61870000E-04  1.19330000E-02  8.48560000E-04
2002-01-02T22:38:44.983 -5.56170000E-05  1.26660000E-02  3.13770000E-04
2002-01-02T22:38:45.983 -2.12290000E-05  1.39720000E-02  5.61360000E-04
2002-01-02T22:38:46.983 -6.03180000E-04  1.32510000E-02  7.60360000E-04
2002-01-02T22:38:47.983  1.37780000E-04  1.26260000E-02  8.87660000E-04
2002-01-02T22:38:48.983 -4.13360000E-04  1.24680000E-02  5.64110000E-04
2002-01-02T22:38:49.983 -3.49440000E-04  1.31360000E-02  9.62510000E-04
2002-01-02T22:38:50.983 -4.82550000E-04  1.22340000E-02  6.44270000E-04
2002-01-02T22:38:51.983 -1.94450000E-04  1.27120000E-02  6.72720000E-04
2002-01-02T22:38:52.983 -3.85870000E-04  1.36380000E-02  5.00560000E-04
2002-01-02T22:38:53.983 -7.14420000E-05  1.35670000E-02  9.01940000E-04
2002-01-02T22:38:54.983 -5.61370000E-04  1.31370000E-02  4.98550000E-04
2002-01-02T22:38:55.983 -6.36720000E-05  1.36090000E-02  3.08890000E-04
2002-01-02T22:38:56.983 -2.59540000E-04  1.45790000E-02  7.72390000E-04
2002-01-02T22:38:57.983 -6.43960000E-04  1.55630000E-02  6.88350000E-04
2002-01-02T22:38:58.983 -4.70080000E-04  1.60010000E-02  4.12410000E-04
2002-01-02T22:38:59.983 -1.87820000E-04  1.66190000E-02  8.43680000E-04
2002-01-02T22:39:00.983 -6.13730000E-04  1.58990000E-02  9.44660000E-04
2002-01-02T22:39:01.983 -4.51670000E-04  1.57580000E-02  4.50740000E-04
2002-01-02T22:39:02.983 -2.69440000E-04  1.57900000E-02  6.63820000E-04
2002-01-02T22:39:03.983 -4.15480000E-04  1.57080000E-02  7.81290000E-04
2002-01-02T22:39:04.983 -3.05170000E-04  1.55890000E-02  4.96560000E-04
2002-01-02T22:39:05.983 -5.24930000E-04  1.47860000E-02  4.90550000E-04
2002-01-02T22:39:06.983 -4.70280000E-04  1.42660000E-02  5.35760000E-04
2002-01-02T22:39:07.983 -3.62680000E-04  1.35210000E-02  5.93390000E-04
2002-01-02T22:39:08.983 -4.65650000E-04  1.27320000E-02  6.12530000E-04
2002-01-02T22:39:09.983 -9.76490000E-05  1.26240000E-02  4.33850000E-04
2002-01-02T22:39:10.983 -1.82620000E-04  1.21090000E-02  9.12090000E-04
2002-01-02T22:39:11.983 -5.17910000E-04  1.17160000E-02  7.48270000E-04
2002-01-02T22:39:12.983 -2.80280000E-04  1.16780000E-02  2.99730000E-04
2002-01-02T22:39:13.983 -2.43350000E-04  1.23060000E-02  8.37600000E-04
2002-01-02T22:39:14.983 -3.02140000E-04  1.20630000E-02  5.60660000E-04
2002-01-02T22:39:15.983 -2.39080000E-04  1.27900000E-02  5.71240000E-04
2002-01-02T22:39:16.983 -2.42370000E-04  1.26260000E-02  6.94340000E-04
2002-01-02T22:39:17.983 -2.04090000E-04  1.29350000E-02  7.25360000E-04
2002-01-02T22:39:18.983 -2.89440000E-04  1.25690000E-02  7.89350000E-04
2002-01-02T22:39:19.983 -2.03400000E-04  1.18960000E-02  3.67630000E-04
2002-01-02T22:39:20.983 -4.51040000E-04  1.19810000E-02  5.33190000E-04
2002-01-02T22:39:21.983 -3.56080000E-04  1.22250000E-02  4.30930000E-04
2002-01-02T22:39:22.983 -2.17280000E-04  1.24180000E-02  6.96850000E-04
2002-01-02T22:39:23.983  1.30060000E-04  1.24860000E-02  1.03900000E-03
2002-01-02T22:39:24.983 -2.58530000E-04  1.17100000E-02  7.88430000E-04
2002-01-02T22:39:25.983 -3.94380000E-04  1.13980000E-02  7.18990000E-04
2002-01-02T22:39:26.983  4.33330000E-05  1.15500000E-02  4.48210000E-04
2002-01-02T22:39:27.983 -3.45920000E-04  1.12020000E-02  4.50290000E-04
2002-01-02T22:39:28.983 -1.79210000E-04  1.13120000E-02  9.50800000E-04
2002-01-02T22:39:29.983  9.99170000E-05  1.10200000E-02  2.61870000E-04
2002-01-02T22:39:30.983 -8.14860000E-04  1.09070000E-02  6.47250000E-04
2002-01-02T22:39:31.983  1.96200000E-04  1.08620000E-02  4.90530000E-04
2002-01-02T22:39:32.983 -2.76160000E-04  1.02100000E-02  9.62560000E-04
2002-01-02T22:39:33.983  3.85470000E-04  1.04080000E-02  7.82290000E-04
2002-01-02T22:39:34.983 -5.58230000E-04  1.04950000E-02  7.09620000E-04
2002-01-02T22:39:35.983  1.84330000E-04  1.13080000E-02  4.64610000E-04
2002-01-02T22:39:36.983 -5.91750000E-04  1.02330000E-02  4.93440000E-04
2002-01-02T22:39:37.983  2.22210000E-04  1.08190000E-02  8.90780000E-04
2002-01-02T22:39:38.983 -6.83000000E-04  1.03550000E-02  6.96500000E-04
2002-01-02T22:39:39.983  1.90590000E-04  1.12830000E-02  8.49880000E-04
2002-01-02T22:39:40.983 -5.04310000E-04  1.00210000E-02  3.79560000E-04
2002-01-02T22:39:41.983  3.99220000E-04  1.09000000E-02  4.82630000E-04
2002-01-02T22:39:42.983 -9.25140000E-04  9.83710000E-03  6.90430000E-04
2002-01-02T22:39:43.983  1.57460000E-04  1.03200000E-02  7.31360000E-04
2002-01-02T22:39:44.983 -1.18160000E-04  1.01890000E-02  8.56390000E-04
2002-01-02T22:39:45.983 -7.86950000E-04  9.25800000E-03  5.21290000E-04
2002-01-02T22:39:46.983 -5.02430000E-04  8.90440000E-03  5.43330000E-04
2002-01-02T22:39:47.983 -1.32240000E-04  9.38730000E-03  5.01110000E-04
2002-01-02T22:39:48.983  2.92250000E-04  1.03180000E-02  7.25690000E-04
2002-01-02T22:39:49.983 -2.49320000E-04  9.22510000E-03  8.35600000E-04
2002-01-02T22:39:50.983 -4.23330000E-04  8.88220000E-03  2.71880000E-04
2002-01-02T22:39:51.983 -2.84670000E-04  8.58300000E-03  7.11890000E-04
2002-01-02T22:39:52.983 -5.86500000E-04  8.92770000E-03  4.99800000E-04
2002-01-02T22:39:53.983 -5.00480000E-04  8.81920000E-03  6.27460000E-04
2002-01-02T22:39:54.983 -4.32910000E-04  8.72900000E-03  7.40130000E-04
2002-01-02T22:39:55.983  2.27900000E-05  8.21320000E-03  8.09760000E-04
2002-01-02T22:39:56.983  6.86720000E-05  8.12090000E-03  5.24700000E-04
2002-01-02T22:39:57.983 -1.39600000E-04  8.30840000E-03  5.28110000E-04
2002-01-02T22:39:58.983 -5.12840000E-04  8.10370000E-03  3.81310000E-04
2002-01-02T22:39:59.983 -4.98850000E-04  8.13740000E-03  6.12140000E-04
2002-01-02T22:40:00.983 -2.87300000E-04  8.73060000E-03  5.95100000E-04
2002-01-02T22:40:01.983 -1.41480000E-05  8.32990000E-03  9.14040000E-04
2002-01-02T22:40:02.983 -3.10070000E-04  8.35420000E-03  8.08150000E-04
2002-01-02T22:40:03.983 -8.62300000E-04  7.55330000E-03  3.66990000E-04
2002-01-02T22:40:04.983 -2.79820000E-04  7.51500000E-03  2.86390000E-04
2002-01-02T22:40:05.983  2.06860000E-04  7.96450000E-03  6.46480000E-04
2002-01-02T22:40:06.983  2.22170000E-04  7.76260000E-03  6.33970000E-04
2002-01-02T22:40:07.983 -6.70350000E-04  6.91570000E-03  5.42130000E-04
2002-01-02T22:40:08.983 -7.97690000E-04  7.50380000E-03  4.76520000E-04
2002-01-02T22:40:09.983  1.28230000E-04  7.73540000E-03  5.18350000E-04
2002-01-02T22:40:10.983  1.16440000E-04  8.02470000E-03  4.30400000E-04
2002-01-02T22:40:11.983  2.69080000E-04  7.41300000E-03  6.47120000E-04
2002-01-02T22:40:12.983 -1.18560000E-03  6.78970000E-03  3.16270000E-04
2002-01-02T22:40:13.983 -3.86240000E-04  7.90400000E-03  7.71120000E-04
2002-01-02T22:40:14.983 -2.71840000E-04  8.74210000E-03  5.33520000E-04
2002-01-02T22:40:15.983  1.34020000E-04  8.90050000E-03  9.35590000E-04
2002-01-02T22:40:16.983  5.55190000E-06  8.83230000E-03  3.47020000E-04
2002-01-02T22:40:17.983 -1.36380000E-04  8.41610000E-03  6.29060000E-04
2002-01-02T22:40:18.983 -3.59120000E-04  8.30940000E-03  5.38580000E-04
2002-01-02T22:40:19.983 -4.37160000E-04  7.56920000E-03  8.23010000E-04
2002-01-02T22:40:20.983 -1.21320000E-04  8.06870000E-03  8.35010000E-04
2002-01-02T22:40:21.983  3.27530000E-04  7.85250000E-03  4.43910000E-04
2002-01-02T22:40:22.983  5.69080000E-05  7.92020000E-03  5.12950000E-04
2002-01-02T22:40:23.983 -1.85330000E-04  7.39350000E-03  5.70890000E-04
2002-01-02T22:40:24.983 -9.83100000E-04  7.14160000E-03  4.16130000E-04
2002-01-02T22:40:25.983  1.16780000E-05  7.49010000E-03  6.90990000E-04
2002-01-02T22:40:26.983  3.99040000E-04  7.61200000E-03  8.12040000E-04
2002-01-02T22:40:27.983  1.19740000E-05  7.15250000E-03  4.17590000E-04
2002-01-02T22:40:28.983 -7.57950000E-04  6.35050000E-03  7.82580000E-04
2002-01-02T22:40:29.983  5.92080000E-04  6.59810000E-03  4.99810000E-04
2002-01-02T22:40:30.983 -4.91500000E-04  5.92660000E-03  5.16090000E-04
2002-01-02T22:40:31.983  3.36500000E-04  6.88560000E-03  8.08990000E-04
2002-01-02T22:40:32.983 -6.05130000E-04  6.37580000E-03  4.81250000E-04
2002-01-02T22:40:33.983 -3.11200000E-05  6.51220000E-03  5.02240000E-04
2002-01-02T22:40:34.983 -2.49730000E-04  5.55490000E-03  7.04640000E-04
2002-01-02T22:40:35.983  5.30140000E-05  5.77820000E-03  4.75900000E-04
2002-01-02T22:40:36.983 -2.51310000E-04  4.99360000E-03  6.90540000E-04
2002-01-02T22:40:37.983 -1.82700000E-04  4.13350000E-03  5.78990000E-04
2002-01-02T22:40:38.983 -1.77080000E-04  4.03920000E-03  3.92650000E-04
2002-01-02T22:40:39.983 -4.76260000E-05  4.45240000E-03  3.54140000E-04
2002-01-02T22:40:40.983 -7.16930000E-05  4.74110000E-03  7.86450000E-04
2002-01-02T22:40:41.983 -1.49620000E-04  4.82730000E-03  5.43300000E-04
2002-01-02T22:40:42.983 -1.68700000E-04  4.66230000E-03  4.59400000E-04
2002-01-02T22:40:43.983 -1.56730000E-04  4.04680000E-03  9.60440000E-04
2002-01-02T22:40:44.983 -2.81740000E-04  3.82960000E-03  4.10220000E-04
2002-01-02T22:40:45.983 -5.25930000E-05  4.14450000E-03  3.67520000E-04
2002-01-02T22:40:46.983 -1.65510000E-04  2.80220000E-03  4.18390000E-04
2002-01-02T22:40:47.983 -8.90550000E-05  2.38360000E-03  5.70120000E-04
2002-01-02T22:40:48.983 -3.29300000E-04  2.80990000E-03  7.73090000E-04
2002-01-02T22:40:49.983 -1.66190000E-04  2.94700000E-03  3.89450000E-04
2002-01-02T22:40:50.983 -4.45510000E-05  2.96280000E-03  5.53260000E-04
2002-01-02T22:40:51.983 -1.96050000E-04  3.05060000E-03  5.47670000E-04
2002-01-02T22:40:52.983 -3.04930000E-04  2.89630000E-03  2.99790000E-04
2002-01-02T22:40:53.983 -3.60960000E-05  2.46470000E-03  4.94510000E-04
2002-01-02T22:40:54.983 -2.44930000E-04  2.74590000E-03  6.34670000E-04
2002-01-02T22:40:55.983  1.76190000E-04  2.30310000E-03  8.94640000E-05
2002-01-02T22:40:56.983 -4.90560000E-04  2.49440000E-03  5.83290000E-04
2002-01-02T22:40:57.983  1.41350000E-06  2.84430000E-03  7.87790000E-04
2002-01-02T22:40:58.983 -7.21230000E-05  2.31350000E-03  1.43370000E-04
2002-01-02T22:40:59.983 -1.81350000E-04  2.52200000E-03  8.86750000E-04
2002-01-02T22:41:00.983  1.14930000E-05  2.42320000E-03  3.39310000E-04
2002-01-02T22:41:01.983 -4.15160000E-04  2.50690000E-03  4.55530000E-04
2002-01-02T22:41:02.983  7.98150000E-05  2.24280000E-03  4.70860000E-04
2002-01-02T22:41:03.983 -2.46070000E-04  2.83750000E-03  3.18990000E-04
2002-01-02T22:41:04.983 -2.33050000E-04  2.16020000E-03  5.48980000E-04
2002-01-02T22:41:05.983 -1.19140000E-04  2.74250000E-03  7.27560000E-04
2002-01-02T22:41:06.983 -3.65730000E-04  2.30760000E-03  3.53750000E-04
2002-01-02T22:41:07.983 -7.28490000E-05  2.44310000E-03  4.90310000E-04
2002-01-02T22:41:08.983 -4.30050000E-04  2.48800000E-03  2.19050000E-04
2002-01-02T22:41:09.983  3.78490000E-05  2.28050000E-03  4.76690000E-04
2002-01-02T22:41:10.983 -2.83720000E-04  2.25120000E-03  5.07750000E-04
2002-01-02T22:41:11.983 -3.84290000E-05  2.08800000E-03  5.14190000E-04
2002-01-02T22:41:12.983 -3.21470000E-04  1.97980000E-03  5.14990000E-04
2002-01-02T22:41:13.983 -3.02680000E-04  2.09200000E-03  4.30750000E-04
2002-01-02T22:41:14.983  4.44180000E-05  1.86770000E-03  3.48250000E-04
2002-01-02T22:41:15.983 -2.99590000E-04  2.04840000E-03  7.94090000E-04
2002-01-02T22:41:16.983  5.03360000E-06  1.57420000E-03  4.36460000E-04
2002-01-02T22:41:17.983 -1.98650000E-04  2.27640000E-03  4.83480000E-04
2002-01-02T22:41:18.983 -8.74490000E-05  1.79660000E-03  5.03300000E-04
2002-01-02T22:41:19.983  8.02700000E-05  1.52250000E-03  2.01440000E-04
2002-01-02T22:41:20.983 -4.63780000E-04  2.18130000E-03  5.32510000E-04
2002-01-02T22:41:21.983  6.81350000E-05  1.63340000E-03  3.84670000E-04
2002-01-02T22:41:22.983 -8.05850000E-05  1.82010000E-03  5.57220000E-04
2002-01-02T22:41:23.983 -4.36600000E-04  1.88580000E-03  6.95690000E-04
2002-01-02T22:41:24.983  7.00410000E-05  1.26220000E-03  5.32330000E-04
2002-01-02T22:41:25.983 -1.99850000E-04  1.53380000E-03  5.73640000E-04
2002-01-02T22:41:26.983 -3.55460000E-04  1.65940000E-03  4.75800000E-04
2002-01-02T22:41:27.983 -7.47770000E-06  1.40200000E-03  4.65480000E-04
2002-01-02T22:41:28.983  2.08850000E-05  1.21640000E-03  5.42010000E-04
2002-01-02T22:41:29.983 -7.16690000E-04  1.72310000E-03  3.99700000E-04
2002-01-02T22:41:30.983 -4.35210000E-05  1.53560000E-03  6.19320000E-04
2002-01-02T22:41:31.983  1.08910000E-04  1.01690000E-03  3.13910000E-04
2002-01-02T22:41:32.983 -1.13360000E-04  1.18370000E-03  1.15340000E-04
2002-01-02T22:41:33.983 -3.73480000E-04  1.53510000E-03  6.72370000E-04
2002-01-02T22:41:34.983 -3.79950000E-04  1.31550000E-03  5.45770000E-04
2002-01-02T22:41:35.983 -4.74320000E-05  1.16010000E-03  3.78590000E-04
2002-01-02T22:41:36.983  1.21800000E-04  9.69820000E-04  2.78100000E-04
2002-01-02T22:41:37.983 -2.59820000E-04  1.26700000E-03  5.04430000E-04
2002-01-02T22:41:38.983 -1.36620000E-04  1.27100000E-03  6.60080000E-04
2002-01-02T22:41:39.983 -2.52600000E-04  1.48590000E-03  8.04850000E-04
2002-01-02T22:41:40.983  6.82890000E-05  9.89850000E-04  2.58270000E-04
2002-01-02T22:41:41.983 -2.26590000E-05  7.84130000E-04  8.81450000E-05
2002-01-02T22:41:42.983 -8.26970000E-05  1.20500000E-03  6.22830000E-04
2002-01-02T22:41:43.983 -5.05370000E-04  1.49040000E-03  5.02980000E-04
2002-01-02T22:41:44.983 -6.33870000E-05  1.18170000E-03  4.48930000E-04
2002-01-02T22:41:45.983 -6.65930000E-06  1.08830000E-03  4.96400000E-04
2002-01-02T22:41:46.983  7.92430000E-05  8.43650000E-04  3.17910000E-04
2002-01-02T22:41:47.983 -1.66320000E-04  5.77060000E-04  8.48870000E-04
2002-01-02T22:41:48.983 -1.17510000E-04  8.11330000E-04  3.25160000E-04
2002-01-02T22:41:49.983  8.95990000E-05  7.99790000E-04  6.21600000E-04
2002-01-02T22:41:50.983 -3.28600000E-04  1.09480000E-03  2.28750000E-04
2002-01-02T22:41:51.983 -1.21810000E-04  6.45660000E-04  4.56420000E-04
2002-01-02T22:41:52.983 -3.47770000E-04  8.75730000E-04  4.16600000E-04
2002-01-02T22:41:53.983 -2.85030000E-04  9.88470000E-04  3.81090000E-04
2002-01-02T22:41:54.983  4.58800000E-05  6.32190000E-04  5.59790000E-04
2002-01-02T22:41:55.983 -2.61870000E-04  5.46210000E-04  4.64680000E-04
2002-01-02T22:41:56.983  2.34250000E-06  6.61850000E-04  3.91180000E-04
2002-01-02T22:41:57.983 -6.51810000E-05  6.39610000E-04  4.86900000E-04
2002-01-02T22:41:58.983 -1.89020000E-04  3.85240000E-04  3.33900000E-04
2002-01-02T22:41:59.983  3.35270000E-05  6.57480000E-04  6.60230000E-04
2002-01-02T22:42:00.983 -3.54720000E-04  4.04190000E-04  5.41140000E-04
2002-01-02T22:42:01.983 -3.03610000E-05  3.85170000E-04  5.29550000E-04
2002-01-02T22:42:02.983  3.04970000E-05  5.19060000E-04  5.34820000E-04
2002-01-02T22:42:03.983 -1.42520000E-04  4.78580000E-04  3.51190000E-04
2002-01-02T22:42:04.983 -2.73140000E-04  5.27510000E-04  3.29840000E-04
2002-01-02T22:42:05.983  1.11230000E-04  5.65640000E-04  5.92770000E-04
2002-01-02T22:42:06.983 -2.66730000E-04  3.76110000E-04  5.63950000E-04
2002-01-02T22:42:07.983 -1.11840000E-04  3.89440000E-04  4.60280000E-04
2002-01-02T22:42:08.983  9.24300000E-05  6.61820000E-04  5.95310000E-04
2002-01-02T22:42:09.983 -1.89040000E-04  2.92290000E-04  5.97340000E-05
2002-01-02T22:42:10.983 -2.42020000E-04  3.77680000E-04  3.90640000E-04
2002-01-02T22:42:11.983 -7.72290000E-05  4.73980000E-04  3.94810000E-04
2002-01-02T22:42:12.983 -5.06350000E-04  1.40390000E-04  4.40370000E-04
2002-01-02T22:42:13.983  1.31360000E-04  4.71520000E-04  5.48800000E-04
2002-01-02T22:42:14.983 -2.66360000E-04  3.68790000E-04  4.09590000E-04
2002-01-02T22:42:15.983 -7.00440000E-05  2.73480000E-04  6.13260000E-04
2002-01-02T22:42:16.983 -2.02560000E-05  5.17140000E-04  2.07510000E-04
2002-01-02T22:42:17.983 -3.56700000E-04  1.78560000E-04  6.28500000E-04
2002-01-02T22:42:18.983  2.56590000E-05  2.89620000E-04  5.63840000E-04
2002-01-02T22:42:19.983 -6.42900000E-05  3.20630000E-04  1.67670000E-04
2002-01-02T22:42:20.983 -2.75450000E-04  1.25420000E-05  6.74640000E-04
2002-01-02T22:42:21.983  2.40780000E-04  1.77040000E-04  3.72100000E-04
2002-01-02T22:42:22.983 -2.27400000E-04 -1.05400000E-04  3.09890000E-04
2002-01-02T22:42:23.983  1.31020000E-04  1.71830000E-04  2.54040000E-04
2002-01-02T22:42:24.983  3.66810000E-06  1.00350000E-04  4.29140000E-04
2002-01-02T22:42:25.983 -3.69590000E-04  1.67740000E-04  6.56810000E-04
2002-01-02T22:42:26.983 -1.13110000E-05  4.57910000E-04  6.04090000E-04
2002-01-02T22:42:27.983 -3.80800000E-04  1.00750000E-04  8.06870000E-04
2002-01-02T22:42:28.983 -2.08410000E-05  3.71110000E-04  2.73480000E-04
2002-01-02T22:42:29.983 -2.16740000E-04  2.77440000E-04  4.98360000E-05
2002-01-02T22:42:30.983 -2.62410000E-04  1.57100000E-04  7.24700000E-04
2002-01-02T22:42:31.983 -4.22650000E-05  1.96640000E-04  7.19840000E-04
2002-01-02T22:42:32.983 -3.55750000E-04 -6.20070000E-05  3.11740000E-04
2002-01-02T22:42:33.983  2.61860000E-04  9.43340000E-07  4.19160000E-04
2002-01-02T22:42:34.983 -6.29990000E-05 -1.46180000E-04  4.34620000E-04
2002-01-02T22:42:35.983 -6.62880000E-05  4.63960000E-04  7.31730000E-04
2002-01-02T22:42:36.983 -2.00420000E-04 -2.00010000E-04  4.02690000E-04
2002-01-02T22:42:37.983 -1.70710000E-04  1.25190000E-04  3.86040000E-04
2002-01-02T22:42:38.983 -7.89930000E-05  3.07710000E-04  6.01990000E-04
2002-01-02T22:42:39.983 -3.61310000E-04  1.98520000E-04  1.21490000E-04
2002-01-02T22:42:40.983  6.70620000E-05  5.66000000E-04  4.80030000E-04
2002-01-02T22:42:41.983 -5.33550000E-04 -1.62310000E-04  4.58240000E-04
2002-01-02T22:42:42.983 -1.06990000E-04  4.19180000E-04  3.46660000E-04
2002-01-02T22:42:43.983 -1.25850000E-04  7.62420000E-05  5.49010000E-04
2002-01-02T22:42:44.983 -1.84420000E-04  2.28040000E-04  3.94840000E-04
2002-01-02T22:42:45.983  1.93450000E-04  8.66010000E-05  4.99770000E-04
2002-01-02T22:42:46.983 -1.83630000E-04 -6.34590000E-05  3.66130000E-04
2002-01-02T22:42:47.983  2.34900000E-06  3.27050000E-04  6.56180000E-04
2002-01-02T22:42:48.983 -1.14670000E-04 -1.74430000E-04  4.19830000E-04
2002-01-02T22:42:49.983  3.20690000E-05  3.11990000E-04  3.57350000E-04
2002-01-02T22:42:50.983  1.62720000E-04  1.08530000E-04  4.54720000E-04
2002-01-02T22:42:51.983 -5.10500000E-04  9.91860000E-05  7.35340000E-04
2002-01-02T22:42:52.983 -3.35970000E-05  4.73890000E-04  2.96080000E-04
2002-01-02T22:42:53.983 -3.17860000E-04  1.19740000E-06  5.95160000E-04
2002-01-02T22:42:54.983 -1.02590000E-04  2.99590000E-04  5.75120000E-04
2002-01-02T22:42:55.983 -1.40450000E-04  3.02250000E-05  4.26110000E-04
2002-01-02T22:42:56.983 -2.38020000E-05 -3.42570000E-04  5.60050000E-04
2002-01-02T22:42:57.983 -2.65930000E-04  1.02440000E-04  1.04140000E-04
2002-01-02T22:42:58.983 -3.98070000E-05 -1.25850000E-04  6.08950000E-04
2002-01-02T22:42:59.983  1.76220000E-04  1.34820000E-04  3.51730000E-04
2002-01-02T22:43:00.983 -5.44130000E-04 -2.04220000E-04  3.54150000E-04
2002-01-02T22:43:01.983 -4.99520000E-05  3.91670000E-04  7.80640000E-04
2002-01-02T22:43:02.983 -3.64420000E-04 -5.94290000E-05  3.13040000E-04
2002-01-02T22:43:03.983  3.08370000E-05  2.73540000E-04  5.56920000E-04
2002-01-02T22:43:04.983 -4.01640000E-04 -3.35530000E-04  6.12690000E-04
2002-01-02T22:43:05.983  1.91370000E-04  1.94540000E-04  4.18770000E-04
2002-01-02T22:43:06.983 -1.79930000E-04 -4.14850000E-04  4.17140000E-04
2002-01-02T22:43:07.983  2.10020000E-04 -1.04170000E-04  1.65330000E-04
2002-01-02T22:43:08.983 -7.15880000E-05  2.89780000E-04  7.23700000E-04
2002-01-02T22:43:09.983 -5.44810000E-04 -1.15200000E-04  6.48400000E-04
2002-01-02T22:43:10.983 -1.35530000E-04  3.27220000E-04  2.38300000E-04
2002-01-02T22:43:11.983 -2.05460000E-04 -1.76920000E-04  3.02920000E-04
2002-01-02T22:43:12.983 -3.96910000E-05  1.80280000E-04  6.39520000E-04
2002-01-02T22:43:13.983 -2.54580000E-04 -4.89130000E-04  3.92440000E-04
2002-01-02T22:43:14.983  3.68720000E-04  8.86220000E-05  3.07530000E-04
2002-01-02T22:43:15.983 -3.55880000E-04 -2.77620000E-04  7.80610000E-04
2002-01-02T22:43:16.983  6.83900000E-05  2.67040000E-04  6.14480000E-04
2002-01-02T22:43:17.983 -7.58740000E-04 -1.94500000E-04  6.65170000E-04
2002-01-02T22:43:18.983  2.04570000E-04  3.53980000E-04  2.18440000E-04
2002-01-02T22:43:19.983 -3.58310000E-04 -3.39150000E-04  5.18990000E-04
2002-01-02T22:43:20.983  8.36340000E-05  3.62400000E-05  6.76030000E-04
2002-01-02T22:43:21.983  1.49600000E-04 -2.06340000E-04  2.95580000E-04
2002-01-02T22:43:22.983 -1.04070000E-04 -2.29650000E-04  5.27110000E-04
2002-01-02T22:43:23.983  1.94550000E-04  2.08870000E-04  3.43440000E-04
2002-01-02T22:43:24.983 -5.72410000E-04 -1.26050000E-05  4.60230000E-04
2002-01-02T22:43:25.983  2.51710000E-05  1.89270000E-04  4.27100000E-04
2002-01-02T22:43:26.983 -4.20110000E-04 -3.84580000E-04  6.71800000E-04
2002-01-02T22:43:27.983  1.67000000E-05  1.89070000E-04  3.36780000E-04
2002-01-02T22:43:28.983 -2.71550000E-06 -5.60150000E-04  5.65090000E-04
2002-01-02T22:43:29.983  2.58300000E-04  1.49840000E-04  1.76880000E-04
2002-01-02T22:43:30.983 -4.63340000E-04 -3.02380000E-04  4.93750000E-04
2002-01-02T22:43:31.983  8.84480000E-06  2.78200000E-04  5.27530000E-04
2002-01-02T22:43:32.983 -4.26060000E-04 -1.74160000E-04  2.41240000E-04
2002-01-02T22:43:33.983  2.33990000E-04  9.00430000E-05  5.25300000E-04
2002-01-02T22:43:34.983 -1.69760000E-04 -5.31560000E-04  4.91830000E-04
2002-01-02T22:43:35.983  8.86170000E-05 -1.75720000E-04  3.73670000E-04
2002-01-02T22:43:36.983 -3.05540000E-04 -1.55910000E-04  1.23930000E-04
2002-01-02T22:43:37.983 -1.36190000E-04  1.39390000E-04  8.10690000E-04
2002-01-02T22:43:38.983 -3.43580000E-04  9.13990000E-05  6.63000000E-04
2002-01-02T22:43:39.983 -7.88780000E-05 -2.02120000E-04  5.15050000E-04
2002-01-02T22:43:40.983  1.92590000E-04 -2.14870000E-04  5.97210000E-04
2002-01-02T22:43:41.983 -3.00440000E-04 -1.95970000E-04  1.86680000E-04
2002-01-02T22:43:42.983  1.78680000E-04 -7.31810000E-05  6.58690000E-04
2002-01-02T22:43:43.983 -5.28720000E-04 -3.52570000E-04  4.53930000E-04
2002-01-02T22:43:44.983 -2.34130000E-04  9.09630000E-05  4.51000000E-04
2002-01-02T22:43:45.983 -3.58430000E-04  7.02430000E-06  4.79260000E-04
2002-01-02T22:43:46.983  5.95870000E-05 -2.21160000E-04  3.91400000E-04
2002-01-02T22:43:47.983 -1.85730000E-04 -2.21030000E-04  3.36110000E-04
2002-01-02T22:43:48.983  1.57510000E-04 -2.45030000E-04  6.40060000E-04
2002-01-02T22:43:49.983 -1.91820000E-04 -4.12790000E-04  4.98770000E-04
2002-01-02T22:43:50.983 -7.67210000E-05  3.14600000E-04  5.72480000E-04
2002-01-02T22:43:51.983 -6.01740000E-04 -1.62030000E-04  7.29650000E-04
2002-01-02T22:43:52.983  2.53680000E-05 -7.81400000E-05  3.72660000E-04
2002-01-02T22:43:53.983 -1.46670000E-04 -4.43690000E-04  4.69080000E-04
2002-01-02T22:43:54.983  1.46140000E-04 -2.76540000E-04  1.72010000E-04
2002-01-02T22:43:55.983 -3.46900000E-04 -1.95290000E-04  6.14860000E-04
2002-01-02T22:43:56.983  1.63650000E-04  2.10490000E-04  4.67210000E-04
2002-01-02T22:43:57.983 -6.63890000E-04 -1.19820000E-04  7.13610000E-04
2002-01-02T22:43:58.983  1.71470000E-04  2.50920000E-05  2.49530000E-04
2002-01-02T22:43:59.983 -2.60990000E-04 -5.40040000E-04  5.85780000E-04
2002-01-02T22:44:00.983  3.92820000E-04  6.16170000E-05  4.59910000E-04
2002-01-02T22:44:01.983 -2.10800000E-04 -5.06000000E-04  4.58130000E-04
2002-01-02T22:44:02.983  1.87290000E-05  3.55210000E-04  4.67200000E-04
2002-01-02T22:44:03.983 -5.06760000E-04 -2.37340000E-04  5.10240000E-04
2002-01-02T22:44:04.983  8.96770000E-05  2.70750000E-05  5.31050000E-04
2002-01-02T22:44:05.983 -4.10630000E-04 -6.60460000E-04  5.77780000E-04
2002-01-02T22:44:06.983  4.39250000E-04 -1.20890000E-04  4.34690000E-04
2002-01-02T22:44:07.983 -2.56800000E-04 -3.61960000E-04  3.80460000E-04
2002-01-02T22:44:08.983 -9.68940000E-05  3.56370000E-04  3.98730000E-04
2002-01-02T22:44:09.983 -9.17770000E-04 -4.10430000E-04  5.23610000E-04
2002-01-02T22:44:10.983  3.49530000E-04  2.13130000E-04  5.25300000E-04
2002-01-02T22:44:11.983 -3.97810000E-04 -4.79710000E-04  2.61980000E-04
2002-01-02T22:44:12.983  5.45570000E-04 -9.17110000E-05  5.84760000E-04
2002-01-02T22:44:13.983 -3.25610000E-04 -5.02990000E-04  5.26450000E-04
2002-01-02T22:44:14.983 -8.12580000E-05  2.74010000E-04  1.21350000E-04
2002-01-02T22:44:15.983 -5.82660000E-04 -2.00780000E-04  7.08870000E-04
2002-01-02T22:44:16.983  3.41340000E-05  1.82170000E-04  3.87530000E-04
2002-01-02T22:44:17.983 -2.51490000E-04 -5.33960000E-04  4.05630000E-04
2002-01-02T22:44:18.983  2.74560000E-04 -1.56970000E-04  5.10180000E-04
2002-01-02T22:44:19.983 -3.02810000E-04 -4.26710000E-04  4.76730000E-04
2002-01-02T22:44:20.983 -8.30070000E-06  3.23920000E-05  4.39280000E-04
2002-01-02T22:44:21.983 -7.04720000E-04 -3.08480000E-04  3.54980000E-04
2002-01-02T22:44:22.983  1.35230000E-04  2.30050000E-04  4.86160000E-04
2002-01-02T22:44:23.983 -3.95530000E-04 -5.22700000E-04  2.56970000E-04
2002-01-02T22:44:24.983  3.46150000E-04 -2.17410000E-04  9.85520000E-04
2002-01-02T22:44:25.983 -4.79830000E-04 -4.51000000E-04  7.72460000E-05
2002-01-02T22:44:26.983  8.58400000E-05  1.40420000E-04  3.52790000E-04
2002-01-02T22:44:27.983 -6.36040000E-04 -2.25180000E-04  8.23350000E-04
2002-01-02T22:44:28.983  2.10560000E-04  8.75630000E-05  7.99010000E-04
2002-01-02T22:44:29.983 -3.45570000E-04 -7.22850000E-04  2.83830000E-04
2002-01-02T22:44:30.983  4.69310000E-04  1.68880000E-05  1.67780000E-04
2002-01-02T22:44:31.983 -4.04510000E-04 -5.43420000E-04  5.47560000E-04
2002-01-02T22:44:32.983  2.46190000E-05  2.72860000E-04  2.01160000E-04
2002-01-02T22:44:33.983 -6.59600000E-04 -3.43220000E-04  4.85930000E-04
2002-01-02T22:44:34.983  2.69610000E-04  5.60300000E-05  5.19500000E-04
2002-01-02T22:44:35.983 -3.06640000E-04 -4.54790000E-04  1.20960000E-04
2002-01-02T22:44:36.983  4.14790000E-04 -7.92020000E-07  6.59390000E-04
2002-01-02T22:44:37.983 -7.92300000E-04 -7.04070000E-04  4.25910000E-04
2002-01-02T22:44:38.983  2.26480000E-04  3.93250000E-04  5.07590000E-04
2002-01-02T22:44:39.983 -5.51070000E-04 -3.58100000E-04  4.51530000E-04
2002-01-02T22:44:40.983  1.97230000E-04  6.47710000E-05  4.03130000E-04
2002-01-02T22:44:41.983 -2.88160000E-04 -6.63540000E-04  2.50260000E-04
2002-01-02T22:44:42.983  3.35500000E-04 -5.01900000E-05  5.86380000E-04
2002-01-02T22:44:43.983 -1.52760000E-04 -3.53150000E-04  4.44590000E-04
2002-01-02T22:44:44.983 -2.51050000E-04  2.45460000E-04  5.68970000E-04
2002-01-02T22:44:45.983 -7.93100000E-04 -2.75350000E-04  4.32570000E-04
2002-01-02T22:44:46.983  4.51580000E-04 -1.62630000E-04  3.65630000E-04
2002-01-02T22:44:47.983 -5.22200000E-04 -3.74450000E-04  5.59960000E-04
2002-01-02T22:44:48.983  5.14720000E-04 -2.79830000E-04  3.45940000E-04
2002-01-02T22:44:49.983 -6.25450000E-04 -4.56850000E-04  4.85830000E-04
2002-01-02T22:44:50.983  7.64890000E-05  2.85750000E-04  4.58800000E-04
2002-01-02T22:44:51.983 -6.22590000E-04 -3.24940000E-04  3.28240000E-04
2002-01-02T22:44:52.983  4.16280000E-04  4.60870000E-05  4.46000000E-04
2002-01-02T22:44:53.983 -4.40810000E-04 -6.88870000E-04  5.87360000E-04
2002-01-02T22:44:54.983  4.25750000E-04 -7.59430000E-05  4.78660000E-04
2002-01-02T22:44:55.983 -5.84750000E-04 -3.81630000E-04  5.67800000E-04
2002-01-02T22:44:56.983  1.86850000E-05  3.03390000E-04  3.32320000E-04
2002-01-02T22:44:57.983 -6.45270000E-04 -5.12520000E-04  4.82820000E-04
2002-01-02T22:44:58.983  5.00010000E-04 -2.71930000E-04  6.59130000E-04
2002-01-02T22:44:59.983 -2.26660000E-04 -6.62940000E-04  2.42430000E-04
2002-01-02T22:45:00.983  1.07170000E-04  2.68020000E-04  6.92730000E-04
2002-01-02T22:45:01.983 -6.01440000E-04 -2.18020000E-04  4.66760000E-04
2002-01-02T22:45:02.983 -2.00210000E-04  1.11370000E-04  3.52310000E-04
2002-01-02T22:45:03.983 -2.80120000E-04 -3.81240000E-04  3.45440000E-04
2002-01-02T22:45:04.983  3.74580000E-04 -2.74970000E-04  3.92420000E-04
2002-01-02T22:45:05.983 -3.94760000E-04 -6.76800000E-04  3.90090000E-04
2002-01-02T22:45:06.983  1.89950000E-05  1.02340000E-04  7.07680000E-04
2002-01-02T22:45:07.983 -5.17710000E-04 -1.40330000E-04  2.74920000E-04
2002-01-02T22:45:08.983 -1.67250000E-04  1.30660000E-04  8.19630000E-04
2002-01-02T22:45:09.983 -1.30830000E-04 -5.56460000E-04  5.37470000E-04
2002-01-02T22:45:10.983  1.91590000E-04 -4.83110000E-04  4.95080000E-04
2002-01-02T22:45:11.983 -1.98550000E-04 -2.70170000E-04  3.66320000E-04
2002-01-02T22:45:12.983 -1.83590000E-04 -7.37850000E-05  2.93350000E-04
2002-01-02T22:45:13.983 -2.44580000E-04 -7.60700000E-05  4.40480000E-04
2002-01-02T22:45:14.983 -1.50960000E-04  1.35180000E-04  5.96780000E-04
2002-01-02T22:45:15.983 -1.70540000E-04 -4.42380000E-04  4.85510000E-04
2002-01-02T22:45:16.983  1.12740000E-04 -4.89230000E-04  5.21190000E-04
2002-01-02T22:45:17.983 -1.68050000E-05 -1.01540000E-04  2.94440000E-04
2002-01-02T22:45:18.983 -4.63810000E-04 -2.06860000E-04  6.14180000E-04
2002-01-02T22:45:19.983 -2.07300000E-04  9.90620000E-05  3.15330000E-04
2002-01-02T22:45:20.983 -1.85440000E-05 -2.17420000E-04  1.00610000E-04
2002-01-02T22:45:21.983 -5.83470000E-05 -3.12990000E-04  6.89460000E-04
2002-01-02T22:45:22.983 -5.47340000E-05 -7.54720000E-04  4.02300000E-04
2002-01-02T22:45:23.983 -1.92090000E-04  1.27820000E-04  6.15810000E-04
2002-01-02T22:45:24.983 -3.33100000E-04 -1.73870000E-04  5.75250000E-04
2002-01-02T22:45:25.983 -3.96210000E-05 -5.72170000E-05  6.37770000E-04
2002-01-02T22:45:26.983 -3.25750000E-04 -3.89260000E-04  1.80010000E-04
2002-01-02T22:45:27.983  2.63150000E-04 -2.64590000E-04  5.57360000E-04
2002-01-02T22:45:28.983 -2.14050000E-04 -6.16100000E-04  1.17470000E-04
2002-01-02T22:45:29.983 -1.00330000E-05  3.06640000E-04  5.07530000E-04
2002-01-02T22:45:30.983 -5.40170000E-04 -2.31090000E-04  5.77540000E-04
2002-01-02T22:45:31.983  1.91050000E-04 -4.47280000E-05  8.36200000E-04
2002-01-02T22:45:32.983 -2.83080000E-04 -6.39020000E-04  2.83480000E-04
2002-01-02T22:45:33.983  3.28880000E-04 -7.75140000E-05  2.83970000E-04
2002-01-02T22:45:34.983 -5.62900000E-04 -5.05150000E-04  3.02330000E-04
2002-01-02T22:45:35.983  2.15050000E-05  2.55410000E-04  6.35240000E-04
2002-01-02T22:45:36.983 -5.74560000E-04 -4.80140000E-04  8.19860000E-04
2002-01-02T22:45:37.983  2.88090000E-04  1.80150000E-04  2.94510000E-04
2002-01-02T22:45:38.983 -4.46910000E-04 -9.63010000E-04  5.35870000E-04
2002-01-02T22:45:39.983  2.90290000E-04  9.85500000E-05  4.21700000E-04
2002-01-02T22:45:40.983 -5.19400000E-04 -4.62110000E-04  6.43250000E-04
2002-01-02T22:45:41.983 -1.31980000E-05  2.86740000E-04  3.56810000E-04
2002-01-02T22:45:42.983 -5.71520000E-04 -3.91910000E-04  3.69440000E-04
2002-01-02T22:45:43.983  3.27780000E-04 -5.12570000E-05  4.99580000E-04
2002-01-02T22:45:44.983 -2.66450000E-04 -8.45560000E-04  5.02290000E-04
2002-01-02T22:45:45.983  2.32010000E-04  9.64220000E-06  2.98570000E-04
2002-01-02T22:45:46.983 -5.50200000E-04 -2.25010000E-04  2.30690000E-04
2002-01-02T22:45:47.983  7.73480000E-05  5.01950000E-04  4.15590000E-04
2002-01-02T22:45:48.983 -6.76390000E-04 -6.27160000E-04  5.56000000E-04
2002-01-02T22:45:49.983  4.63040000E-04 -9.30940000E-05  3.19960000E-04
2002-01-02T22:45:50.983 -2.72100000E-04 -8.74630000E-04  5.64080000E-04
2002-01-02T22:45:51.983  1.59380000E-04  1.25610000E-04  3.68210000E-04
2002-01-02T22:45:52.983 -5.55590000E-04 -1.23050000E-04  6.02940000E-04
2002-01-02T22:45:53.983 -1.52750000E-05  2.66340000E-04  4.66390000E-04
2002-01-02T22:45:54.983 -4.87480000E-04 -3.93610000E-04  3.03440000E-04
2002-01-02T22:45:55.983  3.54510000E-04 -1.74300000E-04  4.03180000E-04
2002-01-02T22:45:56.983 -1.71490000E-04 -7.88950000E-04  5.71070000E-04
2002-01-02T22:45:57.983  1.30530000E-04  9.02160000E-05  2.56210000E-04
2002-01-02T22:45:58.983 -6.62270000E-04 -1.97590000E-04  4.49350000E-04
2002-01-02T22:45:59.983 -4.11230000E-05  3.67950000E-04  4.27790000E-04
2002-01-02T22:46:00.983 -4.93890000E-04 -5.06560000E-04  6.71240000E-04
2002-01-02T22:46:01.983  3.36500000E-04 -1.30520000E-04  5.51320000E-04
2002-01-02T22:46:02.983 -2.23300000E-04 -6.60830000E-04  9.65470000E-05
2002-01-02T22:46:03.983 -3.73970000E-05  3.09250000E-05  5.74610000E-04
2002-01-02T22:46:04.983 -4.32940000E-04 -1.76680000E-04  4.44790000E-04
2002-01-02T22:46:05.983 -1.77570000E-04  9.73670000E-05  6.85980000E-04
2002-01-02T22:46:06.983 -3.64010000E-04 -3.60100000E-04  1.49160000E-04
2002-01-02T22:46:07.983  3.52250000E-04 -4.23620000E-04  5.43470000E-04
2002-01-02T22:46:08.983 -2.50750000E-04 -5.19740000E-04  7.81100000E-04
2002-01-02T22:46:09.983 -3.03290000E-04 -1.49760000E-04  7.82470000E-04
2002-01-02T22:46:10.983 -2.22780000E-04 -3.47090000E-05  2.96620000E-04
2002-01-02T22:46:11.983 -3.40780000E-04 -3.73250000E-04  2.55610000E-04
2002-01-02T22:46:12.983  3.40310000E-04 -1.88370000E-04  5.23690000E-04
2002-01-02T22:46:13.983 -4.73590000E-05 -5.87560000E-04  3.85230000E-04
2002-01-02T22:46:14.983 -5.76810000E-05  1.38890000E-04  5.34470000E-04
2002-01-02T22:46:15.983 -3.41300000E-04 -9.09620000E-05  1.63830000E-04
2002-01-02T22:46:16.983 -2.95720000E-04 -1.07230000E-05  4.96800000E-04
2002-01-02T22:46:17.983 -1.80730000E-04 -2.99000000E-04  4.94850000E-04
2002-01-02T22:46:18.983  3.26670000E-04 -6.23610000E-04  5.97950000E-04
2002-01-02T22:46:19.983 -3.20510000E-04 -4.36600000E-04  4.16690000E-04
2002-01-02T22:46:20.983 -2.28760000E-05  1.36920000E-04  4.60270000E-04
2002-01-02T22:46:21.983 -6.77170000E-04 -3.79450000E-04  3.74870000E-04
2002-01-02T22:46:22.983  1.22730000E-04  1.88480000E-04  6.15700000E-04
2002-01-02T22:46:23.983 -1.18770000E-04 -6.60580000E-04  5.62980000E-04
2002-01-02T22:46:24.983  3.82120000E-04 -3.34190000E-04  6.28630000E-04
2002-01-02T22:46:25.983 -5.54920000E-04 -3.67360000E-04  4.47910000E-04
2002-01-02T22:46:26.983  3.20170000E-05  1.99550000E-04  4.78090000E-05
2002-01-02T22:46:27.983 -5.77620000E-04 -3.12420000E-04  3.88480000E-04
2002-01-02T22:46:28.983  1.91010000E-04  2.41650000E-05  6.53090000E-04
2002-01-02T22:46:29.983 -2.04860000E-04 -8.30720000E-04  1.44360000E-04
2002-01-02T22:46:30.983  2.47950000E-04  1.93970000E-06  6.12660000E-04
2002-01-02T22:46:31.983 -5.61600000E-04 -4.33580000E-04  3.20310000E-04
2002-01-02T22:46:32.983 -6.04260000E-05  3.55170000E-04  5.50450000E-04
2002-01-02T22:46:33.983 -6.01540000E-04 -3.63580000E-04  4.78110000E-04
2002-01-02T22:46:34.983  4.04240000E-04 -2.02050000E-04  5.23260000E-04
2002-01-02T22:46:35.983 -1.05410000E-04 -6.30150000E-04  4.81950000E-05
2002-01-02T22:46:36.983  1.75810000E-04 -7.52840000E-05  5.17240000E-04
2002-01-02T22:46:37.983 -6.74000000E-04 -1.94730000E-04  7.39980000E-04
2002-01-02T22:46:38.983  8.10220000E-05  3.16720000E-04  5.67570000E-04
2002-01-02T22:46:39.983 -5.55220000E-04 -5.22220000E-04  4.16730000E-04
2002-01-02T22:46:40.983  2.07110000E-04 -1.45620000E-04  9.65150000E-04
2002-01-02T22:46:41.983 -1.86150000E-04 -4.29030000E-04  1.38540000E-04
2002-01-02T22:46:42.983  3.51940000E-04 -8.64400000E-06  6.47590000E-04
2002-01-02T22:46:43.983 -7.84940000E-04 -3.92850000E-04  6.32540000E-04
2002-01-02T22:46:44.983  1.17840000E-04  3.17540000E-04  3.15550000E-04
2002-01-02T22:46:45.983 -5.41330000E-04 -4.16910000E-04  3.21380000E-04
2002-01-02T22:46:46.983  4.96190000E-04 -2.02270000E-04  3.30130000E-04
2002-01-02T22:46:47.983 -3.23910000E-04 -5.78320000E-04  4.03110000E-04
2002-01-02T22:47:54.978 -1.54540000E-05  1.73400000E-04  4.35470000E-04
2002-01-02T22:47:55.978  3.82280000E-05 -4.57270000E-04  2.61120000E-04
2002-01-02T22:47:56.978  1.65680000E-04 -2.45730000E-04  6.85830000E-04
2002-01-02T22:47:57.978 -3.98470000E-04 -4.38470000E-04  4.51470000E-04
2002-01-02T22:47:58.978 -1.42220000E-05  1.64780000E-04  3.92170000E-04
2002-01-02T22:47:59.978 -7.13440000E-04 -3.02410000E-04  2.79090000E-04
2002-01-02T22:48:00.978  1.13830000E-04  2.23910000E-04  4.13480000E-04
2002-01-02T22:48:01.978 -4.75680000E-04 -5.77420000E-04  5.71150000E-04
2002-01-02T22:48:02.978  4.48190000E-04 -1.65260000E-04  5.46370000E-04
2002-01-02T22:48:03.978 -5.90900000E-04 -5.40500000E-04  6.49490000E-04
2002-01-02T22:48:04.978  1.77740000E-04  1.86090000E-04  5.26140000E-04
2002-01-02T22:48:05.978 -8.05330000E-04 -3.80610000E-04  5.45020000E-04
2002-01-02T22:48:06.978  7.66990000E-05  1.91790000E-04  5.32270000E-04
2002-01-02T22:48:07.978 -4.63220000E-04 -2.68590000E-04  4.29720000E-04
2002-01-02T22:48:08.978  2.39700000E-04 -1.71530000E-04  5.80010000E-04
2002-01-02T22:48:09.978 -1.87290000E-04 -7.18580000E-04  7.81930000E-04
2002-01-02T22:48:10.978  1.49820000E-04  1.57200000E-04  2.73410000E-04
2002-01-02T22:48:11.978 -7.19410000E-04 -1.99600000E-04  5.08730000E-04
2002-01-02T22:48:12.978 -9.27120000E-05  3.59280000E-04  5.65630000E-04
2002-01-02T22:48:13.978 -5.04900000E-04 -5.26790000E-04  8.51750000E-04
2002-01-02T22:48:14.978  2.04200000E-04 -1.39520000E-05  2.93320000E-04
2002-01-02T22:48:15.978 -1.62460000E-04 -8.37780000E-04  1.51230000E-04
2002-01-02T22:48:16.978  1.53620000E-04 -2.58920000E-04  6.52640000E-04
2002-01-02T22:48:17.978 -4.59900000E-04 -3.72100000E-05  4.18280000E-04
2002-01-02T22:48:18.978 -1.72560000E-04 -1.22200000E-05  4.87160000E-04
2002-01-02T22:48:19.978 -1.40260000E-04 -2.97560000E-04  5.95100000E-04
2002-01-02T22:48:20.978 -1.48040000E-04 -6.63320000E-04  3.84500000E-04
2002-01-02T22:48:21.978  1.90890000E-04 -1.84420000E-04  5.89670000E-04
2002-01-02T22:48:22.978 -5.85840000E-04 -3.63380000E-04  4.56720000E-04
2002-01-02T22:48:23.978 -7.90770000E-06  2.61710000E-04  3.21800000E-04
