2001-11-22T05:21:04.132 -1.15950000E-04 -2.64130000E-04  6.03870000E-04
2001-11-22T05:21:05.132 -4.45100000E-05 -2.51710000E-04  3.21890000E-04
2001-11-22T05:21:06.132 -1.63090000E-04 -2.85760000E-04  3.27760000E-04
2001-11-22T05:21:07.132 -5.93340000E-05 -7.58060000E-05  5.61320000E-04
2001-11-22T05:21:08.132 -1.56900000E-04 -3.24570000E-04  5.77750000E-04
2001-11-22T05:21:09.132 -1.90360000E-04 -4.53730000E-04  4.16080000E-04
2001-11-22T05:21:10.132 -2.75620000E-05 -1.63370000E-04  3.85010000E-04
2001-11-22T05:21:11.132 -2.08710000E-04 -2.53860000E-04  2.40610000E-04
2001-11-22T05:21:12.132 -6.84570000E-05 -3.41420000E-04  3.86820000E-04
2001-11-22T05:21:13.132 -1.32980000E-04 -2.54190000E-04  4.29250000E-04
2001-11-22T05:21:14.132 -4.73910000E-05 -1.01190000E-04  8.61730000E-04
2001-11-22T05:21:15.132 -1.89100000E-04 -3.46910000E-04  4.21290000E-04
2001-11-22T05:21:16.132 -1.56360000E-05 -2.78240000E-04  4.94960000E-04
2001-11-22T05:21:17.132 -6.26870000E-05 -3.64540000E-04  2.47500000E-04
2001-11-22T05:21:18.132 -2.00840000E-04 -1.79090000E-04  3.42940000E-04
2001-11-22T05:21:19.132 -4.68240000E-05 -4.53990000E-04  4.70360000E-04
2001-11-22T05:21:20.132 -9.97260000E-05 -2.08430000E-04  5.81170000E-04
2001-11-22T05:21:21.132 -1.99490000E-04 -2.94450000E-04  5.99020000E-04
2001-11-22T05:21:22.132  4.92180000E-06 -1.74000000E-04  2.25220000E-04
2001-11-22T05:21:23.132 -2.00770000E-04 -3.24190000E-04  6.77350000E-04
2001-11-22T05:21:24.132  4.61170000E-05 -1.43350000E-04  4.26060000E-04
2001-11-22T05:21:25.132 -2.64370000E-04 -3.37910000E-04  3.86260000E-04
2001-11-22T05:21:26.132  3.80430000E-05 -1.98820000E-04  3.59110000E-04
2001-11-22T05:21:27.132 -1.51540000E-04 -4.76700000E-04  2.51000000E-04
2001-11-22T05:21:28.132  2.35570000E-05 -4.24190000E-05  3.71900000E-04
2001-11-22T05:21:29.132 -1.95090000E-04 -3.15190000E-04  5.74160000E-04
2001-11-22T05:21:30.132 -1.11040000E-04 -3.20740000E-04  5.90320000E-04
2001-11-22T05:21:31.132 -1.84300000E-04 -1.79420000E-04  4.53550000E-04
2001-11-22T05:21:32.132 -5.98850000E-05 -3.23710000E-04  1.63120000E-04
2001-11-22T05:21:33.132 -5.59850000E-05 -2.57960000E-04  5.01920000E-04
2001-11-22T05:21:34.132 -6.38640000E-05 -1.74790000E-04  6.15620000E-04
2001-11-22T05:21:35.132 -7.39780000E-05 -1.83640000E-04  4.59040000E-04
2001-11-22T05:21:36.132 -1.70880000E-04 -2.65570000E-04  5.49170000E-04
2001-11-22T05:21:37.132 -6.53000000E-05 -2.37960000E-04  4.07070000E-04
2001-11-22T05:21:38.132 -5.61660000E-05 -3.83580000E-04  5.22320000E-04
2001-11-22T05:21:39.132 -1.49850000E-04 -2.55360000E-04  3.89420000E-04
2001-11-22T05:21:40.132 -1.06900000E-04 -2.93640000E-04  2.65740000E-04
2001-11-22T05:21:41.132  6.21350000E-05 -5.93140000E-05  3.76990000E-04
2001-11-22T05:21:42.132 -4.99530000E-05 -3.27050000E-04  4.03290000E-04
2001-11-22T05:21:43.132 -8.67380000E-05 -2.57020000E-04  7.61860000E-04
2001-11-22T05:21:44.132 -1.53070000E-04 -2.48140000E-04  3.61570000E-04
2001-11-22T05:21:45.132 -7.33230000E-05 -1.06070000E-04  5.63660000E-04
2001-11-22T05:21:46.132 -1.78130000E-04 -3.98660000E-04  4.64190000E-04
2001-11-22T05:21:47.132  3.77790000E-05 -2.61020000E-04  1.53580000E-04
2001-11-22T05:21:48.132 -3.37120000E-05 -3.37090000E-04  4.13760000E-04
2001-11-22T05:21:49.132 -4.11610000E-05 -1.82240000E-04  5.86140000E-04
2001-11-22T05:21:50.132 -1.64630000E-04 -2.61340000E-04  5.45370000E-04
2001-11-22T05:21:51.132 -2.27990000E-05 -2.26290000E-04  4.61830000E-04
2001-11-22T05:21:52.132 -1.17450000E-04 -1.60330000E-04  5.38310000E-04
2001-11-22T05:21:53.132 -7.08340000E-05 -2.04310000E-04  3.94280000E-04
2001-11-22T05:21:54.132 -2.34900000E-04 -2.49710000E-04  3.86820000E-04
2001-11-22T05:21:55.132 -8.37210000E-05 -2.34890000E-04  1.85780000E-04
2001-11-22T05:21:56.132 -2.18160000E-05 -1.56020000E-04  7.75040000E-04
2001-11-22T05:21:57.132 -1.41450000E-04 -3.26710000E-04  3.83400000E-04
2001-11-22T05:21:58.132 -3.93250000E-05 -2.85400000E-04  2.62400000E-04
2001-11-22T05:21:59.132 -2.08850000E-04 -3.52990000E-04  5.44880000E-04
2001-11-22T05:22:00.132 -8.97560000E-05 -2.22060000E-04  6.91070000E-04
2001-11-22T05:22:01.132 -1.42990000E-04 -3.14910000E-04  2.82490000E-04
2001-11-22T05:22:02.132  9.14300000E-05 -2.37450000E-04  2.99390000E-04
2001-11-22T05:22:03.132 -2.16600000E-04 -4.08010000E-04  4.25220000E-04
2001-11-22T05:22:04.132 -1.66530000E-05 -1.96450000E-04  3.92510000E-04
2001-11-22T05:22:05.132 -1.42140000E-04 -3.55760000E-04  6.83870000E-04
2001-11-22T05:22:06.132  2.59750000E-05 -9.44550000E-05  4.20860000E-04
2001-11-22T05:22:07.132 -7.16030000E-05 -2.81270000E-04  3.65710000E-04
2001-11-22T05:22:08.132 -1.55370000E-04 -1.77400000E-04  3.14860000E-04
2001-11-22T05:22:09.132 -3.19640000E-05 -3.76810000E-04  4.22050000E-04
2001-11-22T05:22:10.132 -4.51480000E-05 -1.60400000E-04  6.75760000E-04
2001-11-22T05:22:11.132 -3.46780000E-05 -2.59480000E-04  4.02420000E-04
2001-11-22T05:22:12.132 -1.09800000E-04 -2.47320000E-04  3.37270000E-04
2001-11-22T05:22:13.132 -1.20810000E-04 -2.12990000E-04  5.08980000E-04
2001-11-22T05:22:14.132 -1.49470000E-04 -3.05730000E-04  3.16410000E-04
2001-11-22T05:22:15.132 -7.53970000E-05 -4.51850000E-05  3.05360000E-04
2001-11-22T05:22:16.132 -1.47990000E-04 -3.65000000E-04  5.31790000E-04
2001-11-22T05:22:17.132 -2.17620000E-05 -1.38590000E-04  5.64190000E-04
2001-11-22T05:22:18.132 -1.97280000E-04 -4.13520000E-04  4.33410000E-04
2001-11-22T05:22:19.132 -9.55430000E-06 -1.57460000E-04  4.59470000E-04
2001-11-22T05:22:20.132 -2.08640000E-04 -3.37650000E-04  4.07070000E-04
2001-11-22T05:22:21.132  7.65970000E-05 -2.66540000E-04  3.26590000E-04
2001-11-22T05:22:22.132 -2.46090000E-04 -2.63500000E-04  5.47270000E-04
2001-11-22T05:22:23.132 -4.22990000E-05 -3.14260000E-04  5.28990000E-04
2001-11-22T05:22:24.132 -7.48050000E-05 -1.98650000E-04  3.49870000E-04
2001-11-22T05:22:25.132 -1.09540000E-04 -3.19540000E-04  3.20740000E-04
2001-11-22T05:22:26.132 -2.78890000E-04 -1.70580000E-04  6.29450000E-04
2001-11-22T05:22:27.132  6.18670000E-05 -2.89740000E-04  3.74110000E-04
2001-11-22T05:22:28.132 -1.62980000E-04 -3.13880000E-04  5.55180000E-04
2001-11-22T05:22:29.132 -1.96810000E-04 -1.18790000E-04  5.88360000E-04
2001-11-22T05:22:30.132 -8.62470000E-05 -2.90180000E-04  2.69400000E-04
2001-11-22T05:22:31.132 -6.81450000E-05 -1.65380000E-04  5.46350000E-04
2001-11-22T05:22:32.132 -3.02830000E-04 -3.68050000E-04  4.12060000E-04
2001-11-22T05:22:33.132 -6.64040000E-05 -3.18100000E-04  3.69470000E-04
2001-11-22T05:22:34.132 -2.31440000E-04 -3.83760000E-04  3.22870000E-04
2001-11-22T05:22:35.132  8.69710000E-05 -2.32670000E-04  3.93530000E-04
2001-11-22T05:22:36.132 -2.64110000E-04 -2.77170000E-04  7.30340000E-04
2001-11-22T05:22:37.132 -8.96640000E-05 -2.02530000E-04  4.47830000E-04
2001-11-22T05:22:38.132  2.16910000E-05 -1.85010000E-04  3.65210000E-04
2001-11-22T05:22:39.132 -2.01660000E-04 -2.32940000E-04  4.19030000E-04
2001-11-22T05:22:40.132 -1.13780000E-04 -2.72300000E-04  6.54320000E-04
2001-11-22T05:22:41.132 -6.05230000E-05 -2.96680000E-04  4.06330000E-04
2001-11-22T05:22:42.132  1.43360000E-06 -2.60680000E-04  3.73630000E-04
2001-11-22T05:22:43.132 -2.20460000E-04 -3.04460000E-04  4.29700000E-04
2001-11-22T05:22:44.132  5.00960000E-06 -2.71640000E-04  4.36870000E-04
2001-11-22T05:22:45.132 -2.39640000E-04 -2.70360000E-04  6.85800000E-04
2001-11-22T05:22:46.132 -8.94670000E-06 -1.52370000E-04  2.65190000E-04
2001-11-22T05:22:47.132 -2.12180000E-04 -2.52750000E-04  4.99660000E-04
2001-11-22T05:22:48.132 -4.22240000E-05 -2.23750000E-04  1.52440000E-04
2001-11-22T05:22:49.132 -1.04630000E-04 -3.34350000E-04  4.01290000E-04
2001-11-22T05:22:50.132 -9.75920000E-05 -1.35960000E-04  5.33680000E-04
2001-11-22T05:22:51.132 -2.34190000E-04 -2.81350000E-04  3.58220000E-04
2001-11-22T05:22:52.132  7.62500000E-05 -1.62830000E-04  2.79840000E-04
2001-11-22T05:22:53.132 -2.69260000E-04 -3.25610000E-04  4.69100000E-04
2001-11-22T05:22:54.132  1.12900000E-04 -2.16670000E-04  5.90690000E-04
2001-11-22T05:22:55.132 -3.18340000E-04 -3.51220000E-04  3.12730000E-04
2001-11-22T05:22:56.132  2.38680000E-06 -1.29730000E-04  4.12710000E-04
2001-11-22T05:22:57.132 -1.30490000E-04 -3.35210000E-04  3.78830000E-04
2001-11-22T05:22:58.132  6.27130000E-05 -1.69100000E-04  2.52800000E-04
2001-11-22T05:22:59.132 -2.25000000E-04 -3.59960000E-04  6.55650000E-04
2001-11-22T05:23:00.132 -9.54070000E-05 -2.02510000E-04  4.76480000E-04
2001-11-22T05:23:01.132 -1.40640000E-04 -4.14000000E-04  3.23950000E-04
2001-11-22T05:23:02.132  8.98690000E-06 -3.15950000E-04  3.28450000E-04
2001-11-22T05:23:03.132 -9.04980000E-05 -1.04540000E-04  5.20830000E-04
2001-11-22T05:23:04.132 -1.56740000E-04 -3.81890000E-04  4.79890000E-04
2001-11-22T05:23:05.132 -1.07340000E-04 -2.92010000E-04  2.55200000E-04
2001-11-22T05:23:06.132 -1.29030000E-04 -2.77920000E-04  5.92650000E-04
2001-11-22T05:23:07.132 -3.11310000E-05 -1.67320000E-04  3.85030000E-04
2001-11-22T05:23:08.132 -1.91070000E-04 -3.85760000E-04  4.18310000E-04
2001-11-22T05:23:09.132  4.02460000E-05 -7.21390000E-05  5.17920000E-04
2001-11-22T05:23:10.132 -1.51930000E-04 -4.21920000E-04  4.61810000E-04
2001-11-22T05:23:11.132 -1.62330000E-06 -1.20070000E-04  6.19050000E-04
2001-11-22T05:23:12.132 -1.61580000E-04 -3.71280000E-04  4.92710000E-04
2001-11-22T05:23:13.132 -4.02970000E-05 -1.05720000E-04  1.95280000E-04
2001-11-22T05:23:14.132 -2.22420000E-04 -3.81330000E-04  3.74030000E-04
2001-11-22T05:23:15.132 -2.51310000E-05 -9.84300000E-05  3.20210000E-04
2001-11-22T05:23:16.132 -1.80830000E-04 -3.81310000E-04  4.61930000E-04
2001-11-22T05:23:17.132 -2.81760000E-05 -2.66560000E-04  3.32360000E-04
2001-11-22T05:23:18.132 -1.75080000E-04 -3.71890000E-04  2.54070000E-04
2001-11-22T05:23:19.132 -4.18610000E-05 -1.22880000E-04  5.32650000E-04
2001-11-22T05:23:20.132 -1.55670000E-04 -2.78650000E-04  6.26660000E-04
2001-11-22T05:23:21.132 -1.18680000E-04 -2.43220000E-04  4.14110000E-04
2001-11-22T05:23:22.132  6.35360000E-05 -2.68980000E-04  4.37340000E-04
2001-11-22T05:23:23.132 -7.10950000E-05 -2.95700000E-04  4.13160000E-04
2001-11-22T05:23:24.132 -1.05230000E-04 -2.86320000E-04  2.51420000E-04
2001-11-22T05:23:25.132 -7.02360000E-05 -2.23570000E-04  4.40980000E-04
2001-11-22T05:23:26.132 -5.24480000E-05 -2.21250000E-04  6.50220000E-04
2001-11-22T05:23:27.132 -2.20780000E-04 -3.45250000E-04  2.49000000E-04
2001-11-22T05:23:28.132 -2.76680000E-05 -1.59600000E-04  4.02330000E-04
2001-11-22T05:23:29.132 -1.62700000E-04 -2.70990000E-04  6.86930000E-04
2001-11-22T05:23:30.132 -5.08210000E-05 -2.17940000E-04  3.67840000E-04
2001-11-22T05:23:31.132 -1.49210000E-04 -2.47530000E-04  2.61400000E-04
2001-11-22T05:23:32.132 -8.49410000E-05 -2.24930000E-04  4.10930000E-04
2001-11-22T05:23:33.132 -1.81200000E-04 -3.82180000E-04  6.25340000E-04
2001-11-22T05:23:34.132  7.82050000E-06 -4.40890000E-05  4.67610000E-04
2001-11-22T05:23:35.132 -1.94060000E-04 -2.64690000E-04  3.81360000E-04
2001-11-22T05:23:36.132 -7.61070000E-05 -2.72290000E-04  3.70250000E-04
2001-11-22T05:23:37.132 -2.07490000E-04 -2.54990000E-04  2.93310000E-04
2001-11-22T05:23:38.132  9.70500000E-05 -4.56950000E-04  5.35930000E-04
2001-11-22T05:23:39.132 -1.65120000E-04 -1.41900000E-04  1.67290000E-04
2001-11-22T05:23:40.132 -2.69960000E-05 -3.07590000E-04  5.82380000E-04
2001-11-22T05:23:41.132 -1.00970000E-04 -2.09620000E-04  3.43230000E-04
2001-11-22T05:23:42.132 -1.02520000E-05 -2.11930000E-04  4.62520000E-04
2001-11-22T05:23:43.132 -1.24560000E-04 -2.85430000E-04  4.41270000E-04
2001-11-22T05:23:44.132 -5.81440000E-05 -1.95190000E-04  5.25240000E-04
2001-11-22T05:23:45.132 -2.00220000E-04 -3.64690000E-04  3.37770000E-04
2001-11-22T05:23:46.132 -1.21020000E-04 -1.83390000E-04  6.79150000E-04
2001-11-22T05:23:47.132  2.49680000E-06 -3.52770000E-04  3.47320000E-04
2001-11-22T05:23:48.132 -2.18500000E-04 -3.36810000E-04  3.40850000E-04
2001-11-22T05:23:49.132 -5.22540000E-05 -1.63910000E-04  2.63150000E-04
2001-11-22T05:23:50.132 -1.48980000E-04 -3.59230000E-04  3.26220000E-04
2001-11-22T05:23:51.132 -1.70940000E-05 -1.70020000E-04  5.76980000E-04
2001-11-22T05:23:52.132 -2.61020000E-05 -3.88570000E-04  4.19770000E-04
2001-11-22T05:23:53.132 -8.10000000E-05 -2.23670000E-04  4.28230000E-04
2001-11-22T05:23:54.132 -1.86450000E-04 -2.37630000E-04  3.36120000E-04
2001-11-22T05:23:55.132  2.14190000E-05 -1.68230000E-04  5.45920000E-04
2001-11-22T05:23:56.132 -2.07220000E-04 -2.78670000E-04  6.92420000E-04
2001-11-22T05:23:57.132 -4.26960000E-05 -3.47490000E-04  4.11550000E-04
2001-11-22T05:23:58.132 -2.79360000E-04 -2.15170000E-04  3.79480000E-04
2001-11-22T05:23:59.132  4.16390000E-05 -1.00990000E-04  1.31630000E-04
2001-11-22T05:24:00.132 -1.86640000E-04 -3.44330000E-04  5.50040000E-04
2001-11-22T05:24:01.132  2.50800000E-05 -2.30010000E-04  5.94130000E-04
2001-11-22T05:24:02.132 -2.15700000E-04 -3.26850000E-04  4.01070000E-04
2001-11-22T05:24:03.132 -7.68230000E-05 -1.27460000E-04  2.41410000E-04
2001-11-22T05:24:04.132 -1.17100000E-04 -2.87150000E-04  4.68350000E-04
2001-11-22T05:24:05.132 -1.21530000E-04 -1.49210000E-04  5.90280000E-04
2001-11-22T05:24:06.132 -1.00860000E-04 -2.34400000E-04  1.70800000E-04
2001-11-22T05:24:07.132 -1.17070000E-04 -2.40740000E-04  3.67420000E-04
2001-11-22T05:24:08.132 -3.80380000E-06 -3.54060000E-04  6.19940000E-04
2001-11-22T05:24:09.132 -1.15800000E-04 -1.71290000E-04  4.22340000E-04
2001-11-22T05:24:10.132  4.45970000E-05 -1.71020000E-04  4.14790000E-04
2001-11-22T05:24:11.132 -2.82510000E-04 -2.87130000E-04  3.16280000E-04
2001-11-22T05:24:12.132  1.43580000E-04 -1.96610000E-04  4.72310000E-04
2001-11-22T05:24:13.132 -2.19250000E-04 -4.99020000E-04  6.07510000E-04
2001-11-22T05:24:14.132  6.79640000E-06 -1.02790000E-04  4.83460000E-04
2001-11-22T05:24:15.132 -1.18770000E-04 -3.25560000E-04  4.08140000E-04
2001-11-22T05:24:16.132 -3.16760000E-05 -1.35660000E-04  4.47520000E-04
2001-11-22T05:24:17.132 -1.90050000E-04 -3.60660000E-04  4.86060000E-04
2001-11-22T05:24:18.132  3.98730000E-05 -8.96310000E-05  1.03770000E-04
2001-11-22T05:24:19.132 -1.97710000E-04 -3.49290000E-04  4.54460000E-04
2001-11-22T05:24:20.132 -3.21370000E-05 -1.77300000E-04  4.77660000E-04
2001-11-22T05:24:21.132 -8.71210000E-05 -3.84570000E-04  4.41150000E-04
2001-11-22T05:24:22.132 -9.23730000E-05 -1.71100000E-04  6.21020000E-04
2001-11-22T05:24:23.132 -2.20620000E-04 -3.04480000E-04  3.95810000E-04
2001-11-22T05:24:24.132 -3.11040000E-05 -2.85150000E-04  1.87810000E-04
2001-11-22T05:24:25.132  7.96800000E-06 -2.46750000E-04  4.66970000E-04
2001-11-22T05:24:26.132 -6.46170000E-05 -2.57840000E-04  3.71690000E-04
2001-11-22T05:24:27.132 -1.62760000E-05 -1.49360000E-04  4.64020000E-04
2001-11-22T05:24:28.132 -1.06820000E-04 -3.75520000E-04  7.33410000E-04
2001-11-22T05:24:29.132  1.57630000E-05 -1.57710000E-04  3.91580000E-04
2001-11-22T05:24:30.132 -2.21100000E-04 -2.29770000E-04  2.06770000E-04
2001-11-22T05:24:31.132 -5.89940000E-05 -2.25100000E-04  4.73300000E-04
2001-11-22T05:24:32.132 -8.65490000E-05 -3.95630000E-04  6.61030000E-04
2001-11-22T05:24:33.132 -8.14600000E-05 -2.13010000E-04  3.51420000E-04
2001-11-22T05:24:34.132 -1.13760000E-04 -3.25860000E-04  5.67000000E-04
2001-11-22T05:24:35.132 -8.29990000E-05 -2.45520000E-04  3.16800000E-04
2001-11-22T05:24:36.132 -9.91070000E-05 -3.33340000E-04  3.07890000E-04
2001-11-22T05:24:37.132 -1.04130000E-04 -2.32630000E-04  5.71420000E-04
2001-11-22T05:24:38.132 -1.06520000E-04 -2.73000000E-04  6.20400000E-04
2001-11-22T05:24:39.132 -7.61280000E-05 -9.31440000E-05  4.00270000E-04
2001-11-22T05:24:40.132 -8.17180000E-05 -2.28580000E-04  2.60310000E-04
2001-11-22T05:24:41.132 -8.06290000E-05 -2.80970000E-04  3.73290000E-04
2001-11-22T05:24:42.132 -1.20550000E-04 -1.14860000E-04  8.07120000E-04
2001-11-22T05:24:43.132 -2.46090000E-04 -3.47100000E-04  3.59820000E-04
2001-11-22T05:24:44.132 -6.99580000E-05 -2.18290000E-04  3.98050000E-04
2001-11-22T05:24:45.132 -2.13470000E-04 -2.55000000E-04  2.73010000E-04
2001-11-22T05:24:46.132  2.41190000E-05 -2.42300000E-04  5.16580000E-04
2001-11-22T05:24:47.132 -1.79740000E-04 -3.61030000E-04  5.25170000E-04
2001-11-22T05:24:48.132 -4.41580000E-05 -1.96840000E-04  6.86320000E-04
2001-11-22T05:24:49.132 -2.28910000E-04 -1.72840000E-04  2.78310000E-04
2001-11-22T05:24:50.132 -6.69470000E-06 -9.37390000E-05  2.83970000E-04
2001-11-22T05:24:51.132 -1.44060000E-04 -3.39800000E-04  4.24080000E-04
2001-11-22T05:24:52.132 -5.03460000E-05 -2.31330000E-04  3.88170000E-04
2001-11-22T05:24:53.132 -1.34910000E-04 -1.97900000E-04  4.00610000E-04
2001-11-22T05:24:54.132  1.11510000E-06 -2.92410000E-04  6.91420000E-04
2001-11-22T05:24:55.132 -1.95810000E-04 -2.62130000E-04  6.37390000E-04
2001-11-22T05:24:56.132 -6.76190000E-05 -1.89280000E-04  2.19560000E-04
2001-11-22T05:24:57.132 -7.99180000E-05 -3.80030000E-04  2.95030000E-04
2001-11-22T05:24:58.132 -1.08550000E-05 -1.39120000E-04  5.06910000E-04
2001-11-22T05:24:59.132 -1.22330000E-04 -3.22170000E-04  2.68840000E-04
2001-11-22T05:25:00.132 -1.60650000E-04 -2.51460000E-04  6.28930000E-04
2001-11-22T05:25:01.132 -1.13100000E-04 -1.28570000E-04  6.15830000E-04
2001-11-22T05:25:02.132 -1.00050000E-04 -2.60570000E-04  2.81500000E-04
2001-11-22T05:25:03.132 -1.12830000E-05 -2.50070000E-04  1.94470000E-04
2001-11-22T05:25:04.132 -7.88880000E-05 -3.75490000E-04  6.47430000E-04
2001-11-22T05:25:05.132 -1.10780000E-04 -1.00610000E-04  4.53900000E-04
2001-11-22T05:25:06.132 -8.81220000E-05 -2.81120000E-04  5.98470000E-04
2001-11-22T05:25:07.132 -8.46940000E-05 -2.28900000E-04  2.03100000E-04
2001-11-22T05:25:08.132 -2.43660000E-04 -3.49570000E-04  2.43090000E-04
2001-11-22T05:25:09.132 -3.12440000E-05 -9.71830000E-05  4.71590000E-04
2001-11-22T05:25:10.132 -2.64360000E-04 -3.07870000E-04  4.84130000E-04
2001-11-22T05:25:11.132  5.06430000E-06 -2.39710000E-04  2.84000000E-04
2001-11-22T05:25:12.132 -1.93380000E-04 -3.30760000E-04  6.70550000E-04
2001-11-22T05:25:13.132  3.05220000E-05 -2.31110000E-04  5.23320000E-04
2001-11-22T05:25:14.132 -2.81240000E-04 -3.25220000E-04  3.04250000E-04
2001-11-22T05:25:15.132  7.87000000E-05 -1.55010000E-04  3.06930000E-04
2001-11-22T05:25:16.132 -2.59550000E-04 -3.82350000E-04  2.33400000E-04
2001-11-22T05:25:17.132  3.63060000E-05 -2.40790000E-04  4.64570000E-04
2001-11-22T05:25:18.132 -1.13030000E-04 -2.45960000E-04  8.65890000E-04
2001-11-22T05:25:19.132 -1.07750000E-04 -1.89130000E-04  4.33610000E-04
2001-11-22T05:25:20.132  3.63750000E-05 -2.43100000E-04  2.99660000E-04
2001-11-22T05:25:21.132 -1.01280000E-04 -3.13830000E-04  3.74910000E-04
2001-11-22T05:25:22.132 -8.54860000E-05 -1.23340000E-04  3.63430000E-04
2001-11-22T05:25:23.132 -7.19010000E-05 -3.14680000E-04  6.08200000E-04
2001-11-22T05:25:24.132 -3.40570000E-05 -1.42020000E-04  2.94670000E-04
2001-11-22T05:25:25.132 -2.46670000E-04 -2.60610000E-04  7.06160000E-04
2001-11-22T05:25:26.132  7.55970000E-05 -2.87230000E-04  4.01900000E-04
2001-11-22T05:25:27.132 -3.26210000E-04 -3.36510000E-04  3.97100000E-04
2001-11-22T05:25:28.132 -5.97450000E-05 -1.96200000E-04  4.33380000E-04
2001-11-22T05:25:29.132 -1.80910000E-04 -2.78420000E-04  1.50130000E-04
2001-11-22T05:25:30.132  6.29910000E-05 -2.83730000E-04  6.06030000E-04
2001-11-22T05:25:31.132 -2.89070000E-04 -2.33010000E-04  3.67490000E-04
2001-11-22T05:25:32.132  2.60110000E-05 -1.91500000E-04  1.62630000E-04
2001-11-22T05:25:33.132 -4.67070000E-05 -4.02520000E-04  6.26960000E-04
2001-11-22T05:25:34.132 -2.86400000E-05 -1.67470000E-04  4.61830000E-04
2001-11-22T05:25:35.132 -8.35100000E-05 -2.90940000E-04  2.97250000E-04
2001-11-22T05:25:36.132 -1.80670000E-04 -2.15580000E-04  4.52050000E-04
2001-11-22T05:25:37.132 -7.22150000E-05 -3.26890000E-04  6.64690000E-04
2001-11-22T05:25:38.132 -2.47880000E-05 -1.93310000E-04  6.44050000E-04
2001-11-22T05:25:39.132 -2.15880000E-04 -2.90530000E-04  3.38550000E-04
2001-11-22T05:25:40.132  1.68750000E-05 -2.35300000E-04  4.33030000E-04
2001-11-22T05:25:41.132 -1.26100000E-04 -2.85800000E-04  4.60860000E-04
2001-11-22T05:25:42.132 -1.63540000E-04 -1.96330000E-04  4.21080000E-04
2001-11-22T05:25:43.132 -4.84120000E-06 -3.01660000E-04  5.17510000E-04
2001-11-22T05:25:44.132 -9.93830000E-05 -2.60490000E-04  4.20050000E-04
2001-11-22T05:25:45.132 -2.53950000E-04 -2.71480000E-04  3.98970000E-04
2001-11-22T05:25:46.132 -7.74050000E-05 -2.71180000E-04  3.00980000E-04
2001-11-22T05:25:47.132 -1.22230000E-04 -2.92750000E-04  2.85390000E-04
2001-11-22T05:25:48.132 -3.33470000E-05 -3.02590000E-04  7.23970000E-04
2001-11-22T05:25:49.132 -3.41740000E-05 -1.15140000E-04  4.26430000E-04
2001-11-22T05:25:50.132 -3.06070000E-04 -2.88580000E-04  4.48930000E-04
2001-11-22T05:25:51.132  2.35220000E-05 -1.48910000E-04  2.80090000E-04
2001-11-22T05:25:52.132 -2.16900000E-04 -3.20060000E-04  1.31500000E-04
2001-11-22T05:25:53.132 -6.45960000E-05 -3.44780000E-04  5.87850000E-04
2001-11-22T05:25:54.132 -2.78910000E-04 -2.65730000E-04  6.58120000E-04
2001-11-22T05:25:55.132  4.34050000E-06 -1.16720000E-04  2.36490000E-04
2001-11-22T05:25:56.132 -2.60500000E-04 -1.16340000E-04  4.17740000E-04
2001-11-22T05:25:57.132  1.24250000E-05 -2.18540000E-04  7.47050000E-04
2001-11-22T05:25:58.132 -1.88810000E-04 -2.77770000E-04  6.10250000E-04
2001-11-22T05:25:59.132  7.88250000E-08 -2.30580000E-04  4.08260000E-04
2001-11-22T05:26:00.132 -5.11800000E-05 -2.13150000E-04  3.12870000E-04
2001-11-22T05:26:01.132 -1.36910000E-04 -1.96650000E-04  4.06640000E-04
2001-11-22T05:26:02.132 -1.37240000E-05 -2.23020000E-04  2.84080000E-04
2001-11-22T05:26:03.132 -5.30630000E-05 -2.03040000E-04  6.20100000E-04
2001-11-22T05:26:04.132 -7.43970000E-05 -2.32830000E-04  4.19160000E-04
2001-11-22T05:26:05.132 -2.53430000E-05 -2.95660000E-04  3.63990000E-04
2001-11-22T05:26:06.132  3.08140000E-05 -1.09050000E-04  7.06240000E-04
2001-11-22T05:26:07.132 -1.32070000E-04 -3.05130000E-04  3.66020000E-04
2001-11-22T05:26:08.132  5.48890000E-05 -8.21360000E-05  4.16950000E-04
2001-11-22T05:26:09.132 -1.54980000E-04 -3.09460000E-04  3.53330000E-04
2001-11-22T05:26:10.132 -3.80970000E-05 -1.92430000E-04  3.03760000E-04
2001-11-22T05:26:11.132 -1.31770000E-04 -1.74260000E-04  2.68810000E-04
2001-11-22T05:26:12.132 -6.74430000E-05 -1.87990000E-04  4.55250000E-04
2001-11-22T05:26:13.132 -1.30450000E-04 -3.44230000E-04  4.47360000E-04
2001-11-22T05:26:14.132 -6.60520000E-05 -1.98950000E-04  8.44550000E-04
2001-11-22T05:26:15.132 -9.87090000E-05 -2.22200000E-04  2.74700000E-04
2001-11-22T05:26:16.132 -1.76210000E-04 -2.40740000E-04  3.00680000E-04
2001-11-22T05:26:17.132 -7.07110000E-05 -1.70060000E-04  4.34920000E-04
2001-11-22T05:26:18.132 -1.54420000E-04 -3.48240000E-04  6.54550000E-04
2001-11-22T05:26:19.132 -8.82690000E-06 -9.66940000E-05  3.41960000E-04
2001-11-22T05:26:20.132 -1.45790000E-04 -2.67940000E-04  4.75250000E-04
2001-11-22T05:26:21.132  2.06340000E-04 -1.14110000E-04  4.99070000E-04
2001-11-22T05:26:22.132 -8.89920000E-05 -1.42190000E-04  4.38760000E-04
2001-11-22T05:26:23.132  3.14800000E-05 -1.28100000E-04  4.27630000E-04
2001-11-22T05:26:24.132 -2.59820000E-04 -2.82190000E-04  3.80930000E-04
2001-11-22T05:26:25.132 -7.46570000E-05 -1.02290000E-05  5.73410000E-04
2001-11-22T05:26:26.132 -7.89530000E-05 -2.10420000E-04  4.90710000E-04
2001-11-22T05:26:27.132 -1.09740000E-04 -1.91020000E-04  5.00640000E-04
2001-11-22T05:26:28.132 -8.62440000E-05 -1.24250000E-04  4.46270000E-04
2001-11-22T05:26:29.132 -2.15960000E-04 -1.30300000E-04  1.58500000E-04
2001-11-22T05:26:30.132  9.01330000E-05 -1.30610000E-05  5.37970000E-04
2001-11-22T05:26:31.132 -1.15440000E-04 -9.24850000E-05  6.64760000E-04
2001-11-22T05:26:32.132 -5.63510000E-06 -3.58580000E-05  5.15110000E-04
2001-11-22T05:26:33.132 -1.17620000E-04  5.82800000E-05  4.51590000E-04
2001-11-22T05:26:34.132  6.13930000E-05 -2.43100000E-05  5.57700000E-04
2001-11-22T05:26:35.132 -2.83010000E-04 -7.84200000E-06  4.51670000E-04
2001-11-22T05:26:36.132 -7.57920000E-05 -3.17860000E-05  3.01590000E-04
2001-11-22T05:26:37.132 -8.80410000E-05  2.50950000E-05  4.52220000E-04
2001-11-22T05:26:38.132 -1.27090000E-04 -5.04710000E-05  4.41910000E-04
2001-11-22T05:26:39.132 -1.02490000E-04  9.01400000E-05  5.46380000E-04
2001-11-22T05:26:40.132 -7.65110000E-05  1.48550000E-04  3.86580000E-04
2001-11-22T05:26:41.132 -1.78280000E-04 -8.45990000E-06  3.38210000E-04
2001-11-22T05:26:42.132 -5.80080000E-05  2.46510000E-04  5.90500000E-04
2001-11-22T05:26:43.132 -6.92340000E-06  1.23630000E-04  5.45140000E-04
2001-11-22T05:26:44.132 -1.51110000E-04  1.74860000E-04  6.07560000E-04
2001-11-22T05:26:45.132 -1.36340000E-04  2.00570000E-04  4.07920000E-04
2001-11-22T05:26:46.132 -1.62710000E-04  1.90210000E-04  4.60010000E-04
2001-11-22T05:26:47.132 -6.12020000E-05  3.32690000E-04  3.96190000E-04
2001-11-22T05:26:48.132 -1.00680000E-04  2.15500000E-04  4.23560000E-04
2001-11-22T05:26:49.132 -1.88670000E-04  1.72320000E-04  5.16630000E-04
2001-11-22T05:26:50.132 -7.68210000E-05  5.32440000E-04  3.47960000E-04
2001-11-22T05:26:51.132 -7.85900000E-05  3.28540000E-04  5.29560000E-04
2001-11-22T05:26:52.132 -3.88510000E-05  2.54850000E-04  5.23380000E-04
2001-11-22T05:26:53.132 -5.15900000E-05  4.06810000E-04  5.39170000E-04
2001-11-22T05:26:54.132 -8.44910000E-05  5.25750000E-04  4.37610000E-04
2001-11-22T05:26:55.132 -1.30420000E-04  3.67960000E-04  4.52980000E-04
2001-11-22T05:26:56.132 -7.59420000E-05  4.63440000E-04  3.99950000E-04
2001-11-22T05:26:57.132  8.04670000E-05  6.31740000E-04  7.01060000E-04
2001-11-22T05:26:58.132 -1.09440000E-04  2.83890000E-04  6.36660000E-04
2001-11-22T05:26:59.132 -9.84030000E-05  6.99220000E-04  4.66950000E-04
2001-11-22T05:27:00.132  4.31810000E-05  6.96220000E-04  2.78010000E-04
2001-11-22T05:27:01.132 -1.14340000E-04  7.00680000E-04  4.61000000E-04
2001-11-22T05:27:02.132 -1.29520000E-04  5.28720000E-04  3.56500000E-04
2001-11-22T05:27:03.132 -1.68960000E-04  6.96350000E-04  7.50420000E-04
2001-11-22T05:27:04.132  8.67520000E-05  8.85260000E-04  2.89740000E-04
2001-11-22T05:27:05.132 -1.13900000E-04  8.79240000E-04  4.85740000E-04
2001-11-22T05:27:06.132 -5.27180000E-05  7.40000000E-04  5.17910000E-04
2001-11-22T05:27:07.132 -1.31220000E-04  9.50500000E-04  6.43170000E-04
2001-11-22T05:27:08.132 -2.13270000E-06  9.23070000E-04  5.45420000E-04
2001-11-22T05:27:09.132 -1.72340000E-04  8.90670000E-04  6.81800000E-04
2001-11-22T05:27:10.132 -5.66070000E-05  9.38690000E-04  4.83180000E-04
2001-11-22T05:27:11.132 -8.97900000E-05  9.73580000E-04  2.55150000E-04
2001-11-22T05:27:12.132 -8.39330000E-05  1.01580000E-03  2.24230000E-04
2001-11-22T05:27:13.132 -1.76260000E-04  1.07570000E-03  9.02350000E-04
2001-11-22T05:27:14.132 -2.54980000E-05  1.08880000E-03  5.34900000E-04
2001-11-22T05:27:15.132 -9.76140000E-05  1.39780000E-03  3.31760000E-04
2001-11-22T05:27:16.132  4.96900000E-05  1.41080000E-03  5.86310000E-04
2001-11-22T05:27:17.132 -1.06100000E-04  1.54630000E-03  4.10030000E-04
2001-11-22T05:27:18.132 -1.36520000E-04  1.53900000E-03  5.60780000E-04
2001-11-22T05:27:19.132 -7.04790000E-05  1.72770000E-03  1.34150000E-04
2001-11-22T05:27:20.132 -1.48210000E-04  1.90560000E-03  8.23430000E-04
2001-11-22T05:27:21.132 -6.83230000E-05  1.53200000E-03  3.08950000E-04
2001-11-22T05:27:22.132 -4.53310000E-05  1.93520000E-03  3.01080000E-04
2001-11-22T05:27:23.132 -1.37330000E-04  2.06800000E-03  6.56870000E-04
2001-11-22T05:27:24.132 -1.35950000E-04  2.21620000E-03  3.43530000E-04
2001-11-22T05:27:25.132 -1.68620000E-04  2.66620000E-03  3.22350000E-04
2001-11-22T05:27:26.132 -5.84660000E-05  2.69830000E-03  8.27070000E-04
2001-11-22T05:27:27.132 -1.81330000E-04  2.74300000E-03  5.53540000E-04
2001-11-22T05:27:28.132 -5.24850000E-05  2.96900000E-03  4.69960000E-04
2001-11-22T05:27:29.132 -1.47590000E-04  3.09750000E-03  4.83150000E-04
2001-11-22T05:27:30.132 -1.48160000E-04  3.09010000E-03  5.04990000E-04
2001-11-22T05:27:31.132 -1.68020000E-04  3.16250000E-03  5.54750000E-04
2001-11-22T05:27:32.132 -4.56690000E-05  3.43560000E-03  3.37890000E-04
2001-11-22T05:27:33.132 -5.94870000E-05  3.29490000E-03  5.91040000E-04
2001-11-22T05:27:34.132 -1.97590000E-04  3.57380000E-03  5.83270000E-04
2001-11-22T05:27:35.132 -3.35880000E-05  3.88800000E-03  4.59560000E-04
2001-11-22T05:27:36.132 -2.98690000E-04  3.95330000E-03  7.96650000E-04
2001-11-22T05:27:37.132  2.40950000E-05  4.24930000E-03  7.93410000E-04
2001-11-22T05:27:38.132 -2.64090000E-04  4.39900000E-03  6.11740000E-04
2001-11-22T05:27:39.132 -1.30140000E-04  4.83820000E-03  7.56180000E-04
2001-11-22T05:27:40.132 -1.41310000E-04  5.15430000E-03  4.14190000E-04
2001-11-22T05:27:41.132 -1.35980000E-04  4.78340000E-03  4.73100000E-04
2001-11-22T05:27:42.132 -1.37170000E-04  5.13570000E-03  8.53930000E-04
2001-11-22T05:27:43.132 -1.96540000E-04  5.18940000E-03  4.92750000E-04
2001-11-22T05:27:44.132 -3.50460000E-05  5.21860000E-03  6.07910000E-04
2001-11-22T05:27:45.132 -5.90710000E-05  5.42220000E-03  5.15290000E-04
2001-11-22T05:27:46.132 -1.67490000E-04  5.43360000E-03  3.23040000E-04
2001-11-22T05:27:47.132 -2.34440000E-04  5.60060000E-03  7.91640000E-04
2001-11-22T05:27:48.132 -1.55290000E-04  5.59300000E-03  4.90810000E-04
2001-11-22T05:27:49.132 -1.91530000E-04  5.90130000E-03  6.49700000E-04
2001-11-22T05:27:50.132 -1.21680000E-04  6.18680000E-03  6.19080000E-04
2001-11-22T05:27:51.132 -3.22610000E-04  6.40840000E-03  6.46280000E-04
2001-11-22T05:27:52.132 -2.48220000E-05  6.74300000E-03  4.92550000E-04
2001-11-22T05:27:53.132 -2.08120000E-04  6.56380000E-03  8.13560000E-04
2001-11-22T05:27:54.132 -3.03000000E-04  6.45290000E-03  4.27790000E-04
2001-11-22T05:27:55.132 -1.18940000E-04  6.88230000E-03  7.29370000E-04
2001-11-22T05:27:56.132 -9.67360000E-05  6.94150000E-03  5.46240000E-04
2001-11-22T05:27:57.132 -2.83370000E-04  7.55410000E-03  8.84150000E-04
2001-11-22T05:27:58.132 -3.02150000E-04  8.42410000E-03  8.64170000E-04
2001-11-22T05:27:59.132 -8.21560000E-06  8.32030000E-03  4.73500000E-04
2001-11-22T05:28:00.132 -8.52870000E-05  8.73830000E-03  7.25900000E-04
2001-11-22T05:28:01.132 -4.81930000E-04  9.05290000E-03  9.79890000E-04
2001-11-22T05:28:02.132 -1.75850000E-04  9.34650000E-03  7.71920000E-04
2001-11-22T05:28:03.132 -2.32640000E-04  9.95940000E-03  5.24870000E-04
2001-11-22T05:28:04.132 -2.47310000E-04  9.81920000E-03  7.02730000E-04
2001-11-22T05:28:05.132 -3.58540000E-04  8.95930000E-03  1.07050000E-03
2001-11-22T05:28:06.132  1.75830000E-05  8.94060000E-03  6.96670000E-04
2001-11-22T05:28:07.132 -4.16350000E-04  9.84470000E-03  5.34100000E-04
2001-11-22T05:28:08.132 -4.88750000E-04  1.16230000E-02  5.21400000E-04
2001-11-22T05:28:09.132 -8.53000000E-05  1.11690000E-02  1.01740000E-03
2001-11-22T05:28:10.132 -1.69000000E-04  9.76630000E-03  8.74820000E-04
2001-11-22T05:28:11.132 -7.92860000E-04  1.10660000E-02  7.15950000E-04
2001-11-22T05:28:12.132  4.22860000E-06  1.28280000E-02  8.14270000E-04
2001-11-22T05:28:13.132 -1.13310000E-04  1.24090000E-02  8.12060000E-04
2001-11-22T05:28:14.132 -3.62960000E-04  1.21520000E-02  9.39920000E-04
2001-11-22T05:28:15.132 -5.19440000E-04  1.25710000E-02  9.99170000E-04
2001-11-22T05:28:16.132  3.01050000E-06  1.31310000E-02  1.01820000E-03
2001-11-22T05:28:17.132 -4.29020000E-04  1.34120000E-02  7.77630000E-04
2001-11-22T05:28:18.132 -2.31450000E-04  1.42230000E-02  9.47150000E-04
2001-11-22T05:28:19.132 -3.56400000E-04  1.40680000E-02  1.04800000E-03
2001-11-22T05:28:20.132 -1.82150000E-04  1.42610000E-02  6.89360000E-04
2001-11-22T05:28:21.132 -2.28300000E-04  1.47330000E-02  1.00780000E-03
2001-11-22T05:28:22.132 -1.79920000E-04  1.59970000E-02  1.12290000E-03
2001-11-22T05:28:23.132 -3.70000000E-04  1.56150000E-02  7.67820000E-04
2001-11-22T05:28:24.132 -3.75930000E-04  1.56120000E-02  9.37270000E-04
2001-11-22T05:28:25.132 -2.11210000E-04  1.58090000E-02  1.19990000E-03
2001-11-22T05:28:26.132  1.67640000E-04  1.63040000E-02  9.38020000E-04
2001-11-22T05:28:27.132 -1.01850000E-03  1.63950000E-02  9.56500000E-04
2001-11-22T05:28:28.132  4.29830000E-04  1.84420000E-02  8.45190000E-04
2001-11-22T05:28:29.132 -7.09510000E-04  1.70850000E-02  9.10950000E-04
2001-11-22T05:28:30.132 -4.23190000E-04  1.75250000E-02  8.03890000E-04
2001-11-22T05:28:31.132 -2.58190000E-04  1.93350000E-02  9.73760000E-04
2001-11-22T05:28:32.132 -7.24470000E-04  1.98790000E-02  1.05030000E-03
2001-11-22T05:28:33.132 -9.71080000E-05  1.91510000E-02  4.95680000E-04
2001-11-22T05:28:34.132  7.41210000E-05  1.87500000E-02  6.12550000E-04
2001-11-22T05:28:35.132 -3.51640000E-04  1.93220000E-02  1.02990000E-03
2001-11-22T05:28:36.132 -6.16660000E-04  1.96940000E-02  6.40950000E-04
2001-11-22T05:28:37.132 -9.69370000E-04  1.77470000E-02  7.51440000E-04
2001-11-22T05:28:38.132 -8.55960000E-04  1.87070000E-02  1.04030000E-03
2001-11-22T05:28:39.132 -4.32110000E-04  1.91930000E-02  7.56310000E-04
2001-11-22T05:28:40.132 -3.95360000E-04  1.79130000E-02  5.42240000E-04
2001-11-22T05:28:41.132  2.02510000E-04  1.83080000E-02  9.28440000E-04
2001-11-22T05:28:42.132 -7.33720000E-04  1.87790000E-02  9.68090000E-04
2001-11-22T05:28:43.132 -4.27860000E-04  1.95480000E-02  5.47500000E-04
2001-11-22T05:28:44.132 -7.51580000E-04  1.87820000E-02  5.23140000E-04
2001-11-22T05:28:45.132 -7.09080000E-04  1.89100000E-02  8.21060000E-04
2001-11-22T05:28:46.132 -8.31350000E-04  1.79790000E-02  9.09520000E-04
2001-11-22T05:28:47.132 -4.35790000E-04  1.80450000E-02  6.16910000E-04
2001-11-22T05:28:48.132  8.83770000E-05  1.87490000E-02  7.09620000E-04
2001-11-22T05:28:49.132 -6.09160000E-04  1.94780000E-02  9.87420000E-04
2001-11-22T05:28:50.132 -9.86110000E-04  2.03180000E-02  8.93890000E-04
2001-11-22T05:28:51.132 -9.16310000E-04  2.08320000E-02  7.20820000E-04
2001-11-22T05:28:52.132  3.54580000E-04  2.16220000E-02  1.00190000E-03
2001-11-22T05:28:53.132 -1.23120000E-03  2.05870000E-02  9.47630000E-04
2001-11-22T05:28:54.132  1.31830000E-04  2.10780000E-02  9.52070000E-04
2001-11-22T05:28:55.132 -2.90620000E-04  2.07010000E-02  1.01150000E-03
2001-11-22T05:28:56.132 -6.07050000E-04  1.98190000E-02  5.98670000E-04
2001-11-22T05:28:57.132 -9.03250000E-04  2.00860000E-02  1.41390000E-03
2001-11-22T05:28:58.132  2.68830000E-05  2.16310000E-02  8.43830000E-04
2001-11-22T05:28:59.132 -6.41270000E-04  2.11400000E-02  7.91610000E-04
2001-11-22T05:29:00.132 -7.19710000E-05  2.21540000E-02  1.24240000E-03
2001-11-22T05:29:01.132 -7.74460000E-04  2.08520000E-02  9.23440000E-04
2001-11-22T05:29:02.132 -2.08540000E-06  2.18210000E-02  7.67810000E-04
2001-11-22T05:29:03.132 -5.98470000E-04  2.12930000E-02  1.32600000E-03
2001-11-22T05:29:04.132 -2.85900000E-04  2.27910000E-02  1.21370000E-03
2001-11-22T05:29:05.132 -3.49070000E-04  2.33340000E-02  9.74200000E-04
2001-11-22T05:29:06.132 -2.19350000E-04  2.42260000E-02  1.05510000E-03
2001-11-22T05:29:07.132 -4.83570000E-04  2.49080000E-02  1.50860000E-03
2001-11-22T05:29:08.132 -7.62200000E-04  2.54050000E-02  7.00930000E-04
2001-11-22T05:29:09.132 -2.70650000E-04  2.60750000E-02  1.21170000E-03
2001-11-22T05:29:10.132 -5.70190000E-04  2.61660000E-02  1.12280000E-03
2001-11-22T05:29:11.132 -3.64190000E-04  2.55530000E-02  1.04300000E-03
2001-11-22T05:29:12.132 -7.22650000E-04  2.62730000E-02  1.18070000E-03
2001-11-22T05:29:13.132 -5.46030000E-04  2.64870000E-02  9.07860000E-04
2001-11-22T05:29:14.132 -5.81600000E-04  2.81650000E-02  9.10850000E-04
2001-11-22T05:29:15.132 -7.28900000E-04  2.79690000E-02  1.26260000E-03
2001-11-22T05:29:16.132 -6.33280000E-04  2.82680000E-02  8.75650000E-04
2001-11-22T05:29:17.132 -6.90200000E-04  2.79900000E-02  7.88730000E-04
2001-11-22T05:29:18.132 -8.35290000E-04  2.68190000E-02  1.25550000E-03
2001-11-22T05:29:19.132 -9.44400000E-04  2.85510000E-02  9.56810000E-04
2001-11-22T05:29:20.132 -5.97010000E-04  3.05720000E-02  7.72520000E-04
2001-11-22T05:29:21.132 -1.12120000E-03  3.11870000E-02  8.13100000E-04
2001-11-22T05:29:22.132 -6.58510000E-04  3.12690000E-02  1.07740000E-03
2001-11-22T05:29:23.132 -7.33190000E-04  3.10150000E-02  9.40840000E-04
2001-11-22T05:29:24.132 -6.80820000E-04  3.13610000E-02  7.95070000E-04
2001-11-22T05:29:25.132 -7.66310000E-04  3.19350000E-02  1.21990000E-03
2001-11-22T05:29:26.132 -8.19050000E-04  3.24570000E-02  7.65750000E-04
2001-11-22T05:29:27.132 -6.03990000E-04  3.18190000E-02  1.04740000E-03
2001-11-22T05:29:28.132 -7.24320000E-04  3.17700000E-02  1.07370000E-03
2001-11-22T05:29:29.132 -5.14550000E-04  3.17860000E-02  8.06820000E-04
2001-11-22T05:29:30.132 -6.82070000E-04  3.08860000E-02  9.04530000E-04
2001-11-22T05:29:31.132 -5.45880000E-04  3.19560000E-02  1.18260000E-03
2001-11-22T05:29:32.132 -4.13210000E-04  3.24580000E-02  9.73880000E-04
2001-11-22T05:29:33.132 -6.62860000E-04  3.20580000E-02  1.04230000E-03
2001-11-22T05:29:34.132 -2.76730000E-04  2.98860000E-02  1.06880000E-03
2001-11-22T05:29:35.132 -4.42790000E-04  2.98460000E-02  1.42730000E-03
2001-11-22T05:29:36.132 -3.38020000E-04  2.97490000E-02  9.35130000E-04
2001-11-22T05:29:37.132 -4.76960000E-04  2.99210000E-02  1.12920000E-03
2001-11-22T05:29:38.132 -4.10070000E-04  3.06720000E-02  1.27760000E-03
2001-11-22T05:29:39.132 -6.74970000E-04  3.01750000E-02  1.13610000E-03
2001-11-22T05:29:40.132 -2.93310000E-04  2.91600000E-02  1.21390000E-03
2001-11-22T05:29:41.132 -7.02840000E-04  2.94630000E-02  1.45590000E-03
2001-11-22T05:29:42.132 -6.12430000E-04  2.81910000E-02  8.92160000E-04
2001-11-22T05:29:43.132 -4.18730000E-04  2.88150000E-02  1.28470000E-03
2001-11-22T05:29:44.132 -6.48960000E-04  3.05730000E-02  1.19520000E-03
2001-11-22T05:29:45.132 -6.52150000E-04  2.83260000E-02  1.07300000E-03
2001-11-22T05:29:46.132 -5.26520000E-04  2.88730000E-02  1.33560000E-03
2001-11-22T05:29:47.132 -6.04470000E-04  2.70450000E-02  1.02680000E-03
2001-11-22T05:29:48.132 -7.27540000E-04  2.44670000E-02  1.08310000E-03
2001-11-22T05:29:49.132 -6.35710000E-04  2.63590000E-02  9.43760000E-04
2001-11-22T05:29:50.132 -7.00170000E-04  2.72170000E-02  9.90270000E-04
2001-11-22T05:29:51.132 -5.40970000E-04  2.61610000E-02  1.28380000E-03
2001-11-22T05:29:52.132 -4.39600000E-04  2.29950000E-02  8.22720000E-04
2001-11-22T05:29:53.132 -1.10380000E-03  2.20570000E-02  8.89710000E-04
2001-11-22T05:29:54.132  4.64550000E-05  2.21150000E-02  9.14990000E-04
2001-11-22T05:29:55.132 -1.01420000E-03  2.09720000E-02  8.17600000E-04
2001-11-22T05:29:56.132 -7.02110000E-04  1.99560000E-02  6.78110000E-04
2001-11-22T05:29:57.132 -5.21630000E-04  1.95180000E-02  8.59720000E-04
2001-11-22T05:29:58.132  2.44470000E-04  1.86050000E-02  8.89670000E-04
2001-11-22T05:29:59.132 -5.41250000E-04  1.67350000E-02  6.44520000E-04
2001-11-22T05:30:00.132 -2.72020000E-04  1.68300000E-02  9.01450000E-04
2001-11-22T05:30:01.132 -7.50560000E-04  1.61570000E-02  5.87120000E-04
2001-11-22T05:30:02.132  8.79300000E-05  1.68040000E-02  6.33160000E-04
2001-11-22T05:30:03.132 -3.67730000E-04  1.60960000E-02  5.30340000E-04
2001-11-22T05:30:04.132 -6.30900000E-04  1.58370000E-02  7.75730000E-04
2001-11-22T05:30:05.132 -9.87320000E-05  1.64520000E-02  7.61510000E-04
2001-11-22T05:30:06.132  1.71290000E-04  1.65480000E-02  9.40880000E-04
2001-11-22T05:30:07.132 -8.94430000E-04  1.58620000E-02  8.65090000E-04
2001-11-22T05:30:08.132 -6.55530000E-05  1.64860000E-02  4.60130000E-04
2001-11-22T05:30:09.132  3.59330000E-05  1.67090000E-02  9.79850000E-04
2001-11-22T05:30:10.132 -5.12870000E-04  1.64460000E-02  8.12460000E-04
2001-11-22T05:30:11.132 -4.09770000E-04  1.61750000E-02  7.38320000E-04
2001-11-22T05:30:12.132  1.35640000E-04  1.58820000E-02  6.62060000E-04
2001-11-22T05:30:13.132 -5.95550000E-04  1.54350000E-02  7.66000000E-04
2001-11-22T05:30:14.132 -1.91130000E-05  1.50120000E-02  9.41910000E-04
2001-11-22T05:30:15.132 -5.59920000E-04  1.38850000E-02  7.96070000E-04
2001-11-22T05:30:16.132  1.13970000E-04  1.29660000E-02  8.78420000E-04
2001-11-22T05:30:17.132 -2.71420000E-04  1.16650000E-02  4.38250000E-04
2001-11-22T05:30:18.132 -5.64990000E-05  1.05740000E-02  9.96560000E-04
2001-11-22T05:30:19.132  7.14480000E-06  9.87130000E-03  6.99210000E-04
2001-11-22T05:30:20.132 -2.17130000E-04  9.93020000E-03  5.27820000E-04
2001-11-22T05:30:21.132 -3.71270000E-04  8.81680000E-03  6.91090000E-04
2001-11-22T05:30:22.132 -1.43980000E-04  8.91200000E-03  6.65090000E-04
2001-11-22T05:30:23.132 -5.02170000E-04  9.24460000E-03  1.01380000E-03
2001-11-22T05:30:24.132  1.05410000E-05  9.18800000E-03  5.21110000E-04
2001-11-22T05:30:25.132 -2.21440000E-04  1.13490000E-02  7.31860000E-04
2001-11-22T05:30:26.132 -3.12720000E-04  1.14590000E-02  7.80430000E-04
2001-11-22T05:30:27.132 -2.03060000E-04  1.15330000E-02  1.05770000E-03
2001-11-22T05:30:28.132 -2.89150000E-04  1.14870000E-02  5.85270000E-04
2001-11-22T05:30:29.132 -4.19250000E-04  1.05880000E-02  6.64720000E-04
2001-11-22T05:30:30.132 -1.32330000E-04  1.10120000E-02  1.00420000E-03
2001-11-22T05:30:31.132 -2.27080000E-04  9.96340000E-03  7.19110000E-04
2001-11-22T05:30:32.132 -1.03060000E-04  1.02330000E-02  8.07220000E-04
2001-11-22T05:30:33.132 -4.42220000E-04  8.16130000E-03  6.44360000E-04
2001-11-22T05:30:34.132 -1.38130000E-04  4.99650000E-03  6.34890000E-04
2001-11-22T05:30:35.132 -1.98990000E-04  4.94700000E-03  5.97560000E-04
2001-11-22T05:30:36.132 -1.61890000E-04  6.94410000E-03  8.50770000E-04
2001-11-22T05:30:37.132 -9.80780000E-05  7.02560000E-03  5.55990000E-04
2001-11-22T05:30:38.132 -2.67310000E-04  4.69190000E-03  7.00450000E-04
2001-11-22T05:30:39.132  3.65560000E-05  4.13530000E-03  7.74590000E-04
2001-11-22T05:30:40.132 -1.34660000E-04  5.86830000E-03  6.50950000E-04
2001-11-22T05:30:41.132 -2.62400000E-04  3.72840000E-03  6.16630000E-04
2001-11-22T05:30:42.132 -1.90790000E-04  3.52950000E-03  2.79800000E-04
2001-11-22T05:30:43.132 -1.43740000E-04  3.79580000E-03  8.81830000E-04
2001-11-22T05:30:44.132 -2.27920000E-04  5.71910000E-03  6.66540000E-04
2001-11-22T05:30:45.132 -8.12310000E-05  5.73560000E-03  6.13870000E-04
2001-11-22T05:30:46.132 -2.14800000E-04  4.35870000E-03  6.22070000E-04
2001-11-22T05:30:47.132 -2.86790000E-05  2.99260000E-03  5.24800000E-04
2001-11-22T05:30:48.132 -2.82690000E-04  3.36920000E-03  4.59550000E-04
2001-11-22T05:30:49.132 -4.14720000E-05  3.14350000E-03  5.49630000E-04
2001-11-22T05:30:50.132 -1.21590000E-04  2.84720000E-03  6.52590000E-04
2001-11-22T05:30:51.132 -9.50660000E-05  2.82230000E-03  6.37420000E-04
2001-11-22T05:30:52.132 -1.14280000E-04  2.59200000E-03  5.83420000E-04
2001-11-22T05:30:53.132 -1.90180000E-04  2.73090000E-03  4.99370000E-04
2001-11-22T05:30:54.132 -1.65970000E-04  2.39720000E-03  5.49900000E-04
2001-11-22T05:30:55.132 -1.76710000E-04  1.87390000E-03  2.76900000E-04
2001-11-22T05:30:56.132  6.47350000E-05  1.90660000E-03  4.97100000E-04
2001-11-22T05:30:57.132 -1.95810000E-04  2.05570000E-03  6.28550000E-04
2001-11-22T05:30:58.132 -1.24090000E-04  1.90060000E-03  7.06600000E-04
2001-11-22T05:30:59.132 -1.54240000E-04  1.73000000E-03  5.76570000E-04
2001-11-22T05:31:00.132 -1.00120000E-04  1.55590000E-03  4.68730000E-04
2001-11-22T05:31:01.132 -1.72130000E-04  1.42390000E-03  3.50930000E-04
2001-11-22T05:31:02.132 -4.63600000E-05  1.49910000E-03  3.89440000E-04
2001-11-22T05:31:03.132 -2.05150000E-04  1.35150000E-03  3.10470000E-04
2001-11-22T05:31:04.132 -1.14480000E-04  1.37170000E-03  4.35770000E-04
2001-11-22T05:31:05.132 -1.43300000E-04  1.32560000E-03  8.83980000E-04
2001-11-22T05:31:06.132 -4.40110000E-05  1.59570000E-03  4.82740000E-04
2001-11-22T05:31:07.132 -1.47590000E-04  1.46430000E-03  2.35580000E-04
2001-11-22T05:31:08.132 -9.47620000E-05  1.45800000E-03  3.34720000E-04
2001-11-22T05:31:09.132 -3.73150000E-05  1.41430000E-03  4.37630000E-04
2001-11-22T05:31:10.132 -1.47450000E-04  1.28250000E-03  7.28900000E-04
2001-11-22T05:31:11.132  1.42080000E-05  1.26210000E-03  4.87170000E-04
2001-11-22T05:31:12.132 -2.05090000E-04  1.08230000E-03  5.61370000E-04
2001-11-22T05:31:13.132  3.86130000E-05  9.95020000E-04  3.07990000E-04
2001-11-22T05:31:14.132 -1.39340000E-04  1.02000000E-03  4.10490000E-04
2001-11-22T05:31:15.132 -1.05130000E-04  8.22620000E-04  2.73390000E-04
2001-11-22T05:31:16.132 -5.30240000E-05  1.02580000E-03  7.93350000E-04
2001-11-22T05:31:17.132 -1.36620000E-06  8.70430000E-04  3.72250000E-04
2001-11-22T05:31:18.132 -6.99970000E-05  8.29310000E-04  5.60860000E-04
2001-11-22T05:31:19.132 -2.21860000E-04  7.23660000E-04  2.33340000E-04
2001-11-22T05:31:20.132 -1.30180000E-04  6.45020000E-04  5.62760000E-04
2001-11-22T05:31:21.132  4.67920000E-05  8.04790000E-04  6.31090000E-04
2001-11-22T05:31:22.132 -2.11260000E-04  5.52790000E-04  3.56880000E-04
2001-11-22T05:31:23.132 -9.91500000E-05  5.39310000E-04  3.54840000E-04
2001-11-22T05:31:24.132 -8.16310000E-05  4.94560000E-04  5.15170000E-04
2001-11-22T05:31:25.132 -4.00190000E-05  6.78760000E-04  3.21340000E-04
2001-11-22T05:31:26.132 -3.36460000E-04  3.38260000E-04  5.34560000E-04
2001-11-22T05:31:27.132  6.50180000E-05  6.15170000E-04  3.59280000E-04
2001-11-22T05:31:28.132 -1.10870000E-04  3.71100000E-04  5.67340000E-04
2001-11-22T05:31:29.132 -1.67070000E-04  3.20810000E-04  7.36320000E-04
2001-11-22T05:31:30.132 -9.55780000E-05  4.29840000E-04  2.91630000E-04
2001-11-22T05:31:31.132 -2.12070000E-05  3.15740000E-04  4.75070000E-04
2001-11-22T05:31:32.132 -1.69370000E-04  2.60690000E-04  2.89070000E-04
2001-11-22T05:31:33.132 -1.26810000E-04  1.44670000E-04  4.53090000E-04
2001-11-22T05:31:34.132 -2.22880000E-05  2.61040000E-04  7.37910000E-04
2001-11-22T05:31:35.132 -1.26720000E-04  3.82010000E-04  3.98740000E-04
2001-11-22T05:31:36.132 -5.98830000E-05  2.97120000E-04  2.35060000E-04
2001-11-22T05:31:37.132 -7.27300000E-05  2.98910000E-04  3.09670000E-04
2001-11-22T05:31:38.132 -1.35040000E-04  1.41920000E-04  6.85060000E-04
2001-11-22T05:31:39.132 -3.84990000E-05  2.78190000E-04  3.73520000E-04
2001-11-22T05:31:40.132 -1.67650000E-04  2.02270000E-04  3.12440000E-04
2001-11-22T05:31:41.132 -2.10250000E-05  1.95420000E-04  4.69870000E-04
2001-11-22T05:31:42.132 -2.66800000E-05  2.22750000E-04  5.52710000E-04
2001-11-22T05:31:43.132 -1.51700000E-04  2.20370000E-04  6.18080000E-04
2001-11-22T05:31:44.132 -5.95600000E-05  1.69060000E-04  5.19770000E-04
2001-11-22T05:31:45.132 -1.46680000E-04  4.53090000E-05  3.25980000E-04
2001-11-22T05:31:46.132 -1.99860000E-04 -4.87660000E-06  3.40580000E-04
2001-11-22T05:31:47.132 -3.42580000E-05  1.32470000E-04  4.73730000E-04
2001-11-22T05:31:48.132 -1.57490000E-04 -1.34550000E-04  7.28240000E-04
2001-11-22T05:31:49.132 -9.97150000E-05  2.26100000E-04  4.22040000E-04
2001-11-22T05:31:50.132 -8.24120000E-05 -6.69310000E-05  3.73180000E-04
2001-11-22T05:31:51.132 -1.15720000E-04 -3.56170000E-05  2.98770000E-04
2001-11-22T05:31:52.132  1.16110000E-04 -7.98710000E-06  5.05470000E-04
2001-11-22T05:31:53.132 -2.40410000E-04 -5.93860000E-05  3.96520000E-04
2001-11-22T05:31:54.132 -8.49420000E-05  1.19930000E-04  4.01700000E-04
2001-11-22T05:31:55.132  6.11860000E-06 -9.08910000E-05  5.61010000E-04
2001-11-22T05:31:56.132 -1.07400000E-04  3.85730000E-05  3.94320000E-04
2001-11-22T05:31:57.132  5.22310000E-05  1.16720000E-05  4.12390000E-04
2001-11-22T05:31:58.132 -1.78310000E-05 -5.58340000E-05  8.07340000E-04
2001-11-22T05:31:59.132  8.20610000E-05 -8.67410000E-06  4.43130000E-04
2001-11-22T05:32:00.132 -1.49300000E-04 -1.57840000E-04  6.49900000E-04
2001-11-22T05:32:01.132 -1.06720000E-04 -1.76420000E-05  3.83050000E-04
2001-11-22T05:32:02.132 -1.21310000E-04 -1.62220000E-04  4.37420000E-04
2001-11-22T05:32:03.132 -1.56540000E-05  1.05680000E-04  5.16580000E-04
2001-11-22T05:32:04.132 -5.42320000E-05 -2.06740000E-04  5.58360000E-04
2001-11-22T05:32:05.132 -1.90960000E-04 -2.18360000E-04  4.76190000E-04
2001-11-22T05:32:06.132 -1.27780000E-04  5.74310000E-06  4.52420000E-04
2001-11-22T05:32:07.132 -1.73780000E-04 -1.93220000E-04  4.56520000E-04
2001-11-22T05:32:08.132 -3.08230000E-05  1.75240000E-05  2.62940000E-04
2001-11-22T05:32:09.132 -1.25230000E-04 -1.53180000E-04  5.63190000E-04
2001-11-22T05:32:10.132 -1.67110000E-04 -1.37280000E-04  3.32960000E-04
2001-11-22T05:32:11.132 -2.06740000E-05 -3.99870000E-05  3.56300000E-04
2001-11-22T05:32:12.132 -6.79350000E-05 -2.42210000E-04  7.20340000E-04
2001-11-22T05:32:13.132 -2.03190000E-04 -1.78920000E-04  2.95510000E-04
2001-11-22T05:32:14.132 -3.92550000E-05 -1.50550000E-04  3.77530000E-04
2001-11-22T05:32:15.132 -7.28870000E-05 -1.68410000E-04  2.83580000E-04
2001-11-22T05:32:16.132 -1.70760000E-04 -1.79670000E-04  3.81200000E-04
2001-11-22T05:32:17.132  3.54440000E-05 -1.33770000E-04  4.70530000E-04
2001-11-22T05:32:18.132 -1.80220000E-05 -2.34820000E-04  3.94040000E-04
2001-11-22T05:32:19.132 -8.87810000E-05 -7.24220000E-05  7.12060000E-04
2001-11-22T05:32:20.132 -9.96120000E-05 -1.52980000E-04  4.37310000E-04
2001-11-22T05:32:21.132 -3.50240000E-05 -1.82850000E-04  5.39430000E-04
2001-11-22T05:32:22.132 -1.57680000E-04 -2.17980000E-04  1.60520000E-04
2001-11-22T05:32:23.132 -1.15420000E-04 -2.10100000E-04  6.85910000E-04
2001-11-22T05:32:24.132  5.56690000E-05 -9.23430000E-05  4.40290000E-04
2001-11-22T05:32:25.132 -1.39330000E-04 -3.30060000E-04  4.43630000E-04
2001-11-22T05:32:26.132  3.80290000E-05 -9.08680000E-05  3.01070000E-04
2001-11-22T05:32:27.132 -1.23250000E-04 -2.57560000E-04  6.28750000E-04
2001-11-22T05:32:28.132 -1.97850000E-04 -7.64800000E-05  5.67260000E-04
2001-11-22T05:32:29.132 -1.54130000E-04 -1.49120000E-04  3.66790000E-04
2001-11-22T05:32:30.132 -3.51310000E-05 -2.97970000E-04  3.73830000E-04
2001-11-22T05:32:31.132 -2.66970000E-04 -2.30230000E-04  3.52320000E-04
2001-11-22T05:32:32.132  3.49890000E-05 -2.24130000E-04  4.29170000E-04
2001-11-22T05:32:33.132 -2.26900000E-04 -1.36910000E-04  5.69700000E-04
2001-11-22T05:32:34.132 -5.13380000E-05 -2.15680000E-04  4.40130000E-04
2001-11-22T05:32:35.132 -1.84330000E-04 -3.06290000E-04  3.06030000E-04
2001-11-22T05:32:36.132 -2.05250000E-04 -1.39850000E-04  6.80280000E-04
2001-11-22T05:32:37.132 -1.26490000E-04 -2.19480000E-04  4.51790000E-04
2001-11-22T05:32:38.132 -8.74160000E-05 -3.03960000E-04  2.89000000E-04
2001-11-22T05:32:39.132 -8.42520000E-06 -2.38200000E-04  5.64930000E-04
2001-11-22T05:32:40.132 -2.56890000E-04 -1.96400000E-04  3.57530000E-04
2001-11-22T05:32:41.132 -9.47620000E-05 -8.98790000E-05  3.54420000E-04
2001-11-22T05:32:42.132 -1.96790000E-04 -1.34140000E-04  2.16390000E-04
2001-11-22T05:32:43.132 -4.30840000E-05 -2.17310000E-04  6.32110000E-04
2001-11-22T05:32:44.132 -2.60950000E-04 -3.89830000E-04  6.41540000E-04
2001-11-22T05:32:45.132  9.19630000E-05 -4.20570000E-05  5.81660000E-04
2001-11-22T05:32:46.132 -2.41020000E-04 -3.26180000E-04  3.48490000E-04
2001-11-22T05:32:47.132 -1.07620000E-04 -1.38290000E-04  4.94570000E-04
2001-11-22T05:32:48.132 -1.07110000E-04 -2.25610000E-04  3.71880000E-04
2001-11-22T05:32:49.132 -7.08670000E-05 -1.32700000E-04  3.57340000E-04
2001-11-22T05:32:50.132 -2.53850000E-04 -1.24870000E-04  5.18610000E-04
2001-11-22T05:32:51.132  2.74480000E-05 -1.59830000E-04  4.15620000E-04
2001-11-22T05:32:52.132 -1.78240000E-04 -1.97460000E-04  6.11660000E-04
2001-11-22T05:32:53.132 -8.38960000E-05 -2.40350000E-04  5.89390000E-04
2001-11-22T05:32:54.132 -1.69910000E-04 -8.10890000E-05  1.24360000E-04
2001-11-22T05:32:55.132 -5.90900000E-05 -3.02390000E-04  7.03770000E-04
2001-11-22T05:32:56.132 -1.03990000E-04 -1.78860000E-04  3.53010000E-04
2001-11-22T05:32:57.132 -1.71630000E-04 -3.11020000E-04  4.79170000E-04
2001-11-22T05:32:58.132 -2.78440000E-05 -2.26000000E-04  2.95440000E-04
2001-11-22T05:32:59.132 -2.10180000E-04 -1.24630000E-04  4.76230000E-04
2001-11-22T05:33:00.132 -5.45330000E-05 -1.82200000E-04  4.72500000E-04
2001-11-22T05:33:01.132 -1.49900000E-04 -3.37250000E-04  8.29980000E-04
2001-11-22T05:33:02.132  7.98450000E-06 -8.10380000E-05  4.26960000E-04
2001-11-22T05:33:03.132 -3.54860000E-04 -3.41870000E-04  4.34890000E-04
2001-11-22T05:33:04.132  6.72280000E-05 -1.60840000E-04  3.67990000E-04
2001-11-22T05:33:05.132 -1.63820000E-04 -3.50310000E-04  4.05350000E-04
2001-11-22T05:33:06.132  2.72410000E-06 -6.98350000E-05  4.54090000E-04
2001-11-22T05:33:07.132 -2.36720000E-04 -3.29710000E-04  4.20760000E-04
2001-11-22T05:33:08.132 -1.08670000E-05 -1.59490000E-04  4.47430000E-04
2001-11-22T05:33:09.132 -2.22980000E-04 -2.81620000E-04  5.84070000E-04
2001-11-22T05:33:10.132 -1.40250000E-04 -2.68820000E-04  6.42390000E-04
2001-11-22T05:33:11.132  3.00380000E-05 -2.39780000E-04  3.64450000E-04
2001-11-22T05:33:12.132 -2.11760000E-04 -2.39060000E-04  3.24950000E-04
2001-11-22T05:33:13.132 -5.25240000E-05 -4.24150000E-04  3.83770000E-04
2001-11-22T05:33:14.132 -1.55630000E-04 -1.20090000E-04  3.92380000E-04
2001-11-22T05:33:15.132 -2.24490000E-04 -3.52970000E-04  7.40740000E-04
2001-11-22T05:33:16.132  3.42220000E-05 -2.10140000E-04  4.47990000E-04
2001-11-22T05:33:17.132 -6.79880000E-05 -1.94980000E-04  3.63390000E-04
2001-11-22T05:33:18.132 -2.12220000E-04 -2.80890000E-04  6.95460000E-04
2001-11-22T05:33:19.132 -5.87810000E-05 -2.38520000E-04  4.39420000E-04
2001-11-22T05:33:20.132 -1.87330000E-04 -2.31630000E-04  3.72270000E-04
2001-11-22T05:33:21.132 -1.61900000E-04 -2.50970000E-04  4.70800000E-04
2001-11-22T05:33:22.132 -2.55880000E-04 -2.46690000E-04  4.14020000E-04
2001-11-22T05:33:23.132  2.14990000E-05 -8.25260000E-05  7.10030000E-04
2001-11-22T05:33:24.132 -1.89820000E-04 -1.78550000E-04  2.88670000E-04
2001-11-22T05:33:25.132 -8.51180000E-06 -2.07750000E-04  5.22750000E-04
2001-11-22T05:33:26.132 -2.42000000E-04 -2.80300000E-04  1.58710000E-04
2001-11-22T05:33:27.132 -6.74420000E-05  5.65970000E-06  5.47760000E-04
2001-11-22T05:33:28.132 -1.52310000E-04 -3.50350000E-04  3.53340000E-04
2001-11-22T05:33:29.132 -2.01780000E-04 -2.27270000E-04  7.33780000E-04
2001-11-22T05:33:30.132 -1.61570000E-04 -2.93780000E-04  4.64800000E-04
2001-11-22T05:33:31.132 -3.70700000E-05 -5.43240000E-05  5.56680000E-04
2001-11-22T05:33:32.132 -1.05430000E-04 -2.90540000E-04  2.89830000E-04
2001-11-22T05:33:33.132 -9.85130000E-05 -3.50280000E-04  5.33050000E-04
2001-11-22T05:33:34.132 -2.64720000E-04 -2.57500000E-04  5.62420000E-04
2001-11-22T05:33:35.132  8.27470000E-05 -1.98040000E-04  4.12360000E-04
2001-11-22T05:33:36.132 -1.57540000E-04 -2.07250000E-04  2.08710000E-04
2001-11-22T05:33:37.132 -1.01130000E-04 -2.05230000E-04  4.49400000E-04
2001-11-22T05:33:38.132 -5.86600000E-05 -2.03000000E-04  6.78860000E-04
2001-11-22T05:33:39.132 -1.84770000E-04 -2.82600000E-04  4.30270000E-04
2001-11-22T05:33:40.132  6.18550000E-06 -2.36020000E-04  3.35950000E-04
2001-11-22T05:33:41.132 -2.51260000E-04 -2.27930000E-04  3.50740000E-04
2001-11-22T05:33:42.132 -4.53420000E-05 -2.23650000E-04  5.04860000E-04
2001-11-22T05:33:43.132 -7.96000000E-05 -2.83580000E-04  5.26900000E-04
2001-11-22T05:33:44.132 -5.29170000E-05 -1.19230000E-04  4.98810000E-04
2001-11-22T05:33:45.132 -1.84260000E-04 -3.54790000E-04  4.66450000E-04
2001-11-22T05:33:46.132 -1.19150000E-04 -1.60720000E-04  5.24760000E-04
2001-11-22T05:33:47.132 -2.18910000E-04 -2.81610000E-04  4.28170000E-04
2001-11-22T05:33:48.132 -7.85720000E-05 -4.34300000E-05  1.66820000E-04
2001-11-22T05:33:49.132 -1.84110000E-04 -3.52260000E-04  3.36930000E-04
2001-11-22T05:33:50.132  2.91590000E-05 -4.22340000E-05  5.33770000E-04
2001-11-22T05:33:51.132 -1.79880000E-04 -2.77670000E-04  4.63370000E-04
2001-11-22T05:33:52.132 -1.01940000E-04 -7.51180000E-05  2.38780000E-05
2001-11-22T05:33:53.132 -1.95770000E-04 -1.78560000E-04  2.73640000E-04
2001-11-22T05:33:54.132 -1.28410000E-04 -2.39000000E-04  5.36140000E-04
2001-11-22T05:33:55.132 -7.30890000E-05  2.41610000E-05  3.54250000E-04
2001-11-22T05:33:56.132 -1.74570000E-04 -2.12000000E-04  3.16470000E-04
2001-11-22T05:33:57.132  1.62510000E-05 -1.49040000E-04  5.51210000E-04
2001-11-22T05:33:58.132 -1.27090000E-04 -2.97460000E-04  4.76680000E-04
2001-11-22T05:33:59.132 -5.95250000E-05 -1.38000000E-04  3.70850000E-04
2001-11-22T05:34:00.132 -1.87060000E-04 -1.33090000E-04  5.54440000E-04
2001-11-22T05:34:01.132 -6.92440000E-05 -2.16970000E-04  1.86450000E-04
2001-11-22T05:34:02.132 -3.48100000E-05 -1.28020000E-04  3.16500000E-04
2001-11-22T05:34:03.132 -1.21840000E-04 -2.75670000E-04  8.23030000E-04
2001-11-22T05:34:04.132 -2.16430000E-04 -2.98580000E-04  2.66270000E-04
2001-11-22T05:34:05.132 -7.96090000E-05 -6.45330000E-05  3.54340000E-04
2001-11-22T05:34:06.132 -2.29720000E-04 -2.92650000E-04  1.67690000E-04
2001-11-22T05:34:07.132 -6.58010000E-05 -2.46410000E-04  4.64310000E-04
2001-11-22T05:34:08.132 -1.55660000E-04 -2.91460000E-04  6.50010000E-04
2001-11-22T05:34:09.132 -1.28410000E-04 -2.39000000E-04  5.35390000E-04
2001-11-22T05:34:10.132 -8.41660000E-05 -3.19150000E-04  3.65040000E-04
2001-11-22T05:34:11.132 -9.60950000E-05 -2.24430000E-04  4.17000000E-04
2001-11-22T05:34:12.132 -6.75990000E-05 -2.53740000E-04  4.52280000E-04
2001-11-22T05:34:13.132 -1.71170000E-04 -1.17130000E-04  3.27700000E-04
2001-11-22T05:34:14.132 -9.57050000E-05 -3.91340000E-04  9.00530000E-04
2001-11-22T05:34:15.132 -1.80860000E-04 -2.10360000E-04  3.11230000E-04
2001-11-22T05:34:16.132 -8.55770000E-05 -2.26880000E-04  5.38940000E-04
2001-11-22T05:34:17.132 -3.83990000E-05 -3.08810000E-04  4.57440000E-04
2001-11-22T05:34:18.132 -6.48440000E-05 -1.75540000E-04  3.12910000E-04
2001-11-22T05:34:19.132 -3.11500000E-04 -3.37250000E-04  4.70070000E-04
2001-11-22T05:34:20.132 -1.28500000E-04 -2.57290000E-04  4.19440000E-04
2001-11-22T05:34:21.132 -2.20720000E-04 -2.32020000E-04  6.66100000E-04
2001-11-22T05:34:22.132 -2.00990000E-04 -2.13760000E-04  4.16000000E-04
2001-11-22T05:34:23.132 -1.89060000E-04 -3.53420000E-04  3.31680000E-04
2001-11-22T05:34:24.132 -2.18610000E-05 -2.83520000E-04  5.24360000E-04
2001-11-22T05:34:25.132 -1.51830000E-04 -6.86530000E-05  3.14020000E-04
2001-11-22T05:34:26.132 -3.12220000E-05 -2.33480000E-04  5.15340000E-04
2001-11-22T05:34:27.132 -3.29010000E-04 -3.37220000E-04  4.95750000E-04
2001-11-22T05:34:28.132 -3.16970000E-05 -3.24040000E-04  8.09070000E-04
2001-11-22T05:34:29.132 -2.15020000E-04 -1.02470000E-04  2.70670000E-04
2001-11-22T05:34:30.132 -1.21960000E-04 -7.45000000E-05  4.09520000E-04
2001-11-22T05:34:31.132 -2.84350000E-04 -3.91260000E-04  8.08070000E-04
2001-11-22T05:34:32.132 -3.45980000E-05 -1.37660000E-04  3.21780000E-04
2001-11-22T05:34:33.132 -1.96160000E-04 -2.37190000E-04  4.22010000E-04
2001-11-22T05:34:34.132 -2.80300000E-05 -1.36120000E-04  3.24010000E-04
2001-11-22T05:34:35.132 -1.55960000E-04 -3.44200000E-04  8.15700000E-04
2001-11-22T05:34:36.132  1.85580000E-05 -9.27250000E-05  4.02070000E-04
2001-11-22T05:34:37.132 -2.63850000E-04 -2.43340000E-04  3.60600000E-04
2001-11-22T05:34:38.132 -5.38800000E-05 -2.73920000E-04  2.41380000E-04
2001-11-22T05:34:39.132 -1.97430000E-04 -2.22810000E-04  7.75170000E-04
2001-11-22T05:34:40.132 -1.10030000E-04 -1.06400000E-04  6.08270000E-04
2001-11-22T05:34:41.132 -1.81650000E-04 -2.51400000E-04  3.72250000E-04
2001-11-22T05:34:42.132 -1.53590000E-04 -3.39970000E-04  4.47470000E-04
2001-11-22T05:34:43.132 -1.54760000E-04 -1.23360000E-04  4.12710000E-04
2001-11-22T05:34:44.132  8.56960000E-06 -1.74840000E-04  7.80930000E-04
2001-11-22T05:34:45.132 -1.28470000E-04 -2.77240000E-04  2.49270000E-04
2001-11-22T05:34:46.132 -1.69630000E-04 -1.48030000E-04  5.70930000E-04
2001-11-22T05:34:47.132 -1.42700000E-05 -1.50200000E-04  3.40510000E-04
2001-11-22T05:34:48.132 -3.12040000E-04 -4.40630000E-04  7.71330000E-04
2001-11-22T05:34:49.132 -1.07030000E-06 -2.16630000E-04  3.48020000E-04
2001-11-22T05:34:50.132 -1.09190000E-04 -2.08180000E-04  4.97630000E-04
2001-11-22T05:34:51.132 -1.75410000E-04 -1.82060000E-04  2.38150000E-04
2001-11-22T05:34:52.132 -2.25310000E-04 -1.92820000E-04  4.08580000E-04
2001-11-22T05:34:53.132 -1.69070000E-05 -2.23970000E-04  6.43280000E-04
2001-11-22T05:34:54.132 -2.44800000E-04 -1.74310000E-04  5.61520000E-04
2001-11-22T05:37:08.131 -4.10100000E-05 -3.20210000E-04  5.77180000E-04
2001-11-22T05:37:09.131 -2.83070000E-04 -2.70600000E-04  2.16880000E-04
2001-11-22T05:37:10.131 -2.66490000E-05 -2.19340000E-04  6.41820000E-04
2001-11-22T05:37:11.131 -2.90700000E-04 -2.94930000E-04  3.18590000E-04
2001-11-22T05:37:12.131 -1.79090000E-04 -2.39360000E-04  3.42870000E-04
2001-11-22T05:37:13.131 -9.52950000E-05 -1.73290000E-04  8.34890000E-04
2001-11-22T05:37:14.131 -6.94510000E-05 -1.28560000E-04  3.50560000E-04
2001-11-22T05:37:15.131 -2.38760000E-05 -5.35580000E-05  3.93970000E-04
2001-11-22T05:37:16.131 -9.01480000E-05 -7.03890000E-06  7.39140000E-04
2001-11-22T05:37:17.131 -1.47170000E-04 -2.31330000E-04  6.01740000E-04
2001-11-22T05:37:18.131  7.37660000E-05 -1.24020000E-04  3.58900000E-04
2001-11-22T05:37:19.131 -2.29560000E-04 -1.30680000E-04  6.77380000E-04
2001-11-22T05:37:20.131  3.54220000E-05 -8.77760000E-05  4.79550000E-04
2001-11-22T05:37:21.131  9.12930000E-05 -2.15820000E-04  5.27540000E-04
2001-11-22T05:37:22.131 -1.65650000E-04 -2.25950000E-04  5.49120000E-04
2001-11-22T05:37:23.131 -3.00300000E-05 -1.10070000E-04  5.25050000E-04
2001-11-22T05:37:24.131 -1.44410000E-04 -2.72620000E-04  7.41060000E-04
2001-11-22T05:37:25.131  8.62200000E-05 -7.20750000E-05  5.14680000E-04
2001-11-22T05:37:26.131 -1.73050000E-04 -2.19390000E-04  5.51410000E-04
2001-11-22T05:37:27.131 -1.17620000E-04 -1.69380000E-04  5.64670000E-04
2001-11-22T05:37:28.131 -2.18120000E-04 -2.18520000E-04  5.03430000E-04
2001-11-22T05:37:29.131  1.35770000E-06 -1.15770000E-04  3.77320000E-04
2001-11-22T05:37:30.131 -1.85590000E-04 -1.43630000E-04  8.39080000E-04
2001-11-22T05:37:31.131 -3.47360000E-05 -1.97950000E-04  4.41540000E-04
2001-11-22T05:37:32.131 -7.93510000E-05 -8.36080000E-05  5.50130000E-04
2001-11-22T05:37:33.131 -1.12350000E-04 -1.86880000E-04  6.59530000E-04
2001-11-22T05:37:34.131  3.71790000E-06 -1.24960000E-04  4.88000000E-04
2001-11-22T05:37:35.131 -2.44200000E-04 -2.78820000E-04  8.99680000E-04
2001-11-22T05:37:36.131 -7.76180000E-06 -1.13800000E-04  4.45130000E-04
2001-11-22T05:37:37.131 -1.60390000E-04 -2.70970000E-04  3.87220000E-04
