2001-11-13T10:11:45.346 -5.56560000E-05 -3.80780000E-04  6.87230000E-04
2001-11-13T10:11:46.346 -9.82280000E-05 -1.94840000E-04  4.10220000E-04
2001-11-13T10:11:47.346 -2.02860000E-04 -3.25900000E-04  3.83690000E-04
2001-11-13T10:11:48.346 -3.97050000E-05 -2.21800000E-04  1.94590000E-04
2001-11-13T10:11:49.346 -1.87120000E-04 -3.01540000E-04  5.25170000E-04
2001-11-13T10:11:50.346  1.67020000E-05 -2.32370000E-04  6.76250000E-04
2001-11-13T10:11:51.346 -2.33620000E-04 -2.97460000E-04  3.38640000E-04
2001-11-13T10:11:52.346 -1.32390000E-04 -3.53270000E-04  3.26890000E-04
2001-11-13T10:11:53.346 -1.25440000E-04 -1.88070000E-04  4.04320000E-04
2001-11-13T10:11:54.346 -8.20690000E-05 -3.72050000E-04  5.87200000E-04
2001-11-13T10:11:55.346 -1.97780000E-05 -1.39850000E-04  5.55900000E-04
2001-11-13T10:11:56.346 -1.74680000E-04 -2.67040000E-04  3.41350000E-04
2001-11-13T10:11:57.346 -1.15030000E-04 -3.20130000E-04  3.01940000E-04
2001-11-13T10:11:58.346 -5.11830000E-05 -1.55800000E-04  4.43860000E-04
2001-11-13T10:11:59.346 -6.16950000E-05 -3.85630000E-04  6.35300000E-04
2001-11-13T10:12:00.346 -1.58440000E-04 -2.56690000E-04  4.08290000E-04
2001-11-13T10:12:01.346 -5.84890000E-05 -2.26310000E-04  3.78420000E-04
2001-11-13T10:12:02.346  4.36360000E-05 -8.66790000E-05  7.22730000E-04
2001-11-13T10:12:03.346 -1.62740000E-04 -3.29610000E-04  3.48110000E-04
2001-11-13T10:12:04.346 -9.96900000E-05 -2.73970000E-04  2.78500000E-04
2001-11-13T10:12:05.346 -1.27270000E-04 -1.86160000E-04  5.44390000E-04
2001-11-13T10:12:06.346 -1.33430000E-04 -2.64100000E-04  6.37840000E-04
2001-11-13T10:12:07.346 -1.84700000E-04 -2.86590000E-04  1.85540000E-04
2001-11-13T10:12:08.346 -9.00380000E-06 -3.04830000E-04  7.14070000E-04
2001-11-13T10:12:09.346 -1.83130000E-04 -2.53220000E-04  5.46960000E-04
2001-11-13T10:12:10.346 -6.77030000E-05 -2.01460000E-04  3.23480000E-04
2001-11-13T10:12:11.346  4.63220000E-05 -2.27340000E-04  4.00510000E-04
2001-11-13T10:12:12.346 -1.22480000E-04 -3.40430000E-04  6.99580000E-04
2001-11-13T10:12:13.346 -1.13990000E-04 -2.70860000E-04  4.70580000E-04
2001-11-13T10:12:14.346 -7.88380000E-05 -2.60410000E-04  2.42240000E-04
2001-11-13T10:12:15.346  9.66860000E-06 -2.28080000E-04  5.76890000E-04
2001-11-13T10:12:16.346 -1.57260000E-04 -2.60970000E-04  5.13710000E-04
2001-11-13T10:12:17.346 -5.54700000E-05 -2.91950000E-04  2.54200000E-04
2001-11-13T10:12:18.346  5.27320000E-05 -2.54360000E-04  6.93410000E-04
2001-11-13T10:12:19.346 -2.16890000E-04 -3.05980000E-04  3.09950000E-04
2001-11-13T10:12:20.346 -8.34180000E-05 -2.30440000E-04  3.87580000E-04
2001-11-13T10:12:21.346 -1.06730000E-04 -2.31640000E-04  7.91310000E-04
2001-11-13T10:12:22.346  9.39240000E-05 -3.03970000E-04  3.06190000E-04
2001-11-13T10:12:23.346 -1.28380000E-04 -3.20500000E-04  3.14050000E-04
2001-11-13T10:12:24.346 -1.07520000E-04 -2.95370000E-04  6.16650000E-04
2001-11-13T10:12:25.346 -1.37540000E-04 -8.12040000E-05  2.98900000E-04
2001-11-13T10:12:26.346 -9.12790000E-05 -2.55210000E-04  5.60070000E-04
2001-11-13T10:12:27.346 -9.92760000E-06 -2.35640000E-04  3.13430000E-04
2001-11-13T10:12:28.346 -2.18190000E-04 -3.34870000E-04  7.05310000E-04
2001-11-13T10:12:29.346 -2.18960000E-05 -9.49330000E-05  3.70640000E-04
2001-11-13T10:12:30.346 -3.19200000E-04 -2.44200000E-04  3.17940000E-04
2001-11-13T10:12:31.346 -1.04390000E-05 -2.19080000E-04  7.84060000E-04
2001-11-13T10:12:32.346 -1.05290000E-04 -3.31690000E-04  3.24490000E-04
2001-11-13T10:12:33.346 -8.18350000E-05 -2.16200000E-04  3.34100000E-04
2001-11-13T10:12:34.346 -6.96080000E-05 -4.44450000E-04  4.42600000E-04
2001-11-13T10:12:35.346 -1.03970000E-04 -2.09090000E-04  6.01520000E-04
2001-11-13T10:12:36.346 -9.19670000E-06 -2.92480000E-04  2.13310000E-04
2001-11-13T10:12:37.346 -7.15010000E-05 -3.44260000E-04  4.75690000E-04
2001-11-13T10:12:38.346 -1.79290000E-05 -3.36240000E-04  5.67290000E-04
2001-11-13T10:12:39.346 -2.58210000E-05 -1.93430000E-04  4.30200000E-04
2001-11-13T10:12:40.346 -6.89530000E-05 -2.60610000E-04  4.12380000E-04
2001-11-13T10:12:41.346 -5.00720000E-05 -3.18040000E-04  3.17440000E-04
2001-11-13T10:12:42.346  6.11070000E-05 -1.76830000E-04  4.00410000E-04
2001-11-13T10:12:43.346 -1.45360000E-04 -2.58230000E-04  6.01750000E-04
2001-11-13T10:12:44.346 -7.60640000E-05 -3.18700000E-04  4.85490000E-04
2001-11-13T10:12:45.346 -5.77690000E-06 -1.48460000E-04  1.82340000E-04
2001-11-13T10:12:46.346 -2.44310000E-04 -4.35100000E-04  7.40130000E-04
2001-11-13T10:12:47.346 -6.25470000E-05 -1.52190000E-04  3.46020000E-04
2001-11-13T10:12:48.346 -1.27440000E-04 -2.92670000E-04  4.23970000E-04
2001-11-13T10:12:49.346 -1.62600000E-04 -2.22470000E-04  5.61150000E-04
2001-11-13T10:12:50.346 -4.83430000E-05 -1.46060000E-04  2.91730000E-04
2001-11-13T10:12:51.346 -4.51990000E-05 -4.40390000E-04  3.25770000E-04
2001-11-13T10:12:52.346 -1.16500000E-04 -1.49730000E-04  5.33780000E-04
2001-11-13T10:12:53.346 -1.56450000E-04 -2.49750000E-04  5.79210000E-04
2001-11-13T10:12:54.346 -3.17390000E-05 -2.85010000E-04  2.75920000E-04
2001-11-13T10:12:55.346 -2.56900000E-04 -3.29560000E-04  3.33500000E-04
2001-11-13T10:12:56.346 -3.66660000E-05 -1.25890000E-04  6.70430000E-04
2001-11-13T10:12:57.346 -2.24800000E-04 -2.91910000E-04  2.88900000E-04
2001-11-13T10:12:58.346 -4.90580000E-06 -1.48140000E-04  5.82180000E-04
2001-11-13T10:12:59.346 -1.91340000E-04 -3.04510000E-04  3.70070000E-04
2001-11-13T10:13:00.346 -5.86140000E-05 -3.70610000E-04  4.32720000E-04
2001-11-13T10:13:01.346 -1.34740000E-04 -2.10060000E-04  5.58750000E-04
2001-11-13T10:13:02.346 -3.87960000E-05 -2.90580000E-04  4.72490000E-04
2001-11-13T10:13:03.346 -1.65310000E-04 -2.16060000E-04  3.17180000E-04
2001-11-13T10:13:04.346 -1.09810000E-04 -2.65380000E-04  4.57760000E-04
2001-11-13T10:13:05.346 -3.22760000E-05 -1.33420000E-04  5.02490000E-04
2001-11-13T10:13:06.346 -2.81570000E-04 -4.02530000E-04  4.87280000E-04
2001-11-13T10:13:07.346  5.86820000E-05 -1.61760000E-04  2.75410000E-04
2001-11-13T10:13:08.346 -1.52190000E-04 -4.47980000E-04  5.71770000E-04
2001-11-13T10:13:09.346 -1.44220000E-04 -1.49960000E-04  4.42800000E-04
2001-11-13T10:13:10.346 -1.06150000E-04 -2.74450000E-04  2.77780000E-04
2001-11-13T10:13:11.346 -1.91350000E-04 -2.80130000E-04  6.85570000E-04
2001-11-13T10:13:12.346 -8.30310000E-05 -2.03720000E-04  4.04130000E-04
2001-11-13T10:13:13.346 -1.64820000E-04 -2.21460000E-04  2.99870000E-04
2001-11-13T10:13:14.346 -1.70330000E-05 -3.49580000E-04  6.74980000E-04
2001-11-13T10:13:15.346 -9.54080000E-05 -2.43900000E-04  2.62650000E-04
2001-11-13T10:13:16.346  6.65620000E-06 -2.55290000E-04  3.56290000E-04
2001-11-13T10:13:17.346 -2.49830000E-04 -2.54440000E-04  7.09930000E-04
2001-11-13T10:13:18.346 -2.11280000E-05 -2.38930000E-04  2.70570000E-04
2001-11-13T10:13:19.346 -1.40610000E-04 -1.69520000E-04  4.54840000E-04
2001-11-13T10:13:20.346 -6.81780000E-05 -2.70180000E-04  5.34370000E-04
2001-11-13T10:13:21.346 -8.40250000E-05 -2.42460000E-04  6.02950000E-04
2001-11-13T10:13:22.346 -1.00240000E-04 -2.32870000E-04  1.59500000E-04
2001-11-13T10:13:23.346 -3.42200000E-05 -3.34610000E-04  7.07430000E-04
2001-11-13T10:13:24.346 -1.04370000E-04 -3.87240000E-04  4.63820000E-04
2001-11-13T10:13:25.346  9.05710000E-05 -2.88160000E-04  3.08460000E-04
2001-11-13T10:13:26.346 -3.07860000E-04 -3.06400000E-04  6.39460000E-04
2001-11-13T10:13:27.346 -3.21940000E-05 -3.53940000E-04  2.71440000E-04
2001-11-13T10:13:28.346 -1.53310000E-04 -3.98970000E-04  2.93130000E-04
2001-11-13T10:13:29.346 -4.61220000E-05 -2.09020000E-04  6.20820000E-04
2001-11-13T10:13:30.346 -3.72410000E-05 -1.82480000E-04  1.80250000E-04
2001-11-13T10:13:31.346 -9.60420000E-05 -2.64320000E-04  6.33140000E-04
2001-11-13T10:13:32.346 -8.94370000E-05 -2.21830000E-04  4.17720000E-04
2001-11-13T10:13:33.346 -2.69630000E-05 -2.96680000E-04  2.68370000E-04
2001-11-13T10:13:34.346  6.94410000E-05 -1.49270000E-04  3.85290000E-04
2001-11-13T10:13:35.346 -1.67660000E-04 -2.99040000E-04  5.22810000E-04
2001-11-13T10:13:36.346 -1.03310000E-04 -1.10730000E-04  6.44380000E-04
2001-11-13T10:13:37.346 -8.41470000E-05 -3.14310000E-04  3.88380000E-04
2001-11-13T10:13:38.346 -1.88160000E-04 -2.86530000E-04  4.67180000E-04
2001-11-13T10:13:39.346 -9.07060000E-05 -2.54950000E-04  3.39440000E-04
2001-11-13T10:13:40.346 -1.43860000E-04 -3.66860000E-04  6.49240000E-04
2001-11-13T10:13:41.346  7.76450000E-05 -2.68740000E-04  3.64230000E-04
2001-11-13T10:13:42.346 -1.73210000E-04 -3.69150000E-04  4.81460000E-04
2001-11-13T10:13:43.346 -1.35560000E-04 -1.55960000E-04  5.79810000E-04
2001-11-13T10:13:44.346 -1.89240000E-04 -3.02610000E-04  3.26380000E-04
2001-11-13T10:13:45.346 -8.03790000E-05 -2.09320000E-04  3.95080000E-04
2001-11-13T10:13:46.346  2.50600000E-05 -2.96800000E-04  6.39350000E-04
2001-11-13T10:13:47.346 -1.45500000E-04 -2.23190000E-04  3.48720000E-04
2001-11-13T10:13:48.346 -1.90240000E-05 -1.28450000E-04  2.71250000E-04
2001-11-13T10:13:49.346 -2.28330000E-04 -3.70810000E-04  7.25710000E-04
2001-11-13T10:13:50.346 -9.98190000E-05 -1.38920000E-04  5.72090000E-04
2001-11-13T10:13:51.346 -1.30350000E-04 -2.08550000E-04  3.29060000E-04
2001-11-13T10:13:52.346 -1.03720000E-04 -2.74600000E-04  3.43280000E-04
2001-11-13T10:13:53.346  2.48030000E-05 -2.66370000E-04  5.61780000E-04
2001-11-13T10:13:54.346 -7.48710000E-05 -1.45290000E-04  7.67760000E-04
2001-11-13T10:13:55.346 -1.08750000E-04 -1.97860000E-04  1.69310000E-04
2001-11-13T10:13:56.346 -1.09390000E-04 -2.79820000E-04  4.86380000E-04
2001-11-13T10:13:57.346  1.22270000E-04 -2.80570000E-04  6.41880000E-04
2001-11-13T10:13:58.346 -2.42730000E-04 -3.01590000E-04  1.90350000E-04
2001-11-13T10:13:59.346  7.69120000E-07 -3.16040000E-05  5.42930000E-04
2001-11-13T10:14:00.346 -1.45160000E-04 -3.66160000E-04  6.97440000E-04
2001-11-13T10:14:01.346 -4.55270000E-05 -2.23250000E-04  3.46730000E-04
2001-11-13T10:14:02.346 -1.81670000E-04 -4.19420000E-04  2.32290000E-04
2001-11-13T10:14:03.346 -1.80330000E-05 -9.30470000E-05  4.71520000E-04
2001-11-13T10:14:04.346 -8.78810000E-05 -2.57570000E-04  6.45150000E-04
2001-11-13T10:14:05.346 -2.25900000E-04 -3.74560000E-04  4.10940000E-04
2001-11-13T10:14:06.346  9.84560000E-05 -1.23710000E-04  2.60890000E-04
2001-11-13T10:14:07.346 -1.59070000E-04 -2.18750000E-04  3.32220000E-04
2001-11-13T10:14:08.346 -4.17590000E-05 -3.12100000E-04  6.00530000E-04
2001-11-13T10:14:09.346 -7.61870000E-05 -2.16230000E-04  2.85880000E-04
2001-11-13T10:14:10.346 -2.95440000E-05 -3.38310000E-04  6.38130000E-04
2001-11-13T10:14:11.346 -2.83100000E-05 -1.43090000E-04  2.87110000E-04
2001-11-13T10:14:12.346 -1.52680000E-04 -3.03340000E-04  2.69730000E-04
2001-11-13T10:14:13.346 -1.04570000E-05 -1.12810000E-04  6.45440000E-04
2001-11-13T10:14:14.346 -1.19740000E-04 -5.08800000E-04  4.72250000E-04
2001-11-13T10:14:15.346 -2.27110000E-05 -1.20010000E-04  3.45060000E-04
2001-11-13T10:14:16.346 -6.01460000E-05 -4.18660000E-04  3.61970000E-04
2001-11-13T10:14:17.346  5.60580000E-06 -2.15910000E-04  6.12290000E-04
2001-11-13T10:14:18.346 -1.26040000E-04 -2.82650000E-04  4.13420000E-04
2001-11-13T10:14:19.346 -2.46640000E-05 -1.39130000E-04  3.02910000E-04
2001-11-13T10:14:20.346 -2.42550000E-06 -1.92410000E-04  3.83400000E-04
2001-11-13T10:14:21.346 -2.45490000E-04 -3.27070000E-04  6.59500000E-04
2001-11-13T10:14:22.346  2.20110000E-05 -1.21560000E-04  2.22850000E-04
2001-11-13T10:14:23.346 -2.51980000E-04 -3.12860000E-04  3.73380000E-04
2001-11-13T10:14:24.346 -2.78900000E-05 -2.14430000E-04  6.23750000E-04
2001-11-13T10:14:25.346 -1.68720000E-04 -3.49780000E-04  4.88210000E-04
2001-11-13T10:14:26.346 -4.26880000E-06 -2.57510000E-04  3.50320000E-04
2001-11-13T10:14:27.346 -1.51000000E-04 -2.17260000E-04  4.26300000E-04
2001-11-13T10:14:28.346 -1.66050000E-04 -2.53080000E-04  6.48530000E-04
2001-11-13T10:14:29.346 -4.68440000E-05 -2.71280000E-04  3.20410000E-04
2001-11-13T10:14:30.346 -1.35000000E-04 -3.53540000E-04  3.45730000E-04
2001-11-13T10:14:31.346  1.20600000E-04 -1.51990000E-04  7.38200000E-04
2001-11-13T10:14:32.346 -2.00940000E-04 -3.52600000E-04  6.59290000E-05
2001-11-13T10:14:33.346 -2.77290000E-05 -2.16320000E-04  3.57940000E-04
2001-11-13T10:14:34.346 -2.13320000E-04 -4.75490000E-04  6.14250000E-04
2001-11-13T10:14:35.346 -3.48700000E-05 -1.00510000E-04  5.59710000E-04
2001-11-13T10:14:36.346 -9.20560000E-05 -1.81580000E-04  3.28860000E-04
2001-11-13T10:14:37.346 -6.92900000E-05 -1.93420000E-04  7.32370000E-04
2001-11-13T10:14:38.346 -9.69040000E-05 -3.22400000E-04  2.23540000E-04
2001-11-13T10:14:39.346 -1.80280000E-04 -2.96400000E-04  4.03150000E-04
2001-11-13T10:14:40.346  3.52140000E-06 -1.56900000E-04  6.11510000E-04
2001-11-13T10:14:41.346 -1.65850000E-04 -3.61860000E-04  4.27210000E-04
2001-11-13T10:14:42.346 -5.73700000E-06 -1.34790000E-04  4.88050000E-04
2001-11-13T10:14:43.346  5.72500000E-05 -2.41490000E-04  6.09040000E-04
2001-11-13T10:14:44.346 -1.49320000E-04 -2.19190000E-04  2.54610000E-04
2001-11-13T10:14:45.346 -7.98180000E-05 -2.89070000E-04  3.62750000E-04
2001-11-13T10:14:46.346 -5.05690000E-05 -2.42670000E-04  7.82760000E-04
2001-11-13T10:14:47.346 -2.70200000E-05 -1.96080000E-04  3.42110000E-04
2001-11-13T10:14:48.346 -2.36940000E-04 -4.17950000E-04  3.88430000E-04
2001-11-13T10:14:49.346 -1.08890000E-04 -2.46160000E-04  5.05180000E-04
2001-11-13T10:14:50.346 -1.37570000E-04 -3.27970000E-04  5.46780000E-04
2001-11-13T10:14:51.346 -4.13920000E-05 -1.58330000E-04  4.15200000E-04
2001-11-13T10:14:52.346 -8.97990000E-05 -3.04620000E-04  4.74250000E-04
2001-11-13T10:14:53.346 -8.54070000E-05 -2.78740000E-04  5.61560000E-04
2001-11-13T10:14:54.346 -1.20310000E-04 -2.18170000E-04  7.13050000E-04
2001-11-13T10:14:55.346 -3.71690000E-05 -3.83870000E-04  3.63350000E-04
2001-11-13T10:14:56.346 -1.44350000E-04 -1.23300000E-04  3.51670000E-04
2001-11-13T10:14:57.346 -2.28570000E-04 -3.55100000E-04  3.74040000E-04
2001-11-13T10:14:58.346  1.08080000E-04 -2.24110000E-04  7.30020000E-04
2001-11-13T10:14:59.346 -2.02410000E-04 -2.76290000E-04  3.10620000E-04
2001-11-13T10:15:00.346 -1.59710000E-04 -2.79090000E-04  3.48820000E-04
2001-11-13T10:15:01.346 -6.85630000E-05 -3.00460000E-04  6.98540000E-04
2001-11-13T10:15:02.346 -6.16670000E-05 -2.96170000E-04  2.69290000E-04
2001-11-13T10:15:03.346 -1.71370000E-04 -2.88520000E-04  5.50690000E-04
2001-11-13T10:15:04.346 -4.25650000E-05 -2.28600000E-04  6.21570000E-04
2001-11-13T10:15:05.346 -6.08330000E-05 -2.67940000E-04  2.38400000E-04
2001-11-13T10:15:06.346 -2.65710000E-04 -2.98560000E-04  5.81270000E-04
2001-11-13T10:15:07.346  3.77800000E-05 -1.61880000E-04  3.79430000E-04
2001-11-13T10:15:08.346 -9.96580000E-05 -3.80640000E-04  5.39850000E-04
2001-11-13T10:15:09.346 -7.54180000E-06 -1.61870000E-04  5.17440000E-04
2001-11-13T10:15:10.346 -2.47200000E-04 -2.97860000E-04  3.02570000E-04
2001-11-13T10:15:11.346  8.39220000E-05 -3.02300000E-04  5.30640000E-04
2001-11-13T10:15:12.346 -1.53830000E-04 -1.74300000E-04  3.53250000E-04
2001-11-13T10:15:13.346 -6.41700000E-05 -3.61130000E-04  3.19040000E-04
2001-11-13T10:15:14.346 -6.12240000E-05 -1.46980000E-04  8.58810000E-04
2001-11-13T10:15:15.346 -2.52570000E-04 -3.53460000E-04  3.56840000E-04
2001-11-13T10:15:16.346  1.03130000E-05 -2.01550000E-04  4.27020000E-04
2001-11-13T10:15:17.346 -1.73570000E-04 -3.53650000E-04  4.43810000E-04
2001-11-13T10:15:18.346  3.25320000E-05 -2.03190000E-04  2.96640000E-04
2001-11-13T10:15:19.346 -2.51050000E-04 -2.27690000E-04  6.12030000E-04
2001-11-13T10:15:20.346 -4.30700000E-06 -1.58370000E-04  5.67880000E-04
2001-11-13T10:15:21.346 -1.33500000E-04 -2.62230000E-04  3.62990000E-04
2001-11-13T10:15:22.346 -1.14390000E-04 -3.74030000E-04  4.63110000E-04
2001-11-13T10:15:23.346 -9.17300000E-05 -1.83640000E-04  4.36540000E-04
2001-11-13T10:15:24.346 -1.27350000E-04 -2.70400000E-04  2.40220000E-04
2001-11-13T10:15:25.346 -7.42200000E-05 -3.01920000E-04  3.25830000E-04
2001-11-13T10:15:26.346 -2.01910000E-04 -2.58780000E-04  7.50370000E-04
2001-11-13T10:15:27.346  1.07640000E-04 -2.11150000E-04  2.78210000E-04
2001-11-13T10:15:28.346 -2.53070000E-04 -2.98680000E-04  5.43560000E-04
2001-11-13T10:15:29.346 -5.22320000E-06 -2.80280000E-04  4.75330000E-04
2001-11-13T10:15:30.346 -1.74610000E-04 -3.67410000E-04  4.90510000E-04
2001-11-13T10:15:31.346  9.60720000E-05 -2.69290000E-04  4.26640000E-04
2001-11-13T10:15:32.346 -1.36600000E-04 -2.92380000E-04  4.05190000E-04
2001-11-13T10:15:33.346 -1.17540000E-04 -2.07170000E-04  7.46160000E-04
2001-11-13T10:15:34.346 -2.37850000E-05 -1.28310000E-04  5.03200000E-04
2001-11-13T10:15:35.346 -3.42910000E-05 -3.43450000E-04  4.14510000E-04
2001-11-13T10:15:36.346 -8.38300000E-05 -3.22890000E-04  3.95160000E-04
2001-11-13T10:15:37.346 -2.01450000E-04 -3.00120000E-04  6.32160000E-04
2001-11-13T10:15:38.346 -7.83040000E-05 -2.02370000E-04  5.84070000E-04
2001-11-13T10:15:39.346 -3.10990000E-05 -1.41700000E-04  3.48120000E-04
2001-11-13T10:15:40.346 -2.00560000E-04 -3.88440000E-04  6.09620000E-04
2001-11-13T10:15:41.346  8.87940000E-06 -1.74830000E-04  2.86200000E-04
2001-11-13T10:15:42.346 -1.48070000E-04 -2.69450000E-04  3.61560000E-04
2001-11-13T10:15:43.346  1.70090000E-05 -2.02930000E-04  7.35720000E-04
2001-11-13T10:15:44.346 -2.58630000E-04 -3.17330000E-04  6.33960000E-04
2001-11-13T10:15:45.346  4.83710000E-05 -1.88060000E-04  3.00320000E-04
2001-11-13T10:15:46.346 -1.71180000E-04 -2.88720000E-04  3.69960000E-04
2001-11-13T10:15:47.346 -4.20430000E-05 -1.81710000E-04  5.03320000E-04
2001-11-13T10:15:48.346 -2.53610000E-05 -2.83050000E-04  6.77990000E-04
2001-11-13T10:15:49.346 -6.00450000E-05 -2.99570000E-04  2.26360000E-04
2001-11-13T10:15:50.346 -5.31310000E-05 -1.05180000E-04  6.32090000E-04
2001-11-13T10:15:51.346 -7.99280000E-05 -2.30690000E-04  4.51570000E-04
2001-11-13T10:15:52.346 -7.53430000E-05 -2.73480000E-04  3.28830000E-04
2001-11-13T10:15:53.346 -1.61500000E-04 -3.64750000E-04  6.08660000E-04
2001-11-13T10:15:54.346 -9.07590000E-05 -2.45070000E-04  5.86420000E-04
2001-11-13T10:15:55.346 -2.97200000E-06 -2.76270000E-04  4.21860000E-04
2001-11-13T10:15:56.346 -2.28210000E-04 -1.68560000E-04  3.42310000E-04
2001-11-13T10:15:57.346  2.26390000E-05 -1.66430000E-04  3.19260000E-04
2001-11-13T10:15:58.346 -1.60000000E-04 -3.67750000E-04  4.20410000E-04
2001-11-13T10:15:59.346 -5.56140000E-06 -1.54510000E-04  5.67130000E-04
2001-11-13T10:16:00.346 -1.63110000E-04 -3.72060000E-04  6.36540000E-04
2001-11-13T10:16:01.346 -1.09700000E-05 -2.56960000E-04  2.80320000E-04
2001-11-13T10:16:02.346 -1.51230000E-04 -2.04890000E-04  4.76750000E-04
2001-11-13T10:16:03.346 -4.95960000E-05 -2.59180000E-04  4.07760000E-04
2001-11-13T10:16:04.346 -1.20340000E-05 -2.54130000E-04  3.39060000E-04
2001-11-13T10:16:05.346 -5.17350000E-05 -2.32950000E-04  2.40590000E-04
2001-11-13T10:16:06.346 -1.09530000E-04 -1.36160000E-04  8.35690000E-04
2001-11-13T10:16:07.346 -1.64830000E-04 -3.92420000E-04  4.43030000E-04
2001-11-13T10:16:08.346  2.46060000E-05 -7.48750000E-05  9.48030000E-05
2001-11-13T10:16:09.346 -8.14860000E-05 -3.55610000E-04  5.05860000E-04
2001-11-13T10:16:10.346 -1.23550000E-04 -2.30920000E-04  5.02980000E-04
2001-11-13T10:16:11.346 -1.63720000E-04 -2.82240000E-04  5.76250000E-04
2001-11-13T10:16:12.346 -3.45540000E-05 -2.43090000E-04  2.26210000E-04
2001-11-13T10:16:13.346 -4.46710000E-05 -1.41240000E-04  6.32070000E-04
2001-11-13T10:16:14.346 -2.97460000E-04 -4.55050000E-04  5.18260000E-04
2001-11-13T10:16:15.346 -1.08380000E-04 -2.06840000E-04  3.06360000E-04
2001-11-13T10:16:16.346 -1.58160000E-04 -3.91720000E-04  1.47070000E-04
2001-11-13T10:16:17.346  5.18280000E-05 -9.88380000E-05  5.44230000E-04
2001-11-13T10:16:18.346 -2.99220000E-04 -4.15110000E-04  7.27580000E-04
2001-11-13T10:16:19.346 -6.51190000E-05 -1.43430000E-04  3.11390000E-04
2001-11-13T10:16:20.346 -1.14040000E-04 -3.48580000E-04  2.73340000E-04
2001-11-13T10:16:21.346 -6.86760000E-05 -2.50280000E-04  6.08150000E-04
2001-11-13T10:16:22.346 -5.50650000E-05 -2.36020000E-04  6.09580000E-04
2001-11-13T10:16:23.346 -2.32580000E-04 -2.29090000E-04  3.65710000E-04
2001-11-13T10:16:24.346 -4.24210000E-05 -2.47490000E-04  4.54410000E-04
2001-11-13T10:16:25.346 -8.35870000E-05 -3.87140000E-04  3.34960000E-04
2001-11-13T10:16:26.346 -3.27850000E-05 -1.27590000E-04  3.96310000E-04
2001-11-13T10:16:27.346 -1.38660000E-04 -2.90280000E-04  7.16190000E-04
2001-11-13T10:16:28.346 -1.79570000E-04 -1.24320000E-04  3.87230000E-04
2001-11-13T10:16:29.346 -2.03610000E-04 -3.14230000E-04  2.27060000E-04
2001-11-13T10:16:30.346  4.94830000E-05 -8.01710000E-05  8.14560000E-04
2001-11-13T10:16:31.346 -9.05630000E-05 -2.86430000E-04  4.13250000E-04
2001-11-13T10:16:32.346 -1.60330000E-04 -3.10030000E-04  3.63900000E-04
2001-11-13T10:16:33.346 -2.43780000E-06 -1.59860000E-04  3.16370000E-04
2001-11-13T10:16:34.346 -1.24470000E-04 -3.27410000E-04  7.05600000E-04
2001-11-13T10:16:35.346 -4.05140000E-05 -1.91220000E-04  2.22440000E-04
2001-11-13T10:16:36.346 -1.94580000E-04 -1.33880000E-04  6.73450000E-04
2001-11-13T10:16:37.346 -1.44590000E-05 -3.74100000E-04  4.52840000E-04
2001-11-13T10:16:38.346 -2.09140000E-04 -2.29760000E-04  2.48130000E-04
2001-11-13T10:16:39.346 -1.31260000E-04 -2.13680000E-04  4.60840000E-04
2001-11-13T10:16:40.346 -2.20660000E-05 -5.35670000E-05  5.49080000E-04
2001-11-13T10:16:41.346 -1.18020000E-04 -2.66670000E-04  5.54940000E-04
2001-11-13T10:16:42.346  9.13030000E-05 -2.10160000E-04  3.09160000E-04
2001-11-13T10:16:43.346 -2.14360000E-04 -4.13660000E-04  3.30330000E-04
2001-11-13T10:16:44.346 -2.08340000E-07 -1.84170000E-04  8.01310000E-04
2001-11-13T10:16:45.346 -1.27090000E-04 -1.67890000E-04  1.19680000E-04
2001-11-13T10:16:46.346 -5.50440000E-05 -3.20660000E-04  4.46230000E-04
2001-11-13T10:16:47.346  7.80430000E-05 -1.78580000E-04  7.33150000E-04
2001-11-13T10:16:48.346 -9.88310000E-05 -3.66500000E-04  3.29750000E-04
2001-11-13T10:16:49.346 -3.24830000E-05 -1.60940000E-04  7.63050000E-04
2001-11-13T10:16:50.346 -3.19990000E-04 -2.85230000E-04  3.79720000E-04
2001-11-13T10:16:51.346 -3.56730000E-05 -2.98030000E-04  2.61630000E-04
2001-11-13T10:16:52.346 -1.32260000E-04 -2.52010000E-04  5.37680000E-04
2001-11-13T10:16:53.346 -2.66160000E-05 -7.02220000E-05  5.87520000E-04
2001-11-13T10:16:54.346 -2.11700000E-05 -2.97110000E-04  3.70000000E-04
2001-11-13T10:16:55.346 -2.62640000E-04 -3.12940000E-04  3.81710000E-04
2001-11-13T10:16:56.346  1.41860000E-04 -1.13400000E-04  6.43200000E-04
2001-11-13T10:16:57.346 -2.09520000E-04 -1.98080000E-04  3.44500000E-04
2001-11-13T10:16:58.346  5.06520000E-06 -2.29830000E-04  5.42270000E-04
2001-11-13T10:16:59.346 -1.24890000E-04 -2.22470000E-04  2.83110000E-04
2001-11-13T10:17:00.346 -4.52810000E-05 -2.50940000E-04  4.81530000E-04
2001-11-13T10:17:01.346 -2.24990000E-04 -2.73430000E-04  5.65240000E-04
2001-11-13T10:17:02.346  7.46810000E-05 -1.09640000E-04  3.86750000E-04
2001-11-13T10:17:03.346 -6.94680000E-05 -9.53760000E-05  3.82160000E-04
2001-11-13T10:17:04.346 -2.58980000E-04 -2.53520000E-04  7.92050000E-04
2001-11-13T10:17:05.346  8.70570000E-05 -1.14000000E-04  3.74640000E-04
2001-11-13T10:17:06.346 -1.23050000E-04 -3.09630000E-04  4.38270000E-04
2001-11-13T10:17:07.346 -1.48970000E-04 -2.16610000E-04  7.26740000E-04
2001-11-13T10:17:08.346  3.72670000E-05 -4.05430000E-05  2.95780000E-04
2001-11-13T10:17:09.346 -2.76820000E-04 -3.02890000E-04  5.78310000E-04
2001-11-13T10:17:10.346 -6.76720000E-06 -9.83580000E-05  4.69210000E-04
2001-11-13T10:17:11.346 -1.90490000E-04 -2.02980000E-04  3.93350000E-04
2001-11-13T10:17:12.346  1.00060000E-04 -1.70790000E-04  3.80640000E-04
2001-11-13T10:17:13.346 -2.65240000E-04 -7.27470000E-05  2.68640000E-04
2001-11-13T10:17:14.346 -3.83630000E-05 -1.78800000E-04  5.46220000E-04
2001-11-13T10:17:15.346 -2.82950000E-04 -1.71220000E-04  6.86700000E-04
2001-11-13T10:17:16.346 -5.05490000E-05 -2.72120000E-05  2.37460000E-04
2001-11-13T10:17:17.346 -6.55080000E-06 -2.01640000E-04  9.27850000E-04
2001-11-13T10:17:18.346 -2.21130000E-04 -8.52700000E-05  3.39970000E-04
2001-11-13T10:17:19.346  6.80540000E-05  3.30920000E-05  2.91820000E-04
2001-11-13T10:17:20.346 -2.17890000E-04 -9.60460000E-05  5.52310000E-04
2001-11-13T10:17:21.346 -1.06930000E-04  9.57510000E-05  4.04830000E-04
2001-11-13T10:17:22.346 -2.38420000E-04 -1.42350000E-05  2.83540000E-04
2001-11-13T10:17:23.346 -1.29360000E-04 -1.84280000E-04  6.30240000E-04
2001-11-13T10:17:24.346  3.43980000E-05  2.99390000E-05  4.70450000E-04
2001-11-13T10:17:25.346 -1.79160000E-04 -1.85810000E-04  4.20400000E-04
2001-11-13T10:17:26.346 -5.20870000E-05 -8.72190000E-05  5.06320000E-04
2001-11-13T10:17:27.346 -1.87990000E-04  1.11910000E-04  5.85180000E-04
2001-11-13T10:17:28.346 -1.81840000E-04 -8.02440000E-05  4.09050000E-04
2001-11-13T10:17:29.346 -1.15250000E-04  1.42960000E-04  3.31050000E-04
2001-11-13T10:17:30.346 -9.29710000E-05  9.11670000E-05  8.39250000E-04
2001-11-13T10:17:31.346 -1.61290000E-05  1.23680000E-04  2.95940000E-04
2001-11-13T10:17:32.346 -2.23170000E-04  1.19510000E-04  6.87000000E-04
2001-11-13T10:17:33.346 -2.32890000E-05  8.49130000E-05  4.36060000E-04
2001-11-13T10:17:34.346 -4.29520000E-05  1.58210000E-04  2.87010000E-04
2001-11-13T10:17:35.346  1.52850000E-05  3.02420000E-04  6.46590000E-04
2001-11-13T10:17:36.346 -1.63490000E-04  2.60680000E-04  2.87540000E-04
2001-11-13T10:17:37.346 -1.22550000E-05  1.52460000E-04  5.54940000E-04
2001-11-13T10:17:38.346 -1.33240000E-04  3.22300000E-04  5.14770000E-04
2001-11-13T10:17:39.346 -8.66680000E-05  4.13570000E-04  3.42050000E-04
2001-11-13T10:17:40.346 -2.13990000E-04  2.19200000E-04  6.97440000E-04
2001-11-13T10:17:41.346  3.03710000E-05  3.39930000E-04  5.10950000E-04
2001-11-13T10:17:42.346 -5.09680000E-05  2.09870000E-04  4.16540000E-04
2001-11-13T10:17:43.346 -2.09420000E-04  3.51370000E-04  6.86050000E-04
2001-11-13T10:17:44.346 -1.99810000E-05  4.26760000E-04  3.93680000E-04
2001-11-13T10:17:45.346 -1.31500000E-04  5.15710000E-04  5.27450000E-04
2001-11-13T10:17:46.346 -1.25150000E-04  4.06540000E-04  4.79290000E-04
2001-11-13T10:17:47.346 -1.43220000E-04  4.38000000E-04  3.46830000E-04
2001-11-13T10:17:48.346 -8.24900000E-05  5.23670000E-04  6.72540000E-04
2001-11-13T10:17:49.346 -9.34170000E-05  5.79210000E-04  6.77830000E-04
2001-11-13T10:17:50.346 -1.20870000E-04  4.57810000E-04  2.81200000E-04
2001-11-13T10:17:51.346 -1.64250000E-04  5.55480000E-04  4.08610000E-04
2001-11-13T10:17:52.346 -7.02250000E-05  7.46550000E-04  6.45250000E-04
2001-11-13T10:17:53.346 -1.52290000E-04  7.78130000E-04  6.56170000E-04
2001-11-13T10:17:54.346 -2.41770000E-04  7.75950000E-04  4.36720000E-04
2001-11-13T10:17:55.346 -9.70780000E-05  8.98050000E-04  5.13510000E-04
2001-11-13T10:17:56.346 -1.06980000E-04  8.55200000E-04  6.04700000E-04
2001-11-13T10:17:57.346 -8.42940000E-05  8.57190000E-04  3.91490000E-04
2001-11-13T10:17:58.346 -1.11250000E-04  8.78480000E-04  4.97030000E-04
2001-11-13T10:17:59.346 -1.40950000E-04  9.64160000E-04  5.83720000E-04
2001-11-13T10:18:00.346 -5.48330000E-05  1.20620000E-03  3.13590000E-04
2001-11-13T10:18:01.346 -2.10820000E-04  1.56370000E-03  7.62930000E-04
2001-11-13T10:18:02.346 -4.72080000E-05  1.59830000E-03  6.58960000E-04
2001-11-13T10:18:03.346 -1.63680000E-04  1.53870000E-03  3.65880000E-04
2001-11-13T10:18:04.346 -1.15510000E-04  1.78830000E-03  4.03160000E-04
2001-11-13T10:18:05.346 -2.62780000E-04  2.07170000E-03  8.52510000E-04
2001-11-13T10:18:06.346 -1.08160000E-06  2.17930000E-03  4.05400000E-04
2001-11-13T10:18:07.346 -1.81900000E-04  2.38520000E-03  4.67900000E-04
2001-11-13T10:18:08.346 -7.12540000E-05  2.36360000E-03  7.61810000E-04
2001-11-13T10:18:09.346 -1.55950000E-04  2.82020000E-03  4.68290000E-04
2001-11-13T10:18:10.346  2.24710000E-06  2.85720000E-03  6.39190000E-04
2001-11-13T10:18:11.346 -2.09260000E-04  2.70070000E-03  6.66650000E-04
2001-11-13T10:18:12.346 -1.84320000E-04  2.75170000E-03  4.33070000E-04
2001-11-13T10:18:13.346 -1.19800000E-04  2.79470000E-03  6.91020000E-04
2001-11-13T10:18:14.346 -1.20440000E-04  3.22980000E-03  4.97250000E-04
2001-11-13T10:18:15.346 -9.27190000E-05  3.47130000E-03  7.71830000E-04
2001-11-13T10:18:16.346 -1.20130000E-04  3.27960000E-03  6.12430000E-04
2001-11-13T10:18:17.346 -1.41670000E-04  3.31610000E-03  4.39320000E-04
2001-11-13T10:18:18.346  6.20500000E-05  3.77930000E-03  5.14130000E-04
2001-11-13T10:18:19.346 -1.76400000E-04  3.76060000E-03  6.51590000E-04
2001-11-13T10:18:20.346  2.40750000E-05  4.64440000E-03  7.13370000E-04
2001-11-13T10:18:21.346 -2.08410000E-04  4.24850000E-03  6.02520000E-04
2001-11-13T10:18:22.346  4.48700000E-05  4.70980000E-03  6.77840000E-04
2001-11-13T10:18:23.346 -8.31000000E-05  4.95150000E-03  2.58150000E-04
2001-11-13T10:18:24.346 -1.00190000E-04  5.47840000E-03  4.57480000E-04
2001-11-13T10:18:25.346 -7.88290000E-05  5.89120000E-03  9.29280000E-04
2001-11-13T10:18:26.346 -3.25540000E-05  6.09840000E-03  5.99870000E-04
2001-11-13T10:18:27.346  2.88600000E-05  5.89320000E-03  4.89000000E-04
2001-11-13T10:18:28.346  6.54760000E-06  6.00950000E-03  8.63290000E-04
2001-11-13T10:18:29.346  8.03170000E-05  6.21710000E-03  2.37820000E-04
2001-11-13T10:18:30.346 -9.76530000E-05  6.04910000E-03  9.02170000E-04
2001-11-13T10:18:31.346  1.84160000E-07  6.42470000E-03  5.24980000E-04
2001-11-13T10:18:32.346 -2.26820000E-05  6.31450000E-03  5.37200000E-04
2001-11-13T10:18:33.346 -1.10800000E-04  6.34800000E-03  8.13210000E-04
2001-11-13T10:18:34.346 -6.94710000E-05  6.85010000E-03  3.95560000E-04
2001-11-13T10:18:35.346  2.07000000E-04  7.59930000E-03  6.99530000E-04
2001-11-13T10:18:36.346 -1.69050000E-04  7.68300000E-03  7.39700000E-04
2001-11-13T10:18:37.346 -3.66350000E-05  7.34380000E-03  3.77050000E-04
2001-11-13T10:18:38.346 -9.12100000E-06  7.08090000E-03  8.80830000E-04
2001-11-13T10:18:39.346 -1.23860000E-04  6.69690000E-03  4.55400000E-04
2001-11-13T10:18:40.346 -1.16920000E-04  6.29130000E-03  7.31200000E-04
2001-11-13T10:18:41.346  3.06160000E-05  6.63440000E-03  7.47610000E-04
2001-11-13T10:18:42.346 -1.08880000E-04  7.33050000E-03  7.32080000E-04
2001-11-13T10:18:43.346 -1.88090000E-04  8.24300000E-03  7.89930000E-04
2001-11-13T10:18:44.346 -6.04900000E-05  9.14060000E-03  5.53110000E-04
2001-11-13T10:18:45.346 -4.93660000E-05  9.29340000E-03  9.58090000E-04
2001-11-13T10:18:46.346 -2.15690000E-04  9.03770000E-03  5.92320000E-04
2001-11-13T10:18:47.346 -3.64000000E-05  9.16230000E-03  9.26470000E-04
2001-11-13T10:18:48.346 -3.69230000E-05  9.41890000E-03  8.21660000E-04
2001-11-13T10:18:49.346 -2.94360000E-04  9.23020000E-03  8.05690000E-04
2001-11-13T10:18:50.346 -1.23810000E-04  9.33530000E-03  6.89600000E-04
2001-11-13T10:18:51.346 -2.43970000E-04  9.77860000E-03  5.00930000E-04
2001-11-13T10:18:52.346 -1.25090000E-04  9.97050000E-03  1.11390000E-03
2001-11-13T10:18:53.346 -2.49570000E-04  1.00310000E-02  8.63010000E-04
2001-11-13T10:18:54.346 -2.00100000E-04  9.97210000E-03  7.13710000E-04
2001-11-13T10:18:55.346 -1.18140000E-04  1.01750000E-02  7.65910000E-04
2001-11-13T10:18:56.346 -2.68900000E-04  1.06780000E-02  1.20080000E-03
2001-11-13T10:18:57.346 -2.76300000E-04  1.14510000E-02  8.37490000E-04
2001-11-13T10:18:58.346 -3.69440000E-04  1.14970000E-02  1.04880000E-03
2001-11-13T10:18:59.346 -2.34790000E-04  1.26620000E-02  9.75910000E-04
2001-11-13T10:19:00.346 -5.09810000E-04  1.31380000E-02  9.76210000E-04
2001-11-13T10:19:01.346 -5.41570000E-05  1.35020000E-02  1.06640000E-03
2001-11-13T10:19:02.346 -6.81990000E-04  1.26450000E-02  9.10310000E-04
2001-11-13T10:19:03.346 -2.46200000E-04  1.31860000E-02  1.29270000E-03
2001-11-13T10:19:04.346 -4.52620000E-04  1.34780000E-02  7.33280000E-04
2001-11-13T10:19:05.346 -5.58290000E-04  1.35280000E-02  1.26540000E-03
2001-11-13T10:19:06.346 -1.09300000E-04  1.31220000E-02  8.41760000E-04
2001-11-13T10:19:07.346 -4.34900000E-04  1.35140000E-02  1.06220000E-03
2001-11-13T10:19:08.346 -4.33540000E-04  1.36990000E-02  9.39390000E-04
2001-11-13T10:19:09.346 -5.41890000E-04  1.39210000E-02  1.19130000E-03
2001-11-13T10:19:10.346 -1.90070000E-04  1.38070000E-02  9.09530000E-04
2001-11-13T10:19:11.346 -9.11890000E-05  1.39420000E-02  1.12210000E-03
2001-11-13T10:19:12.346 -4.42310000E-04  1.41830000E-02  8.90960000E-04
2001-11-13T10:19:13.346 -5.19670000E-05  1.46360000E-02  1.05980000E-03
2001-11-13T10:19:14.346 -2.91350000E-04  1.43340000E-02  8.24640000E-04
2001-11-13T10:19:15.346 -2.19690000E-04  1.46420000E-02  1.20660000E-03
2001-11-13T10:19:16.346 -1.92650000E-04  1.44300000E-02  7.45790000E-04
2001-11-13T10:19:17.346 -1.63710000E-04  1.41900000E-02  9.82230000E-04
2001-11-13T10:19:18.346 -6.48280000E-05  1.50250000E-02  8.57040000E-04
2001-11-13T10:19:19.346 -1.77070000E-04  1.52910000E-02  5.96890000E-04
2001-11-13T10:19:20.346 -5.28820000E-04  1.51290000E-02  7.91450000E-04
2001-11-13T10:19:21.346  2.36420000E-04  1.57120000E-02  9.50830000E-04
2001-11-13T10:19:22.346  8.20200000E-05  1.61380000E-02  6.41840000E-04
2001-11-13T10:19:23.346 -5.11140000E-04  1.58590000E-02  9.15950000E-04
2001-11-13T10:19:24.346 -9.44070000E-05  1.58690000E-02  5.41940000E-04
2001-11-13T10:19:25.346 -1.04590000E-04  1.65680000E-02  1.00850000E-03
2001-11-13T10:19:26.346 -4.06410000E-04  1.59470000E-02  4.48530000E-04
2001-11-13T10:19:27.346  6.32470000E-05  1.69060000E-02  5.58670000E-04
2001-11-13T10:19:28.346 -6.19820000E-04  1.62480000E-02  9.15500000E-04
2001-11-13T10:19:29.346  3.18570000E-04  1.73170000E-02  5.63980000E-04
2001-11-13T10:19:30.346 -9.42230000E-04  1.60890000E-02  6.17450000E-04
2001-11-13T10:19:31.346  4.16550000E-04  1.73700000E-02  8.21010000E-04
2001-11-13T10:19:32.346 -1.06170000E-03  1.63930000E-02  6.71320000E-04
2001-11-13T10:19:33.346  3.49250000E-04  1.79740000E-02  5.55930000E-04
2001-11-13T10:19:34.346 -7.92250000E-04  1.74290000E-02  8.38860000E-04
2001-11-13T10:19:35.346 -7.87380000E-04  1.77020000E-02  4.31310000E-04
2001-11-13T10:19:36.346 -2.20790000E-04  1.85700000E-02  6.41180000E-04
2001-11-13T10:19:37.346  2.42020000E-04  1.85620000E-02  1.08700000E-03
2001-11-13T10:19:38.346 -4.62700000E-04  1.85780000E-02  4.37530000E-04
2001-11-13T10:19:39.346 -3.17940000E-04  1.87000000E-02  6.49110000E-04
2001-11-13T10:19:40.346 -7.44600000E-04  1.88560000E-02  1.01930000E-03
2001-11-13T10:19:41.346 -6.68940000E-04  1.83450000E-02  7.88800000E-04
2001-11-13T10:19:42.346 -1.22560000E-03  1.79030000E-02  9.66440000E-04
2001-11-13T10:19:43.346 -5.45850000E-04  1.85260000E-02  9.36450000E-04
2001-11-13T10:19:44.346 -4.55330000E-04  1.91310000E-02  1.00870000E-03
2001-11-13T10:19:45.346 -5.19750000E-04  1.93590000E-02  1.05180000E-03
2001-11-13T10:19:46.346 -5.69720000E-04  1.97300000E-02  1.05260000E-03
2001-11-13T10:19:47.346 -3.14460000E-04  1.97100000E-02  1.02730000E-03
2001-11-13T10:19:48.346  4.64750000E-04  2.07180000E-02  1.22400000E-03
2001-11-13T10:19:49.346 -7.58520000E-04  2.01200000E-02  9.53900000E-04
2001-11-13T10:19:50.346 -9.98450000E-04  2.00860000E-02  1.18550000E-03
2001-11-13T10:19:51.346 -7.17230000E-04  1.98580000E-02  1.29500000E-03
2001-11-13T10:19:52.346  6.98400000E-04  2.10870000E-02  1.08110000E-03
2001-11-13T10:19:53.346 -4.83840000E-04  2.01290000E-02  1.41110000E-03
2001-11-13T10:19:54.346 -7.66290000E-04  1.98020000E-02  1.06560000E-03
2001-11-13T10:19:55.346 -3.34700000E-04  2.04430000E-02  1.20390000E-03
2001-11-13T10:19:56.346  3.07850000E-04  2.10220000E-02  1.27350000E-03
2001-11-13T10:19:57.346 -9.77920000E-04  2.07960000E-02  1.16390000E-03
2001-11-13T10:19:58.346  2.76670000E-04  2.18410000E-02  1.42830000E-03
2001-11-13T10:19:59.346 -1.08650000E-03  2.02600000E-02  9.16240000E-04
2001-11-13T10:20:00.346  7.65320000E-04  2.16630000E-02  1.24010000E-03
2001-11-13T10:20:01.346 -7.13070000E-04  2.05570000E-02  9.58700000E-04
2001-11-13T10:20:02.346  3.14580000E-04  2.16650000E-02  1.31760000E-03
2001-11-13T10:20:03.346 -8.64380000E-04  2.03950000E-02  8.35280000E-04
2001-11-13T10:20:04.346  5.71520000E-04  2.16890000E-02  1.13480000E-03
2001-11-13T10:20:05.346 -9.42380000E-04  2.04430000E-02  1.04720000E-03
2001-11-13T10:20:06.346  2.04620000E-04  2.21780000E-02  5.95670000E-04
2001-11-13T10:20:07.346 -1.29580000E-04  2.17660000E-02  1.08700000E-03
2001-11-13T10:20:08.346 -7.52090000E-04  2.13110000E-02  8.38730000E-04
2001-11-13T10:20:09.346  5.05780000E-04  2.19560000E-02  8.39820000E-04
2001-11-13T10:20:10.346 -1.03690000E-03  2.03790000E-02  7.35220000E-04
2001-11-13T10:20:11.346  4.16440000E-04  2.14960000E-02  5.93530000E-04
2001-11-13T10:20:12.346 -7.56690000E-04  2.04660000E-02  9.62730000E-04
2001-11-13T10:20:13.346 -2.68840000E-04  2.10340000E-02  6.44540000E-04
2001-11-13T10:20:14.346 -2.30630000E-04  2.11760000E-02  6.50300000E-04
2001-11-13T10:20:15.346 -8.33730000E-04  2.07960000E-02  6.75260000E-04
2001-11-13T10:20:16.346  1.85900000E-04  2.15500000E-02  6.42050000E-04
2001-11-13T10:20:17.346 -1.11280000E-03  2.02740000E-02  9.66060000E-04
2001-11-13T10:20:18.346 -1.02250000E-03  2.02890000E-02  6.59140000E-04
2001-11-13T10:20:19.346  3.94540000E-04  2.13580000E-02  7.69920000E-04
2001-11-13T10:20:20.346 -8.56480000E-04  2.06880000E-02  7.72570000E-04
2001-11-13T10:20:21.346 -9.65500000E-04  2.03910000E-02  9.97660000E-04
2001-11-13T10:20:22.346  2.05110000E-04  2.07820000E-02  4.76730000E-04
2001-11-13T10:20:23.346 -2.35200000E-04  1.98840000E-02  9.65810000E-04
2001-11-13T10:20:24.346 -7.34040000E-04  1.96900000E-02  9.92420000E-04
2001-11-13T10:20:25.346 -5.21110000E-04  1.96120000E-02  7.34660000E-04
2001-11-13T10:20:26.346 -6.24910000E-04  1.96500000E-02  8.75960000E-04
2001-11-13T10:20:27.346 -3.03860000E-04  1.92770000E-02  8.08350000E-04
2001-11-13T10:20:28.346 -4.40220000E-04  1.89590000E-02  1.08630000E-03
2001-11-13T10:20:29.346 -2.32900000E-04  1.85660000E-02  8.68650000E-04
2001-11-13T10:20:30.346 -6.55760000E-04  1.86890000E-02  7.74240000E-04
2001-11-13T10:20:31.346 -4.83490000E-04  1.83350000E-02  1.19910000E-03
2001-11-13T10:20:32.346 -9.59450000E-04  1.73370000E-02  9.48150000E-04
2001-11-13T10:20:33.346  1.62710000E-04  1.78030000E-02  9.42470000E-04
2001-11-13T10:20:34.346 -6.34620000E-04  1.61420000E-02  1.20030000E-03
2001-11-13T10:20:35.346  4.98100000E-04  1.66750000E-02  9.97960000E-04
2001-11-13T10:20:36.346 -7.48710000E-04  1.57000000E-02  1.13630000E-03
2001-11-13T10:20:37.346 -2.43270000E-04  1.56150000E-02  7.77750000E-04
2001-11-13T10:20:38.346  1.13290000E-04  1.56230000E-02  1.05990000E-03
2001-11-13T10:20:39.346  1.10700000E-04  1.54240000E-02  1.07130000E-03
2001-11-13T10:20:40.346 -3.63670000E-04  1.46070000E-02  8.23320000E-04
2001-11-13T10:20:41.346  1.46810000E-04  1.49710000E-02  1.32590000E-03
2001-11-13T10:20:42.346 -3.64990000E-04  1.43270000E-02  6.71380000E-04
2001-11-13T10:20:43.346 -2.27990000E-04  1.44070000E-02  1.39810000E-03
2001-11-13T10:20:44.346  2.06140000E-04  1.47950000E-02  9.98930000E-04
2001-11-13T10:20:45.346 -2.96860000E-04  1.43890000E-02  7.55350000E-04
2001-11-13T10:20:46.346 -1.74960000E-05  1.40510000E-02  9.13830000E-04
2001-11-13T10:20:47.346 -6.42600000E-06  1.44370000E-02  9.75310000E-04
2001-11-13T10:20:48.346 -2.75140000E-04  1.45700000E-02  5.94000000E-04
2001-11-13T10:20:49.346 -6.64400000E-05  1.49190000E-02  1.21700000E-03
2001-11-13T10:20:50.346 -1.42580000E-04  1.48820000E-02  7.67880000E-04
2001-11-13T10:20:51.346 -4.55160000E-04  1.51120000E-02  9.93660000E-04
2001-11-13T10:20:52.346  9.90050000E-07  1.53750000E-02  7.60890000E-04
2001-11-13T10:20:53.346 -1.93430000E-04  1.47120000E-02  8.84940000E-04
2001-11-13T10:20:54.346 -2.60400000E-04  1.48220000E-02  7.56440000E-04
2001-11-13T10:20:55.346 -4.66620000E-04  1.48110000E-02  7.78530000E-04
2001-11-13T10:20:56.346 -2.11290000E-04  1.45990000E-02  6.55430000E-04
2001-11-13T10:20:57.346 -2.14820000E-04  1.44450000E-02  7.44380000E-04
2001-11-13T10:20:58.346 -5.17200000E-04  1.43080000E-02  7.37640000E-04
2001-11-13T10:20:59.346 -3.85620000E-04  1.44650000E-02  5.32100000E-04
2001-11-13T10:21:00.346 -4.58270000E-04  1.42120000E-02  9.15870000E-04
2001-11-13T10:21:01.346 -4.64770000E-04  1.40010000E-02  6.97650000E-04
2001-11-13T10:21:02.346 -4.13250000E-05  1.41850000E-02  5.12520000E-04
2001-11-13T10:21:03.346 -3.38400000E-04  1.29180000E-02  9.06230000E-04
2001-11-13T10:21:04.346 -7.55620000E-04  1.30170000E-02  6.43890000E-04
2001-11-13T10:21:05.346 -4.40380000E-05  1.30870000E-02  7.45080000E-04
2001-11-13T10:21:06.346 -6.59810000E-04  1.28650000E-02  5.61430000E-04
2001-11-13T10:21:07.346 -1.38460000E-04  1.30460000E-02  7.84710000E-04
2001-11-13T10:21:08.346 -3.66880000E-04  1.28490000E-02  6.28550000E-04
2001-11-13T10:21:09.346 -4.82410000E-04  1.31810000E-02  5.16720000E-04
2001-11-13T10:21:10.346  6.63530000E-05  1.31740000E-02  8.12270000E-04
2001-11-13T10:21:11.346 -5.39140000E-04  1.29690000E-02  7.77660000E-04
2001-11-13T10:21:12.346 -3.11330000E-04  1.32090000E-02  7.61360000E-04
2001-11-13T10:21:13.346 -3.36640000E-04  1.34020000E-02  8.21620000E-04
2001-11-13T10:21:14.346 -4.31880000E-04  1.29500000E-02  5.30160000E-04
2001-11-13T10:21:15.346 -1.12480000E-04  1.29280000E-02  6.50620000E-04
2001-11-13T10:21:16.346 -6.07820000E-04  1.24010000E-02  9.71080000E-04
2001-11-13T10:21:17.346 -7.76050000E-05  1.27350000E-02  5.72250000E-04
2001-11-13T10:21:18.346 -5.89760000E-04  1.20690000E-02  9.44070000E-04
2001-11-13T10:21:19.346  4.64240000E-05  1.23820000E-02  7.30730000E-04
2001-11-13T10:21:20.346 -2.25300000E-04  1.14980000E-02  7.69440000E-04
2001-11-13T10:21:21.346 -1.98640000E-04  1.10280000E-02  9.26960000E-04
2001-11-13T10:21:22.346  1.41390000E-05  1.04050000E-02  6.54440000E-04
2001-11-13T10:21:23.346 -1.68060000E-04  9.39670000E-03  8.81040000E-04
2001-11-13T10:21:24.346 -1.28490000E-04  8.83810000E-03  8.50300000E-04
2001-11-13T10:21:25.346 -2.22030000E-04  7.17180000E-03  6.83010000E-04
2001-11-13T10:21:26.346 -1.75080000E-06  7.98410000E-03  6.61910000E-04
2001-11-13T10:21:27.346 -9.29710000E-05  6.68530000E-03  7.63240000E-04
2001-11-13T10:21:28.346 -1.28780000E-04  6.45930000E-03  8.47120000E-04
2001-11-13T10:21:29.346  2.78240000E-05  6.13230000E-03  5.00170000E-04
2001-11-13T10:21:30.346  1.78880000E-04  6.02960000E-03  8.49640000E-04
2001-11-13T10:21:31.346 -1.06050000E-04  6.02860000E-03  5.44550000E-04
2001-11-13T10:21:32.346  4.48500000E-05  5.71810000E-03  5.90680000E-04
2001-11-13T10:21:33.346  3.81390000E-06  5.83390000E-03  8.61140000E-04
2001-11-13T10:21:34.346  1.79690000E-04  6.25230000E-03  6.65780000E-04
2001-11-13T10:21:35.346  1.02480000E-04  5.77230000E-03  7.58290000E-04
2001-11-13T10:21:36.346  1.53840000E-04  4.86440000E-03  6.00420000E-04
2001-11-13T10:21:37.346 -1.42460000E-04  4.17780000E-03  6.54200000E-04
2001-11-13T10:21:38.346  1.26910000E-04  3.89230000E-03  7.31370000E-04
2001-11-13T10:21:39.346  4.82070000E-05  3.50420000E-03  5.41460000E-04
2001-11-13T10:21:40.346  1.96260000E-05  3.01980000E-03  6.01360000E-04
2001-11-13T10:21:41.346 -8.91570000E-05  2.93240000E-03  5.47720000E-04
2001-11-13T10:21:42.346 -7.98260000E-06  2.93300000E-03  6.26390000E-04
2001-11-13T10:21:43.346 -3.64520000E-05  3.09130000E-03  6.97980000E-04
2001-11-13T10:21:44.346 -9.85450000E-05  2.63370000E-03  5.02750000E-04
2001-11-13T10:21:45.346  3.92820000E-06  2.52910000E-03  4.54880000E-04
2001-11-13T10:21:46.346 -3.12130000E-05  2.52600000E-03  5.45410000E-04
2001-11-13T10:21:47.346  5.77700000E-05  2.11710000E-03  8.21560000E-04
2001-11-13T10:21:48.346 -7.57690000E-05  2.32110000E-03  6.31580000E-04
2001-11-13T10:21:49.346  2.17710000E-05  1.16590000E-03  6.69410000E-04
2001-11-13T10:21:50.346 -2.99240000E-05  1.15600000E-03  4.47530000E-04
2001-11-13T10:21:51.346 -1.75820000E-05  1.29670000E-03  6.67270000E-04
2001-11-13T10:21:52.346 -8.71100000E-05  9.77230000E-04  4.10260000E-04
2001-11-13T10:21:53.346 -1.82150000E-04  1.32440000E-03  9.44410000E-04
2001-11-13T10:21:54.346 -6.22060000E-05  1.85670000E-03  5.11300000E-04
2001-11-13T10:21:55.346 -7.76760000E-05  1.37270000E-03  5.10890000E-04
2001-11-13T10:21:56.346 -2.52600000E-05  1.23860000E-03  6.22910000E-04
2001-11-13T10:21:57.346 -8.63760000E-05  1.09910000E-03  4.65160000E-04
2001-11-13T10:21:58.346 -3.35290000E-05  1.20740000E-03  2.72820000E-04
2001-11-13T10:21:59.346  1.22440000E-05  1.90920000E-03  4.28080000E-04
2001-11-13T10:22:00.346 -1.12090000E-04  2.05940000E-03  7.34320000E-04
2001-11-13T10:22:01.346 -4.58940000E-05  2.06220000E-03  5.45740000E-04
2001-11-13T10:22:02.346 -9.82630000E-05  1.78820000E-03  3.21750000E-04
2001-11-13T10:22:03.346  6.05080000E-06  1.91000000E-03  6.82620000E-04
2001-11-13T10:22:04.346 -1.59450000E-04  1.70380000E-03  6.60200000E-04
2001-11-13T10:22:05.346 -6.34760000E-05  1.75730000E-03  3.62260000E-04
2001-11-13T10:22:06.346 -2.79420000E-05  1.63000000E-03  3.91530000E-04
2001-11-13T10:22:07.346 -4.00710000E-05  1.77990000E-03  5.73730000E-04
2001-11-13T10:22:08.346 -1.28380000E-04  1.53780000E-03  6.08940000E-04
2001-11-13T10:22:09.346 -3.08710000E-04  1.74230000E-03  3.52920000E-04
2001-11-13T10:22:10.346 -2.07740000E-05  1.78620000E-03  5.75900000E-04
2001-11-13T10:22:11.346 -1.89360000E-04  1.62120000E-03  3.48640000E-04
2001-11-13T10:22:12.346 -9.71540000E-05  1.68770000E-03  4.65630000E-04
2001-11-13T10:22:13.346 -1.30410000E-04  1.66010000E-03  7.51200000E-04
2001-11-13T10:22:14.346  1.04950000E-05  1.71240000E-03  2.53500000E-04
2001-11-13T10:22:15.346 -1.09130000E-04  1.68100000E-03  6.61470000E-04
2001-11-13T10:22:16.346 -3.09520000E-05  1.67040000E-03  4.41220000E-04
2001-11-13T10:22:17.346 -5.82960000E-05  1.64670000E-03  4.32330000E-04
2001-11-13T10:22:18.346 -1.75980000E-04  1.42350000E-03  6.71730000E-04
2001-11-13T10:22:19.346 -1.37010000E-04  1.26010000E-03  6.58830000E-04
2001-11-13T10:22:20.346 -3.93660000E-05  1.12680000E-03  3.73050000E-04
2001-11-13T10:22:21.346 -1.65820000E-04  1.17360000E-03  3.15650000E-04
2001-11-13T10:22:22.346 -1.53140000E-04  9.23170000E-04  7.20100000E-04
2001-11-13T10:22:23.346 -1.25200000E-04  9.87040000E-04  3.08030000E-04
2001-11-13T10:22:24.346 -1.45490000E-04  8.66860000E-04  7.15570000E-04
2001-11-13T10:22:25.346  4.91700000E-05  8.79170000E-04  3.74260000E-04
2001-11-13T10:22:26.346 -1.13320000E-04  7.48030000E-04  3.25420000E-04
2001-11-13T10:22:27.346 -2.58920000E-04  6.06750000E-04  7.60690000E-04
2001-11-13T10:22:28.346 -8.29000000E-05  5.57220000E-04  5.03100000E-04
2001-11-13T10:22:29.346  1.16660000E-05  6.23360000E-04  4.50640000E-04
2001-11-13T10:22:30.346 -1.34350000E-04  4.70460000E-04  4.61980000E-04
2001-11-13T10:22:31.346 -2.37030000E-04  3.16290000E-04  5.03980000E-04
2001-11-13T10:22:32.346 -8.74290000E-05  4.25880000E-04  2.82560000E-04
2001-11-13T10:22:33.346 -2.11810000E-05  3.78560000E-04  7.31060000E-04
2001-11-13T10:22:34.346 -7.39430000E-05  3.07600000E-04  3.36780000E-04
2001-11-13T10:22:35.346 -9.83970000E-05  1.39510000E-04  5.67410000E-04
2001-11-13T10:22:36.346  1.00990000E-04  2.06310000E-04  6.18370000E-04
2001-11-13T10:22:37.346 -2.42840000E-04 -2.56280000E-05  2.48170000E-04
2001-11-13T10:22:38.346 -7.90680000E-05  1.33590000E-04  6.97590000E-04
2001-11-13T10:22:39.346 -9.46020000E-05  1.76870000E-04  3.09840000E-04
2001-11-13T10:22:40.346 -1.29010000E-04  3.31240000E-05  4.51660000E-04
2001-11-13T10:22:41.346  1.46360000E-05 -2.80260000E-05  5.79010000E-04
2001-11-13T10:22:42.346 -9.67350000E-05 -7.41240000E-05  4.22950000E-04
2001-11-13T10:22:43.346 -5.24310000E-05 -3.36980000E-05  5.27380000E-04
2001-11-13T10:22:44.346  8.32580000E-05 -1.33080000E-04  7.28590000E-04
2001-11-13T10:22:45.346 -1.88280000E-04 -1.16220000E-04  1.99770000E-04
2001-11-13T10:22:46.346 -4.37940000E-05 -2.73060000E-05  7.57750000E-04
2001-11-13T10:22:47.346 -9.14490000E-05 -2.03350000E-04  5.37450000E-04
2001-11-13T10:22:48.346 -1.35320000E-04  2.62630000E-06  3.87700000E-04
2001-11-13T10:22:49.346 -1.44860000E-04 -2.24800000E-04  4.00670000E-04
2001-11-13T10:22:50.346 -1.04340000E-04 -2.52400000E-04  5.70670000E-04
2001-11-13T10:22:51.346  1.90780000E-05  3.73450000E-05  5.91000000E-04
2001-11-13T10:22:52.346 -1.84580000E-04 -1.56980000E-04  4.11370000E-04
2001-11-13T10:22:53.346 -5.20590000E-05 -2.06510000E-04  4.49160000E-04
2001-11-13T10:22:54.346 -5.36790000E-05 -1.19960000E-04  2.41290000E-04
2001-11-13T10:22:55.346 -9.17280000E-05 -1.34280000E-04  6.09700000E-04
2001-11-13T10:22:56.346  1.17220000E-04 -1.48580000E-04  6.36560000E-04
2001-11-13T10:22:57.346 -3.54300000E-04 -3.08200000E-04  4.66490000E-04
2001-11-13T10:22:58.346  2.68020000E-05 -6.93730000E-05  4.48700000E-04
2001-11-13T10:22:59.346 -2.46300000E-04 -2.48200000E-04  3.22110000E-04
2001-11-13T10:23:00.346 -2.30720000E-05 -2.50040000E-04  7.47990000E-04
2001-11-13T10:23:01.346 -5.00920000E-05 -8.49160000E-05  3.20320000E-04
2001-11-13T10:23:02.346 -9.77950000E-05 -2.42250000E-04  6.26360000E-04
2001-11-13T10:23:03.346  4.39970000E-05 -4.25460000E-05  5.11860000E-04
2001-11-13T10:23:04.346 -1.91760000E-04 -2.73060000E-04  2.39780000E-04
2001-11-13T10:23:05.346 -5.17400000E-05 -2.60670000E-04  3.23440000E-04
2001-11-13T10:23:06.346 -2.19700000E-04 -2.74330000E-04  6.82690000E-04
2001-11-13T10:23:07.346 -1.24140000E-04 -2.63760000E-04  2.25150000E-04
2001-11-13T10:23:08.346 -1.22800000E-04 -1.77720000E-04  3.11690000E-04
2001-11-13T10:23:09.346 -1.85720000E-04 -2.96130000E-04  7.14160000E-04
2001-11-13T10:23:10.346 -1.28360000E-04 -2.29550000E-04  3.63700000E-04
2001-11-13T10:23:11.346 -7.58520000E-05 -3.01890000E-04  2.07610000E-04
2001-11-13T10:23:12.346 -3.85770000E-05 -1.80280000E-04  6.41850000E-04
2001-11-13T10:23:13.346 -1.58480000E-04 -2.49130000E-04  4.78310000E-04
2001-11-13T10:23:14.346 -6.59020000E-05 -2.67430000E-04  2.86610000E-04
2001-11-13T10:23:15.346  3.63130000E-05 -2.89100000E-04  2.73330000E-04
2001-11-13T10:23:16.346 -1.86740000E-04 -1.68750000E-04  7.44220000E-04
2001-11-13T10:23:17.346  3.70320000E-05 -1.63020000E-04  2.44640000E-04
2001-11-13T10:23:18.346 -1.62140000E-04 -3.21980000E-04  5.50660000E-04
2001-11-13T10:23:19.346 -7.19200000E-05 -1.74180000E-04  4.84630000E-04
2001-11-13T10:23:20.346 -1.88540000E-04 -4.71610000E-04  3.55090000E-04
2001-11-13T10:23:21.346 -3.29690000E-05 -1.88930000E-04  5.26620000E-04
2001-11-13T10:23:22.346 -1.49150000E-04 -1.63290000E-04  5.61800000E-04
2001-11-13T10:23:23.346 -9.16600000E-05 -1.50040000E-04  3.66490000E-04
2001-11-13T10:23:24.346 -4.72490000E-05 -2.20690000E-04  6.08780000E-04
2001-11-13T10:23:25.346 -2.49800000E-04 -3.04020000E-04  3.22910000E-04
2001-11-13T10:23:26.346 -6.12970000E-05 -5.43900000E-05  4.11470000E-04
2001-11-13T10:23:27.346 -2.57480000E-04 -2.99780000E-04  6.49750000E-04
2001-11-13T10:23:28.346  3.95450000E-05 -7.91500000E-05  3.93680000E-04
2001-11-13T10:23:29.346 -2.26250000E-04 -4.74570000E-04  3.53020000E-04
2001-11-13T10:23:30.346 -6.32650000E-05 -5.86250000E-06  6.35850000E-04
2001-11-13T10:23:31.346 -1.03240000E-04 -3.00580000E-04  6.05330000E-04
2001-11-13T10:23:32.346 -7.32020000E-05 -2.81230000E-04  2.54280000E-04
2001-11-13T10:23:33.346 -1.18090000E-04 -1.26810000E-04  3.20670000E-04
2001-11-13T10:23:34.346 -1.06800000E-04 -2.54340000E-04  5.41320000E-04
2001-11-13T10:23:35.346 -8.01700000E-05 -1.85770000E-04  4.34980000E-04
2001-11-13T10:23:36.346 -1.34980000E-04 -2.90950000E-04  3.79580000E-04
2001-11-13T10:23:37.346 -9.40820000E-05 -2.36180000E-04  6.15800000E-04
2001-11-13T10:23:38.346 -1.46430000E-04 -2.90490000E-04  3.24670000E-04
2001-11-13T10:23:39.346  3.06010000E-05 -1.42480000E-04  4.07310000E-04
2001-11-13T10:23:40.346 -9.07370000E-05 -3.13540000E-04  5.60850000E-04
2001-11-13T10:23:41.346 -5.03960000E-05 -1.44810000E-04  2.85720000E-04
2001-11-13T10:23:42.346 -1.95450000E-04 -4.03030000E-04  3.91230000E-04
2001-11-13T10:23:43.346 -1.64550000E-04 -1.83610000E-04  7.49390000E-04
2001-11-13T10:23:44.346 -9.88530000E-05 -1.84610000E-04  4.19250000E-04
2001-11-13T10:23:45.346 -1.35370000E-04 -2.86170000E-04  3.18590000E-04
2001-11-13T10:23:46.346  7.94250000E-05 -1.78860000E-04  5.80290000E-04
2001-11-13T10:23:47.346 -3.79710000E-04 -3.42840000E-04  4.01120000E-04
2001-11-13T10:23:48.346  1.50510000E-06 -1.10510000E-04  3.07280000E-04
2001-11-13T10:23:49.346 -1.57210000E-04 -4.61320000E-04  6.72700000E-04
2001-11-13T10:23:50.346 -5.59850000E-05 -1.31320000E-04  4.24290000E-04
2001-11-13T10:23:51.346 -2.60940000E-04 -4.24920000E-04  3.10990000E-04
2001-11-13T10:23:52.346 -1.26930000E-04 -7.96350000E-05  6.98700000E-04
2001-11-13T10:23:53.346 -1.31370000E-04 -3.51680000E-04  3.98420000E-04
2001-11-13T10:23:54.346 -1.26340000E-04 -2.33130000E-04  1.83720000E-04
2001-11-13T10:23:55.346 -1.09890000E-04 -1.80100000E-04  7.09210000E-04
2001-11-13T10:23:56.346 -1.96850000E-04 -3.68100000E-04  4.35640000E-04
2001-11-13T10:23:57.346 -1.31960000E-05 -1.39170000E-04  2.41860000E-04
2001-11-13T10:23:58.346 -1.41740000E-04 -3.90990000E-04  7.71230000E-04
2001-11-13T10:23:59.346  7.06430000E-05 -1.86320000E-04  3.40120000E-04
2001-11-13T10:24:00.346 -1.00790000E-04 -2.85000000E-04  3.71880000E-04
2001-11-13T10:24:01.346 -1.34270000E-04 -1.80410000E-04  3.10990000E-04
2001-11-13T10:24:02.346 -1.11370000E-04 -1.74590000E-04  7.41600000E-04
2001-11-13T10:24:03.346 -1.96930000E-04 -3.30730000E-04  3.73880000E-04
2001-11-13T10:24:04.346 -7.17180000E-05 -1.66590000E-04  6.05110000E-04
2001-11-13T10:24:05.346 -4.54430000E-05 -3.41910000E-04  4.01010000E-04
2001-11-13T10:24:06.346 -1.05560000E-04 -2.80890000E-04  3.01120000E-04
2001-11-13T10:24:07.346 -1.37770000E-04 -2.61630000E-04  5.76110000E-04
2001-11-13T10:24:08.346 -1.76650000E-05 -2.76350000E-04  5.93610000E-04
2001-11-13T10:24:09.346 -1.53120000E-04 -2.88900000E-04  2.36590000E-04
2001-11-13T10:24:10.346 -4.45880000E-05 -1.87230000E-04  6.35860000E-04
2001-11-13T10:24:11.346 -2.82530000E-04 -2.10460000E-04  5.19550000E-04
2001-11-13T10:24:12.346 -2.12950000E-05 -2.49030000E-04  3.17260000E-04
2001-11-13T10:24:13.346 -1.79820000E-04 -4.95240000E-04  5.06420000E-04
2001-11-13T10:24:14.346 -1.05260000E-04 -1.72050000E-04  6.28620000E-04
2001-11-13T10:24:15.346  3.18700000E-05 -1.36260000E-04  3.29740000E-04
2001-11-13T10:24:16.346 -1.88940000E-04 -3.72730000E-04  2.78230000E-04
2001-11-13T10:24:17.346 -3.42650000E-06 -2.94160000E-04  6.69610000E-04
2001-11-13T10:24:18.346 -9.30550000E-05 -3.15050000E-04  4.40380000E-04
2001-11-13T10:24:19.346 -1.13700000E-04 -1.61830000E-04  4.56960000E-04
2001-11-13T10:24:20.346 -6.86040000E-05 -1.72580000E-04  2.52690000E-04
2001-11-13T10:24:21.346 -1.09070000E-04 -3.22000000E-04  5.79020000E-04
2001-11-13T10:24:22.346 -1.49900000E-04 -3.02600000E-04  7.25290000E-04
2001-11-13T10:24:23.346 -1.87090000E-04 -3.79670000E-04  4.62710000E-04
2001-11-13T10:24:24.346 -2.75430000E-05 -2.27640000E-04  2.78120000E-04
2001-11-13T10:24:25.346 -2.94640000E-04 -2.19940000E-04  6.29560000E-04
2001-11-13T10:24:26.346 -5.40590000E-05 -2.40130000E-04  3.39250000E-04
2001-11-13T10:24:27.346 -1.03850000E-04 -2.75250000E-04  2.16770000E-04
2001-11-13T10:24:28.346 -1.81220000E-04 -2.94610000E-04  5.08570000E-04
2001-11-13T10:24:29.346 -3.31210000E-05 -3.60540000E-04  5.39520000E-04
2001-11-13T10:24:30.346 -1.86000000E-05 -2.09460000E-04  5.70240000E-04
2001-11-13T10:24:31.346 -2.22970000E-04 -2.83940000E-04  4.06360000E-04
2001-11-13T10:24:32.346 -6.27340000E-05 -1.15660000E-04  5.01870000E-04
2001-11-13T10:24:33.346 -6.97370000E-05 -2.91980000E-04  5.14050000E-04
2001-11-13T10:24:34.346 -1.00870000E-04 -3.67750000E-04  4.87140000E-04
2001-11-13T10:24:35.346 -7.71770000E-05 -1.40090000E-04  4.09340000E-04
2001-11-13T10:24:36.346 -1.54230000E-04 -3.21360000E-04  2.91590000E-04
2001-11-13T10:24:37.346 -1.17860000E-04 -3.39950000E-04  5.39160000E-04
2001-11-13T10:24:38.346 -1.42930000E-04 -2.30260000E-04  4.62410000E-04
2001-11-13T10:24:39.346  1.10760000E-05 -1.08840000E-04  7.11600000E-04
2001-11-13T10:24:40.346 -2.96630000E-04 -3.59210000E-04  1.96670000E-04
2001-11-13T10:24:41.346 -9.84990000E-05 -1.48650000E-04  5.87150000E-04
2001-11-13T10:24:42.346 -9.93800000E-05 -2.27080000E-04  6.75300000E-04
2001-11-13T10:24:43.346 -1.39260000E-04 -3.57570000E-04  2.01930000E-04
2001-11-13T10:24:44.346 -5.06540000E-05 -1.70020000E-04  7.14950000E-04
2001-11-13T10:24:45.346 -2.16030000E-04 -2.59470000E-04  3.82210000E-04
2001-11-13T10:24:46.346  6.48970000E-05 -1.24760000E-04  4.19180000E-04
2001-11-13T10:24:47.346 -2.69860000E-04 -3.01940000E-04  5.61710000E-04
2001-11-13T10:24:48.346 -1.32500000E-04 -1.40110000E-04  1.34000000E-04
2001-11-13T10:24:49.346 -4.21620000E-05 -3.36500000E-04  7.60180000E-04
2001-11-13T10:24:50.346 -1.45540000E-04 -2.89340000E-04  4.88820000E-04
2001-11-13T10:24:51.346 -9.96380000E-05 -2.24820000E-04  2.42320000E-04
2001-11-13T10:24:52.346 -1.24990000E-04 -1.27940000E-04  6.88170000E-04
2001-11-13T10:24:53.346 -8.55440000E-05 -3.81040000E-04  3.68100000E-04
2001-11-13T10:24:54.346 -1.32410000E-04 -3.29110000E-04  4.18750000E-04
2001-11-13T10:24:55.346  3.33440000E-05 -2.41520000E-04  5.30090000E-04
2001-11-13T10:24:56.346 -1.61210000E-04 -2.80290000E-04  6.17650000E-04
2001-11-13T10:24:57.346  3.06310000E-05 -2.72070000E-04  2.12350000E-04
2001-11-13T10:24:58.346 -1.73150000E-04 -3.20200000E-04  7.85650000E-04
2001-11-13T10:24:59.346 -1.34730000E-04 -1.95370000E-04  2.78620000E-04
2001-11-13T10:25:00.346 -2.33470000E-04 -2.31900000E-04  6.80470000E-04
2001-11-13T10:25:01.346  2.01790000E-05 -2.34110000E-04  3.18560000E-04
2001-11-13T10:25:02.346 -9.29980000E-05 -2.89420000E-04  4.08740000E-04
2001-11-13T10:25:03.346 -1.85030000E-04 -3.35750000E-04  7.22470000E-04
2001-11-13T10:25:04.346 -1.73680000E-04 -1.94480000E-04  2.78060000E-04
2001-11-13T10:25:05.346 -1.49760000E-04 -2.93560000E-04  6.94410000E-04
2001-11-13T10:25:06.346 -7.99430000E-05 -1.49000000E-04  3.37070000E-04
2001-11-13T10:25:07.346 -2.64980000E-04 -3.86270000E-04  6.26500000E-04
2001-11-13T10:25:08.346 -8.65230000E-05 -1.39830000E-04  3.50650000E-04
2001-11-13T10:25:09.346 -2.94110000E-04 -2.92350000E-04  4.51130000E-04
2001-11-13T10:25:10.346  4.46000000E-05 -1.34470000E-04  6.09800000E-04
2001-11-13T10:25:11.346 -2.28080000E-04 -2.78600000E-04  4.65110000E-04
2001-11-13T10:25:12.346 -8.73610000E-05 -3.48670000E-04  4.86310000E-04
2001-11-13T10:25:13.346 -1.12380000E-04 -2.79510000E-04  5.27050000E-04
2001-11-13T10:25:14.346 -1.22480000E-04 -2.20310000E-04  5.22550000E-04
2001-11-13T10:25:15.346 -9.83350000E-05 -2.01140000E-04  5.08870000E-04
2001-11-13T10:25:16.346 -1.03540000E-04 -3.44100000E-04  3.70420000E-04
2001-11-13T10:25:17.346 -1.15650000E-04 -1.59290000E-04  6.71580000E-04
2001-11-13T10:25:18.346 -5.28890000E-05 -2.33910000E-04  2.41350000E-04
2001-11-13T10:25:19.346 -6.08710000E-05 -2.88300000E-04  7.32380000E-04
2001-11-13T10:25:20.346 -1.77070000E-04 -2.15830000E-04  5.38630000E-04
2001-11-13T10:25:21.346 -2.04660000E-04 -2.56150000E-04  4.60470000E-04
2001-11-13T10:25:22.346 -8.66900000E-05 -3.24660000E-04  5.02110000E-04
2001-11-13T10:27:43.146 -1.45190000E-04 -2.89710000E-04  6.80830000E-04
2001-11-13T10:27:44.146  5.59540000E-07 -1.55340000E-04  2.97520000E-04
2001-11-13T10:27:45.146 -2.36280000E-04 -2.96480000E-04  5.47240000E-04
2001-11-13T10:27:46.146 -1.67630000E-04 -2.53460000E-04  6.61340000E-04
2001-11-13T10:27:47.146 -2.17980000E-04 -4.28740000E-04  4.21470000E-04
2001-11-13T10:27:48.146  2.26240000E-05 -6.98050000E-05  7.01730000E-04
2001-11-13T10:27:49.146 -2.07590000E-04 -2.56050000E-04  2.93310000E-04
2001-11-13T10:27:50.146 -9.10240000E-05 -2.25140000E-04  7.08400000E-04
2001-11-13T10:27:51.146 -3.43180000E-05 -1.18170000E-05  5.41590000E-04
2001-11-13T10:27:52.146 -2.78070000E-04 -2.56410000E-04  4.32960000E-04
2001-11-13T10:27:53.146  6.84030000E-05 -9.22380000E-05  6.41290000E-04
2001-11-13T10:27:54.146 -1.94310000E-04 -3.18470000E-04  5.76420000E-04
2001-11-13T10:27:55.146 -2.93340000E-05 -1.06020000E-04  3.69180000E-04
2001-11-13T10:27:56.146 -1.02870000E-04 -3.01590000E-04  7.00970000E-04
2001-11-13T10:27:57.146 -1.36160000E-04 -1.43630000E-04  5.53450000E-04
2001-11-13T10:27:58.146 -6.38400000E-06 -2.13830000E-04  5.25000000E-04
2001-11-13T10:27:59.146 -2.37370000E-04 -1.63230000E-04  5.61480000E-04
2001-11-13T10:28:00.146 -2.77190000E-05 -1.70100000E-04  5.92850000E-04
2001-11-13T10:28:01.146 -1.87500000E-04 -3.04090000E-04  6.06500000E-04
2001-11-13T10:28:02.146  3.66730000E-06 -1.99320000E-04  4.48140000E-04
2001-11-13T10:28:03.146 -1.85220000E-04 -1.21330000E-04  7.13310000E-04
2001-11-13T10:28:04.146 -7.09060000E-05 -2.64180000E-04  4.07870000E-04
2001-11-13T10:28:05.146  1.21670000E-05 -1.55560000E-04  6.04700000E-04
2001-11-13T10:28:06.146 -9.49710000E-05 -1.76840000E-04  5.23150000E-04
2001-11-13T10:28:07.146 -2.64130000E-07 -3.00740000E-04  7.86310000E-04
2001-11-13T10:28:08.146 -1.21020000E-04 -2.24770000E-04  4.66070000E-04
2001-11-13T10:28:09.146 -4.65080000E-06 -2.11970000E-04  4.04510000E-04
2001-11-13T10:28:10.146 -1.78220000E-04 -2.61320000E-04  3.86550000E-04
2001-11-13T10:28:11.146 -1.07890000E-04 -2.35970000E-04  6.32430000E-04
2001-11-13T10:28:12.146 -3.85920000E-04 -3.89500000E-04  2.18200000E-04
