2001-11-30T07:42:31.440 -8.11900000E-05 -1.98900000E-04  5.84840000E-04
2001-11-30T07:42:32.440 -7.21280000E-05 -3.51900000E-04  2.67110000E-04
2001-11-30T07:42:33.440 -9.86490000E-05 -1.98670000E-04  2.83720000E-04
2001-11-30T07:42:34.440 -1.29820000E-04 -2.89550000E-04  6.50640000E-04
2001-11-30T07:42:35.440 -1.26160000E-04 -3.20040000E-04  4.33020000E-04
2001-11-30T07:42:36.440 -2.08020000E-04 -2.59030000E-04  4.83080000E-04
2001-11-30T07:42:37.440 -4.82820000E-05 -2.52730000E-04  5.59110000E-04
2001-11-30T07:42:38.440 -6.22120000E-05 -3.28150000E-04  3.20510000E-04
2001-11-30T07:42:39.440 -1.72420000E-04 -2.45570000E-04  6.27470000E-04
2001-11-30T07:42:40.440 -4.74540000E-05 -2.82070000E-04  1.75840000E-04
2001-11-30T07:42:41.440 -1.04740000E-04 -3.03050000E-04  6.74620000E-04
2001-11-30T07:42:42.440 -1.78460000E-04 -2.50220000E-04  2.34440000E-04
2001-11-30T07:42:43.440 -8.29290000E-05 -2.28280000E-04  4.48570000E-04
2001-11-30T07:42:44.440 -1.62860000E-04 -3.13450000E-04  4.58790000E-04
2001-11-30T07:42:45.440 -1.50350000E-04 -2.44900000E-04  6.43930000E-04
2001-11-30T07:42:46.440 -1.76210000E-04 -2.44520000E-04  2.60780000E-04
2001-11-30T07:42:47.440 -1.47710000E-04 -1.88550000E-04  5.64820000E-04
2001-11-30T07:42:48.440 -1.16820000E-07 -3.78450000E-04  6.28220000E-04
2001-11-30T07:42:49.440 -1.57460000E-04 -1.86450000E-04  1.62010000E-04
2001-11-30T07:42:50.440 -6.92530000E-05 -2.26820000E-04  4.85400000E-04
2001-11-30T07:42:51.440 -2.25710000E-04 -3.82290000E-04  7.11390000E-04
2001-11-30T07:42:52.440 -1.87640000E-04 -1.91130000E-04  2.02820000E-04
2001-11-30T07:42:53.440 -1.29450000E-04 -2.35950000E-04  8.17770000E-04
2001-11-30T07:42:54.440 -9.08520000E-05 -1.63610000E-04  2.36220000E-04
2001-11-30T07:42:55.440 -2.83940000E-05 -3.11310000E-04  4.73200000E-04
2001-11-30T07:42:56.440  5.17330000E-05 -2.04920000E-04  3.19890000E-04
2001-11-30T07:42:57.440 -2.48320000E-04 -3.95200000E-04  7.03230000E-04
2001-11-30T07:42:58.440 -7.27460000E-05 -1.01200000E-04  1.43480000E-04
2001-11-30T07:42:59.440 -1.52450000E-04 -3.99500000E-04  3.72200000E-04
2001-11-30T07:43:00.440  6.83850000E-05 -3.28930000E-04  8.10850000E-04
2001-11-30T07:43:01.440 -5.68290000E-05 -1.71540000E-04  2.35310000E-04
2001-11-30T07:43:02.440 -1.80850000E-04 -1.83880000E-04  5.88320000E-04
2001-11-30T07:43:03.440  2.65160000E-05 -1.91850000E-04  3.87030000E-04
2001-11-30T07:43:04.440 -1.44450000E-04 -2.70740000E-04  4.72230000E-04
2001-11-30T07:43:05.440 -1.27140000E-05 -3.23510000E-04  4.07620000E-04
2001-11-30T07:43:06.440 -2.02830000E-04 -2.70870000E-04  3.42250000E-04
2001-11-30T07:43:07.440 -4.86080000E-05 -2.13700000E-04  5.25960000E-04
2001-11-30T07:43:08.440 -1.63250000E-04 -2.64350000E-04  3.31510000E-04
2001-11-30T07:43:09.440 -4.16820000E-05 -2.15080000E-04  3.23360000E-04
2001-11-30T07:43:10.440 -9.51420000E-05 -2.24320000E-04  6.14290000E-04
2001-11-30T07:43:11.440 -4.22530000E-05 -2.01060000E-04  3.82850000E-04
2001-11-30T07:43:12.440 -2.12230000E-04 -4.24560000E-04  3.15270000E-04
2001-11-30T07:43:13.440 -6.08180000E-06 -5.87980000E-05  5.25660000E-04
2001-11-30T07:43:14.440 -1.38000000E-04 -3.30120000E-04  4.98590000E-04
2001-11-30T07:43:15.440  3.56060000E-05 -1.73670000E-04  1.50530000E-04
2001-11-30T07:43:16.440 -3.30490000E-04 -4.01640000E-04  6.38120000E-04
2001-11-30T07:43:17.440 -4.92200000E-06 -8.95570000E-05  3.50980000E-04
2001-11-30T07:43:18.440 -1.67080000E-04 -2.06380000E-04  2.10260000E-04
2001-11-30T07:43:19.440 -9.84640000E-05 -2.16900000E-04  7.83730000E-04
2001-11-30T07:43:20.440 -7.48700000E-06 -3.24640000E-04  2.92390000E-04
2001-11-30T07:43:21.440  1.04380000E-05 -2.19600000E-04  5.75370000E-04
2001-11-30T07:43:22.440 -1.96400000E-04 -2.39950000E-04  3.12080000E-04
2001-11-30T07:43:23.440 -1.16720000E-04 -3.65880000E-04  3.78030000E-04
2001-11-30T07:43:24.440 -8.58910000E-05 -3.36140000E-04  3.29670000E-04
2001-11-30T07:43:25.440 -7.80620000E-05 -3.99990000E-04  2.82980000E-04
2001-11-30T07:43:26.440 -2.20480000E-04 -1.76970000E-04  6.66820000E-04
2001-11-30T07:43:27.440 -6.67020000E-06 -2.23110000E-04  3.07390000E-04
2001-11-30T07:43:28.440 -7.36640000E-05 -2.45780000E-04  3.73230000E-04
2001-11-30T07:43:29.440 -1.08690000E-04 -2.48870000E-04  4.87860000E-04
2001-11-30T07:43:30.440 -1.95150000E-04 -2.82240000E-04  3.77610000E-04
2001-11-30T07:43:31.440 -8.51090000E-05 -2.69480000E-04  2.22700000E-04
2001-11-30T07:43:32.440 -1.33480000E-05 -1.89990000E-04  7.36610000E-04
2001-11-30T07:43:33.440 -1.29320000E-04 -3.90950000E-04  3.47980000E-04
2001-11-30T07:43:34.440  6.51270000E-05 -1.25780000E-04  4.86950000E-04
2001-11-30T07:43:35.440 -1.99630000E-04 -4.53660000E-04  7.12060000E-04
2001-11-30T07:43:36.440 -7.48960000E-05 -9.23930000E-05  1.96200000E-04
2001-11-30T07:43:37.440 -2.31900000E-04 -2.87820000E-04  5.13330000E-04
2001-11-30T07:43:38.440 -7.45860000E-05 -3.41860000E-04  4.55370000E-04
2001-11-30T07:43:39.440 -4.58600000E-05 -1.65730000E-04  6.29080000E-04
2001-11-30T07:43:40.440  7.34130000E-06 -2.29810000E-04  2.35030000E-04
2001-11-30T07:43:41.440 -1.31440000E-04 -3.54210000E-04  5.42250000E-04
2001-11-30T07:43:42.440  1.95790000E-05 -1.56690000E-04  1.63400000E-04
2001-11-30T07:43:43.440 -6.77460000E-05 -1.49180000E-04  2.07490000E-04
2001-11-30T07:43:44.440 -4.34070000E-05 -3.86200000E-04  6.69100000E-04
2001-11-30T07:43:45.440 -1.08320000E-04 -2.31410000E-04  3.42520000E-04
2001-11-30T07:43:46.440 -1.33030000E-04 -2.93460000E-04  7.24450000E-04
2001-11-30T07:43:47.440 -1.47790000E-04 -2.87700000E-04  3.23160000E-04
2001-11-30T07:43:48.440 -1.45940000E-04 -1.94880000E-04  2.73400000E-04
2001-11-30T07:43:49.440  8.91430000E-05 -1.81400000E-04  5.36570000E-04
2001-11-30T07:43:50.440 -2.20490000E-04 -2.67910000E-04  6.18680000E-04
2001-11-30T07:43:51.440 -1.14460000E-04 -2.28290000E-04  2.28840000E-04
2001-11-30T07:43:52.440 -2.01910000E-04 -2.22670000E-04  5.05620000E-04
2001-11-30T07:43:53.440  3.77730000E-05 -1.90650000E-04  4.81850000E-04
2001-11-30T07:43:54.440 -1.98360000E-04 -3.85700000E-04  3.46050000E-04
2001-11-30T07:43:55.440 -2.78020000E-05 -1.02690000E-04  6.25940000E-04
2001-11-30T07:43:56.440 -1.95110000E-04 -3.14370000E-04  3.30940000E-04
2001-11-30T07:43:57.440 -5.07880000E-05 -1.29090000E-04  4.61910000E-04
2001-11-30T07:43:58.440 -1.53240000E-04 -2.11610000E-04  5.21190000E-04
2001-11-30T07:43:59.440 -6.94090000E-06 -3.02740000E-04  3.22490000E-04
2001-11-30T07:44:00.440 -1.24500000E-04 -2.61270000E-04  5.48940000E-04
2001-11-30T07:44:01.440 -1.70330000E-04 -1.70180000E-04  2.89320000E-04
2001-11-30T07:44:02.440 -1.52020000E-04 -2.65030000E-04  6.81600000E-04
2001-11-30T07:44:03.440 -4.27840000E-06 -3.57060000E-04  2.42690000E-04
2001-11-30T07:44:04.440 -1.62250000E-04 -2.05430000E-04  5.31020000E-04
2001-11-30T07:44:05.440 -2.73210000E-05 -3.57630000E-04  2.42800000E-04
2001-11-30T07:44:06.440 -2.10380000E-04 -3.14300000E-04  6.02090000E-04
2001-11-30T07:44:07.440 -3.51120000E-05 -1.62290000E-04  2.38970000E-04
2001-11-30T07:44:08.440 -1.63940000E-04 -1.94690000E-04  4.19570000E-04
2001-11-30T07:44:09.440 -7.41720000E-05 -2.92030000E-04  5.93890000E-04
2001-11-30T07:44:10.440 -1.73320000E-05 -1.73000000E-04  2.48670000E-04
2001-11-30T07:44:11.440 -1.19070000E-04 -3.16980000E-04  4.05120000E-04
2001-11-30T07:44:12.440 -8.53220000E-05 -1.46200000E-04  5.00490000E-04
2001-11-30T07:44:13.440 -1.85420000E-04 -3.47360000E-04  3.04550000E-04
2001-11-30T07:44:14.440 -2.89280000E-05 -2.96030000E-04  7.39760000E-04
2001-11-30T07:44:15.440 -3.87310000E-05 -1.61000000E-04  1.28290000E-04
2001-11-30T07:44:16.440 -3.21750000E-05 -3.58550000E-04  4.75510000E-04
2001-11-30T07:44:17.440 -2.49300000E-04 -3.12990000E-04  4.87820000E-04
2001-11-30T07:44:18.440  3.05000000E-05 -2.55270000E-04  4.22430000E-04
2001-11-30T07:44:19.440 -2.57220000E-04 -3.53530000E-04  3.90750000E-04
2001-11-30T07:44:20.440  9.54240000E-06 -1.86290000E-04  6.44630000E-04
2001-11-30T07:44:21.440 -9.93440000E-05 -2.73100000E-04  1.10570000E-04
2001-11-30T07:44:22.440 -1.20360000E-04 -1.29340000E-04  7.89050000E-04
2001-11-30T07:44:23.440 -4.93980000E-05 -4.22990000E-04  2.32400000E-04
2001-11-30T07:44:24.440 -9.65660000E-05 -2.06430000E-04  1.97120000E-04
2001-11-30T07:44:25.440 -6.09150000E-05 -1.00340000E-04  4.77010000E-04
2001-11-30T07:44:26.440 -1.09920000E-04 -3.65360000E-04  4.48020000E-04
2001-11-30T07:44:27.440 -2.00510000E-04 -2.01940000E-04  5.13130000E-04
2001-11-30T07:44:28.440 -1.25410000E-04 -3.46850000E-04  4.33030000E-04
2001-11-30T07:44:29.440 -1.42980000E-04 -1.98980000E-04  1.87550000E-04
2001-11-30T07:44:30.440 -5.50710000E-05 -3.44600000E-04  5.63710000E-04
2001-11-30T07:44:31.440 -1.72490000E-04 -2.02540000E-04  3.46580000E-04
2001-11-30T07:44:32.440 -9.78450000E-06 -3.18780000E-04  5.94350000E-04
2001-11-30T07:44:33.440 -7.53250000E-05 -2.22870000E-04  1.45820000E-04
2001-11-30T07:44:34.440 -9.99670000E-05 -3.18290000E-04  8.46290000E-04
2001-11-30T07:44:35.440 -1.16630000E-04 -1.11120000E-04  1.00780000E-04
2001-11-30T07:44:36.440 -1.85690000E-04 -4.16280000E-04  3.37730000E-04
2001-11-30T07:44:37.440 -1.00920000E-04 -4.20070000E-05  6.08940000E-04
2001-11-30T07:44:38.440 -1.72400000E-04 -2.83580000E-04  5.76290000E-04
2001-11-30T07:44:39.440 -4.80180000E-05 -2.18270000E-04  2.89510000E-04
2001-11-30T07:44:40.440 -1.89560000E-04 -4.46520000E-04  2.21050000E-04
2001-11-30T07:44:41.440  6.06090000E-05 -6.42960000E-05  6.00640000E-04
2001-11-30T07:44:42.440 -2.24870000E-04 -2.47800000E-04  5.47160000E-04
2001-11-30T07:44:43.440 -3.12930000E-05 -2.49260000E-04  2.43510000E-04
2001-11-30T07:44:44.440 -1.35780000E-04 -2.24450000E-04  5.05300000E-04
2001-11-30T07:44:45.440 -3.06470000E-05 -1.80080000E-04  5.07020000E-04
2001-11-30T07:44:46.440 -2.54190000E-04 -2.48620000E-04  2.46100000E-04
2001-11-30T07:44:47.440 -1.67440000E-04 -3.26520000E-04  8.70720000E-04
2001-11-30T07:44:48.440 -2.05710000E-05 -2.69960000E-04  3.10490000E-04
2001-11-30T07:44:49.440 -4.75510000E-05 -2.34810000E-04  3.68580000E-04
2001-11-30T07:44:50.440 -1.13080000E-04 -2.98470000E-04  7.43180000E-04
2001-11-30T07:44:51.440 -1.24800000E-04 -2.43880000E-04  2.65050000E-04
2001-11-30T07:44:52.440 -2.02900000E-04 -1.98220000E-04  2.78200000E-04
2001-11-30T07:44:53.440 -4.70430000E-06 -2.34450000E-04  3.76660000E-04
2001-11-30T07:44:54.440 -1.60970000E-04 -1.29460000E-04  6.84580000E-04
2001-11-30T07:44:55.440 -7.47840000E-05 -3.39370000E-04  2.54320000E-04
2001-11-30T07:44:56.440 -4.98920000E-05 -2.04380000E-04  6.38150000E-04
2001-11-30T07:44:57.440 -2.81110000E-04 -2.34890000E-04  2.78600000E-04
2001-11-30T07:44:58.440 -7.10310000E-05 -1.62760000E-04  2.27840000E-04
2001-11-30T07:44:59.440 -2.23760000E-04 -3.11940000E-04  6.66160000E-04
2001-11-30T07:45:00.440  1.20020000E-04 -2.03750000E-04  2.65350000E-04
2001-11-30T07:45:01.440 -3.34640000E-04 -3.26060000E-04  4.48330000E-04
2001-11-30T07:45:02.440  2.63330000E-05 -1.21080000E-04  5.58670000E-04
2001-11-30T07:45:03.440 -1.56230000E-04 -2.58150000E-04  2.26800000E-04
2001-11-30T07:45:04.440 -9.00150000E-05 -2.17900000E-04  5.57030000E-04
2001-11-30T07:45:05.440 -2.43150000E-04 -3.36700000E-04  3.27420000E-04
2001-11-30T07:45:06.440 -8.17320000E-05 -1.25660000E-04  5.22300000E-04
2001-11-30T07:45:07.440 -9.54470000E-05 -2.09860000E-04  6.09010000E-04
2001-11-30T07:45:08.440 -8.76040000E-05 -3.23720000E-04  2.92770000E-04
2001-11-30T07:45:09.440 -9.21070000E-05 -1.37470000E-04  5.91630000E-04
2001-11-30T07:45:10.440  3.57080000E-06 -2.68850000E-04  4.18050000E-04
2001-11-30T07:45:11.440 -8.37660000E-05 -2.60290000E-04  4.39560000E-04
2001-11-30T07:45:12.440 -2.71080000E-04 -3.12160000E-04  3.90040000E-04
2001-11-30T07:45:13.440 -1.21090000E-04 -1.96210000E-04  6.86690000E-04
2001-11-30T07:45:14.440 -1.67980000E-04 -2.99300000E-04  2.36670000E-04
2001-11-30T07:45:15.440  5.23060000E-05 -2.80450000E-04  7.68730000E-04
2001-11-30T07:45:16.440 -1.65170000E-04 -3.22520000E-04  2.63030000E-04
2001-11-30T07:45:17.440 -3.99130000E-05 -2.32730000E-04  4.72460000E-04
2001-11-30T07:45:18.440 -8.94500000E-05 -3.84810000E-04  5.17970000E-04
2001-11-30T07:45:19.440 -3.13410000E-05 -7.95530000E-05  4.48990000E-04
2001-11-30T07:45:20.440 -2.65550000E-04 -4.05850000E-04  7.69580000E-04
2001-11-30T07:45:21.440  9.54710000E-05 -4.59000000E-05  2.70650000E-04
2001-11-30T07:45:22.440 -2.56890000E-04 -4.01170000E-04  3.65920000E-04
2001-11-30T07:45:23.440 -1.85720000E-06 -1.45930000E-04  3.94670000E-04
2001-11-30T07:45:24.440 -1.00360000E-04 -3.55930000E-04  5.91040000E-04
2001-11-30T07:45:25.440 -5.06230000E-05 -2.92040000E-04  5.99050000E-04
2001-11-30T07:45:26.440 -1.07370000E-04 -3.80440000E-04  4.06430000E-05
2001-11-30T07:45:27.440 -8.16080000E-05 -1.14710000E-04  7.85850000E-04
2001-11-30T07:45:28.440 -2.17490000E-04 -2.62980000E-04  4.80870000E-04
2001-11-30T07:45:29.440 -4.55650000E-05 -2.46780000E-04  3.42230000E-04
2001-11-30T07:45:30.440 -2.47510000E-05 -3.42000000E-04  5.92930000E-04
2001-11-30T07:45:31.440 -1.73340000E-04 -2.42120000E-04  2.56240000E-04
2001-11-30T07:45:32.440 -2.71620000E-04 -2.96460000E-04  5.35360000E-04
2001-11-30T07:45:33.440  8.76290000E-06 -1.39750000E-04  5.96420000E-04
2001-11-30T07:45:34.440 -9.03380000E-05 -3.87650000E-04  2.74750000E-04
2001-11-30T07:45:35.440 -4.29830000E-05 -2.60150000E-04  5.79420000E-04
2001-11-30T07:45:36.440 -1.26110000E-04 -2.13140000E-04  4.08110000E-04
2001-11-30T07:45:37.440 -1.33910000E-04 -2.87490000E-04  2.01110000E-04
2001-11-30T07:45:38.440 -8.62860000E-05 -2.12880000E-04  5.69810000E-04
2001-11-30T07:45:39.440 -1.56960000E-04 -3.05060000E-04  3.02890000E-04
2001-11-30T07:45:40.440 -3.38500000E-05 -5.67090000E-05  6.04860000E-04
2001-11-30T07:45:41.440 -1.92270000E-04 -4.39240000E-04  2.96360000E-04
2001-11-30T07:45:42.440 -1.23330000E-05 -2.37740000E-05  2.24470000E-04
2001-11-30T07:45:43.440 -1.51340000E-04 -3.62410000E-04  6.75630000E-04
2001-11-30T07:45:44.440  4.35210000E-05 -2.27220000E-04  2.59710000E-04
2001-11-30T07:45:45.440 -3.92450000E-04 -3.24440000E-04  5.14880000E-04
2001-11-30T07:45:46.440  4.25610000E-05 -1.62200000E-04  4.90850000E-04
2001-11-30T07:45:47.440 -1.09550000E-04 -2.20210000E-04  2.06220000E-04
2001-11-30T07:45:48.440  3.44300000E-05 -4.06690000E-04  6.78520000E-04
2001-11-30T07:45:49.440 -1.55150000E-04 -2.26520000E-04  4.06750000E-04
2001-11-30T07:45:50.440 -1.45250000E-04 -2.47950000E-04  2.03400000E-04
2001-11-30T07:45:51.440 -1.16340000E-04 -1.61060000E-04  4.47940000E-04
2001-11-30T07:45:52.440 -1.36850000E-04 -2.47250000E-04  6.04710000E-04
2001-11-30T07:45:53.440  1.19760000E-05 -1.73230000E-04  5.67810000E-04
2001-11-30T07:45:54.440 -6.08340000E-05 -2.59970000E-04  1.96980000E-04
2001-11-30T07:45:55.440  3.26350000E-06 -4.23250000E-04  5.16030000E-04
2001-11-30T07:45:56.440 -1.42890000E-04 -2.39280000E-04  5.31700000E-04
2001-11-30T07:45:57.440 -5.89660000E-05 -1.47820000E-04  2.28530000E-04
2001-11-30T07:45:58.440 -2.14520000E-04 -2.99400000E-04  6.81170000E-04
2001-11-30T07:45:59.440 -8.99950000E-06 -2.46050000E-04  1.47770000E-04
2001-11-30T07:46:00.440 -2.00510000E-04 -3.63230000E-04  6.96200000E-04
2001-11-30T07:46:01.440 -1.60640000E-04 -2.10510000E-04  4.05260000E-04
2001-11-30T07:46:02.440 -9.20030000E-05 -1.70450000E-04  2.38490000E-04
2001-11-30T07:46:03.440 -3.25330000E-05 -2.47690000E-04  6.25290000E-04
2001-11-30T07:46:04.440 -2.63420000E-04 -2.84680000E-04  2.35620000E-04
2001-11-30T07:46:05.440  7.67290000E-05 -1.44910000E-04  5.96090000E-04
2001-11-30T07:46:06.440 -2.61600000E-04 -2.85320000E-04  2.92840000E-04
2001-11-30T07:46:07.440  3.66220000E-05 -2.36140000E-04  3.29770000E-04
2001-11-30T07:46:08.440 -1.97180000E-04 -2.48620000E-04  6.50940000E-04
2001-11-30T07:46:09.440 -8.29910000E-05 -1.80420000E-04  1.89510000E-04
2001-11-30T07:46:10.440 -1.32380000E-04 -2.70710000E-04  5.36930000E-04
2001-11-30T07:46:11.440 -1.14380000E-04 -2.63980000E-04  3.69680000E-04
2001-11-30T07:46:12.440 -2.36560000E-05 -2.27440000E-04  3.04460000E-04
2001-11-30T07:46:13.440 -6.62930000E-05 -2.58640000E-04  4.83900000E-04
2001-11-30T07:46:14.440 -1.81390000E-04 -2.62910000E-04  6.47860000E-04
2001-11-30T07:46:15.440  4.17740000E-05 -2.64370000E-04  3.82480000E-04
2001-11-30T07:46:16.440 -1.04660000E-04 -2.68200000E-04  2.46140000E-04
2001-11-30T07:46:17.440 -6.93060000E-05 -2.11920000E-04  4.12350000E-04
2001-11-30T07:46:18.440  9.22620000E-05 -2.19080000E-04  5.68950000E-04
2001-11-30T07:46:19.440 -3.49090000E-04 -3.58700000E-04  1.75830000E-04
2001-11-30T07:46:20.440  1.35100000E-04 -2.28380000E-04  5.35620000E-04
2001-11-30T07:46:21.440 -2.44900000E-04 -2.41110000E-04  5.90170000E-04
2001-11-30T07:46:22.440  5.83270000E-06 -1.58570000E-04  2.31990000E-04
2001-11-30T07:46:23.440 -1.84760000E-04 -4.02940000E-04  3.88920000E-04
2001-11-30T07:46:24.440 -1.84830000E-04 -1.65180000E-04  7.41190000E-04
2001-11-30T07:46:25.440 -2.27000000E-04 -3.05580000E-04  3.13010000E-04
2001-11-30T07:46:26.440 -2.19910000E-05 -2.37540000E-04  5.10780000E-04
2001-11-30T07:46:27.440 -2.41900000E-04 -3.08420000E-04  3.83870000E-04
2001-11-30T07:46:28.440 -8.83010000E-05 -2.75680000E-04  6.80550000E-04
2001-11-30T07:46:29.440 -9.29340000E-05 -2.90050000E-04  3.22150000E-04
2001-11-30T07:46:30.440 -1.09510000E-04 -2.56950000E-04  3.59110000E-04
2001-11-30T07:46:31.440 -5.04350000E-05 -2.39320000E-04  4.10770000E-04
2001-11-30T07:46:32.440 -1.72510000E-04 -2.47900000E-04  4.29440000E-04
2001-11-30T07:46:33.440 -7.22710000E-05 -1.80740000E-04  3.12950000E-04
2001-11-30T07:46:34.440 -5.13160000E-05 -4.15400000E-04  6.92500000E-04
2001-11-30T07:46:35.440 -1.72270000E-05 -1.97150000E-04  1.74140000E-04
2001-11-30T07:46:36.440 -5.74000000E-05 -3.23420000E-04  6.77410000E-04
2001-11-30T07:46:37.440 -6.03300000E-05 -1.68960000E-04  3.48280000E-04
2001-11-30T07:46:38.440 -1.23290000E-04 -2.58830000E-04  4.20170000E-04
2001-11-30T07:46:39.440 -7.12110000E-05 -3.46320000E-04  5.75840000E-04
2001-11-30T07:46:40.440 -1.92200000E-04 -2.14080000E-04  3.60230000E-04
2001-11-30T07:46:41.440 -1.01910000E-04 -2.11800000E-04  7.48350000E-04
2001-11-30T07:46:42.440 -1.94990000E-04 -3.48810000E-04  1.19360000E-04
2001-11-30T07:46:43.440 -5.39500000E-05 -1.80040000E-04  5.53070000E-04
2001-11-30T07:46:44.440 -1.51740000E-04 -2.59750000E-04  6.37930000E-04
2001-11-30T07:46:45.440 -1.13270000E-04 -2.23540000E-04  2.74770000E-04
2001-11-30T07:46:46.440  5.46620000E-05 -3.39640000E-04  6.06100000E-04
2001-11-30T07:46:47.440 -8.40980000E-05 -1.37060000E-04  1.33770000E-04
2001-11-30T07:46:48.440 -2.44550000E-04 -3.20880000E-04  5.14910000E-04
2001-11-30T07:46:49.440 -1.78230000E-04 -1.37610000E-04  5.86780000E-04
2001-11-30T07:46:50.440 -6.50280000E-05 -3.50930000E-04  2.79880000E-04
2001-11-30T07:46:51.440 -4.98170000E-05 -7.87820000E-05  5.95920000E-04
2001-11-30T07:46:52.440 -1.57310000E-04 -3.85110000E-04  4.20400000E-04
2001-11-30T07:46:53.440 -8.29290000E-05 -9.93210000E-05  5.50150000E-04
2001-11-30T07:46:54.440 -9.38080000E-05 -3.71210000E-04  3.52320000E-04
2001-11-30T07:46:55.440 -1.41770000E-04 -3.12290000E-05  6.94220000E-04
2001-11-30T07:46:56.440 -1.34400000E-04 -4.28040000E-04  2.20770000E-04
2001-11-30T07:46:57.440 -4.84270000E-05 -1.77570000E-04  3.18860000E-04
2001-11-30T07:46:58.440 -1.25830000E-04 -1.93780000E-04  5.44390000E-04
2001-11-30T07:46:59.440 -6.07940000E-05 -3.63050000E-04  8.38600000E-04
2001-11-30T07:47:00.440 -1.93070000E-04 -1.68190000E-04  1.93800000E-04
2001-11-30T07:47:01.440 -3.28090000E-05 -1.73370000E-04  5.97390000E-04
2001-11-30T07:47:02.440 -1.09170000E-04 -3.28530000E-04  4.59300000E-04
2001-11-30T07:47:03.440 -8.59850000E-05 -2.68730000E-04  3.60510000E-04
2001-11-30T07:47:04.440 -6.23280000E-05 -2.16630000E-04  6.20150000E-04
2001-11-30T07:47:05.440 -2.35340000E-04 -3.12770000E-04  3.83840000E-04
2001-11-30T07:47:06.440 -3.09140000E-05 -2.32400000E-04  5.59010000E-04
2001-11-30T07:47:07.440 -8.43460000E-05 -3.39540000E-04  2.70930000E-04
2001-11-30T07:47:08.440 -4.33470000E-05 -1.01410000E-04  4.81440000E-04
2001-11-30T07:47:09.440 -8.47040000E-05 -2.69210000E-04  5.26160000E-04
2001-11-30T07:47:10.440 -8.51180000E-05 -2.87540000E-04  3.43190000E-04
2001-11-30T07:47:11.440 -1.49620000E-04 -3.28220000E-04  2.68980000E-04
2001-11-30T07:47:12.440 -1.01780000E-04 -1.04470000E-04  6.20280000E-04
2001-11-30T07:47:13.440 -1.49200000E-04 -2.47940000E-04  3.83390000E-04
2001-11-30T07:47:14.440  4.75710000E-05 -2.30140000E-04  3.80170000E-04
2001-11-30T07:47:15.440 -2.96650000E-04 -4.75960000E-04  5.28810000E-04
2001-11-30T07:47:16.440 -1.10560000E-04 -1.77670000E-04  4.10270000E-04
2001-11-30T07:47:17.440 -1.51750000E-05 -1.62260000E-04  4.94140000E-04
2001-11-30T07:47:18.440 -1.12320000E-04 -1.17990000E-04  5.75160000E-04
2001-11-30T07:47:19.440  1.22890000E-05 -2.70240000E-04  3.66810000E-04
2001-11-30T07:47:20.440 -8.60370000E-05 -3.57990000E-04  3.82390000E-04
2001-11-30T07:47:21.440  1.07430000E-05 -1.44160000E-04  6.47620000E-04
2001-11-30T07:47:22.440 -1.57440000E-04 -2.70880000E-04  2.17780000E-04
2001-11-30T07:47:23.440  1.23750000E-05 -2.04050000E-04  7.94480000E-04
2001-11-30T07:47:24.440 -1.10710000E-04 -2.92370000E-04  1.15910000E-04
2001-11-30T07:47:25.440 -1.34580000E-05 -2.64160000E-04  3.45090000E-04
2001-11-30T07:47:26.440 -2.23210000E-04 -2.19060000E-04  5.66710000E-04
2001-11-30T07:47:27.440  3.83610000E-05 -1.21500000E-04  1.74580000E-04
2001-11-30T07:47:28.440 -1.64340000E-04 -2.45120000E-04  7.43400000E-04
2001-11-30T07:47:29.440 -8.33820000E-05 -1.30050000E-04  2.61020000E-04
2001-11-30T07:47:30.440 -9.28030000E-05 -1.56880000E-04  3.70260000E-04
2001-11-30T07:47:31.440 -6.28070000E-05 -2.36840000E-04  6.83420000E-04
2001-11-30T07:47:32.440 -5.53060000E-05 -1.61090000E-04  1.29880000E-04
2001-11-30T07:47:33.440 -2.19520000E-04 -2.43450000E-04  5.74990000E-04
2001-11-30T07:47:34.440  1.65550000E-05 -1.38290000E-04  6.32530000E-04
2001-11-30T07:47:35.440 -1.22360000E-04 -3.49890000E-04  3.47170000E-04
2001-11-30T07:47:36.440 -1.64260000E-05 -9.53990000E-05  4.05250000E-04
2001-11-30T07:47:37.440 -3.71340000E-05 -2.28240000E-04  4.08440000E-04
2001-11-30T07:47:38.440  2.48110000E-05 -1.05500000E-04  5.00690000E-04
2001-11-30T07:47:39.440 -1.03990000E-04 -2.42280000E-04  5.61630000E-04
2001-11-30T07:47:40.440 -2.11330000E-05 -1.23830000E-04  4.12820000E-04
2001-11-30T07:47:41.440 -5.84380000E-05 -1.92070000E-04  4.04000000E-04
2001-11-30T07:47:42.440 -1.24970000E-04 -2.17010000E-04  3.85510000E-04
2001-11-30T07:47:43.440 -1.34480000E-04 -3.29730000E-05  6.87410000E-04
2001-11-30T07:47:44.440 -2.53820000E-04 -7.90900000E-05  3.18290000E-04
2001-11-30T07:47:45.440  7.27960000E-05 -8.65350000E-05  3.32530000E-04
2001-11-30T07:47:46.440 -3.34430000E-04 -1.38270000E-04  5.83020000E-04
2001-11-30T07:47:47.440  1.00750000E-04 -1.08560000E-04  1.15540000E-04
2001-11-30T07:47:48.440 -1.40870000E-04 -1.68500000E-04  3.81050000E-04
2001-11-30T07:47:49.440 -3.09420000E-05 -2.36600000E-04  6.33560000E-04
2001-11-30T07:47:50.440 -1.73720000E-04 -2.24300000E-04  3.94040000E-04
2001-11-30T07:47:51.440 -4.75870000E-05 -2.56230000E-05  4.91210000E-04
2001-11-30T07:47:52.440 -2.44930000E-04 -2.32300000E-04  3.04780000E-04
2001-11-30T07:47:53.440 -1.16660000E-04 -8.02310000E-05  5.09640000E-04
2001-11-30T07:47:54.440 -6.97450000E-05 -8.40610000E-05  4.43150000E-04
2001-11-30T07:47:55.440 -1.50900000E-04 -2.06750000E-04  2.45570000E-04
2001-11-30T07:47:56.440  6.37270000E-05 -1.79640000E-05  7.00750000E-04
2001-11-30T07:47:57.440 -1.65440000E-04 -1.05390000E-04  2.95290000E-04
2001-11-30T07:47:58.440 -5.91860000E-05 -1.12980000E-04  2.97790000E-04
2001-11-30T07:47:59.440 -2.18070000E-04 -1.27570000E-04  5.59860000E-04
2001-11-30T07:48:00.440 -1.51270000E-04 -1.71930000E-04  2.83960000E-04
2001-11-30T07:48:01.440 -1.67940000E-04 -7.83460000E-05  3.72840000E-04
2001-11-30T07:48:02.440 -3.74960000E-05 -5.89840000E-05  6.68890000E-04
2001-11-30T07:48:03.440 -1.23110000E-04 -1.05090000E-04  1.96440000E-04
2001-11-30T07:48:04.440 -1.22330000E-04 -1.05820000E-04  5.98540000E-04
2001-11-30T07:48:05.440 -4.23790000E-05  8.96160000E-05  7.14760000E-04
2001-11-30T07:48:06.440 -1.91380000E-04 -2.20090000E-04  3.09780000E-04
2001-11-30T07:48:07.440 -5.44910000E-05 -2.23710000E-05  4.38530000E-04
2001-11-30T07:48:08.440 -6.09200000E-05 -1.31210000E-04  6.20090000E-04
2001-11-30T07:48:09.440 -4.81730000E-05 -5.84640000E-05  2.14870000E-04
2001-11-30T07:48:10.440 -1.35060000E-04  1.10410000E-04  7.24980000E-04
2001-11-30T07:48:11.440 -1.40610000E-04 -1.92000000E-04  4.37530000E-04
2001-11-30T07:48:12.440 -2.05070000E-04  1.80430000E-04  1.73330000E-04
2001-11-30T07:48:13.440 -1.09520000E-04 -7.58910000E-05  6.91080000E-04
2001-11-30T07:48:14.440  6.15510000E-05 -1.40220000E-05  1.69890000E-04
2001-11-30T07:48:15.440 -8.61400000E-05  1.23600000E-04  7.51850000E-04
2001-11-30T07:48:16.440 -1.46750000E-05 -1.31330000E-04  4.53460000E-04
2001-11-30T07:48:17.440 -1.27770000E-04  4.87860000E-05  1.88840000E-04
2001-11-30T07:48:18.440 -2.91080000E-04  5.87200000E-05  5.08150000E-04
2001-11-30T07:48:19.440  5.77540000E-06  4.32750000E-05  4.90910000E-04
2001-11-30T07:48:20.440 -9.58230000E-06  1.48330000E-04  4.10350000E-04
2001-11-30T07:48:21.440 -9.75270000E-05  6.88240000E-05  5.38080000E-04
2001-11-30T07:48:22.440 -2.23930000E-05  2.15860000E-04  4.63090000E-04
2001-11-30T07:48:23.440 -2.22410000E-04  2.76890000E-04  4.03780000E-04
2001-11-30T07:48:24.440 -1.32600000E-04  2.86870000E-04  4.31200000E-04
2001-11-30T07:48:25.440  3.75640000E-05  1.93890000E-04  5.63710000E-04
2001-11-30T07:48:26.440 -2.20760000E-04  2.21620000E-04  3.53350000E-04
2001-11-30T07:48:27.440 -1.13140000E-04  4.86790000E-04  5.60510000E-04
2001-11-30T07:48:28.440 -9.00770000E-05  4.10910000E-04  5.74750000E-04
2001-11-30T07:48:29.440 -1.80370000E-04  4.64700000E-04  1.18080000E-04
2001-11-30T07:48:30.440 -1.04640000E-04  7.97280000E-04  6.37850000E-04
2001-11-30T07:48:31.440 -5.26840000E-05  7.98180000E-04  4.16970000E-04
2001-11-30T07:48:32.440 -1.24140000E-04  1.05880000E-03  4.97740000E-04
2001-11-30T07:48:33.440  5.70900000E-06  1.17910000E-03  6.35600000E-04
2001-11-30T07:48:34.440 -2.22070000E-04  1.14730000E-03  3.49820000E-04
2001-11-30T07:48:35.440 -8.11460000E-05  1.30150000E-03  7.00710000E-04
2001-11-30T07:48:36.440 -1.44410000E-04  1.50860000E-03  3.87650000E-04
2001-11-30T07:48:37.440 -2.83370000E-05  1.57330000E-03  8.36590000E-04
2001-11-30T07:48:38.440 -1.07550000E-04  1.75150000E-03  2.01340000E-04
2001-11-30T07:48:39.440 -1.37010000E-04  1.73240000E-03  3.32510000E-04
2001-11-30T07:48:40.440 -4.76030000E-05  1.95830000E-03  7.25780000E-04
2001-11-30T07:48:41.440 -1.95400000E-04  2.13260000E-03  5.82570000E-04
2001-11-30T07:48:42.440 -6.91860000E-05  2.15840000E-03  5.40530000E-04
2001-11-30T07:48:43.440 -1.30400000E-04  2.38150000E-03  3.50940000E-04
2001-11-30T07:48:44.440  1.97610000E-05  2.53500000E-03  8.57660000E-04
2001-11-30T07:48:45.440 -1.35420000E-04  2.66910000E-03  3.88450000E-04
2001-11-30T07:48:46.440 -1.06680000E-04  2.60750000E-03  7.58830000E-04
2001-11-30T07:48:47.440 -1.35160000E-04  3.00910000E-03  4.14610000E-04
2001-11-30T07:48:48.440 -2.65880000E-04  2.90330000E-03  7.12740000E-04
2001-11-30T07:48:49.440 -3.45730000E-05  2.96630000E-03  4.66110000E-04
2001-11-30T07:48:50.440 -7.51000000E-05  3.14510000E-03  7.53100000E-04
2001-11-30T07:48:51.440 -1.39590000E-04  3.46760000E-03  2.11060000E-04
2001-11-30T07:48:52.440 -8.04040000E-05  3.62320000E-03  8.84630000E-04
2001-11-30T07:48:53.440 -1.47690000E-04  3.94260000E-03  2.62790000E-04
2001-11-30T07:48:54.440 -6.23420000E-05  3.95510000E-03  7.64630000E-04
2001-11-30T07:48:55.440 -2.11700000E-04  4.17970000E-03  4.51220000E-04
2001-11-30T07:48:56.440 -7.51180000E-05  4.51740000E-03  5.15130000E-04
2001-11-30T07:48:57.440 -2.70590000E-04  4.53890000E-03  8.23290000E-04
2001-11-30T07:48:58.440 -1.08640000E-04  4.86630000E-03  3.52440000E-04
2001-11-30T07:48:59.440 -1.11770000E-04  5.02260000E-03  8.38810000E-04
2001-11-30T07:49:00.440 -2.51440000E-04  5.11130000E-03  2.34770000E-04
2001-11-30T07:49:01.440 -1.66440000E-04  5.15880000E-03  9.99390000E-04
2001-11-30T07:49:02.440 -2.08170000E-04  5.27970000E-03  4.67150000E-04
2001-11-30T07:49:03.440 -1.49470000E-04  5.31560000E-03  1.09710000E-03
2001-11-30T07:49:04.440 -2.62660000E-04  5.79140000E-03  2.91670000E-04
2001-11-30T07:49:05.440 -7.22160000E-05  6.16480000E-03  7.62680000E-04
2001-11-30T07:49:06.440 -2.26950000E-04  6.01120000E-03  8.65920000E-04
2001-11-30T07:49:07.440 -2.11670000E-04  6.83650000E-03  4.38430000E-04
2001-11-30T07:49:08.440 -2.65260000E-04  7.33710000E-03  5.51350000E-04
2001-11-30T07:49:09.440 -2.78280000E-04  7.16250000E-03  6.15520000E-04
2001-11-30T07:49:10.440 -1.88210000E-04  6.78750000E-03  6.92860000E-04
2001-11-30T07:49:11.440 -2.63880000E-04  6.41210000E-03  6.68580000E-04
2001-11-30T07:49:12.440 -9.10020000E-05  7.16140000E-03  6.64310000E-04
2001-11-30T07:49:13.440 -1.54930000E-04  7.52490000E-03  5.72550000E-04
2001-11-30T07:49:14.440 -2.46800000E-04  7.97190000E-03  7.50450000E-04
2001-11-30T07:49:15.440 -3.04700000E-04  8.38920000E-03  4.41760000E-04
2001-11-30T07:49:16.440 -1.65030000E-04  8.72050000E-03  8.26440000E-04
2001-11-30T07:49:17.440 -3.16000000E-04  9.34730000E-03  5.19590000E-04
2001-11-30T07:49:18.440 -9.25000000E-05  9.83740000E-03  9.73050000E-04
2001-11-30T07:49:19.440 -2.53850000E-04  9.77950000E-03  4.30940000E-04
2001-11-30T07:49:20.440 -1.00430000E-04  1.02290000E-02  8.73470000E-04
2001-11-30T07:49:21.440 -2.51660000E-04  1.06130000E-02  9.07120000E-04
2001-11-30T07:49:22.440 -2.08360000E-04  1.08640000E-02  6.93660000E-04
2001-11-30T07:49:23.440 -3.13230000E-04  1.08860000E-02  1.03530000E-03
2001-11-30T07:49:24.440 -1.21110000E-04  1.10720000E-02  6.42670000E-04
2001-11-30T07:49:25.440 -5.76230000E-05  1.13770000E-02  9.09510000E-04
2001-11-30T07:49:26.440 -1.82910000E-04  1.24130000E-02  8.31970000E-04
2001-11-30T07:49:27.440 -2.67510000E-04  1.27860000E-02  8.10330000E-04
2001-11-30T07:49:28.440 -1.35400000E-04  1.24720000E-02  1.14040000E-03
2001-11-30T07:49:29.440 -3.25630000E-04  1.38940000E-02  7.57280000E-04
2001-11-30T07:49:30.440 -3.77340000E-04  1.35150000E-02  1.00320000E-03
2001-11-30T07:49:31.440 -3.58580000E-04  1.38420000E-02  7.88340000E-04
2001-11-30T07:49:32.440 -7.27880000E-05  1.52710000E-02  9.70640000E-04
2001-11-30T07:49:33.440 -2.67150000E-04  1.50050000E-02  1.08920000E-03
2001-11-30T07:49:34.440 -4.19770000E-04  1.44850000E-02  8.23660000E-04
2001-11-30T07:49:35.440 -2.45180000E-04  1.45890000E-02  1.12700000E-03
2001-11-30T07:49:36.440 -1.83880000E-04  1.47220000E-02  7.84740000E-04
2001-11-30T07:49:37.440 -5.10380000E-04  1.50180000E-02  1.07230000E-03
2001-11-30T07:49:38.440 -1.30570000E-04  1.40170000E-02  1.06120000E-03
2001-11-30T07:49:39.440 -3.03730000E-04  1.32170000E-02  6.35570000E-04
2001-11-30T07:49:40.440 -3.34570000E-04  1.37280000E-02  9.45670000E-04
2001-11-30T07:49:41.440 -2.62650000E-04  1.39830000E-02  9.28610000E-04
2001-11-30T07:49:42.440 -2.08260000E-04  1.43120000E-02  1.08400000E-03
2001-11-30T07:49:43.440 -1.69340000E-04  1.43220000E-02  6.38060000E-04
2001-11-30T07:49:44.440 -5.46980000E-04  1.47430000E-02  1.03800000E-03
2001-11-30T07:49:45.440 -1.10370000E-04  1.55110000E-02  9.20230000E-04
2001-11-30T07:49:46.440 -4.71690000E-04  1.54070000E-02  9.42370000E-04
2001-11-30T07:49:47.440 -2.12100000E-04  1.57710000E-02  7.21030000E-04
2001-11-30T07:49:48.440 -4.56900000E-04  1.54970000E-02  9.58060000E-04
2001-11-30T07:49:49.440 -5.96850000E-04  1.55690000E-02  6.17580000E-04
2001-11-30T07:49:50.440 -4.16450000E-04  1.65230000E-02  1.06270000E-03
2001-11-30T07:49:51.440 -4.10410000E-05  1.71030000E-02  6.96860000E-04
2001-11-30T07:49:52.440 -1.00700000E-03  1.64910000E-02  8.41930000E-04
2001-11-30T07:49:53.440  1.10470000E-04  1.72190000E-02  7.48780000E-04
2001-11-30T07:49:54.440 -1.12980000E-03  1.66240000E-02  7.82210000E-04
2001-11-30T07:49:55.440  3.86880000E-04  1.80990000E-02  6.64110000E-04
2001-11-30T07:49:56.440 -1.40610000E-03  1.72010000E-02  8.23880000E-04
2001-11-30T07:49:57.440 -2.26600000E-04  1.81360000E-02  6.97180000E-04
2001-11-30T07:49:58.440 -3.43680000E-04  1.77200000E-02  9.49480000E-04
2001-11-30T07:49:59.440 -8.91750000E-04  1.71960000E-02  6.91130000E-04
2001-11-30T07:50:00.440  2.44320000E-06  1.87750000E-02  7.99620000E-04
2001-11-30T07:50:01.440 -1.29530000E-04  1.91650000E-02  8.27900000E-04
2001-11-30T07:50:02.440 -4.92670000E-04  1.95540000E-02  8.61060000E-04
2001-11-30T07:50:03.440 -6.70980000E-04  1.97900000E-02  8.59530000E-04
2001-11-30T07:50:04.440 -8.93040000E-04  2.00890000E-02  8.13000000E-04
2001-11-30T07:50:05.440 -8.06240000E-04  2.00160000E-02  9.09000000E-04
2001-11-30T07:50:06.440 -2.24460000E-04  2.11080000E-02  8.00160000E-04
2001-11-30T07:50:07.440 -2.85880000E-04  2.13050000E-02  7.30310000E-04
2001-11-30T07:50:08.440 -1.04480000E-03  2.06010000E-02  9.80610000E-04
2001-11-30T07:50:09.440  4.50560000E-04  2.21020000E-02  7.05970000E-04
2001-11-30T07:50:10.440 -1.14420000E-03  2.08570000E-02  8.89830000E-04
2001-11-30T07:50:11.440  4.46520000E-04  2.17230000E-02  7.40840000E-04
2001-11-30T07:50:12.440 -9.88450000E-04  2.04060000E-02  7.16140000E-04
2001-11-30T07:50:13.440 -2.38170000E-04  2.12770000E-02  1.17060000E-03
2001-11-30T07:50:14.440 -4.81900000E-04  2.15300000E-02  6.94990000E-04
2001-11-30T07:50:15.440 -3.24450000E-04  2.13940000E-02  1.01580000E-03
2001-11-30T07:50:16.440 -6.39780000E-04  2.17680000E-02  8.11580000E-04
2001-11-30T07:50:17.440  5.55460000E-05  2.23900000E-02  1.14150000E-03
2001-11-30T07:50:18.440 -8.48980000E-04  2.13760000E-02  7.89470000E-04
2001-11-30T07:50:19.440 -1.75490000E-04  2.21570000E-02  1.10880000E-03
2001-11-30T07:50:20.440 -5.89590000E-04  2.26860000E-02  7.71660000E-04
2001-11-30T07:50:21.440 -2.87060000E-04  2.38120000E-02  1.08880000E-03
2001-11-30T07:50:22.440 -5.41550000E-04  2.34200000E-02  1.11360000E-03
2001-11-30T07:50:23.440 -5.25240000E-04  2.37990000E-02  9.63490000E-04
2001-11-30T07:50:24.440 -6.76070000E-04  2.36740000E-02  1.21130000E-03
2001-11-30T07:50:25.440 -6.06200000E-04  2.50630000E-02  1.18830000E-03
2001-11-30T07:50:26.440 -5.08320000E-04  2.49720000E-02  9.25850000E-04
2001-11-30T07:50:27.440 -6.39040000E-04  2.44340000E-02  1.32590000E-03
2001-11-30T07:50:28.440 -7.77380000E-04  2.28570000E-02  1.15200000E-03
2001-11-30T07:50:29.440 -3.52590000E-04  2.29960000E-02  8.91580000E-04
2001-11-30T07:50:30.440 -5.99470000E-04  2.35610000E-02  9.38380000E-04
2001-11-30T07:50:31.440 -4.94930000E-04  2.45140000E-02  1.08790000E-03
2001-11-30T07:50:32.440 -6.05510000E-04  2.47110000E-02  1.02210000E-03
2001-11-30T07:50:33.440 -6.06010000E-04  2.43560000E-02  1.12920000E-03
2001-11-30T07:50:34.440 -7.23850000E-04  2.45270000E-02  1.04010000E-03
2001-11-30T07:50:35.440 -6.34180000E-04  2.55650000E-02  9.12570000E-04
2001-11-30T07:50:36.440 -6.19340000E-04  2.62570000E-02  1.05440000E-03
2001-11-30T07:50:37.440 -6.65250000E-04  2.57390000E-02  9.23160000E-04
2001-11-30T07:50:38.440 -7.37880000E-04  2.62080000E-02  9.11200000E-04
2001-11-30T07:50:39.440 -3.40130000E-04  2.60860000E-02  7.78330000E-04
2001-11-30T07:50:40.440 -9.42790000E-04  2.65170000E-02  1.11980000E-03
2001-11-30T07:50:41.440 -4.31920000E-04  2.74780000E-02  6.38680000E-04
2001-11-30T07:50:42.440 -3.50950000E-04  2.79750000E-02  1.12370000E-03
2001-11-30T07:50:43.440 -5.45140000E-04  2.86740000E-02  8.01950000E-04
2001-11-30T07:50:44.440 -6.04830000E-04  2.81890000E-02  9.68930000E-04
2001-11-30T07:50:45.440 -4.87730000E-04  2.84800000E-02  9.78740000E-04
2001-11-30T07:50:46.440 -7.85400000E-04  2.91970000E-02  6.88360000E-04
2001-11-30T07:50:47.440 -5.14670000E-04  2.93750000E-02  1.12440000E-03
2001-11-30T07:50:48.440 -5.52570000E-04  3.05010000E-02  8.01710000E-04
2001-11-30T07:50:49.440 -5.60560000E-04  3.09690000E-02  9.18950000E-04
2001-11-30T07:50:50.440 -5.42650000E-04  2.93760000E-02  9.58920000E-04
2001-11-30T07:50:51.440 -6.01950000E-04  2.77540000E-02  8.47930000E-04
2001-11-30T07:50:52.440 -5.61200000E-04  2.70580000E-02  7.81860000E-04
2001-11-30T07:50:53.440 -4.26240000E-04  2.67030000E-02  1.14660000E-03
2001-11-30T07:50:54.440 -5.99160000E-04  2.78820000E-02  8.69680000E-04
2001-11-30T07:50:55.440 -6.54530000E-04  2.73800000E-02  1.03440000E-03
2001-11-30T07:50:56.440 -6.07490000E-04  2.42920000E-02  1.02990000E-03
2001-11-30T07:50:57.440 -2.57560000E-04  2.45740000E-02  8.20950000E-04
2001-11-30T07:50:58.440 -8.67800000E-04  2.52500000E-02  1.03660000E-03
2001-11-30T07:50:59.440 -2.07000000E-04  2.37250000E-02  9.28860000E-04
2001-11-30T07:51:00.440 -4.17090000E-04  2.19350000E-02  1.14250000E-03
2001-11-30T07:51:01.440 -7.23770000E-04  2.21750000E-02  9.50310000E-04
2001-11-30T07:51:02.440 -4.18270000E-04  2.30260000E-02  1.00180000E-03
2001-11-30T07:51:03.440 -3.88550000E-04  2.42250000E-02  9.17410000E-04
2001-11-30T07:51:04.440 -4.28960000E-04  2.40340000E-02  1.04270000E-03
2001-11-30T07:51:05.440 -3.93620000E-04  2.42210000E-02  1.04620000E-03
2001-11-30T07:51:06.440 -2.42580000E-04  2.44190000E-02  1.01070000E-03
2001-11-30T07:51:07.440 -8.30330000E-04  2.30360000E-02  9.62380000E-04
2001-11-30T07:51:08.440  2.06430000E-04  2.16680000E-02  1.00410000E-03
2001-11-30T07:51:09.440 -4.82540000E-04  1.92820000E-02  8.02430000E-04
2001-11-30T07:51:10.440 -4.62850000E-04  1.95460000E-02  9.88940000E-04
2001-11-30T07:51:11.440 -5.86600000E-04  1.97270000E-02  1.05190000E-03
2001-11-30T07:51:12.440 -6.34960000E-04  1.97900000E-02  7.92340000E-04
2001-11-30T07:51:13.440 -7.19640000E-04  1.98890000E-02  1.21060000E-03
2001-11-30T07:51:14.440 -8.89530000E-04  2.04620000E-02  7.67590000E-04
2001-11-30T07:51:15.440  3.35610000E-04  2.20870000E-02  8.81990000E-04
2001-11-30T07:51:16.440 -1.41080000E-03  2.12040000E-02  1.11460000E-03
2001-11-30T07:51:17.440  1.63800000E-04  2.21810000E-02  8.27790000E-04
2001-11-30T07:51:18.440 -7.78390000E-04  2.18150000E-02  8.91290000E-04
2001-11-30T07:51:19.440 -2.44990000E-04  2.16430000E-02  9.04620000E-04
2001-11-30T07:51:20.440 -9.26230000E-04  2.12490000E-02  9.42770000E-04
2001-11-30T07:51:21.440 -1.15750000E-04  2.19230000E-02  8.73720000E-04
2001-11-30T07:51:22.440 -9.73910000E-04  2.07800000E-02  6.18720000E-04
2001-11-30T07:51:23.440 -3.06300000E-06  2.22820000E-02  1.33830000E-03
2001-11-30T07:51:24.440 -7.67830000E-04  2.15170000E-02  6.43660000E-04
2001-11-30T07:51:25.440 -2.16420000E-04  2.18000000E-02  1.06930000E-03
2001-11-30T07:51:26.440 -9.02070000E-04  2.08460000E-02  7.51620000E-04
2001-11-30T07:51:27.440 -4.18710000E-05  2.22440000E-02  8.94260000E-04
2001-11-30T07:51:28.440 -5.84310000E-04  2.16770000E-02  8.50520000E-04
2001-11-30T07:51:29.440 -1.51630000E-04  2.12940000E-02  8.20030000E-04
2001-11-30T07:51:30.440 -8.70550000E-04  2.00490000E-02  9.03270000E-04
2001-11-30T07:51:31.440 -5.63610000E-04  1.98040000E-02  8.10060000E-04
2001-11-30T07:51:32.440 -4.18590000E-04  1.91530000E-02  6.67410000E-04
2001-11-30T07:51:33.440  2.67360000E-04  1.86030000E-02  8.99340000E-04
2001-11-30T07:51:34.440 -1.32440000E-04  1.80730000E-02  6.78680000E-04
2001-11-30T07:51:35.440 -1.13750000E-03  1.67740000E-02  1.10370000E-03
2001-11-30T07:51:36.440  4.81030000E-04  1.81030000E-02  5.93630000E-04
2001-11-30T07:51:37.440 -3.66690000E-04  1.81390000E-02  8.56740000E-04
2001-11-30T07:51:38.440 -7.96480000E-04  1.78200000E-02  7.26460000E-04
2001-11-30T07:51:39.440 -5.37490000E-04  1.78130000E-02  1.01060000E-03
2001-11-30T07:51:40.440  3.99880000E-04  1.70240000E-02  6.14210000E-04
2001-11-30T07:51:41.440 -7.13620000E-04  1.65500000E-02  8.93950000E-04
2001-11-30T07:51:42.440  1.45360000E-04  1.80340000E-02  8.32480000E-04
2001-11-30T07:51:43.440 -7.24750000E-04  1.64650000E-02  7.57000000E-04
2001-11-30T07:51:44.440  2.19340000E-04  1.74010000E-02  1.02680000E-03
2001-11-30T07:51:45.440 -6.62710000E-04  1.76900000E-02  6.73930000E-04
2001-11-30T07:51:46.440 -5.10390000E-04  1.82570000E-02  1.09080000E-03
2001-11-30T07:51:47.440 -3.31020000E-04  1.77970000E-02  5.64590000E-04
2001-11-30T07:51:48.440  1.52270000E-04  1.73790000E-02  1.05720000E-03
2001-11-30T07:51:49.440 -6.42930000E-04  1.65270000E-02  8.01750000E-04
2001-11-30T07:51:50.440 -5.68880000E-06  1.75250000E-02  1.00970000E-03
2001-11-30T07:51:51.440 -8.95450000E-04  1.69170000E-02  8.02750000E-04
2001-11-30T07:51:52.440  2.21240000E-04  1.69630000E-02  8.64350000E-04
2001-11-30T07:51:53.440 -6.94430000E-04  1.63760000E-02  9.79800000E-04
2001-11-30T07:51:54.440 -3.80090000E-04  1.71690000E-02  7.54940000E-04
2001-11-30T07:51:55.440 -3.54920000E-04  1.69010000E-02  9.92920000E-04
2001-11-30T07:51:56.440 -6.70260000E-04  1.61300000E-02  7.89310000E-04
2001-11-30T07:51:57.440 -2.15150000E-04  1.62490000E-02  7.80260000E-04
2001-11-30T07:51:58.440 -4.02800000E-04  1.71490000E-02  9.86990000E-04
2001-11-30T07:51:59.440 -8.74280000E-04  1.63860000E-02  6.29760000E-04
2001-11-30T07:52:00.440  6.76930000E-05  1.62240000E-02  1.13660000E-03
2001-11-30T07:52:01.440 -9.07940000E-04  1.53340000E-02  7.78100000E-04
2001-11-30T07:52:02.440  1.67990000E-05  1.61240000E-02  1.01340000E-03
2001-11-30T07:52:03.440 -6.20500000E-04  1.55030000E-02  6.20750000E-04
2001-11-30T07:52:04.440 -1.85020000E-04  1.52750000E-02  7.88950000E-04
2001-11-30T07:52:05.440 -7.11260000E-04  1.45280000E-02  1.11120000E-03
2001-11-30T07:52:06.440 -4.61840000E-04  1.43260000E-02  6.59800000E-04
2001-11-30T07:52:07.440 -3.90180000E-04  1.48170000E-02  8.74540000E-04
2001-11-30T07:52:08.440 -1.41730000E-04  1.48100000E-02  6.34640000E-04
2001-11-30T07:52:09.440 -1.81030000E-04  1.39400000E-02  1.04650000E-03
2001-11-30T07:52:10.440 -3.45950000E-04  1.37800000E-02  4.78830000E-04
2001-11-30T07:52:11.440 -4.77320000E-04  1.36910000E-02  6.58730000E-04
2001-11-30T07:52:12.440 -2.46310000E-04  1.35160000E-02  5.45510000E-04
2001-11-30T07:52:13.440 -4.17640000E-05  1.27760000E-02  9.20690000E-04
2001-11-30T07:52:14.440 -3.78180000E-04  1.20580000E-02  5.57520000E-04
2001-11-30T07:52:15.440 -5.52900000E-04  1.15870000E-02  5.39050000E-04
2001-11-30T07:52:16.440 -2.10320000E-04  1.09340000E-02  8.37460000E-04
2001-11-30T07:52:17.440 -8.75960000E-05  1.05220000E-02  3.94330000E-04
2001-11-30T07:52:18.440 -2.06280000E-04  1.05990000E-02  9.41540000E-04
2001-11-30T07:52:19.440 -1.12890000E-04  1.02520000E-02  5.06050000E-04
2001-11-30T07:52:20.440 -2.49100000E-04  1.08350000E-02  7.66170000E-04
2001-11-30T07:52:21.440 -1.44840000E-04  1.08260000E-02  3.75610000E-04
2001-11-30T07:52:22.440 -1.69730000E-04  1.05030000E-02  9.17330000E-04
2001-11-30T07:52:23.440 -3.97200000E-04  1.03410000E-02  5.14900000E-04
2001-11-30T07:52:24.440 -1.48560000E-04  1.03750000E-02  6.47720000E-04
2001-11-30T07:52:25.440 -3.91930000E-05  1.02620000E-02  5.11710000E-04
2001-11-30T07:52:26.440 -2.08390000E-04  9.97150000E-03  8.93720000E-04
2001-11-30T07:52:27.440 -1.68200000E-04  9.80010000E-03  6.15010000E-04
2001-11-30T07:52:28.440 -1.59280000E-04  9.18510000E-03  7.32780000E-04
2001-11-30T07:52:29.440 -1.82540000E-04  9.00510000E-03  4.34050000E-04
2001-11-30T07:52:30.440 -2.80400000E-04  9.18650000E-03  6.48270000E-04
2001-11-30T07:52:31.440 -2.92110000E-04  8.43080000E-03  4.86110000E-04
2001-11-30T07:52:32.440  3.98010000E-05  8.58530000E-03  8.55650000E-04
2001-11-30T07:52:33.440 -2.63930000E-04  7.91760000E-03  4.44090000E-04
2001-11-30T07:52:34.440 -2.02930000E-04  7.67710000E-03  8.11400000E-04
2001-11-30T07:52:35.440 -1.68700000E-04  7.34130000E-03  7.60970000E-04
2001-11-30T07:52:36.440 -2.74300000E-04  6.50550000E-03  6.14370000E-04
2001-11-30T07:52:37.440 -2.60930000E-04  6.74850000E-03  4.33440000E-04
2001-11-30T07:52:38.440 -2.72860000E-04  6.56850000E-03  6.03780000E-04
2001-11-30T07:52:39.440 -1.96620000E-04  6.10870000E-03  6.45090000E-04
2001-11-30T07:52:40.440 -2.60740000E-04  5.95250000E-03  6.25150000E-04
2001-11-30T07:52:41.440 -1.94160000E-04  5.49270000E-03  8.81870000E-04
2001-11-30T07:52:42.440 -9.34810000E-05  4.84100000E-03  5.39880000E-04
2001-11-30T07:52:43.440 -2.21040000E-04  5.22520000E-03  3.83660000E-04
2001-11-30T07:52:44.440 -3.51690000E-04  4.68270000E-03  8.98900000E-04
2001-11-30T07:52:45.440 -1.22300000E-04  3.45810000E-03  3.17910000E-04
2001-11-30T07:52:46.440 -7.37120000E-05  2.64120000E-03  6.32900000E-04
2001-11-30T07:52:47.440  4.37400000E-06  2.32380000E-03  4.56500000E-04
2001-11-30T07:52:48.440 -1.30450000E-04  1.98450000E-03  6.77220000E-04
2001-11-30T07:52:49.440 -8.96660000E-06  1.70530000E-03  4.56910000E-04
2001-11-30T07:52:50.440 -1.71450000E-04  1.53110000E-03  6.75410000E-04
2001-11-30T07:52:51.440 -3.66500000E-04  1.30260000E-03  2.66850000E-04
2001-11-30T07:52:52.440 -9.32210000E-05  1.13140000E-03  5.40470000E-04
2001-11-30T07:52:53.440 -1.31450000E-04  1.18000000E-03  2.23610000E-04
2001-11-30T07:52:54.440 -1.34790000E-04  8.82490000E-04  7.51660000E-04
2001-11-30T07:52:55.440 -1.59330000E-04  9.91170000E-04  2.47950000E-04
2001-11-30T07:52:56.440 -1.33670000E-04  7.49250000E-04  7.42690000E-04
2001-11-30T07:52:57.440 -9.39110000E-05  9.35550000E-04  3.45560000E-04
2001-11-30T07:52:58.440 -1.05170000E-04  7.38410000E-04  5.37740000E-04
2001-11-30T07:52:59.440 -1.82450000E-04  8.69010000E-04  5.47080000E-04
2001-11-30T07:53:00.440 -1.23370000E-04  1.19120000E-03  3.57600000E-04
2001-11-30T07:53:01.440 -5.63150000E-05  1.66540000E-03  6.00230000E-04
2001-11-30T07:53:02.440 -1.62260000E-04  1.47460000E-03  5.50400000E-04
2001-11-30T07:53:03.440 -1.77620000E-04  9.94470000E-04  2.72890000E-04
2001-11-30T07:53:04.440 -4.89820000E-05  7.58690000E-04  8.29620000E-04
2001-11-30T07:53:05.440 -1.13020000E-04  6.80870000E-04  5.58140000E-04
2001-11-30T07:53:06.440 -1.22230000E-04  6.14140000E-04  3.55660000E-04
2001-11-30T07:53:07.440 -1.41270000E-04  6.04770000E-04  4.67960000E-04
2001-11-30T07:53:08.440 -3.10730000E-04  4.66800000E-04  4.34220000E-04
2001-11-30T07:53:09.440 -2.21060000E-05  3.60390000E-04  6.61800000E-04
2001-11-30T07:53:10.440 -2.18090000E-04  3.55060000E-04  3.68320000E-04
2001-11-30T07:53:11.440 -1.43280000E-04  4.86730000E-04  4.07800000E-04
2001-11-30T07:53:12.440  1.59420000E-05  4.65470000E-04  6.79630000E-04
2001-11-30T07:53:13.440 -6.47410000E-05  5.15880000E-04  3.96100000E-04
2001-11-30T07:53:14.440 -1.43910000E-04  6.04490000E-04  4.80770000E-04
2001-11-30T07:53:15.440 -1.14930000E-04  4.23580000E-04  2.77420000E-04
2001-11-30T07:53:16.440 -1.06310000E-04  6.26130000E-04  4.36150000E-04
2001-11-30T07:53:17.440 -9.05270000E-05  4.23890000E-04  6.79410000E-04
2001-11-30T07:53:18.440 -1.34270000E-04  3.70500000E-04  4.93660000E-04
2001-11-30T07:53:19.440 -1.45780000E-05  3.42910000E-04  4.46410000E-04
2001-11-30T07:53:20.440 -1.47620000E-04  2.78130000E-04  4.77960000E-04
2001-11-30T07:53:21.440  8.66300000E-05  3.32470000E-04  3.42770000E-04
2001-11-30T07:53:22.440 -3.36830000E-04  6.85670000E-05  8.16340000E-04
2001-11-30T07:53:23.440  5.79190000E-05  2.47920000E-04  3.18860000E-04
2001-11-30T07:53:24.440 -4.96460000E-05  2.52240000E-04  6.64250000E-04
2001-11-30T07:53:25.440 -1.37530000E-04  1.38700000E-04  4.49380000E-04
2001-11-30T07:53:26.440 -2.96320000E-05  2.44500000E-04  6.37050000E-04
2001-11-30T07:53:27.440  1.04180000E-05  1.76500000E-04  4.75000000E-04
2001-11-30T07:53:28.440 -2.36570000E-04 -7.03120000E-05  5.15490000E-04
2001-11-30T07:53:29.440 -7.62680000E-05  1.55930000E-04  2.96210000E-04
2001-11-30T07:53:30.440 -3.13510000E-04 -7.57560000E-05  8.53210000E-04
2001-11-30T07:53:31.440  3.11530000E-05  1.82400000E-05  2.39300000E-04
2001-11-30T07:53:32.440 -2.39360000E-04 -1.89690000E-04  6.51860000E-04
2001-11-30T07:53:33.440  3.00310000E-05 -3.45960000E-05  2.34060000E-04
2001-11-30T07:53:34.440 -1.84150000E-04  7.53650000E-05  7.47080000E-04
2001-11-30T07:53:35.440 -1.40710000E-04 -1.23760000E-04  2.28160000E-04
2001-11-30T07:53:36.440 -1.05310000E-04  4.51120000E-05  7.06810000E-04
2001-11-30T07:53:37.440 -6.28570000E-05 -1.95490000E-04  3.27970000E-04
2001-11-30T07:53:38.440 -2.39730000E-05 -5.22990000E-05  5.73190000E-04
2001-11-30T07:53:39.440 -2.08950000E-04 -1.46350000E-04  2.55610000E-04
2001-11-30T07:53:40.440 -3.74900000E-05 -5.05910000E-05  5.09240000E-04
2001-11-30T07:53:41.440 -7.88920000E-05  1.61950000E-05  4.11510000E-04
2001-11-30T07:53:42.440 -1.09250000E-04  3.51470000E-06  4.55340000E-04
2001-11-30T07:53:43.440 -1.31740000E-04 -9.35860000E-05  7.43910000E-04
2001-11-30T07:53:44.440 -8.13540000E-05 -5.25340000E-05  4.30390000E-04
2001-11-30T07:53:45.440 -1.02860000E-04 -7.55540000E-06  6.63150000E-04
2001-11-30T07:53:46.440 -2.46490000E-04 -1.55820000E-04  1.89530000E-04
2001-11-30T07:53:47.440 -4.12100000E-05 -9.08920000E-05  5.03260000E-04
2001-11-30T07:53:48.440  2.19060000E-05 -1.26180000E-04  4.01320000E-04
2001-11-30T07:53:49.440 -2.15010000E-04 -3.96600000E-06  3.97880000E-04
2001-11-30T07:53:50.440  6.98320000E-05 -2.58860000E-04  4.41830000E-04
2001-11-30T07:53:51.440 -1.23580000E-04 -2.51710000E-04  5.59470000E-04
2001-11-30T07:53:52.440 -1.22050000E-04 -3.79560000E-05  5.85700000E-04
2001-11-30T07:53:53.440 -1.58280000E-04 -1.28570000E-04  2.23730000E-04
2001-11-30T07:53:54.440 -4.67800000E-05 -7.27950000E-05  4.45300000E-04
2001-11-30T07:53:55.440 -7.31250000E-05 -3.32880000E-04  4.77200000E-04
2001-11-30T07:53:56.440 -1.30070000E-04 -7.36790000E-05  4.87870000E-04
2001-11-30T07:53:57.440 -2.83250000E-05 -1.89500000E-04  3.90300000E-04
2001-11-30T07:53:58.440 -1.18700000E-04 -7.16350000E-05  3.65820000E-04
2001-11-30T07:53:59.440 -2.00610000E-04 -3.15150000E-04  6.48730000E-04
2001-11-30T07:54:00.440 -1.12400000E-04 -1.20950000E-04  2.80730000E-04
2001-11-30T07:54:01.440 -1.04900000E-04 -9.40990000E-05  5.51760000E-04
2001-11-30T07:54:02.440 -1.02130000E-04 -2.60780000E-04  4.10280000E-04
2001-11-30T07:54:03.440 -6.87530000E-05 -6.82090000E-05  3.46750000E-04
2001-11-30T07:54:04.440 -3.52770000E-04 -2.53000000E-04  7.36030000E-04
2001-11-30T07:54:05.440 -2.65490000E-05 -6.03580000E-05  3.00610000E-04
2001-11-30T07:54:06.440 -9.42760000E-06 -2.75470000E-04  6.22190000E-04
2001-11-30T07:54:07.440 -1.78050000E-04 -1.76460000E-04  2.48700000E-04
2001-11-30T07:54:08.440 -1.91150000E-04 -1.92950000E-04  7.32960000E-04
2001-11-30T07:54:09.440  1.57090000E-04 -1.12430000E-04  3.41920000E-04
2001-11-30T07:54:10.440 -2.11290000E-04 -1.29590000E-04  2.28500000E-04
2001-11-30T07:54:11.440 -1.28360000E-04 -1.98460000E-04  4.40490000E-04
2001-11-30T07:54:12.440 -1.37320000E-04 -1.28640000E-04  4.71370000E-04
2001-11-30T07:54:13.440 -1.72050000E-04 -2.80810000E-04  7.08070000E-04
2001-11-30T07:54:14.440 -8.44510000E-05 -9.15200000E-05  1.93980000E-04
2001-11-30T07:54:15.440 -1.00010000E-04 -3.20610000E-04  6.57290000E-04
2001-11-30T07:54:16.440 -8.30380000E-05 -2.85730000E-05  1.78130000E-04
2001-11-30T07:54:17.440 -1.92300000E-04 -4.09400000E-04  7.25550000E-04
2001-11-30T07:54:18.440 -1.38120000E-05 -1.38190000E-04  9.42710000E-05
2001-11-30T07:54:19.440 -3.54220000E-04 -1.71260000E-04  5.43970000E-04
2001-11-30T07:54:20.440  7.92050000E-05 -2.72970000E-04  5.47960000E-04
2001-11-30T07:54:21.440 -2.17070000E-04 -2.17150000E-04  3.61110000E-04
2001-11-30T07:54:22.440 -1.06140000E-04  3.87200000E-05  6.55610000E-04
2001-11-30T07:54:23.440 -3.63420000E-05 -3.23730000E-04  1.66770000E-04
2001-11-30T07:54:24.440 -7.16060000E-05 -2.55420000E-04  5.41150000E-04
2001-11-30T07:54:25.440 -1.62250000E-04 -1.57330000E-04  5.04640000E-04
2001-11-30T07:54:26.440 -7.33780000E-05 -1.32970000E-04  3.96510000E-04
2001-11-30T07:54:27.440 -9.94530000E-05 -2.97240000E-04  5.50340000E-04
2001-11-30T07:54:28.440 -2.12070000E-04 -2.72480000E-04  5.65180000E-04
2001-11-30T07:54:29.440 -2.52400000E-05 -2.23400000E-04  4.55070000E-04
2001-11-30T07:54:30.440 -1.56350000E-04 -1.94300000E-04  4.32340000E-04
2001-11-30T07:54:31.440 -6.09410000E-05 -2.39380000E-04  4.51480000E-04
2001-11-30T07:54:32.440 -2.04700000E-04 -2.17310000E-04  2.66920000E-04
2001-11-30T07:54:33.440 -5.81160000E-05 -1.51700000E-04  7.04430000E-04
2001-11-30T07:54:34.440 -1.91000000E-04 -3.68750000E-04  3.30200000E-04
2001-11-30T07:54:35.440 -1.49250000E-04 -1.28650000E-04  4.37540000E-04
2001-11-30T07:54:36.440 -3.27920000E-05 -2.99600000E-04  5.59060000E-04
2001-11-30T07:54:37.440 -1.07840000E-04 -1.84940000E-04  3.35710000E-04
2001-11-30T07:54:38.440 -2.34500000E-04 -2.93980000E-04  5.35940000E-04
2001-11-30T07:54:39.440  7.85570000E-05 -1.82740000E-04  3.61170000E-04
2001-11-30T07:54:40.440 -1.69130000E-04 -2.34720000E-04  5.47630000E-04
2001-11-30T07:54:41.440 -2.78920000E-05 -2.85710000E-05  4.17320000E-04
2001-11-30T07:54:42.440 -3.17440000E-04 -4.21900000E-04  2.89420000E-04
2001-11-30T07:54:43.440  2.49440000E-05 -4.87720000E-05  5.60150000E-04
2001-11-30T07:54:44.440 -2.46100000E-04 -2.42070000E-04  5.82650000E-04
2001-11-30T07:54:45.440 -1.60100000E-05 -1.70340000E-04  3.62370000E-04
2001-11-30T07:54:46.440 -2.94050000E-04 -2.44020000E-04  6.54420000E-04
2001-11-30T07:54:47.440 -1.49730000E-04 -2.67740000E-04  3.16390000E-04
2001-11-30T07:54:48.440 -2.32260000E-04 -3.31130000E-04  4.85490000E-04
2001-11-30T07:54:49.440 -1.35380000E-04 -3.13670000E-04  6.19050000E-04
2001-11-30T07:54:50.440 -5.69640000E-05 -2.49460000E-04  3.58100000E-04
2001-11-30T07:54:51.440 -2.01400000E-04 -2.30810000E-04  4.34080000E-04
2001-11-30T07:54:52.440 -9.32030000E-05 -2.51430000E-04  4.20770000E-04
2001-11-30T07:54:53.440 -1.88240000E-04 -1.79420000E-04  6.35040000E-04
2001-11-30T07:54:54.440 -1.77780000E-04 -2.64640000E-04  3.18030000E-04
2001-11-30T07:54:55.440 -2.01220000E-04 -3.46310000E-04  4.47700000E-04
2001-11-30T07:54:56.440 -4.95610000E-05 -1.82920000E-04  7.43560000E-04
2001-11-30T07:54:57.440 -1.84110000E-05 -3.57940000E-04  2.11130000E-04
2001-11-30T07:54:58.440 -1.75570000E-04 -2.11040000E-04  6.47800000E-04
2001-11-30T07:54:59.440 -1.61110000E-04 -2.12890000E-04  1.29660000E-04
2001-11-30T07:55:00.440 -1.19230000E-04 -2.34860000E-04  6.97990000E-04
2001-11-30T07:55:01.440 -1.70670000E-05 -2.24850000E-04  2.90870000E-04
2001-11-30T07:55:02.440 -1.96000000E-04 -3.24110000E-04  6.65280000E-04
2001-11-30T07:55:03.440 -2.05410000E-04 -1.63200000E-04  3.11320000E-04
2001-11-30T07:55:04.440 -3.60820000E-05 -2.42390000E-04  7.87960000E-04
2001-11-30T07:55:05.440 -2.63090000E-04 -1.48340000E-04  2.65660000E-04
2001-11-30T07:55:06.440 -6.57550000E-05 -2.78950000E-04  5.38120000E-04
2001-11-30T07:55:07.440 -2.87780000E-04 -2.05140000E-04  5.49700000E-04
2001-11-30T07:55:08.440 -6.88100000E-05 -2.21110000E-04  3.56630000E-04
2001-11-30T07:55:09.440 -2.42420000E-04 -2.95040000E-04  3.53750000E-04
2001-11-30T07:55:10.440  1.04890000E-05 -1.10590000E-04  5.10550000E-04
2001-11-30T07:55:11.440 -2.13010000E-04 -3.90830000E-04  2.87390000E-04
2001-11-30T07:55:12.440 -3.22770000E-05 -5.35990000E-05  6.50790000E-04
2001-11-30T07:55:13.440 -3.07910000E-05 -4.99970000E-04  3.43050000E-04
2001-11-30T07:55:14.440 -1.20070000E-04 -7.49140000E-05  7.00920000E-04
2001-11-30T07:55:15.440 -2.62950000E-04 -3.75980000E-04  4.05100000E-04
2001-11-30T07:55:16.440  2.44560000E-05 -1.21720000E-04  2.89860000E-04
2001-11-30T07:55:17.440 -2.00550000E-04 -1.96480000E-04  6.25320000E-04
2001-11-30T07:55:18.440 -1.79170000E-05 -1.65920000E-04  3.26230000E-04
2001-11-30T07:55:19.440 -6.57130000E-05 -2.46400000E-04  4.82380000E-04
2001-11-30T07:55:20.440 -1.83550000E-04 -9.99620000E-05  3.18710000E-04
2001-11-30T07:55:21.440 -1.71190000E-04 -3.14750000E-04  5.32630000E-04
2001-11-30T07:55:22.440 -1.99030000E-04 -2.27830000E-04  4.25030000E-04
2001-11-30T07:55:23.440  2.75190000E-05 -1.40080000E-04  3.87750000E-04
2001-11-30T07:55:24.440 -2.23570000E-04 -4.66720000E-04  4.26790000E-04
2001-11-30T07:55:25.440 -1.17370000E-04 -2.10100000E-04  5.02190000E-04
2001-11-30T07:55:26.440 -9.34100000E-05 -2.27710000E-04  5.93950000E-04
2001-11-30T07:55:27.440 -1.08500000E-04 -2.54100000E-04  6.27170000E-04
2001-11-30T07:55:28.440 -2.52040000E-04 -2.96910000E-04  2.77740000E-04
2001-11-30T07:55:29.440 -2.18750000E-05 -2.58950000E-04  4.97990000E-04
2001-11-30T07:55:30.440 -2.24300000E-04 -1.31390000E-04  4.49200000E-04
2001-11-30T07:55:31.440 -1.14410000E-05 -1.09150000E-04  4.81290000E-04
2001-11-30T07:55:32.440 -3.33120000E-04 -4.06150000E-04  1.73520000E-04
2001-11-30T07:55:33.440  6.79380000E-05 -1.11620000E-04  4.68110000E-04
2001-11-30T07:55:34.440 -1.63310000E-04 -3.51300000E-04  5.31110000E-04
2001-11-30T07:55:35.440 -2.00170000E-04 -1.39950000E-04  5.15350000E-04
2001-11-30T07:55:36.440 -2.43160000E-04 -2.74940000E-04  5.96210000E-04
2001-11-30T07:55:37.440 -5.16520000E-05 -1.48510000E-04  2.05900000E-04
2001-11-30T07:55:38.440 -2.52490000E-04 -2.49470000E-04  6.18070000E-04
2001-11-30T07:55:39.440  2.64400000E-05 -1.78220000E-04  1.09910000E-04
2001-11-30T07:55:40.440 -1.44950000E-04 -3.60250000E-04  7.41110000E-04
2001-11-30T07:55:41.440 -2.48500000E-05 -1.76940000E-04  4.29440000E-04
2001-11-30T07:55:42.440 -2.01130000E-04 -2.42540000E-04  4.90560000E-04
2001-11-30T07:55:43.440 -2.09740000E-05 -8.72600000E-05  6.40210000E-04
2001-11-30T07:55:44.440 -1.73060000E-04 -3.23360000E-04  3.05990000E-04
2001-11-30T07:55:45.440  2.95560000E-05 -2.66920000E-04  4.48050000E-04
2001-11-30T07:55:46.440 -2.02480000E-04 -1.51540000E-04  4.77720000E-04
2001-11-30T07:55:47.440 -1.14460000E-04 -3.44220000E-04  3.23790000E-04
2001-11-30T07:55:48.440 -2.51190000E-04 -2.16360000E-04  7.01630000E-04
2001-11-30T07:55:49.440 -7.10140000E-05 -2.52010000E-04  2.64040000E-04
2001-11-30T07:55:50.440 -1.37920000E-04 -2.14380000E-04  7.58310000E-04
2001-11-30T07:55:51.440 -1.73790000E-04 -1.68870000E-04  2.11780000E-04
2001-11-30T07:55:52.440 -9.28880000E-05 -2.26600000E-04  6.82050000E-04
2001-11-30T07:55:53.440 -2.08110000E-04 -2.69340000E-04  3.26460000E-04
2001-11-30T07:55:54.440 -3.33290000E-05 -1.11890000E-04  5.40880000E-04
2001-11-30T07:55:55.440 -2.75910000E-04 -3.85780000E-04  1.19020000E-04
2001-11-30T07:55:56.440 -4.32430000E-05 -2.93140000E-04  7.09710000E-04
2001-11-30T07:55:57.440 -9.22880000E-05 -2.17310000E-04  4.05690000E-04
2001-11-30T07:55:58.440 -1.50320000E-04 -1.60470000E-04  5.99460000E-04
2001-11-30T07:55:59.440 -2.71770000E-04 -3.14750000E-04  4.08120000E-04
2001-11-30T07:56:00.440 -1.53420000E-04 -1.06190000E-04  5.87400000E-04
2001-11-30T07:56:01.440 -1.92330000E-04 -3.42420000E-04  3.31690000E-04
2001-11-30T07:56:02.440 -4.92510000E-06 -1.63050000E-04  6.40170000E-04
2001-11-30T07:56:03.440 -2.24560000E-04 -2.75290000E-04  3.55150000E-04
2001-11-30T07:56:04.440 -6.37640000E-05 -8.51030000E-05  4.83790000E-04
2001-11-30T07:56:05.440 -2.77770000E-04 -2.98810000E-04  3.00460000E-04
2001-11-30T07:56:06.440 -8.74580000E-05 -2.05230000E-04  6.25540000E-04
2001-11-30T07:56:07.440 -1.40430000E-04 -2.33140000E-04  4.81980000E-04
2001-11-30T07:56:08.440 -1.61130000E-04 -1.82220000E-04  3.20910000E-04
2001-11-30T07:56:09.440 -2.19200000E-04 -3.78660000E-04  6.61660000E-04
2001-11-30T07:56:10.440 -1.16680000E-04 -3.19880000E-04  4.00590000E-04
2001-11-30T07:56:11.440 -9.77070000E-06 -1.01190000E-04  5.66370000E-04
2001-11-30T07:56:12.440 -1.66900000E-04 -2.62020000E-04  1.94480000E-04
2001-11-30T07:56:13.440 -1.92780000E-04 -2.32210000E-04  3.61000000E-04
2001-11-30T07:56:14.440 -4.24400000E-05 -2.05470000E-04  7.63870000E-04
2001-11-30T07:56:15.440 -2.04630000E-04 -2.13520000E-04  3.20380000E-04
2001-11-30T07:56:16.440 -6.32610000E-05 -2.72590000E-04  7.14310000E-04
2001-11-30T07:56:17.440 -2.14520000E-04 -3.10140000E-04  1.04370000E-04
2001-11-30T07:56:18.440 -4.77240000E-05 -2.32290000E-04  7.31530000E-04
2001-11-30T07:56:19.440 -1.93130000E-04 -1.78270000E-04  2.62330000E-04
2001-11-30T07:56:20.440 -1.83920000E-04 -4.22810000E-04  3.86670000E-04
2001-11-30T07:56:21.440 -2.39020000E-04 -2.20960000E-04  4.28240000E-04
2001-11-30T07:56:22.440 -8.71760000E-05 -1.25600000E-04  6.12690000E-04
2001-11-30T07:56:23.440 -2.64350000E-04 -2.20710000E-04  4.93120000E-04
2001-11-30T07:56:24.440 -3.38580000E-05 -3.26170000E-04  6.21580000E-04
2001-11-30T07:56:25.440 -1.26410000E-05 -3.35900000E-04  3.24800000E-04
2001-11-30T07:56:26.440 -2.95440000E-04 -3.34490000E-04  4.21040000E-04
2001-11-30T07:56:27.440 -1.75390000E-04 -1.35840000E-04  4.75320000E-04
2001-11-30T07:56:28.440 -1.41280000E-04 -3.77300000E-04  6.04810000E-04
2001-11-30T07:56:29.440 -9.55160000E-05 -2.60920000E-04  3.42470000E-04
2001-11-30T07:56:30.440 -1.89960000E-04 -2.27080000E-04  4.05410000E-04
2001-11-30T07:56:31.440 -1.99590000E-04 -2.90040000E-04  7.16490000E-04
2001-11-30T07:56:32.440 -4.34060000E-05 -3.45260000E-04  4.43930000E-04
2001-11-30T07:56:33.440 -1.13580000E-04 -2.11370000E-04  6.46750000E-04
2001-11-30T07:56:34.440 -8.79090000E-05 -2.82370000E-04  4.43350000E-04
2001-11-30T07:56:35.440 -1.54090000E-04 -2.34820000E-04  2.29040000E-04
2001-11-30T07:56:36.440 -1.59780000E-04 -2.92110000E-04  6.95960000E-04
2001-11-30T07:56:37.440 -1.43650000E-04 -1.48430000E-04  4.21710000E-04
2001-11-30T07:56:38.440 -2.12910000E-04 -3.88090000E-04  3.67210000E-04
2001-11-30T07:56:39.440 -4.80860000E-05 -9.07830000E-05  5.16850000E-04
2001-11-30T07:56:40.440 -2.09940000E-04 -3.09030000E-04  3.28150000E-05
2001-11-30T07:56:41.440 -9.53450000E-06 -7.51310000E-05  4.51890000E-04
2001-11-30T07:56:42.440 -4.04390000E-04 -3.28870000E-04  3.38730000E-04
2001-11-30T07:56:43.440 -7.32050000E-05 -2.02880000E-04  5.41880000E-04
2001-11-30T07:56:44.440 -1.04060000E-04 -4.00240000E-04  3.29790000E-04
2001-11-30T07:56:45.440 -8.18620000E-05 -2.54830000E-04  7.33220000E-04
2001-11-30T07:56:46.440 -2.78270000E-04 -1.89640000E-04  3.41060000E-04
2001-11-30T07:56:47.440 -4.04800000E-05 -2.40140000E-04  4.95810000E-04
2001-11-30T07:56:48.440 -3.22550000E-04 -2.47490000E-04  4.64800000E-04
2001-11-30T07:56:49.440  1.76360000E-05 -2.07080000E-04  3.87080000E-04
2001-11-30T07:56:50.440 -1.75550000E-04 -2.97150000E-04  6.24510000E-04
2001-11-30T07:56:51.440  3.57600000E-05 -2.24900000E-04  2.69530000E-04
2001-11-30T07:56:52.440 -3.58090000E-04 -2.53150000E-04  6.32140000E-04
2001-11-30T07:56:53.440 -1.09460000E-04 -2.53380000E-04  1.88920000E-04
2001-11-30T07:56:54.440 -2.77910000E-04 -2.73810000E-04  6.88240000E-04
2001-11-30T07:56:55.440 -5.99980000E-05 -2.71630000E-04  3.71680000E-04
2001-11-30T07:56:56.440 -1.45890000E-04 -3.08270000E-04  7.77980000E-04
2001-11-30T07:56:57.440 -8.09560000E-05 -1.22860000E-04  1.83440000E-04
2001-11-30T07:56:58.440 -2.67400000E-04 -2.14300000E-04  7.38610000E-04
2001-11-30T07:56:59.440 -9.83490000E-05 -1.71110000E-04  6.01470000E-04
2001-11-30T07:57:00.440 -1.66090000E-04 -2.92590000E-04  1.66630000E-04
2001-11-30T07:57:01.440 -7.38130000E-05 -2.07970000E-04  7.36160000E-04
2001-11-30T07:57:02.440 -1.57570000E-04 -1.17140000E-04  4.88780000E-04
2001-11-30T07:57:03.440 -1.29400000E-04 -3.49380000E-04  2.07150000E-04
2001-11-30T07:57:04.440 -2.92920000E-04 -2.82130000E-04  6.14520000E-04
2001-11-30T07:57:05.440 -1.03490000E-04 -9.43760000E-05  4.04920000E-04
2001-11-30T07:57:06.440 -1.83710000E-04 -3.55140000E-04  6.99130000E-04
2001-11-30T07:57:07.440 -5.05170000E-05 -2.30930000E-04  2.33050000E-04
2001-11-30T07:57:08.440 -3.46710000E-04 -2.90590000E-04  5.98980000E-04
2001-11-30T07:57:09.440  1.02770000E-04 -2.23010000E-04  2.69210000E-04
2001-11-30T07:57:10.440 -2.15100000E-04 -2.23850000E-04  7.88810000E-04
2001-11-30T07:57:11.440 -7.53030000E-05 -1.81480000E-04  3.64170000E-04
2001-11-30T07:57:12.440 -1.69370000E-04 -3.63070000E-04  4.97260000E-04
2001-11-30T07:57:13.440 -2.01850000E-04 -2.30870000E-04  3.39210000E-04
2001-11-30T07:57:14.440 -2.31420000E-04 -2.18880000E-04  5.24580000E-04
2001-11-30T07:57:15.440 -1.54700000E-05 -2.71710000E-04  6.28240000E-04
2001-11-30T07:57:16.440 -2.21760000E-04 -1.12010000E-04  2.72220000E-04
2001-11-30T07:57:17.440  2.99170000E-05 -1.74890000E-04  5.49650000E-04
2001-11-30T07:57:18.440 -1.57470000E-04 -1.20910000E-04  4.71460000E-04
2001-11-30T07:57:19.440 -1.80530000E-04 -1.98970000E-04  4.97220000E-04
2001-11-30T07:57:20.440 -2.38190000E-04 -3.28390000E-04  5.35970000E-04
2001-11-30T07:57:21.440 -1.48800000E-04 -2.95350000E-04  5.93500000E-04
2001-11-30T07:57:22.440 -9.68960000E-05 -1.00400000E-04  3.33350000E-04
2001-11-30T07:57:23.440 -2.54730000E-04 -4.09750000E-04  5.36100000E-04
2001-11-30T07:57:24.440 -7.57090000E-05 -1.37410000E-04  5.53150000E-04
2001-11-30T07:57:25.440 -1.18410000E-04 -3.73200000E-04  3.90090000E-04
2001-11-30T07:57:26.440 -7.86220000E-05 -6.00000000E-05  6.97700000E-04
2001-11-30T07:57:27.440 -3.40940000E-04 -2.48390000E-04  5.49980000E-04
2001-11-30T07:57:28.440 -1.51050000E-04 -2.01940000E-04  2.35030000E-04
2001-11-30T07:57:29.440 -1.59150000E-04 -2.26520000E-04  5.77700000E-04
2001-11-30T07:57:30.440 -1.42920000E-04 -2.28570000E-04  5.43740000E-04
2001-11-30T07:58:43.841 -2.90550000E-04 -1.89890000E-04  5.73040000E-04
2001-11-30T07:58:44.841 -1.29480000E-04 -2.10960000E-04  6.68660000E-04
2001-11-30T07:58:45.841 -1.14760000E-04 -2.82710000E-04  3.13970000E-04
2001-11-30T07:58:46.841 -1.63790000E-04 -2.15880000E-04  6.31930000E-04
2001-11-30T07:58:47.841 -2.44530000E-04 -3.41250000E-04  4.62970000E-04
2001-11-30T07:58:48.841  1.15300000E-05 -2.25790000E-04  3.63020000E-04
2001-11-30T07:58:49.841 -2.40280000E-04 -1.32450000E-04  5.93100000E-04
2001-11-30T07:58:50.841 -1.68850000E-04 -2.88660000E-05  5.76880000E-04
2001-11-30T07:58:51.841 -1.79920000E-04 -2.77670000E-04  4.55090000E-04
2001-11-30T07:58:52.841 -4.59180000E-05 -1.17420000E-04  8.09770000E-04
2001-11-30T07:58:53.841 -1.09480000E-04 -4.94380000E-05  4.14710000E-04
2001-11-30T07:58:54.841 -2.35700000E-04 -2.46220000E-04  5.99170000E-04
2001-11-30T07:58:55.841 -4.06960000E-05 -4.94740000E-05  2.64530000E-04
2001-11-30T07:58:56.841 -7.48950000E-05 -1.74690000E-04  7.67020000E-04
2001-11-30T07:58:57.841 -1.99180000E-04 -1.18210000E-04  4.18200000E-04
2001-11-30T07:58:58.841 -6.13960000E-05 -1.60030000E-04  6.25380000E-04
2001-11-30T07:58:59.841 -3.26200000E-05 -2.53580000E-04  6.07980000E-04
2001-11-30T07:59:00.841 -7.68340000E-05 -1.13790000E-04  5.36580000E-04
2001-11-30T07:59:01.841 -1.63050000E-04 -2.82380000E-04  4.94920000E-04
2001-11-30T07:59:02.841 -1.32330000E-04 -3.58970000E-05  6.33940000E-04
2001-11-30T07:59:03.841 -1.83170000E-04 -1.88760000E-04  3.09730000E-04
2001-11-30T07:59:04.841  7.29140000E-05 -9.95240000E-05  7.18070000E-04
2001-11-30T07:59:05.841 -2.32580000E-04 -1.71970000E-04  2.77570000E-04
2001-11-30T07:59:06.841  8.27400000E-05 -2.13150000E-04  8.12220000E-04
2001-11-30T07:59:07.841 -2.86430000E-04 -3.05610000E-04  1.86040000E-04
2001-11-30T07:59:08.841 -1.17050000E-04 -1.41370000E-04  8.16910000E-04
2001-11-30T07:59:09.841 -5.42500000E-05 -4.68860000E-04  4.32000000E-04
2001-11-30T07:59:10.841 -5.87620000E-05 -9.94830000E-05  4.63440000E-04
2001-11-30T07:59:11.841 -2.35190000E-04 -3.90250000E-04  4.45630000E-04
2001-11-30T07:59:12.841  8.63800000E-05 -1.77910000E-04  5.62930000E-04
