2001-12-12T15:11:37.702 -1.84820000E-04 -2.39980000E-04  2.75120000E-04
2001-12-12T15:11:38.702  1.92940000E-05 -2.44070000E-04  4.36040000E-04
2001-12-12T15:11:39.702 -3.78650000E-05 -2.84400000E-04  3.24890000E-04
2001-12-12T15:11:40.702 -1.45210000E-04 -2.72290000E-04  4.55670000E-04
2001-12-12T15:11:41.702 -9.78350000E-06 -1.70710000E-04  5.53610000E-04
2001-12-12T15:11:42.702 -2.05620000E-04 -3.06040000E-04  2.09000000E-04
2001-12-12T15:11:43.702 -1.06400000E-04 -1.38220000E-05  4.89980000E-04
2001-12-12T15:11:44.702 -1.89830000E-04 -2.86500000E-04  3.41440000E-04
2001-12-12T15:11:45.702 -7.00900000E-05 -2.75210000E-04  6.78200000E-04
2001-12-12T15:11:46.702 -1.31550000E-04 -3.39310000E-04  4.57900000E-04
2001-12-12T15:11:47.702 -5.02030000E-05 -2.50640000E-04  3.40740000E-04
2001-12-12T15:11:48.702 -2.38010000E-04 -2.58220000E-04  6.82020000E-04
2001-12-12T15:11:49.702 -3.74450000E-05 -1.71570000E-04  3.76030000E-04
2001-12-12T15:11:50.702 -2.10560000E-04 -2.45020000E-04  3.55070000E-04
2001-12-12T15:11:51.702 -5.34580000E-05 -2.75750000E-04  5.88510000E-04
2001-12-12T15:11:52.702 -7.62890000E-05 -2.94150000E-04  4.15440000E-04
2001-12-12T15:11:53.702 -1.93960000E-04 -1.76050000E-04  2.69860000E-04
2001-12-12T15:11:54.702 -1.01850000E-04 -1.95430000E-04  5.59330000E-04
2001-12-12T15:11:55.702  7.46330000E-05 -2.60860000E-04  4.77950000E-04
2001-12-12T15:11:56.702 -1.48340000E-04 -1.98920000E-04  2.96010000E-04
2001-12-12T15:11:57.702 -8.11190000E-05 -2.73870000E-04  4.70420000E-04
2001-12-12T15:11:58.702 -1.77060000E-04 -3.30290000E-04  4.95770000E-04
2001-12-12T15:11:59.702  1.72630000E-04 -1.59920000E-04  2.52270000E-04
2001-12-12T15:12:00.702 -1.29580000E-04 -3.08210000E-04  7.22180000E-04
2001-12-12T15:12:01.702 -3.18930000E-05 -2.31300000E-05  1.47000000E-04
2001-12-12T15:12:02.702 -1.61680000E-04 -3.48590000E-04  7.09560000E-04
2001-12-12T15:12:03.702 -9.73810000E-05 -1.12220000E-04  2.34720000E-04
2001-12-12T15:12:04.702 -1.76890000E-04 -2.96260000E-04  3.27830000E-04
2001-12-12T15:12:05.702  1.86300000E-06 -1.21590000E-04  4.82740000E-04
2001-12-12T15:12:06.702 -7.17570000E-05 -4.21150000E-04  5.53290000E-04
2001-12-12T15:12:07.702 -6.24470000E-05 -2.92900000E-04  2.67030000E-04
2001-12-12T15:12:08.702 -1.41840000E-04 -5.60290000E-05  4.84150000E-04
2001-12-12T15:12:09.702 -4.72080000E-05 -2.57240000E-04  4.22810000E-04
2001-12-12T15:12:10.702  4.13690000E-05 -1.82080000E-04  2.86800000E-04
2001-12-12T15:12:11.702 -1.77780000E-04 -3.87690000E-04  7.75170000E-04
2001-12-12T15:12:12.702  6.35630000E-06 -8.68880000E-05  3.10260000E-04
2001-12-12T15:12:13.702 -3.36050000E-04 -2.39260000E-04  5.03260000E-04
2001-12-12T15:12:14.702 -2.34870000E-05 -2.62290000E-04  2.24660000E-04
2001-12-12T15:12:15.702 -1.62980000E-04 -2.10120000E-04  5.80720000E-04
2001-12-12T15:12:16.702 -3.96490000E-05 -1.86930000E-04  3.21080000E-04
2001-12-12T15:12:17.702 -1.54970000E-04 -3.28570000E-04  4.98670000E-04
2001-12-12T15:12:18.702  7.26160000E-05 -2.22220000E-04  4.34260000E-04
2001-12-12T15:12:19.702 -2.82570000E-04 -2.51220000E-04  3.99100000E-04
2001-12-12T15:12:20.702 -8.63650000E-05 -2.03450000E-04  3.72520000E-04
2001-12-12T15:12:21.702 -2.68260000E-04 -3.88720000E-04  5.46690000E-04
2001-12-12T15:12:22.702  1.95010000E-05 -1.07330000E-04  3.20000000E-04
2001-12-12T15:12:23.702 -1.36670000E-04 -3.11080000E-04  4.11980000E-04
2001-12-12T15:12:24.702 -1.53510000E-04 -1.27630000E-04  5.32440000E-04
2001-12-12T15:12:25.702 -1.21340000E-04 -2.27130000E-04  2.20590000E-04
2001-12-12T15:12:26.702 -7.98320000E-05 -2.07160000E-04  4.68120000E-04
2001-12-12T15:12:27.702 -1.22800000E-04 -3.41100000E-04  5.33920000E-04
2001-12-12T15:12:28.702 -2.56430000E-05 -1.25990000E-04  5.17510000E-04
2001-12-12T15:12:29.702 -2.28470000E-04 -2.79910000E-04  1.85750000E-04
2001-12-12T15:12:30.702 -3.24180000E-05 -1.80890000E-04  5.99650000E-04
2001-12-12T15:12:31.702 -1.85030000E-04 -2.89140000E-04  2.78160000E-04
2001-12-12T15:12:32.702  1.30910000E-05 -2.59020000E-04  4.31560000E-04
2001-12-12T15:12:33.702 -5.65500000E-05 -3.01290000E-04  4.31160000E-04
2001-12-12T15:12:34.702 -6.03070000E-05 -2.62640000E-04  2.46670000E-04
2001-12-12T15:12:35.702 -1.32840000E-04 -2.51860000E-04  6.37830000E-04
2001-12-12T15:12:36.702  5.95420000E-07 -2.60140000E-04  2.99840000E-04
2001-12-12T15:12:37.702 -2.47040000E-04 -3.34180000E-04  3.59810000E-04
2001-12-12T15:12:38.702  1.14790000E-04 -1.41900000E-04  6.70460000E-04
2001-12-12T15:12:39.702 -1.72220000E-04 -2.68240000E-04  4.31700000E-04
2001-12-12T15:12:40.702 -1.48880000E-04 -1.73140000E-04  3.59250000E-04
2001-12-12T15:12:41.702  8.79490000E-05 -1.72290000E-04  4.47710000E-04
2001-12-12T15:12:42.702 -9.72510000E-05 -2.45140000E-04  4.59940000E-04
2001-12-12T15:12:43.702 -9.67900000E-05 -2.48670000E-04  1.76810000E-04
2001-12-12T15:12:44.702 -3.69250000E-05 -1.71920000E-04  6.03440000E-04
2001-12-12T15:12:45.702 -7.89360000E-05 -3.26990000E-04  4.90770000E-04
2001-12-12T15:12:46.702 -1.01880000E-04 -1.96700000E-04  3.53010000E-04
2001-12-12T15:12:47.702  7.89060000E-05 -2.97170000E-04  3.89850000E-04
2001-12-12T15:12:48.702 -2.63030000E-04 -2.64670000E-04  4.93890000E-04
2001-12-12T15:12:49.702  4.06000000E-05 -1.68920000E-04  5.45080000E-04
2001-12-12T15:12:50.702 -1.89050000E-04 -3.76940000E-04  3.36220000E-04
2001-12-12T15:12:51.702 -1.14390000E-05 -2.16050000E-04  5.16740000E-04
2001-12-12T15:12:52.702 -2.46000000E-04 -2.02170000E-04  3.96630000E-04
2001-12-12T15:12:53.702 -9.02410000E-05 -2.29270000E-04  3.92130000E-04
2001-12-12T15:12:54.702 -8.49100000E-05 -3.40020000E-04  2.73940000E-04
2001-12-12T15:12:55.702 -7.56810000E-05 -1.95160000E-04  5.47160000E-04
2001-12-12T15:12:56.702 -8.88360000E-05 -3.27620000E-04  5.57090000E-04
2001-12-12T15:12:57.702 -1.00400000E-04 -1.99890000E-04  5.00600000E-04
2001-12-12T15:12:58.702 -9.58560000E-05 -2.97710000E-04  4.17050000E-04
2001-12-12T15:12:59.702 -2.27370000E-04 -1.78130000E-04  4.79360000E-04
2001-12-12T15:13:00.702 -9.88780000E-05 -4.10810000E-04  3.86250000E-04
2001-12-12T15:13:01.702 -3.54750000E-05 -1.98860000E-04  5.28140000E-04
2001-12-12T15:13:02.702 -9.72030000E-05 -3.26000000E-04  3.41770000E-04
2001-12-12T15:13:03.702 -8.48570000E-05 -1.41950000E-04  5.16300000E-04
2001-12-12T15:13:04.702 -1.45700000E-04 -2.47370000E-04  2.10930000E-04
2001-12-12T15:13:05.702 -1.54570000E-04 -1.77720000E-04  5.99490000E-04
2001-12-12T15:13:06.702 -7.41070000E-05 -3.21650000E-04  3.92100000E-04
2001-12-12T15:13:07.702 -7.00850000E-05 -2.49810000E-04  4.16140000E-04
2001-12-12T15:13:08.702 -2.35350000E-04 -2.80000000E-04  5.38190000E-04
2001-12-12T15:13:09.702 -1.00190000E-04 -2.55340000E-04  1.52740000E-04
2001-12-12T15:13:10.702 -1.35320000E-04 -1.35140000E-04  5.66240000E-04
2001-12-12T15:13:11.702 -1.24420000E-04 -3.20700000E-04  4.74420000E-04
2001-12-12T15:13:12.702  2.44180000E-05 -2.81130000E-04  2.04860000E-04
2001-12-12T15:13:13.702 -9.97270000E-05 -2.20190000E-04  5.82680000E-04
2001-12-12T15:13:14.702 -5.81850000E-06 -1.20940000E-04  4.29310000E-04
2001-12-12T15:13:15.702 -2.10210000E-04 -2.79220000E-04  4.12320000E-04
2001-12-12T15:13:16.702 -5.05760000E-05 -3.00650000E-04  5.50110000E-04
2001-12-12T15:13:17.702 -1.09160000E-04 -2.76230000E-04  3.53840000E-04
2001-12-12T15:13:18.702 -1.24580000E-04 -2.58130000E-04  4.72130000E-04
2001-12-12T15:13:19.702 -9.14910000E-05 -2.44110000E-04  4.14730000E-04
2001-12-12T15:13:20.702 -2.29350000E-05 -2.81740000E-04  6.01170000E-04
2001-12-12T15:13:21.702 -6.78430000E-05 -3.28120000E-04  3.72500000E-04
2001-12-12T15:13:22.702 -6.33580000E-05 -1.79780000E-04  4.81580000E-04
2001-12-12T15:13:23.702 -2.65240000E-04 -3.20150000E-04  4.23150000E-04
2001-12-12T15:13:24.702  1.52530000E-04 -2.05120000E-04  2.69710000E-04
2001-12-12T15:13:25.702 -1.81300000E-04 -3.43760000E-04  5.39470000E-04
2001-12-12T15:13:26.702 -9.88250000E-05 -2.63790000E-04  3.76380000E-04
2001-12-12T15:13:27.702 -1.91270000E-04 -2.12930000E-04  5.31160000E-04
2001-12-12T15:13:28.702 -7.80020000E-05 -1.84500000E-04  3.04700000E-04
2001-12-12T15:13:29.702 -1.85050000E-04 -2.40830000E-04  4.65640000E-04
2001-12-12T15:13:30.702  5.23650000E-05 -2.56720000E-04  4.38140000E-04
2001-12-12T15:13:31.702 -1.84340000E-04 -3.46600000E-04  6.28340000E-04
2001-12-12T15:13:32.702  1.05560000E-05 -6.60780000E-05  1.18960000E-04
2001-12-12T15:13:33.702 -2.04870000E-04 -4.02970000E-04  6.57090000E-04
2001-12-12T15:13:34.702 -3.42210000E-05 -2.10920000E-04  3.50430000E-04
2001-12-12T15:13:35.702 -1.70470000E-04 -3.57520000E-04  6.07200000E-04
2001-12-12T15:13:36.702 -5.34600000E-05 -8.63300000E-05  2.02110000E-04
2001-12-12T15:13:37.702 -1.87410000E-04 -5.05070000E-04  6.74380000E-04
2001-12-12T15:13:38.702  3.26140000E-05 -1.65160000E-04  3.68160000E-04
2001-12-12T15:13:39.702 -3.66090000E-04 -3.72890000E-04  4.69600000E-04
2001-12-12T15:13:40.702  8.83920000E-05 -1.92200000E-04  3.62630000E-04
2001-12-12T15:13:41.702 -1.78500000E-04 -2.29000000E-04  6.03400000E-04
2001-12-12T15:13:42.702 -9.77490000E-05 -1.77360000E-04  2.87470000E-04
2001-12-12T15:13:43.702 -1.74080000E-04 -3.28920000E-04  5.33400000E-04
2001-12-12T15:13:44.702  5.40830000E-05 -1.53630000E-04  4.99820000E-04
2001-12-12T15:13:45.702 -1.41060000E-04 -3.30870000E-04  5.43790000E-04
2001-12-12T15:13:46.702 -1.86080000E-04 -1.89070000E-04  2.66060000E-04
2001-12-12T15:13:47.702 -2.65410000E-05 -3.14910000E-04  2.58590000E-04
2001-12-12T15:13:48.702 -5.05830000E-05 -3.03800000E-04  6.08850000E-04
2001-12-12T15:13:49.702 -6.79180000E-05 -1.02980000E-04  4.04750000E-04
2001-12-12T15:13:50.702 -1.10740000E-04 -3.87290000E-04  3.61440000E-04
2001-12-12T15:13:51.702 -8.19590000E-05 -2.22090000E-04  3.09250000E-04
2001-12-12T15:13:52.702 -1.18100000E-04 -3.12670000E-04  5.24090000E-04
2001-12-12T15:13:53.702 -2.26630000E-04 -1.85830000E-04  3.34030000E-04
2001-12-12T15:13:54.702 -1.28620000E-04 -1.13210000E-04  6.52790000E-04
2001-12-12T15:13:55.702 -4.69290000E-05 -2.48820000E-04  3.19640000E-04
2001-12-12T15:13:56.702 -1.37020000E-04 -2.08420000E-04  3.84810000E-04
2001-12-12T15:13:57.702 -8.84340000E-06 -1.60750000E-04  4.47420000E-04
2001-12-12T15:13:58.702 -5.70560000E-05 -3.24050000E-04  9.00670000E-05
2001-12-12T15:13:59.702 -1.22220000E-04 -1.99900000E-04  6.33230000E-04
2001-12-12T15:14:00.702 -1.65310000E-04 -2.51340000E-04  3.23230000E-04
2001-12-12T15:14:01.702  1.25570000E-05 -7.44580000E-05  4.74380000E-04
2001-12-12T15:14:02.702 -3.20160000E-04 -3.91740000E-04  2.61560000E-04
2001-12-12T15:14:03.702  6.17780000E-05 -1.66040000E-04  5.57770000E-04
2001-12-12T15:14:04.702 -1.93550000E-04 -3.96740000E-04  4.44680000E-04
2001-12-12T15:14:05.702  1.06410000E-04 -9.28280000E-05  3.26340000E-04
2001-12-12T15:14:06.702 -2.77290000E-04 -2.69350000E-04  3.96820000E-04
2001-12-12T15:14:07.702 -7.71670000E-05 -3.87080000E-04  4.46370000E-04
2001-12-12T15:14:08.702 -1.62460000E-05 -1.69950000E-04  1.93700000E-04
2001-12-12T15:14:09.702 -7.51190000E-05 -1.80820000E-04  5.01970000E-04
2001-12-12T15:14:10.702 -6.42070000E-05 -3.84430000E-04  5.34410000E-04
2001-12-12T15:14:11.702  1.15970000E-06 -1.73960000E-04  4.44370000E-04
2001-12-12T15:14:12.702 -2.18100000E-04 -1.97950000E-04  2.24810000E-04
2001-12-12T15:14:13.702  2.78250000E-05 -1.76150000E-04  6.95750000E-04
2001-12-12T15:14:14.702 -2.40320000E-04 -2.73810000E-04  3.86100000E-04
2001-12-12T15:14:15.702 -1.07420000E-05 -1.33220000E-04  5.29490000E-04
2001-12-12T15:14:16.702 -3.02530000E-06 -1.43750000E-04  3.32170000E-04
2001-12-12T15:14:17.702 -6.51370000E-05 -1.74080000E-04  6.71340000E-04
2001-12-12T15:14:18.702 -8.95420000E-05 -2.47910000E-04  5.72550000E-07
2001-12-12T15:14:19.702 -1.23160000E-04 -3.08370000E-04  6.13720000E-04
2001-12-12T15:14:20.702 -1.45370000E-04 -1.22980000E-04  5.79840000E-04
2001-12-12T15:14:21.702 -1.37730000E-04 -2.46520000E-04  1.83030000E-04
2001-12-12T15:14:22.702 -9.75160000E-05 -1.20400000E-04  5.87130000E-04
2001-12-12T15:14:23.702 -1.76510000E-04 -3.91570000E-04  2.20200000E-04
2001-12-12T15:14:24.702  2.94040000E-06 -2.25030000E-04  3.41230000E-04
2001-12-12T15:14:25.702 -2.80790000E-04 -1.83170000E-04  6.97990000E-04
2001-12-12T15:14:26.702 -8.91320000E-05 -2.67380000E-04  3.47720000E-04
2001-12-12T15:14:27.702 -2.78040000E-05 -2.41530000E-04  2.66080000E-04
2001-12-12T15:14:28.702 -7.65770000E-05 -2.94600000E-04  4.75680000E-04
2001-12-12T15:14:29.702 -2.19830000E-04 -2.85060000E-04  6.38270000E-04
2001-12-12T15:14:30.702 -1.08260000E-05 -1.89750000E-04  1.40970000E-04
2001-12-12T15:14:31.702 -2.29000000E-04 -2.81630000E-04  5.54730000E-04
2001-12-12T15:14:32.702 -4.76690000E-05 -2.14030000E-04  2.81220000E-04
2001-12-12T15:14:33.702 -1.03570000E-04 -3.72460000E-04  3.47850000E-04
2001-12-12T15:14:34.702 -8.90290000E-06 -2.31740000E-04  5.64930000E-04
2001-12-12T15:14:35.702 -2.59500000E-05 -2.16550000E-04  2.87140000E-04
2001-12-12T15:14:36.702 -2.01250000E-04 -1.97390000E-04  7.18700000E-04
2001-12-12T15:14:37.702 -3.13680000E-05 -2.44430000E-04  2.47280000E-04
2001-12-12T15:14:38.702 -9.88440000E-05 -2.12550000E-04  2.85230000E-04
2001-12-12T15:14:39.702 -3.05930000E-05 -2.94950000E-04  5.94440000E-04
2001-12-12T15:14:40.702 -1.42980000E-04 -8.74430000E-05  5.12030000E-04
2001-12-12T15:14:41.702 -3.48810000E-05 -1.81590000E-04  2.09610000E-04
2001-12-12T15:14:42.702 -1.63500000E-04 -2.35170000E-04  6.14620000E-04
2001-12-12T15:14:43.702 -6.22650000E-05 -1.75260000E-04  2.88050000E-04
2001-12-12T15:14:44.702 -2.43950000E-04 -2.90770000E-04  7.35530000E-04
2001-12-12T15:14:45.702  2.34950000E-05 -1.65510000E-04  2.56760000E-04
2001-12-12T15:14:46.702 -2.62680000E-04 -3.61040000E-04  4.00570000E-04
2001-12-12T15:14:47.702 -8.88010000E-05 -2.36250000E-04  4.91520000E-04
2001-12-12T15:14:48.702 -2.21210000E-04 -2.09190000E-04  4.60520000E-04
2001-12-12T15:14:49.702  8.10880000E-05 -2.14200000E-04  1.51080000E-04
2001-12-12T15:14:50.702 -2.95030000E-04 -2.83810000E-04  8.77330000E-04
2001-12-12T15:14:51.702  3.78760000E-05 -6.21170000E-05  1.65510000E-04
2001-12-12T15:14:52.702 -1.87270000E-04 -3.55940000E-04  6.42670000E-04
2001-12-12T15:14:53.702 -6.26040000E-05 -2.56360000E-04  4.28910000E-04
2001-12-12T15:14:54.702 -1.88350000E-04 -3.74760000E-04  4.40880000E-04
2001-12-12T15:14:55.702 -2.70510000E-05 -1.48410000E-04  4.28680000E-04
2001-12-12T15:14:56.702 -1.70520000E-04 -2.79200000E-04  3.27030000E-04
2001-12-12T15:14:57.702 -2.25000000E-05 -2.07560000E-04  5.00980000E-04
2001-12-12T15:14:58.702 -1.23980000E-04 -3.45660000E-04  1.50640000E-04
2001-12-12T15:14:59.702  2.08230000E-05 -3.53110000E-04  6.08530000E-04
2001-12-12T15:15:00.702 -2.67080000E-04 -3.33780000E-04  5.22560000E-04
2001-12-12T15:15:01.702 -8.07280000E-05 -1.15910000E-04  2.09790000E-04
2001-12-12T15:15:02.702 -1.35450000E-04 -2.41420000E-04  6.74730000E-04
2001-12-12T15:15:03.702 -2.10580000E-05 -1.34120000E-04  2.90090000E-04
2001-12-12T15:15:04.702 -1.96330000E-04 -3.43060000E-04  4.00240000E-04
2001-12-12T15:15:05.702 -1.02370000E-04 -1.35630000E-04  4.23010000E-04
2001-12-12T15:15:06.702 -1.19040000E-04 -3.79340000E-04  5.98680000E-04
2001-12-12T15:15:07.702 -3.41050000E-05 -1.24160000E-04  5.01740000E-04
2001-12-12T15:15:08.702 -1.95370000E-05 -3.73810000E-04  2.79670000E-04
2001-12-12T15:15:09.702 -1.09530000E-04 -1.04470000E-04  4.53900000E-04
2001-12-12T15:15:10.702 -6.03460000E-05 -3.51680000E-04  4.90700000E-04
2001-12-12T15:15:11.702 -1.02610000E-04 -2.18620000E-04  2.84500000E-04
2001-12-12T15:15:12.702 -2.19160000E-04 -2.11900000E-04  6.06600000E-04
2001-12-12T15:15:13.702 -6.05170000E-05 -2.29890000E-04  3.58100000E-04
2001-12-12T15:15:14.702 -1.01190000E-04 -4.65030000E-04  4.93220000E-04
2001-12-12T15:15:15.702 -1.33720000E-04 -1.55140000E-04  5.02990000E-04
2001-12-12T15:15:16.702 -1.63520000E-04 -2.40860000E-04  2.72760000E-04
2001-12-12T15:15:17.702 -1.86730000E-04 -2.60330000E-04  5.99690000E-04
2001-12-12T15:15:18.702 -2.38400000E-05 -1.18240000E-04  4.10570000E-04
2001-12-12T15:15:19.702 -9.16150000E-05 -2.98320000E-04  1.97150000E-04
2001-12-12T15:15:20.702 -1.16020000E-04 -2.87030000E-04  6.91980000E-04
2001-12-12T15:15:21.702 -1.64380000E-04 -9.54070000E-05  2.13950000E-04
2001-12-12T15:15:22.702 -8.30940000E-05 -1.79350000E-04  7.06830000E-04
2001-12-12T15:15:23.702 -4.42790000E-05 -3.10710000E-04  1.58520000E-04
2001-12-12T15:15:24.702 -2.64380000E-05 -3.16770000E-04  5.39460000E-04
2001-12-12T15:15:25.702 -1.31830000E-04 -3.21290000E-04  2.77170000E-04
2001-12-12T15:15:26.702  4.08350000E-05 -2.44290000E-04  5.84280000E-04
2001-12-12T15:15:27.702 -1.92700000E-04 -1.87890000E-04  3.12780000E-04
2001-12-12T15:15:28.702 -5.75330000E-05 -2.43840000E-04  5.78730000E-04
2001-12-12T15:15:29.702 -1.40770000E-04 -3.36520000E-04  2.65180000E-04
2001-12-12T15:15:30.702  3.61880000E-05 -1.81360000E-04  5.31550000E-04
2001-12-12T15:15:31.702 -2.45750000E-04 -1.97940000E-04  3.68770000E-04
2001-12-12T15:15:32.702 -4.85510000E-05 -1.26540000E-04  5.45480000E-04
2001-12-12T15:15:33.702 -1.03580000E-04 -3.40960000E-04  3.00390000E-04
2001-12-12T15:15:34.702 -2.73490000E-05 -7.87000000E-05  5.96560000E-04
2001-12-12T15:15:35.702 -2.00840000E-04 -4.51290000E-04  3.00170000E-04
2001-12-12T15:15:36.702 -3.18800000E-05 -1.86300000E-04  5.92120000E-04
2001-12-12T15:15:37.702 -2.28880000E-04 -2.31640000E-04  2.92650000E-04
2001-12-12T15:15:38.702 -7.52810000E-05 -7.43540000E-05  5.53110000E-04
2001-12-12T15:15:39.702  3.94650000E-05 -3.05360000E-04  3.49380000E-04
2001-12-12T15:15:40.702 -1.83450000E-04 -2.90420000E-04  7.45020000E-04
2001-12-12T15:15:41.702 -3.48490000E-05 -3.29240000E-04  1.37400000E-04
2001-12-12T15:15:42.702 -8.79420000E-05 -1.36820000E-04  5.55470000E-04
2001-12-12T15:15:43.702 -2.37310000E-04 -1.87380000E-04  4.77910000E-04
2001-12-12T15:15:44.702 -6.18930000E-05 -2.03990000E-04  4.68790000E-04
2001-12-12T15:15:45.702 -1.49710000E-04 -1.59570000E-04  4.85750000E-04
2001-12-12T15:15:46.702 -1.40230000E-05 -2.54970000E-04  3.86510000E-04
2001-12-12T15:15:47.702 -1.28270000E-04 -1.99500000E-04  4.78890000E-04
2001-12-12T15:15:48.702 -2.78800000E-04 -2.55860000E-04  3.80250000E-04
2001-12-12T15:15:49.702 -4.47960000E-06 -2.11090000E-04  7.59170000E-04
2001-12-12T15:15:50.702 -3.10580000E-05 -2.80950000E-04  1.17030000E-04
2001-12-12T15:15:51.702 -1.15570000E-04 -3.05250000E-04  6.88230000E-04
2001-12-12T15:15:52.702 -1.34170000E-04 -1.41330000E-04  3.67440000E-04
2001-12-12T15:15:53.702  1.00590000E-05 -1.14640000E-04  1.62670000E-04
2001-12-12T15:15:54.702 -1.95520000E-04 -3.40860000E-04  5.28240000E-04
2001-12-12T15:15:55.702 -1.16870000E-04 -1.36140000E-04  1.95670000E-04
2001-12-12T15:15:56.702 -1.21390000E-04 -3.44940000E-04  5.66290000E-04
2001-12-12T15:15:57.702 -5.04290000E-05 -5.09130000E-05  6.04940000E-04
2001-12-12T15:15:58.702 -1.35120000E-04 -2.69130000E-04  2.68880000E-04
2001-12-12T15:15:59.702 -9.73790000E-05 -2.48300000E-04  4.93830000E-04
2001-12-12T15:16:00.702 -1.69550000E-04 -2.79300000E-04  3.07450000E-04
2001-12-12T15:16:01.702 -4.01470000E-05 -1.80250000E-04  5.36440000E-04
2001-12-12T15:16:02.702 -6.73380000E-05 -2.86480000E-04  3.51390000E-04
2001-12-12T15:16:03.702 -1.27830000E-04 -1.72370000E-04  3.85500000E-04
2001-12-12T15:16:04.702 -1.68330000E-04 -8.19520000E-05  4.73000000E-04
2001-12-12T15:16:05.702 -3.31290000E-07 -2.82280000E-04  5.30280000E-04
2001-12-12T15:16:06.702 -1.22300000E-04 -2.29340000E-04  6.24670000E-05
2001-12-12T15:16:07.702 -1.79880000E-04 -1.86500000E-04  7.29890000E-04
2001-12-12T15:16:08.702 -9.48760000E-05 -3.10840000E-04  2.02440000E-04
2001-12-12T15:16:09.702 -1.30420000E-04 -1.41750000E-04  8.23750000E-04
2001-12-12T15:16:10.702 -6.28200000E-05 -2.06420000E-04  9.75580000E-05
2001-12-12T15:16:11.702 -1.40590000E-04 -2.09420000E-04  6.64200000E-04
2001-12-12T15:16:12.702  6.50170000E-06 -1.51140000E-04  2.29720000E-04
2001-12-12T15:16:13.702 -8.09750000E-05 -1.79770000E-04  4.86940000E-04
2001-12-12T15:16:14.702 -1.28270000E-04 -8.35730000E-05  3.83200000E-04
2001-12-12T15:16:15.702 -1.31830000E-04 -3.38070000E-04  6.00220000E-04
2001-12-12T15:16:16.702  1.25660000E-06 -1.06750000E-04  2.95230000E-04
2001-12-12T15:16:17.702 -1.57150000E-04 -3.76060000E-04  3.94040000E-04
2001-12-12T15:16:18.702 -7.88410000E-05 -7.51410000E-06  7.64690000E-04
2001-12-12T15:16:19.702 -1.88380000E-04 -3.37190000E-04  5.00460000E-05
2001-12-12T15:16:20.702  1.54510000E-05  6.30380000E-06  7.62720000E-04
2001-12-12T15:16:21.702 -7.74090000E-05 -2.20980000E-04  2.33180000E-04
2001-12-12T15:16:22.702 -8.36880000E-05 -1.29230000E-04  5.17040000E-04
2001-12-12T15:16:23.702 -1.22410000E-04 -7.53800000E-05  5.57110000E-04
2001-12-12T15:16:24.702 -4.35180000E-05 -2.72410000E-04  3.12370000E-05
2001-12-12T15:16:25.702 -1.84370000E-04 -1.76890000E-04  8.37580000E-04
2001-12-12T15:16:26.702 -1.93230000E-04 -1.81020000E-04  1.81760000E-04
2001-12-12T15:16:27.702 -1.02190000E-04 -1.51570000E-04  5.41240000E-04
2001-12-12T15:16:28.702 -3.93270000E-05 -1.81640000E-04  2.87190000E-04
2001-12-12T15:16:29.702 -1.98190000E-04 -7.52480000E-05  6.97530000E-04
2001-12-12T15:16:30.702 -1.67190000E-04 -2.55530000E-04  2.33630000E-04
2001-12-12T15:16:31.702  1.20840000E-05  6.57350000E-06  7.24330000E-04
2001-12-12T15:16:32.702 -1.65730000E-04 -1.85020000E-04  3.05870000E-04
2001-12-12T15:16:33.702 -7.09710000E-05 -1.21140000E-04  6.73600000E-04
2001-12-12T15:16:34.702 -2.59230000E-04 -1.22510000E-04  2.41530000E-04
2001-12-12T15:16:35.702  4.01470000E-05 -1.87440000E-04  6.93430000E-04
2001-12-12T15:16:36.702 -2.30950000E-04 -7.91820000E-05  1.82640000E-04
2001-12-12T15:16:37.702 -1.00350000E-04 -2.70310000E-05  6.65410000E-04
2001-12-12T15:16:38.702 -7.43020000E-05 -8.47590000E-05  3.98000000E-04
2001-12-12T15:16:39.702 -1.73340000E-04  1.64390000E-05  5.58050000E-04
2001-12-12T15:16:40.702 -4.56760000E-05 -1.20790000E-04  1.41850000E-04
2001-12-12T15:16:41.702 -1.05120000E-04  4.60410000E-06  8.50650000E-04
2001-12-12T15:16:42.702 -7.35180000E-05  7.47180000E-05  7.86260000E-05
2001-12-12T15:16:43.702 -1.68710000E-04 -5.02740000E-05  5.69370000E-04
2001-12-12T15:16:44.702  2.05010000E-04  1.05010000E-04  2.73050000E-04
2001-12-12T15:16:45.702 -1.31560000E-04  4.21040000E-05  6.42180000E-04
2001-12-12T15:16:46.702 -7.85750000E-05  2.08430000E-05  2.76720000E-04
2001-12-12T15:16:47.702 -3.43530000E-05  1.61230000E-04  3.50220000E-04
2001-12-12T15:16:48.702 -1.24730000E-04  4.51380000E-05  5.59310000E-04
2001-12-12T15:16:49.702 -8.40170000E-05  1.13530000E-04  4.94320000E-04
2001-12-12T15:16:50.702  6.78830000E-06  9.33640000E-05  4.14070000E-04
2001-12-12T15:16:51.702 -1.61020000E-04  2.52360000E-04  7.40840000E-04
2001-12-12T15:16:52.702 -1.80580000E-04  1.67910000E-04  5.72530000E-05
2001-12-12T15:16:53.702 -3.11720000E-04  3.30410000E-04  8.27370000E-04
2001-12-12T15:16:54.702 -1.22720000E-04  2.41280000E-04  1.27720000E-04
2001-12-12T15:16:55.702 -2.95360000E-05  4.03920000E-04  7.34100000E-04
2001-12-12T15:16:56.702 -1.07490000E-04  2.26520000E-04  1.29910000E-04
2001-12-12T15:16:57.702 -1.59580000E-04  4.44050000E-04  6.11960000E-04
2001-12-12T15:16:58.702 -8.27030000E-05  2.73090000E-04  8.43620000E-04
2001-12-12T15:16:59.702 -2.11570000E-04  3.43560000E-04  1.63480000E-04
2001-12-12T15:17:00.702 -6.96070000E-05  5.04650000E-04  4.88000000E-04
2001-12-12T15:17:01.702 -1.29980000E-04  3.84800000E-04  2.21040000E-04
2001-12-12T15:17:02.702 -9.36700000E-05  3.57400000E-04  7.36690000E-04
2001-12-12T15:17:03.702  1.09450000E-06  5.35900000E-04  2.50440000E-04
2001-12-12T15:17:04.702 -1.13440000E-04  4.51890000E-04  3.82070000E-04
2001-12-12T15:17:05.702 -1.62460000E-04  4.72090000E-04  5.90120000E-04
2001-12-12T15:17:06.702 -7.16060000E-05  4.83220000E-04  2.56850000E-04
2001-12-12T15:17:07.702 -1.24170000E-04  6.88930000E-04  6.43280000E-04
2001-12-12T15:17:08.702 -1.97720000E-04  3.69830000E-04  4.31470000E-04
2001-12-12T15:17:09.702 -9.87880000E-05  7.59250000E-04  5.78360000E-04
2001-12-12T15:17:10.702 -1.67700000E-04  6.38070000E-04  3.41560000E-04
2001-12-12T15:17:11.702 -4.34060000E-05  7.42050000E-04  7.49030000E-04
2001-12-12T15:17:12.702 -3.59680000E-05  7.58350000E-04  9.08600000E-05
2001-12-12T15:17:13.702  1.40320000E-05  7.39340000E-04  6.24510000E-04
2001-12-12T15:17:14.702 -3.17330000E-04  7.83640000E-04  1.41900000E-04
2001-12-12T15:17:15.702  2.67700000E-05  5.28160000E-04  7.36770000E-04
2001-12-12T15:17:16.702 -2.19880000E-04  9.51330000E-04  3.11520000E-04
2001-12-12T15:17:17.702 -9.74380000E-05  8.79730000E-04  3.41840000E-04
2001-12-12T15:17:18.702 -8.25490000E-05  1.05770000E-03  6.04470000E-04
2001-12-12T15:17:19.702 -1.37340000E-04  1.17710000E-03  5.02260000E-04
2001-12-12T15:17:20.702 -9.79580000E-05  8.60560000E-04  3.76490000E-04
2001-12-12T15:17:21.702 -1.99090000E-04  1.03800000E-03  6.51730000E-04
2001-12-12T15:17:22.702 -8.17570000E-05  1.14460000E-03  3.37100000E-04
2001-12-12T15:17:23.702 -9.49040000E-05  1.14970000E-03  5.08840000E-04
2001-12-12T15:17:24.702 -1.29290000E-04  1.19350000E-03  5.28560000E-04
2001-12-12T15:17:25.702 -2.37720000E-04  1.15800000E-03  5.62240000E-04
2001-12-12T15:17:26.702 -2.31790000E-04  9.61620000E-04  4.20000000E-04
2001-12-12T15:17:27.702 -2.35110000E-04  1.08920000E-03  4.12420000E-04
2001-12-12T15:17:28.702 -7.31680000E-05  1.17760000E-03  4.93660000E-04
2001-12-12T15:17:29.702  3.57090000E-05  1.06990000E-03  6.14430000E-04
2001-12-12T15:17:30.702 -1.41380000E-04  1.18210000E-03  3.42630000E-04
2001-12-12T15:17:31.702 -2.30010000E-04  1.55300000E-03  6.45560000E-04
2001-12-12T15:17:32.702 -1.67350000E-04  1.52400000E-03  3.27510000E-04
2001-12-12T15:17:33.702  1.05500000E-05  1.71330000E-03  5.84070000E-04
2001-12-12T15:17:34.702 -1.66370000E-04  1.77490000E-03  5.34440000E-04
2001-12-12T15:17:35.702 -1.24510000E-04  1.74990000E-03  2.62410000E-04
2001-12-12T15:17:36.702 -5.34230000E-05  2.03960000E-03  7.46840000E-04
2001-12-12T15:17:37.702 -3.11620000E-04  2.04420000E-03  4.45380000E-04
2001-12-12T15:17:38.702 -1.01120000E-04  2.17900000E-03  5.12810000E-04
2001-12-12T15:17:39.702 -2.53910000E-04  2.33080000E-03  8.75660000E-04
2001-12-12T15:17:40.702 -1.32520000E-04  2.61730000E-03  1.97200000E-04
2001-12-12T15:17:41.702 -1.52320000E-04  2.53140000E-03  7.22190000E-04
2001-12-12T15:17:42.702 -9.35470000E-05  2.53330000E-03  4.53840000E-04
2001-12-12T15:17:43.702 -1.80560000E-04  2.70000000E-03  4.21030000E-04
2001-12-12T15:17:44.702 -3.26720000E-04  2.85580000E-03  6.37760000E-04
2001-12-12T15:17:45.702 -1.63480000E-04  2.86040000E-03  3.59870000E-04
2001-12-12T15:17:46.702 -1.84540000E-04  2.92700000E-03  9.41250000E-04
2001-12-12T15:17:47.702 -1.02550000E-04  3.01890000E-03  3.36890000E-04
2001-12-12T15:17:48.702 -2.08650000E-04  3.32250000E-03  6.24880000E-04
2001-12-12T15:17:49.702 -2.65110000E-05  3.25050000E-03  3.98140000E-04
2001-12-12T15:17:50.702 -9.59590000E-05  3.47310000E-03  6.19730000E-04
2001-12-12T15:17:51.702 -2.06030000E-04  3.11420000E-03  5.77550000E-04
2001-12-12T15:17:52.702 -2.07060000E-04  3.60280000E-03  3.94300000E-04
2001-12-12T15:17:53.702 -8.24310000E-05  3.45750000E-03  7.28110000E-04
2001-12-12T15:17:54.702 -8.81380000E-05  3.60540000E-03  5.03660000E-04
2001-12-12T15:17:55.702 -1.28930000E-04  3.55950000E-03  5.67890000E-04
2001-12-12T15:17:56.702 -1.49580000E-04  3.78700000E-03  6.13040000E-04
2001-12-12T15:17:57.702 -1.61990000E-04  4.13730000E-03  5.87300000E-04
2001-12-12T15:17:58.702 -1.53410000E-04  3.82320000E-03  5.72380000E-04
2001-12-12T15:17:59.702 -8.31100000E-05  3.80880000E-03  6.77460000E-04
2001-12-12T15:18:00.702 -2.02030000E-04  4.10610000E-03  5.27270000E-04
2001-12-12T15:18:01.702 -3.46720000E-05  4.20650000E-03  7.28960000E-04
2001-12-12T15:18:02.702 -1.18290000E-04  4.08140000E-03  6.20250000E-04
2001-12-12T15:18:03.702 -8.35070000E-05  4.34050000E-03  3.60150000E-04
2001-12-12T15:18:04.702 -2.84530000E-04  4.24290000E-03  8.92800000E-04
2001-12-12T15:18:05.702 -6.40280000E-05  4.47030000E-03  3.82570000E-04
2001-12-12T15:18:06.702 -5.69190000E-05  4.22450000E-03  6.51500000E-04
2001-12-12T15:18:07.702 -2.29900000E-04  4.20190000E-03  6.91510000E-04
2001-12-12T15:18:08.702  3.44840000E-05  4.69670000E-03  5.45370000E-04
2001-12-12T15:18:09.702 -3.43770000E-04  4.43550000E-03  9.16320000E-04
2001-12-12T15:18:10.702 -4.15800000E-05  4.51150000E-03  3.73400000E-04
2001-12-12T15:18:11.702 -2.87220000E-04  4.70760000E-03  7.08820000E-04
2001-12-12T15:18:12.702 -1.96760000E-04  5.39730000E-03  9.36150000E-04
2001-12-12T15:18:13.702 -1.18400000E-04  5.00260000E-03  5.08290000E-04
2001-12-12T15:18:14.702 -1.07420000E-04  5.03530000E-03  4.99930000E-04
2001-12-12T15:18:15.702 -4.22820000E-05  5.81590000E-03  6.21920000E-04
2001-12-12T15:18:16.702 -1.63840000E-04  5.85610000E-03  8.19020000E-04
2001-12-12T15:18:17.702 -4.82010000E-05  5.88860000E-03  5.63920000E-04
2001-12-12T15:18:18.702 -2.36470000E-04  5.87780000E-03  8.70560000E-04
2001-12-12T15:18:19.702 -2.00900000E-04  5.97420000E-03  5.36750000E-04
2001-12-12T15:18:20.702 -1.89480000E-04  6.01200000E-03  8.58960000E-04
2001-12-12T15:18:21.702 -1.15240000E-04  6.03710000E-03  6.95940000E-04
2001-12-12T15:18:22.702 -3.64340000E-05  6.37080000E-03  4.96580000E-04
2001-12-12T15:18:23.702 -7.09630000E-05  6.80760000E-03  1.01080000E-03
2001-12-12T15:18:24.702 -3.20050000E-04  6.77770000E-03  7.04790000E-04
2001-12-12T15:18:25.702 -7.20910000E-05  7.33500000E-03  6.22710000E-04
2001-12-12T15:18:26.702 -2.01660000E-04  7.07490000E-03  7.62040000E-04
2001-12-12T15:18:27.702 -2.13070000E-04  7.25830000E-03  7.89100000E-04
2001-12-12T15:18:28.702 -2.95330000E-04  7.89890000E-03  8.32810000E-04
2001-12-12T15:18:29.702 -2.06320000E-04  8.05270000E-03  7.35150000E-04
2001-12-12T15:18:30.702 -3.21620000E-04  8.20420000E-03  5.56410000E-04
2001-12-12T15:18:31.702 -1.88790000E-04  8.54480000E-03  9.01200000E-04
2001-12-12T15:18:32.702 -2.23020000E-04  8.70390000E-03  7.58960000E-04
2001-12-12T15:18:33.702 -2.98070000E-04  9.33750000E-03  8.80950000E-04
2001-12-12T15:18:34.702 -3.33220000E-04  9.53200000E-03  7.62040000E-04
2001-12-12T15:18:35.702 -1.29820000E-04  9.85760000E-03  1.16820000E-03
2001-12-12T15:18:36.702 -3.89330000E-04  9.73100000E-03  5.33280000E-04
2001-12-12T15:18:37.702 -4.36460000E-04  1.06000000E-02  1.09250000E-03
2001-12-12T15:18:38.702 -2.80820000E-04  1.05040000E-02  8.13950000E-04
2001-12-12T15:18:39.702 -3.34820000E-04  1.06630000E-02  6.69540000E-04
2001-12-12T15:18:40.702 -2.29860000E-04  1.12400000E-02  1.05950000E-03
2001-12-12T15:18:41.702 -4.43160000E-04  1.16620000E-02  7.12420000E-04
2001-12-12T15:18:42.702 -4.95310000E-04  1.21630000E-02  7.83930000E-04
2001-12-12T15:18:43.702  2.21110000E-05  1.19600000E-02  1.04660000E-03
2001-12-12T15:18:44.702 -6.30070000E-04  1.24450000E-02  6.30050000E-04
2001-12-12T15:18:45.702 -2.84060000E-04  1.26190000E-02  8.81290000E-04
2001-12-12T15:18:46.702 -6.32030000E-04  1.29180000E-02  9.95000000E-04
2001-12-12T15:18:47.702 -2.96320000E-04  1.34100000E-02  7.25030000E-04
2001-12-12T15:18:48.702 -5.32400000E-04  1.29450000E-02  8.58960000E-04
2001-12-12T15:18:49.702 -1.34170000E-04  1.39130000E-02  1.07110000E-03
2001-12-12T15:18:50.702 -4.23240000E-04  1.46490000E-02  8.80820000E-04
2001-12-12T15:18:51.702 -3.85900000E-04  1.49580000E-02  9.82120000E-04
2001-12-12T15:18:52.702 -8.36030000E-04  1.51660000E-02  9.18660000E-04
2001-12-12T15:18:53.702  1.14270000E-04  1.68170000E-02  8.54410000E-04
2001-12-12T15:18:54.702 -1.04820000E-03  1.64170000E-02  1.13430000E-03
2001-12-12T15:18:55.702  4.16550000E-04  1.79370000E-02  1.02170000E-03
2001-12-12T15:18:56.702 -1.06100000E-03  1.67650000E-02  8.36770000E-04
2001-12-12T15:18:57.702  2.48240000E-04  1.79410000E-02  9.66830000E-04
2001-12-12T15:18:58.702 -1.10500000E-03  1.70290000E-02  1.01230000E-03
2001-12-12T15:18:59.702 -4.96640000E-04  1.81970000E-02  1.09000000E-03
2001-12-12T15:19:00.702  1.21000000E-04  1.88390000E-02  8.84860000E-04
2001-12-12T15:19:01.702  1.46140000E-04  1.84020000E-02  9.79860000E-04
2001-12-12T15:19:02.702 -2.56990000E-04  1.93740000E-02  9.36830000E-04
2001-12-12T15:19:03.702 -5.54410000E-04  1.93190000E-02  1.06860000E-03
2001-12-12T15:19:04.702 -2.73280000E-04  1.90950000E-02  9.56650000E-04
2001-12-12T15:19:05.702 -4.95220000E-04  1.96360000E-02  1.10120000E-03
2001-12-12T15:19:06.702 -6.65600000E-04  1.99160000E-02  1.37600000E-03
2001-12-12T15:19:07.702 -7.84750000E-04  2.01090000E-02  9.32940000E-04
2001-12-12T15:19:08.702  2.61390000E-04  2.17000000E-02  1.03920000E-03
2001-12-12T15:19:09.702 -6.44420000E-04  2.06260000E-02  1.02990000E-03
2001-12-12T15:19:10.702 -1.51340000E-04  2.11030000E-02  1.42710000E-03
2001-12-12T15:19:11.702  1.04100000E-04  2.07690000E-02  1.18350000E-03
2001-12-12T15:19:12.702 -1.05450000E-03  2.06950000E-02  1.16430000E-03
2001-12-12T15:19:13.702  2.33900000E-04  2.17050000E-02  1.01600000E-03
2001-12-12T15:19:14.702 -8.06860000E-04  2.06610000E-02  1.38830000E-03
2001-12-12T15:19:15.702 -1.22510000E-04  2.16520000E-02  1.28880000E-03
2001-12-12T15:19:16.702 -7.99830000E-04  2.14410000E-02  1.45560000E-03
2001-12-12T15:19:17.702  1.08820000E-06  2.26710000E-02  9.05110000E-04
2001-12-12T15:19:18.702 -5.38490000E-04  2.23840000E-02  1.25430000E-03
2001-12-12T15:19:19.702 -8.78160000E-04  2.21260000E-02  1.34940000E-03
2001-12-12T15:19:20.702 -1.74020000E-04  2.28510000E-02  1.31470000E-03
2001-12-12T15:19:21.702 -4.89940000E-04  2.27830000E-02  1.06860000E-03
2001-12-12T15:19:22.702 -6.72930000E-04  2.31670000E-02  1.41490000E-03
2001-12-12T15:19:23.702 -9.96890000E-04  2.25890000E-02  1.19390000E-03
2001-12-12T15:19:24.702 -6.12990000E-04  2.31230000E-02  1.37540000E-03
2001-12-12T15:19:25.702 -3.85980000E-04  2.33320000E-02  1.23720000E-03
2001-12-12T15:19:26.702 -1.04070000E-03  2.29700000E-02  1.16600000E-03
2001-12-12T15:19:27.702 -6.09030000E-04  2.42940000E-02  1.35070000E-03
2001-12-12T15:19:28.702 -6.99700000E-04  2.46040000E-02  1.03770000E-03
2001-12-12T15:19:29.702 -9.26510000E-04  2.41070000E-02  1.47810000E-03
2001-12-12T15:19:30.702 -5.62610000E-04  2.46050000E-02  1.17560000E-03
2001-12-12T15:19:31.702 -4.87440000E-04  2.52390000E-02  1.18010000E-03
2001-12-12T15:19:32.702 -9.23920000E-04  2.54920000E-02  1.21900000E-03
2001-12-12T15:19:33.702 -2.50730000E-04  2.58620000E-02  1.39320000E-03
2001-12-12T15:19:34.702 -7.51660000E-04  2.55370000E-02  1.14660000E-03
2001-12-12T15:19:35.702 -2.28390000E-04  2.61840000E-02  1.24160000E-03
2001-12-12T15:19:36.702 -8.15030000E-04  2.63030000E-02  1.29180000E-03
2001-12-12T15:19:37.702 -4.50620000E-04  2.72070000E-02  1.03880000E-03
2001-12-12T15:19:38.702 -3.44180000E-04  2.73780000E-02  1.23320000E-03
2001-12-12T15:19:39.702 -4.22630000E-04  2.69950000E-02  1.21420000E-03
2001-12-12T15:19:40.702 -3.31270000E-04  2.71990000E-02  1.31610000E-03
2001-12-12T15:19:41.702 -4.96110000E-04  2.72860000E-02  1.31000000E-03
2001-12-12T15:19:42.702 -4.59280000E-04  2.75170000E-02  1.21630000E-03
2001-12-12T15:19:43.702 -2.31220000E-04  2.78220000E-02  1.02310000E-03
2001-12-12T15:19:44.702 -4.34820000E-04  2.87860000E-02  1.37140000E-03
2001-12-12T15:19:45.702 -5.46450000E-04  2.94770000E-02  1.13660000E-03
2001-12-12T15:19:46.702 -3.75550000E-04  2.94100000E-02  1.13810000E-03
2001-12-12T15:19:47.702 -4.01460000E-04  2.83250000E-02  1.19600000E-03
2001-12-12T15:19:48.702 -2.42900000E-04  2.84030000E-02  1.09730000E-03
2001-12-12T15:19:49.702 -7.06440000E-04  2.75980000E-02  1.31390000E-03
2001-12-12T15:19:50.702 -5.44150000E-04  2.77770000E-02  1.41390000E-03
2001-12-12T15:19:51.702 -4.36750000E-04  2.78680000E-02  8.82450000E-04
2001-12-12T15:19:52.702 -4.16310000E-04  2.72100000E-02  1.55370000E-03
2001-12-12T15:19:53.702 -7.21270000E-04  2.78530000E-02  1.38230000E-03
2001-12-12T15:19:54.702 -5.58280000E-04  2.85800000E-02  1.40970000E-03
2001-12-12T15:19:55.702 -8.78210000E-04  3.01040000E-02  1.36600000E-03
2001-12-12T15:19:56.702 -7.15520000E-04  3.10670000E-02  1.51830000E-03
2001-12-12T15:19:57.702 -8.45080000E-04  3.10280000E-02  1.44660000E-03
2001-12-12T15:19:58.702 -8.13500000E-04  3.04120000E-02  1.40620000E-03
2001-12-12T15:19:59.702 -7.21430000E-04  2.94720000E-02  1.53800000E-03
2001-12-12T15:20:00.702 -7.18490000E-04  2.80420000E-02  1.37170000E-03
2001-12-12T15:20:01.702 -8.34870000E-04  2.89000000E-02  1.50650000E-03
2001-12-12T15:20:02.702 -6.47700000E-04  2.95610000E-02  1.59940000E-03
2001-12-12T15:20:03.702 -1.07200000E-03  2.75970000E-02  1.48360000E-03
2001-12-12T15:20:04.702 -3.55730000E-04  2.90870000E-02  1.29480000E-03
2001-12-12T15:20:05.702 -5.16260000E-04  3.07990000E-02  1.57090000E-03
2001-12-12T15:20:06.702 -1.09400000E-03  3.20000000E-02  1.32760000E-03
2001-12-12T15:20:07.702 -5.29630000E-04  3.18840000E-02  1.48230000E-03
2001-12-12T15:20:08.702 -9.52640000E-04  3.28780000E-02  1.43260000E-03
2001-12-12T15:20:09.702 -4.89100000E-04  3.26720000E-02  1.57880000E-03
2001-12-12T15:20:10.702 -4.35920000E-04  3.26430000E-02  1.27580000E-03
2001-12-12T15:20:11.702 -5.53190000E-04  3.15830000E-02  1.19870000E-03
2001-12-12T15:20:12.702 -4.28510000E-04  3.15710000E-02  1.44430000E-03
2001-12-12T15:20:13.702 -5.78220000E-04  3.14950000E-02  1.33820000E-03
2001-12-12T15:20:14.702 -3.35850000E-04  3.10460000E-02  1.14070000E-03
2001-12-12T15:20:15.702 -3.20880000E-04  3.13340000E-02  1.44540000E-03
2001-12-12T15:20:16.702 -4.23360000E-04  3.18250000E-02  1.13620000E-03
2001-12-12T15:20:17.702 -4.67360000E-04  3.12620000E-02  1.24890000E-03
2001-12-12T15:20:18.702 -3.12980000E-04  3.05960000E-02  1.46770000E-03
2001-12-12T15:20:19.702 -4.91940000E-04  2.94590000E-02  1.02790000E-03
2001-12-12T15:20:20.702 -6.10720000E-04  3.12230000E-02  1.31510000E-03
2001-12-12T15:20:21.702 -5.23740000E-04  3.33590000E-02  1.17650000E-03
2001-12-12T15:20:22.702 -6.39340000E-04  3.29610000E-02  1.29320000E-03
2001-12-12T15:20:23.702 -6.23550000E-04  3.19820000E-02  1.20710000E-03
2001-12-12T15:20:24.702 -1.03100000E-03  3.18730000E-02  1.38610000E-03
2001-12-12T15:20:25.702 -5.34790000E-04  3.24170000E-02  1.15820000E-03
2001-12-12T15:20:26.702 -8.31050000E-04  3.27660000E-02  1.39060000E-03
2001-12-12T15:20:27.702 -8.50500000E-04  3.28710000E-02  1.34250000E-03
2001-12-12T15:20:28.702 -8.78030000E-04  3.37190000E-02  1.37070000E-03
2001-12-12T15:20:29.702 -8.83730000E-04  3.53750000E-02  1.55280000E-03
2001-12-12T15:20:30.702 -1.00510000E-03  3.70050000E-02  1.41540000E-03
2001-12-12T15:20:31.702 -1.03580000E-03  3.80050000E-02  1.45190000E-03
2001-12-12T15:20:32.702 -1.07210000E-03  3.73630000E-02  1.46300000E-03
2001-12-12T15:20:33.702 -1.03100000E-03  3.62420000E-02  1.68180000E-03
2001-12-12T15:20:34.702 -1.09780000E-03  3.57660000E-02  1.50840000E-03
2001-12-12T15:20:35.702 -6.42500000E-04  3.52950000E-02  1.42440000E-03
2001-12-12T15:20:36.702 -9.02030000E-04  3.25210000E-02  1.40090000E-03
2001-12-12T15:20:37.702 -4.76260000E-04  3.21050000E-02  1.36220000E-03
2001-12-12T15:20:38.702 -6.35140000E-04  3.26620000E-02  1.62540000E-03
2001-12-12T15:20:39.702 -5.32540000E-04  3.36260000E-02  1.49190000E-03
2001-12-12T15:20:40.702 -5.38410000E-04  3.34040000E-02  1.60570000E-03
2001-12-12T15:20:41.702 -3.60130000E-04  3.30260000E-02  1.30310000E-03
2001-12-12T15:20:42.702 -3.59210000E-04  3.31880000E-02  1.29100000E-03
2001-12-12T15:20:43.702 -4.87360000E-04  3.41370000E-02  1.37160000E-03
2001-12-12T15:20:44.702 -3.26910000E-04  3.54660000E-02  1.64720000E-03
2001-12-12T15:20:45.702 -3.57060000E-04  3.68780000E-02  1.27310000E-03
2001-12-12T15:20:46.702 -4.30850000E-04  3.72640000E-02  1.49080000E-03
2001-12-12T15:20:47.702 -5.92470000E-04  3.67230000E-02  1.42040000E-03
2001-12-12T15:20:48.702 -4.35660000E-04  3.78340000E-02  1.31280000E-03
2001-12-12T15:20:49.702 -7.41610000E-04  3.77570000E-02  1.19690000E-03
2001-12-12T15:20:50.702 -3.68600000E-04  3.78520000E-02  1.33960000E-03
2001-12-12T15:20:51.702 -6.69550000E-04  3.72540000E-02  1.29700000E-03
2001-12-12T15:20:52.702 -8.18230000E-04  3.70290000E-02  1.24510000E-03
2001-12-12T15:20:53.702 -8.17770000E-04  3.68320000E-02  1.31000000E-03
2001-12-12T15:20:54.702 -7.98390000E-04  3.62130000E-02  1.45780000E-03
2001-12-12T15:20:55.702 -8.80760000E-04  3.61230000E-02  1.04330000E-03
2001-12-12T15:20:56.702 -1.09220000E-03  3.69970000E-02  1.36010000E-03
2001-12-12T15:20:57.702 -9.62510000E-04  3.81330000E-02  1.23840000E-03
2001-12-12T15:20:58.702 -1.14750000E-03  3.87710000E-02  1.20650000E-03
2001-12-12T15:20:59.702 -1.13430000E-03  3.91080000E-02  1.09260000E-03
2001-12-12T15:21:00.702 -1.01250000E-03  4.01960000E-02  1.14030000E-03
2001-12-12T15:21:01.702 -1.32090000E-03  4.11670000E-02  1.45750000E-03
2001-12-12T15:21:02.702 -9.81870000E-04  4.12330000E-02  1.10270000E-03
2001-12-12T15:21:03.702 -1.03530000E-03  4.06580000E-02  1.28700000E-03
2001-12-12T15:21:04.702 -9.09970000E-04  4.01780000E-02  1.34770000E-03
2001-12-12T15:21:05.702 -7.54180000E-04  3.93680000E-02  1.02130000E-03
2001-12-12T15:21:06.702 -6.88110000E-04  3.76700000E-02  1.40600000E-03
2001-12-12T15:21:07.702 -6.87940000E-04  3.74660000E-02  1.67120000E-03
2001-12-12T15:21:08.702 -5.32730000E-04  3.79240000E-02  1.08430000E-03
2001-12-12T15:21:09.702 -6.22520000E-04  3.79480000E-02  1.19320000E-03
2001-12-12T15:21:10.702 -6.04470000E-04  3.76380000E-02  1.28140000E-03
2001-12-12T15:21:11.702 -4.40970000E-04  3.71920000E-02  1.30190000E-03
2001-12-12T15:21:12.702 -5.01740000E-04  3.65150000E-02  1.23100000E-03
2001-12-12T15:21:13.702 -4.64550000E-04  3.53810000E-02  1.44610000E-03
2001-12-12T15:21:14.702 -2.83110000E-04  3.41840000E-02  1.03630000E-03
2001-12-12T15:21:15.702 -4.19770000E-04  3.27640000E-02  1.22900000E-03
2001-12-12T15:21:16.702 -5.19280000E-04  3.18230000E-02  1.23910000E-03
2001-12-12T15:21:17.702 -5.00320000E-04  3.11760000E-02  1.16400000E-03
2001-12-12T15:21:18.702 -3.08690000E-04  3.05870000E-02  1.07980000E-03
2001-12-12T15:21:19.702 -6.08930000E-04  2.94740000E-02  9.76510000E-04
2001-12-12T15:21:20.702 -5.11580000E-04  2.88580000E-02  1.27680000E-03
2001-12-12T15:21:21.702 -6.86620000E-04  2.85140000E-02  8.96100000E-04
2001-12-12T15:21:22.702 -5.84520000E-04  2.79960000E-02  1.06910000E-03
2001-12-12T15:21:23.702 -8.34640000E-04  2.77060000E-02  9.45460000E-04
2001-12-12T15:21:24.702 -9.48170000E-04  2.68360000E-02  9.17890000E-04
2001-12-12T15:21:25.702 -4.89640000E-04  2.65390000E-02  1.07850000E-03
2001-12-12T15:21:26.702 -1.03730000E-03  2.56120000E-02  7.10430000E-04
2001-12-12T15:21:27.702 -7.42790000E-04  2.42560000E-02  8.30250000E-04
2001-12-12T15:21:28.702 -5.69800000E-04  2.38610000E-02  9.49370000E-04
2001-12-12T15:21:29.702 -1.03330000E-03  2.36010000E-02  8.11690000E-04
2001-12-12T15:21:30.702 -8.25230000E-04  2.39440000E-02  6.32780000E-04
2001-12-12T15:21:31.702 -1.00470000E-03  2.41580000E-02  8.02960000E-04
2001-12-12T15:21:32.702 -9.44740000E-04  2.33280000E-02  8.49070000E-04
2001-12-12T15:21:33.702 -6.73910000E-04  2.31110000E-02  7.00290000E-04
2001-12-12T15:21:34.702 -6.68920000E-04  2.17640000E-02  8.27530000E-04
2001-12-12T15:21:35.702 -2.68200000E-05  2.03070000E-02  7.71790000E-04
2001-12-12T15:21:36.702 -1.01140000E-03  1.85230000E-02  6.79660000E-04
2001-12-12T15:21:37.702 -9.67440000E-04  1.82120000E-02  9.65770000E-04
2001-12-12T15:21:38.702 -5.04330000E-04  1.80160000E-02  6.02950000E-04
2001-12-12T15:21:39.702  3.88680000E-04  1.82670000E-02  7.33290000E-04
2001-12-12T15:21:40.702 -8.82460000E-04  1.63270000E-02  5.03320000E-04
2001-12-12T15:21:41.702 -2.78710000E-04  1.60270000E-02  6.86570000E-04
2001-12-12T15:21:42.702  4.12690000E-05  1.56150000E-02  9.02120000E-04
2001-12-12T15:21:43.702 -1.84100000E-04  1.52680000E-02  6.80520000E-04
2001-12-12T15:21:44.702 -3.20680000E-05  1.45560000E-02  9.39220000E-04
2001-12-12T15:21:45.702 -3.98040000E-04  1.43820000E-02  6.47410000E-04
2001-12-12T15:21:46.702 -1.03430000E-04  1.41590000E-02  7.73370000E-04
2001-12-12T15:21:47.702  1.91470000E-04  1.30920000E-02  8.19240000E-04
2001-12-12T15:21:48.702 -1.84280000E-04  1.18480000E-02  6.28990000E-04
2001-12-12T15:21:49.702  7.62510000E-05  1.12560000E-02  8.17820000E-04
2001-12-12T15:21:50.702 -4.95260000E-06  9.98530000E-03  7.93330000E-04
2001-12-12T15:21:51.702 -1.55440000E-04  1.05950000E-02  8.09520000E-04
2001-12-12T15:21:52.702 -8.28800000E-05  1.19110000E-02  6.14910000E-04
2001-12-12T15:21:53.702  2.47130000E-05  1.06750000E-02  1.04880000E-03
2001-12-12T15:21:54.702 -2.37300000E-05  1.00930000E-02  6.23180000E-04
2001-12-12T15:21:55.702 -4.27890000E-05  1.03350000E-02  8.34730000E-04
2001-12-12T15:21:56.702 -1.11700000E-04  1.10460000E-02  5.38730000E-04
2001-12-12T15:21:57.702 -4.85010000E-04  1.07240000E-02  8.63750000E-04
2001-12-12T15:21:58.702 -6.18980000E-06  1.03400000E-02  7.86360000E-04
2001-12-12T15:21:59.702 -1.20350000E-04  1.01890000E-02  4.87300000E-04
2001-12-12T15:22:00.702 -1.29170000E-04  9.14670000E-03  9.44250000E-04
2001-12-12T15:22:01.702 -2.77450000E-04  7.81790000E-03  5.35330000E-04
2001-12-12T15:22:02.702 -1.01390000E-04  7.42330000E-03  6.32590000E-04
2001-12-12T15:22:03.702 -2.86950000E-04  7.15210000E-03  6.78820000E-04
2001-12-12T15:22:04.702 -3.26050000E-04  7.71170000E-03  5.67250000E-04
2001-12-12T15:22:05.702 -7.15290000E-05  7.86020000E-03  7.44400000E-04
2001-12-12T15:22:06.702 -3.10460000E-04  6.81290000E-03  4.69040000E-04
2001-12-12T15:22:07.702 -1.75770000E-04  7.34560000E-03  6.54830000E-04
2001-12-12T15:22:08.702 -3.68140000E-04  7.32790000E-03  5.70680000E-04
2001-12-12T15:22:09.702 -3.83360000E-04  6.54790000E-03  3.65620000E-04
2001-12-12T15:22:10.702 -2.93050000E-04  7.55810000E-03  7.94580000E-04
2001-12-12T15:22:11.702 -2.71900000E-04  7.63990000E-03  6.31790000E-04
2001-12-12T15:22:12.702 -4.60470000E-04  6.82720000E-03  4.69000000E-04
2001-12-12T15:22:13.702 -4.76840000E-04  6.55140000E-03  6.51460000E-04
2001-12-12T15:22:14.702 -2.28020000E-04  6.01860000E-03  7.22850000E-04
2001-12-12T15:22:15.702 -2.86560000E-04  5.94890000E-03  5.49230000E-04
2001-12-12T15:22:16.702 -3.61490000E-04  6.53130000E-03  7.82690000E-04
2001-12-12T15:22:17.702 -3.98180000E-04  6.37070000E-03  4.36580000E-04
2001-12-12T15:22:18.702 -2.27130000E-04  5.28700000E-03  6.12570000E-04
2001-12-12T15:22:19.702 -4.03370000E-04  5.18440000E-03  6.07450000E-04
2001-12-12T15:22:20.702 -4.27300000E-04  4.80360000E-03  4.37600000E-04
2001-12-12T15:22:21.702 -3.63920000E-04  4.88340000E-03  5.33640000E-04
2001-12-12T15:22:22.702 -2.51170000E-04  4.74380000E-03  6.21270000E-04
2001-12-12T15:22:23.702 -4.15670000E-04  4.35870000E-03  4.34030000E-04
2001-12-12T15:22:24.702 -1.98210000E-04  4.31410000E-03  8.08760000E-04
2001-12-12T15:22:25.702 -2.23900000E-04  4.03160000E-03  4.01660000E-04
2001-12-12T15:22:26.702 -3.71590000E-04  3.97430000E-03  6.90810000E-04
2001-12-12T15:22:27.702 -2.31950000E-04  3.86670000E-03  5.34330000E-04
2001-12-12T15:22:28.702 -3.83700000E-04  3.57030000E-03  4.16250000E-04
2001-12-12T15:22:29.702 -5.89240000E-05  3.54860000E-03  4.32010000E-04
2001-12-12T15:22:30.702 -3.84970000E-04  3.30600000E-03  6.30260000E-04
2001-12-12T15:22:31.702 -2.09930000E-04  3.16900000E-03  5.01480000E-04
2001-12-12T15:22:32.702 -5.12720000E-05  3.62230000E-03  5.08740000E-04
2001-12-12T15:22:33.702 -4.16290000E-04  3.55430000E-03  6.17470000E-04
2001-12-12T15:22:34.702 -3.17080000E-04  3.45710000E-03  1.92350000E-04
2001-12-12T15:22:35.702 -1.27490000E-04  3.56800000E-03  7.04920000E-04
2001-12-12T15:22:36.702 -2.74890000E-04  3.21020000E-03  4.40030000E-04
2001-12-12T15:22:37.702 -2.13310000E-04  3.36920000E-03  4.31360000E-04
2001-12-12T15:22:38.702 -1.28120000E-04  3.54270000E-03  4.98620000E-04
2001-12-12T15:22:39.702 -1.96330000E-04  3.29180000E-03  5.44270000E-04
2001-12-12T15:22:40.702 -2.84570000E-04  3.25810000E-03  4.04650000E-04
2001-12-12T15:22:41.702 -1.22690000E-04  3.01890000E-03  5.99790000E-04
2001-12-12T15:22:42.702 -1.20050000E-04  2.98980000E-03  5.90760000E-04
2001-12-12T15:22:43.702 -1.58300000E-04  2.98360000E-03  5.38230000E-04
2001-12-12T15:22:44.702 -2.71160000E-04  2.91780000E-03  3.35500000E-04
2001-12-12T15:22:45.702 -5.06320000E-05  2.71820000E-03  6.29730000E-04
2001-12-12T15:22:46.702 -2.18910000E-04  2.85450000E-03  6.22180000E-04
2001-12-12T15:22:47.702 -1.34610000E-04  2.48220000E-03  2.23650000E-04
2001-12-12T15:22:48.702 -2.07640000E-04  2.54400000E-03  7.64620000E-04
2001-12-12T15:22:49.702 -1.22490000E-04  2.39200000E-03  3.49390000E-04
2001-12-12T15:22:50.702 -1.06140000E-04  2.40150000E-03  6.80630000E-04
2001-12-12T15:22:51.702 -1.23310000E-04  2.29360000E-03  2.73400000E-04
2001-12-12T15:22:52.702 -1.30930000E-04  2.20230000E-03  7.65950000E-04
2001-12-12T15:22:53.702 -1.38390000E-04  2.13640000E-03  4.67080000E-04
2001-12-12T15:22:54.702 -9.98710000E-05  2.02200000E-03  3.14850000E-04
2001-12-12T15:22:55.702 -1.06950000E-04  1.79360000E-03  6.37300000E-04
2001-12-12T15:22:56.702 -7.06470000E-05  1.85820000E-03  6.19770000E-04
2001-12-12T15:22:57.702 -9.74450000E-06  1.62080000E-03  3.47770000E-04
2001-12-12T15:22:58.702 -1.07870000E-04  1.60490000E-03  5.93740000E-04
2001-12-12T15:22:59.702 -1.68760000E-04  1.69800000E-03  3.90670000E-04
2001-12-12T15:23:00.702 -2.23040000E-05  1.49220000E-03  5.20350000E-04
2001-12-12T15:23:01.702 -1.24560000E-04  1.33530000E-03  5.89450000E-04
2001-12-12T15:23:02.702 -9.99310000E-05  1.20880000E-03  3.37900000E-04
2001-12-12T15:23:03.702 -2.13390000E-04  1.23890000E-03  8.57260000E-04
2001-12-12T15:23:04.702 -4.28070000E-05  1.22160000E-03  1.86260000E-04
2001-12-12T15:23:05.702  5.38340000E-05  9.86360000E-04  5.26290000E-04
2001-12-12T15:23:06.702 -1.04570000E-04  1.00270000E-03  7.43160000E-04
2001-12-12T15:23:07.702 -7.18150000E-05  1.02270000E-03  2.76880000E-04
2001-12-12T15:23:08.702 -1.32290000E-04  8.58600000E-04  6.13860000E-04
2001-12-12T15:23:09.702 -3.44320000E-05  8.21760000E-04  5.39610000E-04
2001-12-12T15:23:10.702 -4.11890000E-05  8.76680000E-04  3.10700000E-04
2001-12-12T15:23:11.702 -7.01120000E-05  6.76820000E-04  4.38960000E-04
2001-12-12T15:23:12.702 -1.23260000E-04  6.13000000E-04  7.22380000E-04
2001-12-12T15:23:13.702 -5.98240000E-05  6.23930000E-04  3.60630000E-04
2001-12-12T15:23:14.702 -4.53890000E-05  6.04690000E-04  6.17350000E-04
2001-12-12T15:23:15.702  2.63390000E-05  7.19850000E-04  4.40730000E-04
2001-12-12T15:23:16.702 -1.54010000E-04  3.69020000E-04  4.19210000E-04
2001-12-12T15:23:17.702 -5.41300000E-05  5.02320000E-04  6.38530000E-04
2001-12-12T15:23:18.702 -4.20690000E-05  3.96050000E-04  2.76330000E-04
2001-12-12T15:23:19.702 -2.78110000E-05  5.46280000E-04  4.92290000E-04
2001-12-12T15:23:20.702 -2.18340000E-04  3.94320000E-04  5.70860000E-04
2001-12-12T15:23:21.702 -3.06160000E-05  2.87420000E-04  1.67910000E-04
2001-12-12T15:23:22.702 -1.33810000E-04  3.45560000E-04  7.30870000E-04
2001-12-12T15:23:23.702 -2.54520000E-04  2.35870000E-04  2.88750000E-04
2001-12-12T15:23:24.702 -6.96140000E-06  3.34910000E-04  6.27100000E-04
2001-12-12T15:23:25.702 -1.49230000E-04  6.37310000E-05  3.34270000E-04
2001-12-12T15:23:26.702 -6.03790000E-05  2.62000000E-04  3.57070000E-04
2001-12-12T15:23:27.702  4.19670000E-05  2.59480000E-04  7.87300000E-04
2001-12-12T15:23:28.702 -1.07700000E-04  1.24010000E-04  2.60240000E-04
2001-12-12T15:23:29.702 -1.24050000E-04  1.75420000E-04  4.41760000E-04
2001-12-12T15:23:30.702 -2.71510000E-04  1.06590000E-04  4.42510000E-04
2001-12-12T15:23:31.702 -3.38380000E-05 -4.41700000E-06  5.00160000E-04
2001-12-12T15:23:32.702 -2.21230000E-04  3.73840000E-05  5.41710000E-04
2001-12-12T15:23:33.702 -7.19360000E-05  1.48260000E-05  2.14950000E-04
2001-12-12T15:23:34.702 -2.67140000E-05  1.08920000E-04  6.01720000E-04
2001-12-12T15:23:35.702 -2.77130000E-04 -9.87880000E-05  4.05760000E-04
2001-12-12T15:23:36.702  2.33540000E-05  2.35150000E-05  5.20200000E-04
2001-12-12T15:23:37.702 -6.18230000E-05  1.23240000E-04  4.76880000E-04
2001-12-12T15:23:38.702 -1.26340000E-04 -1.32930000E-04  3.89990000E-04
2001-12-12T15:23:39.702 -2.59480000E-06  7.99840000E-05  6.09150000E-04
2001-12-12T15:23:40.702 -2.17880000E-04 -1.19790000E-04  3.39970000E-04
2001-12-12T15:23:41.702 -9.92030000E-05 -2.77530000E-05  5.84080000E-04
2001-12-12T15:23:42.702 -2.16660000E-04 -5.41300000E-05  3.42940000E-04
2001-12-12T15:23:43.702  8.18630000E-05 -1.27990000E-04  3.39280000E-04
2001-12-12T15:23:44.702 -1.65900000E-04 -9.99450000E-05  8.78870000E-04
2001-12-12T15:23:45.702 -4.92900000E-05 -1.03730000E-04  2.89450000E-04
2001-12-12T15:23:46.702 -2.35790000E-04 -2.43300000E-04  3.01730000E-04
2001-12-12T15:23:47.702 -5.54450000E-05 -6.61590000E-05  4.06930000E-04
2001-12-12T15:23:48.702 -1.84410000E-04 -1.60530000E-04  6.27480000E-04
2001-12-12T15:23:49.702  4.66870000E-06 -4.33800000E-05  3.53920000E-04
2001-12-12T15:23:50.702 -2.20150000E-04 -9.12060000E-06  6.52420000E-04
2001-12-12T15:23:51.702 -1.68110000E-04 -2.36090000E-04  3.39050000E-04
2001-12-12T15:23:52.702 -7.72790000E-05 -1.03130000E-04  4.62780000E-04
2001-12-12T15:23:53.702 -2.13650000E-04 -3.09190000E-04  6.03610000E-04
2001-12-12T15:23:54.702  4.10880000E-06 -1.34070000E-05  3.33570000E-04
2001-12-12T15:23:55.702 -2.11510000E-04 -1.99330000E-04  5.12430000E-04
2001-12-12T15:23:56.702  3.01200000E-05  7.19010000E-05  3.37160000E-04
2001-12-12T15:23:57.702 -1.97230000E-04 -1.87730000E-04  5.92170000E-04
2001-12-12T15:23:58.702 -1.47170000E-04 -1.64350000E-04  2.13910000E-04
2001-12-12T15:23:59.702 -1.90890000E-04 -2.59710000E-04  8.37660000E-04
2001-12-12T15:24:00.702 -1.70150000E-04 -1.02320000E-04  2.56900000E-04
2001-12-12T15:24:01.702 -2.03180000E-04 -1.64210000E-04  5.74870000E-04
2001-12-12T15:24:02.702 -1.24890000E-04 -6.41010000E-05  3.81660000E-04
2001-12-12T15:24:03.702 -1.56400000E-06 -2.39160000E-04  2.29060000E-04
2001-12-12T15:24:04.702 -2.04680000E-05 -2.38630000E-04  6.26740000E-04
2001-12-12T15:24:05.702 -6.10660000E-05 -1.70290000E-04  5.55360000E-04
2001-12-12T15:24:06.702 -2.45120000E-04 -2.01020000E-04  5.60030000E-04
2001-12-12T15:24:07.702 -7.56960000E-05 -7.25250000E-05  2.07480000E-04
2001-12-12T15:24:08.702 -1.88860000E-04 -3.23770000E-04  5.87690000E-04
2001-12-12T15:24:09.702 -9.08300000E-05 -9.76480000E-05  4.31220000E-04
2001-12-12T15:24:10.702 -2.40130000E-04 -2.41020000E-04  5.80360000E-04
2001-12-12T15:24:11.702  4.03450000E-05 -1.62020000E-04  4.71280000E-04
2001-12-12T15:24:12.702 -2.58320000E-04 -3.15010000E-04  3.18440000E-04
2001-12-12T15:24:13.702 -1.92680000E-04 -5.59700000E-05  6.96740000E-04
2001-12-12T15:24:14.702 -1.37410000E-04 -3.12850000E-04  1.78550000E-04
2001-12-12T15:24:15.702  5.60560000E-05 -2.33850000E-04  6.60250000E-04
2001-12-12T15:24:16.702 -2.21070000E-04 -1.59610000E-04  3.22690000E-04
2001-12-12T15:24:17.702 -1.27230000E-04 -3.02500000E-04  7.69610000E-04
2001-12-12T15:24:18.702 -3.06440000E-04 -2.99330000E-04  3.54060000E-04
2001-12-12T15:24:19.702 -4.42100000E-05 -7.08390000E-05  4.97990000E-04
2001-12-12T15:24:20.702 -1.27230000E-04 -4.14040000E-04  4.45880000E-04
2001-12-12T15:24:21.702 -9.93230000E-05 -2.67000000E-04  3.33460000E-04
2001-12-12T15:24:22.702 -2.58010000E-04 -3.01940000E-04  5.78970000E-04
2001-12-12T15:24:23.702 -1.46050000E-04 -1.69840000E-05  6.45290000E-04
2001-12-12T15:24:24.702 -2.99830000E-04 -2.80780000E-04  2.61400000E-04
2001-12-12T15:24:25.702 -4.68840000E-05 -8.62530000E-05  3.45910000E-04
2001-12-12T15:24:26.702 -1.30360000E-04 -2.88980000E-04  6.37840000E-04
2001-12-12T15:24:27.702 -4.01680000E-05 -1.72490000E-04  2.71370000E-04
2001-12-12T15:24:28.702 -2.22500000E-04 -2.96060000E-04  6.24730000E-04
2001-12-12T15:24:29.702 -5.55230000E-05 -1.19310000E-04  1.78800000E-04
2001-12-12T15:24:30.702 -3.35700000E-04 -2.64210000E-04  7.18640000E-04
2001-12-12T15:24:31.702  8.03430000E-08 -2.55370000E-04  2.12490000E-04
2001-12-12T15:24:32.702 -1.46760000E-04 -2.20160000E-04  5.85920000E-04
2001-12-12T15:24:33.702 -4.53840000E-05 -1.72410000E-04  4.09200000E-04
2001-12-12T15:24:34.702 -2.45480000E-04 -2.09040000E-04  5.25400000E-04
2001-12-12T15:24:35.702 -2.09500000E-04 -1.12600000E-04  2.75920000E-04
2001-12-12T15:24:36.702 -1.50170000E-04 -1.63180000E-04  5.70090000E-04
2001-12-12T15:24:37.702 -1.07210000E-04 -2.95550000E-04  4.60770000E-04
2001-12-12T15:24:38.702 -1.49230000E-04 -1.53850000E-04  3.64510000E-04
2001-12-12T15:24:39.702 -9.20120000E-05 -1.71690000E-04  5.96170000E-04
2001-12-12T15:24:40.702 -1.58230000E-04 -3.28700000E-04  6.01100000E-04
2001-12-12T15:24:41.702 -8.95960000E-05 -2.28780000E-04  4.05680000E-04
2001-12-12T15:24:42.702 -6.81710000E-05 -2.47290000E-04  4.32700000E-04
2001-12-12T15:24:43.702 -1.17820000E-04 -1.55960000E-04  6.00050000E-04
2001-12-12T15:24:44.702 -1.46690000E-04 -2.14490000E-04  3.79590000E-04
2001-12-12T15:24:45.702 -1.90660000E-04 -3.40770000E-04  5.36500000E-04
2001-12-12T15:24:46.702 -1.13200000E-04 -3.03130000E-04  3.60660000E-04
2001-12-12T15:24:47.702 -1.42300000E-04 -9.24160000E-05  4.14140000E-04
2001-12-12T15:24:48.702 -1.14950000E-04 -3.01200000E-04  5.15780000E-04
2001-12-12T15:24:49.702 -1.24150000E-04 -2.82650000E-04  5.85090000E-04
2001-12-12T15:24:50.702 -4.89440000E-05 -1.65230000E-04  3.09820000E-04
2001-12-12T15:24:51.702 -2.04120000E-04 -3.13840000E-04  5.61400000E-04
2001-12-12T15:24:52.702 -9.59670000E-05 -1.22760000E-04  5.08810000E-04
2001-12-12T15:24:53.702 -1.14450000E-04 -3.05790000E-04  2.60510000E-04
2001-12-12T15:24:54.702 -1.81750000E-04 -2.02460000E-04  6.44060000E-04
2001-12-12T15:24:55.702 -2.16140000E-04 -3.39710000E-04  3.31050000E-04
2001-12-12T15:24:56.702  1.28820000E-04 -1.27820000E-04  5.39360000E-04
2001-12-12T15:24:57.702 -3.02800000E-04 -2.26490000E-04  2.79450000E-04
2001-12-12T15:24:58.702  1.94610000E-05 -2.17160000E-04  6.26530000E-04
2001-12-12T15:24:59.702 -2.58580000E-04 -3.34140000E-04  4.05800000E-04
2001-12-12T15:25:00.702 -9.56500000E-05 -2.28160000E-04  4.69720000E-04
2001-12-12T15:25:01.702 -2.52570000E-04 -2.79520000E-04  5.05890000E-04
2001-12-12T15:25:02.702 -1.05500000E-04 -9.56320000E-05  5.67580000E-04
2001-12-12T15:25:03.702 -3.80670000E-04 -2.71520000E-04  5.11780000E-04
2001-12-12T15:25:04.702  1.41060000E-06 -3.02870000E-05  3.16270000E-04
2001-12-12T15:25:05.702 -2.60230000E-04 -3.08050000E-04  6.80650000E-04
2001-12-12T15:25:06.702 -1.56310000E-05 -1.62120000E-04  6.04080000E-05
2001-12-12T15:25:07.702 -2.04770000E-04 -3.45610000E-04  8.10670000E-04
2001-12-12T15:25:08.702 -8.09980000E-05 -1.11300000E-04  5.12500000E-04
2001-12-12T15:25:09.702 -2.35970000E-04 -2.59280000E-04  3.46160000E-04
2001-12-12T15:25:10.702 -8.63090000E-05 -1.50290000E-04  5.96130000E-04
2001-12-12T15:25:11.702 -2.01990000E-04 -3.51420000E-04  6.08100000E-04
2001-12-12T15:25:12.702 -4.75510000E-05 -1.95970000E-04  1.83320000E-04
2001-12-12T15:25:13.702 -2.41210000E-04 -3.33330000E-04  6.70030000E-04
2001-12-12T15:25:14.702 -1.38140000E-04 -2.68600000E-04  5.21150000E-04
2001-12-12T15:25:15.702 -2.61580000E-04 -2.55280000E-04  3.92970000E-04
2001-12-12T15:25:16.702 -1.71970000E-04 -7.83470000E-05  5.35510000E-04
2001-12-12T15:25:17.702 -2.11570000E-04 -2.22230000E-04  6.02050000E-04
2001-12-12T15:25:18.702 -4.55800000E-06 -2.03980000E-04  3.82670000E-04
2001-12-12T15:25:19.702 -2.67590000E-04 -2.11170000E-04  6.39960000E-04
2001-12-12T15:25:20.702 -1.02320000E-04 -1.92550000E-04  1.80570000E-04
2001-12-12T15:25:21.702 -3.06990000E-04 -2.30490000E-04  7.08690000E-04
2001-12-12T15:25:22.702 -3.98320000E-05 -2.55610000E-04  5.92200000E-04
2001-12-12T15:25:23.702 -2.75170000E-04 -2.99580000E-04  2.99690000E-04
2001-12-12T15:25:24.702 -5.99870000E-05 -2.11550000E-04  5.65170000E-04
2001-12-12T15:25:25.702 -1.76180000E-04 -1.69950000E-04  5.16010000E-04
2001-12-12T15:25:26.702 -2.01980000E-05 -3.33550000E-04  3.76790000E-04
2001-12-12T15:25:27.702 -3.58970000E-04 -2.60600000E-04  5.89980000E-04
2001-12-12T15:25:28.702  7.63860000E-05 -2.98480000E-04  4.47090000E-04
2001-12-12T15:25:29.702 -3.83730000E-04 -2.32570000E-04  6.90990000E-04
2001-12-12T15:25:30.702  3.03890000E-05 -1.84300000E-04  2.69530000E-04
2001-12-12T15:25:31.702 -2.08270000E-04 -1.85760000E-04  4.82280000E-04
2001-12-12T15:25:32.702  8.26630000E-05  1.02050000E-04  1.30970000E-05
2001-12-12T15:25:33.702 -1.91610000E-04 -1.92590000E-04  5.18350000E-04
2001-12-12T15:25:34.702 -1.64440000E-04 -1.64300000E-04  2.90800000E-04
2001-12-12T15:25:35.702 -9.08550000E-05 -1.50990000E-04  5.53230000E-04
2001-12-12T15:25:36.702 -8.43070000E-05 -3.97710000E-04  3.86930000E-04
2001-12-12T15:25:37.702 -2.86650000E-04 -2.57100000E-04  5.52730000E-04
2001-12-12T15:25:38.702 -4.77080000E-05 -8.33950000E-05  4.54340000E-04
2001-12-12T15:25:39.702 -2.79900000E-04 -3.12890000E-04  4.61620000E-04
2001-12-12T15:25:40.702 -8.93930000E-05 -1.52090000E-04  6.56390000E-04
2001-12-12T15:25:41.702 -1.85590000E-04 -4.17310000E-04  3.79900000E-04
2001-12-12T15:25:42.702 -1.81660000E-04 -1.27050000E-04  6.72630000E-04
2001-12-12T15:25:43.702 -1.84060000E-04 -3.48470000E-04  3.86630000E-04
2001-12-12T15:25:44.702 -3.28710000E-05 -1.07230000E-04  4.35460000E-04
2001-12-12T15:25:45.702 -1.66580000E-04 -2.21640000E-04  4.94150000E-04
2001-12-12T15:25:46.702  5.86420000E-07 -4.14500000E-04  4.59570000E-04
2001-12-12T15:25:47.702 -2.82540000E-04 -1.93870000E-04  5.36860000E-04
2001-12-12T15:25:48.702 -3.97620000E-05 -2.16120000E-04  5.21400000E-04
2001-12-12T15:25:49.702 -3.17540000E-04 -2.45270000E-04  4.64020000E-04
2001-12-12T15:25:50.702 -5.68620000E-05 -1.11240000E-04  6.38890000E-04
2001-12-12T15:25:51.702 -2.29130000E-04 -2.71980000E-04  5.67520000E-04
2001-12-12T15:25:52.702 -3.63680000E-05 -3.37370000E-04  4.22800000E-04
2001-12-12T15:25:53.702 -2.92460000E-04 -6.02960000E-05  5.99340000E-04
2001-12-12T15:25:54.702  3.81820000E-05 -2.13930000E-04  2.30360000E-04
2001-12-12T15:25:55.702 -2.42770000E-04 -3.08720000E-04  5.41250000E-04
2001-12-12T15:25:56.702 -1.41160000E-04 -2.42250000E-04  3.90880000E-04
2001-12-12T15:25:57.702 -3.01630000E-04 -3.94160000E-04  6.03330000E-04
2001-12-12T15:25:58.702 -4.07330000E-05 -1.62450000E-04  6.32060000E-04
2001-12-12T15:25:59.702 -2.18740000E-04 -2.83280000E-04  3.84500000E-04
2001-12-12T15:26:00.702 -9.81310000E-05 -1.15010000E-04  5.78850000E-04
2001-12-12T15:26:01.702 -2.74060000E-04 -2.41690000E-04  5.42870000E-04
2001-12-12T15:26:02.702 -5.36590000E-05 -7.92030000E-05  3.59490000E-04
2001-12-12T15:26:03.702 -2.01940000E-04 -2.74970000E-04  6.08060000E-04
2001-12-12T15:26:04.702 -5.25280000E-05 -1.73800000E-04  5.07130000E-04
2001-12-12T15:26:05.702 -3.75740000E-04 -2.25010000E-04  4.27390000E-04
2001-12-12T15:26:06.702 -2.55910000E-05 -1.83100000E-04  6.16190000E-04
2001-12-12T15:26:07.702 -1.04010000E-04 -1.31820000E-04  3.42440000E-04
2001-12-12T15:26:08.702 -1.12120000E-04 -2.41460000E-04  6.34710000E-04
2001-12-12T15:26:09.702 -1.37500000E-04 -2.87850000E-04  5.76880000E-04
2001-12-12T15:26:10.702 -1.99680000E-04 -1.95360000E-04  2.25470000E-04
2001-12-12T15:26:11.702 -2.56760000E-04 -2.95720000E-04  4.99150000E-04
2001-12-12T15:26:12.702 -1.73290000E-04 -1.86860000E-04  4.39190000E-04
2001-12-12T15:26:13.702 -1.97660000E-04 -1.90920000E-04  5.63560000E-04
2001-12-12T15:26:14.702  2.29050000E-05 -2.05250000E-04  5.59490000E-04
2001-12-12T15:26:15.702 -2.32590000E-04 -2.92100000E-04  4.51590000E-04
2001-12-12T15:26:16.702 -2.65340000E-04 -1.56970000E-04  5.18690000E-04
2001-12-12T15:26:17.702 -1.13510000E-04 -2.96010000E-04  4.93940000E-04
2001-12-12T15:26:18.702 -1.84720000E-04 -1.23820000E-04  4.17380000E-04
2001-12-12T15:26:19.702 -1.97210000E-04 -2.80760000E-04  5.88460000E-04
2001-12-12T15:26:20.702 -5.32450000E-05 -1.41520000E-04  6.33620000E-04
2001-12-12T15:26:21.702 -2.17040000E-04 -2.96330000E-04  3.18230000E-04
2001-12-12T15:26:22.702 -1.06020000E-04 -2.91850000E-04  5.27030000E-04
2001-12-12T15:26:23.702 -3.58620000E-04 -1.08710000E-04  6.60680000E-04
2001-12-12T15:26:24.702 -1.51680000E-05 -1.73610000E-04  3.77430000E-04
2001-12-12T15:26:25.702 -2.99440000E-04 -2.95650000E-04  4.05980000E-04
2001-12-12T15:26:26.702 -1.07280000E-04 -2.94290000E-04  6.46010000E-04
2001-12-12T15:27:35.901 -1.83520000E-04 -1.07940000E-04  3.64650000E-04
2001-12-12T15:27:36.901 -1.61050000E-04 -2.48770000E-04  6.05580000E-04
2001-12-12T15:27:37.901 -1.98320000E-04 -1.97520000E-04  3.27880000E-04
2001-12-12T15:27:38.901 -4.05220000E-04 -2.09450000E-04  4.50120000E-04
2001-12-12T15:27:39.901 -2.04620000E-05 -2.83580000E-04  5.94380000E-04
2001-12-12T15:27:40.901 -6.03870000E-05 -1.13090000E-04  6.08030000E-04
2001-12-12T15:27:41.901 -1.91560000E-04 -1.89440000E-04  4.69400000E-04
2001-12-12T15:27:42.901  4.62990000E-05 -6.62420000E-05  5.52520000E-04
2001-12-12T15:27:43.901 -2.38350000E-04 -2.40200000E-04  4.89990000E-04
2001-12-12T15:27:44.901 -3.17370000E-05  3.61370000E-05  6.10070000E-04
2001-12-12T15:27:45.901 -1.07340000E-04 -1.61360000E-04  4.35100000E-04
2001-12-12T15:27:46.901 -8.36270000E-05 -1.50010000E-04  5.92350000E-04
2001-12-12T15:27:47.901 -1.17400000E-04 -1.97710000E-04  5.93300000E-04
2001-12-12T15:27:48.901 -5.76070000E-05 -1.84000000E-04  5.35020000E-04
2001-12-12T15:27:49.901 -1.04120000E-04 -1.57870000E-04  4.81760000E-04
2001-12-12T15:27:50.901  8.51000000E-05  5.52910000E-05  5.24400000E-04
2001-12-12T15:27:51.901 -1.00900000E-04 -3.06630000E-04  6.50510000E-04
2001-12-12T15:27:52.901 -1.44270000E-04 -8.63240000E-05  4.44270000E-04
2001-12-12T15:27:53.901  1.43960000E-04 -1.86480000E-04  4.69290000E-04
2001-12-12T15:27:54.901 -2.16790000E-04 -1.71730000E-04  8.91950000E-04
2001-12-12T15:27:55.901 -1.35370000E-04 -9.77650000E-05  5.11250000E-04
2001-12-12T15:27:56.901 -9.24440000E-05 -1.67740000E-04  7.65600000E-04
2001-12-12T15:27:57.901  2.31280000E-05 -2.17200000E-04  3.87810000E-04
2001-12-12T15:27:58.901 -2.40430000E-04 -2.18580000E-04  5.34420000E-04
2001-12-12T15:27:59.901 -2.86760000E-05 -1.62430000E-04  6.93000000E-04
2001-12-12T15:28:00.901 -6.72950000E-05 -6.06940000E-05  5.07890000E-04
2001-12-12T15:28:01.901 -5.23490000E-05 -1.31560000E-04  5.18400000E-04
2001-12-12T15:28:02.901 -2.17670000E-04 -2.05240000E-04  4.53730000E-04
2001-12-12T15:28:03.901 -1.71860000E-04 -5.54460000E-05  4.55680000E-04
2001-12-12T15:28:04.901 -1.34450000E-04 -1.71590000E-04  5.52700000E-04
