2001-12-19T17:17:11.538 -1.78110000E-05 -8.75540000E-05  6.36430000E-04
2001-12-19T17:17:12.538 -2.42110000E-04 -3.55080000E-04  2.25770000E-04
2001-12-19T17:17:13.538  8.30820000E-05 -1.84780000E-04  3.40060000E-04
2001-12-19T17:17:14.538 -2.01180000E-04 -2.53890000E-04  3.63310000E-04
2001-12-19T17:17:15.538  1.65280000E-05 -1.90590000E-04  7.34210000E-04
2001-12-19T17:17:16.538 -2.85720000E-04 -2.96280000E-04  4.91000000E-04
2001-12-19T17:17:17.538  1.19790000E-05 -1.61690000E-04  3.47170000E-04
2001-12-19T17:17:18.538 -1.91630000E-04 -3.44660000E-04  2.96300000E-04
2001-12-19T17:17:19.538 -4.22970000E-05 -1.50430000E-04  7.45770000E-04
2001-12-19T17:17:20.538 -2.03120000E-04 -4.91640000E-04  3.74000000E-04
2001-12-19T17:17:21.538 -7.87020000E-05 -9.82480000E-05  4.07060000E-04
2001-12-19T17:17:22.538 -2.66070000E-04 -2.78450000E-04  3.44810000E-04
2001-12-19T17:17:23.538  4.20810000E-05 -2.25260000E-04  4.80340000E-04
2001-12-19T17:17:24.538 -1.80300000E-04 -2.87570000E-04  6.78740000E-04
2001-12-19T17:17:25.538 -4.09070000E-05 -2.47760000E-04  3.28650000E-04
2001-12-19T17:17:26.538 -2.10100000E-04 -2.60100000E-04  2.93330000E-04
2001-12-19T17:17:27.538 -6.10410000E-05 -2.36880000E-04  2.70760000E-04
2001-12-19T17:17:28.538 -1.23180000E-04 -2.94930000E-04  6.87510000E-04
2001-12-19T17:17:29.538  8.91260000E-05 -1.41920000E-04  4.47690000E-04
2001-12-19T17:17:30.538 -2.05080000E-04 -2.79310000E-04  2.57920000E-04
2001-12-19T17:17:31.538 -9.05010000E-05 -2.63320000E-04  5.42750000E-04
2001-12-19T17:17:32.538 -2.38650000E-04 -1.48030000E-04  6.73670000E-04
2001-12-19T17:17:33.538 -2.56270000E-06 -2.49550000E-04  4.42920000E-04
2001-12-19T17:17:34.538 -1.91540000E-04 -2.59590000E-04  3.63270000E-04
2001-12-19T17:17:35.538 -1.03130000E-04 -3.02060000E-04  2.08500000E-04
2001-12-19T17:17:36.538 -1.33740000E-04 -2.97960000E-04  4.37560000E-04
2001-12-19T17:17:37.538 -2.98570000E-05 -1.93840000E-04  7.12600000E-04
2001-12-19T17:17:38.538 -2.92070000E-04 -1.02270000E-04  3.67430000E-04
2001-12-19T17:17:39.538 -7.10960000E-05 -2.60000000E-04  2.88140000E-04
2001-12-19T17:17:40.538 -1.47930000E-04 -3.38960000E-04  3.79670000E-04
2001-12-19T17:17:41.538  8.35640000E-05 -8.47540000E-05  4.25850000E-04
2001-12-19T17:17:42.538 -2.53220000E-04 -3.61070000E-04  7.01730000E-04
2001-12-19T17:17:43.538 -3.58150000E-05 -1.21630000E-04  2.07320000E-04
2001-12-19T17:17:44.538 -2.05960000E-04 -2.57320000E-04  7.70720000E-04
2001-12-19T17:17:45.538  6.41290000E-05 -1.19790000E-04  4.99000000E-04
2001-12-19T17:17:46.538 -1.56260000E-05 -2.55770000E-04  5.13770000E-04
2001-12-19T17:17:47.538  7.14370000E-07 -2.34920000E-04  4.00730000E-04
2001-12-19T17:17:48.538 -2.85000000E-04 -3.62380000E-04  2.31250000E-04
2001-12-19T17:17:49.538 -1.47370000E-04 -1.71080000E-04  4.13460000E-04
2001-12-19T17:17:50.538 -1.45620000E-04 -2.52800000E-04  6.67260000E-04
2001-12-19T17:17:51.538 -4.30260000E-05 -2.04080000E-04  5.02580000E-04
2001-12-19T17:17:52.538 -1.32580000E-04 -2.90700000E-04  3.17820000E-04
2001-12-19T17:17:53.538 -6.25040000E-05 -9.88430000E-05  2.27770000E-04
2001-12-19T17:17:54.538 -3.04700000E-04 -2.38450000E-04  4.45880000E-04
2001-12-19T17:17:55.538 -2.88060000E-05 -3.25860000E-04  3.30140000E-04
2001-12-19T17:17:56.538 -2.08670000E-04 -2.11840000E-04  5.62120000E-04
2001-12-19T17:17:57.538 -2.26440000E-05 -1.01090000E-04  5.55890000E-04
2001-12-19T17:17:58.538 -2.92650000E-04 -3.20750000E-04  5.15900000E-04
2001-12-19T17:17:59.538  4.17770000E-05 -8.14300000E-05  4.56920000E-04
2001-12-19T17:18:00.538 -1.63570000E-04 -2.42960000E-04  3.03640000E-04
2001-12-19T17:18:01.538 -9.95680000E-06 -2.43400000E-04  5.67950000E-04
2001-12-19T17:18:02.538 -1.89980000E-04 -4.55590000E-04  1.94700000E-04
2001-12-19T17:18:03.538 -7.42880000E-05 -1.09330000E-04  4.24360000E-04
2001-12-19T17:18:04.538 -1.65010000E-04 -2.36390000E-04  3.23220000E-04
2001-12-19T17:18:05.538  3.93670000E-05 -1.42170000E-04  4.45670000E-04
2001-12-19T17:18:06.538 -2.32920000E-04 -2.88770000E-04  5.42700000E-04
2001-12-19T17:18:07.538  6.66680000E-05 -2.94480000E-04  3.50750000E-04
2001-12-19T17:18:08.538 -2.54300000E-04 -2.28870000E-04  7.39310000E-04
2001-12-19T17:18:09.538 -1.91670000E-05 -1.47980000E-04  5.03940000E-04
2001-12-19T17:18:10.538 -2.53040000E-04 -1.97880000E-04  2.96510000E-04
2001-12-19T17:18:11.538 -3.97590000E-05 -1.80010000E-04  2.77400000E-04
2001-12-19T17:18:12.538 -1.57370000E-04 -3.79230000E-04  4.08350000E-04
2001-12-19T17:18:13.538  6.47680000E-05 -8.21430000E-05  2.46720000E-04
2001-12-19T17:18:14.538 -1.41350000E-04 -2.34080000E-04  5.29430000E-04
2001-12-19T17:18:15.538 -5.97940000E-05 -2.43030000E-04  6.49520000E-04
2001-12-19T17:18:16.538 -1.67390000E-04 -3.01330000E-04  3.98570000E-04
2001-12-19T17:18:17.538 -7.81750000E-05 -2.45840000E-04  4.37260000E-04
2001-12-19T17:18:18.538 -8.42620000E-05 -3.36800000E-04  3.47730000E-04
2001-12-19T17:18:19.538  3.21900000E-05 -4.82310000E-05  1.64030000E-04
2001-12-19T17:18:20.538 -3.11190000E-04 -2.78600000E-04  8.63860000E-04
2001-12-19T17:18:21.538  1.64600000E-05 -2.13920000E-04  3.84080000E-04
2001-12-19T17:18:22.538 -2.48120000E-04 -3.62020000E-04  2.21280000E-04
2001-12-19T17:18:23.538  1.05020000E-04 -1.19850000E-04  4.40820000E-04
2001-12-19T17:18:24.538 -2.59880000E-04 -3.22310000E-04  3.56100000E-04
2001-12-19T17:18:25.538 -1.55120000E-04 -9.23100000E-05  4.14960000E-04
2001-12-19T17:18:26.538 -2.97420000E-04 -4.47700000E-04  3.86480000E-04
2001-12-19T17:18:27.538 -6.58770000E-05 -1.50640000E-04  5.14710000E-04
2001-12-19T17:18:28.538 -1.14000000E-04 -2.63710000E-04  6.67870000E-04
2001-12-19T17:18:29.538  2.13960000E-05 -1.91340000E-04  4.24700000E-04
2001-12-19T17:18:30.538 -1.63610000E-04 -2.18810000E-04  3.90220000E-04
2001-12-19T17:18:31.538 -4.08130000E-05 -1.36430000E-04  4.52080000E-04
2001-12-19T17:18:32.538 -2.28030000E-04 -4.13430000E-04  3.75580000E-04
2001-12-19T17:18:33.538  5.14100000E-06 -1.45390000E-04  5.06080000E-04
2001-12-19T17:18:34.538 -1.30440000E-04 -2.92160000E-04  1.22780000E-04
2001-12-19T17:18:35.538 -1.36490000E-04 -2.53080000E-04  6.80770000E-04
2001-12-19T17:18:36.538 -1.43810000E-04 -3.33890000E-04  4.75280000E-04
2001-12-19T17:18:37.538  5.82750000E-05 -1.76490000E-04  4.72710000E-04
2001-12-19T17:18:38.538 -1.83640000E-04 -3.10630000E-04  3.08290000E-04
2001-12-19T17:18:39.538 -6.37430000E-05 -1.68480000E-04  5.19980000E-04
2001-12-19T17:18:40.538 -1.11060000E-04 -3.39430000E-04  6.08410000E-04
2001-12-19T17:18:41.538 -1.01500000E-04 -8.00920000E-05  4.34270000E-04
2001-12-19T17:18:42.538 -1.50470000E-04 -3.97620000E-04  3.01400000E-04
2001-12-19T17:18:43.538 -5.90730000E-05 -9.15400000E-05  3.58020000E-04
2001-12-19T17:18:44.538 -1.49300000E-04 -2.60130000E-04  4.85810000E-04
2001-12-19T17:18:45.538 -6.25930000E-05 -2.99620000E-04  4.77130000E-04
2001-12-19T17:18:46.538 -1.21470000E-04 -2.72510000E-04  2.79350000E-04
2001-12-19T17:18:47.538 -1.60750000E-04 -4.48190000E-05  3.38900000E-04
2001-12-19T17:18:48.538 -1.13550000E-04 -3.67630000E-04  5.16570000E-04
2001-12-19T17:18:49.538 -1.40670000E-04 -2.59620000E-04  7.13930000E-04
2001-12-19T17:18:50.538 -3.37590000E-05 -2.75550000E-04  4.55140000E-04
2001-12-19T17:18:51.538 -3.92920000E-05 -1.65050000E-04  3.12030000E-04
2001-12-19T17:18:52.538 -1.03540000E-04 -1.22960000E-04  1.58700000E-04
2001-12-19T17:18:53.538  4.30770000E-05 -3.30390000E-04  2.42450000E-04
2001-12-19T17:18:54.538 -1.52980000E-04 -2.29860000E-04  4.78280000E-04
2001-12-19T17:18:55.538  1.73590000E-05 -3.19670000E-04  5.85180000E-04
2001-12-19T17:18:56.538 -5.22560000E-05 -2.33840000E-04  3.72370000E-04
2001-12-19T17:18:57.538 -9.20330000E-05 -2.05520000E-04  4.56880000E-04
2001-12-19T17:18:58.538 -5.28690000E-05 -2.92080000E-04  3.53580000E-04
2001-12-19T17:18:59.538 -1.04020000E-04 -1.83480000E-04  5.46540000E-04
2001-12-19T17:19:00.538 -9.44650000E-05 -2.18360000E-04  7.53590000E-04
2001-12-19T17:19:01.538 -1.50010000E-04 -2.48860000E-04  4.57190000E-04
2001-12-19T17:19:02.538 -1.27470000E-04 -3.63870000E-04  3.28380000E-04
2001-12-19T17:19:03.538 -1.16060000E-04 -1.77840000E-04  2.68730000E-04
2001-12-19T17:19:04.538 -1.53240000E-05 -2.58050000E-04  3.97060000E-04
2001-12-19T17:19:05.538 -1.66310000E-04 -1.63440000E-04  4.42160000E-04
2001-12-19T17:19:06.538 -6.63910000E-05 -1.61000000E-04  2.69990000E-04
2001-12-19T17:19:07.538 -5.23280000E-05 -2.90970000E-04  4.45450000E-04
2001-12-19T17:19:08.538 -8.74910000E-05 -1.81930000E-04  3.95860000E-04
2001-12-19T17:19:09.538 -1.10270000E-04 -2.87900000E-04  3.46330000E-04
2001-12-19T17:19:10.538 -1.27000000E-04 -2.51040000E-04  3.89310000E-04
2001-12-19T17:19:11.538 -1.14770000E-04 -2.52680000E-04  4.06570000E-04
2001-12-19T17:19:12.538 -1.14740000E-04 -1.45960000E-04  7.16750000E-04
2001-12-19T17:19:13.538 -5.26580000E-05 -3.42670000E-04  5.84030000E-04
2001-12-19T17:19:14.538 -6.69330000E-05 -2.25950000E-04  5.06470000E-04
2001-12-19T17:19:15.538 -1.49360000E-04 -2.26120000E-04  2.67410000E-04
2001-12-19T17:19:16.538 -8.07690000E-05 -2.23860000E-04  2.56540000E-04
2001-12-19T17:19:17.538 -2.18680000E-04 -3.07840000E-04  4.19900000E-04
2001-12-19T17:19:18.538 -1.66880000E-04 -1.50700000E-04  3.02850000E-04
2001-12-19T17:19:19.538 -8.63310000E-05 -2.67910000E-04  6.08250000E-04
2001-12-19T17:19:20.538 -2.73820000E-05 -3.45020000E-04  5.47760000E-04
2001-12-19T17:19:21.538 -1.47460000E-04 -2.09110000E-04  3.38930000E-04
2001-12-19T17:19:22.538 -3.35620000E-05 -2.00350000E-04  2.85670000E-04
2001-12-19T17:19:23.538 -1.16300000E-04 -2.27430000E-04  3.86230000E-04
2001-12-19T17:19:24.538 -2.23290000E-04 -9.99890000E-05  3.94210000E-04
2001-12-19T17:19:25.538 -2.18110000E-04 -2.77100000E-04  7.32380000E-04
2001-12-19T17:19:26.538  1.49820000E-05 -2.36760000E-04  4.00660000E-04
2001-12-19T17:19:27.538 -1.39660000E-04 -3.84480000E-04  5.21970000E-04
2001-12-19T17:19:28.538 -8.81490000E-05  5.75600000E-06  3.52830000E-04
2001-12-19T17:19:29.538 -2.07440000E-04 -3.13790000E-04  3.11420000E-04
2001-12-19T17:19:30.538 -3.28720000E-05 -2.17500000E-04  3.11270000E-04
2001-12-19T17:19:31.538 -2.20820000E-05 -2.50360000E-04  5.13800000E-04
2001-12-19T17:19:32.538 -5.93570000E-05 -2.22410000E-04  4.57490000E-04
2001-12-19T17:19:33.538 -2.53700000E-04 -2.06130000E-04  5.39740000E-04
2001-12-19T17:19:34.538 -5.40690000E-05 -2.64060000E-04  4.60500000E-04
2001-12-19T17:19:35.538 -1.43490000E-04 -3.73560000E-04  4.06020000E-04
2001-12-19T17:19:36.538 -1.21020000E-04 -2.39900000E-04  3.08700000E-04
2001-12-19T17:19:37.538  1.83620000E-05 -2.22760000E-04  2.80160000E-04
2001-12-19T17:19:38.538 -1.05460000E-04 -2.01700000E-04  3.71860000E-04
2001-12-19T17:19:39.538 -1.34260000E-04 -1.91120000E-04  2.95180000E-04
2001-12-19T17:19:40.538  8.50480000E-05 -1.81630000E-04  4.67310000E-04
2001-12-19T17:19:41.538 -3.01380000E-04 -3.67460000E-04  5.92020000E-04
2001-12-19T17:19:42.538  5.51580000E-05 -2.98230000E-04  3.63610000E-04
2001-12-19T17:19:43.538 -2.74520000E-04 -2.50770000E-04  5.07490000E-04
2001-12-19T17:19:44.538 -1.00330000E-04 -9.40350000E-05  4.99030000E-04
2001-12-19T17:19:45.538 -1.16420000E-04 -3.33510000E-04  1.56620000E-04
2001-12-19T17:19:46.538 -2.62690000E-05 -3.29790000E-04  3.76820000E-04
2001-12-19T17:19:47.538 -1.44930000E-04 -2.72900000E-04  4.13500000E-04
2001-12-19T17:19:48.538 -8.39660000E-05 -1.88700000E-04  3.67980000E-04
2001-12-19T17:19:49.538 -1.02720000E-04 -9.93390000E-05  3.25100000E-04
2001-12-19T17:19:50.538  1.94170000E-05 -1.87990000E-04  3.93840000E-04
2001-12-19T17:19:51.538 -1.52500000E-04 -2.87780000E-04  3.45780000E-04
2001-12-19T17:19:52.538 -6.45330000E-05 -1.62050000E-04  4.55220000E-04
2001-12-19T17:19:53.538 -2.14130000E-04 -2.83620000E-04  4.59020000E-04
2001-12-19T17:19:54.538  6.96660000E-05 -1.99850000E-04  6.18750000E-04
2001-12-19T17:19:55.538 -2.59110000E-04 -1.72280000E-04  2.13700000E-04
2001-12-19T17:19:56.538 -4.78540000E-05 -2.15520000E-04  3.82880000E-04
2001-12-19T17:19:57.538 -2.39840000E-04 -2.64090000E-04  5.24650000E-04
2001-12-19T17:19:58.538  7.21340000E-07 -2.70430000E-04  1.87650000E-04
2001-12-19T17:19:59.538 -3.07150000E-04 -2.73770000E-04  7.21510000E-04
2001-12-19T17:20:00.538  5.54930000E-05 -2.04730000E-04  3.19880000E-04
2001-12-19T17:20:01.538 -3.20760000E-04 -1.76520000E-04  4.85080000E-04
2001-12-19T17:20:02.538 -1.01830000E-04 -2.57160000E-04  8.51540000E-04
2001-12-19T17:20:03.538  5.53430000E-05 -3.38320000E-04  3.87720000E-04
2001-12-19T17:20:04.538 -1.44960000E-04 -1.05510000E-04  4.43530000E-04
2001-12-19T17:20:05.538 -1.45860000E-04 -2.77200000E-04  3.02060000E-04
2001-12-19T17:20:06.538 -1.32850000E-04 -2.36120000E-04  3.33610000E-04
2001-12-19T17:20:07.538 -1.59830000E-04 -3.63540000E-04  3.75220000E-04
2001-12-19T17:20:08.538  1.97900000E-05 -7.55740000E-05  5.54910000E-04
2001-12-19T17:20:09.538 -1.89420000E-04 -2.25960000E-04  4.97280000E-04
2001-12-19T17:20:10.538 -1.90380000E-04 -1.95400000E-04  4.94250000E-04
2001-12-19T17:20:11.538 -1.94530000E-04 -2.72500000E-04  5.44770000E-04
2001-12-19T17:20:12.538 -1.68980000E-05 -1.03920000E-05  3.55510000E-04
2001-12-19T17:20:13.538 -2.39520000E-04 -4.00580000E-04  4.10270000E-04
2001-12-19T17:20:14.538  3.96370000E-05 -1.12960000E-04  2.77730000E-04
2001-12-19T17:20:15.538 -2.58040000E-04 -3.81540000E-04  6.45280000E-04
2001-12-19T17:20:16.538  2.83080000E-05 -1.60360000E-04  4.93930000E-04
2001-12-19T17:20:17.538 -1.31800000E-04 -2.92290000E-04  3.99900000E-04
2001-12-19T17:20:18.538  2.81930000E-05 -3.75160000E-05  3.53050000E-04
2001-12-19T17:20:19.538 -2.15680000E-04 -4.23030000E-04  4.58360000E-04
2001-12-19T17:20:20.538  5.54570000E-05 -8.54380000E-05  3.75530000E-04
2001-12-19T17:20:21.538 -3.10990000E-04 -3.68920000E-04  3.98550000E-04
2001-12-19T17:20:22.538  4.65950000E-05 -2.35090000E-04  1.58790000E-04
2001-12-19T17:20:23.538 -8.30800000E-05 -3.37520000E-04  2.73180000E-04
2001-12-19T17:20:24.538  9.14020000E-05 -5.11510000E-05  5.26690000E-04
2001-12-19T17:20:25.538 -1.80130000E-04 -3.35870000E-04  5.19880000E-04
2001-12-19T17:20:26.538  1.02150000E-04 -6.24040000E-05  4.17460000E-04
2001-12-19T17:20:27.538 -3.03490000E-04 -2.24250000E-04  3.14090000E-04
2001-12-19T17:20:28.538 -4.60510000E-05 -1.53160000E-04  3.48200000E-04
2001-12-19T17:20:29.538  8.40510000E-06 -3.98130000E-04  4.39190000E-04
2001-12-19T17:20:30.538 -1.76920000E-04 -9.08510000E-05  4.12050000E-04
2001-12-19T17:20:31.538 -1.08820000E-04 -2.90880000E-04  7.07010000E-04
2001-12-19T17:20:32.538 -2.13630000E-04 -2.13630000E-04  4.54460000E-04
2001-12-19T17:20:33.538 -1.17200000E-04 -1.06960000E-04  4.62970000E-04
2001-12-19T17:20:34.538 -9.73870000E-05 -2.34030000E-04  3.30420000E-04
2001-12-19T17:20:35.538 -1.51530000E-04 -1.27420000E-04  3.84090000E-04
2001-12-19T17:20:36.538 -1.44070000E-04 -1.94470000E-04  3.20830000E-04
2001-12-19T17:20:37.538 -2.15410000E-04 -3.17790000E-04  3.99560000E-04
2001-12-19T17:20:38.538 -1.12960000E-04 -1.27090000E-04  5.05130000E-04
2001-12-19T17:20:39.538 -2.35510000E-04 -2.56080000E-04  3.81550000E-04
2001-12-19T17:20:40.538 -1.00990000E-05 -1.85440000E-04  7.69730000E-04
2001-12-19T17:20:41.538 -1.00610000E-04 -3.11020000E-04  5.72200000E-04
2001-12-19T17:20:42.538 -6.29370000E-05 -1.74070000E-04  3.48290000E-04
2001-12-19T17:20:43.538 -9.49060000E-05 -2.34180000E-04  4.04960000E-04
2001-12-19T17:20:44.538 -1.62380000E-04 -2.33380000E-04  3.68380000E-04
2001-12-19T17:20:45.538 -7.62370000E-05 -2.97930000E-04  3.86830000E-04
2001-12-19T17:20:46.538 -6.01170000E-05 -1.67450000E-04  8.11380000E-04
2001-12-19T17:20:47.538  7.44310000E-06 -2.24340000E-04  3.75090000E-04
2001-12-19T17:20:48.538 -1.15370000E-04 -1.98140000E-04  3.55340000E-04
2001-12-19T17:20:49.538 -1.01790000E-04 -1.97520000E-04  6.10540000E-04
2001-12-19T17:20:50.538 -5.71470000E-05 -2.81210000E-04  1.45010000E-04
2001-12-19T17:20:51.538 -7.00420000E-05 -1.22530000E-04  4.46940000E-04
2001-12-19T17:20:52.538 -7.15710000E-05 -2.41150000E-04  3.86780000E-04
2001-12-19T17:20:53.538 -1.87340000E-04 -3.88720000E-04  4.71760000E-04
2001-12-19T17:20:54.538 -7.03310000E-05 -1.91220000E-04  6.96230000E-04
2001-12-19T17:20:55.538 -9.49490000E-05 -2.96770000E-04  3.65080000E-04
2001-12-19T17:20:56.538 -1.29900000E-04 -1.88760000E-04  3.79500000E-04
2001-12-19T17:20:57.538 -8.55580000E-05 -2.01480000E-04  2.79890000E-04
2001-12-19T17:20:58.538 -1.65700000E-04 -2.82890000E-04  2.87100000E-04
2001-12-19T17:20:59.538 -1.38550000E-04 -1.41150000E-04  6.76950000E-04
2001-12-19T17:21:00.538 -9.45260000E-05 -2.47580000E-04  4.05720000E-04
2001-12-19T17:21:01.538 -1.49510000E-04 -1.43390000E-04  1.06220000E-04
2001-12-19T17:21:02.538 -1.90160000E-04 -2.07550000E-04  6.60670000E-04
2001-12-19T17:21:03.538  5.03940000E-05 -1.77330000E-04  5.17930000E-04
2001-12-19T17:21:04.538 -1.76670000E-04 -3.03800000E-04  2.93190000E-04
2001-12-19T17:21:05.538 -9.25770000E-05 -2.03900000E-04  4.23750000E-04
2001-12-19T17:21:06.538  5.72360000E-06 -3.82460000E-04  3.60880000E-04
2001-12-19T17:21:07.538 -1.27750000E-04 -1.65010000E-04  2.62000000E-04
2001-12-19T17:21:08.538 -1.12780000E-04 -2.31240000E-04  6.36210000E-04
2001-12-19T17:21:09.538  3.58170000E-05 -2.40920000E-05  5.72130000E-04
2001-12-19T17:21:10.538 -2.30180000E-04 -2.31350000E-04  4.62840000E-04
2001-12-19T17:21:11.538 -1.29710000E-04 -2.41250000E-04  3.06480000E-04
2001-12-19T17:21:12.538 -2.56480000E-04 -3.44000000E-04  3.62880000E-04
2001-12-19T17:21:13.538  4.01160000E-05 -6.90060000E-05  4.30570000E-04
2001-12-19T17:21:14.538 -1.45750000E-04 -2.31190000E-04  3.38180000E-04
2001-12-19T17:21:15.538  1.09500000E-04 -1.73780000E-04  3.97910000E-04
2001-12-19T17:21:16.538 -1.82710000E-04 -2.85310000E-04  5.77850000E-04
2001-12-19T17:21:17.538 -6.22230000E-06 -2.22640000E-04  2.80280000E-04
2001-12-19T17:21:18.538 -1.15060000E-04 -2.24360000E-04  3.62130000E-04
2001-12-19T17:21:19.538 -6.64470000E-05 -8.56090000E-05  2.67690000E-04
2001-12-19T17:21:20.538 -1.04750000E-04 -3.44020000E-04  3.38800000E-04
2001-12-19T17:21:21.538 -7.63240000E-05 -1.10170000E-04  4.62030000E-04
2001-12-19T17:21:22.538 -1.28120000E-04 -2.02630000E-04  5.70760000E-04
2001-12-19T17:21:23.538  3.21280000E-05 -9.06450000E-05  5.16460000E-04
2001-12-19T17:21:24.538 -1.37970000E-04 -3.06820000E-04  2.82470000E-04
2001-12-19T17:21:25.538 -1.14280000E-04 -1.88570000E-04  3.99000000E-04
2001-12-19T17:21:26.538 -3.00350000E-04 -3.10440000E-04  4.97110000E-04
2001-12-19T17:21:27.538 -7.51790000E-06 -9.69550000E-05  7.32770000E-04
2001-12-19T17:21:28.538 -3.05460000E-05 -3.12170000E-04  4.86770000E-04
2001-12-19T17:21:29.538 -3.88960000E-05 -2.23810000E-04  4.02420000E-04
2001-12-19T17:21:30.538 -2.03700000E-04 -2.37570000E-04  4.17530000E-04
2001-12-19T17:21:31.538  5.55880000E-06 -1.09230000E-04  3.47920000E-04
2001-12-19T17:21:32.538 -2.39050000E-04 -2.46170000E-04  3.44670000E-04
2001-12-19T17:21:33.538 -1.17830000E-04 -1.99440000E-04  4.24630000E-04
2001-12-19T17:21:34.538 -1.11760000E-04 -2.51520000E-04  2.31100000E-04
2001-12-19T17:21:35.538 -2.38510000E-06 -9.26290000E-05  7.16930000E-04
2001-12-19T17:21:36.538 -1.10680000E-04 -1.50380000E-04  4.21550000E-04
2001-12-19T17:21:37.538 -9.50500000E-05 -1.77900000E-04  5.26910000E-04
2001-12-19T17:21:38.538 -1.38810000E-04 -1.18060000E-05  6.04590000E-04
2001-12-19T17:21:39.538 -1.55300000E-05 -2.05780000E-04  2.47180000E-04
2001-12-19T17:21:40.538 -2.11220000E-04 -2.26820000E-04  3.15150000E-04
2001-12-19T17:21:41.538 -5.44920000E-07 -7.27020000E-05  4.96280000E-04
2001-12-19T17:21:42.538 -1.27290000E-04 -1.45000000E-04  5.33830000E-04
2001-12-19T17:21:43.538 -1.39060000E-04 -1.45410000E-04  6.52860000E-04
2001-12-19T17:21:44.538 -4.20400000E-05  4.17540000E-05  4.72320000E-04
2001-12-19T17:21:45.538 -2.44990000E-04 -2.69280000E-04  2.16700000E-04
2001-12-19T17:21:46.538  7.94060000E-06 -2.81170000E-05  4.10370000E-04
2001-12-19T17:21:47.538 -2.78630000E-04 -1.05260000E-04  2.14510000E-04
2001-12-19T17:21:48.538  9.55640000E-05 -2.32160000E-04  6.15630000E-04
2001-12-19T17:21:49.538 -2.33540000E-04 -1.81080000E-04  6.97760000E-04
2001-12-19T17:21:50.538 -1.86840000E-05  4.31810000E-05  2.97500000E-04
2001-12-19T17:21:51.538 -1.82440000E-04 -1.00050000E-04  3.28500000E-04
2001-12-19T17:21:52.538 -5.80560000E-05 -6.99420000E-06  5.16850000E-04
2001-12-19T17:21:53.538 -8.60500000E-05 -9.69240000E-05  5.22310000E-04
2001-12-19T17:21:54.538 -1.58190000E-04 -7.22670000E-05  3.93880000E-04
2001-12-19T17:21:55.538 -8.46850000E-05 -1.06460000E-04  2.07550000E-04
2001-12-19T17:21:56.538 -2.01850000E-04 -3.40700000E-05  3.72980000E-04
2001-12-19T17:21:57.538 -4.36970000E-05 -2.29060000E-05  3.57900000E-04
2001-12-19T17:21:58.538 -1.41430000E-04  2.12950000E-05  3.18440000E-04
2001-12-19T17:21:59.538  5.25120000E-05 -1.30600000E-05  8.33330000E-04
2001-12-19T17:22:00.538 -1.86960000E-04  5.15150000E-05  1.69550000E-04
2001-12-19T17:22:01.538 -1.16340000E-04 -1.13090000E-05  4.87770000E-04
2001-12-19T17:22:02.538 -6.33160000E-05 -6.32120000E-05  4.93560000E-04
2001-12-19T17:22:03.538 -1.13260000E-04 -6.28550000E-05  5.52540000E-04
2001-12-19T17:22:04.538 -1.41370000E-04  3.39190000E-05  6.47500000E-04
2001-12-19T17:22:05.538 -2.35460000E-04 -1.93840000E-05  2.17260000E-04
2001-12-19T17:22:06.538  4.40660000E-05  3.11760000E-04  3.36210000E-04
2001-12-19T17:22:07.538 -1.45340000E-04 -5.99730000E-06  4.69830000E-04
2001-12-19T17:22:08.538 -2.29960000E-05  8.38980000E-05  5.16630000E-04
2001-12-19T17:22:09.538 -2.33160000E-04  2.08850000E-06  5.11670000E-04
2001-12-19T17:22:10.538 -1.98290000E-04  9.50570000E-05  4.32380000E-04
2001-12-19T17:22:11.538  5.05200000E-05  1.29310000E-04  2.60980000E-04
2001-12-19T17:22:12.538 -2.50240000E-04  5.95100000E-05  7.60210000E-04
2001-12-19T17:22:13.538 -1.31930000E-05  2.27530000E-04  1.50540000E-04
2001-12-19T17:22:14.538 -2.19940000E-04  1.31400000E-04  5.75530000E-04
2001-12-19T17:22:15.538 -1.55760000E-04  2.56480000E-04  5.30730000E-04
2001-12-19T17:22:16.538 -4.39210000E-05  2.81400000E-04  4.08180000E-04
2001-12-19T17:22:17.538  5.03960000E-05  3.72300000E-04  5.00300000E-04
2001-12-19T17:22:18.538 -2.03970000E-04  3.73570000E-04  3.93850000E-04
2001-12-19T17:22:19.538 -1.09880000E-04  2.68070000E-04  2.88030000E-04
2001-12-19T17:22:20.538 -1.31960000E-04  3.22230000E-04  5.59940000E-04
2001-12-19T17:22:21.538  2.39610000E-06  3.72450000E-04  5.23120000E-04
2001-12-19T17:22:22.538 -2.18960000E-04  2.00370000E-04  1.28960000E-04
2001-12-19T17:22:23.538 -7.70650000E-05  3.10440000E-04  7.47930000E-04
2001-12-19T17:22:24.538 -2.43620000E-05  5.28380000E-04  5.50270000E-04
2001-12-19T17:22:25.538 -2.29320000E-04  3.17110000E-04  4.24120000E-04
2001-12-19T17:22:26.538 -4.48530000E-05  6.11880000E-04  3.68090000E-04
2001-12-19T17:22:27.538 -4.99390000E-05  5.13690000E-04  6.26450000E-04
2001-12-19T17:22:28.538 -6.24160000E-05  5.87740000E-04  2.88370000E-04
2001-12-19T17:22:29.538 -7.70900000E-05  5.72110000E-04  4.26250000E-04
2001-12-19T17:22:30.538 -1.01630000E-04  5.39050000E-04  4.00030000E-04
2001-12-19T17:22:31.538 -4.21990000E-05  6.52490000E-04  5.92450000E-04
2001-12-19T17:22:32.538 -2.22100000E-04  6.43430000E-04  7.14560000E-04
2001-12-19T17:22:33.538  5.88750000E-06  7.52330000E-04  5.73340000E-04
2001-12-19T17:22:34.538 -2.07480000E-04  8.31050000E-04  4.00380000E-04
2001-12-19T17:22:35.538 -1.93810000E-04  7.10890000E-04  1.94060000E-04
2001-12-19T17:22:36.538 -1.44700000E-04  7.82310000E-04  7.10340000E-04
2001-12-19T17:22:37.538 -4.03280000E-05  6.82720000E-04  5.16370000E-04
2001-12-19T17:22:38.538 -1.60650000E-04  1.01810000E-03  3.50350000E-04
2001-12-19T17:22:39.538 -2.13740000E-04  7.68650000E-04  5.11140000E-04
2001-12-19T17:22:40.538 -1.89290000E-05  1.17460000E-03  2.65990000E-04
2001-12-19T17:22:41.538 -1.50080000E-04  1.26840000E-03  7.84640000E-04
2001-12-19T17:22:42.538 -9.72820000E-05  1.34500000E-03  4.07840000E-04
2001-12-19T17:22:43.538 -1.51660000E-04  1.08460000E-03  2.84760000E-04
2001-12-19T17:22:44.538 -4.86170000E-05  1.01700000E-03  4.29630000E-04
2001-12-19T17:22:45.538 -1.58160000E-04  1.27040000E-03  5.10590000E-04
2001-12-19T17:22:46.538 -1.59400000E-04  1.43680000E-03  5.29320000E-04
2001-12-19T17:22:47.538 -2.47140000E-04  1.54200000E-03  2.92490000E-04
2001-12-19T17:22:48.538 -1.38070000E-04  1.63740000E-03  3.64950000E-04
2001-12-19T17:22:49.538 -2.68660000E-05  1.71640000E-03  8.61360000E-04
2001-12-19T17:22:50.538 -1.59170000E-04  1.70020000E-03  3.38660000E-04
2001-12-19T17:22:51.538 -1.80650000E-04  1.56400000E-03  5.83570000E-04
2001-12-19T17:22:52.538 -1.87550000E-05  1.67880000E-03  3.70380000E-04
2001-12-19T17:22:53.538 -1.99430000E-04  1.41260000E-03  4.48960000E-04
2001-12-19T17:22:54.538 -5.73440000E-05  1.41120000E-03  7.82610000E-04
2001-12-19T17:22:55.538 -1.01610000E-04  1.55030000E-03  5.99760000E-04
2001-12-19T17:22:56.538 -1.65820000E-04  1.41160000E-03  3.41120000E-04
2001-12-19T17:22:57.538 -7.34860000E-05  1.75490000E-03  3.26170000E-04
2001-12-19T17:22:58.538 -2.30140000E-04  1.58660000E-03  5.33350000E-04
2001-12-19T17:22:59.538 -8.26570000E-05  1.75370000E-03  4.43680000E-04
2001-12-19T17:23:00.538 -3.00770000E-04  1.65300000E-03  5.91630000E-04
2001-12-19T17:23:01.538 -1.69170000E-04  1.69390000E-03  6.04530000E-04
2001-12-19T17:23:02.538 -1.08960000E-04  1.58270000E-03  2.33070000E-04
2001-12-19T17:23:03.538 -9.60580000E-05  1.61980000E-03  5.42470000E-04
2001-12-19T17:23:04.538 -1.47790000E-04  2.02300000E-03  6.73510000E-04
2001-12-19T17:23:05.538 -1.82950000E-04  1.91800000E-03  4.75700000E-04
2001-12-19T17:23:06.538 -6.58890000E-05  1.43020000E-03  3.08240000E-04
2001-12-19T17:23:07.538 -8.93540000E-05  1.68860000E-03  4.03840000E-04
2001-12-19T17:23:08.538 -1.92330000E-04  1.89120000E-03  5.92480000E-04
2001-12-19T17:23:09.538 -8.49950000E-05  2.00600000E-03  6.02440000E-04
2001-12-19T17:23:10.538 -1.29680000E-05  2.02660000E-03  6.20900000E-04
2001-12-19T17:23:11.538 -2.36910000E-04  2.03680000E-03  4.45020000E-04
2001-12-19T17:23:12.538 -7.88490000E-05  2.13830000E-03  3.59110000E-04
2001-12-19T17:23:13.538 -1.63330000E-04  2.09800000E-03  4.60450000E-04
2001-12-19T17:23:14.538 -8.72900000E-05  1.81270000E-03  6.93670000E-04
2001-12-19T17:23:15.538 -2.21230000E-04  1.96160000E-03  4.68330000E-04
2001-12-19T17:23:16.538 -1.37200000E-04  2.16990000E-03  4.09830000E-04
2001-12-19T17:23:17.538 -1.18030000E-04  2.19750000E-03  4.22520000E-04
2001-12-19T17:23:18.538 -4.12280000E-05  2.31920000E-03  7.36840000E-04
2001-12-19T17:23:19.538 -1.28890000E-04  2.74620000E-03  6.12770000E-04
2001-12-19T17:23:20.538 -1.43260000E-04  3.32540000E-03  4.89780000E-04
2001-12-19T17:23:21.538 -2.71000000E-04  4.14980000E-03  4.74110000E-04
2001-12-19T17:23:22.538 -4.53660000E-04  4.35810000E-03  5.52440000E-04
2001-12-19T17:23:23.538 -1.51580000E-04  4.86170000E-03  4.05360000E-04
2001-12-19T17:23:24.538 -2.35120000E-04  4.89340000E-03  8.90690000E-04
2001-12-19T17:23:25.538 -1.67660000E-04  5.15010000E-03  6.88410000E-04
2001-12-19T17:23:26.538 -1.34340000E-04  5.28070000E-03  6.82150000E-04
2001-12-19T17:23:27.538 -2.22890000E-04  5.65160000E-03  4.39900000E-04
2001-12-19T17:23:28.538 -8.92960000E-05  5.77610000E-03  8.34520000E-04
2001-12-19T17:23:29.538 -2.71290000E-04  5.49000000E-03  6.81940000E-04
2001-12-19T17:23:30.538 -2.56450000E-04  5.26930000E-03  6.33050000E-04
2001-12-19T17:23:31.538 -1.21360000E-04  5.39480000E-03  5.38200000E-04
2001-12-19T17:23:32.538 -1.96280000E-04  5.53810000E-03  5.75380000E-04
2001-12-19T17:23:33.538 -1.55030000E-04  5.85830000E-03  6.06630000E-04
2001-12-19T17:23:34.538 -3.44070000E-04  6.07850000E-03  2.42960000E-04
2001-12-19T17:23:35.538 -1.85250000E-04  6.17730000E-03  8.13670000E-04
2001-12-19T17:23:36.538 -1.08300000E-04  6.43540000E-03  7.78510000E-04
2001-12-19T17:23:37.538 -4.47200000E-04  6.16350000E-03  4.15850000E-04
2001-12-19T17:23:38.538 -1.39190000E-04  6.48570000E-03  6.25020000E-04
2001-12-19T17:23:39.538 -3.04050000E-04  6.54610000E-03  9.95510000E-04
2001-12-19T17:23:40.538 -3.03250000E-04  6.51460000E-03  6.47630000E-04
2001-12-19T17:23:41.538 -1.90880000E-04  6.32040000E-03  5.84700000E-04
2001-12-19T17:23:42.538 -9.38530000E-05  6.55770000E-03  8.98100000E-04
2001-12-19T17:23:43.538 -2.80780000E-04  6.49640000E-03  5.51150000E-04
2001-12-19T17:23:44.538 -4.16910000E-04  6.69070000E-03  5.64500000E-04
2001-12-19T17:23:45.538 -6.62970000E-05  6.90510000E-03  5.65700000E-04
2001-12-19T17:23:46.538 -5.45700000E-05  6.92950000E-03  8.74360000E-04
2001-12-19T17:23:47.538 -1.32060000E-04  7.02790000E-03  7.86580000E-04
2001-12-19T17:23:48.538 -1.59290000E-04  7.49230000E-03  7.32230000E-04
2001-12-19T17:23:49.538 -2.09160000E-04  7.33260000E-03  6.30150000E-04
2001-12-19T17:23:50.538  3.72660000E-05  7.68750000E-03  6.37800000E-04
2001-12-19T17:23:51.538 -4.04200000E-04  7.59880000E-03  8.10910000E-04
2001-12-19T17:23:52.538 -1.55440000E-04  7.82640000E-03  5.03860000E-04
2001-12-19T17:23:53.538 -8.43510000E-05  7.57650000E-03  9.24590000E-04
2001-12-19T17:23:54.538 -2.85200000E-04  7.17140000E-03  8.98680000E-04
2001-12-19T17:23:55.538 -1.20920000E-04  7.62850000E-03  3.32870000E-04
2001-12-19T17:23:56.538 -1.84900000E-04  7.38620000E-03  8.74730000E-04
2001-12-19T17:23:57.538 -2.49000000E-04  7.58360000E-03  9.08060000E-04
2001-12-19T17:23:58.538 -4.18300000E-04  7.51220000E-03  6.38590000E-04
2001-12-19T17:23:59.538 -1.18240000E-04  7.91940000E-03  6.87360000E-04
2001-12-19T17:24:00.538 -2.62320000E-04  7.06800000E-03  6.18510000E-04
2001-12-19T17:24:01.538 -1.28010000E-04  7.32070000E-03  9.44520000E-04
2001-12-19T17:24:02.538 -2.26820000E-04  7.47440000E-03  7.06210000E-04
2001-12-19T17:24:03.538 -3.77790000E-04  7.42180000E-03  5.55610000E-04
2001-12-19T17:24:04.538 -2.96500000E-04  7.47770000E-03  8.30790000E-04
2001-12-19T17:24:05.538 -3.50930000E-04  7.69450000E-03  9.48400000E-04
2001-12-19T17:24:06.538 -2.33570000E-04  7.68450000E-03  6.36090000E-04
2001-12-19T17:24:07.538 -1.63690000E-04  7.78990000E-03  5.97290000E-04
2001-12-19T17:24:08.538 -4.69800000E-04  7.75710000E-03  7.21530000E-04
2001-12-19T17:24:09.538 -4.22510000E-04  8.03180000E-03  6.51870000E-04
2001-12-19T17:24:10.538 -1.53120000E-04  7.99560000E-03  8.79500000E-04
2001-12-19T17:24:11.538 -4.01030000E-04  7.89080000E-03  6.87240000E-04
2001-12-19T17:24:12.538 -1.91030000E-04  8.00390000E-03  9.54980000E-04
2001-12-19T17:24:13.538 -4.11860000E-04  8.18640000E-03  6.99170000E-04
2001-12-19T17:24:14.538 -5.11080000E-04  8.50560000E-03  6.72360000E-04
2001-12-19T17:24:15.538 -2.46600000E-04  8.85680000E-03  7.25860000E-04
2001-12-19T17:24:16.538 -3.80580000E-04  9.05150000E-03  8.45370000E-04
2001-12-19T17:24:17.538 -4.92880000E-04  8.88450000E-03  5.73420000E-04
2001-12-19T17:24:18.538 -3.63230000E-04  8.73220000E-03  7.49080000E-04
2001-12-19T17:24:19.538 -2.42770000E-04  8.92800000E-03  6.11340000E-04
2001-12-19T17:24:20.538 -3.41260000E-04  9.41800000E-03  9.30060000E-04
2001-12-19T17:24:21.538 -2.15690000E-04  9.41750000E-03  6.99030000E-04
2001-12-19T17:24:22.538 -4.37430000E-04  9.22580000E-03  4.88620000E-04
2001-12-19T17:24:23.538 -1.61710000E-04  9.19430000E-03  6.08540000E-04
2001-12-19T17:24:24.538 -3.46130000E-04  9.02930000E-03  5.35730000E-04
2001-12-19T17:24:25.538 -4.28320000E-04  9.54560000E-03  8.52100000E-04
2001-12-19T17:24:26.538 -2.61130000E-04  1.03780000E-02  7.55190000E-04
2001-12-19T17:24:27.538 -1.90600000E-04  1.07260000E-02  5.58110000E-04
2001-12-19T17:24:28.538 -3.40250000E-04  1.13100000E-02  6.70710000E-04
2001-12-19T17:24:29.538 -4.28970000E-04  1.18690000E-02  6.06810000E-04
2001-12-19T17:24:30.538 -2.33790000E-04  1.22850000E-02  9.17380000E-04
2001-12-19T17:24:31.538 -1.93830000E-04  1.27720000E-02  9.35740000E-04
2001-12-19T17:24:32.538 -3.14490000E-04  1.28520000E-02  6.74980000E-04
2001-12-19T17:24:33.538 -5.21880000E-04  1.32340000E-02  5.40980000E-04
2001-12-19T17:24:34.538 -4.60900000E-05  1.33170000E-02  6.07160000E-04
2001-12-19T17:24:35.538 -5.44290000E-04  1.31200000E-02  1.04640000E-03
2001-12-19T17:24:36.538 -8.65120000E-05  1.28920000E-02  8.41780000E-04
2001-12-19T17:24:37.538 -5.11790000E-04  1.27520000E-02  5.81110000E-04
2001-12-19T17:24:38.538  4.44510000E-05  1.29490000E-02  8.60690000E-04
2001-12-19T17:24:39.538 -4.42050000E-04  1.27420000E-02  8.30030000E-04
2001-12-19T17:24:40.538 -1.65230000E-04  1.32680000E-02  5.60320000E-04
2001-12-19T17:24:41.538 -4.03620000E-04  1.30620000E-02  7.16710000E-04
2001-12-19T17:24:42.538 -1.70330000E-04  1.33410000E-02  1.11080000E-03
2001-12-19T17:24:43.538 -2.16770000E-04  1.31650000E-02  5.81710000E-04
2001-12-19T17:24:44.538 -5.99390000E-04  1.30570000E-02  9.05910000E-04
2001-12-19T17:24:45.538  1.98830000E-05  1.29280000E-02  1.04680000E-03
2001-12-19T17:24:46.538 -5.24990000E-04  1.29930000E-02  8.09200000E-04
2001-12-19T17:24:47.538 -1.16650000E-04  1.37000000E-02  8.75350000E-04
2001-12-19T17:24:48.538 -1.90670000E-04  1.36400000E-02  9.68370000E-04
2001-12-19T17:24:49.538 -4.41300000E-04  1.38430000E-02  9.09220000E-04
2001-12-19T17:24:50.538 -4.32000000E-04  1.43290000E-02  8.09500000E-04
2001-12-19T17:24:51.538 -2.09710000E-04  1.43110000E-02  6.84950000E-04
2001-12-19T17:24:52.538 -3.14690000E-04  1.44180000E-02  9.51210000E-04
2001-12-19T17:24:53.538 -2.37360000E-04  1.49870000E-02  1.19220000E-03
2001-12-19T17:24:54.538 -4.67550000E-04  1.45990000E-02  6.16750000E-04
2001-12-19T17:24:55.538 -4.15550000E-04  1.36720000E-02  1.07410000E-03
2001-12-19T17:24:56.538 -4.96060000E-04  1.37760000E-02  9.19310000E-04
2001-12-19T17:24:57.538 -3.15530000E-04  1.46950000E-02  7.17620000E-04
2001-12-19T17:24:58.538 -1.77920000E-04  1.52610000E-02  1.42220000E-03
2001-12-19T17:24:59.538 -7.45970000E-04  1.49120000E-02  7.97140000E-04
2001-12-19T17:25:00.538 -4.62680000E-04  1.46760000E-02  7.16840000E-04
2001-12-19T17:25:01.538 -1.39180000E-04  1.48590000E-02  1.35670000E-03
2001-12-19T17:25:02.538 -7.00710000E-04  1.48930000E-02  7.88650000E-04
2001-12-19T17:25:03.538 -5.13180000E-04  1.58820000E-02  8.29350000E-04
2001-12-19T17:25:04.538 -4.04060000E-04  1.69260000E-02  1.29510000E-03
2001-12-19T17:25:05.538 -8.85880000E-04  1.63900000E-02  9.23480000E-04
2001-12-19T17:25:06.538 -1.32330000E-04  1.73550000E-02  7.04690000E-04
2001-12-19T17:25:07.538 -6.07320000E-04  1.70000000E-02  9.82040000E-04
2001-12-19T17:25:08.538 -4.95030000E-06  1.83900000E-02  1.04010000E-03
2001-12-19T17:25:09.538 -1.59200000E-03  1.75430000E-02  6.77000000E-04
2001-12-19T17:25:10.538 -3.14050000E-04  1.85220000E-02  1.18160000E-03
2001-12-19T17:25:11.538  7.95900000E-05  1.90310000E-02  8.46550000E-04
2001-12-19T17:25:12.538 -2.47540000E-04  1.91840000E-02  7.24550000E-04
2001-12-19T17:25:13.538 -6.16250000E-04  1.92090000E-02  1.19540000E-03
2001-12-19T17:25:14.538 -3.93930000E-04  1.90820000E-02  9.12060000E-04
2001-12-19T17:25:15.538 -5.92210000E-04  1.91790000E-02  6.47150000E-04
2001-12-19T17:25:16.538 -2.46780000E-04  1.95690000E-02  1.22730000E-03
2001-12-19T17:25:17.538 -6.24280000E-04  1.96780000E-02  7.03500000E-04
2001-12-19T17:25:18.538 -5.67000000E-04  1.98630000E-02  9.79470000E-04
2001-12-19T17:25:19.538 -8.01440000E-04  2.00520000E-02  8.80350000E-04
2001-12-19T17:25:20.538 -5.86830000E-04  1.98500000E-02  7.67980000E-04
2001-12-19T17:25:21.538 -5.54150000E-06  2.09080000E-02  8.60200000E-04
2001-12-19T17:25:22.538  8.59100000E-05  2.06060000E-02  7.34180000E-04
2001-12-19T17:25:23.538 -1.07320000E-03  2.04350000E-02  7.91840000E-04
2001-12-19T17:25:24.538 -6.40110000E-04  2.07130000E-02  1.15100000E-03
2001-12-19T17:25:25.538  5.33580000E-04  2.12490000E-02  1.08710000E-03
2001-12-19T17:25:26.538 -9.26160000E-04  2.02520000E-02  5.99960000E-04
2001-12-19T17:25:27.538 -6.92130000E-04  2.01320000E-02  1.08310000E-03
2001-12-19T17:25:28.538  5.42820000E-04  2.07350000E-02  8.98320000E-04
2001-12-19T17:25:29.538 -3.01860000E-04  1.94710000E-02  9.76150000E-04
2001-12-19T17:25:30.538 -2.47830000E-04  1.96590000E-02  1.17680000E-03
2001-12-19T17:25:31.538 -5.76760000E-04  1.98510000E-02  7.37060000E-04
2001-12-19T17:25:32.538 -3.46600000E-04  1.95330000E-02  1.06520000E-03
2001-12-19T17:25:33.538 -4.02060000E-04  1.88880000E-02  1.03190000E-03
2001-12-19T17:25:34.538 -3.70250000E-04  1.90040000E-02  7.74940000E-04
2001-12-19T17:25:35.538 -1.02300000E-03  1.80330000E-02  9.49570000E-04
2001-12-19T17:25:36.538 -9.40700000E-04  1.79320000E-02  1.07120000E-03
2001-12-19T17:25:37.538 -4.97750000E-04  1.96920000E-02  8.49720000E-04
2001-12-19T17:25:38.538 -3.65280000E-04  2.08730000E-02  7.81390000E-04
2001-12-19T17:25:39.538  1.83420000E-04  2.10420000E-02  1.59870000E-03
2001-12-19T17:25:40.538 -5.70280000E-04  1.96310000E-02  7.12300000E-04
2001-12-19T17:25:41.538 -7.69050000E-04  2.00690000E-02  9.56230000E-04
2001-12-19T17:25:42.538 -1.30170000E-03  2.07300000E-02  1.34770000E-03
2001-12-19T17:25:43.538 -2.16510000E-04  2.21080000E-02  9.65970000E-04
2001-12-19T17:25:44.538 -7.09760000E-04  2.10880000E-02  1.42980000E-03
2001-12-19T17:25:45.538 -9.51740000E-04  2.13450000E-02  1.03700000E-03
2001-12-19T17:25:46.538 -1.10980000E-04  2.21660000E-02  1.00990000E-03
2001-12-19T17:25:47.538 -1.03190000E-03  2.15480000E-02  1.30610000E-03
2001-12-19T17:25:48.538 -3.61450000E-04  2.22390000E-02  8.01690000E-04
2001-12-19T17:25:49.538 -1.16990000E-03  2.06410000E-02  1.43450000E-03
2001-12-19T17:25:50.538 -6.90140000E-04  2.05950000E-02  8.91550000E-04
2001-12-19T17:25:51.538  4.34220000E-04  2.14580000E-02  1.00690000E-03
2001-12-19T17:25:52.538 -7.54020000E-04  2.01390000E-02  1.18350000E-03
2001-12-19T17:25:53.538 -4.19440000E-04  1.96170000E-02  8.84770000E-04
2001-12-19T17:25:54.538 -2.66880000E-04  1.87590000E-02  1.03210000E-03
2001-12-19T17:25:55.538 -1.21130000E-03  1.71880000E-02  8.81680000E-04
2001-12-19T17:25:56.538  3.59870000E-05  1.78070000E-02  1.07490000E-03
2001-12-19T17:25:57.538 -1.86070000E-04  1.74070000E-02  7.68930000E-04
2001-12-19T17:25:58.538 -8.09260000E-04  1.71580000E-02  1.00780000E-03
2001-12-19T17:25:59.538  2.73860000E-04  1.84400000E-02  1.12980000E-03
2001-12-19T17:26:00.538 -5.55180000E-04  1.71640000E-02  6.94790000E-04
2001-12-19T17:26:01.538  1.76090000E-04  1.67260000E-02  8.91810000E-04
2001-12-19T17:26:02.538 -4.91750000E-04  1.55770000E-02  8.58030000E-04
2001-12-19T17:26:03.538 -3.96190000E-04  1.57590000E-02  5.95420000E-04
2001-12-19T17:26:04.538  4.27540000E-04  1.69740000E-02  9.77800000E-04
2001-12-19T17:26:05.538 -1.09700000E-03  1.67530000E-02  9.23550000E-04
2001-12-19T17:26:06.538  6.95190000E-05  1.81920000E-02  7.16800000E-04
2001-12-19T17:26:07.538  3.53400000E-04  1.85220000E-02  7.58910000E-04
2001-12-19T17:26:08.538 -6.05440000E-04  1.75070000E-02  8.40170000E-04
2001-12-19T17:26:09.538 -9.10420000E-04  1.77230000E-02  7.84300000E-04
2001-12-19T17:26:10.538  1.87660000E-04  1.83260000E-02  8.25340000E-04
2001-12-19T17:26:11.538 -5.57370000E-04  1.68970000E-02  6.58060000E-04
2001-12-19T17:26:12.538  3.66360000E-05  1.68150000E-02  8.70600000E-04
2001-12-19T17:26:13.538 -8.13970000E-04  1.61850000E-02  7.70390000E-04
2001-12-19T17:26:14.538 -4.79390000E-04  1.64410000E-02  7.59600000E-04
2001-12-19T17:26:15.538 -1.00630000E-04  1.71080000E-02  9.93830000E-04
2001-12-19T17:26:16.538 -1.30730000E-03  1.69320000E-02  7.03080000E-04
2001-12-19T17:26:17.538  2.05140000E-04  1.77350000E-02  1.15390000E-03
2001-12-19T17:26:18.538 -1.26400000E-03  1.66620000E-02  4.98200000E-04
2001-12-19T17:26:19.538 -6.54870000E-06  1.88550000E-02  1.18220000E-03
2001-12-19T17:26:20.538 -3.31750000E-04  1.91210000E-02  7.65650000E-04
2001-12-19T17:26:21.538 -1.37900000E-03  1.74510000E-02  1.04650000E-03
2001-12-19T17:26:22.538 -1.50800000E-04  1.78380000E-02  9.02550000E-04
2001-12-19T17:26:23.538 -1.09160000E-03  1.74840000E-02  8.01120000E-04
2001-12-19T17:26:24.538 -4.41720000E-04  1.74690000E-02  9.07930000E-04
2001-12-19T17:26:25.538 -6.14880000E-04  1.50910000E-02  6.44300000E-04
2001-12-19T17:26:26.538 -3.59820000E-04  1.57460000E-02  9.60460000E-04
2001-12-19T17:26:27.538 -8.24720000E-04  1.64650000E-02  9.99200000E-04
2001-12-19T17:26:28.538 -1.32510000E-04  1.75030000E-02  7.44520000E-04
2001-12-19T17:26:29.538 -9.28420000E-04  1.62800000E-02  1.29350000E-03
2001-12-19T17:26:30.538 -1.70480000E-04  1.69620000E-02  8.25580000E-04
2001-12-19T17:26:31.538 -5.11390000E-04  1.61040000E-02  9.67770000E-04
2001-12-19T17:26:32.538 -6.06680000E-04  1.65930000E-02  1.09070000E-03
2001-12-19T17:26:33.538 -5.35180000E-04  1.66950000E-02  8.89240000E-04
2001-12-19T17:26:34.538  7.08800000E-06  1.64040000E-02  8.99580000E-04
2001-12-19T17:26:35.538 -9.94310000E-04  1.68680000E-02  9.61390000E-04
2001-12-19T17:26:36.538  1.08190000E-05  1.71080000E-02  1.15290000E-03
2001-12-19T17:26:37.538 -3.10050000E-04  1.60600000E-02  1.20030000E-03
2001-12-19T17:26:38.538 -4.37780000E-04  1.56560000E-02  8.02010000E-04
2001-12-19T17:26:39.538  6.83530000E-05  1.67350000E-02  1.10090000E-03
2001-12-19T17:26:40.538 -1.86330000E-04  1.63250000E-02  7.68030000E-04
2001-12-19T17:26:41.538 -2.81610000E-04  1.60090000E-02  9.68220000E-04
2001-12-19T17:26:42.538 -8.88670000E-06  1.51110000E-02  1.30850000E-03
2001-12-19T17:26:43.538 -2.61150000E-04  1.43240000E-02  6.30970000E-04
2001-12-19T17:26:44.538 -4.68600000E-04  1.51840000E-02  1.15410000E-03
2001-12-19T17:26:45.538  1.65450000E-05  1.53810000E-02  7.66830000E-04
2001-12-19T17:26:46.538  1.10180000E-04  1.58660000E-02  1.00180000E-03
2001-12-19T17:26:47.538 -2.17580000E-04  1.57680000E-02  8.64880000E-04
2001-12-19T17:26:48.538 -4.19530000E-04  1.58450000E-02  8.80120000E-04
2001-12-19T17:26:49.538  3.86890000E-05  1.57040000E-02  6.74680000E-04
2001-12-19T17:26:50.538 -2.77400000E-04  1.53100000E-02  1.03940000E-03
2001-12-19T17:26:51.538 -2.20220000E-04  1.48670000E-02  5.84530000E-04
2001-12-19T17:26:52.538 -3.35570000E-04  1.44450000E-02  7.57020000E-04
2001-12-19T17:26:53.538 -2.70150000E-04  1.41180000E-02  1.01290000E-03
2001-12-19T17:26:54.538 -3.71710000E-04  1.44030000E-02  1.04560000E-03
2001-12-19T17:26:55.538 -3.86020000E-04  1.51030000E-02  6.37160000E-04
2001-12-19T17:26:56.538 -3.65310000E-04  1.49720000E-02  4.32310000E-04
2001-12-19T17:26:57.538 -2.85310000E-04  1.46940000E-02  7.87510000E-04
2001-12-19T17:26:58.538 -6.17610000E-04  1.46000000E-02  8.67480000E-04
2001-12-19T17:26:59.538 -5.42430000E-04  1.49550000E-02  8.33030000E-04
2001-12-19T17:27:00.538 -2.88590000E-04  1.46390000E-02  7.14510000E-04
2001-12-19T17:27:01.538 -8.35510000E-04  1.48510000E-02  4.72310000E-04
2001-12-19T17:27:02.538 -4.53410000E-04  1.53760000E-02  7.60070000E-04
2001-12-19T17:27:03.538 -4.45200000E-04  1.52830000E-02  9.15960000E-04
2001-12-19T17:27:04.538 -7.42830000E-04  1.51610000E-02  6.12500000E-04
2001-12-19T17:27:05.538 -4.60140000E-04  1.48190000E-02  6.42200000E-04
2001-12-19T17:27:06.538 -3.40660000E-04  1.44730000E-02  8.36840000E-04
2001-12-19T17:27:07.538 -5.68650000E-04  1.41800000E-02  1.02260000E-03
2001-12-19T17:27:08.538 -4.63530000E-04  1.41050000E-02  6.41860000E-04
2001-12-19T17:27:09.538 -7.63630000E-04  1.42310000E-02  5.29540000E-04
2001-12-19T17:27:10.538 -5.16340000E-04  1.49310000E-02  1.04830000E-03
2001-12-19T17:27:11.538 -3.44190000E-04  1.43930000E-02  7.35250000E-04
2001-12-19T17:27:12.538 -7.00390000E-04  1.42500000E-02  7.65670000E-04
2001-12-19T17:27:13.538 -5.33310000E-04  1.40240000E-02  8.97510000E-04
2001-12-19T17:27:14.538 -3.62250000E-04  1.39720000E-02  6.48980000E-04
2001-12-19T17:27:15.538 -5.70130000E-04  1.40010000E-02  6.83100000E-04
2001-12-19T17:27:16.538 -4.16590000E-04  1.39930000E-02  9.73020000E-04
2001-12-19T17:27:17.538 -5.23500000E-04  1.41760000E-02  9.29760000E-04
2001-12-19T17:27:18.538 -6.05770000E-04  1.40780000E-02  6.98290000E-04
2001-12-19T17:27:19.538  2.95990000E-06  1.39050000E-02  9.37910000E-04
2001-12-19T17:27:20.538 -5.24400000E-04  1.38000000E-02  1.01580000E-03
2001-12-19T17:27:21.538 -3.07630000E-04  1.32880000E-02  6.96540000E-04
2001-12-19T17:27:22.538 -2.75470000E-04  1.35940000E-02  6.65340000E-04
2001-12-19T17:27:23.538 -5.61300000E-04  1.30730000E-02  1.08570000E-03
2001-12-19T17:27:24.538  5.19170000E-05  1.32030000E-02  9.13220000E-04
2001-12-19T17:27:25.538 -1.20910000E-04  1.30500000E-02  8.04210000E-04
2001-12-19T17:27:26.538 -3.48940000E-04  1.32210000E-02  1.05600000E-03
2001-12-19T17:27:27.538 -2.64500000E-04  1.41500000E-02  9.20240000E-04
2001-12-19T17:27:28.538  4.16100000E-05  1.50870000E-02  9.07690000E-04
2001-12-19T17:27:29.538 -1.20600000E-04  1.39650000E-02  1.11690000E-03
2001-12-19T17:27:30.538 -2.46600000E-04  1.29260000E-02  9.28380000E-04
2001-12-19T17:27:31.538 -8.93410000E-05  1.28590000E-02  5.60190000E-04
2001-12-19T17:27:32.538 -2.84420000E-04  1.24260000E-02  1.03350000E-03
2001-12-19T17:27:33.538  1.48490000E-05  1.25380000E-02  8.78390000E-04
2001-12-19T17:27:34.538 -4.22490000E-04  1.24570000E-02  1.08690000E-03
2001-12-19T17:27:35.538  2.39340000E-05  1.26430000E-02  7.68340000E-04
2001-12-19T17:27:36.538 -4.09490000E-04  1.23200000E-02  1.18400000E-03
2001-12-19T17:27:37.538  1.88460000E-04  1.25710000E-02  8.88070000E-04
2001-12-19T17:27:38.538 -6.01470000E-04  1.23320000E-02  7.18830000E-04
2001-12-19T17:27:39.538 -2.83670000E-04  1.24440000E-02  9.67230000E-04
2001-12-19T17:27:40.538 -1.56410000E-04  1.26200000E-02  7.21040000E-04
2001-12-19T17:27:41.538 -2.34590000E-04  1.20850000E-02  6.59970000E-04
2001-12-19T17:27:42.538 -3.58520000E-04  1.19140000E-02  1.05370000E-03
2001-12-19T17:27:43.538 -4.10380000E-04  1.19970000E-02  8.06200000E-04
2001-12-19T17:27:44.538 -4.22090000E-04  1.18940000E-02  6.71520000E-04
2001-12-19T17:27:45.538 -4.16860000E-04  1.14860000E-02  1.07230000E-03
2001-12-19T17:27:46.538 -2.43220000E-04  1.12640000E-02  4.85780000E-04
2001-12-19T17:27:47.538 -6.48580000E-04  1.12790000E-02  7.55040000E-04
2001-12-19T17:27:48.538 -3.15110000E-04  1.07900000E-02  1.01880000E-03
2001-12-19T17:27:49.538 -2.85040000E-04  1.01390000E-02  5.50620000E-04
2001-12-19T17:27:50.538 -4.03370000E-04  9.66550000E-03  5.31880000E-04
2001-12-19T17:27:51.538 -5.61260000E-04  8.96150000E-03  6.77620000E-04
2001-12-19T17:27:52.538 -1.86070000E-04  8.67780000E-03  1.04800000E-03
2001-12-19T17:27:53.538 -3.75360000E-04  7.93530000E-03  5.07120000E-04
2001-12-19T17:27:54.538 -4.39180000E-04  7.79940000E-03  3.87020000E-04
2001-12-19T17:27:55.538 -3.58620000E-04  6.46020000E-03  5.09380000E-04
2001-12-19T17:27:56.538 -2.80730000E-04  4.33700000E-03  6.67580000E-04
2001-12-19T17:27:57.538 -2.01030000E-04  3.88220000E-03  6.65940000E-04
2001-12-19T17:27:58.538 -2.43510000E-04  3.50250000E-03  5.08230000E-04
2001-12-19T17:27:59.538 -1.84370000E-04  2.98900000E-03  3.48600000E-04
2001-12-19T17:28:00.538 -1.32160000E-04  3.56500000E-03  4.57960000E-04
2001-12-19T17:28:01.538 -2.63010000E-04  3.10500000E-03  5.78580000E-04
2001-12-19T17:28:02.538 -3.82360000E-04  3.30960000E-03  7.71810000E-04
2001-12-19T17:28:03.538 -2.33660000E-04  3.38990000E-03  5.86560000E-04
2001-12-19T17:28:04.538 -2.19550000E-04  3.73500000E-03  5.05730000E-04
2001-12-19T17:28:05.538 -3.45840000E-04  3.38620000E-03  4.56080000E-04
2001-12-19T17:28:06.538 -8.12400000E-05  3.81090000E-03  2.45980000E-04
2001-12-19T17:28:07.538 -4.03430000E-04  3.89900000E-03  6.16460000E-04
2001-12-19T17:28:08.538 -2.31090000E-04  3.85920000E-03  6.33720000E-04
2001-12-19T17:28:09.538 -2.30630000E-04  4.00770000E-03  5.67370000E-04
2001-12-19T17:28:10.538 -3.11630000E-04  3.83320000E-03  3.89400000E-04
2001-12-19T17:28:11.538 -1.59370000E-04  3.94160000E-03  2.99750000E-04
2001-12-19T17:28:12.538 -3.03030000E-04  3.57910000E-03  5.69470000E-04
2001-12-19T17:28:13.538 -2.78770000E-04  3.23920000E-03  7.49510000E-04
2001-12-19T17:28:14.538 -1.14040000E-05  3.29030000E-03  4.46240000E-04
2001-12-19T17:28:15.538 -2.17500000E-04  3.04510000E-03  5.09120000E-04
2001-12-19T17:28:16.538 -2.93420000E-04  3.08580000E-03  5.13980000E-04
2001-12-19T17:28:17.538 -1.56360000E-04  2.99390000E-03  2.98760000E-04
2001-12-19T17:28:18.538 -7.44420000E-06  2.93310000E-03  7.37830000E-04
2001-12-19T17:28:19.538 -2.60260000E-04  3.04120000E-03  6.97580000E-04
2001-12-19T17:28:20.538 -1.78500000E-04  2.78110000E-03  4.16460000E-04
2001-12-19T17:28:21.538 -1.03160000E-04  3.05810000E-03  4.64880000E-04
2001-12-19T17:28:22.538 -2.00550000E-04  3.09960000E-03  4.36720000E-04
2001-12-19T17:28:23.538 -3.80670000E-04  2.92990000E-03  7.95360000E-04
2001-12-19T17:28:24.538 -1.28200000E-04  2.85260000E-03  6.20240000E-04
2001-12-19T17:28:25.538 -1.45250000E-04  2.66930000E-03  2.28860000E-04
2001-12-19T17:28:26.538 -1.73540000E-04  2.52310000E-03  5.82240000E-04
2001-12-19T17:28:27.538 -1.00840000E-04  2.34980000E-03  7.66480000E-04
2001-12-19T17:28:28.538 -1.31210000E-04  2.43620000E-03  4.75160000E-04
2001-12-19T17:28:29.538 -1.24840000E-04  2.21320000E-03  4.88060000E-04
2001-12-19T17:28:30.538 -7.12300000E-05  2.27940000E-03  4.79480000E-04
2001-12-19T17:28:31.538 -1.76810000E-04  2.07370000E-03  5.67450000E-04
2001-12-19T17:28:32.538 -1.59410000E-04  2.19650000E-03  3.99380000E-04
2001-12-19T17:28:33.538 -1.20050000E-04  1.99630000E-03  6.11650000E-04
2001-12-19T17:28:34.538 -2.60290000E-04  1.89320000E-03  6.56060000E-04
2001-12-19T17:28:35.538 -5.60410000E-05  2.12120000E-03  3.13080000E-04
2001-12-19T17:28:36.538 -1.06980000E-04  2.13340000E-03  3.84850000E-04
2001-12-19T17:28:37.538 -1.96080000E-04  1.81580000E-03  8.04890000E-04
2001-12-19T17:28:38.538 -5.34000000E-05  1.92010000E-03  4.69050000E-04
2001-12-19T17:28:39.538 -8.95470000E-05  1.81810000E-03  5.64920000E-04
2001-12-19T17:28:40.538 -1.13830000E-04  1.72230000E-03  3.42200000E-04
2001-12-19T17:28:41.538 -1.76480000E-04  1.56020000E-03  4.08860000E-04
2001-12-19T17:28:42.538 -1.05130000E-04  1.53040000E-03  6.92410000E-04
2001-12-19T17:28:43.538 -1.85320000E-04  1.57730000E-03  6.92020000E-04
2001-12-19T17:28:44.538 -8.36720000E-05  1.44640000E-03  4.16750000E-04
2001-12-19T17:28:45.538 -6.20410000E-05  1.29300000E-03  3.85860000E-04
2001-12-19T17:28:46.538 -2.58780000E-05  1.40950000E-03  3.50980000E-04
2001-12-19T17:28:47.538 -2.04930000E-04  1.21760000E-03  5.75600000E-04
2001-12-19T17:28:48.538 -2.02000000E-04  1.09880000E-03  2.20990000E-04
2001-12-19T17:28:49.538 -1.52990000E-05  1.19870000E-03  6.74850000E-04
2001-12-19T17:28:50.538 -3.33300000E-05  1.27510000E-03  5.83780000E-04
2001-12-19T17:28:51.538 -5.58420000E-05  1.22780000E-03  3.61020000E-04
2001-12-19T17:28:52.538 -1.29580000E-04  1.11970000E-03  5.39900000E-04
2001-12-19T17:28:53.538  9.53300000E-05  1.23610000E-03  6.18570000E-04
2001-12-19T17:28:54.538 -1.50570000E-04  1.07090000E-03  5.52080000E-04
2001-12-19T17:28:55.538 -1.61160000E-04  1.03590000E-03  4.61790000E-04
2001-12-19T17:28:56.538 -8.25100000E-06  1.11370000E-03  3.09650000E-04
2001-12-19T17:28:57.538 -8.59530000E-05  8.44210000E-04  6.28700000E-04
2001-12-19T17:28:58.538 -2.11760000E-04  7.91960000E-04  4.79490000E-04
2001-12-19T17:28:59.538 -2.79870000E-05  5.65580000E-04  5.32950000E-04
2001-12-19T17:29:00.538 -5.05410000E-05  5.02490000E-04  6.03120000E-04
2001-12-19T17:29:01.538 -8.49680000E-05  5.25280000E-04  4.58700000E-04
2001-12-19T17:29:02.538 -1.84580000E-04  3.51070000E-04  5.20270000E-04
2001-12-19T17:29:03.538 -1.06450000E-04  5.83490000E-04  5.54400000E-04
2001-12-19T17:29:04.538  7.29190000E-05  3.87300000E-04  4.50480000E-04
2001-12-19T17:29:05.538 -2.15160000E-04  4.82650000E-04  4.38270000E-04
2001-12-19T17:29:06.538 -5.82320000E-06  3.02270000E-04  7.07690000E-04
2001-12-19T17:29:07.538 -1.65760000E-04  5.39790000E-04  6.17210000E-04
2001-12-19T17:29:08.538 -1.76070000E-04  1.58750000E-04  3.91570000E-04
2001-12-19T17:29:09.538  7.61150000E-05  5.50620000E-04  4.50370000E-04
2001-12-19T17:29:10.538 -1.09330000E-04  2.24240000E-04  3.48290000E-04
2001-12-19T17:29:11.538 -2.24310000E-04  3.16180000E-04  4.82080000E-04
2001-12-19T17:29:12.538  3.26040000E-05  2.16250000E-04  5.51680000E-04
2001-12-19T17:29:13.538 -1.93880000E-04  2.32040000E-04  4.07430000E-04
2001-12-19T17:29:14.538 -8.51890000E-05  3.47370000E-04  5.77770000E-04
2001-12-19T17:29:15.538 -7.06480000E-05  3.20360000E-04  5.58140000E-04
2001-12-19T17:29:16.538 -1.45340000E-04  1.78400000E-04  4.04970000E-04
2001-12-19T17:29:17.538 -1.29040000E-04  3.94990000E-04  3.34740000E-04
2001-12-19T17:29:18.538 -1.05020000E-05  7.78740000E-05  4.49550000E-04
2001-12-19T17:29:19.538 -9.29770000E-05  1.56680000E-04  5.89210000E-04
2001-12-19T17:29:20.538 -1.12290000E-04  3.11940000E-04  6.20090000E-04
2001-12-19T17:29:21.538 -3.90020000E-05  1.98540000E-04  3.40440000E-04
2001-12-19T17:29:22.538 -1.12200000E-04  2.62170000E-04  5.86230000E-04
2001-12-19T17:29:23.538 -1.86690000E-04  2.22310000E-04  4.20960000E-04
2001-12-19T17:29:24.538 -4.12780000E-08 -1.24680000E-06  3.50900000E-04
2001-12-19T17:29:25.538 -1.81300000E-04  1.70590000E-04  5.25630000E-04
2001-12-19T17:29:26.538 -1.94230000E-04  5.17990000E-05  3.21690000E-04
2001-12-19T17:29:27.538 -4.94420000E-05  4.93660000E-05  4.55780000E-04
2001-12-19T17:29:28.538 -2.28250000E-04  3.70620000E-05  6.44900000E-04
2001-12-19T17:29:29.538 -7.57720000E-05 -5.61340000E-05  5.48590000E-04
2001-12-19T17:29:30.538 -6.45970000E-05  9.11550000E-07  3.39170000E-04
2001-12-19T17:29:31.538 -3.27830000E-05 -1.21490000E-04  6.15440000E-04
2001-12-19T17:29:32.538 -1.10850000E-04  2.77060000E-05  4.39520000E-04
2001-12-19T17:29:33.538 -2.40560000E-04 -1.61470000E-04  4.19930000E-04
2001-12-19T17:29:34.538 -5.37940000E-05  7.03380000E-05  7.09550000E-04
2001-12-19T17:29:35.538 -2.40870000E-04 -1.01020000E-04  4.27420000E-04
2001-12-19T17:29:36.538 -1.52490000E-04 -1.62190000E-05  2.88400000E-04
2001-12-19T17:29:37.538 -1.85730000E-04 -1.68020000E-04  4.94210000E-04
2001-12-19T17:29:38.538  3.69490000E-05 -5.27560000E-05  3.51510000E-04
2001-12-19T17:29:39.538 -2.57410000E-04 -1.52980000E-04  4.23770000E-04
2001-12-19T17:29:40.538 -1.23100000E-04 -2.58750000E-05  8.05580000E-04
2001-12-19T17:29:41.538 -4.60160000E-05 -1.42450000E-04  3.73800000E-04
2001-12-19T17:29:42.538  2.28820000E-05 -8.51250000E-05  3.77950000E-04
2001-12-19T17:29:43.538 -2.48510000E-04 -2.21540000E-04  5.78130000E-04
2001-12-19T17:29:44.538 -5.36810000E-05 -1.24790000E-04  2.21710000E-04
2001-12-19T17:29:45.538 -1.65140000E-04 -1.92930000E-04  4.69280000E-04
2001-12-19T17:29:46.538 -8.64960000E-05 -5.62260000E-05  5.44120000E-04
2001-12-19T17:29:47.538  1.79040000E-05 -8.83840000E-05  4.05840000E-04
2001-12-19T17:29:48.538 -1.91630000E-04 -3.13770000E-04  7.11190000E-04
2001-12-19T17:29:49.538 -5.02600000E-05 -7.52720000E-05  3.24080000E-04
2001-12-19T17:29:50.538 -1.34390000E-04 -3.01600000E-04  4.83500000E-04
2001-12-19T17:29:51.538 -1.72560000E-04 -1.16210000E-04  5.78460000E-04
2001-12-19T17:29:52.538 -1.06430000E-04 -1.67990000E-04  3.04820000E-04
2001-12-19T17:29:53.538 -1.73530000E-05 -1.47160000E-04  4.20350000E-04
2001-12-19T17:29:54.538 -1.97850000E-04 -3.86690000E-04  4.71800000E-04
2001-12-19T17:29:55.538  3.25400000E-05 -7.25410000E-05  4.79550000E-04
2001-12-19T17:29:56.538 -2.96680000E-04 -3.14680000E-04  3.40460000E-04
2001-12-19T17:29:57.538 -8.32390000E-05 -1.49300000E-05  4.34140000E-04
2001-12-19T17:29:58.538 -1.19770000E-04 -1.83270000E-04  3.79450000E-04
2001-12-19T17:29:59.538 -1.62090000E-04 -8.23290000E-05  6.66490000E-04
2001-12-19T17:30:00.538 -1.59040000E-04 -1.80320000E-04  2.73460000E-04
2001-12-19T17:30:01.538 -1.07540000E-04 -2.00870000E-04  4.79550000E-04
2001-12-19T17:30:02.538 -1.44560000E-04 -3.45110000E-04  4.19570000E-04
2001-12-19T17:30:03.538 -5.77840000E-05 -1.45270000E-05  4.94260000E-04
2001-12-19T17:30:04.538 -2.40940000E-04 -3.32690000E-04  2.64900000E-04
2001-12-19T17:30:05.538 -1.19590000E-04 -2.97180000E-05  4.94570000E-04
2001-12-19T17:30:06.538 -2.44110000E-04 -2.73150000E-04  6.98620000E-04
2001-12-19T17:30:07.538 -1.09580000E-05 -1.64970000E-04  3.09630000E-04
2001-12-19T17:30:08.538 -1.38370000E-04 -3.00540000E-04  6.38640000E-04
2001-12-19T17:30:09.538 -1.34070000E-04 -6.17210000E-05  3.16950000E-04
2001-12-19T17:30:10.538 -2.63630000E-04 -3.39730000E-04  2.39420000E-04
2001-12-19T17:30:11.538  2.51320000E-05 -2.73900000E-04  5.51240000E-04
2001-12-19T17:30:12.538 -1.39250000E-04 -1.54680000E-04  4.54070000E-04
2001-12-19T17:30:13.538 -5.81490000E-05 -2.82980000E-04  4.16850000E-04
2001-12-19T17:30:14.538 -2.43890000E-04 -1.47750000E-04  4.68130000E-04
2001-12-19T17:30:15.538 -5.93750000E-05 -1.87760000E-04  3.49040000E-04
2001-12-19T17:30:16.538 -2.44570000E-04 -2.05780000E-04  6.54160000E-04
2001-12-19T17:30:17.538  9.46810000E-05 -5.84850000E-06  6.80270000E-04
2001-12-19T17:30:18.538 -2.09640000E-04 -3.58140000E-04  1.42030000E-04
2001-12-19T17:30:19.538 -8.20900000E-05 -1.81990000E-04  2.96430000E-04
2001-12-19T17:30:20.538 -1.81110000E-04 -1.66270000E-04  5.32590000E-04
2001-12-19T17:30:21.538 -1.78510000E-04 -2.92220000E-04  4.70150000E-04
2001-12-19T17:30:22.538 -1.84730000E-04 -1.51310000E-04  7.18600000E-04
2001-12-19T17:30:23.538 -8.36180000E-05 -2.06300000E-04  4.42540000E-04
2001-12-19T17:30:24.538 -1.78030000E-04 -4.15470000E-04  2.48080000E-04
2001-12-19T17:30:25.538 -4.05430000E-05 -1.11000000E-04  2.44990000E-04
2001-12-19T17:30:26.538 -1.55140000E-04 -2.58850000E-04  6.92910000E-04
2001-12-19T17:30:27.538  1.18780000E-05 -2.23430000E-04  6.14520000E-04
2001-12-19T17:30:28.538 -2.10200000E-04 -1.20020000E-04  2.72920000E-04
2001-12-19T17:30:29.538 -2.03540000E-06 -1.27260000E-04  3.35170000E-04
2001-12-19T17:30:30.538 -2.10470000E-04 -3.01500000E-04  5.62180000E-04
2001-12-19T17:30:31.538 -6.21100000E-05 -1.63680000E-04  6.57770000E-04
2001-12-19T17:30:32.538 -6.68440000E-05 -2.29720000E-04  4.85390000E-04
2001-12-19T17:30:33.538 -1.78200000E-04 -1.52130000E-06  3.32940000E-04
2001-12-19T17:30:34.538 -7.39470000E-05 -2.55480000E-04  2.76100000E-04
2001-12-19T17:30:35.538 -5.50470000E-05 -2.49240000E-04  7.54920000E-04
2001-12-19T17:30:36.538 -2.47630000E-04 -3.57770000E-04  2.40860000E-04
2001-12-19T17:30:37.538 -1.54210000E-04 -1.11460000E-05  3.90810000E-04
2001-12-19T17:30:38.538 -3.02590000E-05 -3.43640000E-04  5.90700000E-04
2001-12-19T17:30:39.538 -2.13130000E-04 -9.49100000E-05  5.21410000E-04
2001-12-19T17:30:40.538 -1.49250000E-04 -2.90990000E-04  6.40190000E-04
2001-12-19T17:30:41.538  6.10960000E-06 -1.33960000E-04  2.65860000E-04
2001-12-19T17:30:42.538 -1.23100000E-04 -1.46030000E-04  4.23870000E-04
2001-12-19T17:30:43.538 -2.09550000E-04 -2.40290000E-04  3.64850000E-04
2001-12-19T17:30:44.538 -9.14340000E-05 -1.30050000E-04  5.90120000E-04
2001-12-19T17:30:45.538 -1.31260000E-04 -2.11780000E-04  7.59030000E-04
2001-12-19T17:30:46.538 -9.15110000E-05 -1.92870000E-04  3.23590000E-04
2001-12-19T17:30:47.538 -1.44060000E-04 -1.90690000E-04  3.61490000E-04
2001-12-19T17:30:48.538 -1.76040000E-04 -1.95330000E-04  8.08940000E-04
2001-12-19T17:30:49.538 -7.80210000E-05 -2.00460000E-04  3.83020000E-04
2001-12-19T17:30:50.538 -1.55500000E-04 -2.17310000E-04  4.92590000E-04
2001-12-19T17:30:51.538 -1.44840000E-04 -2.08830000E-04  3.23860000E-04
2001-12-19T17:30:52.538 -1.21220000E-04 -2.44120000E-04  3.47110000E-04
2001-12-19T17:30:53.538 -1.37930000E-04 -2.12920000E-04  6.16750000E-04
2001-12-19T17:30:54.538 -6.28150000E-05 -1.83910000E-04  6.74350000E-04
2001-12-19T17:30:55.538 -9.22920000E-05 -2.20040000E-04  3.45450000E-04
2001-12-19T17:30:56.538 -2.03580000E-04 -3.18610000E-04  6.52520000E-04
2001-12-19T17:30:57.538 -9.60450000E-05 -1.35800000E-04  2.94970000E-04
2001-12-19T17:30:58.538 -2.11070000E-04 -3.17750000E-04  2.99390000E-04
2001-12-19T17:30:59.538 -1.24160000E-04 -1.06230000E-04  5.57890000E-04
2001-12-19T17:31:00.538 -2.13560000E-04 -1.94300000E-04  5.45570000E-04
2001-12-19T17:31:01.538 -2.16050000E-04 -3.28770000E-04  5.87070000E-04
2001-12-19T17:31:02.538 -1.84960000E-04 -2.24860000E-04  4.03130000E-04
2001-12-19T17:31:03.538 -9.93280000E-05 -1.80250000E-04  4.59920000E-04
2001-12-19T17:31:04.538 -2.02590000E-04 -2.18970000E-04  4.05470000E-04
2001-12-19T17:31:05.538 -1.08570000E-04 -1.64620000E-04  8.00310000E-04
2001-12-19T17:31:06.538 -3.17870000E-04 -3.10630000E-04  3.05170000E-04
2001-12-19T17:31:07.538 -1.72840000E-05 -1.44420000E-04  4.94140000E-04
2001-12-19T17:31:08.538 -2.02980000E-04 -3.09960000E-04  2.76760000E-04
2001-12-19T17:31:09.538 -8.16580000E-05 -2.18280000E-04  4.10910000E-04
2001-12-19T17:31:10.538 -1.21600000E-04 -2.16230000E-04  4.04320000E-04
2001-12-19T17:31:11.538  2.82890000E-05 -1.20250000E-04  5.04450000E-04
2001-12-19T17:31:12.538 -1.84360000E-04 -1.57590000E-04  3.57150000E-04
2001-12-19T17:31:13.538 -9.17110000E-05 -3.84000000E-04  5.88760000E-04
2001-12-19T17:31:14.538 -3.02410000E-04 -2.07760000E-04  3.36670000E-04
2001-12-19T17:31:15.538 -7.78780000E-05 -2.04220000E-04  3.73230000E-04
2001-12-19T17:31:16.538 -1.93030000E-04 -2.43780000E-04  5.30440000E-04
2001-12-19T17:31:17.538 -1.32560000E-04 -2.95720000E-04  6.41620000E-04
2001-12-19T17:31:18.538 -2.56290000E-04 -2.71510000E-04  6.91900000E-04
2001-12-19T17:31:19.538 -8.08420000E-05 -1.71770000E-04  4.73380000E-04
2001-12-19T17:31:20.538 -1.68860000E-04 -2.55510000E-04  1.07890000E-04
2001-12-19T17:31:21.538 -1.20710000E-04 -2.91330000E-04  2.40960000E-04
2001-12-19T17:31:22.538 -1.73260000E-04 -3.45640000E-04  4.67900000E-04
2001-12-19T17:31:23.538 -4.83060000E-05 -1.20630000E-04  5.95180000E-04
2001-12-19T17:31:24.538 -1.73440000E-04 -3.08060000E-04  6.04920000E-04
2001-12-19T17:31:25.538 -6.99860000E-05 -2.06530000E-04  3.90510000E-04
2001-12-19T17:31:26.538 -1.28300000E-04 -2.72170000E-04  5.22610000E-04
2001-12-19T17:31:27.538 -1.40660000E-04 -1.45370000E-04  5.40670000E-04
2001-12-19T17:31:28.538 -1.68280000E-04 -2.77280000E-04  3.09700000E-04
2001-12-19T17:31:29.538 -8.55030000E-05 -8.11240000E-05  3.34040000E-04
2001-12-19T17:31:30.538 -2.15610000E-04 -2.86500000E-04  6.52560000E-04
2001-12-19T17:31:31.538 -4.92710000E-05 -1.82690000E-04  4.64190000E-04
2001-12-19T17:31:32.538 -4.03420000E-04 -3.45990000E-04  4.22320000E-04
2001-12-19T17:31:33.538 -1.34740000E-04 -1.27950000E-04  3.26020000E-04
2001-12-19T17:31:34.538 -1.37870000E-04 -2.21110000E-04  4.49580000E-04
2001-12-19T17:31:35.538 -1.62780000E-04 -5.34210000E-05  6.38620000E-04
2001-12-19T17:31:36.538 -1.60370000E-04 -3.28090000E-04  4.78370000E-04
2001-12-19T17:31:37.538 -7.14030000E-05 -2.66750000E-04  4.65100000E-04
2001-12-19T17:31:38.538 -1.56920000E-04 -1.99200000E-04  2.95300000E-04
2001-12-19T17:31:39.538 -5.44460000E-05 -1.47540000E-04  3.85890000E-04
2001-12-19T17:31:40.538 -2.99040000E-04 -1.46480000E-04  4.27730000E-04
2001-12-19T17:31:41.538 -1.66330000E-04 -1.97680000E-04  4.22600000E-04
2001-12-19T17:31:42.538 -2.46870000E-04 -3.58920000E-04  7.58920000E-04
2001-12-19T17:31:43.538 -7.24540000E-05 -1.87050000E-04  3.95790000E-04
2001-12-19T17:31:44.538 -8.24060000E-05 -1.80760000E-04  4.30470000E-04
2001-12-19T17:31:45.538 -1.19600000E-04 -1.52800000E-04  3.91480000E-04
2001-12-19T17:31:46.538 -4.33740000E-05 -3.27390000E-04  6.67560000E-04
2001-12-19T17:31:47.538 -1.39060000E-04 -2.58410000E-04  4.68440000E-04
2001-12-19T17:31:48.538 -1.85650000E-04 -3.19030000E-04  2.72910000E-04
2001-12-19T17:31:49.538 -3.05170000E-04 -2.53830000E-04  5.29480000E-04
2001-12-19T17:31:50.538 -2.31110000E-04 -1.72430000E-04  4.82390000E-04
2001-12-19T17:31:51.538 -9.48880000E-05 -1.78100000E-04  3.40920000E-04
2001-12-19T17:31:52.538 -2.21370000E-04 -2.35460000E-04  3.71680000E-04
2001-12-19T17:31:53.538 -3.33750000E-05 -7.11480000E-05  6.45530000E-04
2001-12-19T17:31:54.538 -1.04680000E-04 -4.42520000E-04  2.27410000E-04
2001-12-19T17:31:55.538 -4.06890000E-05 -1.21920000E-04  5.35650000E-04
2001-12-19T17:31:56.538 -5.11170000E-05 -1.36690000E-04  3.15080000E-04
2001-12-19T17:31:57.538  3.45250000E-04  4.58060000E-05  4.32040000E-04
2001-12-19T17:31:58.538  1.69260000E-04 -2.52060000E-04  3.05800000E-04
2001-12-19T17:31:59.538 -1.99710000E-04 -1.37790000E-04  5.71070000E-04
2001-12-19T17:32:00.538 -1.64360000E-04 -2.42200000E-04  4.58010000E-04
2001-12-19T17:32:01.538  1.04920000E-07 -3.63320000E-04  2.72790000E-04
2001-12-19T17:32:02.538 -2.50920000E-04 -7.05790000E-05  5.37390000E-04
2001-12-19T17:32:03.538 -1.79470000E-04 -2.23010000E-04  6.21470000E-04
2001-12-19T17:32:04.538 -1.49400000E-04 -3.03620000E-04  2.90050000E-04
2001-12-19T17:32:05.538 -1.43970000E-04 -2.00120000E-04  5.61800000E-04
2001-12-19T17:32:06.538 -1.96360000E-04 -3.31710000E-04  5.13930000E-04
2001-12-19T17:32:07.538 -1.48730000E-04 -2.30240000E-04  4.79760000E-04
2001-12-19T17:32:08.538 -2.35570000E-04 -2.93250000E-04  6.33080000E-04
2001-12-19T17:32:09.538 -3.51990000E-05 -1.46350000E-04  1.38810000E-04
2001-12-19T17:32:10.538 -1.53370000E-04 -2.68750000E-04  5.80710000E-04
2001-12-19T17:32:11.538 -9.02080000E-05 -1.78220000E-04  6.51140000E-04
2001-12-19T17:32:12.538 -2.08490000E-04 -4.70370000E-04  2.97210000E-04
2001-12-19T17:32:13.538 -2.32420000E-04  2.44280000E-05  4.62700000E-04
2001-12-19T17:32:14.538 -1.62420000E-04 -3.94480000E-04  2.02060000E-04
2001-12-19T17:32:15.538 -2.39800000E-04 -1.00260000E-04  7.47450000E-04
2001-12-19T17:32:16.538 -7.10110000E-05 -1.83550000E-04  2.94870000E-04
2001-12-19T17:32:17.538  7.21330000E-05 -1.81340000E-04  1.08940000E-04
2001-12-19T17:32:18.538 -3.68150000E-04 -2.82570000E-04  7.70010000E-04
2001-12-19T17:32:19.538 -5.22720000E-05 -4.27070000E-05  6.21510000E-04
2001-12-19T17:32:20.538 -2.05440000E-04 -3.52430000E-04  3.52850000E-04
2001-12-19T17:32:21.538 -1.41760000E-04 -1.66290000E-04  3.75020000E-04
2001-12-19T17:32:22.538 -1.81020000E-04 -1.35390000E-04  4.08330000E-04
2001-12-19T17:32:23.538 -1.87400000E-04 -2.26800000E-04  3.76030000E-04
2001-12-19T17:32:24.538 -2.51250000E-04 -2.64460000E-04  7.16720000E-04
2001-12-19T17:32:25.538 -8.08660000E-05 -2.06640000E-04  3.53670000E-04
2001-12-19T17:32:26.538 -3.01430000E-04 -3.83650000E-04  4.43690000E-04
2001-12-19T17:32:27.538 -1.01400000E-04 -1.09900000E-04  5.79620000E-04
2001-12-19T17:32:28.538 -8.53440000E-05 -3.05200000E-04  2.98780000E-04
2001-12-19T17:32:29.538 -1.48980000E-04 -2.72680000E-04  7.93040000E-04
2001-12-19T17:32:30.538 -2.75140000E-04 -1.59080000E-04  1.85910000E-04
2001-12-19T17:32:31.538 -7.87580000E-05 -2.27630000E-04  4.13910000E-04
2001-12-19T17:32:32.538 -1.39980000E-04 -3.01970000E-04  6.64250000E-04
2001-12-19T17:32:33.538 -1.09950000E-04  1.64640000E-05  5.08050000E-04
2001-12-19T17:32:34.538 -4.86090000E-05 -3.18500000E-04  5.20740000E-04
2001-12-19T17:32:35.538 -1.84640000E-04 -1.70020000E-04  2.01290000E-04
2001-12-19T17:32:36.538 -2.04490000E-04 -3.29430000E-04  4.46200000E-04
2001-12-19T17:32:37.538 -2.02050000E-04 -1.81080000E-04  9.09960000E-04
2001-12-19T17:32:38.538 -1.05810000E-04 -2.03840000E-04  3.39480000E-04
2001-12-19T17:32:39.538 -1.17340000E-04 -2.10730000E-04  4.07310000E-04
2001-12-19T17:32:40.538 -1.89800000E-04 -2.51210000E-04  3.43680000E-04
2001-12-19T17:32:41.538 -1.10090000E-04 -3.45640000E-04  3.71960000E-04
2001-12-19T17:32:42.538 -2.47530000E-04 -9.50030000E-05  4.85430000E-04
2001-12-19T17:32:43.538 -1.34600000E-04 -1.75390000E-04  4.81920000E-04
2001-12-19T17:32:44.538 -1.45050000E-04 -7.04300000E-05  7.58270000E-04
2001-12-19T17:32:45.538 -1.39970000E-04 -3.25080000E-04  5.49050000E-04
2001-12-19T17:32:46.538 -6.49610000E-05 -2.15670000E-04  2.74530000E-04
2001-12-19T17:32:47.538 -1.55270000E-04 -2.52790000E-04  3.25440000E-04
2001-12-19T17:32:48.538 -2.36840000E-04 -2.18820000E-04  6.18740000E-04
2001-12-19T17:32:49.538 -1.04610000E-04 -9.26020000E-05  4.71190000E-04
2001-12-19T17:32:50.538 -1.52820000E-04 -2.63440000E-04  5.94260000E-04
2001-12-19T17:33:59.939 -2.16740000E-04 -2.86220000E-04  3.00150000E-04
2001-12-19T17:34:00.939 -1.33870000E-04 -1.18820000E-04  4.46500000E-04
2001-12-19T17:34:01.939 -1.01150000E-04 -2.30210000E-04  5.88720000E-04
2001-12-19T17:34:02.939 -1.15710000E-04 -1.08060000E-04  5.71400000E-04
2001-12-19T17:34:03.939 -1.53350000E-04 -1.42330000E-04  2.87720000E-04
2001-12-19T17:34:04.939 -1.38790000E-04 -3.48680000E-04  5.77670000E-04
2001-12-19T17:34:05.939 -4.19450000E-04 -2.00460000E-04  6.55750000E-04
2001-12-19T17:34:06.939 -1.80910000E-04 -1.29500000E-04  4.29410000E-04
2001-12-19T17:34:07.939 -2.20410000E-04 -1.61410000E-04  7.18770000E-04
2001-12-19T17:34:08.939 -1.50870000E-04 -1.68290000E-04  7.46300000E-04
2001-12-19T17:34:09.939 -2.55990000E-04 -2.92700000E-04  3.77910000E-04
2001-12-19T17:34:10.939 -9.84970000E-05 -7.87190000E-05  4.77930000E-04
2001-12-19T17:34:11.939 -2.52480000E-04 -2.46740000E-04  6.79820000E-04
2001-12-19T17:34:12.939 -1.08430000E-04 -1.70930000E-04  3.91430000E-04
2001-12-19T17:34:13.939 -2.79680000E-04 -2.28850000E-04  5.74520000E-04
2001-12-19T17:34:14.939 -4.52150000E-05  3.80710000E-05  7.73540000E-04
2001-12-19T17:34:15.939 -2.86910000E-04 -3.95340000E-04  2.38810000E-04
2001-12-19T17:34:16.939 -1.47320000E-04 -1.21490000E-04  8.14780000E-04
2001-12-19T17:34:17.939 -1.84950000E-04 -2.35350000E-04  6.04940000E-04
2001-12-19T17:34:18.939 -3.50190000E-04 -9.41710000E-05  4.69360000E-04
2001-12-19T17:34:19.939 -2.04960000E-04 -1.55580000E-04  4.83760000E-04
2001-12-19T17:34:20.939 -1.43950000E-04 -2.02440000E-04  3.87100000E-04
2001-12-19T17:34:21.939 -3.97160000E-04 -1.41180000E-04  4.92210000E-04
2001-12-19T17:34:22.939 -5.71660000E-05 -2.52830000E-04  7.15780000E-04
2001-12-19T17:34:23.939 -2.45930000E-04 -1.14360000E-04  5.19320000E-04
2001-12-19T17:34:24.939 -1.23280000E-04 -2.17250000E-04  2.97400000E-04
2001-12-19T17:34:25.939 -2.73060000E-04 -9.11900000E-05  8.87660000E-04
2001-12-19T17:34:26.939 -1.19940000E-04 -7.51190000E-05  5.09660000E-04
2001-12-19T17:34:27.939 -1.31780000E-04 -3.09300000E-04  5.06830000E-04
2001-12-19T17:34:28.939 -1.96970000E-04 -1.07880000E-04  7.94680000E-04
