2001-12-28T17:38:22.693  3.25590000E-04 -3.47220000E-04  2.89160000E-04
2001-12-28T17:38:23.693 -2.02880000E-04 -7.56130000E-04  5.70560000E-04
2001-12-28T17:38:24.693 -2.37280000E-05  1.21240000E-04  5.42840000E-04
2001-12-28T17:38:25.693 -4.84380000E-04 -7.11490000E-05  3.29310000E-04
2001-12-28T17:38:26.693  1.50730000E-04 -2.73780000E-04  2.39760000E-04
2001-12-28T17:38:27.693  8.21500000E-05 -5.32400000E-04  4.49200000E-04
2001-12-28T17:38:28.693  1.91560000E-04 -2.22150000E-04  8.01150000E-04
2001-12-28T17:38:29.693 -3.73850000E-04 -4.55750000E-05 -6.09190000E-05
2001-12-28T17:38:30.693 -3.02120000E-04 -3.89540000E-05  6.49070000E-04
2001-12-28T17:38:31.693  2.57870000E-04 -2.21930000E-04  4.06130000E-04
2001-12-28T17:38:32.693 -9.26820000E-05 -7.18150000E-04  5.24820000E-04
2001-12-28T17:38:33.693  2.90210000E-04 -4.71710000E-05 -9.23640000E-05
2001-12-28T17:38:34.693 -6.94930000E-04 -3.64120000E-04  8.58860000E-04
2001-12-28T17:38:35.693 -1.75640000E-04  2.26170000E-04  2.15330000E-04
2001-12-28T17:38:36.693 -2.48560000E-04 -4.10250000E-04  5.12220000E-04
2001-12-28T17:38:37.693  3.52370000E-04 -3.61350000E-04  1.96790000E-04
2001-12-28T17:38:38.693 -1.54420000E-04 -6.62430000E-04  2.44590000E-04
2001-12-28T17:38:39.693 -6.50170000E-05  1.90370000E-04  8.34160000E-04
2001-12-28T17:38:40.693 -6.72000000E-04 -2.58600000E-04  6.51610000E-04
2001-12-28T17:38:41.693  3.34210000E-04 -1.76190000E-04  1.20220000E-04
2001-12-28T17:38:42.693 -2.76400000E-06 -5.18700000E-04  1.33340000E-04
2001-12-28T17:38:43.693  2.24840000E-04 -1.14290000E-04  7.56380000E-04
2001-12-28T17:38:44.693 -6.66180000E-04 -2.71820000E-04  4.44510000E-04
2001-12-28T17:38:45.693  2.69900000E-05  1.42020000E-04  1.28430000E-04
2001-12-28T17:38:46.693 -3.67880000E-04 -1.53080000E-04  3.57660000E-04
2001-12-28T17:38:47.693  2.94020000E-04 -3.79800000E-04  4.60640000E-04
2001-12-28T17:38:48.693 -2.56120000E-04 -6.90030000E-04  7.50870000E-04
2001-12-28T17:38:49.693  1.29930000E-04  3.97550000E-05  4.13500000E-04
2001-12-28T17:38:50.693 -6.47960000E-04 -5.14690000E-05  1.26150000E-04
2001-12-28T17:38:51.693  6.65780000E-05 -6.30700000E-05  5.02350000E-04
2001-12-28T17:38:52.693  2.01880000E-04 -5.29290000E-04  2.69780000E-04
2001-12-28T17:38:53.693 -7.74350000E-05 -4.99850000E-04  5.56630000E-04
2001-12-28T17:38:54.693 -2.89060000E-04 -1.63230000E-04  5.42400000E-04
2001-12-28T17:38:55.693 -2.66810000E-04  9.24670000E-06  3.99750000E-04
2001-12-28T17:38:56.693 -1.03420000E-04 -1.14430000E-04  4.11580000E-04
2001-12-28T17:38:57.693 -4.81650000E-05 -6.86630000E-04  4.71880000E-04
2001-12-28T17:38:58.693  2.15970000E-04 -1.91210000E-04  5.59430000E-04
2001-12-28T17:38:59.693 -5.07860000E-04 -2.42550000E-04  9.98540000E-05
2001-12-28T17:39:00.693 -8.61830000E-05  5.33300000E-05  4.30230000E-04
2001-12-28T17:39:01.693 -1.42780000E-04 -3.66780000E-04  6.48480000E-04
2001-12-28T17:39:02.693  3.31270000E-04 -2.35820000E-04  3.67510000E-04
2001-12-28T17:39:03.693 -2.71060000E-04 -2.84550000E-04  2.93260000E-04
2001-12-28T17:39:04.693  6.04880000E-05 -5.81210000E-05  4.38370000E-04
2001-12-28T17:39:05.693 -5.50330000E-04 -2.92560000E-04  5.63190000E-04
2001-12-28T17:39:06.693  2.88460000E-04  4.90960000E-05  2.15070000E-04
2001-12-28T17:39:07.693 -2.70380000E-04 -8.78670000E-04  1.69350000E-04
2001-12-28T17:39:08.693  2.57430000E-04 -1.26230000E-04  7.17320000E-04
2001-12-28T17:39:09.693 -5.82510000E-04 -2.89160000E-04  5.70870000E-04
2001-12-28T17:39:10.693  1.20350000E-04  3.13500000E-04  1.54240000E-04
2001-12-28T17:39:11.693 -4.66120000E-04 -5.54010000E-04  3.52710000E-04
2001-12-28T17:39:12.693  3.96530000E-04 -2.67550000E-04  4.61340000E-04
2001-12-28T17:39:13.693 -1.78350000E-04 -6.05790000E-04  7.71160000E-04
2001-12-28T17:39:14.693 -4.34080000E-05  1.91600000E-04  4.83910000E-04
2001-12-28T17:39:15.693 -5.81190000E-04 -3.45740000E-04  2.53380000E-04
2001-12-28T17:39:16.693  1.82750000E-04 -1.67800000E-04  4.32820000E-04
2001-12-28T17:39:17.693  2.07650000E-04 -4.20500000E-04  4.16530000E-04
2001-12-28T17:39:18.693 -1.31980000E-04 -5.05310000E-04  3.42910000E-04
2001-12-28T17:39:19.693 -2.87430000E-04  1.15230000E-04  6.73380000E-04
2001-12-28T17:39:20.693 -3.72180000E-04 -1.45480000E-04  4.31720000E-04
2001-12-28T17:39:21.693  1.79750000E-04 -3.17950000E-04  1.66230000E-04
2001-12-28T17:39:22.693  8.53920000E-06 -6.41390000E-04  5.61310000E-04
2001-12-28T17:39:23.693  3.73080000E-05 -7.45840000E-05  5.65250000E-04
2001-12-28T17:39:24.693 -4.25500000E-04 -3.10430000E-04  3.60540000E-04
2001-12-28T17:39:25.693 -2.14890000E-05  2.82830000E-04  1.51800000E-04
2001-12-28T17:39:26.693 -3.51310000E-04 -6.57810000E-04  6.33340000E-04
2001-12-28T17:39:27.693  5.06610000E-04 -3.03440000E-04  5.00360000E-04
2001-12-28T17:39:28.693 -4.27020000E-04 -4.92440000E-04  4.54770000E-04
2001-12-28T17:39:29.693 -9.50010000E-05  2.25320000E-04  5.09870000E-04
2001-12-28T17:39:30.693 -6.39820000E-04 -6.02410000E-04  6.43490000E-04
2001-12-28T17:39:31.693  3.45260000E-04  3.01160000E-05  2.49950000E-04
2001-12-28T17:39:32.693 -8.51300000E-06 -5.99460000E-04  3.85040000E-04
2001-12-28T17:39:33.693  1.71610000E-04  6.62450000E-05  4.21450000E-04
2001-12-28T17:39:34.693 -7.69720000E-04 -3.59160000E-04  3.12030000E-04
2001-12-28T17:39:35.693  1.97000000E-04  2.69440000E-05  4.28250000E-04
2001-12-28T17:39:36.693 -1.21260000E-04 -6.95810000E-04  6.43550000E-04
2001-12-28T17:39:37.693  4.18450000E-04 -2.63980000E-04  6.89640000E-04
2001-12-28T17:39:38.693 -5.39890000E-04 -2.93570000E-04  6.30150000E-05
2001-12-28T17:39:39.693 -7.16180000E-05  2.50910000E-04  6.23320000E-04
2001-12-28T17:39:40.693 -8.12130000E-05 -2.28620000E-04  5.34530000E-04
2001-12-28T17:39:41.693 -1.36110000E-04 -2.96610000E-04  1.40760000E-04
2001-12-28T17:39:42.693  1.36720000E-04 -5.68940000E-04  5.41200000E-04
2001-12-28T17:39:43.693 -5.96690000E-05 -1.66470000E-04  4.94860000E-04
2001-12-28T17:39:44.693 -3.14160000E-04  6.61650000E-05  4.04340000E-04
2001-12-28T17:39:45.693 -4.89690000E-05 -5.07690000E-04  2.30190000E-04
2001-12-28T17:39:46.693  4.56350000E-04 -8.84320000E-05  5.92720000E-04
2001-12-28T17:39:47.693 -3.03420000E-04 -7.32540000E-04  2.44720000E-04
2001-12-28T17:39:48.693  3.23250000E-05  2.52870000E-04  5.18650000E-04
2001-12-28T17:39:49.693 -6.63070000E-04 -4.07130000E-04  4.25120000E-04
2001-12-28T17:39:50.693  3.85120000E-04 -2.50040000E-04  4.41300000E-04
2001-12-28T17:39:51.693 -1.29390000E-04 -4.92430000E-04  5.43700000E-04
2001-12-28T17:39:52.693  3.64440000E-04 -6.43010000E-05 -1.74290000E-04
2001-12-28T17:39:53.693 -5.73210000E-04 -3.52910000E-04  9.40460000E-04
2001-12-28T17:39:54.693  2.88290000E-05  3.69220000E-04  2.60700000E-04
2001-12-28T17:39:55.693 -5.77750000E-04 -6.34680000E-04  3.56440000E-04
2001-12-28T17:39:56.693  7.09930000E-04 -3.47080000E-04  4.32880000E-04
2001-12-28T17:39:57.693 -4.62430000E-04 -4.71010000E-04  3.73360000E-04
2001-12-28T17:39:58.693 -2.97180000E-05  1.42840000E-04  6.47020000E-04
2001-12-28T17:39:59.693 -4.74480000E-04 -7.09600000E-05  5.32580000E-04
2001-12-28T17:40:00.693  2.57800000E-05 -3.12100000E-04  3.74670000E-04
2001-12-28T17:40:01.693  6.74240000E-05 -3.57030000E-04  2.53390000E-04
2001-12-28T17:40:02.693  3.73470000E-05 -5.41880000E-04  6.72810000E-04
2001-12-28T17:40:03.693 -4.04490000E-04 -2.65810000E-05  5.27190000E-04
2001-12-28T17:40:04.693 -1.20640000E-04 -2.09910000E-04  3.77240000E-05
2001-12-28T17:40:05.693  8.45930000E-05 -3.64990000E-04  5.48870000E-04
2001-12-28T17:40:06.693  2.83710000E-05 -4.37480000E-04  4.29950000E-04
2001-12-28T17:40:07.693  6.92700000E-05 -1.63760000E-04  7.57790000E-04
2001-12-28T17:40:08.693 -4.15140000E-04 -2.38890000E-05  1.95890000E-05
2001-12-28T17:40:09.693  1.24670000E-04  2.27360000E-04  8.43890000E-04
2001-12-28T17:40:10.693 -5.82250000E-04 -7.01320000E-04  1.33730000E-04
2001-12-28T17:40:11.693  5.14390000E-04 -3.14170000E-04  2.81950000E-04
2001-12-28T17:40:12.693 -5.13880000E-04 -6.80550000E-04  4.30200000E-04
2001-12-28T17:40:13.693  6.48910000E-05  4.84900000E-04  2.74890000E-04
2001-12-28T17:40:14.693 -7.18540000E-04 -4.28420000E-04  7.88720000E-04
2001-12-28T17:40:15.693  2.59040000E-04  3.14450000E-05  3.64570000E-04
2001-12-28T17:40:16.693 -1.72430000E-04 -8.10490000E-04  2.45390000E-04
2001-12-28T17:40:17.693  3.28780000E-04 -3.09070000E-04  4.12740000E-04
2001-12-28T17:40:18.693 -8.30610000E-04 -3.48820000E-04  6.12890000E-04
2001-12-28T17:40:19.693  1.50010000E-04  2.65750000E-04  5.63250000E-04
2001-12-28T17:40:20.693 -2.40610000E-05 -6.16690000E-04  4.45370000E-04
2001-12-28T17:40:21.693  3.28230000E-04 -2.26700000E-04  3.03510000E-04
2001-12-28T17:40:22.693 -1.91290000E-04 -3.96460000E-04  3.91460000E-04
2001-12-28T17:40:23.693 -1.31360000E-04  7.95100000E-05  6.38760000E-04
2001-12-28T17:40:24.693 -3.70240000E-04 -8.80630000E-05  1.09140000E-04
2001-12-28T17:40:25.693  2.65720000E-04 -4.39520000E-04  5.32970000E-04
2001-12-28T17:40:26.693 -5.79860000E-05 -4.73280000E-04  3.87720000E-04
2001-12-28T17:40:27.693 -1.30240000E-04 -2.64480000E-04  2.86290000E-04
2001-12-28T17:40:28.693 -5.07150000E-04  8.32650000E-05  7.17130000E-04
2001-12-28T17:40:29.693 -7.91290000E-05 -2.12850000E-04  1.55630000E-05
2001-12-28T17:40:30.693  1.10390000E-04 -1.57650000E-04  3.87360000E-04
2001-12-28T17:40:31.693  1.60840000E-05 -6.42320000E-04  7.59570000E-04
2001-12-28T17:40:32.693  1.20350000E-04 -6.41820000E-05  3.06930000E-04
2001-12-28T17:40:33.693 -6.85690000E-04 -3.15900000E-04  4.70980000E-04
2001-12-28T17:40:34.693 -2.39640000E-05  1.99780000E-04  2.00180000E-04
2001-12-28T17:40:35.693 -1.38700000E-04 -7.28280000E-04  8.79590000E-04
2001-12-28T17:40:36.693  2.74640000E-04 -2.56210000E-04  1.90840000E-04
2001-12-28T17:40:37.693 -2.15150000E-04 -4.96310000E-04  3.89120000E-04
2001-12-28T17:40:38.693 -1.93620000E-04  1.30110000E-04  5.31730000E-04
2001-12-28T17:40:39.693 -4.98520000E-04 -1.60870000E-04  2.08950000E-04
2001-12-28T17:40:40.693  5.03040000E-04 -1.73590000E-04  8.07780000E-04
2001-12-28T17:40:41.693 -4.39770000E-04 -6.52380000E-04  1.99530000E-04
2001-12-28T17:40:42.693  3.26140000E-04 -1.14370000E-04  6.02150000E-04
2001-12-28T17:40:43.693 -6.48290000E-04 -2.07270000E-04  2.47980000E-04
2001-12-28T17:40:44.693  1.15370000E-04  2.54190000E-04  5.28920000E-04
2001-12-28T17:40:45.693 -4.91040000E-04 -6.80050000E-04  3.50400000E-04
2001-12-28T17:40:46.693  5.02700000E-04 -2.37170000E-04  4.63320000E-04
2001-12-28T17:40:47.693 -5.90190000E-04 -5.53920000E-04  2.14630000E-04
2001-12-28T17:40:48.693  1.28030000E-04  1.27420000E-04  5.72220000E-04
2001-12-28T17:40:49.693 -4.62090000E-04 -2.54470000E-04  3.95820000E-04
2001-12-28T17:40:50.693  3.18050000E-04 -3.87440000E-05  6.31640000E-04
2001-12-28T17:40:51.693 -1.58080000E-04 -7.04130000E-04  9.08950000E-05
2001-12-28T17:40:52.693  3.77640000E-05 -1.52250000E-04  4.71160000E-04
2001-12-28T17:40:53.693 -2.76820000E-04 -4.85190000E-05  5.31610000E-04
2001-12-28T17:40:54.693 -3.17960000E-04 -6.44550000E-05  4.32670000E-04
2001-12-28T17:40:55.693  2.39790000E-04 -2.17920000E-04  8.99530000E-05
2001-12-28T17:40:56.693 -7.19270000E-05 -5.45470000E-04  4.39280000E-04
2001-12-28T17:40:57.693  2.86540000E-05 -2.63130000E-04  5.96770000E-04
2001-12-28T17:40:58.693 -5.35130000E-04 -1.30260000E-04  7.24920000E-04
2001-12-28T17:40:59.693  1.02570000E-04  1.07890000E-04  9.60800000E-05
2001-12-28T17:41:00.693 -4.77990000E-04 -6.36500000E-04  1.03070000E-04
2001-12-28T17:41:01.693  3.14010000E-04 -3.42500000E-04  3.85850000E-04
2001-12-28T17:41:02.693 -2.15170000E-04 -5.76980000E-04  8.12730000E-04
2001-12-28T17:41:03.693  2.34270000E-05  3.14230000E-04  4.64060000E-04
2001-12-28T17:41:04.693 -6.46200000E-04 -3.83990000E-04  1.56450000E-04
2001-12-28T17:41:05.693  3.83780000E-04 -1.57060000E-04  6.16330000E-04
2001-12-28T17:41:06.693 -1.55670000E-04 -6.62200000E-04  3.51900000E-04
2001-12-28T17:41:07.693  2.89910000E-04 -8.28900000E-05  2.49650000E-04
2001-12-28T17:41:08.693 -6.58030000E-04 -3.01400000E-04  5.73130000E-04
2001-12-28T17:41:09.693  6.80760000E-05  2.18690000E-04  3.56600000E-04
2001-12-28T17:41:10.693 -2.15840000E-04 -8.39960000E-04  2.11730000E-04
2001-12-28T17:41:11.693  3.45670000E-04 -8.04320000E-05  6.82360000E-04
2001-12-28T17:41:12.693 -3.66060000E-04 -4.70900000E-04  3.96110000E-04
2001-12-28T17:41:13.693 -1.64350000E-04  3.49720000E-04  4.90050000E-04
2001-12-28T17:41:14.693 -3.33970000E-04 -4.06580000E-04  3.77090000E-04
2001-12-28T17:41:15.693  3.20070000E-04 -3.74580000E-04  4.97530000E-04
2001-12-28T17:41:16.693  4.06380000E-05 -5.57650000E-04  3.58430000E-04
2001-12-28T17:41:17.693 -1.78860000E-04  1.28370000E-05  4.60820000E-04
2001-12-28T17:41:18.693 -2.43800000E-04  1.38930000E-04  3.05440000E-04
2001-12-28T17:41:19.693 -2.84910000E-04 -2.93360000E-04  4.54600000E-04
2001-12-28T17:41:20.693  1.27530000E-04 -6.28540000E-04  6.92510000E-04
2001-12-28T17:41:21.693 -1.00300000E-05 -4.91640000E-04  2.38780000E-04
2001-12-28T17:41:22.693 -1.76620000E-04  2.83060000E-05  5.39240000E-04
2001-12-28T17:41:23.693 -4.05850000E-04 -2.26260000E-04  3.40940000E-04
2001-12-28T17:41:24.693  1.66480000E-04 -1.14570000E-04  4.83700000E-04
2001-12-28T17:41:25.693 -2.69160000E-04 -3.73960000E-04  1.67800000E-04
2001-12-28T17:41:26.693  3.85400000E-04 -7.07800000E-05  6.07490000E-04
2001-12-28T17:41:27.693 -4.58930000E-04 -4.95650000E-04  5.52190000E-04
2001-12-28T17:41:28.693 -1.57170000E-05  2.69100000E-04  3.17440000E-04
2001-12-28T17:41:29.693 -3.36270000E-04 -5.40010000E-04  4.02280000E-04
2001-12-28T17:41:30.693  1.53090000E-04 -3.81060000E-06  4.05890000E-04
2001-12-28T17:41:31.693 -6.34970000E-05 -7.30090000E-04  6.13790000E-04
2001-12-28T17:41:32.693 -7.39340000E-06  6.16940000E-05 -2.57270000E-05
2001-12-28T17:41:33.693 -5.08790000E-04 -3.49740000E-04  6.54640000E-04
2001-12-28T17:41:34.693  8.66300000E-05  2.25760000E-04  6.53940000E-04
2001-12-28T17:41:35.693 -5.91620000E-06 -6.86350000E-04  1.69840000E-04
2001-12-28T17:41:36.693  1.72910000E-04 -1.26470000E-04  7.52250000E-04
2001-12-28T17:41:37.693 -3.45000000E-04 -3.92890000E-04  1.38060000E-04
2001-12-28T17:41:38.693 -2.16760000E-04  5.83770000E-06  6.81890000E-04
2001-12-28T17:41:39.693 -1.73760000E-04  2.82490000E-05  3.01400000E-04
2001-12-28T17:41:40.693 -1.03460000E-06 -5.94650000E-04  8.63090000E-05
2001-12-28T17:41:41.693  2.55040000E-04 -2.07510000E-04  7.51270000E-04
2001-12-28T17:41:42.693 -2.64210000E-04 -3.93720000E-04  4.63970000E-04
2001-12-28T17:41:43.693 -2.30360000E-04  6.87870000E-05  4.53510000E-04
2001-12-28T17:41:44.693 -3.91720000E-04 -4.02040000E-04  5.14790000E-04
2001-12-28T17:41:45.693  6.87700000E-05 -3.60210000E-04  3.16130000E-04
2001-12-28T17:41:46.693  2.71270000E-05 -4.68600000E-04  3.92950000E-04
2001-12-28T17:41:47.693  8.87320000E-05 -2.78360000E-06  4.39460000E-04
2001-12-28T17:41:48.693 -5.36870000E-04 -1.12770000E-04  6.79740000E-04
2001-12-28T17:41:49.693 -1.09130000E-04  9.40020000E-06  2.93570000E-04
2001-12-28T17:41:50.693 -6.91300000E-05 -5.71600000E-04  4.06650000E-04
2001-12-28T17:41:51.693  4.89850000E-04 -1.38960000E-04  3.67310000E-04
2001-12-28T17:41:52.693 -4.47730000E-04 -5.31760000E-04  2.30250000E-04
2001-12-28T17:41:53.693 -5.68200000E-05  3.74650000E-04  5.08970000E-04
2001-12-28T17:41:54.693 -4.73300000E-04 -4.21220000E-04  5.94260000E-04
2001-12-28T17:41:55.693  3.42120000E-04 -2.54280000E-04  2.87770000E-04
2001-12-28T17:41:56.693 -1.21500000E-04 -8.11540000E-04  2.94090000E-04
2001-12-28T17:41:57.693  1.04130000E-04  1.41340000E-04  7.12270000E-04
2001-12-28T17:41:58.693 -7.39000000E-04 -3.07580000E-04  3.43850000E-04
2001-12-28T17:41:59.693  2.05450000E-04  3.64190000E-05  4.28830000E-04
2001-12-28T17:42:00.693 -2.43240000E-04 -6.66620000E-04  3.84960000E-04
2001-12-28T17:42:01.693  3.22450000E-04 -1.10400000E-04  2.21900000E-04
2001-12-28T17:42:02.693 -3.06670000E-04 -3.80380000E-04  5.53900000E-04
2001-12-28T17:42:03.693 -2.80350000E-04  8.49950000E-05  4.97660000E-04
2001-12-28T17:42:04.693 -9.21280000E-05 -3.25170000E-04  5.67270000E-04
2001-12-28T17:42:05.693  1.52510000E-04 -4.82910000E-04  2.39240000E-04
2001-12-28T17:42:06.693  1.43870000E-04 -2.71700000E-04  3.49610000E-04
2001-12-28T17:42:07.693 -2.89100000E-04 -1.19480000E-04  6.27090000E-04
2001-12-28T17:42:08.693 -1.39870000E-04  1.28830000E-04  6.16190000E-04
2001-12-28T17:42:09.693 -4.17440000E-04 -3.71010000E-04  2.24990000E-04
2001-12-28T17:42:10.693  8.07830000E-05 -1.48200000E-04  4.44600000E-04
2001-12-28T17:42:11.693 -4.66820000E-05 -8.31570000E-04  4.83250000E-04
2001-12-28T17:42:12.693  2.15380000E-04  1.34440000E-04  4.42530000E-04
2001-12-28T17:42:13.693 -6.93870000E-04 -1.99520000E-04  2.57610000E-04
2001-12-28T17:42:14.693  2.39280000E-04 -1.47590000E-05  4.71370000E-04
2001-12-28T17:42:15.693 -5.89900000E-04 -6.09020000E-04  3.98520000E-04
2001-12-28T17:42:16.693  4.57960000E-04 -4.00150000E-04  4.72410000E-04
2001-12-28T17:42:17.693 -3.16160000E-04 -3.25210000E-04  4.94930000E-04
2001-12-28T17:42:18.693  4.63170000E-05  4.01540000E-04  3.17070000E-04
2001-12-28T17:42:19.693 -6.13030000E-04 -4.65500000E-04  5.47900000E-04
2001-12-28T17:42:20.693  3.29860000E-04 -1.58270000E-04  2.65810000E-04
2001-12-28T17:42:21.693 -2.13140000E-04 -8.12020000E-04  3.33440000E-04
2001-12-28T17:42:22.693  2.29760000E-04  1.16190000E-04  4.44980000E-04
2001-12-28T17:42:23.693 -5.34720000E-04 -1.84310000E-04  6.34590000E-04
2001-12-28T17:42:24.693  1.75410000E-04  1.32440000E-04  1.33990000E-04
2001-12-28T17:42:25.693 -2.09930000E-04 -5.65760000E-04  4.80750000E-04
2001-12-28T17:42:26.693  1.17910000E-04 -2.84780000E-04  4.81520000E-04
2001-12-28T17:42:27.693  3.70510000E-05 -2.96200000E-04  3.77120000E-04
2001-12-28T17:42:28.693 -2.20550000E-04 -1.83710000E-05  6.32980000E-04
2001-12-28T17:42:29.693 -1.39730000E-04  1.63310000E-04  3.56380000E-04
2001-12-28T17:42:30.693 -1.38470000E-04 -7.10950000E-04  4.08320000E-04
2001-12-28T17:42:31.693  4.00120000E-04 -8.13030000E-05  3.46380000E-04
2001-12-28T17:42:32.693 -3.90870000E-04 -4.25570000E-04  6.76700000E-04
2001-12-28T17:42:33.693 -3.29750000E-05  1.74500000E-04  3.84100000E-04
2001-12-28T17:42:34.693 -5.24560000E-04 -3.45480000E-04  3.49110000E-04
2001-12-28T17:42:35.693  2.62210000E-04  5.55810000E-05  2.85470000E-04
2001-12-28T17:42:36.693 -2.59060000E-05 -6.96870000E-04  2.91050000E-04
2001-12-28T17:42:37.693 -1.64420000E-05 -3.27010000E-05  5.42890000E-04
2001-12-28T17:42:38.693 -3.10150000E-04 -1.57440000E-04  4.00050000E-04
2001-12-28T17:42:39.693 -2.25380000E-05  1.36770000E-04  5.87380000E-04
2001-12-28T17:42:40.693 -1.30640000E-04 -1.65080000E-05  4.85080000E-04
2001-12-28T17:42:41.693 -8.69400000E-05 -5.26770000E-04  3.89140000E-04
2001-12-28T17:42:42.693  3.06320000E-04 -1.20870000E-04  3.10460000E-04
2001-12-28T17:42:43.693 -3.53300000E-04 -3.72040000E-04  6.12480000E-04
2001-12-28T17:42:44.693  6.79620000E-05  3.56420000E-04  3.96680000E-04
2001-12-28T17:42:45.693 -4.66350000E-04 -2.03110000E-04  5.71520000E-04
2001-12-28T17:42:46.693  6.04720000E-05  1.09550000E-04  5.77580000E-04
2001-12-28T17:42:47.693 -5.03630000E-04 -6.11560000E-04  4.11910000E-04
2001-12-28T17:42:48.693  5.58190000E-04 -2.82900000E-04  3.65180000E-04
2001-12-28T17:42:49.693 -4.54330000E-04 -3.04230000E-04  3.61930000E-04
2001-12-28T17:42:50.693 -1.11740000E-04  2.85670000E-04  5.13050000E-04
2001-12-28T17:42:51.693 -5.45200000E-04 -2.32510000E-04  4.85950000E-04
2001-12-28T17:42:52.693  9.94200000E-05 -1.45700000E-04  1.94130000E-04
2001-12-28T17:42:53.693  8.52270000E-05 -6.10650000E-04  4.48600000E-04
2001-12-28T17:42:54.693 -6.57310000E-05 -3.15870000E-04  6.91380000E-04
2001-12-28T17:42:55.693 -1.95130000E-04  1.36420000E-04  4.67730000E-04
2001-12-28T17:42:56.693 -3.56000000E-04  3.70320000E-05  4.10830000E-04
2001-12-28T17:42:57.693  1.48680000E-04 -1.41310000E-04  6.28120000E-04
2001-12-28T17:42:58.693 -1.88670000E-04 -5.01020000E-04  3.32520000E-04
2001-12-28T17:42:59.693  1.99690000E-04 -2.26560000E-04  2.56440000E-04
2001-12-28T17:43:00.693 -5.60520000E-04 -3.28830000E-04  3.37980000E-04
2001-12-28T17:43:01.693  1.10380000E-04  4.39360000E-04  7.82350000E-04
2001-12-28T17:43:02.693 -4.58870000E-04 -2.53770000E-04  4.95580000E-04
2001-12-28T17:43:03.693  3.96290000E-05 -8.03010000E-06  5.50340000E-05
2001-12-28T17:43:04.693  1.43340000E-04 -3.57510000E-04  4.83950000E-04
2001-12-28T17:43:05.693 -1.10660000E-04 -1.67520000E-04  5.67900000E-04
2001-12-28T17:43:06.693 -1.37550000E-04 -1.74940000E-04  4.90220000E-04
2001-12-28T17:43:07.693 -4.22740000E-04 -1.32150000E-04  2.24880000E-04
2001-12-28T17:43:08.693 -3.98380000E-05  1.92520000E-04  8.40320000E-04
2001-12-28T17:43:09.693 -1.37900000E-04 -3.03450000E-04  2.68780000E-04
2001-12-28T17:43:10.693  2.03530000E-04  3.32270000E-05  1.82860000E-04
2001-12-28T17:43:11.693 -1.65740000E-04 -4.80360000E-04  8.19340000E-04
2001-12-28T17:43:12.693  1.96730000E-04  2.43230000E-04  1.41980000E-04
2001-12-28T17:43:13.693 -3.38410000E-04 -1.69380000E-05  1.84250000E-04
2001-12-28T17:43:14.693 -2.45810000E-04  1.03200000E-04  4.77410000E-04
2001-12-28T17:43:15.693  4.25080000E-05 -9.57190000E-05  8.46360000E-04
2001-12-28T17:43:16.693 -1.02860000E-04 -2.32000000E-04  7.78110000E-05
2001-12-28T17:43:17.693  2.44430000E-04  1.60280000E-04  4.31710000E-04
2001-12-28T17:43:18.693 -3.52030000E-04 -3.46360000E-04  5.72930000E-04
2001-12-28T17:43:19.693  1.05620000E-04  1.00880000E-04  4.94540000E-04
2001-12-28T17:43:20.693 -3.42830000E-04  5.69750000E-05  1.74190000E-04
2001-12-28T17:43:21.693 -3.05500000E-04  4.34530000E-05  3.18970000E-04
2001-12-28T17:43:22.693 -3.95670000E-05  3.10170000E-04  8.79780000E-04
2001-12-28T17:43:23.693 -2.46100000E-04 -3.21960000E-04  3.59680000E-04
2001-12-28T17:43:24.693  1.80360000E-04 -1.78840000E-05  4.15180000E-04
2001-12-28T17:43:25.693 -2.70540000E-04 -3.39790000E-04  3.42240000E-04
2001-12-28T17:43:26.693  3.55400000E-04  7.19990000E-05  7.29290000E-04
2001-12-28T17:43:27.693 -6.41030000E-04 -1.33350000E-04 -2.31830000E-05
2001-12-28T17:43:28.693 -1.59760000E-04  4.45760000E-04  2.62820000E-04
2001-12-28T17:43:29.693 -3.52010000E-04  1.13770000E-04  4.28340000E-04
2001-12-28T17:43:30.693 -3.91730000E-05  8.68610000E-05  3.94210000E-04
2001-12-28T17:43:31.693  2.42120000E-04  1.85070000E-04  4.98850000E-04
2001-12-28T17:43:32.693 -2.38080000E-04 -9.81340000E-05  3.59510000E-04
2001-12-28T17:43:33.693  1.16560000E-04 -4.55050000E-05  3.67810000E-04
2001-12-28T17:43:34.693  1.06230000E-04  1.16180000E-04  7.01600000E-04
2001-12-28T17:43:35.693 -3.78540000E-04 -1.56490000E-04  4.29250000E-04
2001-12-28T17:43:36.693  4.83570000E-05  3.33500000E-04  1.83440000E-04
2001-12-28T17:43:37.693 -4.15010000E-04  1.64650000E-04  5.35920000E-04
2001-12-28T17:43:38.693 -9.28900000E-06  4.82210000E-05  5.81720000E-04
2001-12-28T17:43:39.693 -3.75150000E-05  1.59320000E-04  3.77850000E-04
2001-12-28T17:43:40.693 -2.34680000E-04 -8.28990000E-05  3.11170000E-04
2001-12-28T17:43:41.693  2.57530000E-04  2.32930000E-04  7.55400000E-04
2001-12-28T17:43:42.693 -2.65820000E-04  2.80680000E-05  1.54380000E-04
2001-12-28T17:43:43.693 -8.83230000E-06  7.50320000E-05  2.56650000E-04
2001-12-28T17:43:44.693  7.10190000E-06  2.69970000E-04  6.00340000E-04
2001-12-28T17:43:45.693 -2.25770000E-04  1.66600000E-04  6.58000000E-04
2001-12-28T17:43:46.693 -1.93350000E-04  3.96490000E-04  5.15380000E-05
2001-12-28T17:43:47.693 -1.52810000E-04  2.67830000E-04  7.45440000E-04
2001-12-28T17:43:48.693 -2.94600000E-04  2.72310000E-04  2.65450000E-04
2001-12-28T17:43:49.693  2.11650000E-05  4.61000000E-04  4.40780000E-04
2001-12-28T17:43:50.693 -2.10610000E-04  3.22930000E-04  6.46540000E-04
2001-12-28T17:43:51.693 -3.33930000E-04  3.62810000E-04  2.76880000E-04
2001-12-28T17:43:52.693  4.28840000E-05  5.56600000E-04  4.49400000E-04
2001-12-28T17:43:53.693 -3.73740000E-04  2.72830000E-04  6.64300000E-04
2001-12-28T17:43:54.693 -1.07060000E-04  6.13440000E-04  3.37770000E-04
2001-12-28T17:43:55.693 -1.68750000E-04  4.01760000E-04  4.37330000E-04
2001-12-28T17:43:56.693 -1.48200000E-04  4.61350000E-04  4.24650000E-04
2001-12-28T17:43:57.693 -9.76670000E-05  4.34880000E-04  4.10620000E-04
2001-12-28T17:43:58.693 -8.61580000E-05  5.02250000E-04  2.22270000E-04
2001-12-28T17:43:59.693 -2.52370000E-05  5.33100000E-04  1.00380000E-03
2001-12-28T17:44:00.693 -1.46780000E-04  6.03080000E-04  1.49720000E-04
2001-12-28T17:44:01.693  9.18050000E-05  5.69510000E-04  4.62340000E-04
2001-12-28T17:44:02.693 -4.12740000E-05  6.78220000E-04  7.40280000E-04
2001-12-28T17:44:03.693 -2.56140000E-04  7.45830000E-04  5.41730000E-04
2001-12-28T17:44:04.693  3.87210000E-05  1.13110000E-03  2.21310000E-04
2001-12-28T17:44:05.693 -1.77150000E-04  8.40860000E-04  3.31080000E-04
2001-12-28T17:44:06.693 -3.34660000E-04  1.14330000E-03  5.47530000E-04
2001-12-28T17:44:07.693 -2.48550000E-04  8.20840000E-04  5.05250000E-04
2001-12-28T17:44:08.693 -8.81140000E-05  9.96840000E-04  4.95590000E-04
2001-12-28T17:44:09.693 -5.30910000E-05  9.85330000E-04  2.13050000E-04
2001-12-28T17:44:10.693 -2.93650000E-05  6.47630000E-04  6.48620000E-04
2001-12-28T17:44:11.693  2.61780000E-05  1.09480000E-03  6.23630000E-04
2001-12-28T17:44:12.693 -3.20980000E-04  1.42920000E-03  2.61160000E-04
2001-12-28T17:44:13.693 -3.18060000E-04  1.45030000E-03  2.82470000E-04
2001-12-28T17:44:14.693 -2.15850000E-04  1.14550000E-03  6.59910000E-04
2001-12-28T17:44:15.693  2.44870000E-04  9.95520000E-04  2.69970000E-04
2001-12-28T17:44:16.693  3.07520000E-05  9.51390000E-04  6.92710000E-04
2001-12-28T17:44:17.693 -3.33900000E-04  1.49190000E-03  2.72480000E-04
2001-12-28T17:44:18.693 -3.49990000E-04  1.61550000E-03  3.17670000E-04
2001-12-28T17:44:19.693 -4.75890000E-05  1.33440000E-03  4.54420000E-04
2001-12-28T17:44:20.693  1.41950000E-04  1.27020000E-03  8.81500000E-04
2001-12-28T17:44:21.693 -5.21590000E-04  1.95210000E-03  7.69240000E-06
2001-12-28T17:44:22.693 -7.66020000E-05  1.57140000E-03  4.68860000E-04
2001-12-28T17:44:23.693  1.36020000E-04  1.19200000E-03  5.78490000E-04
2001-12-28T17:44:24.693 -2.51880000E-04  1.80950000E-03  6.23940000E-04
2001-12-28T17:44:25.693 -1.99510000E-04  1.97210000E-03  4.48520000E-04
2001-12-28T17:44:26.693  5.88290000E-05  1.36770000E-03 -1.07110000E-04
2001-12-28T17:44:27.693 -3.24230000E-04  2.00890000E-03  8.72040000E-04
2001-12-28T17:44:28.693 -2.95340000E-04  1.76800000E-03  5.31930000E-04
2001-12-28T17:44:29.693 -1.94980000E-04  1.73910000E-03  4.54280000E-04
2001-12-28T17:44:30.693 -8.81360000E-05  2.62870000E-03  7.25590000E-04
2001-12-28T17:44:31.693 -1.94500000E-04  2.21260000E-03  3.37920000E-04
2001-12-28T17:44:32.693 -1.87490000E-04  2.54800000E-03  4.10480000E-04
2001-12-28T17:44:33.693  2.57680000E-05  2.25550000E-03  5.74030000E-04
2001-12-28T17:44:34.693 -4.11390000E-04  2.58280000E-03  9.08530000E-04
2001-12-28T17:44:35.693  1.84750000E-04  2.24310000E-03  1.38400000E-04
2001-12-28T17:44:36.693 -2.17140000E-04  2.51470000E-03  5.31760000E-04
2001-12-28T17:44:37.693 -2.75050000E-04  2.62340000E-03  5.03110000E-04
2001-12-28T17:44:38.693  1.43320000E-05  2.29220000E-03  6.46220000E-04
2001-12-28T17:44:39.693 -2.59090000E-04  2.71200000E-03  6.51700000E-04
2001-12-28T17:44:40.693 -1.75230000E-05  2.42870000E-03  5.02600000E-04
2001-12-28T17:44:41.693 -3.73230000E-05  3.02210000E-03 -4.66370000E-06
2001-12-28T17:44:42.693 -7.73730000E-05  2.78340000E-03  8.52840000E-04
2001-12-28T17:44:43.693 -3.54360000E-04  2.70680000E-03  4.89640000E-04
2001-12-28T17:44:44.693 -2.12810000E-04  2.87620000E-03  1.96440000E-04
2001-12-28T17:44:45.693 -5.43670000E-05  2.96610000E-03  7.66030000E-04
2001-12-28T17:44:46.693 -3.45840000E-05  3.65180000E-03  3.40100000E-04
2001-12-28T17:44:47.693 -2.28410000E-04  3.66740000E-03  4.13190000E-04
2001-12-28T17:44:48.693  1.14020000E-05  3.41400000E-03  6.29290000E-04
2001-12-28T17:44:49.693 -2.92520000E-04  3.82300000E-03  4.24700000E-04
2001-12-28T17:44:50.693  9.60340000E-05  4.21900000E-03  6.71100000E-04
2001-12-28T17:44:51.693 -2.10360000E-04  4.03460000E-03  3.23160000E-04
2001-12-28T17:44:52.693 -6.98020000E-05  4.02020000E-03  5.48390000E-04
2001-12-28T17:44:53.693 -4.17890000E-04  3.61120000E-03  8.15110000E-04
2001-12-28T17:44:54.693  2.55170000E-05  4.10610000E-03  7.58720000E-04
2001-12-28T17:44:55.693 -5.34390000E-04  4.71720000E-03  4.58630000E-04
2001-12-28T17:44:56.693  1.13800000E-04  6.12090000E-03  2.86530000E-04
2001-12-28T17:44:57.693 -6.08030000E-04  5.65460000E-03  3.65580000E-04
2001-12-28T17:44:58.693  9.67870000E-05  6.06400000E-03  1.08110000E-03
2001-12-28T17:44:59.693 -4.35280000E-04  6.07050000E-03  2.92350000E-04
2001-12-28T17:45:00.693  3.05440000E-04  6.63940000E-03  8.00490000E-04
2001-12-28T17:45:01.693 -6.77320000E-04  6.04770000E-03  8.03070000E-04
2001-12-28T17:45:02.693  7.92770000E-05  6.35860000E-03  4.41560000E-04
2001-12-28T17:45:03.693 -5.86760000E-04  6.03740000E-03  5.57910000E-04
2001-12-28T17:45:04.693  1.10490000E-04  6.68220000E-03  7.70040000E-04
2001-12-28T17:45:05.693 -7.41230000E-04  6.17390000E-03  3.95420000E-04
2001-12-28T17:45:06.693  4.26990000E-04  6.88350000E-03  7.63370000E-04
2001-12-28T17:45:07.693 -6.97290000E-04  6.22930000E-03  6.01000000E-04
2001-12-28T17:45:08.693  1.54510000E-04  6.68970000E-03  7.00790000E-04
2001-12-28T17:45:09.693 -2.42270000E-04  6.65280000E-03  6.14250000E-04
2001-12-28T17:45:10.693 -6.50470000E-04  6.62970000E-03  6.73970000E-04
2001-12-28T17:45:11.693  2.23140000E-04  7.62110000E-03  4.71520000E-04
2001-12-28T17:45:12.693 -3.18740000E-05  7.76580000E-03  6.50890000E-04
2001-12-28T17:45:13.693 -5.58100000E-04  6.98100000E-03  8.68480000E-04
2001-12-28T17:45:14.693 -5.21920000E-04  7.15110000E-03  5.16800000E-04
2001-12-28T17:45:15.693  3.02060000E-04  7.25180000E-03  6.62740000E-04
2001-12-28T17:45:16.693  1.36080000E-04  7.24740000E-03  6.98690000E-04
2001-12-28T17:45:17.693 -1.00320000E-03  6.43570000E-03  6.95860000E-04
2001-12-28T17:45:18.693  1.85180000E-04  7.11980000E-03  5.51680000E-04
2001-12-28T17:45:19.693 -2.14610000E-05  6.89250000E-03  7.34790000E-04
2001-12-28T17:45:20.693 -9.37520000E-04  6.71340000E-03  6.31380000E-04
2001-12-28T17:45:21.693 -2.90940000E-04  8.03650000E-03  7.37330000E-04
2001-12-28T17:45:22.693  3.88080000E-06  8.03770000E-03  4.96190000E-04
2001-12-28T17:45:23.693 -1.89950000E-04  8.35140000E-03  1.00900000E-03
2001-12-28T17:45:24.693 -5.19400000E-04  8.79450000E-03  4.05420000E-04
2001-12-28T17:45:25.693 -4.07870000E-04  9.09370000E-03  6.64500000E-04
2001-12-28T17:45:26.693  6.07880000E-05  9.99110000E-03  7.89740000E-04
2001-12-28T17:45:27.693  6.33340000E-05  9.74440000E-03  7.36530000E-04
2001-12-28T17:45:28.693 -8.66690000E-04  9.38110000E-03  4.96500000E-04
2001-12-28T17:45:29.693  3.07520000E-04  1.01750000E-02  5.95800000E-04
2001-12-28T17:45:30.693 -1.75440000E-04  9.99690000E-03  1.03500000E-03
2001-12-28T17:45:31.693 -2.81750000E-04  9.80160000E-03  5.27950000E-04
2001-12-28T17:45:32.693  4.83910000E-05  1.06950000E-02  1.01780000E-03
2001-12-28T17:45:33.693 -8.41170000E-04  1.05000000E-02  5.14570000E-04
2001-12-28T17:45:34.693 -5.87010000E-05  1.15970000E-02  5.75430000E-04
2001-12-28T17:45:35.693 -1.80610000E-04  1.25700000E-02  7.98240000E-04
2001-12-28T17:45:36.693 -4.22840000E-04  1.34840000E-02  2.88100000E-04
2001-12-28T17:45:37.693 -2.67890000E-04  1.36380000E-02  1.03960000E-03
2001-12-28T17:45:38.693 -3.62380000E-04  1.26850000E-02  8.41100000E-04
2001-12-28T17:45:39.693 -5.00670000E-04  1.20650000E-02  4.60590000E-04
2001-12-28T17:45:40.693  7.47040000E-05  1.30790000E-02  7.38360000E-04
2001-12-28T17:45:41.693 -4.57540000E-04  1.27940000E-02  5.54090000E-04
2001-12-28T17:45:42.693 -5.05250000E-04  1.33790000E-02  8.06250000E-04
2001-12-28T17:45:43.693 -2.41740000E-04  1.42550000E-02  6.45100000E-04
2001-12-28T17:45:44.693  8.81580000E-05  1.47030000E-02  6.82160000E-04
2001-12-28T17:45:45.693 -7.53840000E-04  1.51360000E-02  7.06060000E-04
2001-12-28T17:45:46.693 -2.29690000E-04  1.59930000E-02  7.14340000E-04
2001-12-28T17:45:47.693 -2.88180000E-04  1.60310000E-02  8.92190000E-04
2001-12-28T17:45:48.693 -4.80190000E-04  1.61690000E-02  2.10310000E-04
2001-12-28T17:45:49.693 -4.19560000E-04  1.65500000E-02  1.13160000E-03
2001-12-28T17:45:50.693 -4.17480000E-04  1.65870000E-02  8.56730000E-04
2001-12-28T17:45:51.693 -5.02730000E-04  1.66150000E-02  5.54040000E-04
2001-12-28T17:45:52.693 -7.41420000E-05  1.71110000E-02  9.21920000E-04
2001-12-28T17:45:53.693 -7.20740000E-04  1.70290000E-02  2.54280000E-04
2001-12-28T17:45:54.693  1.64190000E-04  1.86440000E-02  9.93320000E-04
2001-12-28T17:45:55.693 -5.08220000E-04  1.87790000E-02  7.22900000E-04
2001-12-28T17:45:56.693 -4.30580000E-04  1.87130000E-02  3.39780000E-04
2001-12-28T17:45:57.693 -1.24120000E-03  1.84080000E-02  9.33730000E-04
2001-12-28T17:45:58.693  9.76940000E-05  1.92520000E-02  1.06360000E-03
2001-12-28T17:45:59.693 -3.37650000E-04  1.98120000E-02  5.77160000E-04
2001-12-28T17:46:00.693 -6.32340000E-04  1.97790000E-02  7.17910000E-04
2001-12-28T17:46:01.693 -8.12900000E-04  1.99800000E-02  7.50050000E-04
2001-12-28T17:46:02.693 -8.34360000E-04  2.00700000E-02  8.85640000E-04
2001-12-28T17:46:03.693 -8.62790000E-04  2.01360000E-02  7.60870000E-04
2001-12-28T17:46:04.693 -1.89730000E-04  2.10010000E-02  8.24900000E-04
2001-12-28T17:46:05.693 -5.71620000E-04  2.17210000E-02  1.00330000E-03
2001-12-28T17:46:06.693 -5.67910000E-04  2.14060000E-02  9.18110000E-04
2001-12-28T17:46:07.693 -3.39420000E-04  2.22310000E-02  4.66620000E-04
2001-12-28T17:46:08.693 -3.63220000E-04  2.26170000E-02  1.13920000E-03
2001-12-28T17:46:09.693 -6.75360000E-04  2.28520000E-02  7.89800000E-04
2001-12-28T17:46:10.693 -6.58160000E-04  2.27810000E-02  7.01910000E-04
2001-12-28T17:46:11.693 -4.06870000E-05  2.33470000E-02  9.43330000E-04
2001-12-28T17:46:12.693 -6.60900000E-04  2.32930000E-02  8.61020000E-04
2001-12-28T17:46:13.693 -3.92950000E-04  2.37380000E-02  7.47780000E-04
2001-12-28T17:46:14.693 -4.56290000E-04  2.34050000E-02  7.89690000E-04
2001-12-28T17:46:15.693 -5.35080000E-04  2.38020000E-02  9.20990000E-04
2001-12-28T17:46:16.693 -2.13500000E-04  2.35380000E-02  7.33850000E-04
2001-12-28T17:46:17.693 -6.42320000E-04  2.45230000E-02  9.38670000E-04
2001-12-28T17:46:18.693 -4.90730000E-04  2.37410000E-02  1.03000000E-03
2001-12-28T17:46:19.693 -5.07100000E-04  2.39370000E-02  5.56830000E-04
2001-12-28T17:46:20.693 -4.64340000E-04  2.41550000E-02  1.02840000E-03
2001-12-28T17:46:21.693 -6.12700000E-04  2.34330000E-02  8.89570000E-04
2001-12-28T17:46:22.693 -5.91610000E-04  2.29440000E-02  7.00240000E-04
2001-12-28T17:46:23.693 -4.79840000E-04  2.27300000E-02  9.65260000E-04
2001-12-28T17:46:24.693 -5.42230000E-04  2.31560000E-02  9.95440000E-04
2001-12-28T17:46:25.693 -5.84340000E-04  2.32950000E-02  7.07540000E-04
2001-12-28T17:46:26.693 -5.22690000E-04  2.29730000E-02  5.76900000E-04
2001-12-28T17:46:27.693 -3.50420000E-04  2.26950000E-02  9.35160000E-04
2001-12-28T17:46:28.693 -4.32840000E-04  2.16920000E-02  8.45760000E-04
2001-12-28T17:46:29.693 -6.55540000E-04  2.22000000E-02  5.61040000E-04
2001-12-28T17:46:30.693 -4.55910000E-04  2.22940000E-02  9.91740000E-04
2001-12-28T17:46:31.693 -3.91510000E-04  2.23230000E-02  5.81650000E-04
2001-12-28T17:46:32.693 -4.86740000E-04  2.24990000E-02  4.01290000E-04
2001-12-28T17:46:33.693 -3.43940000E-04  2.30750000E-02  8.75300000E-04
2001-12-28T17:46:34.693 -5.60760000E-04  2.29510000E-02  9.49210000E-04
2001-12-28T17:46:35.693 -4.73960000E-04  2.26610000E-02  3.45920000E-04
2001-12-28T17:46:36.693 -5.32560000E-04  2.27450000E-02  1.01010000E-03
2001-12-28T17:46:37.693 -3.80550000E-04  2.28890000E-02  5.90690000E-04
2001-12-28T17:46:38.693 -1.21610000E-03  2.28090000E-02  1.27880000E-03
2001-12-28T17:46:39.693 -1.80460000E-04  2.40390000E-02  2.84740000E-04
2001-12-28T17:46:40.693 -8.39340000E-04  2.34210000E-02  6.92380000E-04
2001-12-28T17:46:41.693 -4.59980000E-04  2.31730000E-02  8.23090000E-04
2001-12-28T17:46:42.693 -6.11910000E-04  2.29630000E-02  1.20300000E-03
2001-12-28T17:46:43.693 -1.97470000E-04  2.23900000E-02  5.56210000E-04
2001-12-28T17:46:44.693 -9.65730000E-04  2.11290000E-02  4.67760000E-04
2001-12-28T17:46:45.693  2.40280000E-05  2.18930000E-02  9.57650000E-04
2001-12-28T17:46:46.693 -8.38930000E-04  2.11110000E-02  9.55980000E-04
2001-12-28T17:46:47.693 -1.94650000E-04  2.23690000E-02  6.10800000E-04
2001-12-28T17:46:48.693 -9.80960000E-04  2.08950000E-02  6.40530000E-04
2001-12-28T17:46:49.693 -1.24460000E-04  2.11200000E-02  8.32050000E-04
2001-12-28T17:46:50.693  8.29960000E-05  2.05440000E-02  1.01460000E-03
2001-12-28T17:46:51.693 -5.03240000E-04  1.97500000E-02  7.85700000E-04
2001-12-28T17:46:52.693 -5.97750000E-04  1.97320000E-02  7.48520000E-04
2001-12-28T17:46:53.693 -7.13930000E-04  1.99170000E-02  6.73050000E-04
2001-12-28T17:46:54.693 -6.28990000E-04  2.07950000E-02  8.66670000E-04
2001-12-28T17:46:55.693  1.19240000E-04  2.11280000E-02  5.67940000E-04
2001-12-28T17:46:56.693 -9.42900000E-04  2.06480000E-02  1.03640000E-03
2001-12-28T17:46:57.693 -2.25080000E-04  2.12170000E-02  5.62650000E-04
2001-12-28T17:46:58.693 -4.32170000E-04  2.13770000E-02  9.80220000E-04
2001-12-28T17:46:59.693 -5.33810000E-04  2.15160000E-02  1.09230000E-03
2001-12-28T17:47:00.693 -2.76020000E-04  2.14280000E-02  7.82400000E-04
2001-12-28T17:47:01.693 -5.39120000E-04  2.12870000E-02  6.40050000E-04
2001-12-28T17:47:02.693  1.77090000E-05  2.11180000E-02  6.73860000E-04
2001-12-28T17:47:03.693 -1.04660000E-03  2.04260000E-02  9.15330000E-04
2001-12-28T17:47:04.693  3.43400000E-05  2.13610000E-02  7.22580000E-04
2001-12-28T17:47:05.693 -4.96830000E-04  2.09240000E-02  7.81240000E-04
2001-12-28T17:47:06.693 -1.02730000E-03  2.04760000E-02  7.45150000E-04
2001-12-28T17:47:07.693 -1.04580000E-04  2.10430000E-02  9.66910000E-04
2001-12-28T17:47:08.693 -1.52680000E-04  2.10610000E-02  6.20750000E-04
2001-12-28T17:47:09.693 -9.43300000E-04  2.01620000E-02  1.03920000E-03
2001-12-28T17:47:10.693 -1.05230000E-03  2.02780000E-02  6.04200000E-04
2001-12-28T17:47:11.693  1.77700000E-04  2.12450000E-02  1.06140000E-03
2001-12-28T17:47:12.693 -5.22990000E-04  2.10640000E-02  3.69650000E-04
2001-12-28T17:47:13.693 -1.01450000E-03  2.14200000E-02  9.88030000E-04
2001-12-28T17:47:14.693 -1.70330000E-04  2.20680000E-02  7.48900000E-04
2001-12-28T17:47:15.693 -7.09980000E-04  2.17780000E-02  7.93090000E-04
2001-12-28T17:47:16.693 -4.10190000E-04  2.14950000E-02  8.89690000E-04
2001-12-28T17:47:17.693 -1.13110000E-03  2.03860000E-02  6.00750000E-04
2001-12-28T17:47:18.693 -5.63510000E-04  1.99200000E-02  9.40890000E-04
2001-12-28T17:47:19.693  2.64700000E-04  2.10480000E-02  3.70240000E-04
2001-12-28T17:47:20.693 -8.11960000E-04  2.09710000E-02  1.06950000E-03
2001-12-28T17:47:21.693 -5.72380000E-04  2.12590000E-02  4.63270000E-04
2001-12-28T17:47:22.693  1.53440000E-05  2.14450000E-02  7.20120000E-04
2001-12-28T17:47:23.693 -9.47920000E-04  2.05560000E-02  7.09590000E-04
2001-12-28T17:47:24.693  1.22650000E-04  2.17580000E-02  4.85360000E-04
2001-12-28T17:47:25.693 -4.50200000E-04  2.01140000E-02  1.08640000E-03
2001-12-28T17:47:26.693 -6.34720000E-04  1.97840000E-02  6.89680000E-04
2001-12-28T17:47:27.693 -4.02000000E-04  2.06380000E-02  4.78490000E-04
2001-12-28T17:47:28.693  1.66310000E-04  2.16080000E-02  1.02870000E-03
2001-12-28T17:47:29.693 -8.99700000E-04  2.07710000E-02  5.31020000E-04
2001-12-28T17:47:30.693  3.56810000E-04  2.17190000E-02  8.15580000E-04
2001-12-28T17:47:31.693 -8.57580000E-04  2.02530000E-02  5.26090000E-04
2001-12-28T17:47:32.693 -2.82250000E-04  1.92780000E-02  8.77770000E-04
2001-12-28T17:47:33.693  3.93750000E-05  1.89900000E-02  8.70110000E-04
2001-12-28T17:47:34.693  2.49470000E-04  1.83610000E-02  7.75320000E-04
2001-12-28T17:47:35.693 -4.86740000E-04  1.84040000E-02  4.82040000E-04
2001-12-28T17:47:36.693 -2.81030000E-04  1.81720000E-02  7.87400000E-04
2001-12-28T17:47:37.693 -6.22260000E-04  1.85760000E-02  8.12670000E-04
2001-12-28T17:47:38.693  1.17740000E-04  1.92690000E-02  4.54790000E-04
2001-12-28T17:47:39.693 -3.26820000E-04  1.91450000E-02  1.09960000E-03
2001-12-28T17:47:40.693 -4.82680000E-04  1.89600000E-02  5.62030000E-04
2001-12-28T17:47:41.693 -1.14010000E-03  1.80410000E-02  6.04000000E-04
2001-12-28T17:47:42.693 -5.83170000E-04  1.80730000E-02  1.09070000E-03
2001-12-28T17:47:43.693 -3.74300000E-04  1.83640000E-02  8.12850000E-04
2001-12-28T17:47:44.693 -3.10570000E-05  1.89800000E-02  5.94980000E-04
2001-12-28T17:47:45.693 -2.82890000E-04  1.93860000E-02  1.09670000E-03
2001-12-28T17:47:46.693 -2.46050000E-04  1.91190000E-02  6.77510000E-04
2001-12-28T17:47:47.693 -6.29660000E-04  1.90540000E-02  7.25840000E-04
2001-12-28T17:47:48.693 -5.23210000E-04  1.90360000E-02  7.78050000E-04
2001-12-28T17:47:49.693 -4.66420000E-04  1.96110000E-02  7.92510000E-04
2001-12-28T17:47:50.693 -5.79640000E-04  1.98280000E-02  7.41480000E-04
2001-12-28T17:47:51.693 -7.18710000E-04  1.97520000E-02  7.88000000E-04
2001-12-28T17:47:52.693 -5.00790000E-04  1.96940000E-02  1.06810000E-03
2001-12-28T17:47:53.693 -4.87890000E-04  1.95850000E-02  4.42480000E-04
2001-12-28T17:47:54.693 -3.12510000E-04  1.91040000E-02  1.05810000E-03
2001-12-28T17:47:55.693 -7.38430000E-04  1.88550000E-02  7.07650000E-04
2001-12-28T17:47:56.693 -3.90640000E-04  1.85950000E-02  8.89350000E-04
2001-12-28T17:47:57.693 -9.40320000E-04  1.86590000E-02  5.38680000E-04
2001-12-28T17:47:58.693 -9.17930000E-05  1.93860000E-02  9.87230000E-04
2001-12-28T17:47:59.693 -6.99890000E-04  1.89080000E-02  5.77540000E-04
2001-12-28T17:48:00.693 -3.15460000E-04  1.89300000E-02  7.87770000E-04
2001-12-28T17:48:01.693 -1.02130000E-03  1.81440000E-02  1.01310000E-03
2001-12-28T17:48:02.693 -1.02800000E-03  1.82520000E-02  3.35400000E-04
2001-12-28T17:48:03.693  1.10920000E-04  1.82710000E-02  1.27870000E-03
2001-12-28T17:48:04.693 -1.82260000E-04  1.76480000E-02  5.51280000E-04
2001-12-28T17:48:05.693 -5.77510000E-04  1.66290000E-02  6.87420000E-04
2001-12-28T17:48:06.693 -2.69750000E-04  1.61370000E-02  1.03260000E-03
2001-12-28T17:48:07.693 -2.47190000E-04  1.56950000E-02  4.42880000E-04
2001-12-28T17:48:08.693 -3.47640000E-04  1.53510000E-02  9.20470000E-04
2001-12-28T17:48:09.693 -1.14360000E-04  1.48080000E-02  3.90030000E-04
2001-12-28T17:48:10.693 -1.28890000E-05  1.44220000E-02  8.60390000E-04
2001-12-28T17:48:11.693 -2.86630000E-04  1.44190000E-02  6.09460000E-04
2001-12-28T17:48:12.693 -1.58340000E-04  1.50910000E-02  7.60310000E-04
2001-12-28T17:48:13.693 -2.17660000E-04  1.44700000E-02  5.43200000E-04
2001-12-28T17:48:14.693 -2.57520000E-04  1.48270000E-02  4.56600000E-04
2001-12-28T17:48:15.693 -3.46390000E-04  1.49090000E-02  1.07510000E-03
2001-12-28T17:48:16.693 -2.01520000E-04  1.49660000E-02  2.87450000E-04
2001-12-28T17:48:17.693 -1.34810000E-04  1.49620000E-02  8.91420000E-04
2001-12-28T17:48:18.693 -2.55280000E-04  1.48140000E-02  8.88320000E-04
2001-12-28T17:48:19.693 -5.21910000E-04  1.46920000E-02  6.80720000E-04
2001-12-28T17:48:20.693 -2.22770000E-04  1.50180000E-02  7.21760000E-04
2001-12-28T17:48:21.693  9.35650000E-05  1.49840000E-02  7.96810000E-04
2001-12-28T17:48:22.693 -5.78710000E-04  1.46500000E-02  7.87690000E-04
2001-12-28T17:48:23.693 -1.51770000E-05  1.52050000E-02  8.41130000E-04
2001-12-28T17:48:24.693 -4.81370000E-04  1.42140000E-02  6.08000000E-04
2001-12-28T17:48:25.693 -5.09020000E-04  1.10710000E-02  7.19100000E-04
2001-12-28T17:48:26.693  3.59970000E-04  1.10090000E-02  6.25830000E-04
2001-12-28T17:48:27.693 -1.15260000E-03  1.01580000E-02  7.44680000E-04
2001-12-28T17:48:28.693  2.29390000E-04  1.07230000E-02  5.11790000E-04
2001-12-28T17:48:29.693 -5.08410000E-04  9.63750000E-03  5.32910000E-04
2001-12-28T17:48:30.693  1.18350000E-04  1.03160000E-02  8.16890000E-04
2001-12-28T17:48:31.693 -4.04760000E-04  1.05560000E-02  5.19340000E-04
2001-12-28T17:48:32.693 -6.35220000E-04  1.06620000E-02  7.96490000E-04
2001-12-28T17:48:33.693 -1.66140000E-04  1.07560000E-02  4.57830000E-04
2001-12-28T17:48:34.693 -3.30150000E-04  1.03590000E-02  7.90170000E-04
2001-12-28T17:48:35.693  3.90510000E-05  1.03710000E-02  8.93170000E-04
2001-12-28T17:48:36.693 -9.49460000E-04  9.40780000E-03  4.73040000E-04
2001-12-28T17:48:37.693 -6.69610000E-04  9.87830000E-03  6.91050000E-04
2001-12-28T17:48:38.693  1.61190000E-04  1.10590000E-02  5.00630000E-04
2001-12-28T17:48:39.693 -6.62380000E-04  1.03070000E-02  8.80910000E-04
2001-12-28T17:48:40.693  1.45410000E-05  1.09400000E-02  2.46010000E-04
2001-12-28T17:48:41.693 -8.60000000E-04  1.00730000E-02  7.53360000E-04
2001-12-28T17:48:42.693  1.86600000E-04  1.10270000E-02  8.25570000E-04
2001-12-28T17:48:43.693 -9.69570000E-04  9.84030000E-03  6.56130000E-04
2001-12-28T17:48:44.693 -2.39330000E-04  1.01610000E-02  9.24760000E-04
2001-12-28T17:48:45.693 -6.84630000E-05  1.01710000E-02  6.02640000E-04
2001-12-28T17:48:46.693 -7.27560000E-04  9.47190000E-03  6.45130000E-04
2001-12-28T17:48:47.693 -4.32500000E-04  9.60780000E-03  4.83610000E-04
2001-12-28T17:48:48.693  1.43330000E-04  1.00800000E-02  9.66250000E-04
2001-12-28T17:48:49.693 -2.55680000E-04  9.56880000E-03  4.68350000E-04
2001-12-28T17:48:50.693 -8.41470000E-04  9.14240000E-03  7.45010000E-04
2001-12-28T17:48:51.693  9.48350000E-06  1.00240000E-02  5.26420000E-04
2001-12-28T17:48:52.693  2.35870000E-04  1.00730000E-02  7.13550000E-04
2001-12-28T17:48:53.693 -6.89620000E-04  9.25280000E-03  6.63260000E-04
2001-12-28T17:48:54.693 -7.10970000E-05  9.91300000E-03  1.07530000E-03
2001-12-28T17:48:55.693  2.47040000E-04  9.79020000E-03  5.37950000E-04
2001-12-28T17:48:56.693 -6.12190000E-04  9.12810000E-03  3.26620000E-04
2001-12-28T17:48:57.693 -7.12080000E-04  8.93970000E-03  5.65030000E-04
2001-12-28T17:48:58.693 -4.57400000E-04  8.87020000E-03  7.39540000E-04
2001-12-28T17:48:59.693  3.73600000E-04  9.32310000E-03  3.59400000E-04
2001-12-28T17:49:00.693  1.46820000E-04  9.01360000E-03  7.91140000E-04
2001-12-28T17:49:01.693  2.34390000E-04  8.72350000E-03  7.16200000E-04
2001-12-28T17:49:02.693 -1.28070000E-04  8.28590000E-03  3.89390000E-04
2001-12-28T17:49:03.693 -2.10810000E-04  7.71510000E-03  8.22460000E-04
2001-12-28T17:49:04.693 -6.63400000E-04  7.64410000E-03  7.12990000E-04
2001-12-28T17:49:05.693 -3.20320000E-04  7.18730000E-03  3.31950000E-04
2001-12-28T17:49:06.693 -4.76010000E-05  7.62520000E-03  7.08150000E-04
2001-12-28T17:49:07.693  2.45360000E-04  7.68800000E-03  3.87920000E-04
2001-12-28T17:49:08.693  9.58400000E-05  7.13270000E-03  8.16920000E-04
2001-12-28T17:49:09.693 -9.47340000E-04  6.44600000E-03  5.32440000E-04
2001-12-28T17:49:10.693  3.58670000E-04  6.87910000E-03  7.25430000E-04
2001-12-28T17:49:11.693 -3.48220000E-04  5.40500000E-03  4.97500000E-04
2001-12-28T17:49:12.693  1.85670000E-04  5.87490000E-03  6.47770000E-04
2001-12-28T17:49:13.693 -1.88850000E-04  5.04550000E-03  4.58030000E-04
2001-12-28T17:49:14.693 -2.91830000E-04  5.03110000E-03  6.30470000E-04
2001-12-28T17:49:15.693  2.57460000E-04  5.77930000E-03  7.19640000E-04
2001-12-28T17:49:16.693 -3.35550000E-04  5.44210000E-03  3.86350000E-04
2001-12-28T17:49:17.693 -3.25750000E-06  5.58070000E-03  5.97390000E-04
2001-12-28T17:49:18.693 -1.07050000E-04  5.49480000E-03  4.79970000E-04
2001-12-28T17:49:19.693 -2.26340000E-04  5.17530000E-03  6.60820000E-04
2001-12-28T17:49:20.693 -6.87910000E-05  5.10490000E-03  8.53370000E-04
2001-12-28T17:49:21.693 -1.89740000E-04  5.05380000E-03  2.06400000E-04
2001-12-28T17:49:22.693 -2.61050000E-05  4.77340000E-03  2.89850000E-04
2001-12-28T17:49:23.693 -1.49240000E-05  4.40390000E-03  7.60630000E-04
2001-12-28T17:49:24.693 -3.02680000E-04  4.33930000E-03  7.10610000E-04
2001-12-28T17:49:25.693 -4.43010000E-05  4.16870000E-03  3.34200000E-04
2001-12-28T17:49:26.693 -3.30970000E-04  4.36290000E-03  7.72220000E-04
2001-12-28T17:49:27.693 -1.27320000E-04  4.00770000E-03  2.18610000E-04
2001-12-28T17:49:28.693  3.74250000E-05  4.16950000E-03  6.36890000E-04
2001-12-28T17:49:29.693 -1.68300000E-04  3.93420000E-03  5.10640000E-04
2001-12-28T17:49:30.693 -2.76420000E-04  4.40820000E-03  3.15110000E-04
2001-12-28T17:49:31.693 -2.18270000E-04  3.76650000E-03  1.10080000E-03
2001-12-28T17:49:32.693 -9.78830000E-05  3.67360000E-03  2.89560000E-04
2001-12-28T17:49:33.693 -1.32490000E-04  3.68670000E-03  4.40950000E-04
2001-12-28T17:49:34.693 -2.10980000E-04  3.98640000E-03  6.50750000E-04
2001-12-28T17:49:35.693 -1.00960000E-04  3.89120000E-03  6.03840000E-04
2001-12-28T17:49:36.693 -5.31180000E-04  3.85900000E-03  3.28570000E-04
2001-12-28T17:49:37.693  2.05120000E-04  3.56730000E-03  1.02490000E-03
2001-12-28T17:49:38.693 -3.91520000E-04  3.98120000E-03  2.66960000E-04
2001-12-28T17:49:39.693 -1.67870000E-04  3.90610000E-03  4.88060000E-04
2001-12-28T17:49:40.693 -1.43490000E-04  3.60980000E-03  4.54230000E-04
2001-12-28T17:49:41.693 -2.76600000E-04  3.79650000E-03  8.14950000E-04
2001-12-28T17:49:42.693 -2.97060000E-04  3.70720000E-03  4.83780000E-04
2001-12-28T17:49:43.693 -3.40990000E-04  3.69310000E-03  6.06360000E-04
2001-12-28T17:49:44.693 -8.98950000E-05  3.78600000E-03  6.46510000E-04
2001-12-28T17:49:45.693 -2.46030000E-04  3.39500000E-03  3.63230000E-04
2001-12-28T17:49:46.693 -1.13500000E-04  3.72340000E-03  5.43120000E-04
2001-12-28T17:49:47.693 -2.80030000E-04  3.47010000E-03  6.66430000E-04
2001-12-28T17:49:48.693 -4.97690000E-04  3.38740000E-03  5.26970000E-04
2001-12-28T17:49:49.693  5.77470000E-05  3.39790000E-03  3.79330000E-04
2001-12-28T17:49:50.693 -1.19880000E-04  3.31110000E-03  6.77670000E-04
2001-12-28T17:49:51.693 -3.84950000E-04  2.94160000E-03  3.10190000E-04
2001-12-28T17:49:52.693 -4.65890000E-04  2.94210000E-03  5.18910000E-04
2001-12-28T17:49:53.693 -1.12960000E-04  3.29310000E-03  6.98980000E-04
2001-12-28T17:49:54.693  1.35820000E-04  2.86560000E-03  5.32360000E-04
2001-12-28T17:49:55.693 -5.63480000E-04  2.82350000E-03  4.59840000E-04
2001-12-28T17:49:56.693 -2.39400000E-04  2.77190000E-03  8.26020000E-04
2001-12-28T17:49:57.693 -2.35030000E-05  2.89440000E-03  1.13310000E-04
2001-12-28T17:49:58.693 -6.17980000E-05  2.99300000E-03  6.54350000E-04
2001-12-28T17:49:59.693 -2.25720000E-04  2.29190000E-03  5.84010000E-04
2001-12-28T17:50:00.693 -4.73170000E-04  2.68980000E-03  6.62790000E-04
2001-12-28T17:50:01.693 -1.43090000E-04  2.70370000E-03  2.82800000E-04
2001-12-28T17:50:02.693 -1.87580000E-04  2.21700000E-03  4.89110000E-04
2001-12-28T17:50:03.693 -1.65460000E-04  2.72810000E-03  8.21290000E-04
2001-12-28T17:50:04.693 -4.16930000E-04  2.13670000E-03  3.74800000E-04
2001-12-28T17:50:05.693 -6.43120000E-05  2.74590000E-03  2.02070000E-04
2001-12-28T17:50:06.693  3.20880000E-04  2.45610000E-03  5.80640000E-04
2001-12-28T17:50:07.693 -3.72490000E-04  2.56100000E-03  5.16160000E-04
2001-12-28T17:50:08.693 -3.17850000E-04  2.28150000E-03  5.23590000E-04
2001-12-28T17:50:09.693 -4.24970000E-04  2.37950000E-03  4.71970000E-04
2001-12-28T17:50:10.693 -2.04020000E-05  2.34800000E-03  6.99700000E-04
2001-12-28T17:50:11.693 -6.22970000E-05  2.43090000E-03  4.14340000E-04
2001-12-28T17:50:12.693 -1.98640000E-04  2.37650000E-03  3.38470000E-04
2001-12-28T17:50:13.693 -1.43940000E-04  2.35500000E-03  8.22030000E-04
2001-12-28T17:50:14.693 -2.74810000E-04  2.50560000E-03  3.87080000E-04
2001-12-28T17:50:15.693 -3.06920000E-04  1.97710000E-03  5.34380000E-04
2001-12-28T17:50:16.693 -1.09200000E-04  2.23200000E-03  8.44520000E-04
2001-12-28T17:50:17.693 -9.57350000E-06  2.07670000E-03  3.35220000E-04
2001-12-28T17:50:18.693  4.23810000E-05  2.39550000E-03  4.33930000E-04
2001-12-28T17:50:19.693 -4.32870000E-04  2.05040000E-03  7.45780000E-04
2001-12-28T17:50:20.693  9.09710000E-05  1.65910000E-03  5.67770000E-04
2001-12-28T17:50:21.693 -2.47150000E-04  2.43400000E-03  3.67540000E-04
2001-12-28T17:50:22.693 -9.10550000E-05  1.71310000E-03  4.17390000E-04
2001-12-28T17:50:23.693 -3.61600000E-04  2.13950000E-03  6.16750000E-04
2001-12-28T17:50:24.693 -8.80290000E-06  1.75490000E-03  3.24100000E-04
2001-12-28T17:50:25.693  6.82100000E-05  1.61840000E-03  5.02020000E-04
2001-12-28T17:50:26.693 -3.77400000E-04  2.04870000E-03  6.36960000E-04
2001-12-28T17:50:27.693 -1.30580000E-04  1.64570000E-03  7.10670000E-04
2001-12-28T17:50:28.693  8.04650000E-05  1.61350000E-03  3.62030000E-04
2001-12-28T17:50:29.693 -5.74660000E-04  1.86640000E-03  7.08920000E-04
2001-12-28T17:50:30.693  1.47240000E-04  1.44090000E-03  4.87300000E-04
2001-12-28T17:50:31.693  1.24180000E-04  1.47690000E-03  5.65210000E-04
2001-12-28T17:50:32.693 -4.09010000E-04  1.81470000E-03  7.45800000E-04
2001-12-28T17:50:33.693 -1.05210000E-04  1.74650000E-03  7.73330000E-05
2001-12-28T17:50:34.693  2.63490000E-04  1.31390000E-03  4.88700000E-04
2001-12-28T17:50:35.693 -3.73110000E-04  1.56460000E-03  7.45140000E-04
2001-12-28T17:50:36.693 -1.35240000E-04  1.66480000E-03  6.74910000E-04
2001-12-28T17:50:37.693 -9.25060000E-05  1.16560000E-03  4.44060000E-04
2001-12-28T17:50:38.693  1.31570000E-04  9.91690000E-04  3.18830000E-04
2001-12-28T17:50:39.693 -2.38610000E-04  1.64960000E-03  5.00970000E-04
2001-12-28T17:50:40.693 -3.43880000E-04  1.50260000E-03  6.84800000E-04
2001-12-28T17:50:41.693 -1.02170000E-04  1.14550000E-03  3.93290000E-04
2001-12-28T17:50:42.693  2.90130000E-05  1.11750000E-03  4.08990000E-04
2001-12-28T17:50:43.693 -9.31950000E-05  1.15350000E-03  2.53310000E-04
2001-12-28T17:50:44.693 -2.82950000E-04  1.33660000E-03  2.98050000E-04
2001-12-28T17:50:45.693 -3.18010000E-04  1.27200000E-03  6.32090000E-04
2001-12-28T17:50:46.693  3.24900000E-05  1.13920000E-03  6.26710000E-04
2001-12-28T17:50:47.693 -1.01980000E-04  9.05740000E-04  3.65190000E-04
2001-12-28T17:50:48.693  2.33420000E-04  1.06220000E-03  4.19960000E-04
2001-12-28T17:50:49.693 -3.62340000E-04  1.18000000E-03  7.66020000E-04
2001-12-28T17:50:50.693 -1.89570000E-04  1.12060000E-03  1.59710000E-05
2001-12-28T17:50:51.693 -2.63840000E-04  1.23390000E-03  8.58380000E-04
2001-12-28T17:50:52.693 -2.32030000E-05  1.00040000E-03  6.76630000E-04
2001-12-28T17:50:53.693  6.08810000E-05  8.78270000E-04  2.87240000E-04
2001-12-28T17:50:54.693 -1.85510000E-04  7.97800000E-04  6.19800000E-04
2001-12-28T17:50:55.693 -1.37210000E-04  1.06140000E-03  4.52500000E-04
2001-12-28T17:50:56.693 -1.22620000E-04  1.13820000E-03  1.67490000E-04
2001-12-28T17:50:57.693 -1.29920000E-04  8.91400000E-04  3.89180000E-04
2001-12-28T17:50:58.693 -4.28920000E-04  9.66350000E-04  7.19390000E-04
2001-12-28T17:50:59.693 -8.48310000E-05  8.34950000E-04  6.49410000E-04
2001-12-28T17:51:00.693 -1.82940000E-04  8.78400000E-04  3.58690000E-04
2001-12-28T17:51:01.693  2.14090000E-04  7.64890000E-04  3.02250000E-04
2001-12-28T17:51:02.693 -2.44760000E-05  5.51530000E-04  3.43680000E-04
2001-12-28T17:51:03.693 -1.27830000E-04  6.61660000E-04  7.53250000E-04
2001-12-28T17:51:04.693 -9.46660000E-05  6.08470000E-04  5.08390000E-04
2001-12-28T17:51:05.693 -1.16110000E-04  8.09380000E-04  2.81850000E-04
2001-12-28T17:51:06.693 -2.47890000E-04  4.78570000E-04  4.91010000E-04
2001-12-28T17:51:07.693 -1.36100000E-04  8.51540000E-04  5.10970000E-04
2001-12-28T17:51:08.693  1.11160000E-04  7.06680000E-04  3.91880000E-04
2001-12-28T17:51:09.693 -2.82800000E-04  7.28130000E-04  8.96410000E-04
2001-12-28T17:51:10.693 -3.50840000E-04  4.24730000E-04  4.92790000E-04
2001-12-28T17:51:11.693 -9.24490000E-05  6.11330000E-04  4.51280000E-04
2001-12-28T17:51:12.693 -1.95940000E-04  7.89340000E-04  5.57100000E-04
2001-12-28T17:51:13.693 -1.59950000E-04  3.89740000E-04  3.63250000E-04
2001-12-28T17:51:14.693  2.87540000E-05  5.48100000E-04  4.52610000E-04
2001-12-28T17:51:15.693 -6.16370000E-05  4.28380000E-04  3.35770000E-04
2001-12-28T17:51:16.693 -3.07630000E-04  6.56670000E-04  2.40200000E-04
2001-12-28T17:51:17.693 -1.21180000E-05  2.98370000E-04  5.09430000E-04
2001-12-28T17:51:18.693 -6.51820000E-05  7.33090000E-04  8.39510000E-04
2001-12-28T17:51:19.693 -3.07890000E-04  2.66530000E-04  3.92900000E-04
2001-12-28T17:51:20.693  2.82030000E-05  3.18400000E-04  1.71620000E-04
2001-12-28T17:51:21.693 -2.38210000E-05  4.72500000E-04  6.90110000E-04
2001-12-28T17:51:22.693 -1.06750000E-04  2.21440000E-04  4.57220000E-04
2001-12-28T17:51:23.693 -2.63940000E-04  2.95880000E-04  3.55650000E-04
2001-12-28T17:51:24.693  2.12280000E-04  3.57430000E-04  3.67120000E-04
2001-12-28T17:51:25.693 -4.28460000E-04  3.68380000E-05  2.64970000E-04
2001-12-28T17:51:26.693  1.93580000E-04  1.28970000E-04  5.53080000E-04
2001-12-28T17:51:27.693 -8.62950000E-05  3.69760000E-04  4.95310000E-04
2001-12-28T17:51:28.693 -3.01690000E-04  2.62810000E-04  3.63380000E-04
2001-12-28T17:51:29.693 -2.20360000E-04  2.73430000E-04  1.04630000E-03
2001-12-28T17:51:30.693 -2.92230000E-04  2.67850000E-04  4.74400000E-04
2001-12-28T17:51:31.693 -2.72240000E-04  3.41370000E-04  7.76780000E-05
2001-12-28T17:51:32.693  7.31700000E-05  3.66250000E-04  4.58780000E-04
2001-12-28T17:51:33.693 -2.56780000E-04  1.03090000E-04  7.00230000E-04
2001-12-28T17:51:34.693 -7.82590000E-05  3.38070000E-04  7.33120000E-04
2001-12-28T17:51:35.693 -1.69830000E-04  1.56440000E-04  5.30980000E-04
2001-12-28T17:51:36.693 -1.27970000E-04 -1.65700000E-04  3.60270000E-04
2001-12-28T17:51:37.693  1.33240000E-04  3.86810000E-04  2.34450000E-04
2001-12-28T17:51:38.693 -2.79690000E-04 -2.15790000E-04  5.27950000E-04
2001-12-28T17:51:39.693 -2.56380000E-05  1.33470000E-06  7.63170000E-04
2001-12-28T17:51:40.693 -1.66300000E-04  1.75010000E-05  4.82720000E-04
2001-12-28T17:51:41.693 -3.75160000E-04  1.67480000E-04  3.34300000E-04
2001-12-28T17:51:42.693 -1.42640000E-05  3.45560000E-04  2.74720000E-04
2001-12-28T17:51:43.693 -2.17380000E-04  1.02880000E-04  9.13530000E-05
2001-12-28T17:51:44.693  3.12140000E-05  7.89680000E-05  7.28970000E-04
2001-12-28T17:51:45.693 -1.90580000E-04 -4.80190000E-04  9.32410000E-04
2001-12-28T17:51:46.693  8.45120000E-05 -1.85260000E-04  2.56970000E-04
2001-12-28T17:51:47.693 -2.50420000E-04  3.88140000E-05  2.79800000E-04
2001-12-28T17:51:48.693 -2.18820000E-04 -1.58120000E-06  2.06880000E-04
2001-12-28T17:51:49.693 -1.33170000E-04  2.73760000E-04  4.52290000E-04
2001-12-28T17:51:50.693 -3.45540000E-04 -4.35840000E-05  5.08720000E-04
2001-12-28T17:51:51.693 -3.50870000E-06  2.17380000E-04  5.06920000E-04
2001-12-28T17:51:52.693 -2.08680000E-04 -2.44110000E-04  5.44570000E-04
2001-12-28T17:51:53.693  1.04900000E-04 -1.95330000E-04  5.19810000E-04
2001-12-28T17:51:54.693 -9.53190000E-06 -2.97120000E-04  5.30460000E-04
2001-12-28T17:51:55.693 -1.55490000E-04  9.47780000E-05  3.31390000E-04
2001-12-28T17:51:56.693 -1.43510000E-04 -1.20960000E-05  5.97460000E-04
2001-12-28T17:51:57.693 -4.03030000E-04 -1.41770000E-04  4.30610000E-04
2001-12-28T17:51:58.693  3.57160000E-05  5.40470000E-05  2.84060000E-04
2001-12-28T17:51:59.693 -2.72110000E-04 -2.90070000E-04  4.59560000E-04
2001-12-28T17:52:00.693  1.92350000E-04 -2.78040000E-05  5.04860000E-04
2001-12-28T17:52:01.693 -2.90230000E-04 -4.15740000E-04  5.68280000E-04
2001-12-28T17:52:02.693  8.14940000E-05  1.71300000E-04  5.29750000E-04
2001-12-28T17:52:03.693 -6.03570000E-04 -1.23040000E-04  3.45600000E-04
2001-12-28T17:52:04.693 -7.64410000E-05  1.51140000E-04  2.21170000E-04
2001-12-28T17:52:05.693 -3.23400000E-04 -9.61710000E-05  7.43330000E-04
2001-12-28T17:52:06.693  5.51700000E-05 -3.60760000E-04  7.44160000E-04
2001-12-28T17:52:07.693  9.20110000E-05 -3.60530000E-04  3.37360000E-04
2001-12-28T17:52:08.693 -3.02210000E-04 -9.16520000E-05  5.21090000E-04
2001-12-28T17:52:09.693 -5.20710000E-05  1.05260000E-04  2.33000000E-04
2001-12-28T17:52:10.693 -4.21660000E-04 -9.16010000E-05  3.25260000E-04
2001-12-28T17:52:11.693 -3.90370000E-05  2.03270000E-04  5.22160000E-04
2001-12-28T17:52:12.693 -4.65340000E-05 -8.05640000E-04  5.76730000E-04
2001-12-28T17:52:13.693  3.12380000E-04  2.33120000E-05  6.79950000E-04
2001-12-28T17:52:14.693 -4.59470000E-04 -3.61280000E-04  7.54180000E-04
2001-12-28T17:52:15.693 -1.20970000E-04  1.73530000E-04  2.64040000E-04
2001-12-28T17:52:16.693 -3.76680000E-04 -1.06070000E-04  2.25270000E-04
2001-12-28T17:52:17.693  2.35500000E-05 -1.82640000E-04  4.10380000E-04
2001-12-28T17:52:18.693 -2.16930000E-05 -2.80230000E-04  2.72600000E-04
2001-12-28T17:52:19.693 -5.33080000E-05 -3.59540000E-04  4.91800000E-04
2001-12-28T17:52:20.693 -1.65650000E-04 -2.04510000E-04  8.63740000E-04
2001-12-28T17:52:21.693 -4.23080000E-04 -5.53460000E-05  3.59750000E-04
2001-12-28T17:52:22.693 -2.32680000E-04  6.01410000E-05  5.05610000E-04
2001-12-28T17:52:23.693 -8.53220000E-06 -2.16340000E-04  3.10150000E-04
2001-12-28T17:52:24.693  2.79400000E-04 -1.81140000E-04  4.01610000E-04
2001-12-28T17:52:25.693 -3.87800000E-04 -6.17250000E-04  4.25160000E-04
2001-12-28T17:52:26.693  7.43710000E-05  2.84630000E-04  3.71300000E-05
2001-12-28T17:52:27.693 -4.98780000E-04 -3.43950000E-04  6.80940000E-04
2001-12-28T17:52:28.693 -7.24020000E-05  1.69440000E-04  6.22110000E-04
2001-12-28T17:52:29.693 -3.74880000E-04 -6.10450000E-04  3.87450000E-04
2001-12-28T17:52:30.693  3.73460000E-04 -3.22520000E-04  4.16300000E-04
2001-12-28T17:52:31.693 -4.07070000E-04 -4.23800000E-04  5.16760000E-04
2001-12-28T17:52:32.693 -1.59680000E-04  2.33300000E-04  3.42000000E-04
2001-12-28T17:52:33.693 -4.23200000E-04 -1.59650000E-04  7.48870000E-04
2001-12-28T17:52:34.693  7.72010000E-06  2.23670000E-05  3.47590000E-04
2001-12-28T17:52:35.693 -3.28700000E-04 -5.56520000E-04  6.25640000E-04
2001-12-28T17:52:36.693  3.01350000E-04 -1.93670000E-04  5.72200000E-04
2001-12-28T17:52:37.693 -4.02070000E-04 -4.31160000E-04  3.04020000E-04
2001-12-28T17:52:38.693  2.95280000E-05  2.77070000E-04  4.01930000E-04
2001-12-28T17:52:39.693 -7.05660000E-04 -2.16170000E-04  3.48030000E-04
2001-12-28T17:52:40.693  6.95080000E-05 -6.85260000E-05  6.60470000E-04
2001-12-28T17:52:41.693 -2.47330000E-04 -3.07040000E-04  4.70120000E-04
2001-12-28T17:52:42.693  3.09810000E-04 -3.81780000E-04  8.18870000E-04
2001-12-28T17:52:43.693 -3.28130000E-04 -2.76620000E-04  3.21140000E-04
2001-12-28T17:52:44.693 -2.35830000E-04  4.82470000E-05  3.54400000E-04
2001-12-28T17:52:45.693 -3.35410000E-04 -1.28260000E-04  5.22520000E-04
2001-12-28T17:52:46.693 -2.23600000E-04 -1.72370000E-04  5.22010000E-04
2001-12-28T17:52:47.693  4.45810000E-05 -2.26430000E-04  4.29130000E-04
2001-12-28T17:52:48.693 -2.12480000E-05 -6.21280000E-04  5.62700000E-04
2001-12-28T17:52:49.693 -6.14530000E-05  3.75790000E-05  3.12770000E-04
2001-12-28T17:52:50.693 -5.56900000E-04 -2.21680000E-04  4.40820000E-04
2001-12-28T17:52:51.693 -6.24700000E-05  2.53450000E-04  4.37530000E-04
2001-12-28T17:52:52.693 -1.77920000E-04 -4.86220000E-04  5.26360000E-04
2001-12-28T17:52:53.693  1.53900000E-04 -1.67020000E-04  3.48870000E-04
2001-12-28T17:52:54.693 -4.67320000E-04 -3.92410000E-04  5.46530000E-04
2001-12-28T17:52:55.693  9.23370000E-05  3.59210000E-05  2.65600000E-04
2001-12-28T17:52:56.693 -4.41420000E-04 -2.18330000E-04  1.11440000E-04
2001-12-28T17:52:57.693 -8.79010000E-05  2.67560000E-04  6.26530000E-04
2001-12-28T17:52:58.693 -4.75520000E-04 -4.49620000E-04  9.52600000E-04
2001-12-28T17:52:59.693  3.74720000E-04 -5.00550000E-05  3.05700000E-04
2001-12-28T17:53:00.693 -3.79980000E-04 -7.55210000E-04  4.16420000E-04
2001-12-28T17:53:01.693  1.57190000E-04  1.58000000E-04  4.01380000E-04
2001-12-28T17:53:02.693 -6.25180000E-04 -3.76130000E-04  5.79910000E-04
2001-12-28T17:53:03.693 -7.55020000E-05  3.63030000E-04  5.51740000E-04
2001-12-28T17:53:04.693 -3.05480000E-04 -5.24320000E-04  2.04460000E-04
2001-12-28T17:53:05.693  3.47040000E-04 -3.56470000E-04  5.72690000E-04
2001-12-28T17:53:06.693 -2.44790000E-04 -3.83060000E-04  8.73010000E-04
2001-12-28T17:53:07.693  7.36630000E-06 -1.42560000E-05  2.29640000E-04
2001-12-28T17:53:08.693 -3.45540000E-04 -1.43180000E-04  2.74090000E-04
2001-12-28T17:53:09.693 -1.06180000E-04 -6.39470000E-05  7.31600000E-04
2001-12-28T17:53:10.693  7.12540000E-05 -4.08420000E-04  4.54830000E-04
2001-12-28T17:53:11.693 -8.58510000E-05 -4.21820000E-04  2.83660000E-04
2001-12-28T17:53:12.693 -3.28220000E-05 -3.53260000E-05  4.28770000E-04
2001-12-28T17:53:13.693 -4.60840000E-04 -1.92180000E-04  8.60760000E-04
2001-12-28T17:53:14.693 -9.55680000E-05  3.20290000E-04  5.28640000E-04
2001-12-28T17:53:15.693 -2.84380000E-04 -4.78140000E-04  1.93030000E-04
2001-12-28T17:53:16.693  4.59990000E-04 -3.99250000E-04  2.27040000E-04
2001-12-28T17:53:17.693 -3.82080000E-04 -4.60690000E-04  6.72280000E-04
2001-12-28T17:53:18.693 -5.30040000E-05  3.67180000E-04  5.18370000E-04
2001-12-28T17:53:19.693 -3.90210000E-04 -3.06130000E-04  7.61970000E-04
2001-12-28T17:53:20.693  1.44370000E-04  6.96460000E-05  4.36640000E-04
2001-12-28T17:53:21.693 -4.42820000E-04 -5.80580000E-04  4.21640000E-04
2001-12-28T17:53:22.693  5.29580000E-04 -3.04140000E-04  5.64880000E-04
2001-12-28T17:53:23.693 -6.10600000E-04 -3.78090000E-04  4.06650000E-04
2001-12-28T17:53:24.693  5.27700000E-05  2.72190000E-04  3.24010000E-04
2001-12-28T17:53:25.693 -5.38990000E-04 -2.69120000E-04  5.29230000E-04
2001-12-28T17:53:26.693  1.47890000E-04 -1.05330000E-04  8.91030000E-04
2001-12-28T17:53:27.693 -1.07790000E-05 -3.81800000E-04  4.00620000E-04
2001-12-28T17:53:28.693 -5.96110000E-05 -3.12080000E-04  5.94090000E-04
2001-12-28T17:53:29.693 -3.54550000E-04 -1.44830000E-04  4.70540000E-04
2001-12-28T17:53:30.693 -2.70620000E-04  4.96170000E-05  3.20680000E-04
2001-12-28T17:53:31.693 -1.52660000E-04 -1.61490000E-04  5.19780000E-04
2001-12-28T17:53:32.693  7.12080000E-06 -4.94540000E-04  2.46860000E-04
2001-12-28T17:53:33.693  1.12910000E-04 -2.76740000E-04  4.94710000E-04
2001-12-28T17:53:34.693 -2.10930000E-04 -5.07230000E-04  5.49120000E-04
2001-12-28T17:53:35.693 -2.18970000E-04  2.47130000E-04  7.22550000E-04
2001-12-28T17:53:36.693 -5.34800000E-04 -7.63420000E-05  3.20150000E-04
2001-12-28T17:53:37.693 -6.19120000E-05 -7.67510000E-05  4.50270000E-04
2001-12-28T17:53:38.693 -1.76910000E-04 -7.51260000E-04  6.89650000E-04
2001-12-28T17:53:39.693  1.29760000E-04 -1.49980000E-04  4.71970000E-04
2001-12-28T17:53:40.693 -1.83180000E-04 -3.10000000E-04  7.10770000E-04
2001-12-28T17:53:41.693 -1.94820000E-04  2.25540000E-04  5.02820000E-04
2001-12-28T17:53:42.693 -5.99340000E-04 -3.52390000E-04  4.04700000E-04
2001-12-28T17:53:43.693 -2.97670000E-05  8.10330000E-05  3.29540000E-04
2001-12-28T17:53:44.693  1.06690000E-04 -6.45120000E-04  4.72360000E-04
2001-12-28T17:53:45.693  7.59090000E-05 -2.19950000E-04  4.27090000E-04
2001-12-28T17:53:46.693 -4.71740000E-04 -3.56640000E-04  7.07170000E-04
2001-12-28T17:53:47.693 -4.11070000E-05  3.98540000E-04  4.48640000E-04
2001-12-28T17:53:48.693 -5.66300000E-04 -4.48110000E-04  3.88910000E-04
2001-12-28T17:53:49.693  3.00700000E-04 -2.84230000E-04  3.99690000E-04
2001-12-28T17:53:50.693 -5.65850000E-05 -5.12690000E-04  3.17450000E-04
2001-12-28T17:53:51.693  1.43670000E-05  8.52160000E-05  5.33890000E-04
2001-12-28T17:53:52.693 -4.55330000E-04 -3.03280000E-04  3.21770000E-04
2001-12-28T17:53:53.693 -1.01720000E-04  1.87670000E-04  5.71420000E-04
2001-12-28T17:53:54.693 -4.85980000E-04 -3.83200000E-04  4.74450000E-04
2001-12-28T17:53:55.693  3.52990000E-04 -2.81470000E-04  3.80610000E-04
2001-12-28T17:53:56.693 -2.20380000E-04 -5.55660000E-04  7.12340000E-04
2001-12-28T17:53:57.693 -1.01910000E-04 -5.05420000E-05  7.15250000E-04
2001-12-28T17:53:58.693 -3.87820000E-04 -1.93890000E-05  3.36350000E-04
2001-12-28T17:53:59.693 -1.04920000E-04 -1.16930000E-07  5.16950000E-04
2001-12-28T17:54:00.693  6.27390000E-05 -2.82960000E-04  3.70710000E-04
2001-12-28T17:54:01.693  2.01070000E-05 -4.99630000E-04  3.57860000E-04
2001-12-28T17:54:02.693 -1.49250000E-04 -1.57800000E-04  5.10350000E-04
2001-12-28T17:54:03.693 -3.70100000E-04 -1.24950000E-04  6.58230000E-04
2001-12-28T17:54:04.693 -6.53160000E-05 -6.20550000E-05  5.75150000E-04
2001-12-28T17:54:05.693 -3.28270000E-04 -2.83470000E-04  1.42310000E-04
2001-12-28T17:54:06.693  3.25370000E-04 -4.05710000E-04  1.53020000E-04
2001-12-28T17:54:07.693 -3.56270000E-04 -5.69770000E-04  8.89970000E-04
2001-12-28T17:54:08.693 -1.35570000E-04  2.50050000E-04  5.91000000E-04
2001-12-28T17:54:09.693 -3.66050000E-04 -2.50190000E-04  5.50980000E-04
2001-12-28T17:54:10.693 -1.32250000E-05  2.34010000E-04  2.06380000E-04
2001-12-28T17:54:11.693 -2.32970000E-04 -9.69010000E-04  5.92780000E-04
2001-12-28T17:54:12.693  1.49850000E-04 -9.44690000E-05  3.46970000E-04
2001-12-28T17:54:13.693 -3.06950000E-04 -2.78220000E-04  2.14990000E-04
2001-12-28T17:54:14.693 -8.10550000E-05  1.13030000E-04  4.52130000E-04
2001-12-28T17:54:15.693 -6.70390000E-04 -2.76630000E-04  5.88230000E-04
2001-12-28T17:54:16.693  1.18330000E-04  1.73500000E-05  5.59160000E-04
2001-12-28T17:54:17.693 -2.15980000E-04 -5.08310000E-04  3.51480000E-04
2001-12-28T17:54:18.693  4.05040000E-04 -2.08030000E-04  1.67590000E-04
2001-12-28T17:54:19.693 -3.07510000E-04 -2.55140000E-04  9.61090000E-04
2001-12-28T17:54:20.693 -1.21730000E-04  2.22130000E-04  6.64990000E-04
2001-12-28T17:54:21.693 -6.60270000E-04 -4.26960000E-04  4.60260000E-04
2001-12-28T17:54:22.693 -2.39850000E-05  7.51730000E-05  3.46460000E-04
2001-12-28T17:54:23.693  1.46900000E-05 -3.66650000E-04  4.98380000E-04
2001-12-28T17:54:24.693  5.64170000E-04 -1.41910000E-04  2.18240000E-04
2001-12-28T17:54:25.693 -4.10530000E-05  9.24390000E-05  4.53210000E-04
2001-12-28T17:54:26.693 -1.24610000E-04 -7.46800000E-05  3.43260000E-04
2001-12-28T17:54:27.693 -1.19460000E-05  1.63610000E-04  3.31290000E-04
2001-12-28T17:54:28.693 -2.10520000E-04 -6.89560000E-04  4.92120000E-04
2001-12-28T17:54:29.693  2.14830000E-05 -2.11440000E-05  4.25360000E-04
2001-12-28T17:54:30.693 -4.04240000E-04 -5.88020000E-04  5.26880000E-04
2001-12-28T17:54:31.693 -9.72660000E-05  2.12120000E-04  4.75370000E-04
2001-12-28T17:54:32.693 -2.56650000E-04 -2.88620000E-04  2.16640000E-04
2001-12-28T17:54:33.693 -1.28600000E-05 -4.84110000E-05  7.54350000E-04
2001-12-28T17:54:34.693  1.80410000E-04 -6.96430000E-04  4.71410000E-04
2001-12-28T17:54:35.693 -2.42300000E-05 -1.72320000E-04  5.63720000E-04
2001-12-28T17:54:36.693 -2.35500000E-04  6.98200000E-05  5.69620000E-04
2001-12-28T17:54:37.693 -3.38140000E-04 -2.95710000E-04  3.64500000E-04
2001-12-28T17:54:38.693 -1.25520000E-04 -3.72130000E-04  4.47600000E-04
2001-12-28T17:54:39.693 -5.40920000E-05 -2.89440000E-04  5.68950000E-04
2001-12-28T17:54:40.693  1.04960000E-06 -4.18330000E-04  5.92600000E-04
2001-12-28T17:54:41.693 -4.20360000E-04 -1.00560000E-04  3.96790000E-04
2001-12-28T17:54:42.693 -1.82850000E-04  6.47360000E-05  3.10210000E-04
2001-12-28T17:54:43.693 -3.48340000E-04 -5.45630000E-05  4.13360000E-04
2001-12-28T17:54:44.693  8.04000000E-05 -3.93960000E-04  5.99730000E-04
2001-12-28T17:54:45.693 -7.11980000E-05 -5.86180000E-04  3.46430000E-04
2001-12-28T17:54:46.693 -8.71650000E-06 -7.47550000E-05  6.34490000E-04
2001-12-28T17:54:47.693 -4.29000000E-04 -8.69350000E-05  7.51990000E-04
2001-12-28T17:54:48.693 -1.63780000E-04  1.43940000E-04  1.72020000E-04
2001-12-28T17:54:49.693 -3.09100000E-04 -4.46630000E-04  4.75510000E-04
2001-12-28T17:54:50.693  2.96010000E-04 -1.64130000E-04  6.59430000E-04
2001-12-28T17:54:51.693 -3.40940000E-04 -6.12430000E-04  6.26360000E-04
2001-12-28T17:54:52.693  1.59420000E-04  6.66860000E-05  1.93090000E-04
2001-12-28T17:54:53.693 -6.86820000E-04 -4.04400000E-04  5.31280000E-04
2001-12-28T17:54:54.693  2.18010000E-04  1.05320000E-04  5.24110000E-04
2001-12-28T17:54:55.693 -3.89120000E-04 -3.23880000E-04  4.91520000E-04
2001-12-28T17:54:56.693  1.79260000E-04 -1.35630000E-04  2.05030000E-04
2001-12-28T17:54:57.693 -3.59080000E-04 -5.92480000E-04  6.44010000E-04
2001-12-28T17:54:58.693  1.33520000E-04  1.93630000E-04  4.52930000E-04
2001-12-28T17:54:59.693 -6.00800000E-04 -2.91640000E-04  4.26630000E-04
2001-12-28T17:55:00.693  1.16850000E-04  8.99950000E-05  4.41780000E-04
2001-12-28T17:55:01.693 -3.10620000E-04 -8.75590000E-04  4.54430000E-04
2001-12-28T17:55:02.693  3.40260000E-04 -8.66080000E-05  6.94310000E-04
2001-12-28T17:55:03.693 -6.46740000E-04 -2.99500000E-04  3.82310000E-04
2001-12-28T17:55:04.693  9.37680000E-05  1.30760000E-04  3.32050000E-04
2001-12-28T17:55:05.693 -6.15750000E-04 -2.20400000E-04  7.81840000E-04
2001-12-28T17:55:06.693  2.83980000E-04 -1.89050000E-04  4.85050000E-04
2001-12-28T17:55:07.693 -3.19310000E-04 -5.48710000E-04  3.88400000E-04
2001-12-28T17:55:08.693  1.11860000E-04 -1.39810000E-04  5.39190000E-04
2001-12-28T17:55:09.693 -3.82860000E-04 -1.92120000E-04  4.88900000E-04
2001-12-28T17:55:10.693 -1.94830000E-04 -5.97500000E-05  3.76220000E-04
2001-12-28T17:55:11.693  5.64970000E-05 -2.39700000E-04  2.86630000E-04
2001-12-28T17:55:12.693  8.05310000E-05 -4.74470000E-04  3.05480000E-04
2001-12-28T17:55:13.693 -1.19980000E-04 -3.84140000E-04  5.31040000E-04
2001-12-28T17:55:14.693 -3.52420000E-04 -1.55790000E-04  8.47040000E-04
2001-12-28T17:55:15.693 -3.76430000E-04  1.14140000E-04  3.46260000E-04
2001-12-28T17:55:16.693 -1.42560000E-04 -4.11570000E-04  4.35780000E-04
2001-12-28T17:56:27.493 -3.41610000E-04 -1.86160000E-04  4.29090000E-04
2001-12-28T17:56:28.493 -1.08420000E-05  3.52430000E-04  7.66040000E-04
2001-12-28T17:56:29.493 -5.27880000E-04 -5.59880000E-04  4.08860000E-04
2001-12-28T17:56:30.493  4.01270000E-04 -2.03680000E-04  6.01210000E-04
2001-12-28T17:56:31.493 -4.21550000E-04 -7.77820000E-04  7.29130000E-04
2001-12-28T17:56:32.493  1.72650000E-04  9.15590000E-05  4.33350000E-04
2001-12-28T17:56:33.493 -6.20250000E-04 -1.84140000E-04  5.42130000E-04
2001-12-28T17:56:34.493 -1.43350000E-05  3.13020000E-04  6.97050000E-04
2001-12-28T17:56:35.493 -6.04110000E-04 -5.48390000E-04  4.60680000E-04
2001-12-28T17:56:36.493  2.59700000E-04 -6.85830000E-05  6.48250000E-04
2001-12-28T17:56:37.493 -5.50760000E-04 -5.43760000E-04  6.25460000E-04
2001-12-28T17:56:38.493  1.89470000E-04 -1.92990000E-04  3.64400000E-04
2001-12-28T17:56:39.493 -7.23850000E-04 -3.71590000E-04  5.45250000E-04
2001-12-28T17:56:40.493 -7.29710000E-05  1.96160000E-04  5.50570000E-04
2001-12-28T17:56:41.493 -7.14670000E-04 -2.55960000E-04  7.15820000E-04
2001-12-28T17:56:42.493 -3.09280000E-04  1.81680000E-04  5.15320000E-04
2001-12-28T17:56:43.493 -3.65610000E-05 -5.46780000E-04  5.92220000E-04
2001-12-28T17:56:44.493  2.19330000E-04 -3.34010000E-04  6.44830000E-04
2001-12-28T17:56:45.493 -3.60500000E-04 -2.84950000E-04  6.06190000E-04
2001-12-28T17:56:46.493 -2.57320000E-04  7.71220000E-05  5.26420000E-04
2001-12-28T17:56:47.493 -5.75630000E-04 -2.60420000E-04  5.26900000E-04
2001-12-28T17:56:48.493 -3.89580000E-04  2.69740000E-04  5.78410000E-04
2001-12-28T17:56:49.493 -2.69890000E-04 -3.22390000E-04  4.25050000E-04
2001-12-28T17:56:50.493 -8.81740000E-05 -2.89040000E-04  5.15770000E-04
2001-12-28T17:56:51.493 -5.87380000E-05 -3.92130000E-04  8.19400000E-04
2001-12-28T17:56:52.493  7.80910000E-05 -2.34760000E-04  5.14940000E-04
2001-12-28T17:56:53.493 -4.14080000E-04 -2.04720000E-04  6.29620000E-04
2001-12-28T17:56:54.493 -3.95630000E-04  8.74190000E-05  3.83390000E-04
2001-12-28T17:56:55.493 -3.28240000E-04 -2.81350000E-04  4.82420000E-04
2001-12-28T17:56:56.493 -2.03410000E-04 -1.93850000E-04  4.98080000E-04
