2001-12-15T08:36:40.442 -6.07300000E-05 -2.48390000E-04  5.56150000E-04
2001-12-15T08:36:41.442  9.26560000E-06 -2.80640000E-04  3.81140000E-04
2001-12-15T08:36:42.442 -1.68850000E-04 -3.20610000E-04  2.38190000E-04
2001-12-15T08:36:43.442 -1.82170000E-05 -6.44930000E-05  6.68800000E-04
2001-12-15T08:36:44.442 -7.52630000E-05 -3.37320000E-04  1.15010000E-04
2001-12-15T08:36:45.442  3.76150000E-05 -1.95910000E-04  5.49630000E-04
2001-12-15T08:36:46.442 -2.11940000E-04 -3.27930000E-04  2.01510000E-04
2001-12-15T08:36:47.442  8.16190000E-05 -3.34040000E-04  6.57170000E-04
2001-12-15T08:36:48.442 -2.95420000E-04 -1.85380000E-04  3.62980000E-04
2001-12-15T08:36:49.442  9.72690000E-06 -2.06650000E-04  6.25820000E-04
2001-12-15T08:36:50.442 -3.05760000E-04 -2.94010000E-04  3.93960000E-04
2001-12-15T08:36:51.442 -3.76140000E-05 -2.06460000E-04  2.26200000E-04
2001-12-15T08:36:52.442 -2.82160000E-04 -2.60200000E-04  5.43680000E-04
2001-12-15T08:36:53.442  5.27800000E-05 -2.43040000E-04  2.62680000E-04
2001-12-15T08:36:54.442 -2.15410000E-04 -4.44430000E-04  4.77190000E-04
2001-12-15T08:36:55.442 -4.38430000E-05 -1.42410000E-04  6.04210000E-04
2001-12-15T08:36:56.442 -2.45360000E-04 -2.87570000E-04  6.02250000E-04
2001-12-15T08:36:57.442  4.68820000E-05 -2.25390000E-04  2.56680000E-04
2001-12-15T08:36:58.442 -1.84930000E-04 -2.29470000E-04  6.08700000E-04
2001-12-15T08:36:59.442 -5.49770000E-06 -1.94840000E-04  3.46520000E-04
2001-12-15T08:37:00.442 -1.97990000E-04 -2.34220000E-04  5.41000000E-04
2001-12-15T08:37:01.442 -8.76610000E-05 -1.38690000E-04  3.14510000E-04
2001-12-15T08:37:02.442 -1.33700000E-04 -3.68520000E-04  4.55670000E-04
2001-12-15T08:37:03.442  4.55170000E-05 -2.12300000E-04  3.91460000E-04
2001-12-15T08:37:04.442 -2.42340000E-04 -2.73800000E-04  7.46800000E-04
2001-12-15T08:37:05.442  2.81710000E-05 -8.89810000E-05  2.16030000E-04
2001-12-15T08:37:06.442 -2.39140000E-04 -3.66300000E-04  5.02870000E-04
2001-12-15T08:37:07.442 -4.13930000E-05 -9.25970000E-05  3.85790000E-04
2001-12-15T08:37:08.442 -1.44190000E-04 -3.82440000E-04  5.43080000E-04
2001-12-15T08:37:09.442 -5.21290000E-05 -3.45560000E-04  4.14600000E-04
2001-12-15T08:37:10.442 -9.53150000E-05 -2.81050000E-04  5.46550000E-04
2001-12-15T08:37:11.442 -1.98490000E-05 -5.94380000E-05  2.30550000E-04
2001-12-15T08:37:12.442 -2.27340000E-04 -1.99960000E-04  5.67470000E-04
2001-12-15T08:37:13.442 -2.26870000E-05 -2.82160000E-04  2.13370000E-04
2001-12-15T08:37:14.442 -1.70910000E-04 -3.67010000E-04  6.96060000E-04
2001-12-15T08:37:15.442 -6.98490000E-05 -9.87890000E-05  1.44220000E-04
2001-12-15T08:37:16.442 -1.95720000E-04 -3.04330000E-04  6.81840000E-04
2001-12-15T08:37:17.442 -7.67760000E-05 -3.18370000E-04  2.18170000E-04
2001-12-15T08:37:18.442 -1.10820000E-04 -3.23860000E-04  6.96500000E-04
2001-12-15T08:37:19.442 -3.07530000E-05 -2.04250000E-04  3.88820000E-04
2001-12-15T08:37:20.442 -2.23420000E-04 -2.46390000E-04  4.86910000E-04
2001-12-15T08:37:21.442  9.94830000E-05 -2.90570000E-04  3.17450000E-04
2001-12-15T08:37:22.442 -1.59330000E-04 -3.31760000E-04  6.53820000E-04
2001-12-15T08:37:23.442  5.38400000E-06 -1.07380000E-04  5.19920000E-05
2001-12-15T08:37:24.442 -3.48430000E-05 -2.88050000E-04  6.91590000E-04
2001-12-15T08:37:25.442 -1.15180000E-04 -3.26440000E-04  3.92310000E-04
2001-12-15T08:37:26.442 -8.61630000E-05 -2.17280000E-04  4.56110000E-04
2001-12-15T08:37:27.442 -1.61360000E-04 -3.22330000E-04  2.73550000E-04
2001-12-15T08:37:28.442 -1.03750000E-04 -1.11410000E-04  4.53880000E-04
2001-12-15T08:37:29.442 -6.00350000E-05 -3.09430000E-04  5.29080000E-04
2001-12-15T08:37:30.442 -1.38780000E-04 -3.23700000E-04  4.36850000E-04
2001-12-15T08:37:31.442 -3.51800000E-05 -9.94920000E-05  4.75370000E-04
2001-12-15T08:37:32.442 -2.26390000E-05 -2.59040000E-04  3.39860000E-04
2001-12-15T08:37:33.442 -1.37850000E-04 -3.18340000E-04  5.28700000E-04
2001-12-15T08:37:34.442 -6.08560000E-05 -1.76150000E-04  5.99790000E-04
2001-12-15T08:37:35.442 -1.75630000E-04 -3.61650000E-04  2.78910000E-04
2001-12-15T08:37:36.442 -1.86800000E-04 -9.77740000E-05  6.02610000E-04
2001-12-15T08:37:37.442 -1.56190000E-04 -3.97820000E-04  1.15440000E-04
2001-12-15T08:37:38.442 -7.21540000E-05 -8.82900000E-05  8.03110000E-04
2001-12-15T08:37:39.442 -1.57400000E-04 -3.51100000E-04  1.98250000E-04
2001-12-15T08:37:40.442 -6.15690000E-05 -1.09640000E-04  7.42070000E-04
2001-12-15T08:37:41.442 -2.40670000E-04 -2.29130000E-04  1.27800000E-04
2001-12-15T08:37:42.442  3.19120000E-05 -2.73380000E-04  6.17470000E-04
2001-12-15T08:37:43.442 -7.72000000E-05 -3.04560000E-04  8.86470000E-05
2001-12-15T08:37:44.442 -8.26410000E-05 -2.32440000E-04  5.88630000E-04
2001-12-15T08:37:45.442 -7.32890000E-05 -3.31020000E-04  1.83520000E-04
2001-12-15T08:37:46.442 -5.43420000E-05 -3.70410000E-05  7.51030000E-04
2001-12-15T08:37:47.442 -2.81380000E-04 -4.08200000E-04  1.88340000E-04
2001-12-15T08:37:48.442  2.86720000E-05 -8.97500000E-05  5.59400000E-04
2001-12-15T08:37:49.442 -1.31470000E-04 -3.37840000E-04  3.34410000E-04
2001-12-15T08:37:50.442 -1.27590000E-04 -1.48820000E-04  4.32930000E-04
2001-12-15T08:37:51.442 -5.49500000E-05 -2.99640000E-04  6.22420000E-04
2001-12-15T08:37:52.442 -6.29980000E-05 -1.03100000E-04  2.05930000E-04
2001-12-15T08:37:53.442 -1.70770000E-04 -2.74170000E-04  5.13780000E-04
2001-12-15T08:37:54.442 -8.04500000E-05 -2.78850000E-04  3.70270000E-04
2001-12-15T08:37:55.442 -1.29890000E-04 -3.57610000E-04  4.85770000E-04
2001-12-15T08:37:56.442 -1.65780000E-04 -1.97830000E-04  3.17180000E-04
2001-12-15T08:37:57.442 -6.77020000E-05 -2.31280000E-04  4.47740000E-04
2001-12-15T08:37:58.442 -1.51020000E-04 -2.55280000E-04  3.67590000E-04
2001-12-15T08:37:59.442 -1.30080000E-04 -2.80970000E-04  6.53650000E-04
2001-12-15T08:38:00.442 -3.07920000E-05 -2.50880000E-04  2.67610000E-04
2001-12-15T08:38:01.442 -9.68900000E-05 -2.20110000E-04  3.91400000E-04
2001-12-15T08:38:02.442  3.49600000E-05 -3.12120000E-04  6.55130000E-04
2001-12-15T08:38:03.442 -3.94150000E-04 -1.48000000E-04  3.58160000E-04
2001-12-15T08:38:04.442  4.87680000E-06 -3.25210000E-04  3.17180000E-04
2001-12-15T08:38:05.442 -2.64430000E-05 -3.27070000E-04  4.00160000E-04
2001-12-15T08:38:06.442 -5.80990000E-05 -1.16000000E-04  5.83180000E-04
2001-12-15T08:38:07.442 -2.06710000E-04 -2.95240000E-04  2.21800000E-04
2001-12-15T08:38:08.442 -1.84100000E-05 -1.96210000E-04  4.67820000E-04
2001-12-15T08:38:09.442 -1.66410000E-04 -3.39230000E-04  5.46930000E-04
2001-12-15T08:38:10.442  4.85430000E-05 -1.54850000E-04  3.71090000E-04
2001-12-15T08:38:11.442 -1.28000000E-04 -2.10180000E-04  5.15800000E-04
2001-12-15T08:38:12.442 -1.16310000E-04 -1.93410000E-04  1.79130000E-04
2001-12-15T08:38:13.442 -1.55540000E-04 -2.72750000E-04  6.52260000E-04
2001-12-15T08:38:14.442 -1.26620000E-04 -4.36030000E-04  4.34590000E-04
2001-12-15T08:38:15.442 -8.31380000E-05 -2.32720000E-04  2.66350000E-04
2001-12-15T08:38:16.442 -7.12440000E-05 -2.34180000E-04  4.33460000E-04
2001-12-15T08:38:17.442 -1.55330000E-04 -9.42130000E-05  6.30320000E-04
2001-12-15T08:38:18.442 -2.49410000E-04 -2.72470000E-04  3.60540000E-04
2001-12-15T08:38:19.442  3.91080000E-05 -3.30800000E-04  5.38400000E-04
2001-12-15T08:38:20.442 -1.95360000E-04 -3.59760000E-04  3.65600000E-04
2001-12-15T08:38:21.442  1.11840000E-04 -1.72890000E-04  4.24250000E-04
2001-12-15T08:38:22.442 -1.81990000E-04 -2.90500000E-04  2.69110000E-04
2001-12-15T08:38:23.442 -3.76530000E-06 -6.52640000E-05  6.86800000E-04
2001-12-15T08:38:24.442 -1.51980000E-04 -4.30540000E-04  3.94050000E-04
2001-12-15T08:38:25.442  6.75930000E-05 -3.04040000E-04  5.03610000E-04
2001-12-15T08:38:26.442 -2.74940000E-04 -1.95580000E-04  5.93300000E-04
2001-12-15T08:38:27.442 -5.09160000E-05 -1.52210000E-04  3.18850000E-04
2001-12-15T08:38:28.442 -1.18580000E-04 -3.05800000E-04  4.03610000E-04
2001-12-15T08:38:29.442  8.38860000E-06 -1.55340000E-04  4.81220000E-04
2001-12-15T08:38:30.442 -9.61310000E-05 -2.42710000E-04  3.12350000E-04
2001-12-15T08:38:31.442  5.98810000E-06 -2.55560000E-04  5.57340000E-04
2001-12-15T08:38:32.442 -2.11800000E-04 -9.30990000E-05  3.16590000E-04
2001-12-15T08:38:33.442  1.18400000E-04 -2.07690000E-04  4.49090000E-04
2001-12-15T08:38:34.442 -2.16250000E-04 -3.23130000E-04  3.26530000E-04
2001-12-15T08:38:35.442 -9.37190000E-06 -3.43520000E-04  4.83670000E-04
2001-12-15T08:38:36.442 -1.42570000E-04 -1.98300000E-04  3.73540000E-04
2001-12-15T08:38:37.442 -5.16090000E-05 -2.05410000E-04  5.22200000E-04
2001-12-15T08:38:38.442 -7.42220000E-05 -2.37450000E-04  9.68780000E-05
2001-12-15T08:38:39.442 -1.21370000E-04 -1.69570000E-04  5.65440000E-04
2001-12-15T08:38:40.442 -8.35920000E-05 -2.40530000E-04  4.32770000E-04
2001-12-15T08:38:41.442 -8.47570000E-05 -2.05990000E-04  6.45850000E-04
2001-12-15T08:38:42.442 -3.01820000E-04 -3.76760000E-04  3.42780000E-04
2001-12-15T08:38:43.442 -2.30270000E-05 -1.65830000E-04  4.85900000E-04
2001-12-15T08:38:44.442 -1.22100000E-04 -2.96300000E-04  4.91720000E-04
2001-12-15T08:38:45.442 -1.30970000E-04 -1.65360000E-04  1.55090000E-04
2001-12-15T08:38:46.442 -1.22060000E-04 -2.43780000E-04  6.12170000E-04
2001-12-15T08:38:47.442  5.35380000E-07 -2.46700000E-04  3.65350000E-04
2001-12-15T08:38:48.442 -9.66040000E-05 -1.36920000E-04  1.99340000E-04
2001-12-15T08:38:49.442 -1.09830000E-04 -3.86550000E-04  6.50600000E-04
2001-12-15T08:38:50.442 -8.61240000E-06 -1.58210000E-04  3.35220000E-04
2001-12-15T08:38:51.442 -2.63200000E-04 -2.18700000E-04  4.72030000E-04
2001-12-15T08:38:52.442 -9.13210000E-05 -3.49300000E-04  5.64640000E-04
2001-12-15T08:38:53.442 -1.03620000E-04 -1.69570000E-04  5.87940000E-04
2001-12-15T08:38:54.442 -7.11530000E-05 -3.16720000E-04  2.44500000E-04
2001-12-15T08:38:55.442 -4.44760000E-07 -2.75370000E-04  4.85850000E-04
2001-12-15T08:38:56.442 -1.16270000E-04 -1.67570000E-04  3.64360000E-04
2001-12-15T08:38:57.442 -2.65920000E-04 -3.01320000E-04  4.78110000E-04
2001-12-15T08:38:58.442 -1.87860000E-05 -1.55090000E-04  3.84210000E-04
2001-12-15T08:38:59.442 -2.07810000E-04 -2.67180000E-04  9.07020000E-04
2001-12-15T08:39:00.442  1.99630000E-05 -3.46090000E-04  7.01290000E-05
2001-12-15T08:39:01.442 -5.84440000E-05 -1.84510000E-04  4.81560000E-04
2001-12-15T08:39:02.442 -2.46930000E-04 -1.88200000E-04  3.83070000E-04
2001-12-15T08:39:03.442 -9.70720000E-05 -2.67180000E-04  3.60560000E-04
2001-12-15T08:39:04.442 -2.27280000E-04 -2.97410000E-04  4.33490000E-04
2001-12-15T08:39:05.442 -4.01980000E-06 -2.97370000E-04  6.07110000E-04
2001-12-15T08:39:06.442 -1.21340000E-04 -1.29890000E-04  1.48250000E-04
2001-12-15T08:39:07.442 -7.81310000E-05 -2.74190000E-04  4.30500000E-04
2001-12-15T08:39:08.442  3.39740000E-05 -2.07850000E-04  5.76010000E-04
2001-12-15T08:39:09.442 -1.50850000E-04 -3.35490000E-04  3.75160000E-04
2001-12-15T08:39:10.442  2.93540000E-05 -9.89200000E-05  5.42080000E-04
2001-12-15T08:39:11.442 -2.39140000E-04 -3.28090000E-04  2.18210000E-04
2001-12-15T08:39:12.442 -5.01420000E-05 -1.76690000E-04  5.02600000E-04
2001-12-15T08:39:13.442 -2.85350000E-04 -3.36160000E-04  2.13160000E-04
2001-12-15T08:39:14.442  7.93170000E-05 -2.14570000E-04  6.82720000E-04
2001-12-15T08:39:15.442 -2.77370000E-04 -2.85950000E-04  3.62190000E-04
2001-12-15T08:39:16.442 -2.22370000E-05 -2.26860000E-04  4.78400000E-04
2001-12-15T08:39:17.442 -1.77000000E-04 -2.42290000E-04  2.76590000E-04
2001-12-15T08:39:18.442 -1.08200000E-04 -9.69690000E-05  5.86420000E-04
2001-12-15T08:39:19.442 -8.50240000E-05 -2.56850000E-04  5.57780000E-04
2001-12-15T08:39:20.442 -4.63370000E-05 -2.04440000E-04  3.76090000E-04
2001-12-15T08:39:21.442 -1.19970000E-04 -1.16290000E-04  5.08170000E-04
2001-12-15T08:39:22.442 -4.66690000E-05 -2.83660000E-04  2.58670000E-04
2001-12-15T08:39:23.442 -1.01110000E-04 -2.61300000E-04  5.21720000E-04
2001-12-15T08:39:24.442 -2.18520000E-04 -1.63540000E-04  3.73130000E-04
2001-12-15T08:39:25.442 -1.11210000E-04 -4.18630000E-04  5.28630000E-04
2001-12-15T08:39:26.442 -8.62140000E-05 -1.95450000E-04  3.62720000E-04
2001-12-15T08:39:27.442 -9.96050000E-05 -1.67890000E-04  5.00570000E-04
2001-12-15T08:39:28.442 -1.59260000E-04 -3.22300000E-04  4.87400000E-04
2001-12-15T08:39:29.442 -2.09490000E-04 -1.01660000E-04  5.16880000E-04
2001-12-15T08:39:30.442 -1.15280000E-04 -3.37160000E-04  3.52400000E-04
2001-12-15T08:39:31.442 -9.17280000E-05 -1.35130000E-04  2.90430000E-04
2001-12-15T08:39:32.442 -1.56500000E-04 -2.75790000E-04  7.32840000E-04
2001-12-15T08:39:33.442 -1.08300000E-04 -3.06390000E-04  2.16810000E-04
2001-12-15T08:39:34.442 -8.79270000E-05 -1.12250000E-04  5.35120000E-04
2001-12-15T08:39:35.442 -1.96480000E-04 -3.28170000E-04  3.08360000E-04
2001-12-15T08:39:36.442  2.35540000E-05 -2.68620000E-04  3.43410000E-04
2001-12-15T08:39:37.442 -1.02280000E-04 -3.05520000E-04  5.66180000E-04
2001-12-15T08:39:38.442  6.02330000E-05 -1.61800000E-04  3.77060000E-04
2001-12-15T08:39:39.442 -1.51940000E-04 -1.71560000E-04  5.85170000E-04
2001-12-15T08:39:40.442 -1.55060000E-04 -3.93900000E-04  3.88770000E-04
2001-12-15T08:39:41.442 -3.40010000E-05 -1.73290000E-04  5.70290000E-04
2001-12-15T08:39:42.442 -1.17990000E-04 -3.29060000E-04  1.90510000E-04
2001-12-15T08:39:43.442 -1.34170000E-04 -2.96100000E-04  6.49160000E-04
2001-12-15T08:39:44.442 -2.47620000E-04 -1.63070000E-04  3.16800000E-04
2001-12-15T08:39:45.442 -3.38110000E-06 -1.66680000E-04  3.61550000E-04
2001-12-15T08:39:46.442 -1.39940000E-04 -3.04290000E-04  4.93320000E-04
2001-12-15T08:39:47.442 -4.19160000E-05 -2.11730000E-04  4.34060000E-04
2001-12-15T08:39:48.442 -4.66730000E-05 -1.87880000E-04  3.24130000E-04
2001-12-15T08:39:49.442 -1.25960000E-04 -2.35370000E-04  6.43060000E-04
2001-12-15T08:39:50.442 -1.71420000E-04 -3.42940000E-04  1.29030000E-04
2001-12-15T08:39:51.442 -5.61930000E-05 -5.23590000E-05  7.69120000E-04
2001-12-15T08:39:52.442 -4.97810000E-05 -3.11710000E-04  2.57190000E-04
2001-12-15T08:39:53.442 -3.53790000E-05 -1.96750000E-04  5.07810000E-04
2001-12-15T08:39:54.442 -1.96590000E-04 -3.72080000E-04  2.30830000E-04
2001-12-15T08:39:55.442 -3.97610000E-05 -9.66350000E-06  5.92060000E-04
2001-12-15T08:39:56.442 -2.77020000E-04 -3.28120000E-04  4.60860000E-04
2001-12-15T08:39:57.442  5.49100000E-05 -1.92400000E-04  2.97280000E-04
2001-12-15T08:39:58.442 -1.65940000E-04 -4.04920000E-04  6.74220000E-04
2001-12-15T08:39:59.442  1.06800000E-04 -1.58100000E-04  3.17340000E-04
2001-12-15T08:40:00.442 -3.77820000E-04 -2.34470000E-04  3.98040000E-04
2001-12-15T08:40:01.442  7.46530000E-05 -1.78120000E-04  3.50640000E-04
2001-12-15T08:40:02.442 -1.61210000E-04 -4.95360000E-04  4.87500000E-04
2001-12-15T08:40:03.442 -1.06120000E-04 -2.51970000E-04  3.01110000E-04
2001-12-15T08:40:04.442 -1.87470000E-04 -3.15210000E-04  7.14940000E-04
2001-12-15T08:40:05.442  8.61570000E-05 -2.27460000E-05  1.15560000E-04
2001-12-15T08:40:06.442 -2.14660000E-04 -3.72720000E-04  6.02900000E-04
2001-12-15T08:40:07.442  3.58060000E-05 -3.07630000E-04  4.10390000E-04
2001-12-15T08:40:08.442 -2.74710000E-04 -2.72220000E-04  4.31450000E-04
2001-12-15T08:40:09.442 -5.46530000E-06 -2.86410000E-04  2.06510000E-04
2001-12-15T08:40:10.442 -1.93520000E-04 -3.68380000E-04  4.66500000E-04
2001-12-15T08:40:11.442  2.64240000E-05 -1.29690000E-04  5.18770000E-04
2001-12-15T08:40:12.442 -1.43970000E-04 -3.54290000E-04  3.84930000E-04
2001-12-15T08:40:13.442 -6.31390000E-05 -3.45680000E-04  3.50650000E-04
2001-12-15T08:40:14.442 -2.00360000E-04 -1.82600000E-04  6.20800000E-04
2001-12-15T08:40:15.442 -8.46980000E-05 -1.75980000E-04  1.94780000E-04
2001-12-15T08:40:16.442 -1.34820000E-04 -2.75800000E-04  5.70830000E-04
2001-12-15T08:40:17.442 -7.52380000E-06 -2.58050000E-04  5.74730000E-04
2001-12-15T08:40:18.442 -1.55000000E-04 -2.26090000E-04  3.18650000E-04
2001-12-15T08:40:19.442 -6.30500000E-05 -2.99460000E-04  6.02130000E-04
2001-12-15T08:40:20.442 -1.60260000E-04 -3.59390000E-04  2.05800000E-04
2001-12-15T08:40:21.442 -1.69860000E-04 -1.44690000E-04  6.82380000E-04
2001-12-15T08:40:22.442 -3.93050000E-05 -2.99250000E-04  3.08340000E-04
2001-12-15T08:40:23.442 -8.06320000E-05 -2.90630000E-04  3.34140000E-04
2001-12-15T08:40:24.442 -1.62760000E-04 -2.60930000E-04  5.92050000E-04
2001-12-15T08:40:25.442 -8.71760000E-05 -1.90730000E-04  1.82760000E-04
2001-12-15T08:40:26.442  1.45290000E-05 -3.00010000E-04  7.35040000E-04
2001-12-15T08:40:27.442 -5.98070000E-05 -2.01260000E-04  1.81880000E-04
2001-12-15T08:40:28.442 -2.34050000E-04 -3.14940000E-04  4.72690000E-04
2001-12-15T08:40:29.442 -1.47510000E-04 -1.13340000E-04  3.95350000E-04
2001-12-15T08:40:30.442 -2.16870000E-04 -2.79300000E-04  2.51960000E-04
2001-12-15T08:40:31.442  6.54900000E-05 -2.63720000E-04  5.21670000E-04
2001-12-15T08:40:32.442 -9.42620000E-05 -2.15000000E-04  3.95910000E-04
2001-12-15T08:40:33.442 -1.50050000E-04 -2.77860000E-04  3.32210000E-04
2001-12-15T08:40:34.442 -1.01400000E-04 -2.65330000E-04  2.03200000E-04
2001-12-15T08:40:35.442 -1.96330000E-04 -2.79200000E-04  6.31370000E-04
2001-12-15T08:40:36.442 -1.42340000E-04 -2.43850000E-04  2.86970000E-04
2001-12-15T08:40:37.442 -1.10510000E-04 -3.05350000E-04  5.18780000E-04
2001-12-15T08:40:38.442 -2.59100000E-04 -3.09410000E-04  4.94650000E-04
2001-12-15T08:40:39.442 -1.24870000E-05 -3.16360000E-04  9.43650000E-05
2001-12-15T08:40:40.442 -6.57090000E-05 -1.40740000E-04  8.07620000E-04
2001-12-15T08:40:41.442 -1.17210000E-04 -3.34430000E-04  2.33430000E-04
2001-12-15T08:40:42.442 -1.38030000E-04 -2.34350000E-04  5.59530000E-04
2001-12-15T08:40:43.442 -1.13930000E-04 -1.50730000E-04  3.06360000E-04
2001-12-15T08:40:44.442 -1.36810000E-05 -3.05130000E-04  5.24330000E-04
2001-12-15T08:40:45.442 -1.01760000E-04 -2.36800000E-04  3.62820000E-04
2001-12-15T08:40:46.442 -8.88540000E-05 -2.25130000E-04  3.79320000E-04
2001-12-15T08:40:47.442 -1.16910000E-04 -3.15900000E-04  6.11430000E-04
2001-12-15T08:40:48.442 -1.53400000E-04 -3.40400000E-04  4.68670000E-05
2001-12-15T08:40:49.442 -7.49830000E-05 -1.92350000E-04  7.51220000E-04
2001-12-15T08:40:50.442 -1.06520000E-04 -2.18830000E-04  2.53650000E-04
2001-12-15T08:40:51.442 -9.08460000E-05 -4.18350000E-04  5.33050000E-04
2001-12-15T08:40:52.442  6.78470000E-05 -1.36610000E-04  5.92370000E-04
2001-12-15T08:40:53.442 -1.56840000E-04 -4.44490000E-04  4.26460000E-04
2001-12-15T08:40:54.442 -1.37190000E-04 -1.24430000E-04  4.17900000E-04
2001-12-15T08:40:55.442 -8.80340000E-05 -2.93090000E-04  3.98930000E-04
2001-12-15T08:40:56.442  1.53830000E-05 -1.87570000E-04  4.36780000E-04
2001-12-15T08:40:57.442 -2.47060000E-04 -1.93260000E-04  1.16510000E-04
2001-12-15T08:40:58.442  3.69050000E-05 -1.40750000E-04  5.74450000E-04
2001-12-15T08:40:59.442 -1.27230000E-04 -2.53160000E-04  3.83290000E-04
2001-12-15T08:41:00.442 -5.98090000E-05 -8.69880000E-05  5.64340000E-04
2001-12-15T08:41:01.442 -1.79390000E-04 -3.84950000E-04  1.61470000E-04
2001-12-15T08:41:02.442 -8.01350000E-05 -1.42290000E-04  6.15680000E-04
2001-12-15T08:41:03.442 -1.80660000E-04 -2.58020000E-04  2.60050000E-04
2001-12-15T08:41:04.442  4.00860000E-05 -2.27150000E-04  5.46620000E-04
2001-12-15T08:41:05.442 -1.10210000E-04 -2.68160000E-04  3.14690000E-04
2001-12-15T08:41:06.442 -3.19000000E-05 -1.84610000E-04  6.67420000E-04
2001-12-15T08:41:07.442 -1.81070000E-04 -4.26280000E-04  3.78370000E-04
2001-12-15T08:41:08.442  1.31570000E-05 -1.65140000E-04  2.12380000E-04
2001-12-15T08:41:09.442 -8.44370000E-05 -2.97530000E-04  5.65330000E-04
2001-12-15T08:41:10.442 -1.79790000E-05 -2.20540000E-04  2.41170000E-04
2001-12-15T08:41:11.442 -1.94840000E-04 -2.33880000E-04  6.34350000E-04
2001-12-15T08:41:12.442 -7.33730000E-06 -2.03860000E-04  2.46380000E-04
2001-12-15T08:41:13.442 -1.26550000E-04 -3.49910000E-04  4.77460000E-04
2001-12-15T08:41:14.442 -2.93920000E-06 -2.11990000E-04  5.39290000E-04
2001-12-15T08:41:15.442 -1.22100000E-04 -2.71950000E-04  2.49240000E-04
2001-12-15T08:41:16.442 -1.30390000E-04 -1.78930000E-04  5.36120000E-04
2001-12-15T08:41:17.442 -1.06990000E-04 -2.70130000E-04  2.43890000E-04
2001-12-15T08:41:18.442 -1.77890000E-04 -8.80110000E-05  4.88860000E-04
2001-12-15T08:41:19.442  1.03700000E-04 -3.00820000E-04  6.12620000E-04
2001-12-15T08:41:20.442 -3.00040000E-04 -2.63170000E-04  2.16210000E-04
2001-12-15T08:41:21.442 -1.29260000E-05 -1.88060000E-04  5.64170000E-04
2001-12-15T08:41:22.442 -2.15060000E-04 -3.68570000E-04  4.38750000E-04
2001-12-15T08:41:23.442  1.16520000E-04 -2.24690000E-04  3.82850000E-04
2001-12-15T08:41:24.442 -5.49180000E-05 -2.87680000E-04  2.88080000E-04
2001-12-15T08:41:25.442 -1.08330000E-04 -3.12470000E-04  5.51150000E-04
2001-12-15T08:41:26.442 -2.34910000E-04 -3.13130000E-04  5.92420000E-04
2001-12-15T08:41:27.442 -1.06910000E-05 -7.79990000E-05  1.52960000E-04
2001-12-15T08:41:28.442 -3.22120000E-05 -3.58970000E-04  5.87710000E-04
2001-12-15T08:41:29.442 -9.33360000E-05 -1.27540000E-04  2.55790000E-04
2001-12-15T08:41:30.442 -1.50540000E-04 -3.02260000E-04  4.73790000E-04
2001-12-15T08:41:31.442 -1.21750000E-04 -1.81380000E-04  4.87890000E-04
2001-12-15T08:41:32.442 -1.00280000E-04 -2.40630000E-04  4.10260000E-04
2001-12-15T08:41:33.442  1.33630000E-04 -2.16150000E-04  3.30800000E-04
2001-12-15T08:41:34.442 -2.00500000E-04 -3.60080000E-04  6.38220000E-04
2001-12-15T08:41:35.442 -4.17810000E-05  2.08280000E-06  3.91770000E-04
2001-12-15T08:41:36.442 -2.22010000E-04 -4.31060000E-04  4.07190000E-04
2001-12-15T08:41:37.442 -4.43040000E-05 -3.72500000E-05  3.94060000E-04
2001-12-15T08:41:38.442 -1.35010000E-04 -3.45570000E-04  3.02050000E-04
2001-12-15T08:41:39.442 -3.99970000E-05 -2.73270000E-04  5.60590000E-04
2001-12-15T08:41:40.442 -1.61960000E-04 -2.34380000E-04  4.74560000E-04
2001-12-15T08:41:41.442 -1.21220000E-04 -1.31540000E-04  6.51260000E-04
2001-12-15T08:41:42.442 -1.14650000E-04 -3.81620000E-04  3.30590000E-04
2001-12-15T08:41:43.442 -7.71570000E-05 -1.55000000E-04  4.75610000E-04
2001-12-15T08:41:44.442 -5.43810000E-05 -2.21690000E-04  3.05080000E-05
2001-12-15T08:41:45.442 -2.28510000E-05 -2.91810000E-04  6.99820000E-04
2001-12-15T08:41:46.442 -3.04420000E-04 -3.51420000E-04  3.20190000E-04
2001-12-15T08:41:47.442 -8.69310000E-05 -1.56250000E-04  4.68130000E-04
2001-12-15T08:41:48.442 -1.62380000E-04 -2.39900000E-04  2.68990000E-04
2001-12-15T08:41:49.442 -3.78240000E-05 -2.15290000E-04  4.63400000E-04
2001-12-15T08:41:50.442 -9.84880000E-05 -3.16040000E-04  5.53360000E-04
2001-12-15T08:41:51.442 -6.87970000E-05 -1.37510000E-04  5.47090000E-04
2001-12-15T08:41:52.442 -1.88160000E-04 -3.02710000E-04  3.30140000E-04
2001-12-15T08:41:53.442 -1.44340000E-05 -1.15980000E-04  3.21670000E-04
2001-12-15T08:41:54.442 -4.61540000E-05 -4.66310000E-04  5.11030000E-04
2001-12-15T08:41:55.442 -1.04710000E-04 -2.77050000E-05  6.61660000E-04
2001-12-15T08:41:56.442 -1.89670000E-04 -2.02690000E-04  2.23170000E-04
2001-12-15T08:41:57.442 -1.29100000E-04 -9.87720000E-05  6.12120000E-04
2001-12-15T08:41:58.442 -1.25110000E-04 -2.72050000E-04  4.05880000E-04
2001-12-15T08:41:59.442 -2.43610000E-05 -2.84640000E-04  2.46510000E-04
2001-12-15T08:42:00.442 -1.14980000E-04 -2.05430000E-04  5.76720000E-04
2001-12-15T08:42:01.442 -1.07080000E-04 -2.45570000E-04  2.00960000E-04
2001-12-15T08:42:02.442 -1.37400000E-04 -1.59510000E-04  5.98640000E-04
2001-12-15T08:42:03.442 -1.45970000E-04 -2.04330000E-04  4.48110000E-04
2001-12-15T08:42:04.442 -4.44290000E-05 -1.59300000E-04  2.45790000E-04
2001-12-15T08:42:05.442 -1.56080000E-04 -3.65860000E-04  5.33340000E-04
2001-12-15T08:42:06.442 -3.72550000E-05 -3.94370000E-05  4.56530000E-04
2001-12-15T08:42:07.442 -2.16570000E-04 -3.23580000E-04  3.79240000E-04
2001-12-15T08:42:08.442 -4.46870000E-05 -1.50270000E-04  6.90060000E-04
2001-12-15T08:42:09.442 -1.71030000E-04 -2.97310000E-04  3.42110000E-04
2001-12-15T08:42:10.442  7.78510000E-05 -1.75890000E-04  1.94000000E-04
2001-12-15T08:42:11.442 -1.98880000E-04 -3.83440000E-04  4.17590000E-04
2001-12-15T08:42:12.442 -4.03660000E-05 -1.46870000E-04  7.45760000E-04
2001-12-15T08:42:13.442 -2.54560000E-04 -3.51370000E-04  1.23420000E-04
2001-12-15T08:42:14.442 -2.97690000E-05 -9.17650000E-05  6.76400000E-04
2001-12-15T08:42:15.442 -4.17750000E-05 -2.34410000E-04  2.26990000E-04
2001-12-15T08:42:16.442 -1.57120000E-04 -1.97320000E-04  5.53580000E-04
2001-12-15T08:42:17.442 -1.99400000E-04 -3.15030000E-04  3.40750000E-04
2001-12-15T08:42:18.442 -4.12680000E-06 -7.28710000E-05  5.33190000E-04
2001-12-15T08:42:19.442 -2.75930000E-04 -2.21950000E-04  3.32030000E-04
2001-12-15T08:42:20.442  1.65220000E-05 -1.81560000E-04  6.71710000E-04
2001-12-15T08:42:21.442 -6.24490000E-05 -3.30920000E-04  2.12080000E-04
2001-12-15T08:42:22.442 -1.06070000E-04 -2.14170000E-04  1.47470000E-04
2001-12-15T08:42:23.442 -3.74980000E-05 -2.11470000E-04  5.70330000E-04
2001-12-15T08:42:24.442 -3.45670000E-05 -1.55270000E-04  8.89560000E-04
2001-12-15T08:42:25.442 -4.46880000E-05 -3.14130000E-04 -8.54500000E-05
2001-12-15T08:42:26.442 -2.04030000E-04 -2.55440000E-04  6.90890000E-04
2001-12-15T08:42:27.442 -2.31650000E-04 -1.91820000E-04  2.92640000E-04
2001-12-15T08:42:28.442 -3.94100000E-05 -1.93610000E-04  6.10990000E-04
2001-12-15T08:42:29.442 -2.30370000E-04 -2.92090000E-04  1.33050000E-04
2001-12-15T08:42:30.442 -7.69970000E-05 -3.04510000E-04  6.89550000E-04
2001-12-15T08:42:31.442 -1.88840000E-05 -2.35330000E-04  3.35310000E-04
2001-12-15T08:42:32.442 -1.19500000E-04 -2.18940000E-04  5.60940000E-04
2001-12-15T08:42:33.442 -5.19620000E-05 -2.26460000E-04  2.92550000E-04
2001-12-15T08:42:34.442 -1.53320000E-04 -2.59300000E-04  4.10520000E-04
2001-12-15T08:42:35.442 -5.36640000E-05 -1.69730000E-04  1.91620000E-04
2001-12-15T08:42:36.442 -1.49390000E-04 -2.81340000E-04  6.49970000E-04
2001-12-15T08:42:37.442 -1.28060000E-05 -1.78820000E-04  1.88420000E-04
2001-12-15T08:42:38.442 -3.24200000E-04 -2.83350000E-04  8.06690000E-04
2001-12-15T08:42:39.442  6.04830000E-05 -2.40540000E-04  2.60380000E-04
2001-12-15T08:42:40.442 -1.10820000E-05 -2.34280000E-04  4.93410000E-04
2001-12-15T08:42:41.442 -4.94130000E-05 -2.76160000E-04  5.47830000E-04
2001-12-15T08:42:42.442 -1.39010000E-04 -2.37610000E-04  4.16470000E-04
2001-12-15T08:42:43.442  1.59670000E-05 -1.65890000E-04  2.55290000E-04
2001-12-15T08:42:44.442 -1.74370000E-04 -3.24540000E-04  6.13970000E-04
2001-12-15T08:42:45.442  2.52430000E-05 -1.43680000E-04  3.16220000E-04
2001-12-15T08:42:46.442 -1.93790000E-04 -2.10680000E-04  4.09940000E-04
2001-12-15T08:42:47.442 -6.33930000E-05 -3.23020000E-04  5.34370000E-04
2001-12-15T08:42:48.442 -2.40720000E-04 -2.96750000E-04  4.05700000E-04
2001-12-15T08:42:49.442 -3.18270000E-05 -6.34310000E-05  4.85880000E-04
2001-12-15T08:42:50.442 -2.81850000E-04 -3.19600000E-04  5.16600000E-04
2001-12-15T08:42:51.442  8.01200000E-05 -1.95180000E-04  3.67190000E-04
2001-12-15T08:42:52.442 -1.31900000E-04 -3.31150000E-04  5.64830000E-04
2001-12-15T08:42:53.442 -6.45280000E-06 -8.29990000E-05  3.52490000E-04
2001-12-15T08:42:54.442 -1.54070000E-04 -2.36910000E-04  2.71960000E-04
2001-12-15T08:42:55.442  9.74370000E-05 -1.75270000E-04  4.76280000E-04
2001-12-15T08:42:56.442 -2.50520000E-04 -3.27820000E-04  5.17210000E-04
2001-12-15T08:42:57.442 -7.36240000E-05 -2.54390000E-04  3.22790000E-04
2001-12-15T08:42:58.442 -2.76900000E-04 -3.27690000E-04  3.64470000E-04
2001-12-15T08:42:59.442  6.04040000E-05 -1.64930000E-04  4.72690000E-04
2001-12-15T08:43:00.442 -2.59070000E-04 -1.19130000E-04  4.34300000E-04
2001-12-15T08:43:01.442 -1.96630000E-04 -2.14130000E-04  4.40070000E-04
2001-12-15T08:43:02.442 -6.88980000E-05 -2.46110000E-04  4.81640000E-04
2001-12-15T08:43:03.442 -8.91880000E-05 -1.97870000E-04  3.46170000E-04
2001-12-15T08:43:04.442 -1.15780000E-04 -2.29460000E-04  5.34570000E-04
2001-12-15T08:43:05.442 -1.18420000E-04 -2.02660000E-04  3.62130000E-04
2001-12-15T08:43:06.442 -1.06050000E-04 -2.12260000E-04  4.50930000E-04
2001-12-15T08:43:07.442 -1.44450000E-04 -1.62790000E-04  4.17960000E-04
2001-12-15T08:43:08.442 -1.54410000E-04 -3.27040000E-04  4.74570000E-04
2001-12-15T08:43:09.442 -1.33910000E-04 -7.28290000E-05  4.51740000E-04
2001-12-15T08:43:10.442 -6.14110000E-05 -2.53930000E-04  2.96370000E-04
2001-12-15T08:43:11.442 -1.63000000E-04 -2.68930000E-04  5.84520000E-04
2001-12-15T08:43:12.442 -1.09970000E-04 -9.42220000E-05  4.99080000E-04
2001-12-15T08:43:13.442 -1.38400000E-04 -3.71550000E-04  2.02680000E-04
2001-12-15T08:43:14.442 -4.65180000E-05 -5.86840000E-05  6.77210000E-04
2001-12-15T08:43:15.442 -8.59920000E-05 -2.32390000E-04  3.34130000E-04
2001-12-15T08:43:16.442 -5.80790000E-05 -1.51280000E-04  5.92230000E-04
2001-12-15T08:43:17.442 -1.91800000E-04 -2.34000000E-04  2.64610000E-04
2001-12-15T08:43:18.442 -2.32320000E-05 -9.67450000E-05  5.73210000E-04
2001-12-15T08:43:19.442 -1.43790000E-04 -2.46320000E-04  3.65290000E-04
2001-12-15T08:43:20.442 -1.41110000E-05 -2.29780000E-04  4.44470000E-04
2001-12-15T08:43:21.442 -1.84830000E-04 -2.50470000E-04  4.72420000E-04
2001-12-15T08:43:22.442 -6.86970000E-05 -2.01990000E-04  2.37640000E-04
2001-12-15T08:43:23.442 -2.37960000E-04 -2.14950000E-04  6.46600000E-04
2001-12-15T08:43:24.442 -2.29330000E-05 -8.13880000E-05  4.53470000E-04
2001-12-15T08:43:25.442 -9.21030000E-05 -2.74630000E-04  3.12350000E-04
2001-12-15T08:43:26.442 -1.50680000E-04 -1.80660000E-04  6.87570000E-04
2001-12-15T08:43:27.442 -1.34660000E-04 -2.20570000E-04  2.17640000E-04
2001-12-15T08:43:28.442 -1.12760000E-04 -1.95540000E-04  5.16470000E-04
2001-12-15T08:43:29.442 -9.09330000E-05 -1.25790000E-04  6.13460000E-04
2001-12-15T08:43:30.442 -1.86230000E-04 -1.52950000E-04  5.49180000E-04
2001-12-15T08:43:31.442 -6.71200000E-05 -6.11160000E-05  1.05030000E-04
2001-12-15T08:43:32.442 -1.61300000E-04 -1.94190000E-04  6.25130000E-04
2001-12-15T08:43:33.442 -3.64670000E-06 -1.58510000E-04  4.85040000E-04
2001-12-15T08:43:34.442 -2.68390000E-04 -1.48680000E-04  5.05140000E-04
2001-12-15T08:43:35.442 -1.15730000E-04 -3.89860000E-05  1.37630000E-04
2001-12-15T08:43:36.442 -1.73280000E-04 -1.66900000E-04  6.17650000E-04
2001-12-15T08:43:37.442 -3.88230000E-05 -5.59920000E-05  3.33800000E-04
2001-12-15T08:43:38.442 -1.20960000E-04 -1.86110000E-04  6.33220000E-04
2001-12-15T08:43:39.442 -7.95900000E-05  1.15030000E-05  4.67240000E-04
2001-12-15T08:43:40.442 -1.28610000E-04 -2.28530000E-04  2.92160000E-04
2001-12-15T08:43:41.442 -9.28420000E-05 -3.94620000E-05  6.84960000E-04
2001-12-15T08:43:42.442 -2.67410000E-05 -1.38930000E-04  3.11950000E-04
2001-12-15T08:43:43.442 -1.10600000E-04 -9.01080000E-06  6.37580000E-04
2001-12-15T08:43:44.442 -1.96960000E-04 -1.39410000E-04  2.81900000E-04
2001-12-15T08:43:45.442 -1.42160000E-04 -1.17390000E-04  5.86590000E-04
2001-12-15T08:43:46.442 -3.34300000E-05  1.02720000E-04  2.10190000E-04
2001-12-15T08:43:47.442 -9.64850000E-05 -9.18640000E-06  6.84960000E-04
2001-12-15T08:43:48.442 -1.66180000E-04  4.55460000E-05  3.79540000E-04
2001-12-15T08:43:49.442  1.14600000E-05 -3.69830000E-05  4.21650000E-04
2001-12-15T08:43:50.442 -9.72990000E-05  1.36050000E-04  4.16050000E-04
2001-12-15T08:43:51.442 -1.13200000E-05  9.73260000E-05  5.76800000E-04
2001-12-15T08:43:52.442 -1.48600000E-04  1.11680000E-04  2.18270000E-04
2001-12-15T08:43:53.442  7.22030000E-05  1.03070000E-04  6.02000000E-04
2001-12-15T08:43:54.442 -1.73910000E-04  1.37130000E-04  3.63710000E-04
2001-12-15T08:43:55.442 -1.55140000E-04  4.63100000E-05  5.50420000E-04
2001-12-15T08:43:56.442 -1.95420000E-05  2.04400000E-04  4.96210000E-04
2001-12-15T08:43:57.442 -2.63000000E-04  1.64200000E-04  5.58400000E-04
2001-12-15T08:43:58.442 -1.22320000E-04  3.09380000E-04  3.60350000E-04
2001-12-15T08:43:59.442 -8.62440000E-05  3.02520000E-04  5.45420000E-04
2001-12-15T08:44:00.442  3.22380000E-05  2.95390000E-04  5.24520000E-04
2001-12-15T08:44:01.442 -8.27170000E-05  3.78500000E-04  3.86480000E-04
2001-12-15T08:44:02.442 -2.03130000E-04  3.72620000E-04  5.87360000E-04
2001-12-15T08:44:03.442 -1.74180000E-04  4.46040000E-04  2.04650000E-04
2001-12-15T08:44:04.442 -1.05900000E-04  5.57930000E-04  7.11790000E-04
2001-12-15T08:44:05.442 -1.42350000E-05  6.98520000E-04  5.26780000E-04
2001-12-15T08:44:06.442 -2.63450000E-04  6.83750000E-04  3.51040000E-04
2001-12-15T08:44:07.442  4.16500000E-05  7.03640000E-04  5.98800000E-04
2001-12-15T08:44:08.442 -2.19020000E-04  8.42210000E-04  3.46970000E-04
2001-12-15T08:44:09.442 -7.23940000E-05  7.87900000E-04  6.29420000E-04
2001-12-15T08:44:10.442 -1.74310000E-04  7.90890000E-04  1.68320000E-04
2001-12-15T08:44:11.442 -2.29010000E-06  1.08460000E-03  5.49850000E-04
2001-12-15T08:44:12.442 -6.61340000E-05  8.51770000E-04  3.79360000E-04
2001-12-15T08:44:13.442 -1.90170000E-04  9.68800000E-04  7.11210000E-04
2001-12-15T08:44:14.442 -2.20960000E-04  9.42810000E-04  2.49780000E-04
2001-12-15T08:44:15.442 -1.45210000E-05  8.50970000E-04  5.65850000E-04
2001-12-15T08:44:16.442 -9.05160000E-05  1.00020000E-03  6.00020000E-04
2001-12-15T08:44:17.442 -7.41970000E-05  1.00550000E-03  4.44820000E-04
2001-12-15T08:44:18.442 -2.94090000E-04  8.34230000E-04  4.55010000E-04
2001-12-15T08:44:19.442 -3.97530000E-05  1.11730000E-03  4.73960000E-04
2001-12-15T08:44:20.442 -1.26750000E-04  1.09210000E-03  4.31470000E-04
2001-12-15T08:44:21.442 -9.62510000E-05  1.17940000E-03  6.64710000E-04
2001-12-15T08:44:22.442 -2.84620000E-04  1.19040000E-03  3.07930000E-04
2001-12-15T08:44:23.442  3.64300000E-05  1.24680000E-03  6.18850000E-04
2001-12-15T08:44:24.442 -2.24840000E-04  1.29000000E-03  6.15570000E-04
2001-12-15T08:44:25.442 -1.29970000E-04  1.26780000E-03  4.18580000E-04
2001-12-15T08:44:26.442 -1.07780000E-04  1.37980000E-03  5.64500000E-04
2001-12-15T08:44:27.442 -1.96600000E-04  1.64190000E-03  5.63270000E-04
2001-12-15T08:44:28.442 -1.43240000E-04  1.94090000E-03  2.89500000E-04
2001-12-15T08:44:29.442 -1.04910000E-04  2.06330000E-03  4.83530000E-04
2001-12-15T08:44:30.442 -1.68080000E-04  2.04210000E-03  7.61700000E-04
2001-12-15T08:44:31.442 -6.76270000E-05  1.84800000E-03  3.28350000E-04
2001-12-15T08:44:32.442 -1.34030000E-04  1.81420000E-03  6.17840000E-04
2001-12-15T08:44:33.442 -1.49150000E-04  2.24760000E-03  5.59690000E-04
2001-12-15T08:44:34.442 -2.41050000E-04  2.29870000E-03  4.89320000E-04
2001-12-15T08:44:35.442 -1.11060000E-04  2.49420000E-03  4.45660000E-04
2001-12-15T08:44:36.442 -1.43190000E-04  2.60360000E-03  4.65330000E-04
2001-12-15T08:44:37.442 -1.19470000E-04  2.40050000E-03  5.95600000E-04
2001-12-15T08:44:38.442 -2.27310000E-04  2.27750000E-03  3.02520000E-04
2001-12-15T08:44:39.442 -8.04710000E-05  2.08960000E-03  7.28870000E-04
2001-12-15T08:44:40.442 -2.65070000E-05  2.34990000E-03  2.07380000E-04
2001-12-15T08:44:41.442 -1.24520000E-04  2.03720000E-03  4.58790000E-04
2001-12-15T08:44:42.442 -1.57610000E-04  2.83290000E-03  6.62560000E-04
2001-12-15T08:44:43.442 -1.29320000E-04  2.92550000E-03  2.18850000E-04
2001-12-15T08:44:44.442 -1.98900000E-04  3.18820000E-03  4.26870000E-04
2001-12-15T08:44:45.442  5.79540000E-06  3.68640000E-03  8.17160000E-04
2001-12-15T08:44:46.442 -2.67990000E-04  3.76960000E-03  1.12120000E-04
2001-12-15T08:44:47.442 -4.25860000E-06  4.08940000E-03  8.34300000E-04
2001-12-15T08:44:48.442 -3.85130000E-04  4.03290000E-03  3.15090000E-04
2001-12-15T08:44:49.442  8.67700000E-05  4.54050000E-03  4.94000000E-04
2001-12-15T08:44:50.442 -1.62430000E-04  4.58710000E-03  7.13550000E-04
2001-12-15T08:44:51.442 -2.14080000E-04  4.51480000E-03  1.28760000E-04
2001-12-15T08:44:52.442 -3.67740000E-05  4.89640000E-03  7.15030000E-04
2001-12-15T08:44:53.442 -2.16350000E-04  4.96680000E-03  6.14200000E-04
2001-12-15T08:44:54.442 -2.33500000E-04  5.25920000E-03  5.95290000E-04
2001-12-15T08:44:55.442 -9.18450000E-05  5.43050000E-03  4.35630000E-04
2001-12-15T08:44:56.442 -1.51110000E-04  5.16990000E-03  6.37870000E-04
2001-12-15T08:44:57.442 -1.74650000E-04  4.85860000E-03  5.59840000E-04
2001-12-15T08:44:58.442 -1.47840000E-04  4.74320000E-03  4.38550000E-04
2001-12-15T08:44:59.442 -3.09380000E-05  4.57380000E-03  5.11870000E-04
2001-12-15T08:45:00.442 -3.25750000E-04  4.68990000E-03  8.18200000E-04
2001-12-15T08:45:01.442 -1.76580000E-05  4.91500000E-03  2.18690000E-04
2001-12-15T08:45:02.442 -5.75440000E-05  5.12610000E-03  6.93920000E-04
2001-12-15T08:45:03.442 -8.65610000E-05  5.27820000E-03  4.33430000E-04
2001-12-15T08:45:04.442 -1.75020000E-04  5.23350000E-03  5.70180000E-04
2001-12-15T08:45:05.442 -6.57560000E-05  4.96470000E-03  6.13480000E-04
2001-12-15T08:45:06.442 -2.55790000E-04  5.26710000E-03  5.90130000E-04
2001-12-15T08:45:07.442 -1.17100000E-04  5.12810000E-03  4.99170000E-04
2001-12-15T08:45:08.442 -9.12480000E-05  5.29010000E-03  6.78930000E-04
2001-12-15T08:45:09.442 -1.88700000E-04  5.22780000E-03  6.13170000E-04
2001-12-15T08:45:10.442 -1.15210000E-04  5.51940000E-03  5.56170000E-04
2001-12-15T08:45:11.442 -3.91600000E-05  5.79800000E-03  6.12120000E-04
2001-12-15T08:45:12.442 -1.64530000E-04  6.46620000E-03  7.30570000E-04
2001-12-15T08:45:13.442 -2.44760000E-04  6.39170000E-03  6.97870000E-04
2001-12-15T08:45:14.442 -3.11180000E-04  6.08510000E-03  2.83460000E-04
2001-12-15T08:45:15.442 -8.50610000E-05  5.47830000E-03  7.15690000E-04
2001-12-15T08:45:16.442 -9.19420000E-05  5.14530000E-03  7.35490000E-04
2001-12-15T08:45:17.442 -9.09550000E-05  4.69260000E-03  4.45080000E-04
2001-12-15T08:45:18.442 -2.25670000E-04  5.05100000E-03  6.29260000E-04
2001-12-15T08:45:19.442  2.53310000E-05  5.43780000E-03  7.61110000E-04
2001-12-15T08:45:20.442 -2.95980000E-04  5.83530000E-03  5.31270000E-04
2001-12-15T08:45:21.442 -9.11190000E-05  6.21360000E-03  7.94370000E-04
2001-12-15T08:45:22.442 -1.49820000E-04  6.39230000E-03  4.13530000E-04
2001-12-15T08:45:23.442 -2.01380000E-04  6.02160000E-03  8.68800000E-04
2001-12-15T08:45:24.442 -3.63530000E-05  5.97680000E-03  5.69090000E-04
2001-12-15T08:45:25.442 -1.78080000E-04  6.00770000E-03  8.64180000E-04
2001-12-15T08:45:26.442 -2.85360000E-04  6.18160000E-03  7.05720000E-04
2001-12-15T08:45:27.442 -2.46910000E-04  6.67520000E-03  6.30700000E-04
2001-12-15T08:45:28.442 -2.64470000E-04  7.28750000E-03  6.62070000E-04
2001-12-15T08:45:29.442 -1.62320000E-04  7.29200000E-03  6.90940000E-04
2001-12-15T08:45:30.442 -4.12770000E-04  8.09650000E-03  1.00340000E-03
2001-12-15T08:45:31.442 -1.67300000E-04  9.01500000E-03  9.72370000E-04
2001-12-15T08:45:32.442 -3.99870000E-04  9.25740000E-03  6.93990000E-04
2001-12-15T08:45:33.442 -5.26200000E-04  8.97070000E-03  7.88890000E-04
2001-12-15T08:45:34.442 -2.62480000E-04  9.39590000E-03  1.05390000E-03
2001-12-15T08:45:35.442 -3.72090000E-04  9.09710000E-03  7.39880000E-04
2001-12-15T08:45:36.442 -3.76320000E-04  8.68650000E-03  9.01280000E-04
2001-12-15T08:45:37.442 -2.05910000E-04  9.31140000E-03  8.61700000E-04
2001-12-15T08:45:38.442 -3.74920000E-04  9.62990000E-03  6.78600000E-04
2001-12-15T08:45:39.442 -2.22140000E-04  1.03480000E-02  9.88450000E-04
2001-12-15T08:45:40.442 -4.83500000E-04  9.63240000E-03  7.34090000E-04
2001-12-15T08:45:41.442 -1.08400000E-04  8.75700000E-03  7.89250000E-04
2001-12-15T08:45:42.442 -3.85240000E-04  8.45050000E-03  9.84280000E-04
2001-12-15T08:45:43.442 -2.36140000E-04  8.96420000E-03  5.20930000E-04
2001-12-15T08:45:44.442 -4.05230000E-04  9.72810000E-03  9.55040000E-04
2001-12-15T08:45:45.442 -3.48270000E-04  9.44180000E-03  5.72400000E-04
2001-12-15T08:45:46.442 -4.49170000E-07  8.96280000E-03  9.72350000E-04
2001-12-15T08:45:47.442 -3.53430000E-04  8.70970000E-03  5.46490000E-04
2001-12-15T08:45:48.442 -4.66250000E-04  9.52500000E-03  8.07110000E-04
2001-12-15T08:45:49.442  7.90660000E-05  1.06670000E-02  6.05790000E-04
2001-12-15T08:45:50.442 -2.77570000E-04  1.12350000E-02  1.02360000E-03
2001-12-15T08:45:51.442 -2.11180000E-04  1.07020000E-02  5.13050000E-04
2001-12-15T08:45:52.442 -4.30110000E-04  1.15470000E-02  7.17690000E-04
2001-12-15T08:45:53.442 -1.67040000E-04  1.19710000E-02  6.49170000E-04
2001-12-15T08:45:54.442 -6.06350000E-06  1.24550000E-02  8.92090000E-04
2001-12-15T08:45:55.442 -3.16140000E-04  1.24650000E-02  5.88610000E-04
2001-12-15T08:45:56.442 -1.82140000E-04  1.31200000E-02  4.12900000E-04
2001-12-15T08:45:57.442 -1.88660000E-04  1.37010000E-02  8.96790000E-04
2001-12-15T08:45:58.442 -4.23380000E-04  1.30560000E-02  7.17560000E-04
2001-12-15T08:45:59.442 -2.11470000E-04  1.36830000E-02  4.88020000E-04
2001-12-15T08:46:00.442 -3.91820000E-04  1.45970000E-02  7.27080000E-04
2001-12-15T08:46:01.442 -1.54180000E-04  1.34390000E-02  7.07760000E-04
2001-12-15T08:46:02.442 -2.54580000E-04  1.38720000E-02  8.19450000E-04
2001-12-15T08:46:03.442 -1.48510000E-04  1.43170000E-02  4.99410000E-04
2001-12-15T08:46:04.442 -1.54130000E-05  1.51560000E-02  9.68920000E-04
2001-12-15T08:46:05.442 -4.82990000E-04  1.45840000E-02  5.76930000E-04
2001-12-15T08:46:06.442  2.23140000E-04  1.53420000E-02  6.68720000E-04
2001-12-15T08:46:07.442 -4.39820000E-04  1.53070000E-02  7.88660000E-04
2001-12-15T08:46:08.442 -3.97740000E-04  1.52110000E-02  4.71490000E-04
2001-12-15T08:46:09.442 -2.08230000E-04  1.57220000E-02  9.10050000E-04
2001-12-15T08:46:10.442  5.83780000E-05  1.64900000E-02  4.67810000E-04
2001-12-15T08:46:11.442 -4.19440000E-04  1.61330000E-02  7.57970000E-04
2001-12-15T08:46:12.442 -5.26900000E-04  1.60360000E-02  9.40020000E-04
2001-12-15T08:46:13.442  9.07490000E-05  1.75110000E-02  6.57590000E-04
2001-12-15T08:46:14.442 -9.95640000E-04  1.63680000E-02  8.77340000E-04
2001-12-15T08:46:15.442  4.81170000E-04  1.77400000E-02  9.74100000E-04
2001-12-15T08:46:16.442 -1.07710000E-03  1.67330000E-02  6.69700000E-04
2001-12-15T08:46:17.442  2.99970000E-04  1.83160000E-02  9.24200000E-04
2001-12-15T08:46:18.442 -2.47510000E-04  1.93870000E-02  1.10240000E-03
2001-12-15T08:46:19.442 -3.93540000E-04  1.91780000E-02  9.58690000E-04
2001-12-15T08:46:20.442 -7.97660000E-04  1.86670000E-02  1.04000000E-03
2001-12-15T08:46:21.442 -1.12510000E-03  1.80120000E-02  1.13080000E-03
2001-12-15T08:46:22.442 -5.76570000E-04  1.89530000E-02  1.08240000E-03
2001-12-15T08:46:23.442  3.90420000E-04  2.06790000E-02  1.07150000E-03
2001-12-15T08:46:24.442 -6.51690000E-04  1.95560000E-02  1.21350000E-03
2001-12-15T08:46:25.442 -5.43510000E-04  1.99910000E-02  1.19390000E-03
2001-12-15T08:46:26.442 -7.90560000E-04  2.00350000E-02  1.13930000E-03
2001-12-15T08:46:27.442 -8.15430000E-04  2.00650000E-02  1.17560000E-03
2001-12-15T08:46:28.442 -6.31040000E-04  1.98510000E-02  1.23510000E-03
2001-12-15T08:46:29.442 -9.75710000E-04  2.02930000E-02  9.74430000E-04
2001-12-15T08:46:30.442  3.14990000E-04  2.11930000E-02  1.17020000E-03
2001-12-15T08:46:31.442 -4.58890000E-04  2.09270000E-02  1.41360000E-03
2001-12-15T08:46:32.442 -1.10450000E-03  2.07080000E-02  1.08550000E-03
2001-12-15T08:46:33.442  2.07270000E-04  2.22970000E-02  1.42690000E-03
2001-12-15T08:46:34.442 -6.64900000E-04  2.19640000E-02  9.71230000E-04
2001-12-15T08:46:35.442 -5.39100000E-04  2.21960000E-02  1.13460000E-03
2001-12-15T08:46:36.442  1.27440000E-04  2.23710000E-02  1.21720000E-03
2001-12-15T08:46:37.442 -5.82360000E-04  2.20340000E-02  1.12360000E-03
2001-12-15T08:46:38.442 -5.73580000E-04  2.16020000E-02  8.48250000E-04
2001-12-15T08:46:39.442 -9.28310000E-05  2.27380000E-02  7.93330000E-04
2001-12-15T08:46:40.442 -1.85590000E-04  2.25470000E-02  1.13800000E-03
2001-12-15T08:46:41.442 -4.16990000E-04  2.25940000E-02  8.30370000E-04
2001-12-15T08:46:42.442 -9.82410000E-05  2.31640000E-02  8.90250000E-04
2001-12-15T08:46:43.442 -1.61310000E-04  2.35470000E-02  9.33260000E-04
2001-12-15T08:46:44.442 -2.99950000E-04  2.36940000E-02  5.52070000E-04
2001-12-15T08:46:45.442 -2.27210000E-04  2.39940000E-02  1.05830000E-03
2001-12-15T08:46:46.442 -4.19320000E-04  2.45230000E-02  8.53390000E-04
2001-12-15T08:46:47.442  3.06620000E-05  2.51620000E-02  5.27060000E-04
2001-12-15T08:46:48.442 -6.82920000E-04  2.43770000E-02  1.07160000E-03
2001-12-15T08:46:49.442 -3.82360000E-04  2.51510000E-02  4.71830000E-04
2001-12-15T08:46:50.442 -1.53010000E-04  2.54730000E-02  7.80780000E-04
2001-12-15T08:46:51.442 -4.98290000E-04  2.43500000E-02  8.35040000E-04
2001-12-15T08:46:52.442 -5.64820000E-04  2.41270000E-02  7.05970000E-04
2001-12-15T08:46:53.442 -5.92420000E-04  2.36590000E-02  7.67360000E-04
2001-12-15T08:46:54.442 -4.21090000E-04  2.39410000E-02  7.88960000E-04
2001-12-15T08:46:55.442 -6.88580000E-04  2.38020000E-02  9.58260000E-04
2001-12-15T08:46:56.442 -5.48070000E-04  2.49600000E-02  6.62500000E-04
2001-12-15T08:46:57.442 -8.13610000E-04  2.44140000E-02  7.56710000E-04
2001-12-15T08:46:58.442 -5.05500000E-04  2.46700000E-02  1.03370000E-03
2001-12-15T08:46:59.442 -6.06140000E-04  2.38870000E-02  1.02860000E-03
2001-12-15T08:47:00.442 -5.88570000E-04  2.40270000E-02  1.01410000E-03
2001-12-15T08:47:01.442 -5.63820000E-04  2.39570000E-02  1.03810000E-03
2001-12-15T08:47:02.442 -7.35410000E-04  2.24740000E-02  1.05340000E-03
2001-12-15T08:47:03.442 -6.84560000E-04  2.40460000E-02  1.13810000E-03
2001-12-15T08:47:04.442 -8.77770000E-04  2.53020000E-02  8.59680000E-04
2001-12-15T08:47:05.442 -4.77000000E-04  2.59000000E-02  1.43040000E-03
2001-12-15T08:47:06.442 -7.57900000E-04  2.52040000E-02  1.19880000E-03
2001-12-15T08:47:07.442 -4.84020000E-04  2.57270000E-02  1.15950000E-03
2001-12-15T08:47:08.442 -6.74900000E-04  2.59530000E-02  1.29130000E-03
2001-12-15T08:47:09.442 -3.79250000E-04  2.62910000E-02  1.19330000E-03
2001-12-15T08:47:10.442 -6.75890000E-04  2.53330000E-02  1.45210000E-03
2001-12-15T08:47:11.442 -3.37050000E-04  2.59560000E-02  1.33340000E-03
2001-12-15T08:47:12.442 -4.35460000E-04  2.44050000E-02  1.30010000E-03
2001-12-15T08:47:13.442 -2.11430000E-04  2.46040000E-02  1.06540000E-03
2001-12-15T08:47:14.442 -4.58810000E-04  2.40720000E-02  1.22360000E-03
2001-12-15T08:47:15.442 -3.12040000E-04  2.46160000E-02  1.15330000E-03
2001-12-15T08:47:16.442 -2.17420000E-04  2.44100000E-02  1.07080000E-03
2001-12-15T08:47:17.442 -6.65460000E-05  2.33930000E-02  1.23180000E-03
2001-12-15T08:47:18.442  2.12880000E-05  2.23210000E-02  1.10480000E-03
2001-12-15T08:47:19.442 -7.33200000E-04  2.30930000E-02  1.18330000E-03
2001-12-15T08:47:20.442 -1.37980000E-04  2.48370000E-02  8.88750000E-04
2001-12-15T08:47:21.442 -3.44340000E-04  2.42260000E-02  1.08740000E-03
2001-12-15T08:47:22.442 -2.40700000E-04  2.42260000E-02  1.06650000E-03
2001-12-15T08:47:23.442 -6.11700000E-04  2.50310000E-02  7.53880000E-04
2001-12-15T08:47:24.442 -2.91620000E-04  2.47840000E-02  7.46450000E-04
2001-12-15T08:47:25.442 -3.76240000E-04  2.49010000E-02  1.05400000E-03
2001-12-15T08:47:26.442 -7.20420000E-04  2.47900000E-02  8.53180000E-04
2001-12-15T08:47:27.442 -4.77750000E-04  2.55060000E-02  8.91520000E-04
2001-12-15T08:47:28.442 -5.56000000E-04  2.68200000E-02  9.52900000E-04
2001-12-15T08:47:29.442 -3.69490000E-04  2.72380000E-02  7.43180000E-04
2001-12-15T08:47:30.442 -9.07170000E-04  2.52510000E-02  7.28830000E-04
2001-12-15T08:47:31.442 -4.67130000E-04  2.27480000E-02  9.26150000E-04
2001-12-15T08:47:32.442 -4.84310000E-04  2.20720000E-02  7.79780000E-04
2001-12-15T08:47:33.442 -4.75930000E-04  2.28070000E-02  6.33240000E-04
2001-12-15T08:47:34.442 -8.30800000E-04  2.18690000E-02  6.30970000E-04
2001-12-15T08:47:35.442 -5.03550000E-04  2.33820000E-02  8.41640000E-04
2001-12-15T08:47:36.442 -1.82730000E-04  2.26490000E-02  5.76950000E-04
2001-12-15T08:47:37.442 -8.85580000E-04  2.16340000E-02  8.40700000E-04
2001-12-15T08:47:38.442 -4.26150000E-04  2.21090000E-02  7.18490000E-04
2001-12-15T08:47:39.442 -9.17440000E-04  2.07650000E-02  8.75230000E-04
2001-12-15T08:47:40.442  2.67300000E-04  2.15550000E-02  8.08070000E-04
2001-12-15T08:47:41.442 -5.71990000E-04  1.98240000E-02  7.89760000E-04
2001-12-15T08:47:42.442 -5.87050000E-04  1.97690000E-02  9.32180000E-04
2001-12-15T08:47:43.442 -7.70850000E-04  2.00550000E-02  7.46160000E-04
2001-12-15T08:47:44.442 -5.26110000E-04  1.97230000E-02  1.13970000E-03
2001-12-15T08:47:45.442 -8.22960000E-04  2.00720000E-02  1.03250000E-03
2001-12-15T08:47:46.442 -1.42540000E-04  2.04540000E-02  5.86270000E-04
2001-12-15T08:47:47.442 -4.88920000E-04  1.84840000E-02  8.91770000E-04
2001-12-15T08:47:48.442  7.22650000E-05  1.98840000E-02  1.08560000E-03
2001-12-15T08:47:49.442  2.38360000E-04  2.03880000E-02  1.22750000E-03
2001-12-15T08:47:50.442 -4.26220000E-04  1.89730000E-02  9.49170000E-04
2001-12-15T08:47:51.442 -5.66760000E-04  1.83480000E-02  1.08420000E-03
2001-12-15T08:47:52.442 -2.92120000E-04  1.88260000E-02  1.06680000E-03
2001-12-15T08:47:53.442 -1.85530000E-05  1.98800000E-02  1.28630000E-03
2001-12-15T08:47:54.442 -2.76810000E-04  1.93460000E-02  1.12900000E-03
2001-12-15T08:47:55.442 -4.19350000E-04  1.96770000E-02  1.09410000E-03
2001-12-15T08:47:56.442 -2.59430000E-04  1.81430000E-02  1.18600000E-03
2001-12-15T08:47:57.442 -8.34830000E-04  1.77120000E-02  1.14390000E-03
2001-12-15T08:47:58.442  3.73940000E-04  2.03400000E-02  1.32030000E-03
2001-12-15T08:47:59.442 -4.57240000E-04  1.99540000E-02  1.27410000E-03
2001-12-15T08:48:00.442 -3.81190000E-04  1.95360000E-02  1.15040000E-03
2001-12-15T08:48:01.442 -6.05990000E-04  1.98090000E-02  1.11750000E-03
2001-12-15T08:48:02.442 -8.42530000E-04  2.01830000E-02  9.57280000E-04
2001-12-15T08:48:03.442  1.35400000E-04  2.20870000E-02  1.05010000E-03
2001-12-15T08:48:04.442 -7.48540000E-04  2.06860000E-02  1.14330000E-03
2001-12-15T08:48:05.442 -2.58100000E-04  2.06880000E-02  8.99950000E-04
2001-12-15T08:48:06.442  3.73140000E-04  2.08040000E-02  1.20780000E-03
2001-12-15T08:48:07.442 -6.71740000E-04  1.99650000E-02  8.18020000E-04
2001-12-15T08:48:08.442 -4.88990000E-04  1.96940000E-02  1.06430000E-03
2001-12-15T08:48:09.442 -5.59100000E-04  1.97450000E-02  7.55100000E-04
2001-12-15T08:48:10.442 -6.82820000E-04  1.99460000E-02  1.10120000E-03
2001-12-15T08:48:11.442 -2.85240000E-04  1.93130000E-02  5.46190000E-04
2001-12-15T08:48:12.442  1.14270000E-04  1.88740000E-02  9.22520000E-04
2001-12-15T08:48:13.442 -2.52710000E-05  1.80070000E-02  7.59530000E-04
2001-12-15T08:48:14.442 -2.39450000E-04  1.97560000E-02  7.41500000E-04
2001-12-15T08:48:15.442 -2.69930000E-04  1.90490000E-02  6.39640000E-04
2001-12-15T08:48:16.442 -1.02880000E-03  1.62590000E-02  7.08140000E-04
2001-12-15T08:48:17.442 -8.99590000E-05  1.79170000E-02  8.13360000E-04
2001-12-15T08:48:18.442 -3.25590000E-04  1.89350000E-02  5.90280000E-04
2001-12-15T08:48:19.442 -1.12980000E-03  1.72370000E-02  5.55960000E-04
2001-12-15T08:48:20.442  6.50070000E-05  1.83730000E-02  6.75300000E-04
2001-12-15T08:48:21.442 -9.74190000E-06  1.91120000E-02  8.43920000E-04
2001-12-15T08:48:22.442 -6.72260000E-04  1.99050000E-02  4.19720000E-04
2001-12-15T08:48:23.442 -3.10290000E-04  1.72930000E-02  1.01580000E-03
2001-12-15T08:48:24.442 -6.89330000E-05  1.59890000E-02  6.69010000E-04
2001-12-15T08:48:25.442 -5.72440000E-04  1.59210000E-02  5.51000000E-04
2001-12-15T08:48:26.442 -5.94400000E-04  1.63160000E-02  1.01850000E-03
2001-12-15T08:48:27.442 -2.56170000E-04  1.63160000E-02  6.41120000E-04
2001-12-15T08:48:28.442 -9.39440000E-05  1.58840000E-02  4.56090000E-04
2001-12-15T08:48:29.442 -5.92550000E-04  1.58120000E-02  9.93930000E-04
2001-12-15T08:48:30.442 -1.34330000E-04  1.62770000E-02  8.22030000E-04
2001-12-15T08:48:31.442  1.71180000E-04  1.67020000E-02  5.37930000E-04
2001-12-15T08:48:32.442 -5.61250000E-04  1.50460000E-02  8.55660000E-04
2001-12-15T08:48:33.442 -1.96160000E-04  1.53230000E-02  7.90480000E-04
2001-12-15T08:48:34.442 -2.21870000E-04  1.52260000E-02  7.31930000E-04
2001-12-15T08:48:35.442 -4.33180000E-04  1.49520000E-02  9.35660000E-04
2001-12-15T08:48:36.442  1.10210000E-04  1.49790000E-02  1.01430000E-03
2001-12-15T08:48:37.442 -3.69940000E-04  1.44380000E-02  7.48150000E-04
2001-12-15T08:48:38.442 -6.04310000E-04  1.42600000E-02  9.94110000E-04
2001-12-15T08:48:39.442 -8.00290000E-06  1.48510000E-02  9.89390000E-04
2001-12-15T08:48:40.442 -3.98780000E-04  1.49140000E-02  9.18200000E-04
2001-12-15T08:48:41.442 -4.00160000E-04  1.48110000E-02  9.26550000E-04
2001-12-15T08:48:42.442 -1.56090000E-05  1.49440000E-02  1.19800000E-03
2001-12-15T08:48:43.442 -2.73190000E-04  1.39090000E-02  1.15230000E-03
2001-12-15T08:48:44.442 -3.49930000E-05  1.35180000E-02  8.60000000E-04
2001-12-15T08:48:45.442 -4.11850000E-04  1.32110000E-02  1.06680000E-03
2001-12-15T08:48:46.442 -1.71920000E-04  1.33850000E-02  1.05500000E-03
2001-12-15T08:48:47.442 -4.75250000E-04  1.32570000E-02  1.22820000E-03
2001-12-15T08:48:48.442 -4.79030000E-04  1.30570000E-02  9.12860000E-04
2001-12-15T08:48:49.442  4.05910000E-06  1.23370000E-02  9.08670000E-04
2001-12-15T08:48:50.442 -5.09670000E-04  1.16980000E-02  8.70100000E-04
2001-12-15T08:48:51.442 -1.58610000E-04  1.19240000E-02  9.63910000E-04
2001-12-15T08:48:52.442 -2.34120000E-04  1.19810000E-02  9.70270000E-04
2001-12-15T08:48:53.442 -5.04990000E-04  1.16900000E-02  9.82280000E-04
2001-12-15T08:48:54.442 -1.12130000E-04  1.20400000E-02  7.49010000E-04
2001-12-15T08:48:55.442 -3.95520000E-04  1.14740000E-02  9.61540000E-04
2001-12-15T08:48:56.442  3.90740000E-05  1.09040000E-02  5.56150000E-04
2001-12-15T08:48:57.442 -5.04860000E-04  1.04190000E-02  8.70800000E-04
2001-12-15T08:48:58.442 -2.82240000E-04  1.07610000E-02  8.43170000E-04
2001-12-15T08:48:59.442 -2.04850000E-04  1.08480000E-02  6.04800000E-04
2001-12-15T08:49:00.442 -5.11350000E-04  1.06520000E-02  7.50220000E-04
2001-12-15T08:49:01.442 -1.81060000E-04  1.04290000E-02  6.38810000E-04
2001-12-15T08:49:02.442 -2.72760000E-04  1.01520000E-02  6.34890000E-04
2001-12-15T08:49:03.442 -4.21650000E-04  1.01790000E-02  6.26560000E-04
2001-12-15T08:49:04.442 -7.77730000E-05  9.66630000E-03  7.32870000E-04
2001-12-15T08:49:05.442 -1.56500000E-04  9.18180000E-03  3.70570000E-04
2001-12-15T08:49:06.442 -1.91370000E-04  8.66880000E-03  6.69220000E-04
2001-12-15T08:49:07.442 -4.55320000E-04  8.64950000E-03  5.18400000E-04
2001-12-15T08:49:08.442 -2.22270000E-04  8.36850000E-03  7.42580000E-04
2001-12-15T08:49:09.442 -2.70500000E-05  7.94510000E-03  4.79830000E-04
2001-12-15T08:49:10.442 -2.32900000E-04  7.65770000E-03  6.18790000E-04
2001-12-15T08:49:11.442 -1.51540000E-04  7.49650000E-03  2.60050000E-04
2001-12-15T08:49:12.442 -1.62350000E-04  7.51470000E-03  8.94130000E-04
2001-12-15T08:49:13.442 -3.02780000E-04  7.45030000E-03  1.53880000E-04
2001-12-15T08:49:14.442 -1.57730000E-04  6.97560000E-03  6.69260000E-04
2001-12-15T08:49:15.442 -9.73780000E-05  6.88330000E-03  5.21430000E-04
2001-12-15T08:49:16.442 -3.48450000E-04  6.76980000E-03  3.94700000E-04
2001-12-15T08:49:17.442 -1.69310000E-04  6.32940000E-03  3.38360000E-04
2001-12-15T08:49:18.442 -1.67160000E-04  6.08140000E-03  6.19360000E-04
2001-12-15T08:49:19.442 -1.41150000E-04  6.08540000E-03  6.13960000E-04
2001-12-15T08:49:20.442 -2.06740000E-04  5.72530000E-03  2.80140000E-04
2001-12-15T08:49:21.442  2.26790000E-05  5.54960000E-03  6.35310000E-04
2001-12-15T08:49:22.442 -1.81390000E-04  5.53540000E-03  3.86300000E-04
2001-12-15T08:49:23.442 -1.39070000E-04  5.43120000E-03  4.99860000E-04
2001-12-15T08:49:24.442 -1.51620000E-04  5.52640000E-03  5.22460000E-04
2001-12-15T08:49:25.442 -3.43400000E-05  5.55190000E-03  4.07420000E-04
2001-12-15T08:49:26.442 -1.42670000E-04  5.19930000E-03  3.84800000E-04
2001-12-15T08:49:27.442  2.73140000E-05  5.22730000E-03  6.22670000E-04
2001-12-15T08:49:28.442 -1.13480000E-04  4.90760000E-03  5.61780000E-04
2001-12-15T08:49:29.442 -2.99750000E-04  4.83420000E-03  4.73110000E-04
2001-12-15T08:49:30.442  8.79560000E-05  4.81010000E-03  7.21250000E-04
2001-12-15T08:49:31.442 -5.36730000E-05  4.69890000E-03  5.17940000E-04
2001-12-15T08:49:32.442 -1.56990000E-04  4.34090000E-03  4.16980000E-04
2001-12-15T08:49:33.442  4.98880000E-05  4.19640000E-03  4.92120000E-04
2001-12-15T08:49:34.442 -2.45510000E-04  4.07000000E-03  5.13190000E-04
2001-12-15T08:49:35.442 -7.97810000E-05  4.06730000E-03  6.71280000E-04
2001-12-15T08:49:36.442 -2.44580000E-04  3.82420000E-03  7.20400000E-04
2001-12-15T08:49:37.442 -1.61980000E-04  3.87390000E-03  2.68930000E-04
2001-12-15T08:49:38.442 -9.10830000E-05  3.57690000E-03  6.56550000E-04
2001-12-15T08:49:39.442 -4.47390000E-05  3.74040000E-03  5.07140000E-04
2001-12-15T08:49:40.442 -1.36780000E-04  3.83560000E-03  6.79970000E-04
2001-12-15T08:49:41.442 -8.38180000E-05  3.65580000E-03  5.52560000E-04
2001-12-15T08:49:42.442 -1.02750000E-04  3.81150000E-03  5.42770000E-04
2001-12-15T08:49:43.442 -1.38800000E-04  3.41730000E-03  7.80360000E-04
2001-12-15T08:49:44.442 -3.47290000E-05  3.41220000E-03  3.90560000E-04
2001-12-15T08:49:45.442 -7.34680000E-05  3.15560000E-03  6.70260000E-04
2001-12-15T08:49:46.442 -1.91540000E-04  2.95130000E-03  4.66120000E-04
2001-12-15T08:49:47.442 -3.08240000E-05  2.85670000E-03  7.78650000E-04
2001-12-15T08:49:48.442 -6.02020000E-05  2.77580000E-03  6.56100000E-04
2001-12-15T08:49:49.442 -1.88460000E-04  2.82960000E-03  4.23260000E-04
2001-12-15T08:49:50.442 -4.57960000E-05  2.56230000E-03  7.14890000E-04
2001-12-15T08:49:51.442 -1.73050000E-04  2.58610000E-03  5.94250000E-04
2001-12-15T08:49:52.442 -1.48310000E-04  2.43840000E-03  5.47530000E-04
2001-12-15T08:49:53.442 -3.49270000E-05  2.39330000E-03  6.33600000E-04
2001-12-15T08:49:54.442 -1.45270000E-04  2.16170000E-03  5.56710000E-04
2001-12-15T08:49:55.442 -1.29710000E-04  2.24150000E-03  4.93330000E-04
2001-12-15T08:49:56.442 -3.06920000E-05  2.22280000E-03  5.36540000E-04
2001-12-15T08:49:57.442 -1.39960000E-04  2.38190000E-03  4.67700000E-04
2001-12-15T08:49:58.442 -1.24400000E-04  1.91020000E-03  6.82500000E-04
2001-12-15T08:49:59.442 -1.24870000E-04  2.00360000E-03  4.72360000E-04
2001-12-15T08:50:00.442 -9.36330000E-05  1.88970000E-03  6.86880000E-04
2001-12-15T08:50:01.442 -9.59080000E-05  1.70360000E-03  4.21940000E-04
2001-12-15T08:50:02.442 -2.77230000E-04  1.65470000E-03  6.75100000E-04
2001-12-15T08:50:03.442 -4.93690000E-05  1.61010000E-03  4.29300000E-04
2001-12-15T08:50:04.442  1.02240000E-05  1.46960000E-03  7.10710000E-04
2001-12-15T08:50:05.442 -2.02290000E-04  1.19730000E-03  2.86440000E-04
2001-12-15T08:50:06.442 -2.28760000E-04  1.34040000E-03  9.54410000E-04
2001-12-15T08:50:07.442 -1.67770000E-04  1.16100000E-03  3.72890000E-04
2001-12-15T08:50:08.442 -1.02610000E-04  8.99560000E-04  4.45770000E-04
2001-12-15T08:50:09.442 -1.74990000E-04  9.99390000E-04  6.17000000E-04
2001-12-15T08:50:10.442 -6.01630000E-05  8.71520000E-04  3.55220000E-04
2001-12-15T08:50:11.442 -9.59460000E-06  8.75240000E-04  6.84040000E-04
2001-12-15T08:50:12.442 -4.38250000E-04  6.56950000E-04  3.15750000E-04
2001-12-15T08:50:13.442 -9.42870000E-05  8.08040000E-04  5.85090000E-04
2001-12-15T08:50:14.442 -1.12660000E-04  5.84090000E-04  5.84550000E-04
2001-12-15T08:50:15.442 -1.34820000E-04  5.69330000E-04  3.70810000E-04
2001-12-15T08:50:16.442 -2.66590000E-04  4.95450000E-04  5.07030000E-04
2001-12-15T08:50:17.442 -1.31600000E-04  4.60670000E-04  5.54590000E-04
2001-12-15T08:50:18.442 -1.04850000E-04  4.25090000E-04  5.68040000E-04
2001-12-15T08:50:19.442 -1.13550000E-04  4.67000000E-04  5.17600000E-04
2001-12-15T08:50:20.442 -1.43680000E-04  5.41290000E-04  3.97220000E-04
2001-12-15T08:50:21.442 -9.80110000E-05  5.64430000E-04  4.47440000E-04
2001-12-15T08:50:22.442 -1.68720000E-04  4.90740000E-04  4.89990000E-04
2001-12-15T08:50:23.442 -4.11720000E-05  4.61480000E-04  5.52650000E-04
2001-12-15T08:50:24.442 -2.28400000E-04  5.10010000E-04  3.86360000E-04
2001-12-15T08:50:25.442 -8.59970000E-05  2.96670000E-04  5.97380000E-04
2001-12-15T08:50:26.442 -1.92780000E-04  4.82720000E-04  4.20080000E-04
2001-12-15T08:50:27.442 -8.57580000E-05  3.73980000E-04  3.96290000E-04
2001-12-15T08:50:28.442 -1.90070000E-04  2.11690000E-05  5.46840000E-04
2001-12-15T08:50:29.442 -7.19320000E-05  2.43150000E-04  7.62260000E-04
2001-12-15T08:50:30.442 -2.07640000E-04  2.10610000E-04  1.77090000E-04
2001-12-15T08:50:31.442 -4.04520000E-05  2.03640000E-04  4.98570000E-04
2001-12-15T08:50:32.442 -2.28300000E-04  2.19140000E-04  3.90280000E-04
2001-12-15T08:50:33.442 -1.35750000E-04  1.51500000E-04  5.78130000E-04
2001-12-15T08:50:34.442 -3.25980000E-04  3.52600000E-04  3.26680000E-04
2001-12-15T08:50:35.442 -6.67810000E-05  1.03480000E-05  4.84500000E-04
2001-12-15T08:50:36.442 -3.15440000E-04  2.28130000E-04  3.32720000E-04
2001-12-15T08:50:37.442 -1.25500000E-04  4.71450000E-05  3.58260000E-04
2001-12-15T08:50:38.442 -1.55380000E-04  1.05310000E-04  7.10780000E-04
2001-12-15T08:50:39.442 -1.39050000E-04 -6.58820000E-06  4.55490000E-04
2001-12-15T08:50:40.442 -8.08080000E-05  4.87430000E-05  1.69790000E-04
2001-12-15T08:50:41.442 -6.47960000E-05  9.87890000E-05  8.82780000E-04
2001-12-15T08:50:42.442 -2.61100000E-04 -1.44760000E-04  2.76190000E-04
2001-12-15T08:50:43.442 -2.96750000E-05  2.13400000E-04  5.52730000E-04
2001-12-15T08:50:44.442 -8.92130000E-05 -1.30870000E-04  5.11040000E-04
2001-12-15T08:50:45.442 -1.00010000E-05  2.01750000E-05  5.41450000E-04
2001-12-15T08:50:46.442 -2.01780000E-04  5.45620000E-05  2.53950000E-04
2001-12-15T08:50:47.442 -2.79800000E-04 -1.24470000E-04  6.73860000E-04
2001-12-15T08:50:48.442 -1.27480000E-04 -4.63200000E-05  2.82270000E-04
2001-12-15T08:50:49.442 -1.20560000E-04 -5.45960000E-05  6.56480000E-04
2001-12-15T08:50:50.442 -1.03320000E-04 -8.68740000E-06  2.76120000E-05
2001-12-15T08:50:51.442 -2.84220000E-04 -5.01690000E-05  7.86040000E-04
2001-12-15T08:50:52.442 -8.07520000E-05  1.93460000E-05  1.85620000E-04
2001-12-15T08:50:53.442 -1.43320000E-04 -1.20030000E-04  5.06030000E-04
2001-12-15T08:50:54.442 -1.44260000E-04  1.70160000E-05  5.90290000E-04
2001-12-15T08:50:55.442 -1.15300000E-04 -5.93110000E-05  1.70020000E-04
2001-12-15T08:50:56.442 -1.41300000E-04 -7.54850000E-05  8.58400000E-04
2001-12-15T08:50:57.442 -3.12350000E-05 -5.30910000E-05  1.87680000E-04
2001-12-15T08:50:58.442 -2.51440000E-04 -1.30500000E-04  4.59120000E-04
2001-12-15T08:50:59.442 -4.81470000E-05 -1.70750000E-05  4.33980000E-04
2001-12-15T08:51:00.442 -1.18790000E-04 -2.26010000E-04  5.08230000E-04
2001-12-15T08:51:01.442 -4.42570000E-05  1.25340000E-05  4.56530000E-04
2001-12-15T08:51:02.442 -3.77110000E-04 -2.29140000E-04  4.43210000E-04
2001-12-15T08:51:03.442 -4.24830000E-05 -9.60650000E-05  5.59750000E-04
2001-12-15T08:51:04.442 -2.10180000E-04 -2.06550000E-04  3.67850000E-04
2001-12-15T08:51:05.442  1.43630000E-05 -5.39000000E-05  3.46350000E-04
2001-12-15T08:51:06.442 -3.51220000E-04 -2.01800000E-04  7.49550000E-04
2001-12-15T08:51:07.442  1.10780000E-05 -1.22730000E-04  1.95050000E-04
2001-12-15T08:51:08.442 -2.14110000E-04 -2.66810000E-04  7.00730000E-04
2001-12-15T08:51:09.442 -5.28470000E-05 -4.44590000E-05  4.22720000E-04
2001-12-15T08:51:10.442 -2.05420000E-04 -2.04780000E-04  4.36350000E-04
2001-12-15T08:51:11.442 -5.58260000E-05  1.84450000E-05  4.95740000E-04
2001-12-15T08:51:12.442 -2.09800000E-04 -4.58320000E-04  4.62110000E-04
2001-12-15T08:51:13.442 -6.65440000E-05 -2.65930000E-05  4.58920000E-04
2001-12-15T08:51:14.442 -1.19980000E-04 -8.72990000E-05  6.22610000E-04
2001-12-15T08:51:15.442 -1.91080000E-04 -2.46310000E-04  3.17330000E-04
2001-12-15T08:51:16.442 -2.38310000E-04 -2.39560000E-04  5.96920000E-04
2001-12-15T08:51:17.442 -4.26330000E-05 -9.69390000E-05  2.09600000E-04
2001-12-15T08:51:18.442 -2.91320000E-04 -1.08890000E-04  7.62760000E-04
2001-12-15T08:51:19.442 -2.56840000E-05 -1.57720000E-04  3.33800000E-04
2001-12-15T08:51:20.442 -1.50380000E-04 -3.23040000E-04  5.69430000E-04
2001-12-15T08:51:21.442 -8.22860000E-05 -1.36430000E-04  3.89030000E-04
2001-12-15T08:51:22.442 -2.04630000E-04 -1.30560000E-04  4.09190000E-04
2001-12-15T08:51:23.442 -2.02320000E-04 -2.22720000E-04  4.21280000E-04
2001-12-15T08:51:24.442 -2.05220000E-04 -7.85270000E-05  5.18350000E-04
2001-12-15T08:51:25.442 -1.35000000E-04 -2.16380000E-04  6.24270000E-04
2001-12-15T08:51:26.442 -6.43480000E-05 -1.84730000E-04  2.57190000E-04
2001-12-15T08:51:27.442 -1.45610000E-04 -2.05340000E-04  5.42230000E-04
2001-12-15T08:51:28.442 -1.27720000E-04 -2.18990000E-04  2.95170000E-04
2001-12-15T08:51:29.442 -1.09170000E-04 -2.17210000E-04  5.63900000E-04
2001-12-15T08:51:30.442 -1.92500000E-04 -1.65800000E-04  4.90480000E-04
2001-12-15T08:51:31.442 -1.02420000E-04 -2.69840000E-04  4.11790000E-04
2001-12-15T08:51:32.442 -1.04410000E-04 -1.84160000E-04  3.66570000E-04
2001-12-15T08:51:33.442 -1.27730000E-04 -3.10540000E-04  7.07110000E-04
2001-12-15T08:51:34.442 -1.50440000E-04 -1.67630000E-04  3.75070000E-04
2001-12-15T08:51:35.442 -8.58860000E-05 -1.78600000E-04  6.67680000E-04
2001-12-15T08:51:36.442 -1.40590000E-04 -8.02620000E-05  4.26170000E-04
2001-12-15T08:51:37.442 -1.44680000E-04 -2.76870000E-04  2.05670000E-04
2001-12-15T08:51:38.442 -1.78970000E-04 -1.93960000E-04  8.39830000E-04
2001-12-15T08:51:39.442 -1.11930000E-04 -2.17940000E-04  1.12860000E-04
2001-12-15T08:51:40.442 -1.71740000E-05 -1.83250000E-04  7.01990000E-04
2001-12-15T08:51:41.442 -2.66730000E-04 -1.97660000E-04  3.35740000E-04
2001-12-15T08:51:42.442  3.59470000E-06 -1.45990000E-04  3.05790000E-04
2001-12-15T08:51:43.442 -3.12180000E-04 -3.84150000E-04  5.55190000E-04
2001-12-15T08:51:44.442 -4.91610000E-05 -1.42150000E-04  3.81340000E-04
2001-12-15T08:51:45.442 -1.30220000E-04 -3.07240000E-04  5.69320000E-04
2001-12-15T08:51:46.442 -1.14100000E-04 -1.02020000E-04  3.45490000E-04
2001-12-15T08:51:47.442 -1.54690000E-04 -2.17850000E-04  5.60360000E-04
2001-12-15T08:51:48.442 -2.12920000E-04 -1.76800000E-04  4.56700000E-04
2001-12-15T08:51:49.442 -1.67290000E-04 -3.16230000E-04  4.80650000E-04
2001-12-15T08:51:50.442 -7.57290000E-05  3.87890000E-05  3.04560000E-04
2001-12-15T08:51:51.442 -2.65470000E-04 -2.92650000E-04  6.30960000E-04
2001-12-15T08:51:52.442  2.41340000E-05 -1.08720000E-04  4.20880000E-04
2001-12-15T08:51:53.442 -2.36540000E-04 -2.90630000E-04  4.91520000E-04
2001-12-15T08:51:54.442 -1.26610000E-04 -2.33350000E-04  4.68360000E-04
2001-12-15T08:51:55.442 -5.61920000E-05 -3.59230000E-04  2.73820000E-04
2001-12-15T08:51:56.442 -8.09960000E-05 -1.45730000E-04  8.37070000E-04
2001-12-15T08:51:57.442 -1.54070000E-04 -2.27890000E-04  2.11720000E-04
2001-12-15T08:51:58.442 -1.31620000E-04 -1.80320000E-04  6.40040000E-04
2001-12-15T08:51:59.442 -3.13820000E-04 -2.66100000E-04  2.97600000E-04
2001-12-15T08:52:00.442 -1.69960000E-05 -2.47920000E-04  7.47960000E-04
2001-12-15T08:52:01.442 -1.17750000E-04 -2.97530000E-04  1.95770000E-04
2001-12-15T08:52:02.442 -2.41600000E-05 -1.01880000E-04  7.01230000E-04
2001-12-15T08:52:03.442 -1.79990000E-04 -2.99930000E-04  6.44860000E-04
2001-12-15T08:52:04.442 -1.78780000E-04 -1.00290000E-04  4.27120000E-04
2001-12-15T08:52:05.442 -1.04850000E-04 -2.96770000E-04  5.31550000E-04
2001-12-15T08:52:06.442 -2.74250000E-05 -2.48830000E-04  4.85210000E-04
2001-12-15T08:52:07.442 -1.26480000E-04 -2.08130000E-04  5.71510000E-04
2001-12-15T08:52:08.442 -2.25640000E-04 -2.51450000E-04  5.68250000E-04
2001-12-15T08:52:09.442 -8.42580000E-05 -2.56160000E-04  2.57330000E-04
2001-12-15T08:52:10.442 -1.77730000E-04 -1.46160000E-04  6.31210000E-04
2001-12-15T08:52:11.442 -1.96490000E-04 -1.40180000E-04  6.18500000E-04
2001-12-15T08:52:12.442 -1.19460000E-04 -2.40160000E-04  1.91980000E-04
2001-12-15T08:52:13.442 -2.08020000E-04 -2.65320000E-04  6.03560000E-04
2001-12-15T08:52:14.442 -1.00420000E-04 -1.33750000E-04  3.47700000E-04
2001-12-15T08:52:15.442 -1.86170000E-04 -2.59850000E-04  5.95920000E-04
2001-12-15T08:52:16.442 -1.12260000E-04 -1.42780000E-04  3.92940000E-04
2001-12-15T08:52:17.442 -1.49820000E-04 -3.55740000E-04  5.30290000E-04
2001-12-15T08:52:18.442 -5.33030000E-05 -1.52880000E-04  5.03350000E-04
2001-12-15T08:52:19.442 -8.48430000E-05 -2.59980000E-04  6.55670000E-04
2001-12-15T08:52:20.442 -1.74170000E-04 -1.01490000E-04  1.84630000E-04
2001-12-15T08:52:21.442 -1.44150000E-04 -1.97820000E-04  7.04120000E-04
2001-12-15T08:52:22.442 -2.21880000E-04 -3.08190000E-04  3.15250000E-04
2001-12-15T08:52:23.442 -5.01060000E-06 -1.52350000E-04  6.40920000E-04
2001-12-15T08:52:24.442 -1.59820000E-04 -2.66490000E-04  6.43240000E-04
2001-12-15T08:52:25.442 -1.58140000E-04 -1.08820000E-04  2.09410000E-04
2001-12-15T08:52:26.442 -1.34370000E-04 -2.12110000E-04  6.73960000E-04
2001-12-15T08:52:27.442 -8.21290000E-05 -2.76500000E-04  4.21480000E-04
2001-12-15T08:52:28.442 -1.68130000E-04 -2.03960000E-04  3.90230000E-04
2001-12-15T08:52:29.442 -1.50140000E-04 -2.20300000E-04  6.65000000E-04
2001-12-15T08:52:30.442 -1.28400000E-04 -3.19860000E-04  4.09680000E-04
2001-12-15T08:52:31.442 -3.89180000E-05 -1.49460000E-04  4.27230000E-04
2001-12-15T08:52:32.442 -1.21200000E-04 -1.91610000E-04  4.65300000E-04
2001-12-15T08:52:33.442 -1.47790000E-04 -2.50920000E-04  7.37300000E-04
2001-12-15T08:52:34.442 -2.46800000E-04 -3.10210000E-04  2.86760000E-04
2001-12-15T08:52:35.442 -5.70070000E-05 -1.77000000E-04  6.38170000E-04
2001-12-15T08:52:36.442 -2.38260000E-04 -3.45000000E-04  5.02100000E-04
2001-12-15T08:52:37.442 -1.40610000E-04 -1.41800000E-04  3.71240000E-04
2001-12-15T08:52:38.442 -2.54890000E-04 -2.67590000E-04  4.62980000E-04
2001-12-15T08:52:39.442 -8.36060000E-05  1.84130000E-06  5.95280000E-04
2001-12-15T08:52:40.442 -2.15890000E-04 -3.43880000E-04  4.63580000E-04
2001-12-15T08:52:41.442 -1.44040000E-04 -1.59600000E-04  4.42800000E-04
2001-12-15T08:52:42.442 -2.17400000E-04 -3.78480000E-04  4.74910000E-04
2001-12-15T08:52:43.442 -1.40590000E-04 -9.41220000E-05  4.68350000E-04
2001-12-15T08:52:44.442 -3.13560000E-04 -2.59330000E-04  6.69580000E-04
2001-12-15T08:52:45.442 -1.07700000E-04 -2.06350000E-04  3.26690000E-04
2001-12-15T08:52:46.442 -2.91270000E-04 -1.12670000E-04  7.32640000E-04
2001-12-15T08:52:47.442 -4.08840000E-06 -1.55200000E-04  5.52820000E-04
2001-12-15T08:52:48.442 -4.59150000E-04 -3.50030000E-04  3.62350000E-04
2001-12-15T08:52:49.442 -5.19400000E-05 -5.04550000E-05  3.91840000E-04
2001-12-15T08:52:50.442 -1.14570000E-04 -3.12290000E-04  6.97260000E-04
2001-12-15T08:52:51.442 -8.25730000E-05 -1.52010000E-04  2.91900000E-04
2001-12-15T08:52:52.442 -1.66670000E-04 -2.99560000E-04  6.27480000E-04
2001-12-15T08:52:53.442 -1.09860000E-04 -2.10360000E-04  3.99740000E-04
2001-12-15T08:52:54.442 -1.75260000E-04 -3.01950000E-04  6.65170000E-04
2001-12-15T08:52:55.442 -2.60560000E-05 -1.38020000E-04  2.14060000E-04
2001-12-15T08:52:56.442 -3.42870000E-04 -3.05710000E-04  7.95500000E-04
2001-12-15T08:52:57.442 -5.96320000E-05 -2.36300000E-04  4.42440000E-04
2001-12-15T08:52:58.442 -1.59150000E-04 -3.36150000E-04  5.52910000E-04
2001-12-15T08:52:59.442 -1.77180000E-04 -2.28460000E-04  1.96770000E-04
2001-12-15T08:53:00.442 -1.60860000E-04 -3.90300000E-04  7.84880000E-04
2001-12-15T08:53:01.442 -1.06800000E-04 -1.93660000E-04  2.73210000E-04
2001-12-15T08:53:02.442 -2.06260000E-04 -2.45400000E-04  3.67850000E-04
2001-12-15T08:53:03.442 -2.05420000E-04 -3.81610000E-04  5.79520000E-04
2001-12-15T08:53:04.442 -1.43290000E-04 -2.21690000E-04  4.45850000E-04
2001-12-15T08:53:05.442 -2.58790000E-04 -2.86490000E-04  4.56980000E-04
2001-12-15T08:53:06.442 -1.46670000E-04 -2.14270000E-04  6.03990000E-04
2001-12-15T08:53:07.442 -1.63960000E-04 -2.82900000E-04  4.26400000E-04
2001-12-15T08:53:08.442 -8.35650000E-05 -9.07810000E-05  4.77110000E-04
2001-12-15T08:53:09.442 -1.58990000E-04 -2.85940000E-04  5.19000000E-04
2001-12-15T08:53:10.442 -7.22290000E-05 -1.31370000E-04  4.94400000E-04
2001-12-15T08:53:11.442 -2.44530000E-04 -2.78030000E-04  5.91700000E-04
2001-12-15T08:53:12.442 -2.76630000E-04 -1.16370000E-04  5.10440000E-04
2001-12-15T08:53:13.442 -1.23810000E-04 -2.89760000E-04  4.56330000E-04
2001-12-15T08:53:14.442 -2.55110000E-05 -9.82540000E-05  4.61020000E-04
2001-12-15T08:53:15.442 -1.54440000E-04 -3.95290000E-04  6.56840000E-04
2001-12-15T08:53:16.442 -2.06210000E-04 -1.38280000E-04  5.62070000E-04
2001-12-15T08:53:17.442 -2.24880000E-04 -2.37310000E-04  3.43840000E-04
2001-12-15T08:53:18.442 -3.12440000E-05 -2.55330000E-04  5.93670000E-04
2001-12-15T08:53:19.442 -1.62020000E-04 -3.42970000E-04  4.17390000E-04
2001-12-15T08:53:20.442 -2.24060000E-04 -1.67280000E-04  4.03280000E-04
2001-12-15T08:53:21.442 -9.29610000E-05 -2.37950000E-04  5.48770000E-04
2001-12-15T08:53:22.442 -2.53270000E-04 -9.01510000E-05  5.33650000E-04
2001-12-15T08:53:23.442  5.04480000E-06 -3.32120000E-04  3.72900000E-04
2001-12-15T08:53:24.442 -2.08590000E-04 -1.34330000E-04  5.47010000E-04
2001-12-15T08:53:25.442 -5.25560000E-05 -2.70210000E-04  3.35500000E-04
2001-12-15T08:53:26.442 -1.88550000E-04 -2.19570000E-04  5.56000000E-04
2001-12-15T08:53:27.442 -2.19440000E-04 -2.73690000E-04  2.78320000E-04
2001-12-15T08:53:28.442 -1.78860000E-04 -1.75060000E-04  5.00210000E-04
2001-12-15T08:53:29.442 -1.97530000E-04 -2.38370000E-04  7.17200000E-04
2001-12-15T08:53:30.442 -5.02700000E-05 -2.23970000E-04  2.63170000E-04
2001-12-15T08:53:31.442 -1.81110000E-04 -1.98820000E-04  5.98120000E-04
2001-12-15T08:53:32.442 -2.10210000E-04 -3.60910000E-04  5.23050000E-04
2001-12-15T08:53:33.442 -1.74000000E-04 -1.74550000E-04  3.89490000E-04
2001-12-15T08:53:34.442 -1.83500000E-04 -9.09290000E-05  2.66000000E-04
2001-12-15T08:53:35.442 -8.87580000E-05 -3.83040000E-04  7.40850000E-04
2001-12-15T08:53:36.442 -1.63710000E-04 -2.00960000E-04  5.86750000E-04
2001-12-15T08:53:37.442 -2.11200000E-04 -2.47200000E-04  2.63960000E-04
2001-12-15T08:53:38.442 -1.00360000E-04 -1.67340000E-04  4.44850000E-04
2001-12-15T08:53:39.442 -2.03340000E-04 -3.42740000E-04  6.06590000E-04
2001-12-15T08:53:40.442 -2.96000000E-04 -1.36080000E-04  4.14910000E-04
2001-12-15T08:53:41.442 -6.04190000E-05 -3.20190000E-04  4.31190000E-04
2001-12-15T08:53:42.442 -1.48110000E-04 -8.04220000E-05  6.46090000E-04
2001-12-15T08:53:43.442 -6.64080000E-05 -2.92480000E-04  3.25030000E-04
2001-12-15T08:53:44.442 -1.22750000E-04 -2.04380000E-04  3.85500000E-04
2001-12-15T08:53:45.442 -1.55000000E-04 -2.69540000E-04  7.03460000E-04
2001-12-15T08:53:46.442 -7.58160000E-05 -2.22480000E-04  4.83170000E-04
2001-12-15T08:53:47.442 -2.66940000E-04 -2.92190000E-04  4.25400000E-04
2001-12-15T08:53:48.442 -1.90500000E-04 -2.39510000E-04  7.54820000E-04
2001-12-15T08:53:49.442 -2.08170000E-04 -1.88700000E-04  2.24000000E-04
2001-12-15T08:53:50.442 -1.95140000E-04 -2.51560000E-04  5.74120000E-04
2001-12-15T08:53:51.442 -7.42830000E-05 -1.50490000E-04  4.31160000E-04
2001-12-15T08:53:52.442 -3.22560000E-05 -2.12600000E-04  4.58110000E-04
2001-12-15T08:53:53.442 -2.10350000E-04 -2.81740000E-04  5.44090000E-04
2001-12-15T08:53:54.442 -8.76330000E-05 -1.20410000E-04  4.17660000E-04
2001-12-15T08:53:55.442 -1.08990000E-04 -1.99770000E-04  3.77900000E-04
2001-12-15T08:53:56.442 -1.79730000E-04 -3.08730000E-04  4.20470000E-04
2001-12-15T08:53:57.442 -1.12900000E-04 -2.16350000E-04  5.48860000E-04
2001-12-15T08:53:58.442 -2.08070000E-04 -1.48350000E-04  4.76990000E-04
2001-12-15T08:53:59.442 -8.01240000E-05 -3.07800000E-04  3.22100000E-04
2001-12-15T08:54:00.442 -2.92070000E-04 -1.60860000E-04  5.94870000E-04
2001-12-15T08:54:01.442 -1.07760000E-04 -2.38490000E-04  2.60440000E-04
2001-12-15T08:54:02.442 -1.49340000E-04 -2.37020000E-04  5.92720000E-04
2001-12-15T08:54:03.442 -2.30230000E-04 -2.03010000E-04  4.69600000E-04
2001-12-15T08:54:04.442 -1.12650000E-04 -2.46990000E-04  4.05800000E-04
2001-12-15T08:54:05.442 -2.72410000E-04 -3.34570000E-04  3.17020000E-04
2001-12-15T08:54:06.442 -4.07870000E-05 -1.91230000E-04  7.24700000E-04
2001-12-15T08:54:07.442 -1.66130000E-04 -2.52260000E-04  3.92510000E-04
2001-12-15T08:54:08.441 -1.43630000E-04  4.83710000E-05  4.57740000E-04
2001-12-15T08:54:09.441 -2.15680000E-04 -3.28090000E-04  7.63270000E-04
2001-12-15T08:54:10.441 -4.31140000E-05 -1.16510000E-04  3.72260000E-04
2001-12-15T08:54:11.441 -1.53410000E-04 -2.74850000E-04  3.54810000E-04
2001-12-15T08:54:12.441 -2.19560000E-04 -2.04160000E-04  8.21960000E-04
2001-12-15T08:54:13.441 -1.49030000E-04 -3.05260000E-04  2.87040000E-04
2001-12-15T08:54:14.441 -2.14170000E-04 -3.11730000E-05  5.34940000E-04
2001-12-15T08:54:15.441 -1.27130000E-04 -2.22700000E-04  3.78750000E-04
2001-12-15T08:54:16.441 -2.54120000E-05 -2.88930000E-04  6.68200000E-04
2001-12-15T08:54:17.441 -1.38210000E-04 -1.76840000E-04  3.13270000E-04
2001-12-15T08:54:18.441 -2.11830000E-04 -3.43650000E-04  5.25310000E-04
2001-12-15T08:54:19.441 -2.32190000E-04 -1.23830000E-04  3.31760000E-04
2001-12-15T08:54:20.441 -1.89030000E-04 -3.65180000E-04  3.38470000E-04
2001-12-15T08:54:21.441 -1.98440000E-04 -2.57990000E-04  7.89500000E-04
2001-12-15T08:54:22.441 -1.29640000E-04 -1.81390000E-04  2.92900000E-04
2001-12-15T08:54:23.441 -2.44240000E-04 -2.47350000E-04  2.88220000E-04
2001-12-15T08:54:24.441 -8.19910000E-05 -1.88470000E-04  7.76850000E-04
2001-12-15T08:54:25.441 -1.39410000E-04 -1.28030000E-04  3.57670000E-04
2001-12-15T08:54:26.441 -1.01830000E-04 -2.14750000E-04  4.85550000E-04
2001-12-15T08:54:27.441 -2.57260000E-04 -2.85480000E-04  5.32280000E-04
2001-12-15T08:54:28.441 -2.16530000E-04 -2.08700000E-04  3.12160000E-04
2001-12-15T08:54:29.441 -2.30610000E-04 -2.58490000E-04  5.56980000E-04
2001-12-15T08:54:30.441  4.97280000E-05 -1.37710000E-04  5.14140000E-04
2001-12-15T08:54:31.441 -1.37720000E-04 -2.31390000E-04  3.42660000E-04
2001-12-15T08:54:32.441 -1.19670000E-04 -1.92920000E-04  3.62880000E-04
2001-12-15T08:54:33.441 -1.81830000E-04 -5.79620000E-05  7.68230000E-04
2001-12-15T08:54:34.441 -1.96650000E-04 -2.39980000E-04  2.59370000E-04
2001-12-15T08:54:35.441 -2.74900000E-04 -2.02090000E-04  5.02950000E-04
2001-12-15T08:54:36.441 -5.58780000E-05 -1.32770000E-04  5.86190000E-04
2001-12-15T08:54:37.441 -7.19330000E-05 -3.73080000E-04  4.90010000E-04
2001-12-15T08:54:38.441 -1.40450000E-04 -1.33810000E-04  3.62200000E-04
2001-12-15T08:54:39.441 -2.80000000E-04 -2.01990000E-04  6.63360000E-04
2001-12-15T08:54:40.441 -1.38480000E-04 -2.43020000E-04  4.08180000E-04
2001-12-15T08:54:41.441 -6.76200000E-05 -3.11280000E-04  6.55620000E-04
2001-12-15T08:54:42.441 -2.39080000E-04 -2.26840000E-04  4.16940000E-04
2001-12-15T08:54:43.441 -2.47510000E-05 -2.32590000E-04  3.97840000E-04
2001-12-15T08:54:44.441 -1.41170000E-04 -1.98360000E-04  4.43560000E-04
2001-12-15T08:54:45.441 -2.31850000E-04 -3.54190000E-04  4.53880000E-04
2001-12-15T08:54:46.441 -1.37090000E-04 -1.48990000E-04  4.61590000E-04
2001-12-15T08:54:47.441 -8.34590000E-05 -1.82540000E-04  6.91770000E-04
2001-12-15T08:54:48.441 -1.60360000E-04 -2.61940000E-04  3.31490000E-04
2001-12-15T08:54:49.441 -9.06120000E-05 -2.66260000E-04  7.99530000E-04
2001-12-15T08:54:50.441 -1.98890000E-04 -4.71980000E-05  3.47370000E-04
2001-12-15T08:54:51.441 -1.04250000E-04 -2.97970000E-04  4.55490000E-04
2001-12-15T08:54:52.441 -8.51130000E-05 -1.70120000E-04  6.66920000E-04
2001-12-15T08:54:53.441 -1.31340000E-04 -3.58610000E-04  4.24030000E-04
2001-12-15T08:54:54.441 -2.63280000E-04 -1.25030000E-04  5.60830000E-04
2001-12-15T08:54:55.441 -1.35260000E-04 -2.57580000E-04  5.76850000E-04
2001-12-15T08:54:56.441 -3.06180000E-04 -2.91100000E-04  5.85980000E-04
2001-12-15T08:54:57.441 -3.91740000E-05 -1.84360000E-04  2.59330000E-04
2001-12-15T08:54:58.441 -7.21640000E-05 -2.43920000E-04  7.63280000E-04
2001-12-15T08:54:59.441 -2.09140000E-04 -2.82460000E-04  4.74060000E-04
2001-12-15T08:55:00.441 -2.37970000E-04 -8.57990000E-05  4.07070000E-04
2001-12-15T08:55:01.441 -1.54300000E-04 -3.65870000E-04  6.81670000E-04
2001-12-15T08:55:02.441 -2.25450000E-04 -1.54820000E-04  4.32650000E-04
2001-12-15T08:55:03.441 -2.18400000E-04 -1.88930000E-04  6.60040000E-04
2001-12-15T08:55:04.441 -1.27120000E-04 -2.04420000E-04  4.78890000E-04
2001-12-15T08:55:05.441 -1.64720000E-04 -3.07980000E-04  4.12870000E-04
2001-12-15T08:55:06.441 -8.54010000E-05 -2.33370000E-04  4.76450000E-04
2001-12-15T08:55:07.441 -1.85810000E-04 -2.01630000E-04  5.62760000E-04
2001-12-15T08:55:08.441 -6.79730000E-05 -1.79630000E-04  7.43650000E-04
2001-12-15T08:55:09.441 -1.84860000E-04 -2.07840000E-04  3.21040000E-04
2001-12-15T08:55:10.441 -2.35360000E-04 -3.22850000E-04  4.60650000E-04
2001-12-15T08:55:11.441 -6.75510000E-05 -2.01860000E-04  4.74840000E-04
2001-12-15T08:55:12.441 -5.97250000E-05 -2.38410000E-04  4.63520000E-04
2001-12-15T08:55:13.441 -2.86280000E-04 -2.62110000E-04  3.90840000E-04
2001-12-15T08:55:14.441 -1.67180000E-04 -1.96700000E-04  7.87060000E-04
2001-12-15T08:55:15.441 -1.44580000E-04 -5.59070000E-05  3.56150000E-04
2001-12-15T08:55:16.441 -1.82640000E-04 -2.14960000E-04  3.63200000E-04
2001-12-15T08:55:17.441 -1.02750000E-04 -1.46580000E-04  6.65490000E-04
2001-12-15T08:55:18.441 -2.63060000E-04 -1.67850000E-04  5.33740000E-04
2001-12-15T08:55:19.441 -1.32790000E-04 -2.15960000E-04  1.83740000E-04
2001-12-15T08:55:20.441 -2.39840000E-04 -1.22320000E-04  6.02880000E-04
2001-12-15T08:55:21.441 -1.28910000E-04 -3.14240000E-04  6.43120000E-04
2001-12-15T08:55:22.441 -2.10950000E-05 -1.52820000E-04  3.05160000E-04
2001-12-15T08:55:23.441 -1.43270000E-04 -3.33830000E-04  5.85220000E-04
2001-12-15T08:55:24.441 -3.18200000E-04 -2.27490000E-04  5.43830000E-04
2001-12-15T08:55:25.441 -1.29230000E-04 -3.43220000E-05  3.56060000E-04
2001-12-15T08:55:26.441 -2.11330000E-04 -3.47380000E-04  5.89320000E-04
2001-12-15T08:55:27.441 -1.81090000E-04 -1.24470000E-04  6.30460000E-04
2001-12-15T08:55:28.441 -1.34150000E-04 -3.42320000E-04  4.18760000E-04
2001-12-15T08:55:29.441 -8.50850000E-05 -5.73310000E-05  6.36740000E-04
2001-12-15T08:55:30.441 -2.05320000E-04 -2.86040000E-04  4.48440000E-04
2001-12-15T08:55:31.441 -3.06770000E-04 -2.41390000E-04  5.16680000E-04
2001-12-15T08:55:32.441 -2.28190000E-04 -2.01300000E-04  7.51210000E-04
2001-12-15T08:55:33.441 -1.07460000E-04 -1.42690000E-04  3.86890000E-04
2001-12-15T08:55:34.441 -2.19230000E-04 -3.21540000E-04  5.66750000E-04
2001-12-15T08:55:35.441 -1.51440000E-06 -1.61020000E-04  3.08080000E-04
2001-12-15T08:55:36.441 -2.27780000E-04 -1.80050000E-04  6.53310000E-04
2001-12-15T08:55:37.441 -2.01410000E-04 -3.27640000E-04  3.85190000E-04
2001-12-15T08:55:38.441 -1.01300000E-04 -3.02260000E-04  7.07740000E-04
2001-12-15T08:55:39.441 -2.15190000E-04 -1.64450000E-04  3.03090000E-04
2001-12-15T08:55:40.441 -7.64320000E-05 -2.20230000E-04  5.35130000E-04
2001-12-15T08:55:41.441 -1.80260000E-04 -3.34200000E-04  5.73350000E-04
2001-12-15T08:55:42.441  4.69900000E-05 -1.91970000E-04  5.33760000E-04
2001-12-15T08:55:43.441 -2.64910000E-04 -1.87590000E-04  4.11780000E-04
2001-12-15T08:55:44.441 -1.34840000E-04 -1.75200000E-04  6.51350000E-04
2001-12-15T08:55:45.441 -5.50390000E-05 -2.25520000E-04  4.13800000E-04
2001-12-15T08:55:46.441 -1.33920000E-04 -1.77630000E-04  4.44270000E-04
2001-12-15T08:55:47.441 -1.23600000E-04 -2.00250000E-04  6.88210000E-04
2001-12-15T08:55:48.441 -1.31840000E-04 -1.34570000E-04  3.88510000E-04
2001-12-15T08:55:49.441 -2.03620000E-04 -2.77040000E-04  5.19960000E-04
2001-12-15T08:55:50.441 -1.94860000E-04 -3.03400000E-04  6.20840000E-04
2001-12-15T08:55:51.441 -1.06610000E-04 -2.08540000E-04  3.73370000E-04
2001-12-15T08:55:52.441 -1.04770000E-04 -1.45960000E-04  5.65350000E-04
2001-12-15T08:55:53.441 -1.01550000E-04 -1.32610000E-04  3.11560000E-04
2001-12-15T08:55:54.441 -1.35740000E-04 -1.06200000E-04  5.94840000E-04
2001-12-15T08:55:55.441 -3.01080000E-04 -1.43770000E-04  2.83910000E-04
2001-12-15T08:55:56.441 -1.29540000E-04 -2.65800000E-04  3.65230000E-04
2001-12-15T08:55:57.441 -2.86000000E-04 -2.96730000E-04  5.53500000E-04
2001-12-15T08:55:58.441 -1.15200000E-04 -2.39690000E-04  5.15000000E-04
2001-12-15T08:55:59.441 -1.75940000E-04 -2.60860000E-04  5.19820000E-04
2001-12-15T08:56:00.441 -2.41490000E-04 -2.65110000E-04  4.22250000E-04
2001-12-15T08:56:01.441 -1.76960000E-04 -2.37240000E-04  5.24330000E-04
2001-12-15T08:56:02.441 -2.33430000E-04 -1.96420000E-04  3.43860000E-04
2001-12-15T08:56:03.441 -2.14700000E-04 -2.76950000E-04  6.60080000E-04
2001-12-15T08:56:04.441 -1.00330000E-04 -1.73630000E-04  5.70610000E-04
2001-12-15T08:56:05.441 -1.26340000E-04 -2.00770000E-04  4.60060000E-04
2001-12-15T08:56:06.441 -1.53830000E-04 -2.19660000E-04  4.39120000E-04
2001-12-15T08:56:07.441 -2.10410000E-04 -2.19160000E-04  5.61380000E-04
2001-12-15T08:56:08.441 -1.89870000E-04 -1.89050000E-04  4.78430000E-04
2001-12-15T08:56:09.441 -2.98370000E-04 -2.02480000E-04  6.33330000E-04
2001-12-15T08:56:10.441 -1.29220000E-04 -1.51300000E-04  4.75110000E-04
2001-12-15T08:56:11.441 -2.79870000E-04 -3.71270000E-04  3.55480000E-04
2001-12-15T08:56:12.441 -7.39290000E-05  3.08070000E-06  5.82430000E-04
2001-12-15T08:56:13.441 -1.97460000E-04 -3.21130000E-04  3.04600000E-04
2001-12-15T08:56:14.441 -1.53480000E-04 -6.37650000E-05  7.70350000E-04
2001-12-15T08:56:15.441 -2.91700000E-04 -3.75470000E-04  4.21800000E-04
2001-12-15T08:56:16.441 -8.17680000E-05 -1.34280000E-04  4.56040000E-04
2001-12-15T08:56:17.441 -1.74260000E-04 -3.46580000E-04  4.99530000E-04
2001-12-15T08:56:18.441 -1.33810000E-04 -1.19860000E-04  4.78870000E-04
2001-12-15T08:56:19.441 -1.38540000E-04 -2.87970000E-04  3.62280000E-04
2001-12-15T08:56:20.441 -1.97460000E-04 -1.31460000E-04  6.96810000E-04
2001-12-15T08:56:21.441 -2.30520000E-04 -3.90170000E-04  4.16240000E-04
2001-12-15T08:56:22.441 -4.61710000E-05 -6.74790000E-05  4.70890000E-04
2001-12-15T08:56:23.441 -3.14120000E-04 -2.99510000E-04  5.40840000E-04
2001-12-15T08:56:24.441 -1.83530000E-04 -1.56450000E-04  5.08500000E-04
2001-12-15T08:56:25.441 -1.21600000E-04 -2.32190000E-04  4.87160000E-04
2001-12-15T08:56:26.441 -1.42700000E-04 -1.49360000E-04  6.38570000E-04
2001-12-15T08:56:27.441 -2.42960000E-04 -2.19900000E-04  5.89400000E-04
2001-12-15T08:56:28.441 -6.76820000E-05 -1.02950000E-04  4.53700000E-04
2001-12-15T08:56:29.441 -2.10440000E-04 -3.69970000E-04  5.37370000E-04
2001-12-15T08:56:30.441 -9.85690000E-05 -1.65890000E-04  4.55390000E-04
2001-12-15T08:56:31.441 -1.40160000E-04 -2.27450000E-04  3.17070000E-04
2001-12-15T08:56:32.441 -2.12190000E-04 -1.65370000E-04  7.24760000E-04
2001-12-15T08:56:33.441 -3.04580000E-04 -4.19680000E-04  4.76860000E-04
2001-12-15T08:56:34.441 -4.90860000E-05  2.21030000E-05  4.93450000E-04
2001-12-15T08:56:35.441 -2.56140000E-04 -3.10360000E-04  3.50060000E-04
2001-12-15T08:56:36.441 -1.66360000E-04 -1.59030000E-04  5.71670000E-04
2001-12-15T08:56:37.441 -1.96610000E-04 -2.02370000E-04  4.43080000E-04
2001-12-15T08:56:38.441 -1.01160000E-04 -1.18900000E-04  6.90310000E-04
2001-12-15T08:56:39.441 -1.76870000E-04 -3.05700000E-04  5.12320000E-04
2001-12-15T08:56:40.441 -7.92450000E-05 -1.54800000E-04  4.82400000E-04
2001-12-15T08:56:41.441 -1.69610000E-04 -1.28930000E-04  4.33120000E-04
2001-12-15T08:56:42.441 -1.82150000E-04 -1.47890000E-04  6.35000000E-04
2001-12-15T08:56:43.441 -1.81550000E-04 -3.83910000E-04  4.71720000E-04
2001-12-15T08:56:44.441 -2.17410000E-04  5.35390000E-05  4.71650000E-04
2001-12-15T08:56:45.441 -2.87350000E-04 -2.41420000E-04  6.65680000E-04
2001-12-15T08:56:46.441  6.78100000E-06 -1.97520000E-04  3.93900000E-04
2001-12-15T08:56:47.441 -2.34280000E-04 -2.77990000E-04  4.99030000E-04
2001-12-15T08:56:48.441 -7.96640000E-05 -1.45180000E-04  4.34200000E-04
2001-12-15T08:56:49.441 -3.39470000E-04 -2.38360000E-04  5.52980000E-04
2001-12-15T08:56:50.441 -5.61110000E-05 -1.51490000E-04  5.60600000E-04
2001-12-15T08:56:51.441 -3.01440000E-04 -3.38700000E-04  4.75290000E-04
2001-12-15T08:56:52.441  5.23460000E-06 -1.01490000E-04  5.79100000E-04
2001-12-15T08:56:53.441 -3.29880000E-04 -3.32080000E-04  2.15640000E-04
2001-12-15T08:56:54.441 -1.19490000E-04 -2.10100000E-04  8.41050000E-04
2001-12-15T08:56:55.441 -2.63850000E-04 -2.14990000E-04  3.77150000E-04
2001-12-15T08:56:56.441 -6.02400000E-05 -5.21680000E-05  5.89930000E-04
2001-12-15T08:56:57.441 -2.03860000E-04 -2.57740000E-04  5.46310000E-04
2001-12-15T08:56:58.441 -6.11130000E-05 -2.50110000E-04  3.97270000E-04
2001-12-15T08:56:59.441 -2.89330000E-04 -3.65560000E-04  3.91660000E-04
2001-12-15T08:57:00.441 -1.71760000E-04 -1.01840000E-04  5.83720000E-04
2001-12-15T08:57:01.441 -1.31270000E-04 -2.55900000E-04  4.84210000E-04
2001-12-15T08:57:02.441 -1.28620000E-04 -2.10260000E-05  3.40990000E-04
2001-12-15T08:57:03.441 -1.25400000E-04 -2.20810000E-04  8.16990000E-04
2001-12-15T08:57:04.441 -5.47420000E-05 -2.51750000E-04  4.19080000E-04
2001-12-15T08:57:05.441 -2.79390000E-04 -1.68130000E-04  3.65150000E-04
2001-12-15T08:57:06.441  2.91570000E-05 -3.20090000E-04  7.12390000E-04
2001-12-15T08:57:07.441 -2.95100000E-04 -1.49010000E-04  4.03620000E-04
2001-12-15T08:57:08.441 -1.68840000E-04 -1.84910000E-04  6.60560000E-04
2001-12-15T08:57:09.441 -1.84040000E-04 -3.91730000E-04  4.36350000E-04
2001-12-15T08:57:10.441 -2.36060000E-04 -1.36960000E-06  5.30510000E-04
2001-12-15T08:57:11.441 -1.78530000E-04 -3.04400000E-04  5.87630000E-04
2001-12-15T08:57:12.441 -1.37940000E-04 -2.19020000E-04  3.96870000E-04
2001-12-15T08:57:13.441 -2.13250000E-04 -1.56460000E-04  4.45390000E-04
2001-12-15T08:57:14.441 -1.92670000E-04 -1.16460000E-04  6.28250000E-04
2001-12-15T08:57:15.441 -2.61270000E-04 -3.30010000E-04  5.48130000E-04
2001-12-15T08:57:16.441 -1.71080000E-04 -6.67020000E-05  4.99360000E-04
2001-12-15T08:57:17.441 -1.33110000E-04 -3.75600000E-04  3.79620000E-04
2001-12-15T08:57:18.441 -2.06620000E-04 -1.12480000E-04  6.53920000E-04
2001-12-15T08:57:19.441 -3.02170000E-04 -4.13550000E-04  4.15100000E-04
2001-12-15T08:57:20.441 -2.49330000E-04 -1.67020000E-04  4.80970000E-04
2001-12-15T08:57:21.441 -5.93040000E-05 -1.76190000E-04  7.01440000E-04
2001-12-15T08:57:22.441 -3.41620000E-04 -1.23930000E-04  3.69940000E-04
2001-12-15T08:57:23.441 -6.08290000E-05 -3.26310000E-04  6.86470000E-04
2001-12-15T08:57:24.441 -1.53810000E-04 -2.27860000E-04  2.64420000E-04
2001-12-15T08:57:25.441 -1.90510000E-04 -3.12810000E-04  7.02900000E-04
2001-12-15T08:57:26.441 -1.43250000E-04 -2.61800000E-04  4.40600000E-04
2001-12-15T08:57:27.441 -1.85610000E-04 -1.65690000E-04  6.99030000E-04
2001-12-15T08:57:28.441 -2.11770000E-04 -2.13860000E-04  4.00240000E-04
2001-12-15T08:57:29.441 -9.79340000E-05 -2.09300000E-04  4.13240000E-04
2001-12-15T08:57:30.441 -1.95540000E-04 -2.83940000E-04  7.76700000E-04
2001-12-15T08:57:31.441 -2.56820000E-04 -8.82190000E-05  5.36680000E-04
2001-12-15T08:57:32.441 -1.82290000E-04 -2.82970000E-04  2.84920000E-04
2001-12-15T08:57:33.441 -6.83080000E-05 -2.63460000E-04  8.25780000E-04
2001-12-15T08:57:34.441 -2.63020000E-04 -1.30690000E-04  2.76950000E-04
2001-12-15T08:57:35.441 -1.90090000E-06 -1.99280000E-04  5.12920000E-04
2001-12-15T08:57:36.441 -2.64930000E-04 -3.45950000E-04  3.10210000E-04
2001-12-15T08:57:37.441 -1.31400000E-04 -5.19670000E-05  6.88910000E-04
2001-12-15T08:57:38.441 -3.21680000E-04 -4.28860000E-04  4.29510000E-04
2001-12-15T08:57:39.441 -3.82090000E-05 -4.07910000E-05  6.18430000E-04
2001-12-15T08:57:40.441 -2.84590000E-04 -2.28320000E-04  6.55870000E-04
2001-12-15T08:57:41.441 -7.26650000E-05 -1.71120000E-04  2.70020000E-04
2001-12-15T08:57:42.441 -7.09000000E-05 -2.58080000E-04  6.27740000E-04
2001-12-15T08:57:43.441 -8.53640000E-05 -2.15730000E-04  4.81710000E-04
2001-12-15T08:57:44.441 -2.67590000E-04 -1.97310000E-04  5.98540000E-04
2001-12-15T08:57:45.441 -6.19000000E-05 -2.10500000E-04  3.68640000E-04
2001-12-15T08:57:46.441 -1.63500000E-04 -7.47070000E-05  6.73270000E-04
2001-12-15T08:57:47.441 -1.75550000E-04 -2.78680000E-04  3.82780000E-04
2001-12-15T08:57:48.441 -2.83890000E-04 -1.87700000E-04  6.94250000E-04
2001-12-15T08:57:49.441 -1.07020000E-04 -8.38270000E-05  4.70440000E-04
2001-12-15T08:57:50.441 -2.94530000E-04 -3.57910000E-04  6.11560000E-04
2001-12-15T08:57:51.441 -7.04100000E-05 -6.27150000E-05  3.42240000E-04
2001-12-15T08:57:52.441 -1.26620000E-04 -2.23470000E-04  7.23630000E-04
2001-12-15T08:57:53.441 -2.67730000E-04 -1.54700000E-04  4.22310000E-04
2001-12-15T08:57:54.441 -1.87610000E-04 -2.03310000E-04  3.29330000E-04
2001-12-15T08:57:55.441 -6.61210000E-05 -2.08620000E-04  7.91850000E-04
2001-12-15T08:57:56.441 -2.25500000E-04 -2.37160000E-04  4.34200000E-04
2001-12-15T08:57:57.441 -1.03850000E-04 -8.20210000E-05  4.29010000E-04
2001-12-15T08:57:58.441 -2.86300000E-04 -3.70060000E-04  4.41350000E-04
2001-12-15T08:59:06.038 -3.50070000E-05 -2.46070000E-04  4.12200000E-04
2001-12-15T08:59:07.038 -1.81230000E-04 -1.54300000E-04  7.26860000E-04
2001-12-15T08:59:08.038 -1.87140000E-04 -2.13550000E-04  2.88670000E-04
2001-12-15T08:59:09.038 -2.89400000E-04 -1.80310000E-04  6.31770000E-04
2001-12-15T08:59:10.038 -1.71150000E-05 -2.27560000E-04  7.80330000E-04
2001-12-15T08:59:11.038 -3.07100000E-04 -2.25480000E-04  3.65310000E-04
2001-12-15T08:59:12.038 -2.48470000E-04 -1.66510000E-04  5.40450000E-04
2001-12-15T08:59:13.038 -3.59630000E-04 -2.08800000E-04  4.66460000E-04
2001-12-15T08:59:14.038 -2.83060000E-04 -7.33620000E-05  6.91160000E-04
2001-12-15T08:59:15.038 -3.50810000E-04 -2.44410000E-04  4.20510000E-04
2001-12-15T08:59:16.038 -2.88900000E-04 -1.81080000E-05  8.71880000E-04
2001-12-15T08:59:17.038 -2.54480000E-04 -1.54760000E-04  5.11100000E-04
2001-12-15T08:59:18.038 -2.20890000E-04 -7.57710000E-05  7.68430000E-04
2001-12-15T08:59:19.038 -1.86080000E-04 -3.44900000E-04  5.68110000E-04
2001-12-15T08:59:20.038 -8.27600000E-05 -5.98210000E-05  4.99680000E-04
2001-12-15T08:59:21.038 -4.53070000E-04 -2.93090000E-04  6.55210000E-04
2001-12-15T08:59:22.038 -1.63350000E-04 -1.32030000E-04  5.72400000E-04
2001-12-15T08:59:23.038 -2.75950000E-04 -3.87020000E-04  4.70680000E-04
2001-12-15T08:59:24.038 -3.42440000E-04 -1.22530000E-04  6.19940000E-04
2001-12-15T08:59:25.038 -2.37540000E-04 -2.24150000E-04  5.75070000E-04
2001-12-15T08:59:26.038 -2.87510000E-04 -2.30730000E-04  6.49110000E-04
2001-12-15T08:59:27.038 -2.11330000E-04 -2.14440000E-04  3.91950000E-04
2001-12-15T08:59:28.038 -3.12350000E-04 -1.93260000E-04  5.52070000E-04
2001-12-15T08:59:29.038 -1.88750000E-04 -2.87650000E-04  3.64780000E-04
2001-12-15T08:59:30.038 -2.42660000E-04 -2.96120000E-04  3.24380000E-04
2001-12-15T08:59:31.038 -1.10570000E-04 -1.91310000E-04  6.70070000E-04
2001-12-15T08:59:32.038 -2.98120000E-04 -3.63770000E-04  3.09630000E-04
2001-12-15T08:59:33.038 -1.51270000E-04 -2.88860000E-05  5.64000000E-04
2001-12-15T08:59:34.038 -3.30130000E-04 -4.61900000E-04  3.01550000E-04
2001-12-15T08:59:35.038 -9.87660000E-05 -2.81160000E-05  7.94160000E-04
