2001-12-31T20:39:01.750  1.66870000E-05  2.55230000E-04  5.57630000E-04
2001-12-31T20:39:02.750 -2.59560000E-04 -4.88610000E-04  4.57730000E-04
2001-12-31T20:39:03.750  2.84350000E-04 -1.38620000E-04  1.55580000E-04
2001-12-31T20:39:04.750 -2.98120000E-04 -6.71420000E-04  3.68280000E-04
2001-12-31T20:39:05.750  2.06720000E-04  1.07610000E-04  4.48860000E-04
2001-12-31T20:39:06.750 -6.28640000E-04 -2.60280000E-04  7.12890000E-04
2001-12-31T20:39:07.750  2.36900000E-04 -4.40720000E-05  3.49030000E-04
2001-12-31T20:39:08.750 -2.51170000E-04 -5.55270000E-04  5.08550000E-04
2001-12-31T20:39:09.750  3.44780000E-04 -3.13320000E-04  2.99090000E-04
2001-12-31T20:39:10.750 -3.88980000E-04 -2.61220000E-04  3.46530000E-04
2001-12-31T20:39:11.750 -2.26930000E-04  1.35150000E-04  7.37710000E-04
2001-12-31T20:39:12.750 -1.16460000E-04 -2.14690000E-04  5.36580000E-04
2001-12-31T20:39:13.750  1.05990000E-04 -4.68970000E-04  1.19610000E-04
2001-12-31T20:39:14.750 -1.78390000E-04 -4.11360000E-04  4.86160000E-04
2001-12-31T20:39:15.750 -1.11040000E-04 -1.39910000E-04  5.17050000E-04
2001-12-31T20:39:16.750 -4.03240000E-05 -4.13780000E-05  3.73590000E-04
2001-12-31T20:39:17.750 -3.21200000E-04 -1.29390000E-04  2.54510000E-04
2001-12-31T20:39:18.750  2.88630000E-04 -5.56620000E-04  4.85240000E-04
2001-12-31T20:39:19.750 -5.64310000E-05 -4.22190000E-04  3.86430000E-04
2001-12-31T20:39:20.750 -6.28540000E-05  1.36510000E-04  6.40910000E-04
2001-12-31T20:39:21.750 -5.13890000E-04 -2.65070000E-04  2.02810000E-04
2001-12-31T20:39:22.750  1.97870000E-04  4.31260000E-05  2.05470000E-04
2001-12-31T20:39:23.750 -1.62050000E-04 -8.03060000E-04  5.98000000E-04
2001-12-31T20:39:24.750  3.55310000E-04 -1.16170000E-04  5.87580000E-04
2001-12-31T20:39:25.750 -6.81840000E-04 -5.02240000E-04  2.79050000E-04
2001-12-31T20:39:26.750 -3.25320000E-05  1.13310000E-04  7.17330000E-04
2001-12-31T20:39:27.750 -2.72280000E-04 -3.63440000E-04  1.53380000E-04
2001-12-31T20:39:28.750  6.26520000E-04 -1.07780000E-04  3.97380000E-04
2001-12-31T20:39:29.750 -4.55860000E-04 -7.45250000E-04  7.57510000E-04
2001-12-31T20:39:30.750  9.00390000E-05  2.93680000E-04  7.17900000E-04
2001-12-31T20:39:31.750 -6.02990000E-04 -3.90060000E-04  2.70450000E-04
2001-12-31T20:39:32.750  1.12800000E-04  1.66390000E-04  2.75460000E-04
2001-12-31T20:39:33.750 -1.87420000E-04 -4.66760000E-04  4.03400000E-04
2001-12-31T20:39:34.750  4.81990000E-04 -3.89890000E-04  4.56600000E-04
2001-12-31T20:39:35.750 -6.08660000E-04 -2.94390000E-04  5.12020000E-04
2001-12-31T20:39:36.750 -4.29220000E-05  1.09910000E-04  3.79790000E-04
2001-12-31T20:39:37.750 -4.60410000E-04 -1.82700000E-04  5.82770000E-04
2001-12-31T20:39:38.750  3.49560000E-04 -2.25640000E-04  6.42890000E-04
2001-12-31T20:39:39.750 -2.33800000E-04 -8.75650000E-04  3.07220000E-04
2001-12-31T20:39:40.750  1.54090000E-04  1.42260000E-04  4.27760000E-04
2001-12-31T20:39:41.750 -2.92830000E-04  1.13880000E-05  6.02560000E-04
2001-12-31T20:39:42.750 -5.68590000E-06 -4.12400000E-04  5.61250000E-04
2001-12-31T20:39:43.750 -1.89140000E-04 -2.94380000E-04  1.89960000E-04
2001-12-31T20:39:44.750  2.02430000E-04 -3.83240000E-04  6.62510000E-04
2001-12-31T20:39:45.750 -2.98460000E-04 -3.39970000E-04  2.84010000E-04
2001-12-31T20:39:46.750 -3.14110000E-04  8.15850000E-05  6.77920000E-04
2001-12-31T20:39:47.750 -4.18670000E-04 -3.20040000E-04  2.95250000E-04
2001-12-31T20:39:48.750  2.60420000E-04 -2.59300000E-04  2.58050000E-04
2001-12-31T20:39:49.750 -2.63790000E-04 -5.21960000E-04  5.85780000E-04
2001-12-31T20:39:50.750  5.41670000E-05 -1.80430000E-04  5.27570000E-04
2001-12-31T20:39:51.750 -1.51970000E-04  5.78700000E-05  2.83080000E-04
2001-12-31T20:39:52.750 -3.20390000E-04 -2.45000000E-04  1.22170000E-04
2001-12-31T20:39:53.750  4.30280000E-04 -6.15050000E-04  4.76430000E-04
2001-12-31T20:39:54.750 -1.27730000E-04 -5.06770000E-04  6.07080000E-04
2001-12-31T20:39:55.750 -1.86160000E-04  1.32290000E-04  2.80070000E-04
2001-12-31T20:39:56.750 -3.91890000E-04 -1.33570000E-04  7.40540000E-04
2001-12-31T20:39:57.750  2.61670000E-05 -3.80320000E-04  3.64670000E-04
2001-12-31T20:39:58.750 -4.97270000E-05 -4.58740000E-04  5.32000000E-04
2001-12-31T20:39:59.750  2.40880000E-04 -3.02850000E-04  3.61080000E-04
2001-12-31T20:40:00.750 -3.41140000E-04 -3.09150000E-04  4.59280000E-04
2001-12-31T20:40:01.750 -1.91450000E-04  5.55880000E-05  1.77850000E-04
2001-12-31T20:40:02.750 -4.81360000E-05 -3.24340000E-04  5.26270000E-04
2001-12-31T20:40:03.750  1.77080000E-04 -2.37520000E-04  5.83490000E-04
2001-12-31T20:40:04.750 -3.67680000E-04 -7.23960000E-04  7.11900000E-04
2001-12-31T20:40:05.750  4.88150000E-05  1.98610000E-04  3.47290000E-04
2001-12-31T20:40:06.750 -3.84950000E-04 -3.53370000E-04  3.44680000E-04
2001-12-31T20:40:07.750  1.59770000E-04  6.42890000E-05  4.99320000E-04
2001-12-31T20:40:08.750 -2.79460000E-05 -6.70150000E-04  9.77770000E-05
2001-12-31T20:40:09.750  3.69580000E-04 -6.51270000E-05  3.57810000E-04
2001-12-31T20:40:10.750 -6.08790000E-04 -1.65750000E-04  8.18170000E-04
2001-12-31T20:40:11.750  1.22130000E-04 -4.73630000E-05  3.58370000E-04
2001-12-31T20:40:12.750 -1.67550000E-04 -4.27880000E-04  5.52000000E-04
2001-12-31T20:40:13.750  3.15700000E-04 -4.98430000E-04  5.59120000E-04
2001-12-31T20:40:14.750 -2.70050000E-04 -2.87420000E-04  1.87840000E-04
2001-12-31T20:40:15.750 -1.44310000E-04  2.02030000E-04  3.34420000E-04
2001-12-31T20:40:16.750 -4.81710000E-04 -4.05160000E-04  2.96230000E-04
2001-12-31T20:40:17.750  3.62550000E-04 -4.35510000E-04  4.85440000E-04
2001-12-31T20:40:18.750 -3.65560000E-05 -4.84290000E-04  7.00750000E-04
2001-12-31T20:40:19.750 -1.53010000E-04 -9.29250000E-05  4.39420000E-04
2001-12-31T20:40:20.750 -5.09800000E-04 -9.69610000E-05  2.60420000E-04
2001-12-31T20:40:21.750  2.30180000E-05 -1.08480000E-04  5.55920000E-04
2001-12-31T20:40:22.750 -2.48070000E-05 -6.01540000E-04  3.71940000E-04
2001-12-31T20:40:23.750  1.44470000E-04 -3.71390000E-04  5.21600000E-04
2001-12-31T20:40:24.750 -4.00350000E-05 -7.49580000E-05  2.38690000E-04
2001-12-31T20:40:25.750 -4.66160000E-04 -3.19130000E-05  6.85000000E-04
2001-12-31T20:40:26.750  7.41060000E-05 -6.75300000E-05  2.98370000E-04
2001-12-31T20:40:27.750 -1.10460000E-04 -6.60010000E-04  4.45810000E-04
2001-12-31T20:40:28.750  2.29830000E-04 -2.27210000E-04  1.41460000E-04
2001-12-31T20:40:29.750 -4.10440000E-04 -2.55780000E-04  6.92390000E-04
2001-12-31T20:40:30.750 -2.13600000E-04  2.19880000E-04  6.91170000E-04
2001-12-31T20:40:31.750 -1.17560000E-04 -4.68430000E-04  2.28620000E-04
2001-12-31T20:40:32.750  3.34060000E-04 -2.11020000E-04  4.76040000E-04
2001-12-31T20:40:33.750 -2.88910000E-04 -6.50490000E-04  3.10500000E-04
2001-12-31T20:40:34.750  1.03460000E-04  9.59100000E-05  2.31620000E-04
2001-12-31T20:40:35.750 -5.88870000E-04 -1.80980000E-04  3.34900000E-04
2001-12-31T20:40:36.750  1.90800000E-04 -1.23190000E-04  3.29840000E-04
2001-12-31T20:40:37.750 -1.64070000E-04 -9.20540000E-04  5.62300000E-04
2001-12-31T20:40:38.750  2.34140000E-04 -9.26640000E-05  5.14730000E-04
2001-12-31T20:40:39.750 -5.58340000E-04 -2.50010000E-04  4.94180000E-04
2001-12-31T20:40:40.750  1.30710000E-04  1.07900000E-04  1.62500000E-05
2001-12-31T20:40:41.750 -2.63270000E-04 -6.45820000E-04  6.44200000E-04
2001-12-31T20:40:42.750  4.89790000E-04 -3.17850000E-04  1.48420000E-04
2001-12-31T20:40:43.750 -6.30820000E-04 -4.63900000E-04  5.23510000E-04
2001-12-31T20:40:44.750 -7.39880000E-05  3.22760000E-04  5.21630000E-04
2001-12-31T20:40:45.750 -5.38790000E-04 -4.21920000E-04  1.41520000E-04
2001-12-31T20:40:46.750  4.90720000E-04 -1.28180000E-04  5.29200000E-04
2001-12-31T20:40:47.750 -3.62320000E-04 -7.35110000E-04  7.43250000E-04
2001-12-31T20:40:48.750  3.59140000E-04 -2.02160000E-05  2.02220000E-04
2001-12-31T20:40:49.750 -5.77900000E-04 -1.13990000E-04  6.02130000E-04
2001-12-31T20:40:50.750  1.67480000E-04  7.42070000E-05  4.31500000E-04
2001-12-31T20:40:51.750 -4.96560000E-05 -6.70520000E-04  4.10380000E-04
2001-12-31T20:40:52.750  3.37190000E-04 -2.22940000E-04  4.27080000E-04
2001-12-31T20:40:53.750 -4.22970000E-04 -3.62850000E-04  3.09730000E-04
2001-12-31T20:40:54.750 -1.39720000E-04  9.08660000E-05  5.36510000E-04
2001-12-31T20:40:55.750 -1.82910000E-04 -1.96220000E-04  4.50290000E-04
2001-12-31T20:40:56.750  9.61320000E-05 -4.30450000E-04  3.02240000E-04
2001-12-31T20:40:57.750 -1.43630000E-04 -5.03570000E-04  5.75770000E-04
2001-12-31T20:40:58.750 -3.25930000E-05 -4.16030000E-05  4.10570000E-04
2001-12-31T20:40:59.750 -2.26970000E-04  1.48790000E-04  5.60750000E-04
2001-12-31T20:41:00.750 -4.18200000E-04 -2.83560000E-04  7.21300000E-04
2001-12-31T20:41:01.750  2.38410000E-04 -4.62050000E-04  4.12930000E-06
2001-12-31T20:41:02.750 -4.48810000E-05 -4.52630000E-04  4.03330000E-04
2001-12-31T20:41:03.750 -6.45860000E-05 -2.57490000E-04  3.71310000E-04
2001-12-31T20:41:04.750 -3.53530000E-04 -6.49000000E-05  7.37810000E-04
2001-12-31T20:41:05.750 -1.03050000E-04 -1.29640000E-04 -5.77870000E-05
2001-12-31T20:41:06.750  5.54860000E-06 -6.38910000E-04  5.40620000E-04
2001-12-31T20:41:07.750  3.83230000E-05 -4.79490000E-04  3.33920000E-04
2001-12-31T20:41:08.750 -1.18920000E-04  2.25450000E-05  5.10100000E-04
2001-12-31T20:41:09.750 -3.34590000E-04 -2.03570000E-05  6.76830000E-04
2001-12-31T20:41:10.750 -3.23750000E-04 -2.69500000E-04  2.62760000E-04
2001-12-31T20:41:11.750  3.80380000E-04 -5.89900000E-04  5.55720000E-04
2001-12-31T20:41:12.750 -2.00190000E-04 -3.85330000E-04  4.59270000E-04
2001-12-31T20:41:13.750  3.90210000E-05  1.71150000E-05  1.91820000E-04
2001-12-31T20:41:14.750 -4.58210000E-04 -2.61220000E-04  6.83830000E-04
2001-12-31T20:41:15.750  2.25950000E-05  5.09060000E-05  3.95820000E-04
2001-12-31T20:41:16.750 -2.34100000E-04 -5.32650000E-04  1.96590000E-04
2001-12-31T20:41:17.750  3.71810000E-04 -2.73680000E-04  5.33620000E-04
2001-12-31T20:41:18.750 -5.97170000E-04 -4.72740000E-04  5.54730000E-04
2001-12-31T20:41:19.750 -1.43710000E-05  2.85180000E-04  4.77440000E-04
2001-12-31T20:41:20.750 -3.47580000E-04 -3.16320000E-04  2.76080000E-04
2001-12-31T20:41:21.750  3.70380000E-04 -1.60280000E-05  5.16540000E-04
2001-12-31T20:41:22.750 -3.79800000E-04 -5.82800000E-04  4.12550000E-04
2001-12-31T20:41:23.750  3.48910000E-04  2.35010000E-05  2.07260000E-04
2001-12-31T20:41:24.750 -7.42720000E-04 -4.33290000E-04  3.91000000E-04
2001-12-31T20:41:25.750  1.48490000E-04  1.44990000E-04  4.13980000E-04
2001-12-31T20:41:26.750 -3.94500000E-04 -7.45200000E-04  6.35480000E-04
2001-12-31T20:41:27.750  4.92740000E-04 -2.17240000E-04  3.27180000E-04
2001-12-31T20:41:28.750 -4.22330000E-04 -5.14510000E-04  6.45530000E-04
2001-12-31T20:41:29.750  2.00770000E-05  3.63580000E-04  4.95430000E-04
2001-12-31T20:41:30.750 -4.94830000E-04 -5.16980000E-04  4.40680000E-04
2001-12-31T20:41:31.750  2.74880000E-04 -2.77930000E-05  5.76740000E-05
2001-12-31T20:41:32.750 -2.07550000E-04 -6.94140000E-04  6.42710000E-04
2001-12-31T20:41:33.750  1.82460000E-04  4.25480000E-05  4.42740000E-04
2001-12-31T20:41:34.750 -4.40480000E-04 -1.54010000E-04 -8.50090000E-05
2001-12-31T20:41:35.750 -8.61040000E-05  6.45670000E-05  9.77410000E-04
2001-12-31T20:41:36.750 -1.54360000E-04 -6.35460000E-04  4.84910000E-04
2001-12-31T20:41:37.750  9.71430000E-05 -2.39050000E-04  2.01720000E-04
2001-12-31T20:41:38.750 -2.60420000E-04 -5.48390000E-04  3.05280000E-04
2001-12-31T20:41:39.750 -7.13790000E-05  1.37860000E-04  3.22810000E-04
2001-12-31T20:41:40.750 -4.29470000E-04  6.19360000E-05  3.18300000E-04
2001-12-31T20:41:41.750  6.69140000E-05 -3.00720000E-04  3.72590000E-04
2001-12-31T20:41:42.750 -3.53910000E-05 -4.06800000E-04  7.64700000E-04
2001-12-31T20:41:43.750  1.15800000E-04 -4.05430000E-04  3.95630000E-04
2001-12-31T20:41:44.750 -2.52100000E-04  7.65070000E-06  1.53700000E-04
2001-12-31T20:41:45.750 -3.23960000E-04 -6.66730000E-05  3.38570000E-04
2001-12-31T20:41:46.750 -4.63500000E-05 -7.94680000E-05  4.95370000E-04
2001-12-31T20:41:47.750  2.89150000E-05 -6.13840000E-04  5.67470000E-04
2001-12-31T20:41:48.750  1.89400000E-04 -2.82080000E-04  3.79510000E-04
2001-12-31T20:41:49.750 -4.43580000E-04 -3.78690000E-04  4.02080000E-04
2001-12-31T20:41:50.750 -7.39730000E-05  2.39990000E-04  6.19570000E-04
2001-12-31T20:41:51.750 -2.39190000E-04 -3.69010000E-04  2.84370000E-04
2001-12-31T20:41:52.750  5.29330000E-04 -4.89860000E-04  6.23340000E-04
2001-12-31T20:41:53.750 -3.74290000E-04 -5.99180000E-04  5.73180000E-04
2001-12-31T20:41:54.750  7.10680000E-05  3.43620000E-04  3.59650000E-04
2001-12-31T20:41:55.750 -5.12700000E-04 -3.80630000E-04  1.48270000E-04
2001-12-31T20:41:56.750  2.23550000E-04  7.89540000E-05  5.10920000E-04
2001-12-31T20:41:57.750 -1.89110000E-04 -8.43050000E-04  4.56330000E-04
2001-12-31T20:41:58.750  1.45640000E-04  7.15200000E-05  2.00690000E-04
2001-12-31T20:41:59.750 -4.46740000E-04 -3.02700000E-04  8.02400000E-04
2001-12-31T20:42:00.750  5.95750000E-05  3.39240000E-04  2.76250000E-04
2001-12-31T20:42:01.750 -5.84990000E-04 -8.24110000E-04  5.15960000E-04
2001-12-31T20:42:02.750  4.62740000E-04 -4.33060000E-05  4.12570000E-04
2001-12-31T20:42:03.750 -1.40150000E-04 -6.65270000E-04  4.87370000E-04
2001-12-31T20:42:04.750 -1.51020000E-05  1.46470000E-04  2.79230000E-04
2001-12-31T20:42:05.750 -4.51690000E-04 -7.62380000E-05  4.61560000E-04
2001-12-31T20:42:06.750  1.76100000E-05 -1.23220000E-04  9.18660000E-04
2001-12-31T20:42:07.750 -9.77620000E-05 -7.72780000E-04  2.29320000E-04
2001-12-31T20:42:08.750  3.55380000E-04 -2.09980000E-04  3.49810000E-04
2001-12-31T20:42:09.750 -3.75450000E-04 -1.81530000E-04  6.25030000E-04
2001-12-31T20:42:10.750 -2.53420000E-04  1.62220000E-04 -9.53500000E-06
2001-12-31T20:42:11.750 -6.43920000E-05 -3.69990000E-04  6.10460000E-04
2001-12-31T20:42:12.750  2.57680000E-04 -6.69650000E-04  4.63490000E-04
2001-12-31T20:42:13.750 -1.86600000E-04 -5.10950000E-04  3.97150000E-04
2001-12-31T20:42:14.750 -1.97700000E-04 -1.43700000E-05  4.89790000E-04
2001-12-31T20:42:15.750 -3.28830000E-04  1.05040000E-04  5.04790000E-04
2001-12-31T20:42:16.750 -1.38890000E-04 -1.37290000E-04  1.40060000E-04
2001-12-31T20:42:17.750  2.55860000E-04 -4.32870000E-04  4.85950000E-04
2001-12-31T20:42:18.750 -1.63990000E-04 -4.54800000E-04  6.95070000E-04
2001-12-31T20:42:19.750  2.16060000E-04  2.43710000E-04  1.68870000E-04
2001-12-31T20:42:20.750 -6.81660000E-04 -4.64050000E-04  6.10350000E-04
2001-12-31T20:42:21.750  2.19470000E-04  9.79430000E-05  4.13040000E-04
2001-12-31T20:42:22.750 -2.35080000E-04 -6.48070000E-04  5.24840000E-04
2001-12-31T20:42:23.750  3.69560000E-04 -2.81970000E-04  5.01630000E-04
2001-12-31T20:42:24.750 -4.70890000E-04 -2.44020000E-04  6.83890000E-04
2001-12-31T20:42:25.750 -2.58660000E-05  1.81910000E-04  4.24220000E-04
2001-12-31T20:42:26.750 -4.58710000E-04 -4.13720000E-04  5.18260000E-04
2001-12-31T20:42:27.750  4.60940000E-04 -2.27270000E-04  2.99110000E-04
2001-12-31T20:42:28.750 -2.80980000E-04 -6.75190000E-04  3.92050000E-04
2001-12-31T20:42:29.750  1.43780000E-04  1.50260000E-04  3.54390000E-04
2001-12-31T20:42:30.750 -6.95310000E-04 -2.42550000E-04  3.14740000E-04
2001-12-31T20:42:31.750  6.25710000E-05  1.05060000E-04  7.30060000E-04
2001-12-31T20:42:32.750 -2.07120000E-04 -5.39740000E-04  4.76960000E-04
2001-12-31T20:42:33.750  4.92420000E-04 -2.97250000E-04  4.88500000E-04
2001-12-31T20:42:34.750 -5.25510000E-04 -4.75290000E-04  1.20780000E-04
2001-12-31T20:42:35.750 -5.99980000E-05  3.11650000E-04  4.92080000E-04
2001-12-31T20:42:36.750 -2.43200000E-04 -2.92780000E-04  4.06710000E-04
2001-12-31T20:42:37.750  2.25040000E-04 -3.47930000E-04  6.13440000E-04
2001-12-31T20:42:38.750 -1.37040000E-04 -5.27210000E-04  2.63890000E-04
2001-12-31T20:42:39.750 -5.31420000E-05  1.02960000E-05  5.23590000E-04
2001-12-31T20:42:40.750 -3.38350000E-04 -1.54490000E-04  3.16730000E-04
2001-12-31T20:42:41.750 -1.34160000E-04  2.42420000E-05  3.66470000E-04
2001-12-31T20:42:42.750  1.23850000E-05 -4.25710000E-04  4.95280000E-04
2001-12-31T20:42:43.750  2.33660000E-04 -4.90720000E-04  3.05370000E-04
2001-12-31T20:42:44.750  1.51730000E-05 -3.12680000E-05  4.17860000E-04
2001-12-31T20:42:45.750 -4.57000000E-04 -2.72120000E-04  5.86570000E-04
2001-12-31T20:42:46.750  8.01280000E-05  1.87240000E-04  3.11380000E-04
2001-12-31T20:42:47.750 -2.79280000E-04 -6.27760000E-04  3.04160000E-04
2001-12-31T20:42:48.750  4.26660000E-04 -1.10510000E-04  3.04220000E-04
2001-12-31T20:42:49.750 -3.27240000E-04 -5.64610000E-04  2.46000000E-04
2001-12-31T20:42:50.750 -1.67200000E-05  4.13220000E-04  4.22160000E-04
2001-12-31T20:42:51.750 -6.72120000E-04 -5.40040000E-04  8.00490000E-04
2001-12-31T20:42:52.750  3.05700000E-04  7.87590000E-06  2.29440000E-04
2001-12-31T20:42:53.750 -1.38720000E-04 -9.32560000E-04  2.23330000E-04
2001-12-31T20:42:54.750  2.11580000E-04  1.19840000E-04  2.05990000E-04
2001-12-31T20:42:55.750 -6.56900000E-04 -3.26640000E-04  8.26650000E-04
2001-12-31T20:42:56.750  8.33350000E-05  2.30640000E-04  3.37070000E-04
2001-12-31T20:42:57.750 -2.70050000E-04 -7.98110000E-04  5.59610000E-04
2001-12-31T20:42:58.750  2.54930000E-04  8.91040000E-05  1.70030000E-04
2001-12-31T20:42:59.750 -2.11490000E-04 -6.64990000E-04  4.71400000E-04
2001-12-31T20:43:00.750 -1.75000000E-04  1.02690000E-04  6.65320000E-04
2001-12-31T20:43:01.750 -2.83840000E-04 -4.97500000E-04  4.88600000E-04
2001-12-31T20:43:02.750  3.48580000E-04 -1.64320000E-05  3.44710000E-04
2001-12-31T20:43:03.750 -2.42540000E-04 -6.73720000E-04  4.82850000E-04
2001-12-31T20:43:04.750  1.71320000E-04  4.87260000E-05  6.97560000E-04
2001-12-31T20:43:05.750 -5.09030000E-04 -1.19810000E-04  2.05840000E-04
2001-12-31T20:43:06.750 -1.67070000E-05 -8.94330000E-06  2.18460000E-04
2001-12-31T20:43:07.750 -2.09810000E-04 -7.35860000E-04  5.96310000E-04
2001-12-31T20:43:08.750  2.63140000E-04 -3.48090000E-04  3.85470000E-04
2001-12-31T20:43:09.750 -3.03280000E-04 -3.89120000E-04  5.90290000E-04
2001-12-31T20:43:10.750 -1.20140000E-04  3.04200000E-04  4.49700000E-04
2001-12-31T20:43:11.750 -2.86570000E-04 -8.82390000E-05  4.65160000E-04
2001-12-31T20:43:12.750  1.33050000E-04 -5.01770000E-04  5.37410000E-04
2001-12-31T20:43:13.750  1.26730000E-04 -4.14250000E-04  1.48340000E-04
2001-12-31T20:43:14.750 -1.88790000E-04 -2.65440000E-04  6.40490000E-04
2001-12-31T20:43:15.750 -3.75520000E-04 -7.81180000E-05  2.13330000E-04
2001-12-31T20:43:16.750 -1.87790000E-04 -6.12750000E-05  3.86860000E-04
2001-12-31T20:43:17.750  1.47890000E-04 -3.30430000E-04  3.58410000E-04
2001-12-31T20:43:18.750 -1.48730000E-04 -4.87300000E-04  7.81610000E-04
2001-12-31T20:43:19.750  1.01190000E-04 -1.44620000E-04  5.43010000E-04
2001-12-31T20:43:20.750 -5.34710000E-04 -1.83610000E-04  4.38180000E-04
2001-12-31T20:43:21.750 -2.89000000E-05  5.71370000E-05  1.30000000E-04
2001-12-31T20:43:22.750 -3.81150000E-04 -2.58250000E-04  9.02460000E-04
2001-12-31T20:43:23.750  4.09410000E-04 -3.29020000E-04  3.23880000E-04
2001-12-31T20:43:24.750 -2.50720000E-04 -6.88430000E-04  1.71650000E-04
2001-12-31T20:43:25.750  1.37450000E-04  2.37800000E-04  4.27790000E-04
2001-12-31T20:43:26.750 -6.45120000E-04 -3.21200000E-04  6.69080000E-04
2001-12-31T20:43:27.750  1.49900000E-04  1.05240000E-04  4.46000000E-04
2001-12-31T20:43:28.750 -1.25850000E-04 -7.42860000E-04  3.97610000E-04
2001-12-31T20:43:29.750  3.20770000E-04 -1.43320000E-04  1.27170000E-04
2001-12-31T20:43:30.750 -4.46910000E-04 -2.90130000E-04  4.33420000E-04
2001-12-31T20:43:31.750 -1.86100000E-04  2.39600000E-04  6.59650000E-04
2001-12-31T20:43:32.750 -2.98050000E-04 -2.30520000E-04  6.02720000E-04
2001-12-31T20:43:33.750  3.50360000E-04 -2.83680000E-04  1.52830000E-04
2001-12-31T20:43:34.750 -5.45780000E-05 -6.88000000E-04  7.41110000E-04
2001-12-31T20:43:35.750 -7.62440000E-05  1.52660000E-06  3.32950000E-04
2001-12-31T20:43:36.750 -5.60270000E-04 -2.18710000E-04  4.24520000E-04
2001-12-31T20:43:37.750  3.73340000E-05  7.71510000E-05  3.66240000E-04
2001-12-31T20:43:38.750 -1.30590000E-04 -5.27750000E-04  3.17190000E-04
2001-12-31T20:43:39.750  2.01150000E-04 -2.87820000E-04  6.16660000E-04
2001-12-31T20:43:40.750 -1.55850000E-05 -2.08700000E-04  1.79660000E-04
2001-12-31T20:43:41.750 -2.69720000E-04  1.13920000E-05  4.96400000E-04
2001-12-31T20:43:42.750 -4.65690000E-04 -2.18450000E-04  4.43510000E-04
2001-12-31T20:43:43.750  9.82080000E-05 -1.68390000E-04  5.61870000E-04
2001-12-31T20:43:44.750  1.63370000E-04 -3.27730000E-04  4.68770000E-04
2001-12-31T20:43:45.750 -2.35070000E-05 -5.28070000E-04  4.47820000E-04
2001-12-31T20:43:46.750 -1.58580000E-04  5.99750000E-05  4.44380000E-04
2001-12-31T20:43:47.750 -4.30290000E-04 -1.13710000E-04  1.56510000E-04
2001-12-31T20:43:48.750  9.76720000E-05  6.81790000E-05  4.83930000E-04
2001-12-31T20:43:49.750 -2.68140000E-04 -5.31690000E-04  7.00010000E-04
2001-12-31T20:43:50.750  3.67880000E-04 -3.45350000E-04  2.46280000E-04
2001-12-31T20:43:51.750 -3.67410000E-04 -1.86800000E-04  5.42160000E-04
2001-12-31T20:43:52.750 -6.71570000E-05  3.42560000E-04  4.52560000E-04
2001-12-31T20:43:53.750 -4.61380000E-04 -4.23120000E-04  2.33390000E-04
2001-12-31T20:43:54.750  4.22840000E-04  1.71950000E-05  2.27620000E-04
2001-12-31T20:43:55.750 -3.48740000E-04 -6.00130000E-04  6.23880000E-04
2001-12-31T20:43:56.750  3.64120000E-04 -2.25320000E-04  5.14810000E-04
2001-12-31T20:43:57.750 -4.50100000E-04 -7.20500000E-05  3.40440000E-04
2001-12-31T20:43:58.750 -2.33680000E-04  1.66620000E-04  4.00760000E-04
2001-12-31T20:43:59.750 -3.30640000E-04 -4.73070000E-04  5.77920000E-04
2001-12-31T20:44:00.750  2.07520000E-04 -1.75650000E-04  6.39150000E-04
2001-12-31T20:44:01.750  9.55080000E-06 -5.34360000E-04  3.06480000E-04
2001-12-31T20:44:02.750 -1.44600000E-04  1.80540000E-05  3.50840000E-04
2001-12-31T20:44:03.750 -1.39990000E-04  1.38620000E-04  5.88570000E-04
2001-12-31T20:44:04.750 -5.29390000E-04 -2.65820000E-04  7.02380000E-04
2001-12-31T20:44:05.750  2.88150000E-04  1.52840000E-05  2.37680000E-04
2001-12-31T20:44:06.750 -2.80750000E-04 -3.24600000E-04  3.39770000E-04
2001-12-31T20:44:07.750  3.52280000E-04 -3.55030000E-04  7.09460000E-04
2001-12-31T20:44:08.750 -4.77770000E-04 -1.50080000E-04  4.27220000E-04
2001-12-31T20:44:09.750  8.88620000E-05  2.92830000E-04  2.08370000E-04
2001-12-31T20:44:10.750 -7.42720000E-04 -3.65210000E-04  2.98100000E-04
2001-12-31T20:44:11.750  3.21840000E-04 -6.98450000E-05  6.21600000E-04
2001-12-31T20:44:12.750 -9.08820000E-05 -6.25910000E-04  2.52420000E-04
2001-12-31T20:44:13.750  2.30970000E-04 -1.37270000E-05  2.97590000E-04
2001-12-31T20:44:14.750 -5.35020000E-04 -2.78320000E-04  6.03890000E-04
2001-12-31T20:44:15.750 -1.68980000E-04  2.57180000E-04  6.41360000E-04
2001-12-31T20:44:16.750 -2.17770000E-04 -1.63890000E-04  1.81240000E-04
2001-12-31T20:44:17.750 -6.98870000E-05 -1.75090000E-04  2.93480000E-04
2001-12-31T20:44:18.750 -1.98110000E-04 -5.40180000E-04  4.12280000E-04
2001-12-31T20:44:19.750  7.03350000E-05 -2.39790000E-04  5.73340000E-04
2001-12-31T20:44:20.750 -6.62360000E-05  1.44370000E-04  6.21470000E-04
2001-12-31T20:44:21.750 -3.43340000E-04  1.04700000E-04  1.79180000E-04
2001-12-31T20:44:22.750 -3.38730000E-05  1.68100000E-04  1.32470000E-04
2001-12-31T20:44:23.750 -3.40520000E-04 -5.21390000E-04  3.67780000E-04
2001-12-31T20:44:24.750  2.58390000E-04 -2.07650000E-05  6.69570000E-04
2001-12-31T20:44:25.750 -2.55470000E-04 -4.76260000E-04  7.03680000E-04
2001-12-31T20:44:26.750  1.81150000E-04  1.98500000E-04 -1.17080000E-04
2001-12-31T20:44:27.750 -5.56750000E-04 -4.74980000E-05  8.61150000E-04
2001-12-31T20:44:28.750 -4.30080000E-05  3.28150000E-04  2.81150000E-04
2001-12-31T20:44:29.750 -2.89300000E-04 -9.64040000E-05  5.16010000E-04
2001-12-31T20:44:30.750  2.19150000E-05 -7.62430000E-05  1.73130000E-04
2001-12-31T20:44:31.750  1.55940000E-04 -3.81490000E-05  6.35560000E-04
2001-12-31T20:44:32.750 -2.50840000E-04 -3.88800000E-04  3.69150000E-04
2001-12-31T20:44:33.750  1.93150000E-04 -3.92200000E-06  3.99420000E-04
2001-12-31T20:44:34.750 -5.99510000E-04 -6.83390000E-05  6.11620000E-04
2001-12-31T20:44:35.750  6.97050000E-05  4.93470000E-04  3.72120000E-04
2001-12-31T20:44:36.750 -3.14500000E-04  8.85340000E-05  4.63310000E-04
2001-12-31T20:44:37.750 -1.75860000E-04  1.08370000E-04  4.68910000E-04
2001-12-31T20:44:38.750  8.55140000E-05  9.41850000E-05  4.24980000E-04
2001-12-31T20:44:39.750 -2.37470000E-04 -2.75360000E-04  5.27150000E-04
2001-12-31T20:44:40.750  5.10810000E-04  7.55680000E-05  2.68570000E-04
2001-12-31T20:44:41.750 -5.22930000E-04 -2.88070000E-04  4.29390000E-04
2001-12-31T20:44:42.750  5.08160000E-05  2.01470000E-04  7.11230000E-04
2001-12-31T20:44:43.750 -9.42060000E-05  2.93810000E-04  1.59770000E-05
2001-12-31T20:44:44.750 -4.16540000E-04  1.62560000E-04  5.34670000E-04
2001-12-31T20:44:45.750  3.37400000E-06  1.27280000E-04  5.97300000E-04
2001-12-31T20:44:46.750 -3.54930000E-04 -2.25700000E-05 -2.73120000E-04
2001-12-31T20:44:47.750  1.41710000E-04  1.07020000E-04  1.02960000E-03
2001-12-31T20:44:48.750 -1.51110000E-04  2.14440000E-04  5.37760000E-04
2001-12-31T20:44:49.750  1.50440000E-04 -2.49650000E-04  2.76140000E-04
2001-12-31T20:44:50.750 -3.89000000E-05  1.16990000E-04  2.46730000E-04
2001-12-31T20:44:51.750 -1.95260000E-05  2.72910000E-04  6.59450000E-04
2001-12-31T20:44:52.750 -2.06080000E-04  2.88740000E-04  2.92620000E-04
2001-12-31T20:44:53.750 -3.88820000E-04  2.20990000E-04  4.61090000E-04
2001-12-31T20:44:54.750 -1.62130000E-04  2.94830000E-04  6.06790000E-04
2001-12-31T20:44:55.750 -4.25070000E-05  4.58770000E-04  3.99670000E-04
2001-12-31T20:44:56.750 -2.71150000E-04  1.19750000E-04  4.51170000E-04
2001-12-31T20:44:57.750 -1.44880000E-04  4.70460000E-04  4.77970000E-04
2001-12-31T20:44:58.750 -8.97600000E-06  3.13390000E-04  2.26400000E-04
2001-12-31T20:44:59.750 -3.69900000E-04  5.49900000E-05  6.08560000E-04
2001-12-31T20:45:00.750 -3.46180000E-05  4.68710000E-04  3.68250000E-04
2001-12-31T20:45:01.750 -3.63060000E-05  1.20920000E-04 -3.18960000E-05
2001-12-31T20:45:02.750 -3.11380000E-04  8.71800000E-06  6.88620000E-04
2001-12-31T20:45:03.750 -3.34000000E-05  4.98260000E-04  6.16090000E-04
2001-12-31T20:45:04.750  1.44100000E-04  1.37000000E-04  4.88680000E-04
2001-12-31T20:45:05.750 -5.46600000E-05  3.49660000E-04  2.27850000E-04
2001-12-31T20:45:06.750  9.33380000E-05  3.21330000E-04  5.98640000E-04
2001-12-31T20:45:07.750 -3.61110000E-04  2.07290000E-04 -4.64770000E-06
2001-12-31T20:45:08.750 -5.36240000E-05  4.31180000E-04  7.46750000E-04
2001-12-31T20:45:09.750  9.94220000E-05  4.08430000E-04  4.81840000E-04
2001-12-31T20:45:10.750 -6.26810000E-04  3.29350000E-04  1.42780000E-04
2001-12-31T20:45:11.750  1.56190000E-04  5.11250000E-04  2.27370000E-04
2001-12-31T20:45:12.750 -8.53590000E-05  4.34100000E-04  7.63220000E-04
2001-12-31T20:45:13.750 -1.97010000E-04  3.63400000E-04  4.80160000E-04
2001-12-31T20:45:14.750  7.68200000E-05  4.02340000E-04  3.44530000E-04
2001-12-31T20:45:15.750 -1.96980000E-05  3.55670000E-04  5.28880000E-04
2001-12-31T20:45:16.750 -2.54110000E-04  5.82040000E-04  4.69650000E-04
2001-12-31T20:45:17.750 -7.95430000E-05  5.99210000E-04  2.14030000E-04
2001-12-31T20:45:18.750 -9.83520000E-05  7.55820000E-04  9.21860000E-04
2001-12-31T20:45:19.750 -2.94980000E-04  5.63150000E-04  1.12800000E-04
2001-12-31T20:45:20.750 -2.64650000E-05  5.58500000E-04  4.46600000E-04
2001-12-31T20:45:21.750 -1.60440000E-04  9.22120000E-04  6.85490000E-04
2001-12-31T20:45:22.750 -3.35090000E-04  7.13770000E-04  2.12960000E-05
2001-12-31T20:45:23.750 -2.04330000E-04  7.85830000E-04  7.34730000E-04
2001-12-31T20:45:24.750 -2.46150000E-04  1.00610000E-03  6.28130000E-04
2001-12-31T20:45:25.750 -4.88820000E-05  8.57670000E-04  3.70610000E-04
2001-12-31T20:45:26.750  4.49960000E-05  7.58780000E-04  9.28530000E-05
2001-12-31T20:45:27.750 -2.11490000E-04  6.40330000E-04  7.19780000E-04
2001-12-31T20:45:28.750 -1.24880000E-05  7.45500000E-04  2.53150000E-04
2001-12-31T20:45:29.750  1.33650000E-04  9.60780000E-04  7.86330000E-04
2001-12-31T20:45:30.750 -2.50090000E-04  1.35010000E-03  2.96000000E-04
2001-12-31T20:45:31.750 -3.78500000E-04  1.08920000E-03  7.10920000E-04
2001-12-31T20:45:32.750 -5.13510000E-04  1.09680000E-03  4.69350000E-04
2001-12-31T20:45:33.750  9.57280000E-05  9.43080000E-04  5.56230000E-04
2001-12-31T20:45:34.750  1.52320000E-04  7.52740000E-04  7.55610000E-04
2001-12-31T20:45:35.750 -1.21300000E-04  1.16850000E-03  2.37750000E-04
2001-12-31T20:45:36.750 -5.81980000E-05  1.09400000E-03  1.38340000E-04
2001-12-31T20:45:37.750 -1.94530000E-04  1.33910000E-03  5.72470000E-04
2001-12-31T20:45:38.750 -2.78860000E-04  1.01780000E-03  4.57600000E-04
2001-12-31T20:45:39.750 -5.00040000E-05  1.06430000E-03  5.58120000E-04
2001-12-31T20:45:40.750  2.26610000E-05  9.65570000E-04  3.13100000E-04
2001-12-31T20:45:41.750 -1.08830000E-04  9.34600000E-04  5.23970000E-04
2001-12-31T20:45:42.750 -3.17130000E-04  1.36990000E-03  6.17600000E-04
2001-12-31T20:45:43.750 -2.03330000E-04  1.35980000E-03  4.77120000E-04
2001-12-31T20:45:44.750 -8.29750000E-05  1.20740000E-03  7.97910000E-04
2001-12-31T20:45:45.750  6.95950000E-05  9.62690000E-04  3.99470000E-04
2001-12-31T20:45:46.750  1.08440000E-04  1.00990000E-03  3.50310000E-04
2001-12-31T20:45:47.750 -3.67030000E-04  1.52020000E-03  6.29050000E-04
2001-12-31T20:45:48.750 -3.20090000E-04  1.57070000E-03  1.60670000E-04
2001-12-31T20:45:49.750  2.12860000E-05  1.21820000E-03  1.05720000E-03
2001-12-31T20:45:50.750  7.82500000E-05  1.19340000E-03  2.12300000E-04
2001-12-31T20:45:51.750 -1.45200000E-04  1.67050000E-03  1.57890000E-04
2001-12-31T20:45:52.750 -2.94660000E-04  1.81350000E-03  2.67720000E-04
2001-12-31T20:45:53.750  8.92210000E-05  1.29840000E-03  5.89320000E-04
2001-12-31T20:45:54.750 -2.55760000E-05  1.51790000E-03  1.07670000E-03
2001-12-31T20:45:55.750 -3.94110000E-04  1.77250000E-03  4.75930000E-04
2001-12-31T20:45:56.750 -3.81960000E-05  1.49570000E-03  4.46750000E-04
2001-12-31T20:45:57.750  1.37270000E-04  1.58840000E-03  5.15510000E-04
2001-12-31T20:45:58.750 -2.97900000E-04  1.84730000E-03  3.40500000E-04
2001-12-31T20:45:59.750 -4.82970000E-05  1.68300000E-03  5.24510000E-04
2001-12-31T20:46:00.750 -8.16450000E-05  1.68190000E-03  8.39680000E-04
2001-12-31T20:46:01.750 -2.38790000E-04  2.06910000E-03  2.54750000E-04
2001-12-31T20:46:02.750  1.08170000E-04  1.85220000E-03  5.58170000E-04
2001-12-31T20:46:03.750 -2.84870000E-04  2.24650000E-03  6.35770000E-04
2001-12-31T20:46:04.750  1.78060000E-04  2.26120000E-03  6.31020000E-04
2001-12-31T20:46:05.750 -1.72020000E-04  1.80050000E-03  2.60860000E-04
2001-12-31T20:46:06.750 -4.14390000E-05  2.37520000E-03  5.32240000E-04
2001-12-31T20:46:07.750 -5.99900000E-05  2.21570000E-03  6.39720000E-04
2001-12-31T20:46:08.750 -4.30200000E-04  2.48470000E-03  4.39300000E-04
2001-12-31T20:46:09.750  8.11790000E-05  2.26920000E-03  7.16190000E-04
2001-12-31T20:46:10.750 -2.78860000E-04  2.54000000E-03  5.58390000E-04
2001-12-31T20:46:11.750  1.67960000E-04  2.87580000E-03  3.49600000E-04
2001-12-31T20:46:12.750  1.62020000E-05  2.61810000E-03  5.71360000E-04
2001-12-31T20:46:13.750 -3.21680000E-04  2.58060000E-03  7.01650000E-04
2001-12-31T20:46:14.750  5.76630000E-07  2.60330000E-03  3.82560000E-04
2001-12-31T20:46:15.750 -3.71400000E-04  2.50740000E-03  4.65990000E-04
2001-12-31T20:46:16.750 -1.64060000E-04  2.36280000E-03  5.62960000E-04
2001-12-31T20:46:17.750  2.14700000E-05  2.74120000E-03  7.13080000E-04
2001-12-31T20:46:18.750  2.47730000E-05  2.98350000E-03  8.63530000E-04
2001-12-31T20:46:19.750 -1.83270000E-04  2.87320000E-03  3.73880000E-04
2001-12-31T20:46:20.750 -3.55570000E-04  2.68270000E-03  7.91490000E-04
2001-12-31T20:46:21.750 -2.90050000E-05  3.13220000E-03  3.71110000E-04
2001-12-31T20:46:22.750 -9.14970000E-05  3.21490000E-03  6.28640000E-04
2001-12-31T20:46:23.750 -3.86360000E-04  3.18750000E-03  6.16280000E-04
2001-12-31T20:46:24.750 -3.89210000E-04  2.88200000E-03  4.68370000E-04
2001-12-31T20:46:25.750 -1.41960000E-04  3.43740000E-03  6.29390000E-04
2001-12-31T20:46:26.750 -1.21630000E-04  3.63420000E-03  5.52620000E-04
2001-12-31T20:46:27.750 -1.44330000E-05  3.32140000E-03  6.33230000E-04
2001-12-31T20:46:28.750 -2.62980000E-04  3.20150000E-03  5.24060000E-04
2001-12-31T20:46:29.750 -2.37440000E-04  3.48780000E-03  3.82580000E-04
2001-12-31T20:46:30.750 -4.36350000E-04  3.45400000E-03  9.89740000E-04
2001-12-31T20:46:31.750 -9.76130000E-05  3.77270000E-03  4.97840000E-04
2001-12-31T20:46:32.750 -1.19350000E-04  3.65520000E-03  4.39020000E-04
2001-12-31T20:46:33.750 -5.08830000E-05  3.49770000E-03  6.30170000E-04
2001-12-31T20:46:34.750 -2.46000000E-04  3.70090000E-03  6.58610000E-04
2001-12-31T20:46:35.750 -9.83920000E-05  3.83350000E-03  1.94720000E-04
2001-12-31T20:46:36.750 -2.97610000E-04  3.55780000E-03  3.41420000E-04
2001-12-31T20:46:37.750 -2.37660000E-04  3.73440000E-03  1.01810000E-03
2001-12-31T20:46:38.750 -1.04250000E-04  3.87600000E-03  6.73510000E-04
2001-12-31T20:46:39.750 -3.36820000E-04  3.98980000E-03  5.45930000E-04
2001-12-31T20:46:40.750 -9.22950000E-05  3.98190000E-03  7.70660000E-04
2001-12-31T20:46:41.750 -9.46990000E-05  3.70120000E-03  1.46460000E-04
2001-12-31T20:46:42.750 -7.72950000E-05  4.01530000E-03  3.78380000E-04
2001-12-31T20:46:43.750 -4.16760000E-04  4.09670000E-03  1.16370000E-03
2001-12-31T20:46:44.750  3.90900000E-05  4.23230000E-03  3.40670000E-04
2001-12-31T20:46:45.750 -4.47230000E-04  4.08130000E-03  8.60800000E-04
2001-12-31T20:46:46.750 -3.60380000E-04  4.38910000E-03  2.69090000E-04
2001-12-31T20:46:47.750 -2.12930000E-04  4.83520000E-03  4.74580000E-04
2001-12-31T20:46:48.750 -1.72900000E-04  4.66660000E-03  3.37680000E-04
2001-12-31T20:46:49.750 -2.60990000E-04  4.93090000E-03  8.91420000E-04
2001-12-31T20:46:50.750 -5.38940000E-05  4.68270000E-03  6.87250000E-04
2001-12-31T20:46:51.750 -4.19890000E-04  4.97300000E-03  3.07330000E-04
2001-12-31T20:46:52.750 -2.78170000E-04  4.94430000E-03  6.76890000E-04
2001-12-31T20:46:53.750  2.67820000E-05  5.03890000E-03  6.72220000E-04
2001-12-31T20:46:54.750 -4.62920000E-04  5.24410000E-03  5.59010000E-04
2001-12-31T20:46:55.750 -1.06050000E-04  5.37850000E-03  5.86700000E-04
2001-12-31T20:46:56.750 -4.10020000E-04  5.41200000E-03  8.57980000E-04
2001-12-31T20:46:57.750 -2.38460000E-04  5.65930000E-03  5.96600000E-04
2001-12-31T20:46:58.750  4.42820000E-05  5.75520000E-03  3.01500000E-04
2001-12-31T20:46:59.750 -6.47830000E-04  5.57280000E-03  5.05130000E-04
2001-12-31T20:47:00.750  5.52530000E-05  6.19310000E-03  7.31050000E-04
2001-12-31T20:47:01.750 -4.24010000E-04  5.86620000E-03  6.91500000E-04
2001-12-31T20:47:02.750 -1.47750000E-04  6.16510000E-03  5.58220000E-04
2001-12-31T20:47:03.750 -3.25150000E-04  6.11620000E-03  8.30190000E-04
2001-12-31T20:47:04.750  2.51140000E-04  7.06940000E-03  7.74160000E-04
2001-12-31T20:47:05.750 -8.48130000E-04  6.03070000E-03  2.55460000E-04
2001-12-31T20:47:06.750  3.78090000E-04  7.09800000E-03  8.72680000E-04
2001-12-31T20:47:07.750 -1.98620000E-04  7.26690000E-03  6.82090000E-04
2001-12-31T20:47:08.750 -1.07330000E-03  6.55460000E-03  4.43250000E-04
2001-12-31T20:47:09.750  1.87620000E-04  7.44000000E-03  6.12990000E-04
2001-12-31T20:47:10.750  2.45320000E-04  7.82940000E-03  5.59780000E-04
2001-12-31T20:47:11.750 -4.97400000E-04  7.14250000E-03  8.70600000E-04
2001-12-31T20:47:12.750 -8.36700000E-04  6.66820000E-03  6.86770000E-04
2001-12-31T20:47:13.750  1.10990000E-05  7.74380000E-03  3.68940000E-04
2001-12-31T20:47:14.750 -1.16970000E-04  8.27380000E-03  8.92600000E-04
2001-12-31T20:47:15.750 -2.16360000E-04  8.38870000E-03  6.41390000E-04
2001-12-31T20:47:16.750  1.42040000E-04  7.98050000E-03  4.80500000E-04
2001-12-31T20:47:17.750  1.90160000E-04  7.82200000E-03  5.35580000E-04
2001-12-31T20:47:18.750 -5.68670000E-05  8.10100000E-03  1.11770000E-03
2001-12-31T20:47:19.750 -3.22690000E-04  7.93580000E-03  5.00340000E-04
2001-12-31T20:47:20.750 -7.40070000E-04  7.02150000E-03  6.14570000E-04
2001-12-31T20:47:21.750 -4.23260000E-04  7.39440000E-03  6.46710000E-04
2001-12-31T20:47:22.750 -3.34980000E-05  8.23360000E-03  4.81200000E-04
2001-12-31T20:47:23.750 -3.45520000E-04  9.13520000E-03  6.09590000E-04
2001-12-31T20:47:24.750 -7.37410000E-07  8.73750000E-03  7.54980000E-04
2001-12-31T20:47:25.750 -3.49840000E-04  7.23880000E-03  9.99100000E-04
2001-12-31T20:47:26.750  1.63610000E-04  7.88570000E-03  7.51530000E-04
2001-12-31T20:47:27.750  1.00390000E-04  7.96420000E-03  3.75910000E-04
2001-12-31T20:47:28.750 -2.30660000E-04  8.40850000E-03  9.06880000E-04
2001-12-31T20:47:29.750 -4.46220000E-04  8.67840000E-03  6.02800000E-04
2001-12-31T20:47:30.750 -9.85060000E-05  8.24630000E-03  5.27320000E-04
2001-12-31T20:47:31.750  5.37240000E-05  8.08140000E-03  1.04500000E-03
2001-12-31T20:47:32.750 -8.46840000E-04  9.34160000E-03  6.53310000E-04
2001-12-31T20:47:33.750 -2.15530000E-04  1.03650000E-02  7.00510000E-04
2001-12-31T20:47:34.750 -1.23810000E-04  1.03060000E-02  5.01800000E-04
2001-12-31T20:47:35.750 -5.74580000E-04  9.94480000E-03  1.02690000E-03
2001-12-31T20:47:36.750 -8.12940000E-05  1.09650000E-02  7.77960000E-04
2001-12-31T20:47:37.750 -4.90070000E-04  1.06000000E-02  5.49220000E-04
2001-12-31T20:47:38.750 -2.08550000E-04  1.13730000E-02  1.20500000E-03
2001-12-31T20:47:39.750 -4.04910000E-04  1.12960000E-02  5.66610000E-04
2001-12-31T20:47:40.750 -4.24930000E-04  1.04270000E-02  9.02290000E-04
2001-12-31T20:47:41.750 -3.76450000E-04  1.13660000E-02  6.93190000E-04
2001-12-31T20:47:42.750 -2.38950000E-04  1.07980000E-02  8.30900000E-04
2001-12-31T20:47:43.750 -4.61420000E-04  1.19990000E-02  9.92560000E-04
2001-12-31T20:47:44.750 -3.29550000E-04  1.15780000E-02  1.04240000E-03
2001-12-31T20:47:45.750 -4.20540000E-04  1.16780000E-02  4.19630000E-04
2001-12-31T20:47:46.750 -1.76910000E-04  1.08680000E-02  9.05860000E-04
2001-12-31T20:47:47.750 -4.52910000E-04  1.15630000E-02  8.87350000E-04
2001-12-31T20:47:48.750 -2.85890000E-04  1.04240000E-02  5.96020000E-04
2001-12-31T20:47:49.750 -1.14500000E-04  1.11510000E-02  8.95360000E-04
2001-12-31T20:47:50.750 -7.61110000E-04  1.08320000E-02  9.41330000E-04
2001-12-31T20:47:51.750  1.79320000E-04  1.10170000E-02  7.15170000E-04
2001-12-31T20:47:52.750 -4.99870000E-04  1.12930000E-02  6.19150000E-04
2001-12-31T20:47:53.750 -3.56800000E-04  1.05800000E-02  1.12970000E-03
2001-12-31T20:47:54.750 -2.83380000E-04  1.08200000E-02  5.28010000E-04
2001-12-31T20:47:55.750 -5.49880000E-04  1.11370000E-02  7.83890000E-04
2001-12-31T20:47:56.750  1.50130000E-04  1.10610000E-02  8.37030000E-04
2001-12-31T20:47:57.750 -3.82620000E-04  1.17860000E-02  7.70160000E-04
2001-12-31T20:47:58.750 -3.69550000E-04  1.14250000E-02  3.67450000E-04
2001-12-31T20:47:59.750 -2.60400000E-04  1.17120000E-02  9.18340000E-04
2001-12-31T20:48:00.750 -1.95300000E-04  1.16950000E-02  1.05730000E-03
2001-12-31T20:48:01.750 -1.77930000E-04  1.21960000E-02  5.90730000E-04
2001-12-31T20:48:02.750 -4.34600000E-04  1.22830000E-02  8.01510000E-04
2001-12-31T20:48:03.750 -1.20510000E-04  1.27910000E-02  6.50990000E-04
2001-12-31T20:48:04.750 -2.49980000E-04  1.28220000E-02  7.54510000E-04
2001-12-31T20:48:05.750 -1.78160000E-04  1.34910000E-02  6.26400000E-04
2001-12-31T20:48:06.750 -1.85290000E-04  1.35520000E-02  9.37640000E-04
2001-12-31T20:48:07.750 -3.35580000E-04  1.37550000E-02  9.48290000E-04
2001-12-31T20:48:08.750 -2.97950000E-04  1.39720000E-02  5.58930000E-04
2001-12-31T20:48:09.750 -3.80170000E-04  1.39980000E-02  9.47740000E-04
2001-12-31T20:48:10.750 -1.15450000E-04  1.38060000E-02  5.22380000E-04
2001-12-31T20:48:11.750 -1.29990000E-04  1.39890000E-02  6.96790000E-04
2001-12-31T20:48:12.750 -4.31290000E-04  1.42820000E-02  6.54160000E-04
2001-12-31T20:48:13.750 -4.08900000E-04  1.36920000E-02  8.81540000E-04
2001-12-31T20:48:14.750 -2.34760000E-04  1.40250000E-02  9.25690000E-04
2001-12-31T20:48:15.750 -2.90420000E-04  1.40350000E-02  8.26810000E-04
2001-12-31T20:48:16.750 -4.46020000E-04  1.43730000E-02  7.68380000E-04
2001-12-31T20:48:17.750 -1.27000000E-04  1.44200000E-02  7.05950000E-04
2001-12-31T20:48:18.750 -2.01980000E-04  1.46630000E-02  6.83580000E-04
2001-12-31T20:48:19.750 -6.08610000E-04  1.52600000E-02  6.47560000E-04
2001-12-31T20:48:20.750 -3.61690000E-04  1.47140000E-02  6.80560000E-04
2001-12-31T20:48:21.750 -1.80190000E-04  1.47090000E-02  1.09700000E-03
2001-12-31T20:48:22.750 -7.62760000E-04  1.45780000E-02  6.68140000E-04
2001-12-31T20:48:23.750 -2.56830000E-04  1.50700000E-02  7.99080000E-04
2001-12-31T20:48:24.750 -8.58480000E-04  1.58150000E-02  8.51760000E-04
2001-12-31T20:48:25.750 -2.52980000E-04  1.55010000E-02  9.84560000E-04
2001-12-31T20:48:26.750 -6.32970000E-04  1.56080000E-02  9.12290000E-04
2001-12-31T20:48:27.750 -5.20550000E-04  1.61070000E-02  8.78200000E-04
2001-12-31T20:48:28.750 -4.10830000E-04  1.58340000E-02  5.45250000E-04
2001-12-31T20:48:29.750 -4.65700000E-04  1.53320000E-02  1.01580000E-03
2001-12-31T20:48:30.750 -5.67950000E-04  1.49520000E-02  8.92260000E-04
2001-12-31T20:48:31.750 -5.47030000E-04  1.53690000E-02  8.22900000E-04
2001-12-31T20:48:32.750 -3.61910000E-04  1.54120000E-02  6.86440000E-04
2001-12-31T20:48:33.750 -4.00630000E-04  1.51130000E-02  7.45160000E-04
2001-12-31T20:48:34.750 -4.42840000E-04  1.52200000E-02  1.04020000E-03
2001-12-31T20:48:35.750 -3.36190000E-04  1.57350000E-02  8.07240000E-04
2001-12-31T20:48:36.750 -5.64300000E-04  1.55370000E-02  8.82500000E-04
2001-12-31T20:48:37.750 -1.52150000E-05  1.62600000E-02  1.03320000E-03
2001-12-31T20:48:38.750 -2.65070000E-04  1.64920000E-02  4.38130000E-04
2001-12-31T20:48:39.750 -7.52210000E-04  1.65050000E-02  1.36420000E-03
2001-12-31T20:48:40.750  4.74550000E-04  1.74020000E-02  8.85840000E-04
2001-12-31T20:48:41.750 -8.45470000E-04  1.66620000E-02  6.63600000E-04
2001-12-31T20:48:42.750  9.44830000E-05  1.72970000E-02  7.59100000E-04
2001-12-31T20:48:43.750 -8.13630000E-04  1.70750000E-02  1.27630000E-03
2001-12-31T20:48:44.750 -2.30490000E-04  1.83590000E-02  7.95840000E-04
2001-12-31T20:48:45.750  3.13570000E-04  1.84610000E-02  8.90420000E-04
2001-12-31T20:48:46.750 -5.94960000E-05  1.83510000E-02  6.51320000E-04
2001-12-31T20:48:47.750 -8.66240000E-04  1.79610000E-02  9.87390000E-04
2001-12-31T20:48:48.750 -4.50030000E-04  1.83940000E-02  8.98540000E-04
2001-12-31T20:48:49.750 -1.05760000E-04  1.90910000E-02  8.32470000E-04
2001-12-31T20:48:50.750 -4.05500000E-04  1.90600000E-02  9.90820000E-04
2001-12-31T20:48:51.750 -4.16290000E-04  1.87290000E-02  8.82500000E-04
2001-12-31T20:48:52.750  1.62010000E-04  1.96560000E-02  1.18040000E-03
2001-12-31T20:48:53.750 -1.65600000E-04  1.91540000E-02  8.10140000E-04
2001-12-31T20:48:54.750 -3.30950000E-04  1.94660000E-02  6.99060000E-04
2001-12-31T20:48:55.750 -5.08920000E-04  1.95390000E-02  9.35820000E-04
2001-12-31T20:48:56.750 -4.94390000E-04  1.97270000E-02  1.12260000E-03
2001-12-31T20:48:57.750 -6.80460000E-04  1.98830000E-02  5.88190000E-04
2001-12-31T20:48:58.750 -7.67130000E-04  1.99870000E-02  1.15960000E-03
2001-12-31T20:48:59.750 -2.07960000E-04  1.93490000E-02  6.11310000E-04
2001-12-31T20:49:00.750 -2.07830000E-04  1.92190000E-02  8.90000000E-04
2001-12-31T20:49:01.750 -6.69700000E-04  1.83620000E-02  8.51920000E-04
2001-12-31T20:49:02.750 -9.33420000E-04  1.80100000E-02  1.09440000E-03
2001-12-31T20:49:03.750 -4.35840000E-04  1.80880000E-02  6.85290000E-04
2001-12-31T20:49:04.750  5.79710000E-05  1.89300000E-02  6.03360000E-04
2001-12-31T20:49:05.750 -6.34070000E-04  1.98460000E-02  1.11510000E-03
2001-12-31T20:49:06.750 -6.87840000E-04  1.99220000E-02  7.16220000E-04
2001-12-31T20:49:07.750 -4.04970000E-04  1.84740000E-02  1.05140000E-03
2001-12-31T20:49:08.750 -1.16590000E-03  1.72200000E-02  6.85540000E-04
2001-12-31T20:49:09.750 -3.92100000E-04  1.66280000E-02  7.16650000E-04
2001-12-31T20:49:10.750 -3.04760000E-04  1.72290000E-02  7.48520000E-04
2001-12-31T20:49:11.750 -7.44780000E-04  1.72870000E-02  9.94710000E-04
2001-12-31T20:49:12.750 -7.16180000E-04  1.75970000E-02  8.51330000E-04
2001-12-31T20:49:13.750  2.47270000E-04  1.82840000E-02  4.81070000E-04
2001-12-31T20:49:14.750 -9.12090000E-04  1.74110000E-02  1.16990000E-03
2001-12-31T20:49:15.750 -2.96860000E-04  1.90390000E-02  8.13350000E-04
2001-12-31T20:49:16.750 -3.58210000E-04  1.80710000E-02  7.58970000E-04
2001-12-31T20:49:17.750 -1.09830000E-04  1.78910000E-02  1.07410000E-03
2001-12-31T20:49:18.750  3.83100000E-05  1.75120000E-02  9.25540000E-04
2001-12-31T20:49:19.750 -6.64980000E-04  1.70200000E-02  1.08730000E-03
2001-12-31T20:49:20.750 -2.18330000E-05  1.73700000E-02  8.53120000E-04
2001-12-31T20:49:21.750 -5.53440000E-04  1.67800000E-02  3.94180000E-04
2001-12-31T20:49:22.750 -3.95360000E-05  1.67690000E-02  9.32610000E-04
2001-12-31T20:49:23.750 -4.06650000E-04  1.67920000E-02  1.14080000E-03
2001-12-31T20:49:24.750 -1.65410000E-04  1.64940000E-02  1.02690000E-03
2001-12-31T20:49:25.750  1.66510000E-04  1.63260000E-02  7.88170000E-04
2001-12-31T20:49:26.750 -4.06310000E-04  1.51770000E-02  1.02380000E-03
2001-12-31T20:49:27.750 -5.10200000E-04  1.53920000E-02  7.10390000E-04
2001-12-31T20:49:28.750  3.11900000E-05  1.54320000E-02  4.11570000E-04
2001-12-31T20:49:29.750 -1.51830000E-05  1.55100000E-02  8.79870000E-04
2001-12-31T20:49:30.750 -1.61700000E-04  1.50460000E-02  1.11930000E-03
2001-12-31T20:49:31.750 -5.36770000E-04  1.41510000E-02  6.75450000E-04
2001-12-31T20:49:32.750 -2.93710000E-04  1.38080000E-02  6.76980000E-04
2001-12-31T20:49:33.750 -3.43040000E-04  1.39910000E-02  8.34620000E-04
2001-12-31T20:49:34.750 -2.87410000E-04  1.38680000E-02  1.02520000E-03
2001-12-31T20:49:35.750 -5.28680000E-04  1.35310000E-02  4.41070000E-04
2001-12-31T20:49:36.750 -5.66740000E-04  1.29980000E-02  1.02140000E-03
2001-12-31T20:49:37.750 -1.84480000E-04  1.29010000E-02  7.30930000E-04
2001-12-31T20:49:38.750 -6.49940000E-04  1.22530000E-02  6.01770000E-04
2001-12-31T20:49:39.750 -2.48020000E-04  1.21370000E-02  1.04170000E-03
2001-12-31T20:49:40.750 -3.08040000E-04  1.21800000E-02  7.18130000E-04
2001-12-31T20:49:41.750 -3.59900000E-04  1.15030000E-02  2.25540000E-04
2001-12-31T20:49:42.750 -5.21820000E-04  1.17580000E-02  9.99270000E-04
2001-12-31T20:49:43.750 -3.75700000E-04  1.17790000E-02  4.07440000E-04
2001-12-31T20:49:44.750 -2.09770000E-04  1.08900000E-02  8.86550000E-04
2001-12-31T20:49:45.750 -2.98820000E-04  1.11400000E-02  9.45200000E-04
2001-12-31T20:49:46.750 -9.16950000E-04  1.05780000E-02  5.99610000E-04
2001-12-31T20:49:47.750  2.10340000E-04  1.08550000E-02  6.08440000E-04
2001-12-31T20:49:48.750 -7.47700000E-04  1.12570000E-02  9.12790000E-04
2001-12-31T20:49:49.750 -2.66350000E-04  1.07370000E-02  4.55190000E-04
2001-12-31T20:49:50.750 -2.38460000E-04  1.04070000E-02  6.88670000E-04
2001-12-31T20:49:51.750 -5.15550000E-04  1.09690000E-02  8.28370000E-04
2001-12-31T20:49:52.750 -5.65410000E-04  9.99970000E-03  5.90710000E-04
2001-12-31T20:49:53.750  1.29420000E-04  1.03740000E-02  8.22450000E-04
2001-12-31T20:49:54.750 -3.59820000E-04  9.51240000E-03  9.23200000E-04
2001-12-31T20:49:55.750 -6.41960000E-04  9.65860000E-03  5.24750000E-04
2001-12-31T20:49:56.750  3.57180000E-04  1.04000000E-02  5.17000000E-04
2001-12-31T20:49:57.750 -3.75960000E-04  9.50440000E-03  7.75190000E-04
2001-12-31T20:49:58.750 -5.69470000E-04  8.87200000E-03  1.12410000E-03
2001-12-31T20:49:59.750 -1.58350000E-04  9.56180000E-03  1.76720000E-04
2001-12-31T20:50:00.750  2.00940000E-04  1.01450000E-02  9.56520000E-04
2001-12-31T20:50:01.750 -6.17720000E-04  1.00240000E-02  5.51410000E-04
2001-12-31T20:50:02.750 -1.41150000E-04  1.09830000E-02  4.09260000E-04
2001-12-31T20:50:03.750 -5.25090000E-04  9.94990000E-03  8.43430000E-04
2001-12-31T20:50:04.750 -2.57250000E-04  9.78550000E-03  9.27570000E-04
2001-12-31T20:50:05.750  3.78630000E-04  1.02360000E-02  2.23940000E-04
2001-12-31T20:50:06.750 -5.33360000E-04  9.76610000E-03  7.70780000E-04
2001-12-31T20:50:07.750  3.81990000E-04  1.01320000E-02  7.83090000E-04
2001-12-31T20:50:08.750 -1.83390000E-05  9.26380000E-03  5.96010000E-04
2001-12-31T20:50:09.750 -7.28440000E-04  9.21330000E-03  8.49220000E-04
2001-12-31T20:50:10.750 -3.19280000E-04  9.70140000E-03  6.56200000E-04
2001-12-31T20:50:11.750  4.21240000E-04  9.59910000E-03  9.33810000E-04
2001-12-31T20:50:12.750  5.21170000E-05  8.70850000E-03  6.23590000E-04
2001-12-31T20:50:13.750 -3.36290000E-05  8.45410000E-03  4.22720000E-04
2001-12-31T20:50:14.750 -4.11090000E-05  8.06310000E-03  7.59320000E-04
2001-12-31T20:50:15.750 -3.64230000E-04  7.60690000E-03  6.28740000E-04
2001-12-31T20:50:16.750 -5.90550000E-04  6.75980000E-03  8.34880000E-04
2001-12-31T20:50:17.750 -1.77180000E-04  7.56080000E-03  6.54210000E-04
2001-12-31T20:50:18.750  2.79510000E-04  7.35840000E-03  5.19090000E-04
2001-12-31T20:50:19.750  3.71860000E-05  7.00040000E-03  4.02490000E-04
2001-12-31T20:50:20.750 -6.58210000E-04  6.82840000E-03  8.38930000E-04
2001-12-31T20:50:21.750  1.86380000E-04  6.89710000E-03  7.82100000E-04
2001-12-31T20:50:22.750  2.09960000E-04  7.23250000E-03  5.93540000E-04
2001-12-31T20:50:23.750 -9.15930000E-04  6.24610000E-03  4.93490000E-04
2001-12-31T20:50:24.750 -1.23340000E-04  7.57350000E-03  4.88910000E-04
2001-12-31T20:50:25.750  1.32650000E-04  7.97410000E-03  7.82380000E-04
2001-12-31T20:50:26.750 -2.67700000E-04  6.73610000E-03  4.11020000E-04
2001-12-31T20:50:27.750 -5.88390000E-04  6.35300000E-03  9.72520000E-04
2001-12-31T20:50:28.750 -1.62750000E-05  8.05940000E-03  7.11510000E-04
2001-12-31T20:50:29.750 -2.46480000E-05  8.18560000E-03  4.57340000E-04
2001-12-31T20:50:30.750 -4.62640000E-04  7.71430000E-03  6.32920000E-04
2001-12-31T20:50:31.750 -8.05340000E-04  6.25300000E-03  5.66370000E-04
2001-12-31T20:50:32.750  2.18000000E-04  7.36240000E-03  6.24810000E-04
2001-12-31T20:50:33.750 -1.44140000E-04  7.44480000E-03  8.40490000E-04
2001-12-31T20:50:34.750 -7.14100000E-04  6.16000000E-03  5.57830000E-04
2001-12-31T20:50:35.750  1.19280000E-04  6.97090000E-03  1.08480000E-03
2001-12-31T20:50:36.750 -6.52510000E-04  6.01500000E-03  1.89260000E-04
2001-12-31T20:50:37.750 -8.28570000E-05  6.62620000E-03  6.36720000E-04
2001-12-31T20:50:38.750 -5.87920000E-04  6.71110000E-03  9.18980000E-04
2001-12-31T20:50:39.750 -1.57350000E-04  7.03170000E-03  4.93780000E-04
2001-12-31T20:50:40.750 -2.01170000E-04  7.06690000E-03  5.31620000E-04
2001-12-31T20:50:41.750 -4.94260000E-04  6.48640000E-03  8.64690000E-04
2001-12-31T20:50:42.750 -3.89680000E-04  7.86820000E-03  3.63900000E-04
2001-12-31T20:50:43.750 -1.06390000E-04  8.25350000E-03  7.90910000E-04
2001-12-31T20:50:44.750 -1.06640000E-05  8.10760000E-03  8.68340000E-04
2001-12-31T20:50:45.750 -7.70560000E-04  6.79980000E-03  7.20260000E-04
2001-12-31T20:50:46.750 -1.08900000E-04  6.26150000E-03  6.85990000E-04
2001-12-31T20:50:47.750 -3.28470000E-04  5.77500000E-03  2.41170000E-04
2001-12-31T20:50:48.750  1.17530000E-05  6.60340000E-03  7.32280000E-04
2001-12-31T20:50:49.750 -5.27700000E-04  5.51490000E-03  8.32760000E-04
2001-12-31T20:50:50.750 -1.43810000E-04  5.02760000E-03  4.37110000E-04
2001-12-31T20:50:51.750 -2.97150000E-04  4.99410000E-03  5.97890000E-04
2001-12-31T20:50:52.750 -2.21870000E-04  5.05320000E-03  6.72790000E-04
2001-12-31T20:50:53.750 -1.23770000E-04  5.08680000E-03  4.18780000E-04
2001-12-31T20:50:54.750 -2.25830000E-05  5.04400000E-03  7.81020000E-04
2001-12-31T20:50:55.750 -3.80410000E-04  4.82970000E-03  5.01120000E-04
2001-12-31T20:50:56.750 -2.25750000E-04  5.00610000E-03  3.91080000E-04
2001-12-31T20:50:57.750 -2.24600000E-04  4.74110000E-03  5.83870000E-04
2001-12-31T20:50:58.750 -2.79590000E-04  4.37920000E-03  8.61700000E-04
2001-12-31T20:50:59.750 -1.88940000E-04  4.47580000E-03  6.35310000E-04
2001-12-31T20:51:00.750  2.62430000E-05  4.23970000E-03  7.73710000E-04
2001-12-31T20:51:01.750 -2.23960000E-04  4.31580000E-03  4.76810000E-04
2001-12-31T20:51:02.750 -2.39460000E-05  4.41870000E-03  4.54450000E-04
2001-12-31T20:51:03.750 -2.23270000E-04  4.03950000E-03  5.10220000E-04
2001-12-31T20:51:04.750 -9.95170000E-05  3.84550000E-03  4.75840000E-04
2001-12-31T20:51:05.750 -6.70190000E-05  4.15310000E-03  5.40150000E-04
2001-12-31T20:51:06.750 -1.71520000E-04  3.57080000E-03  1.21120000E-03
2001-12-31T20:51:07.750 -2.41130000E-04  3.30500000E-03 -5.59220000E-05
2001-12-31T20:51:08.750 -5.27490000E-05  3.39540000E-03  7.07420000E-04
2001-12-31T20:51:09.750 -4.37380000E-06  3.36070000E-03  6.80850000E-04
2001-12-31T20:51:10.750 -2.48220000E-04  3.22860000E-03  4.83810000E-04
2001-12-31T20:51:11.750 -2.11980000E-04  3.45420000E-03  3.86250000E-04
2001-12-31T20:51:12.750  2.57910000E-05  3.16450000E-03  6.82700000E-04
2001-12-31T20:51:13.750 -2.47100000E-04  2.84230000E-03  1.05010000E-04
2001-12-31T20:51:14.750 -6.80600000E-06  2.73280000E-03  8.31820000E-04
2001-12-31T20:51:15.750 -1.92150000E-04  2.61850000E-03  6.01230000E-04
2001-12-31T20:51:16.750 -2.22440000E-04  2.91770000E-03  2.76160000E-04
2001-12-31T20:51:17.750 -2.80150000E-05  2.60710000E-03  6.66960000E-04
2001-12-31T20:51:18.750 -2.38740000E-05  3.04230000E-03  4.64640000E-04
2001-12-31T20:51:19.750 -2.78870000E-04  2.40260000E-03  3.91560000E-04
2001-12-31T20:51:20.750 -3.05530000E-04  2.01160000E-03  8.17350000E-04
2001-12-31T20:51:21.750 -2.97210000E-05  2.40550000E-03  2.59200000E-04
2001-12-31T20:51:22.750 -2.44040000E-05  2.12110000E-03  6.68470000E-04
2001-12-31T20:51:23.750 -1.77280000E-04  1.82080000E-03  4.47870000E-04
2001-12-31T20:51:24.750 -2.80140000E-04  2.65100000E-03  4.93080000E-04
2001-12-31T20:51:25.750  3.21000000E-04  2.18030000E-03  5.77660000E-04
2001-12-31T20:51:26.750 -3.65940000E-04  2.25660000E-03  6.33650000E-04
2001-12-31T20:51:27.750  2.59050000E-04  1.78940000E-03  5.15430000E-04
2001-12-31T20:51:28.750 -5.17530000E-04  2.27130000E-03  5.18910000E-04
2001-12-31T20:51:29.750  2.11220000E-04  1.93010000E-03  4.90480000E-04
2001-12-31T20:51:30.750 -2.89080000E-04  2.25130000E-03  5.95630000E-04
2001-12-31T20:51:31.750 -1.03190000E-04  1.96360000E-03  3.48280000E-04
2001-12-31T20:51:32.750  1.95380000E-04  1.94990000E-03  6.17930000E-04
2001-12-31T20:51:33.750 -2.58680000E-04  2.26460000E-03  5.50290000E-04
2001-12-31T20:51:34.750 -5.54210000E-05  1.61480000E-03  3.40090000E-04
2001-12-31T20:51:35.750 -6.66100000E-05  2.40020000E-03  4.73990000E-04
2001-12-31T20:51:36.750 -3.38660000E-04  1.84550000E-03  9.83900000E-04
2001-12-31T20:51:37.750  1.84840000E-05  1.94980000E-03  3.40170000E-04
2001-12-31T20:51:38.750 -4.11440000E-04  2.01430000E-03  5.12900000E-04
2001-12-31T20:51:39.750  3.73580000E-04  1.70040000E-03  4.52810000E-04
2001-12-31T20:51:40.750 -6.33040000E-04  2.10180000E-03  4.81290000E-04
2001-12-31T20:51:41.750  3.84310000E-04  2.00640000E-03  4.68900000E-04
2001-12-31T20:51:42.750 -8.99360000E-05  1.66680000E-03  6.05670000E-04
2001-12-31T20:51:43.750 -4.46600000E-04  2.20240000E-03  4.60880000E-04
2001-12-31T20:51:44.750  1.40290000E-04  1.45060000E-03  2.45110000E-04
2001-12-31T20:51:45.750 -1.86790000E-04  1.93250000E-03  7.92980000E-04
2001-12-31T20:51:46.750 -2.93260000E-04  1.96950000E-03  3.69280000E-04
2001-12-31T20:51:47.750  2.70810000E-04  1.42340000E-03  5.74570000E-04
2001-12-31T20:51:48.750 -3.02790000E-04  2.32530000E-03  6.89780000E-04
2001-12-31T20:51:49.750 -1.79500000E-04  1.60960000E-03  3.01160000E-04
2001-12-31T20:51:50.750  3.15190000E-05  1.23760000E-03  4.94880000E-04
2001-12-31T20:51:51.750 -1.85530000E-04  1.90760000E-03  5.07470000E-04
2001-12-31T20:51:52.750 -4.89230000E-04  1.48600000E-03  2.35580000E-04
2001-12-31T20:51:53.750  5.61040000E-05  1.19370000E-03  7.00610000E-04
2001-12-31T20:51:54.750 -1.81120000E-04  1.60490000E-03  7.98160000E-04
2001-12-31T20:51:55.750 -3.73810000E-04  1.82470000E-03  1.80870000E-04
2001-12-31T20:51:56.750 -6.81800000E-05  1.25970000E-03  5.59980000E-04
2001-12-31T20:51:57.750  2.38780000E-04  1.09220000E-03  5.93110000E-04
2001-12-31T20:51:58.750 -5.14280000E-04  1.76810000E-03  6.81700000E-04
2001-12-31T20:51:59.750 -4.65990000E-04  1.44300000E-03  3.28370000E-04
2001-12-31T20:52:00.750 -1.81380000E-05  1.01600000E-03  2.26040000E-04
2001-12-31T20:52:01.750  6.73200000E-05  1.00970000E-03  8.86400000E-04
2001-12-31T20:52:02.750 -2.72900000E-04  1.26050000E-03  4.09740000E-04
2001-12-31T20:52:03.750 -8.50130000E-05  1.32850000E-03  4.75310000E-04
2001-12-31T20:52:04.750 -5.59730000E-04  1.17850000E-03  4.19960000E-04
2001-12-31T20:52:05.750 -1.49040000E-04  6.61140000E-04  5.21810000E-04
2001-12-31T20:52:06.750  1.92120000E-04  9.56830000E-04  4.17080000E-04
2001-12-31T20:52:07.750 -3.27940000E-05  8.06880000E-04  5.14890000E-04
2001-12-31T20:52:08.750 -1.96730000E-04  1.19090000E-03  6.19630000E-04
2001-12-31T20:52:09.750 -3.90480000E-04  1.29600000E-03  5.79090000E-04
2001-12-31T20:52:10.750 -5.28090000E-04  1.10630000E-03  5.94920000E-04
2001-12-31T20:52:11.750 -1.66930000E-04  9.62010000E-04  3.34720000E-04
2001-12-31T20:52:12.750  9.15280000E-05  7.90720000E-04  6.39800000E-04
2001-12-31T20:52:13.750 -8.72690000E-06  6.87610000E-04  1.91670000E-04
2001-12-31T20:52:14.750 -6.85780000E-05  6.87210000E-04  5.42110000E-04
2001-12-31T20:52:15.750 -1.66470000E-04  9.86410000E-04  7.09960000E-04
2001-12-31T20:52:16.750 -2.51960000E-04  1.11240000E-03  3.57640000E-04
2001-12-31T20:52:17.750 -2.93430000E-04  8.31640000E-04  5.11740000E-04
2001-12-31T20:52:18.750 -3.64170000E-04  8.86060000E-04  3.30070000E-04
2001-12-31T20:52:19.750 -2.02310000E-04  8.47450000E-04  1.61770000E-04
2001-12-31T20:52:20.750 -1.63980000E-04  6.59400000E-04  9.72430000E-04
2001-12-31T20:52:21.750  1.45860000E-05  8.24160000E-04  3.08200000E-04
2001-12-31T20:52:22.750 -1.27180000E-04  5.05950000E-04  6.10270000E-04
2001-12-31T20:52:23.750 -2.43530000E-05  6.44810000E-04  7.31720000E-05
2001-12-31T20:52:24.750 -1.15540000E-04  6.45630000E-04  5.56790000E-04
2001-12-31T20:52:25.750 -1.17250000E-04  7.32420000E-04  3.07000000E-04
2001-12-31T20:52:26.750 -1.14380000E-04  6.51540000E-04  7.78920000E-04
2001-12-31T20:52:27.750 -3.56620000E-04  8.21230000E-04  3.54550000E-04
2001-12-31T20:52:28.750 -2.00680000E-04  7.09020000E-04  4.51750000E-04
2001-12-31T20:52:29.750 -1.26200000E-04  6.22090000E-04  5.47440000E-04
2001-12-31T20:52:30.750 -1.61920000E-04  6.74290000E-04  4.64760000E-04
2001-12-31T20:52:31.750 -3.25670000E-04  7.65020000E-04  4.49180000E-04
2001-12-31T20:52:32.750 -1.37520000E-04  7.34660000E-04  6.82980000E-04
2001-12-31T20:52:33.750 -1.54990000E-04  7.34180000E-04  3.93150000E-04
2001-12-31T20:52:34.750 -1.21370000E-04  7.31800000E-04  2.00980000E-04
2001-12-31T20:52:35.750 -1.27900000E-04  4.04020000E-04  6.42330000E-04
2001-12-31T20:52:36.750 -6.05800000E-05  6.60390000E-04  3.05520000E-04
2001-12-31T20:52:37.750 -1.98650000E-04  5.51570000E-04  9.11790000E-04
2001-12-31T20:52:38.750 -6.87500000E-05  4.83110000E-04  5.02070000E-04
2001-12-31T20:52:39.750 -2.96310000E-04  4.96160000E-04  2.79140000E-04
2001-12-31T20:52:40.750 -2.14590000E-05  4.78530000E-04  6.95740000E-04
2001-12-31T20:52:41.750 -4.96280000E-05  5.77560000E-04  4.55480000E-04
2001-12-31T20:52:42.750 -8.07320000E-05  5.76000000E-04  5.03330000E-04
2001-12-31T20:52:43.750 -1.53570000E-04  3.76240000E-04  3.72010000E-04
2001-12-31T20:52:44.750 -2.85210000E-04  3.18460000E-04  4.01030000E-05
2001-12-31T20:52:45.750 -5.94770000E-05  4.53140000E-04  7.79400000E-04
2001-12-31T20:52:46.750 -2.04600000E-04  3.45280000E-04  8.24080000E-04
2001-12-31T20:52:47.750  1.07890000E-04  4.53780000E-04  2.65290000E-04
2001-12-31T20:52:48.750 -1.57680000E-04  4.91670000E-04  4.69860000E-04
2001-12-31T20:52:49.750 -1.80910000E-04  3.13830000E-04  5.09610000E-04
2001-12-31T20:52:50.750 -2.49820000E-04  2.92490000E-04  4.83590000E-04
2001-12-31T20:52:51.750 -1.14040000E-04  4.85100000E-04  1.25150000E-04
2001-12-31T20:52:52.750 -1.92400000E-05  2.56840000E-04  6.54440000E-04
2001-12-31T20:52:53.750 -3.35580000E-04  2.77590000E-04  4.47620000E-04
2001-12-31T20:52:54.750  2.38370000E-05  1.67080000E-04  3.86960000E-04
2001-12-31T20:52:55.750 -2.18410000E-04  2.00260000E-04  2.48180000E-04
2001-12-31T20:52:56.750 -2.17510000E-04  2.03540000E-04  9.32160000E-04
2001-12-31T20:52:57.750  9.43650000E-05  9.28470000E-05  3.44620000E-04
2001-12-31T20:52:58.750 -1.90620000E-05  6.85240000E-05  3.85340000E-04
2001-12-31T20:52:59.750 -1.37900000E-04  2.81300000E-04  4.35370000E-04
2001-12-31T20:53:00.750 -3.05990000E-06  1.39900000E-04  5.94190000E-04
2001-12-31T20:53:01.750 -2.60730000E-04  2.77320000E-04  3.57530000E-04
2001-12-31T20:53:02.750 -5.60210000E-05  3.95030000E-04  4.71930000E-04
2001-12-31T20:53:03.750 -4.59630000E-04  1.21040000E-04  5.18590000E-04
2001-12-31T20:53:04.750 -1.59580000E-04  1.90790000E-04  6.17500000E-04
2001-12-31T20:53:05.750 -8.83730000E-05  5.13220000E-04  2.94440000E-04
2001-12-31T20:53:06.750 -2.21610000E-04  2.64520000E-04  4.89750000E-04
2001-12-31T20:53:07.750  7.90850000E-05  4.04720000E-05  4.82150000E-04
2001-12-31T20:53:08.750 -2.25830000E-04  2.23650000E-04  6.70520000E-04
2001-12-31T20:53:09.750 -1.61070000E-06 -1.45210000E-05  3.45290000E-05
2001-12-31T20:53:10.750  4.68100000E-05 -8.46110000E-05  3.21730000E-04
2001-12-31T20:53:11.750 -8.45630000E-05 -1.24830000E-04  6.41160000E-04
2001-12-31T20:53:12.750 -6.57550000E-05  2.83210000E-04  4.85220000E-04
2001-12-31T20:53:13.750 -3.19990000E-04 -4.64200000E-06  3.54840000E-04
2001-12-31T20:53:14.750 -1.76800000E-04  1.78640000E-04  6.96660000E-04
2001-12-31T20:53:15.750 -2.23490000E-04  3.36240000E-04  3.07110000E-04
2001-12-31T20:53:16.750 -3.92980000E-04  8.71760000E-05  3.83370000E-04
2001-12-31T20:53:17.750 -3.29490000E-05  1.02060000E-04  5.66110000E-04
2001-12-31T20:53:18.750 -2.13420000E-04 -1.78290000E-04  4.36620000E-04
2001-12-31T20:53:19.750  7.23570000E-05  1.53340000E-04  4.53880000E-04
2001-12-31T20:53:20.750 -8.94330000E-05 -2.35950000E-04  9.12960000E-04
2001-12-31T20:53:21.750  1.69570000E-04 -2.97260000E-05  6.32030000E-05
2001-12-31T20:53:22.750 -3.00760000E-04  1.83800000E-04  3.00040000E-04
2001-12-31T20:53:23.750 -2.77330000E-04  1.53130000E-05  5.99970000E-04
2001-12-31T20:53:24.750 -3.71040000E-04  3.01930000E-05  6.58150000E-04
2001-12-31T20:53:25.750  1.47410000E-04 -8.42390000E-05  1.07270000E-04
2001-12-31T20:53:26.750  2.84410000E-05 -2.72110000E-05  7.85520000E-04
2001-12-31T20:53:27.750  7.47240000E-05 -3.31400000E-04  2.64010000E-04
2001-12-31T20:53:28.750  4.12510000E-05  4.41330000E-05  2.33840000E-04
2001-12-31T20:53:29.750 -3.56400000E-04 -7.55420000E-05  5.28240000E-04
2001-12-31T20:53:30.750 -1.47430000E-04  2.37950000E-04  7.64250000E-04
2001-12-31T20:53:31.750 -3.23540000E-04  5.13340000E-05  3.09010000E-04
2001-12-31T20:53:32.750 -6.75210000E-05 -9.78360000E-05  2.40090000E-04
2001-12-31T20:53:33.750 -1.64750000E-04 -1.82200000E-04  5.33030000E-04
2001-12-31T20:53:34.750 -6.71390000E-05 -2.27460000E-04  7.53460000E-04
2001-12-31T20:53:35.750  2.29680000E-04 -1.27280000E-04  2.46830000E-04
2001-12-31T20:53:36.750 -1.57980000E-04  7.22850000E-05  3.33930000E-04
2001-12-31T20:53:37.750 -2.82640000E-04  1.09970000E-04  7.51170000E-04
2001-12-31T20:53:38.750 -3.32600000E-04  6.49670000E-07  3.73740000E-05
2001-12-31T20:53:39.750 -1.13250000E-04  1.81060000E-06  7.88700000E-04
2001-12-31T20:53:40.750 -1.19720000E-04 -2.58970000E-04  5.17790000E-04
2001-12-31T20:53:41.750  9.37140000E-05 -1.27750000E-04  2.41210000E-04
2001-12-31T20:53:42.750 -1.30390000E-04 -4.35140000E-04  2.63800000E-04
2001-12-31T20:53:43.750 -3.75020000E-04  8.94560000E-05  7.40960000E-04
2001-12-31T20:53:44.750 -2.52830000E-04  1.98280000E-05  2.32130000E-04
2001-12-31T20:53:45.750 -1.97020000E-04  1.59320000E-04  4.72120000E-04
2001-12-31T20:53:46.750  9.37850000E-05  9.78640000E-05  4.06740000E-04
2001-12-31T20:53:47.750 -3.09290000E-05 -4.41160000E-04  6.78730000E-04
2001-12-31T20:53:48.750  5.42700000E-05 -1.31070000E-04  4.42200000E-04
2001-12-31T20:53:49.750 -2.43810000E-04 -1.60880000E-04  3.63340000E-04
2001-12-31T20:53:50.750 -1.47940000E-04  1.80460000E-04  2.68560000E-04
2001-12-31T20:53:51.750 -3.82570000E-04  1.01600000E-04  6.06080000E-04
2001-12-31T20:53:52.750 -1.97510000E-04 -1.75900000E-04  2.70250000E-04
2001-12-31T20:53:53.750 -4.36160000E-05 -8.89730000E-05  5.97020000E-04
2001-12-31T20:53:54.750  8.87790000E-05 -1.02190000E-04  3.96840000E-04
2001-12-31T20:53:55.750  3.19910000E-04 -2.42460000E-04  2.64030000E-04
2001-12-31T20:53:56.750 -4.06760000E-04 -8.66870000E-05  3.66600000E-04
2001-12-31T20:53:57.750 -9.17590000E-05  4.92510000E-05  7.40250000E-04
2001-12-31T20:53:58.750 -3.18990000E-04 -1.03000000E-05  5.79480000E-04
2001-12-31T20:53:59.750 -1.55000000E-04  3.63390000E-06  1.29390000E-04
2001-12-31T20:54:00.750 -1.52680000E-04 -2.87690000E-04  4.16940000E-04
2001-12-31T20:54:01.750  2.62850000E-04 -3.68250000E-04  2.43670000E-04
2001-12-31T20:54:02.750 -2.72270000E-04 -2.35130000E-04  5.86280000E-04
2001-12-31T20:54:03.750 -5.15010000E-05  1.65720000E-04  5.91890000E-04
2001-12-31T20:54:04.750 -3.43820000E-04  3.97190000E-05  2.04320000E-04
2001-12-31T20:54:05.750 -1.17420000E-04  3.37170000E-05  2.36490000E-04
2001-12-31T20:54:06.750  1.78800000E-04 -1.43710000E-04  5.42640000E-04
2001-12-31T20:54:07.750 -2.02030000E-04 -3.56810000E-04  7.39750000E-04
2001-12-31T20:54:08.750  6.82600000E-05 -1.77520000E-04  7.17010000E-04
2001-12-31T20:54:09.750 -4.12830000E-04 -3.35000000E-04  1.27060000E-04
2001-12-31T20:54:10.750 -1.41490000E-04  1.41620000E-04  7.78090000E-04
2001-12-31T20:54:11.750 -2.88760000E-04 -3.00340000E-05  1.02440000E-04
2001-12-31T20:54:12.750 -1.37200000E-06 -3.30370000E-05  2.52910000E-04
2001-12-31T20:54:13.750 -8.05790000E-06 -5.35670000E-04  9.35950000E-04
2001-12-31T20:54:14.750  1.13370000E-04 -1.20900000E-04  8.66110000E-04
2001-12-31T20:54:15.750 -3.50700000E-04 -2.26360000E-04 -5.02610000E-05
2001-12-31T20:54:16.750 -3.20080000E-04  1.54630000E-04  5.45510000E-04
2001-12-31T20:54:17.750 -1.97290000E-04 -1.96330000E-04  7.99250000E-04
2001-12-31T20:54:18.750 -5.01980000E-05 -3.87570000E-04  3.74460000E-04
2001-12-31T20:54:19.750 -7.42080000E-05 -2.62890000E-04  3.26180000E-04
2001-12-31T20:54:20.750  2.59950000E-05 -4.44730000E-04  5.37900000E-04
2001-12-31T20:54:21.750 -2.78390000E-04 -8.43940000E-06  3.67190000E-04
2001-12-31T20:54:22.750 -1.71320000E-04  1.12190000E-04  6.94160000E-04
2001-12-31T20:54:23.750 -2.50810000E-04 -5.17190000E-05  1.61880000E-04
2001-12-31T20:54:24.750  8.43800000E-05 -1.48670000E-04  7.40140000E-04
2001-12-31T20:54:25.750  2.83970000E-05 -6.36310000E-04  3.30290000E-04
2001-12-31T20:54:26.750 -8.40200000E-05  7.70570000E-06  4.52210000E-04
2001-12-31T20:54:27.750 -5.62350000E-05 -5.61770000E-06  3.67990000E-04
2001-12-31T20:54:28.750 -3.91150000E-04 -5.98340000E-05  1.33700000E-04
2001-12-31T20:54:29.750  2.65430000E-05 -3.37020000E-04  9.18730000E-04
2001-12-31T20:54:30.750 -1.01820000E-04 -4.81990000E-04  1.46350000E-04
2001-12-31T20:54:31.750  8.43670000E-05 -4.71670000E-05  6.56620000E-04
2001-12-31T20:54:32.750 -3.56950000E-04 -3.73140000E-04  5.22140000E-04
2001-12-31T20:54:33.750 -9.89560000E-05  1.28110000E-04  5.19980000E-04
2001-12-31T20:54:34.750 -3.80050000E-04 -3.09980000E-04  7.35470000E-05
2001-12-31T20:54:35.750  1.80700000E-04 -1.04470000E-04  7.48430000E-04
2001-12-31T20:54:36.750 -9.93980000E-05 -3.53420000E-04  6.13130000E-04
2001-12-31T20:54:37.750 -2.15050000E-05 -1.51390000E-04  3.59750000E-04
2001-12-31T20:54:38.750 -4.27560000E-04 -2.54810000E-04  5.42490000E-04
2001-12-31T20:54:39.750 -5.82530000E-05  3.74000000E-05  4.26340000E-04
2001-12-31T20:54:40.750 -2.01180000E-04 -2.71150000E-04  4.87440000E-04
2001-12-31T20:54:41.750 -1.61620000E-05 -2.33780000E-04  4.46370000E-04
2001-12-31T20:54:42.750 -8.39420000E-05 -2.14030000E-04  6.16110000E-04
2001-12-31T20:54:43.750  2.16660000E-05 -3.13780000E-04  1.05490000E-04
2001-12-31T20:54:44.750 -3.07270000E-04 -3.30440000E-05  2.97690000E-04
2001-12-31T20:54:45.750 -3.42440000E-04 -5.02380000E-05  8.19950000E-04
2001-12-31T20:54:46.750  9.59840000E-05 -4.14550000E-04  1.52880000E-04
2001-12-31T20:54:47.750 -7.62910000E-05 -3.99610000E-04  6.46300000E-04
2001-12-31T20:54:48.750  2.04350000E-04 -1.71260000E-04  7.30160000E-04
2001-12-31T20:54:49.750 -5.16020000E-04 -7.10220000E-05  2.31570000E-04
2001-12-31T20:54:50.750 -1.50810000E-04 -8.56980000E-05  2.93820000E-04
2001-12-31T20:54:51.750 -1.46070000E-04 -5.01020000E-04  6.69280000E-04
2001-12-31T20:54:52.750  3.62300000E-05 -2.95740000E-04  7.56140000E-04
2001-12-31T20:54:53.750 -1.52430000E-04 -4.31020000E-04  1.40290000E-04
2001-12-31T20:54:54.750 -3.35250000E-05  7.27720000E-05  6.33900000E-04
2001-12-31T20:54:55.750 -4.82970000E-04 -1.78630000E-04  3.54470000E-04
2001-12-31T20:54:56.750 -9.37370000E-05 -2.90440000E-05  2.42060000E-04
2001-12-31T20:54:57.750 -7.58860000E-07 -2.80430000E-04  6.47750000E-04
2001-12-31T20:54:58.750 -1.27230000E-05 -2.99220000E-04  3.69200000E-04
2001-12-31T20:54:59.750 -2.09530000E-04 -2.52450000E-04  1.53010000E-04
2001-12-31T20:55:00.750 -1.05100000E-04 -7.82010000E-05  3.92120000E-04
2001-12-31T20:55:01.750 -3.53940000E-04 -1.92550000E-04  4.88140000E-04
2001-12-31T20:55:02.750 -2.05990000E-04 -4.27150000E-05  7.91050000E-04
2001-12-31T20:55:03.750 -8.27500000E-05 -5.11440000E-04  5.05830000E-04
2001-12-31T20:55:04.750  1.75720000E-04 -2.28070000E-04  1.17880000E-04
2001-12-31T20:55:05.750 -2.14420000E-04 -2.48920000E-04  5.54010000E-04
2001-12-31T20:55:06.750 -2.02090000E-04  3.24210000E-05  5.39990000E-04
2001-12-31T20:55:07.750 -1.49840000E-04 -1.69950000E-04  3.40930000E-04
2001-12-31T20:55:08.750 -4.93760000E-05 -3.20980000E-04  2.02480000E-04
2001-12-31T20:55:09.750  4.41290000E-05 -5.02460000E-04  1.05680000E-03
2001-12-31T20:55:10.750 -4.47720000E-05 -2.02190000E-04  7.86050000E-06
2001-12-31T20:55:11.750 -4.75700000E-04 -3.74890000E-05  4.74830000E-04
2001-12-31T20:55:12.750 -2.09060000E-04 -1.12720000E-04  4.63550000E-04
2001-12-31T20:55:13.750  3.24880000E-06 -4.97220000E-04  3.27200000E-04
2001-12-31T20:55:14.750  1.75480000E-04 -2.24740000E-04  7.47900000E-04
2001-12-31T20:55:15.750 -1.16790000E-04 -2.07210000E-04  4.18600000E-04
2001-12-31T20:55:16.750 -1.06640000E-04 -6.64630000E-05  4.03410000E-04
2001-12-31T20:55:17.750 -3.07910000E-04 -1.18340000E-04  4.92890000E-04
2001-12-31T20:55:18.750 -8.51440000E-05 -1.83180000E-04  6.12330000E-04
2001-12-31T20:55:19.750 -5.30370000E-05 -6.02100000E-04  3.49490000E-04
2001-12-31T20:55:20.750  1.73500000E-05 -3.39430000E-04  3.46490000E-04
2001-12-31T20:55:21.750 -2.98480000E-04 -1.36060000E-04  5.67530000E-04
2001-12-31T20:55:22.750 -2.61240000E-04  6.63800000E-05  5.64730000E-04
2001-12-31T20:55:23.750 -2.59610000E-04 -2.15060000E-04  4.26200000E-04
2001-12-31T20:55:24.750 -1.29750000E-05 -3.73980000E-04  4.43920000E-04
2001-12-31T20:55:25.750 -2.72170000E-05 -4.50230000E-04  4.17050000E-04
2001-12-31T20:55:26.750 -4.16690000E-05 -2.84470000E-04 -3.40310000E-06
2001-12-31T20:55:27.750 -2.06420000E-04 -1.21200000E-05  1.04580000E-03
2001-12-31T20:55:28.750 -2.63650000E-04  4.33670000E-05  5.00120000E-04
2001-12-31T20:55:29.750  1.15720000E-04 -4.59160000E-04  5.69480000E-04
2001-12-31T20:55:30.750 -2.41870000E-04 -3.63530000E-04  1.78330000E-04
2001-12-31T20:55:31.750 -2.49000000E-05 -2.81780000E-04  6.56650000E-04
2001-12-31T20:55:32.750 -3.88630000E-04 -1.02420000E-04  5.46610000E-04
2001-12-31T20:55:33.750 -1.73350000E-04  3.42480000E-06  2.21710000E-05
2001-12-31T20:55:34.750 -1.37070000E-04 -3.44490000E-04  2.98300000E-04
2001-12-31T20:55:35.750  1.99370000E-04 -3.62750000E-04  3.74490000E-04
2001-12-31T20:55:36.750 -3.13050000E-04 -4.40030000E-04  9.21690000E-04
2001-12-31T20:55:37.750 -1.48900000E-04 -1.18930000E-04  2.11630000E-04
2001-12-31T20:55:38.750 -1.75580000E-04  1.35180000E-04  5.73060000E-04
2001-12-31T20:55:39.750 -2.57050000E-04 -3.34150000E-04  5.41090000E-04
2001-12-31T20:55:40.750  1.48030000E-04 -1.81830000E-04  1.49990000E-04
2001-12-31T20:55:41.750 -6.87510000E-06 -3.51270000E-04  5.39260000E-04
2001-12-31T20:55:42.750 -3.23610000E-04 -4.88950000E-04  4.89410000E-04
2001-12-31T20:55:43.750 -2.76750000E-04  7.67280000E-06  5.87420000E-04
2001-12-31T20:55:44.750 -2.65280000E-04 -2.02890000E-04  4.97130000E-04
2001-12-31T20:55:45.750  1.94380000E-04 -2.51980000E-04  1.90590000E-04
2001-12-31T20:55:46.750 -1.77770000E-04 -3.24850000E-04  1.68590000E-04
2001-12-31T20:55:47.750 -8.87200000E-05 -3.19890000E-04  8.06330000E-04
2001-12-31T20:55:48.750 -2.12990000E-04 -1.01050000E-04  6.29850000E-04
2001-12-31T20:55:49.750 -3.47890000E-05 -2.95970000E-05  1.87180000E-04
2001-12-31T20:55:50.750 -2.93890000E-04 -4.13490000E-04  6.93170000E-04
2001-12-31T20:55:51.750  3.37920000E-04 -3.79510000E-04  3.18610000E-04
2001-12-31T20:56:34.944 -1.12270000E-04 -2.54170000E-04  2.12160000E-04
2001-12-31T20:56:35.944  5.52640000E-05 -5.17750000E-04  6.03060000E-04
2001-12-31T20:56:36.944 -8.35840000E-05 -2.61080000E-04  3.80820000E-04
2001-12-31T20:56:37.944 -1.95310000E-04 -5.27900000E-05  6.07150000E-04
2001-12-31T20:56:38.944 -4.37880000E-04 -4.04610000E-05  5.21090000E-04
2001-12-31T20:56:39.944 -5.31320000E-05 -2.72530000E-04  6.32310000E-04
2001-12-31T20:56:40.944  9.37560000E-05 -3.56320000E-04  2.48870000E-04
2001-12-31T20:56:41.944 -1.53870000E-04 -4.43560000E-04  8.24910000E-04
2001-12-31T20:56:42.944 -6.23180000E-05 -2.02490000E-04 -1.15050000E-04
2001-12-31T20:56:43.944 -4.93950000E-04  3.58460000E-05  8.44480000E-04
2001-12-31T20:56:44.944 -2.16060000E-04 -1.32190000E-04  3.98960000E-04
2001-12-31T20:56:45.944  9.48310000E-05 -5.51000000E-04  3.82630000E-04
2001-12-31T20:56:46.944 -1.53150000E-04 -4.28460000E-04  4.06350000E-04
2001-12-31T20:56:47.944 -5.18810000E-06 -2.99970000E-04  7.48180000E-04
2001-12-31T20:56:48.944 -4.11360000E-04  2.36020000E-05  1.79560000E-04
2001-12-31T20:56:49.944 -2.98400000E-04  1.03550000E-04  4.66370000E-04
2001-12-31T20:56:50.944  1.17590000E-04 -4.98700000E-04  4.13870000E-04
2001-12-31T20:56:51.944 -8.69490000E-06 -3.57070000E-04  3.62940000E-04
2001-12-31T20:56:52.944 -1.23640000E-05 -4.04180000E-04  5.91400000E-04
2001-12-31T20:56:53.944 -3.17690000E-04 -1.02060000E-04  2.78950000E-04
2001-12-31T20:56:54.944 -2.08720000E-04  1.72610000E-04  6.61050000E-04
2001-12-31T20:56:55.944 -4.72980000E-04 -3.72520000E-04  7.52990000E-04
2001-12-31T20:56:56.944  2.64860000E-04 -2.32230000E-04  1.08040000E-04
2001-12-31T20:56:57.944 -1.09890000E-04 -7.38720000E-04  2.09280000E-04
2001-12-31T20:56:58.944 -9.60100000E-05 -3.44120000E-04  8.64110000E-04
2001-12-31T20:56:59.944 -5.83460000E-03 -9.52330000E-03  2.08100000E-02
