2001-12-28T08:36:07.397  1.56740000E-04  2.11690000E-04  5.82710000E-04
2001-12-28T08:36:08.397 -3.05950000E-04 -6.87120000E-04  4.31080000E-04
2001-12-28T08:36:09.397  1.33000000E-04 -2.80380000E-04  4.78930000E-04
2001-12-28T08:36:10.397 -3.00950000E-04 -5.07200000E-04  3.59420000E-04
2001-12-28T08:36:11.397 -7.83090000E-05  2.61910000E-04  3.17750000E-04
2001-12-28T08:36:12.397 -3.35950000E-04 -2.91610000E-04  6.50630000E-04
2001-12-28T08:36:13.397  4.46460000E-04 -2.43850000E-04  6.64390000E-04
2001-12-28T08:36:14.397 -3.15190000E-04 -8.93770000E-04  1.27530000E-04
2001-12-28T08:36:15.397  1.74150000E-04  3.42700000E-04  4.09360000E-04
2001-12-28T08:36:16.397 -7.76050000E-04 -3.92720000E-04  4.70840000E-04
2001-12-28T08:36:17.397  2.24570000E-04  1.65880000E-04  6.44530000E-04
2001-12-28T08:36:18.397 -2.39920000E-04 -6.70470000E-04  4.08790000E-04
2001-12-28T08:36:19.397  3.84770000E-04 -1.70270000E-04  4.23060000E-04
2001-12-28T08:36:20.397 -4.00090000E-04 -4.78210000E-04  2.22460000E-04
2001-12-28T08:36:21.397 -1.42300000E-04  2.65260000E-04  4.76820000E-04
2001-12-28T08:36:22.397 -2.76380000E-04 -1.40360000E-04  5.20360000E-04
2001-12-28T08:36:23.397  3.26410000E-06 -1.61360000E-04  2.32880000E-04
2001-12-28T08:36:24.397  6.96490000E-05 -5.55780000E-04  4.26050000E-04
2001-12-28T08:36:25.397 -4.47290000E-05 -2.85810000E-04  5.94000000E-04
2001-12-28T08:36:26.397 -4.33240000E-04 -1.78420000E-04  2.20570000E-04
2001-12-28T08:36:27.397 -1.35410000E-04 -1.26230000E-04  3.77230000E-04
2001-12-28T08:36:28.397 -2.34530000E-05 -2.89680000E-04  4.58360000E-04
2001-12-28T08:36:29.397  1.58980000E-04 -5.38040000E-04  5.04680000E-04
2001-12-28T08:36:30.397  7.60800000E-05 -1.20520000E-04  5.14880000E-04
2001-12-28T08:36:31.397 -4.58820000E-04 -1.05190000E-04  2.68970000E-04
2001-12-28T08:36:32.397 -2.90340000E-04  5.06750000E-05  4.62590000E-04
2001-12-28T08:36:33.397 -2.80870000E-06 -5.77330000E-04  3.15350000E-04
2001-12-28T08:36:34.397  5.00380000E-04 -3.91800000E-04  2.38770000E-04
2001-12-28T08:36:35.397 -4.79350000E-04 -3.45730000E-04  6.77710000E-04
2001-12-28T08:36:36.397 -8.96680000E-05  2.09950000E-04  3.35400000E-04
2001-12-28T08:36:37.397 -4.70630000E-04 -1.12020000E-04  8.19350000E-04
2001-12-28T08:36:38.397  3.10010000E-04 -6.74530000E-05  1.50400000E-04
2001-12-28T08:36:39.397 -4.96070000E-04 -7.69490000E-04  4.54010000E-04
2001-12-28T08:36:40.397  3.86050000E-04 -7.31660000E-05  5.09590000E-04
2001-12-28T08:36:41.397 -4.37200000E-04 -3.17620000E-04  5.67680000E-04
2001-12-28T08:36:42.397  1.83170000E-05  2.33180000E-04  4.82330000E-04
2001-12-28T08:36:43.397 -4.33590000E-04 -6.79880000E-04  4.34830000E-04
2001-12-28T08:36:44.397  4.48970000E-04 -5.22530000E-06  2.50720000E-04
2001-12-28T08:36:45.397 -5.50270000E-04 -7.59160000E-04  4.74350000E-04
2001-12-28T08:36:46.397  1.37950000E-04  1.63300000E-04  3.76370000E-04
2001-12-28T08:36:47.397 -6.30560000E-04 -2.85010000E-04  3.20100000E-04
2001-12-28T08:36:48.397  3.10660000E-05  1.27080000E-04  7.08230000E-04
2001-12-28T08:36:49.397 -1.88430000E-04 -6.77600000E-04  2.24690000E-04
2001-12-28T08:36:50.397  3.65060000E-04 -2.51480000E-04  2.80760000E-04
2001-12-28T08:36:51.397 -4.11600000E-04 -5.12310000E-04  7.05090000E-04
2001-12-28T08:36:52.397 -1.00970000E-04  2.01590000E-04  7.42090000E-04
2001-12-28T08:36:53.397 -3.28390000E-04 -4.42740000E-04  3.73950000E-04
2001-12-28T08:36:54.397  1.28950000E-04 -1.91740000E-04  7.66690000E-05
2001-12-28T08:36:55.397 -2.06290000E-04 -6.60930000E-04  5.50440000E-04
2001-12-28T08:36:56.397  1.46780000E-04  1.37980000E-04  3.78850000E-04
2001-12-28T08:36:57.397 -4.26220000E-04 -1.11320000E-04  6.82340000E-04
2001-12-28T08:36:58.397 -1.21120000E-04 -3.54600000E-05  2.29020000E-04
2001-12-28T08:36:59.397  4.06690000E-05 -7.18120000E-04  7.36900000E-04
2001-12-28T08:37:00.397  3.97750000E-05 -2.74050000E-04  5.64380000E-05
2001-12-28T08:37:01.397 -3.38350000E-05 -7.11280000E-05  6.23320000E-04
2001-12-28T08:37:02.397 -5.14760000E-04 -8.06760000E-05  4.93870000E-04
2001-12-28T08:37:03.397 -1.86300000E-04 -2.24060000E-04  3.67490000E-04
2001-12-28T08:37:04.397  2.78270000E-04 -5.92910000E-04  2.24890000E-04
2001-12-28T08:37:05.397 -7.55760000E-05 -3.19210000E-04  4.66780000E-04
2001-12-28T08:37:06.397 -2.39320000E-04 -2.72930000E-04  5.60420000E-04
2001-12-28T08:37:07.397 -2.10830000E-04  9.23920000E-05  4.50260000E-04
2001-12-28T08:37:08.397 -2.27890000E-04 -2.15360000E-04  3.55140000E-04
2001-12-28T08:37:09.397  3.92200000E-04 -3.43290000E-04  7.36000000E-05
2001-12-28T08:37:10.397 -2.28900000E-04 -6.79610000E-04  7.44460000E-04
2001-12-28T08:37:11.397  3.88360000E-05  9.27190000E-05  4.75410000E-04
2001-12-28T08:37:12.397 -5.61090000E-04 -9.29610000E-05  4.52060000E-04
2001-12-28T08:37:13.397  7.52210000E-05  9.37890000E-05  4.23150000E-04
2001-12-28T08:37:14.397 -1.62790000E-04 -6.95710000E-04  6.33020000E-05
2001-12-28T08:37:15.397  4.02830000E-04 -1.18990000E-04  3.30700000E-04
2001-12-28T08:37:16.397 -3.72040000E-04 -4.88160000E-04  4.08700000E-04
2001-12-28T08:37:17.397 -9.83140000E-05  2.86750000E-04  5.97070000E-04
2001-12-28T08:37:18.397 -2.19340000E-04 -3.42910000E-04  5.81700000E-04
2001-12-28T08:37:19.397  1.89610000E-04 -3.65730000E-04  6.76890000E-05
2001-12-28T08:37:20.397 -1.59300000E-04 -6.89890000E-04  4.02140000E-04
2001-12-28T08:37:21.397  4.24110000E-05  5.09170000E-05  4.39650000E-04
2001-12-28T08:37:22.397 -4.95840000E-04 -3.71120000E-04  5.11510000E-04
2001-12-28T08:37:23.397  6.24660000E-05  1.73650000E-04  6.98640000E-04
2001-12-28T08:37:24.397 -1.92810000E-04 -5.91440000E-04 -1.25400000E-05
2001-12-28T08:37:25.397  2.71380000E-04 -3.19890000E-04  8.21530000E-04
2001-12-28T08:37:26.397 -1.04630000E-04  6.78120000E-05  3.02300000E-04
2001-12-28T08:37:27.397 -3.13540000E-04 -1.76350000E-04  3.32310000E-04
2001-12-28T08:37:28.397  1.47200000E-04 -1.54620000E-04  1.07930000E-04
2001-12-28T08:37:29.397 -2.08810000E-04 -6.06240000E-04  6.52080000E-04
2001-12-28T08:37:30.397  2.60590000E-04 -1.77880000E-04  5.98110000E-04
2001-12-28T08:37:31.397 -4.80560000E-04 -3.26610000E-04  5.24590000E-04
2001-12-28T08:37:32.397  3.36010000E-05  3.46980000E-04  2.87040000E-04
2001-12-28T08:37:33.397 -4.48190000E-04 -4.61800000E-04  1.91310000E-04
2001-12-28T08:37:34.397  5.23490000E-04 -1.48680000E-04  4.13590000E-04
2001-12-28T08:37:35.397 -5.92360000E-04 -7.63980000E-04  7.09870000E-04
2001-12-28T08:37:36.397  2.35240000E-04  1.95720000E-04  7.19130000E-04
2001-12-28T08:37:37.397 -6.74590000E-04 -3.16830000E-04  1.07600000E-04
2001-12-28T08:37:38.397  1.88850000E-04  1.08680000E-04  3.25330000E-04
2001-12-28T08:37:39.397 -1.49260000E-04 -8.68910000E-04  5.26440000E-04
2001-12-28T08:37:40.397  5.03040000E-04 -1.71520000E-04  2.07880000E-04
2001-12-28T08:37:41.397 -6.74780000E-04 -2.66260000E-04  3.09630000E-04
2001-12-28T08:37:42.397 -9.69550000E-05  2.23020000E-04  7.04410000E-04
2001-12-28T08:37:43.397 -1.66130000E-04 -4.90920000E-04  4.72340000E-04
2001-12-28T08:37:44.397  4.40200000E-04 -3.23820000E-04  3.27500000E-04
2001-12-28T08:37:45.397 -2.39800000E-04 -5.37270000E-04  3.98050000E-04
2001-12-28T08:37:46.397 -2.48450000E-04  4.63840000E-05  4.54230000E-04
2001-12-28T08:37:47.397 -4.53560000E-04 -2.27480000E-04  5.43860000E-04
2001-12-28T08:37:48.397  4.87550000E-05 -1.63160000E-04  3.69460000E-04
2001-12-28T08:37:49.397  1.87770000E-04 -7.12800000E-04  3.68470000E-04
2001-12-28T08:37:50.397  1.16810000E-04 -2.64250000E-04  4.17500000E-04
2001-12-28T08:37:51.397 -4.89020000E-04 -1.44780000E-04  6.76390000E-04
2001-12-28T08:37:52.397 -8.39090000E-05  5.19840000E-05  1.86120000E-04
2001-12-28T08:37:53.397 -1.51010000E-04 -4.31200000E-04  5.33730000E-04
2001-12-28T08:37:54.397  2.12720000E-04 -4.39050000E-04  1.55470000E-04
2001-12-28T08:37:55.397 -9.57230000E-05 -2.75500000E-04  4.48030000E-04
2001-12-28T08:37:56.397 -2.38570000E-04 -4.35490000E-05  9.80720000E-04
2001-12-28T08:37:57.397 -2.18530000E-04 -4.65260000E-05  2.90990000E-04
2001-12-28T08:37:58.397  1.97650000E-04 -6.18290000E-04  4.38650000E-04
2001-12-28T08:37:59.397  3.61500000E-04 -2.98070000E-04  1.49650000E-04
2001-12-28T08:38:00.397 -4.67650000E-04 -2.76050000E-04  5.79090000E-04
2001-12-28T08:38:01.397 -1.07260000E-04  3.13610000E-04  3.54260000E-04
2001-12-28T08:38:02.397 -5.42610000E-04 -6.34790000E-04  3.45600000E-04
2001-12-28T08:38:03.397  5.97450000E-04 -3.05330000E-04  2.44520000E-04
2001-12-28T08:38:04.397 -2.15030000E-04 -7.60740000E-04  6.34000000E-04
2001-12-28T08:38:05.397  1.56190000E-04  2.31570000E-04  3.66830000E-04
2001-12-28T08:38:06.397 -5.38390000E-04 -1.07710000E-04  2.63700000E-04
2001-12-28T08:38:07.397  1.64330000E-04 -5.30230000E-05  3.45620000E-04
2001-12-28T08:38:08.397 -2.25120000E-04 -4.62020000E-04  3.48990000E-04
2001-12-28T08:38:09.397  2.17150000E-04 -2.11200000E-04  7.23840000E-04
2001-12-28T08:38:10.397 -5.02570000E-04 -3.93190000E-04  5.50460000E-04
2001-12-28T08:38:11.397 -4.49540000E-05  8.01120000E-05  2.46150000E-04
2001-12-28T08:38:12.397 -3.93110000E-04 -2.79340000E-04  1.08730000E-04
2001-12-28T08:38:13.397  3.17500000E-04 -3.72210000E-04  8.46440000E-04
2001-12-28T08:38:14.397 -7.94920000E-05 -3.96620000E-04  6.65140000E-04
2001-12-28T08:38:15.397 -4.37010000E-05 -1.60770000E-04  9.06630000E-05
2001-12-28T08:38:16.397 -3.73650000E-04 -6.53160000E-05  2.64140000E-04
2001-12-28T08:38:17.397 -1.23430000E-04 -6.56150000E-05  6.03040000E-04
2001-12-28T08:38:18.397  3.11230000E-04 -1.99280000E-04  3.22400000E-04
2001-12-28T08:38:19.397 -1.13300000E-04 -5.19080000E-04  3.18990000E-04
2001-12-28T08:38:20.397  4.24360000E-05 -1.07990000E-04  6.00380000E-04
2001-12-28T08:38:21.397 -5.67900000E-04 -2.38950000E-04  4.27070000E-04
2001-12-28T08:38:22.397  1.53350000E-04 -1.15660000E-06  4.10900000E-04
2001-12-28T08:38:23.397 -3.22620000E-04 -3.54800000E-04  1.75580000E-04
2001-12-28T08:38:24.397  4.07790000E-04 -2.72100000E-04  9.45090000E-04
2001-12-28T08:38:25.397 -3.25010000E-04 -4.35560000E-04  2.90470000E-04
2001-12-28T08:38:26.397 -7.05260000E-05  1.48110000E-04  3.98100000E-04
2001-12-28T08:38:27.397 -5.84960000E-04 -1.81260000E-04  4.13950000E-04
2001-12-28T08:38:28.397  1.84520000E-04 -8.14960000E-05  4.55350000E-04
2001-12-28T08:38:29.397 -2.65320000E-04 -6.84550000E-04  4.91750000E-04
2001-12-28T08:38:30.397  3.72980000E-04 -1.29360000E-04  1.57030000E-04
2001-12-28T08:38:31.397 -6.06940000E-04 -3.66510000E-04  2.97440000E-04
2001-12-28T08:38:32.397 -1.53160000E-04  3.31470000E-04  1.98220000E-04
2001-12-28T08:38:33.397 -3.28160000E-04 -4.82260000E-04  5.27080000E-04
2001-12-28T08:38:34.397  2.42550000E-04  2.86460000E-05  5.10230000E-04
2001-12-28T08:38:35.397 -3.11680000E-04 -9.23130000E-04  4.92110000E-04
2001-12-28T08:38:36.397  3.29340000E-04  1.33610000E-04  2.49960000E-04
2001-12-28T08:38:37.397 -6.43520000E-04 -1.82940000E-04  4.98940000E-04
2001-12-28T08:38:38.397  7.97920000E-05  5.75340000E-05  6.76040000E-04
2001-12-28T08:38:39.397 -1.45880000E-04 -6.92310000E-04  5.53300000E-04
2001-12-28T08:38:40.397  1.87510000E-04 -2.29430000E-04  2.79090000E-04
2001-12-28T08:38:41.397 -1.43540000E-04 -2.21600000E-04  5.03450000E-04
2001-12-28T08:38:42.397 -3.35550000E-04 -1.34750000E-05  3.44880000E-04
2001-12-28T08:38:43.397 -3.68810000E-04 -2.59410000E-04  4.29260000E-04
2001-12-28T08:38:44.397  1.54540000E-04 -5.01590000E-04  4.62010000E-04
2001-12-28T08:38:45.397  1.69600000E-04 -3.41240000E-04  4.46790000E-04
2001-12-28T08:38:46.397 -3.16290000E-04 -2.75350000E-04  4.44080000E-04
2001-12-28T08:38:47.397 -2.72550000E-05  5.74900000E-05  1.87720000E-04
2001-12-28T08:38:48.397 -4.93470000E-04 -3.18360000E-04  4.61270000E-04
2001-12-28T08:38:49.397  4.01760000E-04 -1.54800000E-04  5.13330000E-04
2001-12-28T08:38:50.397 -2.13100000E-04 -8.72040000E-04  4.67760000E-04
2001-12-28T08:38:51.397  3.35630000E-05  1.80010000E-04  4.02600000E-04
2001-12-28T08:38:52.397 -5.21880000E-04 -1.80850000E-04  3.65320000E-04
2001-12-28T08:38:53.397 -1.66770000E-05  3.25420000E-05  2.68640000E-04
2001-12-28T08:38:54.397 -2.22670000E-05 -5.44210000E-04  4.57240000E-04
2001-12-28T08:38:55.397  4.26580000E-04 -4.30780000E-04  8.32770000E-04
2001-12-28T08:38:56.397 -5.05490000E-04 -2.43710000E-04  5.78000000E-05
2001-12-28T08:38:57.397 -2.61110000E-05  2.17430000E-04  7.17870000E-04
2001-12-28T08:38:58.397 -4.04380000E-04 -4.82320000E-04  6.14670000E-04
2001-12-28T08:38:59.397  4.26660000E-04 -2.51060000E-04  1.07890000E-04
2001-12-28T08:39:00.397 -1.53870000E-04 -5.77120000E-04  4.94920000E-04
2001-12-28T08:39:01.397 -1.50640000E-04  2.54570000E-07  2.67420000E-04
2001-12-28T08:39:02.397 -4.00470000E-04 -2.10100000E-04  5.04690000E-04
2001-12-28T08:39:03.397  1.67140000E-04 -7.37230000E-05  3.97700000E-04
2001-12-28T08:39:04.397 -2.75360000E-04 -6.50100000E-04  1.54180000E-04
2001-12-28T08:39:05.397  3.70660000E-04 -1.90670000E-04  5.66210000E-04
2001-12-28T08:39:06.397 -4.73860000E-04 -1.98320000E-04  2.13870000E-04
2001-12-28T08:39:07.397 -1.73640000E-04  2.24840000E-04  8.45340000E-04
2001-12-28T08:39:08.397 -1.46510000E-04 -4.26880000E-04  3.68670000E-04
2001-12-28T08:39:09.397  8.30660000E-05 -4.07340000E-04  3.88260000E-04
2001-12-28T08:39:10.397 -6.45600000E-06 -3.79770000E-04  1.47710000E-04
2001-12-28T08:39:11.397 -1.50430000E-04 -1.77890000E-04  3.69170000E-04
2001-12-28T08:39:12.397 -2.40810000E-04  1.23360000E-04  1.04340000E-03
2001-12-28T08:39:13.397 -2.77430000E-04 -1.13860000E-04  6.30170000E-04
2001-12-28T08:39:14.397  7.09280000E-05 -3.74330000E-04  1.99420000E-04
2001-12-28T08:39:15.397 -1.00710000E-04 -5.98070000E-04  4.60160000E-04
2001-12-28T08:39:16.397  3.95920000E-05 -2.69470000E-05 -1.49520000E-04
2001-12-28T08:39:17.397 -4.50170000E-04 -2.08540000E-04  1.07720000E-03
2001-12-28T08:39:18.397  2.23940000E-04  2.27930000E-05  8.48740000E-05
2001-12-28T08:39:19.397 -3.89130000E-04 -6.34360000E-04  5.67620000E-04
2001-12-28T08:39:20.397  2.74230000E-04 -1.23420000E-04  1.71310000E-04
2001-12-28T08:39:21.397 -4.73650000E-04 -5.01240000E-04  7.49300000E-04
2001-12-28T08:39:22.397 -5.34630000E-06  2.07360000E-04  1.27920000E-04
2001-12-28T08:39:23.397 -6.21980000E-04 -3.23650000E-04  3.38280000E-04
2001-12-28T08:39:24.397  4.16560000E-04 -2.35680000E-06  5.94120000E-04
2001-12-28T08:39:25.397 -2.26690000E-04 -8.08370000E-04  5.04810000E-04
2001-12-28T08:39:26.397  4.12910000E-04 -1.43090000E-05  3.39380000E-04
2001-12-28T08:39:27.397 -5.91790000E-04 -3.21480000E-04  3.66990000E-04
2001-12-28T08:39:28.397  7.52810000E-05  2.67940000E-04  3.60930000E-04
2001-12-28T08:39:29.397 -4.37760000E-04 -5.69360000E-04  5.20760000E-04
2001-12-28T08:39:30.397  4.62380000E-04 -1.90360000E-04  3.60570000E-04
2001-12-28T08:39:31.397 -4.83550000E-04 -5.34670000E-04  7.16110000E-04
2001-12-28T08:39:32.397  1.37450000E-04  1.21940000E-04  4.10280000E-04
2001-12-28T08:39:33.397 -4.88980000E-04 -1.64930000E-04  1.38000000E-04
2001-12-28T08:39:34.397 -4.92550000E-05 -1.04100000E-04  5.46230000E-04
2001-12-28T08:39:35.397  1.38110000E-04 -4.71480000E-04  5.49300000E-04
2001-12-28T08:39:36.397  1.68690000E-06 -3.97440000E-04  6.05130000E-04
2001-12-28T08:39:37.397 -9.30000000E-05  9.82960000E-05  6.59280000E-04
2001-12-28T08:39:38.397 -4.46390000E-04 -6.43250000E-05 -5.80480000E-05
2001-12-28T08:39:39.397  5.60700000E-05  1.44260000E-04  5.76330000E-04
2001-12-28T08:39:40.397 -2.11550000E-04 -5.99360000E-04  6.00630000E-04
2001-12-28T08:39:41.397  3.31720000E-04 -2.30530000E-04  3.61230000E-04
2001-12-28T08:39:42.397 -4.93090000E-04 -4.08300000E-04  1.20580000E-04
2001-12-28T08:39:43.397  2.86160000E-04  3.04230000E-04  7.16940000E-04
2001-12-28T08:39:44.397 -7.20280000E-04 -3.22720000E-04  7.28430000E-04
2001-12-28T08:39:45.397  1.69370000E-04  1.40210000E-04  2.14970000E-04
2001-12-28T08:39:46.397 -2.64600000E-04 -3.71540000E-04  3.30300000E-04
2001-12-28T08:39:47.397  2.88290000E-04 -3.70440000E-04  3.89130000E-04
2001-12-28T08:39:48.397 -2.08220000E-04 -1.94020000E-04  3.33690000E-04
2001-12-28T08:39:49.397 -1.91340000E-04  3.28170000E-06  4.55870000E-04
2001-12-28T08:39:50.397 -2.89490000E-04 -9.64260000E-05  4.76480000E-04
2001-12-28T08:39:51.397  6.51050000E-05 -4.15020000E-04  4.13450000E-04
2001-12-28T08:39:52.397  1.58620000E-04 -2.42650000E-04  4.54310000E-04
2001-12-28T08:39:53.397 -1.27720000E-05 -3.26170000E-04  5.95750000E-04
2001-12-28T08:39:54.397  4.65140000E-05  3.61300000E-04  1.97240000E-04
2001-12-28T08:39:55.397 -6.17660000E-04 -3.43830000E-04  6.02450000E-04
2001-12-28T08:39:56.397  2.35380000E-04  1.48110000E-04  3.55830000E-04
2001-12-28T08:39:57.397 -2.20140000E-04 -4.10200000E-04  4.91380000E-04
2001-12-28T08:39:58.397  2.28890000E-04  2.36940000E-05  5.44180000E-04
2001-12-28T08:39:59.397 -1.96610000E-04 -4.98200000E-04  2.02660000E-04
2001-12-28T08:40:00.397 -2.62960000E-04  1.62280000E-04  5.11340000E-04
2001-12-28T08:40:01.397 -4.65880000E-04  1.37660000E-05  5.55810000E-05
2001-12-28T08:40:02.397 -5.89470000E-05 -2.69830000E-04  5.75860000E-04
2001-12-28T08:40:03.397 -3.53750000E-05  4.98250000E-05  6.86640000E-04
2001-12-28T08:40:04.397 -4.56350000E-05 -3.33520000E-04  4.79820000E-04
2001-12-28T08:40:05.397  1.49390000E-04 -1.52270000E-04  4.26070000E-04
2001-12-28T08:40:06.397 -4.18180000E-04 -1.96590000E-04  3.63580000E-04
2001-12-28T08:40:07.397 -6.68510000E-05  4.53560000E-04  5.33450000E-04
2001-12-28T08:40:08.397 -6.27880000E-04 -3.81860000E-04  4.04850000E-04
2001-12-28T08:40:09.397  3.13710000E-04  5.09380000E-05  8.01040000E-04
2001-12-28T08:40:10.397 -9.07620000E-05 -5.06000000E-04  3.10090000E-04
2001-12-28T08:40:11.397  4.14970000E-05  5.55270000E-05  6.69110000E-05
2001-12-28T08:40:12.397 -2.88470000E-04 -2.01500000E-04  6.53490000E-04
2001-12-28T08:40:13.397 -2.54520000E-04  3.59430000E-05  5.96090000E-04
2001-12-28T08:40:14.397 -4.01340000E-05  2.10320000E-04  3.43950000E-04
2001-12-28T08:40:15.397 -3.69220000E-04 -1.87170000E-04  4.51180000E-04
2001-12-28T08:40:16.397  2.53330000E-04  9.85570000E-05  1.20460000E-04
2001-12-28T08:40:17.397 -3.35700000E-04 -3.49170000E-04  5.92930000E-04
2001-12-28T08:40:18.397  3.82410000E-04 -7.52930000E-05  7.21080000E-04
2001-12-28T08:40:19.397 -4.89920000E-04 -3.10630000E-04  4.97650000E-04
2001-12-28T08:40:20.397 -3.51290000E-05  3.94460000E-04  4.72460000E-04
2001-12-28T08:40:21.397 -4.00180000E-04 -1.11000000E-05 -7.77540000E-05
2001-12-28T08:40:22.397 -4.27070000E-05 -6.82290000E-05  4.82800000E-04
2001-12-28T08:40:23.397  1.30660000E-04 -1.38670000E-04  7.22960000E-04
2001-12-28T08:40:24.397 -1.91880000E-04 -6.65530000E-04  3.89730000E-04
2001-12-28T08:40:25.397  1.67330000E-04  3.39530000E-04  6.27760000E-04
2001-12-28T08:40:26.397 -4.38390000E-04 -2.53180000E-04  2.94680000E-04
2001-12-28T08:40:27.397 -5.14740000E-05  4.31750000E-04  6.26260000E-04
2001-12-28T08:40:28.397 -4.60540000E-04  8.40090000E-05  3.84960000E-04
2001-12-28T08:40:29.397  1.94610000E-05 -6.38980000E-05  2.62240000E-04
2001-12-28T08:40:30.397  1.72070000E-04 -1.19760000E-04  2.61530000E-04
2001-12-28T08:40:31.397 -4.83780000E-05 -2.89530000E-04  5.54490000E-04
2001-12-28T08:40:32.397  1.77000000E-04  1.94060000E-04  4.06290000E-04
2001-12-28T08:40:33.397 -4.42590000E-04 -1.75030000E-04  5.29340000E-04
2001-12-28T08:40:34.397 -5.06920000E-06  3.72100000E-04  4.77980000E-04
2001-12-28T08:40:35.397 -3.58730000E-04  1.26350000E-04  3.66870000E-04
2001-12-28T08:40:36.397 -3.14890000E-04  1.83190000E-04  6.18890000E-04
2001-12-28T08:40:37.397 -1.18110000E-04  3.36090000E-04  4.50930000E-04
2001-12-28T08:40:38.397 -6.65010000E-05 -5.99160000E-05  3.79370000E-04
2001-12-28T08:40:39.397  2.48440000E-04  1.87510000E-04  8.42060000E-04
2001-12-28T08:40:40.397 -6.85010000E-05 -5.87460000E-05  3.17390000E-05
2001-12-28T08:40:41.397 -3.06800000E-05  4.82100000E-05  3.94820000E-04
2001-12-28T08:40:42.397  9.50080000E-05  3.00310000E-04  2.32180000E-04
2001-12-28T08:40:43.397 -2.69450000E-04  1.48450000E-04  3.48860000E-04
2001-12-28T08:40:44.397 -2.43130000E-04  1.56170000E-04  6.73770000E-04
2001-12-28T08:40:45.397 -2.07100000E-05  3.68690000E-04  5.33900000E-04
2001-12-28T08:40:46.397 -2.18110000E-04  1.42550000E-04  4.84780000E-04
2001-12-28T08:40:47.397 -1.40690000E-04  4.73340000E-04  1.79880000E-04
2001-12-28T08:40:48.397 -3.49100000E-04  2.79640000E-04  3.75520000E-04
2001-12-28T08:40:49.397 -1.30490000E-04  1.56430000E-04  5.57770000E-04
2001-12-28T08:40:50.397  9.99960000E-05  4.06030000E-04  3.68260000E-04
2001-12-28T08:40:51.397 -4.62790000E-04 -4.64280000E-05  7.35820000E-04
2001-12-28T08:40:52.397 -2.13980000E-05  4.59100000E-04  4.28430000E-04
2001-12-28T08:40:53.397  6.56340000E-06  3.60210000E-04  3.43010000E-04
2001-12-28T08:40:54.397 -4.66690000E-05  3.06230000E-04  3.08160000E-04
2001-12-28T08:40:55.397 -1.27780000E-04  4.90650000E-04  4.06970000E-04
2001-12-28T08:40:56.397 -1.09740000E-04  3.38560000E-04  5.68860000E-04
2001-12-28T08:40:57.397 -3.70240000E-04  2.01780000E-04  3.33630000E-04
2001-12-28T08:40:58.397  3.29260000E-05  6.81910000E-04  5.32210000E-04
2001-12-28T08:40:59.397 -2.24040000E-04  3.25000000E-04  5.93890000E-04
2001-12-28T08:41:00.397 -1.85690000E-04  4.28490000E-04  6.68950000E-04
2001-12-28T08:41:01.397  8.94380000E-05  6.63060000E-04  2.25100000E-04
2001-12-28T08:41:02.397 -4.24890000E-05  5.40870000E-04  5.08180000E-04
2001-12-28T08:41:03.397 -8.92900000E-05  4.14940000E-04  4.01170000E-04
2001-12-28T08:41:04.397 -8.08670000E-05  5.54100000E-04  4.28670000E-04
2001-12-28T08:41:05.397 -9.57720000E-05  5.81400000E-04  5.15950000E-04
2001-12-28T08:41:06.397 -1.28390000E-04  8.16320000E-04  7.49400000E-04
2001-12-28T08:41:07.397 -2.97800000E-04  8.79470000E-04  2.65750000E-04
2001-12-28T08:41:08.397 -8.79970000E-05  7.57580000E-04  7.15330000E-05
2001-12-28T08:41:09.397 -5.99780000E-05  8.41440000E-04  5.04330000E-04
2001-12-28T08:41:10.397 -2.54620000E-04  4.47580000E-04  5.16790000E-04
2001-12-28T08:41:11.397 -4.71540000E-06  6.64430000E-04  5.43070000E-04
2001-12-28T08:41:12.397  4.95480000E-05  6.38000000E-04  4.70030000E-04
2001-12-28T08:41:13.397  8.64520000E-05  8.73850000E-04  8.74460000E-04
2001-12-28T08:41:14.397 -1.26610000E-04  4.93390000E-04  1.31480000E-04
2001-12-28T08:41:15.397  5.54720000E-05  8.03140000E-04  4.09040000E-04
2001-12-28T08:41:16.397 -1.99080000E-04  7.97050000E-04  4.05250000E-04
2001-12-28T08:41:17.397  1.21950000E-04  7.32700000E-04  6.58510000E-04
2001-12-28T08:41:18.397 -1.28850000E-04  1.01540000E-03  1.92690000E-04
2001-12-28T08:41:19.397 -2.09420000E-04  9.64850000E-04  6.18560000E-04
2001-12-28T08:41:20.397 -2.56130000E-04  1.07890000E-03  7.80620000E-04
2001-12-28T08:41:21.397 -2.83680000E-04  1.09890000E-03  4.13650000E-04
2001-12-28T08:41:22.397  1.06120000E-04  9.08630000E-04  3.41150000E-05
2001-12-28T08:41:23.397  2.85470000E-05  7.12250000E-04  6.19440000E-04
2001-12-28T08:41:24.397  2.99990000E-05  8.26860000E-04  4.04760000E-04
2001-12-28T08:41:25.397 -6.69000000E-05  9.40280000E-04  2.38250000E-04
2001-12-28T08:41:26.397 -4.28050000E-04  1.15110000E-03  6.23910000E-04
2001-12-28T08:41:27.397 -4.25620000E-04  1.33840000E-03  6.16890000E-04
2001-12-28T08:41:28.397 -1.91600000E-04  9.12130000E-04  3.24830000E-04
2001-12-28T08:41:29.397  3.14560000E-05  1.02650000E-03  6.11720000E-04
2001-12-28T08:41:30.397  8.34170000E-06  7.31430000E-04  1.26300000E-04
2001-12-28T08:41:31.397 -1.13670000E-04  1.08080000E-03  5.32070000E-04
2001-12-28T08:41:32.397 -4.05710000E-04  1.59470000E-03  2.44530000E-04
2001-12-28T08:41:33.397 -1.70000000E-04  1.51140000E-03  5.36490000E-04
2001-12-28T08:41:34.397 -5.56770000E-06  1.22060000E-03  9.86410000E-04
2001-12-28T08:41:35.397  1.24140000E-04  1.24450000E-03  2.57230000E-04
2001-12-28T08:41:36.397 -2.60820000E-04  1.79470000E-03  1.55870000E-04
2001-12-28T08:41:37.397 -1.08930000E-04  1.77330000E-03  6.50880000E-04
2001-12-28T08:41:38.397  5.61470000E-05  1.27490000E-03  3.65470000E-04
2001-12-28T08:41:39.397 -3.92140000E-04  2.07550000E-03  2.08430000E-04
2001-12-28T08:41:40.397 -8.08590000E-05  1.90950000E-03  8.37030000E-04
2001-12-28T08:41:41.397 -9.81020000E-05  1.50720000E-03  6.50980000E-04
2001-12-28T08:41:42.397 -2.13130000E-04  2.09950000E-03  4.72980000E-04
2001-12-28T08:41:43.397 -2.06270000E-04  1.72130000E-03  2.99970000E-04
2001-12-28T08:41:44.397 -1.09030000E-04  2.32840000E-03  6.17930000E-04
2001-12-28T08:41:45.397 -2.35050000E-04  1.83060000E-03  4.79520000E-04
2001-12-28T08:41:46.397  2.01620000E-05  1.79930000E-03  5.92510000E-04
2001-12-28T08:41:47.397 -3.38480000E-04  2.09990000E-03  6.19170000E-04
2001-12-28T08:41:48.397  8.53490000E-05  1.53810000E-03  6.85210000E-04
2001-12-28T08:41:49.397 -4.29020000E-04  1.79310000E-03  4.93780000E-05
2001-12-28T08:41:50.397 -1.37770000E-04  2.10100000E-03  4.55680000E-04
2001-12-28T08:41:51.397 -6.99340000E-06  2.13730000E-03  6.44530000E-04
2001-12-28T08:41:52.397 -3.95170000E-04  2.47410000E-03  6.06060000E-04
2001-12-28T08:41:53.397  1.53240000E-04  1.84480000E-03  3.41460000E-04
2001-12-28T08:41:54.397 -4.79730000E-04  2.37630000E-03  7.28260000E-04
2001-12-28T08:41:55.397  4.82370000E-06  2.22470000E-03  4.17270000E-04
2001-12-28T08:41:56.397 -1.00840000E-04  2.76270000E-03  2.55580000E-04
2001-12-28T08:41:57.397 -4.60870000E-06  2.48170000E-03  3.24300000E-04
2001-12-28T08:41:58.397 -1.10710000E-04  2.93280000E-03  6.15720000E-04
2001-12-28T08:41:59.397 -3.08360000E-04  2.74460000E-03  6.26190000E-04
2001-12-28T08:42:00.397 -3.58490000E-04  2.74910000E-03  4.93400000E-04
2001-12-28T08:42:01.397  1.88190000E-04  2.98210000E-03  6.79510000E-04
2001-12-28T08:42:02.397 -2.83660000E-04  3.01840000E-03  8.26090000E-04
2001-12-28T08:42:03.397 -2.09070000E-04  2.87000000E-03  7.28080000E-05
2001-12-28T08:42:04.397 -3.27860000E-04  2.83840000E-03  4.34840000E-04
2001-12-28T08:42:05.397  5.77110000E-06  2.93050000E-03  9.79110000E-04
2001-12-28T08:42:06.397 -1.05120000E-04  3.06290000E-03  2.25310000E-04
2001-12-28T08:42:07.397 -3.69320000E-04  2.96440000E-03  5.32240000E-04
2001-12-28T08:42:08.397 -3.03800000E-04  2.83630000E-03  4.75520000E-04
2001-12-28T08:42:09.397  1.38380000E-04  3.16830000E-03  4.87630000E-04
2001-12-28T08:42:10.397  3.72870000E-05  2.92090000E-03  4.85740000E-04
2001-12-28T08:42:11.397 -3.74370000E-04  3.04900000E-03  8.38440000E-04
2001-12-28T08:42:12.397 -4.48810000E-04  2.98810000E-03  4.06410000E-05
2001-12-28T08:42:13.397  1.68060000E-04  3.06990000E-03  6.59470000E-04
2001-12-28T08:42:14.397  8.49800000E-05  2.73970000E-03  6.04840000E-04
2001-12-28T08:42:15.397 -3.65300000E-04  3.15190000E-03  3.90920000E-04
2001-12-28T08:42:16.397 -3.56190000E-04  3.20750000E-03  6.71970000E-04
2001-12-28T08:42:17.397  1.28920000E-04  3.26770000E-03  6.11860000E-04
2001-12-28T08:42:18.397 -2.22580000E-04  3.31150000E-03  6.23580000E-04
2001-12-28T08:42:19.397 -7.21090000E-05  3.31670000E-03  4.03220000E-04
2001-12-28T08:42:20.397 -1.09510000E-05  3.43830000E-03  2.39700000E-04
2001-12-28T08:42:21.397 -2.48450000E-04  3.01580000E-03  5.98140000E-04
2001-12-28T08:42:22.397 -3.69020000E-04  3.45800000E-03  4.59170000E-04
2001-12-28T08:42:23.397 -2.19620000E-06  3.84450000E-03  8.13600000E-04
2001-12-28T08:42:24.397 -2.60980000E-04  4.05840000E-03  3.67940000E-04
2001-12-28T08:42:25.397 -1.26180000E-04  4.02030000E-03  4.03080000E-04
2001-12-28T08:42:26.397 -4.10060000E-04  3.63830000E-03  5.35190000E-04
2001-12-28T08:42:27.397 -2.14990000E-05  3.80110000E-03  6.82570000E-04
2001-12-28T08:42:28.397 -3.90600000E-05  4.06210000E-03  7.69100000E-04
2001-12-28T08:42:29.397 -2.38440000E-05  3.88960000E-03  7.33360000E-04
2001-12-28T08:42:30.397 -2.60760000E-04  3.82380000E-03  5.31230000E-04
2001-12-28T08:42:31.397 -8.20140000E-05  4.15780000E-03  2.96110000E-04
2001-12-28T08:42:32.397 -3.10110000E-04  4.08670000E-03  9.22250000E-04
2001-12-28T08:42:33.397 -9.41610000E-05  4.74600000E-03  5.58770000E-04
2001-12-28T08:42:34.397 -1.20050000E-04  4.72610000E-03  5.57650000E-04
2001-12-28T08:42:35.397 -3.10720000E-04  4.95420000E-03  3.89010000E-04
2001-12-28T08:42:36.397 -5.19100000E-05  4.66840000E-03  3.51530000E-04
2001-12-28T08:42:37.397 -1.82010000E-04  4.27180000E-03  8.68820000E-04
2001-12-28T08:42:38.397 -1.83800000E-04  5.06240000E-03  8.18180000E-04
2001-12-28T08:42:39.397  8.72430000E-05  5.19130000E-03  4.26490000E-04
2001-12-28T08:42:40.397 -3.85330000E-04  5.60730000E-03  6.01730000E-04
2001-12-28T08:42:41.397 -1.41940000E-04  5.80570000E-03  3.65130000E-04
2001-12-28T08:42:42.397 -3.79760000E-04  5.71670000E-03  9.75010000E-04
2001-12-28T08:42:43.397 -1.93730000E-04  5.78130000E-03  6.22670000E-04
2001-12-28T08:42:44.397 -3.15840000E-04  6.31370000E-03  4.84910000E-04
2001-12-28T08:42:45.397 -4.29470000E-04  6.25640000E-03  5.54510000E-04
2001-12-28T08:42:46.397 -1.76500000E-04  6.83120000E-03  5.16570000E-04
2001-12-28T08:42:47.397 -1.26580000E-05  8.08900000E-03  8.07490000E-04
2001-12-28T08:42:48.397 -8.30950000E-04  9.15560000E-03  6.41410000E-04
2001-12-28T08:42:49.397 -5.10290000E-04  9.99640000E-03  6.24330000E-04
2001-12-28T08:42:50.397  1.76150000E-04  1.08340000E-02  1.03340000E-03
2001-12-28T08:42:51.397 -8.14640000E-04  1.01770000E-02  7.97010000E-04
2001-12-28T08:42:52.397  2.60400000E-04  1.04990000E-02  6.59850000E-04
2001-12-28T08:42:53.397 -5.69610000E-04  9.43760000E-03  4.15340000E-04
2001-12-28T08:42:54.397 -4.85530000E-04  9.62260000E-03  6.64580000E-04
2001-12-28T08:42:55.397  9.06470000E-05  1.11040000E-02  8.09050000E-04
2001-12-28T08:42:56.397 -7.17330000E-04  1.10250000E-02  7.12600000E-04
2001-12-28T08:42:57.397 -2.31840000E-04  1.19120000E-02  7.31090000E-04
2001-12-28T08:42:58.397 -1.46400000E-04  1.22140000E-02  8.77340000E-04
2001-12-28T08:42:59.397 -3.30640000E-04  1.20730000E-02  3.80700000E-04
2001-12-28T08:43:00.397 -4.11950000E-04  1.21930000E-02  6.28260000E-04
2001-12-28T08:43:01.397  2.72390000E-05  1.28210000E-02  6.95440000E-04
2001-12-28T08:43:02.397 -4.95750000E-04  1.26740000E-02  7.26910000E-04
2001-12-28T08:43:03.397 -2.21390000E-04  1.27340000E-02  8.64230000E-04
2001-12-28T08:43:04.397 -3.24150000E-04  1.24400000E-02  6.57820000E-04
2001-12-28T08:43:05.397  6.26030000E-05  1.26660000E-02  8.03280000E-04
2001-12-28T08:43:06.397 -3.12460000E-04  1.27900000E-02  3.16830000E-04
2001-12-28T08:43:07.397 -3.50790000E-04  1.31590000E-02  5.12590000E-04
2001-12-28T08:43:08.397 -1.01230000E-04  1.29360000E-02  5.12760000E-04
2001-12-28T08:43:09.397 -2.49050000E-04  1.29200000E-02  7.50050000E-04
2001-12-28T08:43:10.397 -6.86620000E-05  1.35130000E-02  4.53920000E-04
2001-12-28T08:43:11.397 -2.83200000E-04  1.32010000E-02  6.10750000E-04
2001-12-28T08:43:12.397 -3.06480000E-04  1.32250000E-02  3.10900000E-04
2001-12-28T08:43:13.397 -1.22830000E-04  1.33280000E-02  7.76820000E-04
2001-12-28T08:43:14.397 -4.87780000E-04  1.30370000E-02  4.80060000E-04
2001-12-28T08:43:15.397  5.19700000E-05  1.23660000E-02  6.07100000E-04
2001-12-28T08:43:16.397 -3.22670000E-04  1.23740000E-02  5.57450000E-04
2001-12-28T08:43:17.397 -1.74120000E-04  1.33470000E-02  6.00730000E-04
2001-12-28T08:43:18.397  8.60010000E-05  1.36870000E-02  7.78750000E-04
2001-12-28T08:43:19.397 -6.80060000E-04  1.31230000E-02  7.46370000E-04
2001-12-28T08:43:20.397 -4.87010000E-04  1.38270000E-02  7.92730000E-04
2001-12-28T08:43:21.397 -3.60320000E-04  1.37240000E-02  9.20190000E-04
2001-12-28T08:43:22.397 -6.31860000E-04  1.40760000E-02  5.77430000E-04
2001-12-28T08:43:23.397  6.97930000E-05  1.40210000E-02  4.86220000E-04
2001-12-28T08:43:24.397 -3.83970000E-04  1.32730000E-02  4.31110000E-04
2001-12-28T08:43:25.397 -5.32690000E-04  1.25410000E-02  7.66700000E-04
2001-12-28T08:43:26.397  1.04030000E-04  1.26840000E-02  9.27950000E-04
2001-12-28T08:43:27.397 -3.98030000E-04  1.33510000E-02  7.51160000E-04
2001-12-28T08:43:28.397 -3.77370000E-04  1.22340000E-02  5.63440000E-04
2001-12-28T08:43:29.397 -4.23320000E-04  1.25940000E-02  9.12980000E-04
2001-12-28T08:43:30.397 -2.45180000E-04  1.36780000E-02  6.46700000E-04
2001-12-28T08:43:31.397 -4.00220000E-04  1.36980000E-02  8.14980000E-04
2001-12-28T08:43:32.397 -7.62130000E-04  1.39830000E-02  9.33280000E-04
2001-12-28T08:43:33.397 -3.85630000E-04  1.45060000E-02  7.76170000E-04
2001-12-28T08:43:34.397 -2.44850000E-04  1.51190000E-02  5.94430000E-04
2001-12-28T08:43:35.397 -3.27050000E-04  1.54690000E-02  1.02510000E-03
2001-12-28T08:43:36.397 -8.07440000E-04  1.56850000E-02  7.76290000E-04
2001-12-28T08:43:37.397 -1.66160000E-04  1.58790000E-02  9.92080000E-04
2001-12-28T08:43:38.397 -2.53980000E-04  1.59980000E-02  6.57350000E-04
2001-12-28T08:43:39.397 -6.31780000E-04  1.60240000E-02  8.32350000E-04
2001-12-28T08:43:40.397 -4.20910000E-04  1.59820000E-02  1.01580000E-03
2001-12-28T08:43:41.397 -4.89190000E-04  1.58670000E-02  5.84520000E-04
2001-12-28T08:43:42.397 -5.55090000E-04  1.59870000E-02  1.26250000E-03
2001-12-28T08:43:43.397 -5.99790000E-04  1.66180000E-02  8.83950000E-04
2001-12-28T08:43:44.397 -1.12150000E-05  1.69720000E-02  5.29500000E-04
2001-12-28T08:43:45.397 -8.90720000E-04  1.67080000E-02  8.53930000E-04
2001-12-28T08:43:46.397  2.98930000E-04  1.74710000E-02  7.62410000E-04
2001-12-28T08:43:47.397 -9.05660000E-04  1.65780000E-02  9.56980000E-04
2001-12-28T08:43:48.397  1.53600000E-04  1.74460000E-02  6.69000000E-04
2001-12-28T08:43:49.397 -1.02630000E-03  1.65970000E-02  8.05700000E-04
2001-12-28T08:43:50.397  1.18470000E-04  1.73210000E-02  6.49160000E-04
2001-12-28T08:43:51.397 -6.31750000E-04  1.65510000E-02  7.96920000E-04
2001-12-28T08:43:52.397  2.04650000E-04  1.77110000E-02  6.69230000E-04
2001-12-28T08:43:53.397 -9.92120000E-04  1.72650000E-02  1.91450000E-04
2001-12-28T08:43:54.397  1.70510000E-04  1.90540000E-02  7.13190000E-04
2001-12-28T08:43:55.397 -4.60620000E-04  1.85550000E-02  9.12300000E-04
2001-12-28T08:43:56.397 -8.87080000E-04  1.79590000E-02  6.66200000E-04
2001-12-28T08:43:57.397  4.69410000E-04  1.80820000E-02  6.72130000E-04
2001-12-28T08:43:58.397  1.00930000E-04  1.80500000E-02  4.39240000E-04
2001-12-28T08:43:59.397 -1.02280000E-03  1.71200000E-02  6.37840000E-04
2001-12-28T08:44:00.397 -2.44700000E-04  1.80850000E-02  1.01880000E-03
2001-12-28T08:44:01.397  2.86790000E-04  1.84230000E-02  4.91470000E-04
2001-12-28T08:44:02.397 -5.06680000E-04  1.84050000E-02  3.97420000E-04
2001-12-28T08:44:03.397 -4.88560000E-04  1.87420000E-02  6.06730000E-04
2001-12-28T08:44:04.397 -2.19150000E-04  1.96210000E-02  1.16840000E-03
2001-12-28T08:44:05.397 -4.46080000E-04  1.96700000E-02  3.87630000E-04
2001-12-28T08:44:06.397 -5.76800000E-04  1.91440000E-02  4.46290000E-04
2001-12-28T08:44:07.397 -8.99930000E-04  1.79390000E-02  6.85100000E-04
2001-12-28T08:44:08.397 -6.49200000E-04  1.72750000E-02  6.25280000E-04
2001-12-28T08:44:09.397 -2.00760000E-04  1.74440000E-02  6.75730000E-04
2001-12-28T08:44:10.397 -1.07520000E-03  1.74580000E-02  7.36420000E-04
2001-12-28T08:44:11.397  8.00180000E-05  1.87340000E-02  7.70910000E-04
2001-12-28T08:44:12.397 -6.57430000E-05  1.87680000E-02  7.62810000E-04
2001-12-28T08:44:13.397 -5.68040000E-04  1.85050000E-02  5.52660000E-04
2001-12-28T08:44:14.397 -1.43360000E-03  1.77820000E-02  9.28730000E-04
2001-12-28T08:44:15.397 -4.27660000E-04  1.84950000E-02  9.41040000E-04
2001-12-28T08:44:16.397  4.64220000E-05  1.89670000E-02  6.52340000E-04
2001-12-28T08:44:17.397 -1.75380000E-04  1.86220000E-02  7.57770000E-04
2001-12-28T08:44:18.397 -7.91680000E-04  1.83360000E-02  7.18240000E-04
2001-12-28T08:44:19.397 -4.42150000E-04  1.90270000E-02  6.60310000E-04
2001-12-28T08:44:20.397 -1.32540000E-03  1.75290000E-02  8.08500000E-04
2001-12-28T08:44:21.397  2.54780000E-04  1.82390000E-02  8.60710000E-04
2001-12-28T08:44:22.397 -7.88740000E-04  1.72970000E-02  1.02570000E-03
2001-12-28T08:44:23.397 -3.69200000E-04  1.75170000E-02  6.73990000E-04
2001-12-28T08:44:24.397 -3.20980000E-04  1.78210000E-02  8.32970000E-04
2001-12-28T08:44:25.397 -9.52970000E-04  1.70850000E-02  8.38330000E-04
2001-12-28T08:44:26.397  2.11190000E-04  1.83800000E-02  8.80920000E-04
2001-12-28T08:44:27.397 -7.72420000E-05  1.85370000E-02  1.00960000E-03
2001-12-28T08:44:28.397 -2.70090000E-04  1.92770000E-02  1.10050000E-03
2001-12-28T08:44:29.397 -6.15010000E-04  1.97560000E-02  5.82930000E-04
2001-12-28T08:44:30.397 -5.83840000E-04  1.98040000E-02  7.73510000E-04
2001-12-28T08:44:31.397 -5.13880000E-04  1.96350000E-02  8.44800000E-04
2001-12-28T08:44:32.397 -1.22680000E-04  1.91850000E-02  8.92110000E-04
2001-12-28T08:44:33.397 -2.02420000E-04  1.90000000E-02  9.93010000E-04
2001-12-28T08:44:34.397 -3.24270000E-04  1.86480000E-02  7.00120000E-04
2001-12-28T08:44:35.397 -4.88750000E-04  1.86100000E-02  6.87130000E-04
2001-12-28T08:44:36.397 -7.23800000E-05  1.95290000E-02  6.28120000E-04
2001-12-28T08:44:37.397 -1.69310000E-04  1.92610000E-02  7.74330000E-04
2001-12-28T08:44:38.397 -9.03150000E-04  1.79740000E-02  9.29200000E-04
2001-12-28T08:44:39.397 -8.80900000E-04  1.74410000E-02  5.22140000E-04
2001-12-28T08:44:40.397 -3.50060000E-04  1.90100000E-02  7.83500000E-04
2001-12-28T08:44:41.397  2.15250000E-04  1.87420000E-02  4.74070000E-04
2001-12-28T08:44:42.397  2.69130000E-04  1.84890000E-02  1.11780000E-03
2001-12-28T08:44:43.397 -9.39450000E-04  1.72550000E-02  5.02450000E-04
2001-12-28T08:44:44.397 -7.38610000E-06  1.66830000E-02  6.31300000E-04
2001-12-28T08:44:45.397 -4.61300000E-04  1.60950000E-02  6.37590000E-04
2001-12-28T08:44:46.397 -2.15870000E-04  1.69340000E-02  4.97880000E-04
2001-12-28T08:44:47.397 -5.54590000E-04  1.68540000E-02  8.94890000E-04
2001-12-28T08:44:48.397 -7.87070000E-05  1.76020000E-02  5.39510000E-04
2001-12-28T08:44:49.397 -6.85980000E-04  1.66790000E-02  5.31040000E-04
2001-12-28T08:44:50.397  9.12870000E-05  1.80760000E-02  6.35680000E-04
2001-12-28T08:44:51.397 -1.03490000E-03  1.75340000E-02  5.29110000E-04
2001-12-28T08:44:52.397 -6.75570000E-04  1.79800000E-02  6.04930000E-04
2001-12-28T08:44:53.397  1.58960000E-04  1.87500000E-02  8.43310000E-04
2001-12-28T08:44:54.397 -3.64000000E-04  1.83240000E-02  6.55310000E-04
2001-12-28T08:44:55.397 -1.34710000E-03  1.73800000E-02  6.11650000E-04
2001-12-28T08:44:56.397  3.01210000E-04  1.81850000E-02  7.99020000E-04
2001-12-28T08:44:57.397 -6.96210000E-04  1.78780000E-02  7.54430000E-04
2001-12-28T08:44:58.397 -1.01330000E-03  1.76670000E-02  7.47300000E-04
2001-12-28T08:44:59.397  2.61820000E-05  1.81640000E-02  5.17980000E-04
2001-12-28T08:45:00.397 -6.52140000E-04  1.70470000E-02  4.64160000E-04
2001-12-28T08:45:01.397 -4.38680000E-04  1.65170000E-02  7.36390000E-04
2001-12-28T08:45:02.397 -4.32570000E-04  1.57060000E-02  1.15100000E-03
2001-12-28T08:45:03.397 -5.43780000E-04  1.53820000E-02  6.96750000E-04
2001-12-28T08:45:04.397 -4.14220000E-04  1.53600000E-02  2.43080000E-04
2001-12-28T08:45:05.397 -7.46940000E-05  1.54780000E-02  5.06800000E-04
2001-12-28T08:45:06.397 -3.31110000E-04  1.49470000E-02  1.22370000E-03
2001-12-28T08:45:07.397 -5.86230000E-04  1.50240000E-02  6.23740000E-04
2001-12-28T08:45:08.397 -9.26600000E-06  1.44680000E-02  5.56000000E-04
2001-12-28T08:45:09.397 -6.94050000E-04  1.33250000E-02  6.49060000E-04
2001-12-28T08:45:10.397 -1.50510000E-04  1.27790000E-02  8.46290000E-04
2001-12-28T08:45:11.397 -2.04670000E-04  1.27110000E-02  8.03300000E-04
2001-12-28T08:45:12.397 -3.99300000E-04  1.18340000E-02  7.53280000E-04
2001-12-28T08:45:13.397 -2.83580000E-04  1.18140000E-02  7.28880000E-04
2001-12-28T08:45:14.397 -1.20830000E-04  1.16710000E-02  9.75410000E-04
2001-12-28T08:45:15.397 -2.13250000E-04  1.19110000E-02  8.20100000E-04
2001-12-28T08:45:16.397 -5.23730000E-04  1.23810000E-02  6.80780000E-04
2001-12-28T08:45:17.397  2.12790000E-04  1.18850000E-02  6.85660000E-04
2001-12-28T08:45:18.397 -2.90530000E-04  1.19650000E-02  8.65000000E-04
2001-12-28T08:45:19.397 -2.88690000E-04  1.13760000E-02  6.97780000E-04
2001-12-28T08:45:20.397 -1.53990000E-04  1.19820000E-02  4.87200000E-04
2001-12-28T08:45:21.397  1.58880000E-04  1.23770000E-02  8.49420000E-04
2001-12-28T08:45:22.397 -4.06810000E-04  1.25620000E-02  7.08980000E-04
2001-12-28T08:45:23.397 -4.88320000E-04  1.25570000E-02  9.84850000E-04
2001-12-28T08:45:24.397 -2.04220000E-04  1.26130000E-02  4.45040000E-04
2001-12-28T08:45:25.397 -1.93850000E-04  1.23990000E-02  6.59090000E-04
2001-12-28T08:45:26.397  1.29390000E-04  1.25590000E-02  8.89620000E-04
2001-12-28T08:45:27.397 -4.52100000E-04  1.26200000E-02  5.56680000E-04
2001-12-28T08:45:28.397 -2.58010000E-04  1.30410000E-02  6.59670000E-04
2001-12-28T08:45:29.397 -4.02230000E-04  1.25490000E-02  8.76500000E-04
2001-12-28T08:45:30.397 -2.55290000E-04  1.25470000E-02  5.25650000E-04
2001-12-28T08:45:31.397 -2.15170000E-04  1.27450000E-02  6.53350000E-04
2001-12-28T08:45:32.397 -5.34740000E-04  1.26000000E-02  7.15220000E-04
2001-12-28T08:45:33.397 -2.51710000E-04  1.16100000E-02  9.67300000E-04
2001-12-28T08:45:34.397 -2.92540000E-04  1.15010000E-02  4.80610000E-04
2001-12-28T08:45:35.397 -7.66770000E-04  1.04100000E-02  7.43300000E-04
2001-12-28T08:45:36.397  4.00610000E-05  1.10500000E-02  4.90550000E-04
2001-12-28T08:45:37.397 -5.39810000E-04  1.04360000E-02  6.55600000E-04
2001-12-28T08:45:38.397 -7.52100000E-06  1.06080000E-02  7.82200000E-04
2001-12-28T08:45:39.397 -7.31620000E-04  1.04420000E-02  3.98620000E-04
2001-12-28T08:45:40.397 -1.25370000E-04  1.12830000E-02  5.73420000E-04
2001-12-28T08:45:41.397 -7.10370000E-04  1.02730000E-02  7.30560000E-04
2001-12-28T08:45:42.397  2.22860000E-04  1.11510000E-02  5.29770000E-04
2001-12-28T08:45:43.397 -8.89540000E-04  1.05170000E-02  3.29680000E-04
2001-12-28T08:45:44.397  3.17220000E-05  1.05670000E-02  6.28920000E-04
2001-12-28T08:45:45.397 -4.50710000E-04  9.36450000E-03  5.91140000E-04
2001-12-28T08:45:46.397 -6.03280000E-04  8.81860000E-03  3.85110000E-04
2001-12-28T08:45:47.397 -3.30770000E-04  8.52670000E-03  7.22810000E-04
2001-12-28T08:45:48.397  7.00160000E-05  8.07650000E-03  7.26150000E-04
2001-12-28T08:45:49.397  2.03210000E-05  8.12940000E-03  5.93330000E-04
2001-12-28T08:45:50.397 -1.25530000E-04  7.11870000E-03  4.49020000E-04
2001-12-28T08:45:51.397 -8.54890000E-04  6.60320000E-03  4.54720000E-04
2001-12-28T08:45:52.397  2.14790000E-04  7.25750000E-03  6.57510000E-04
2001-12-28T08:45:53.397  1.38230000E-04  7.76900000E-03  2.87990000E-04
2001-12-28T08:45:54.397 -2.91420000E-04  7.39560000E-03  1.47210000E-04
2001-12-28T08:45:55.397 -1.62540000E-04  8.60150000E-03  9.26520000E-04
2001-12-28T08:45:56.397 -1.22450000E-04  8.57590000E-03  4.80810000E-04
2001-12-28T08:45:57.397 -1.57420000E-04  8.13910000E-03  6.04220000E-04
2001-12-28T08:45:58.397 -2.49400000E-04  9.18220000E-03  7.09500000E-04
2001-12-28T08:45:59.397 -9.55830000E-04  9.42750000E-03  8.14430000E-04
2001-12-28T08:46:00.397 -3.74740000E-04  9.60550000E-03  3.98620000E-04
2001-12-28T08:46:01.397 -3.20920000E-05  8.56820000E-03  6.08390000E-04
2001-12-28T08:46:02.397 -2.27670000E-04  7.42060000E-03  7.00350000E-04
2001-12-28T08:46:03.397  3.55810000E-04  6.32810000E-03  2.44460000E-04
2001-12-28T08:46:04.397 -5.22330000E-04  5.07950000E-03  7.90310000E-04
2001-12-28T08:46:05.397 -9.13570000E-05  4.81470000E-03  4.80900000E-04
2001-12-28T08:46:06.397  7.73160000E-05  4.61040000E-03  5.32910000E-04
2001-12-28T08:46:07.397 -1.87290000E-04  3.59620000E-03  6.87250000E-04
2001-12-28T08:46:08.397 -2.79680000E-05  3.90300000E-03  3.60000000E-04
2001-12-28T08:46:09.397 -7.00680000E-05  3.94750000E-03  4.86940000E-04
2001-12-28T08:46:10.397 -3.40020000E-05  4.52610000E-03  4.86440000E-04
2001-12-28T08:46:11.397 -2.50990000E-05  3.74350000E-03  6.60660000E-04
2001-12-28T08:46:12.397 -1.56630000E-04  3.88110000E-03  5.23160000E-04
2001-12-28T08:46:13.397 -2.63660000E-04  3.68310000E-03  3.81970000E-04
2001-12-28T08:46:14.397  2.78570000E-04  3.63610000E-03  4.37110000E-04
2001-12-28T08:46:15.397 -2.76270000E-04  3.57170000E-03  5.32700000E-04
2001-12-28T08:46:16.397 -1.65920000E-05  3.83840000E-03  5.28780000E-04
2001-12-28T08:46:17.397 -2.11760000E-04  3.65410000E-03  7.02400000E-04
2001-12-28T08:46:18.397 -1.95270000E-04  3.85580000E-03  6.60790000E-04
2001-12-28T08:46:19.397 -3.64600000E-05  3.45770000E-03  7.77590000E-04
2001-12-28T08:46:20.397 -3.77840000E-04  3.18230000E-03  6.33810000E-04
2001-12-28T08:46:21.397 -7.97460000E-05  3.34620000E-03  6.64280000E-04
2001-12-28T08:46:22.397 -5.93850000E-05  3.28780000E-03  2.63870000E-04
2001-12-28T08:46:23.397 -8.05270000E-05  3.19470000E-03  6.07270000E-04
2001-12-28T08:46:24.397 -1.83120000E-04  3.15680000E-03  5.63860000E-04
2001-12-28T08:46:25.397 -1.55860000E-04  2.94670000E-03  5.99610000E-04
2001-12-28T08:46:26.397 -4.54090000E-05  2.98930000E-03  7.04480000E-04
2001-12-28T08:46:27.397 -2.01510000E-04  3.11180000E-03  1.88720000E-04
2001-12-28T08:46:28.397 -1.95310000E-04  2.73830000E-03  6.28160000E-04
2001-12-28T08:46:29.397 -5.67080000E-05  2.06050000E-03  7.59020000E-04
2001-12-28T08:46:30.397 -1.74650000E-04  2.77040000E-03  3.26210000E-04
2001-12-28T08:46:31.397 -6.40660000E-05  2.32780000E-03  5.28610000E-04
2001-12-28T08:46:32.397 -9.53090000E-05  2.97140000E-03  4.89490000E-04
2001-12-28T08:46:33.397 -1.87820000E-04  3.07670000E-03  6.50520000E-04
2001-12-28T08:46:34.397  1.34400000E-04  1.97050000E-03  5.15300000E-04
2001-12-28T08:46:35.397 -4.22700000E-04  2.41370000E-03  5.71080000E-04
2001-12-28T08:46:36.397  2.03510000E-04  2.46150000E-03  5.32890000E-04
2001-12-28T08:46:37.397 -4.23340000E-04  2.75340000E-03  6.38670000E-04
2001-12-28T08:46:38.397 -1.32230000E-04  2.74620000E-03  5.29330000E-04
2001-12-28T08:46:39.397 -1.53460000E-04  2.61860000E-03  6.76340000E-04
2001-12-28T08:46:40.397 -2.24880000E-04  2.70240000E-03  3.49080000E-04
2001-12-28T08:46:41.397 -5.58670000E-05  2.36020000E-03  6.91080000E-04
2001-12-28T08:46:42.397 -1.72130000E-04  2.93870000E-03  8.90860000E-04
2001-12-28T08:46:43.397 -1.64250000E-04  2.30790000E-03  3.65330000E-04
2001-12-28T08:46:44.397 -2.42760000E-04  2.66350000E-03  4.28260000E-04
2001-12-28T08:46:45.397 -1.60770000E-04  2.17300000E-03  7.88950000E-04
2001-12-28T08:46:46.397 -1.67110000E-04  2.47150000E-03  2.66730000E-04
2001-12-28T08:46:47.397 -6.77730000E-05  2.65030000E-03  5.63590000E-04
2001-12-28T08:46:48.397 -2.63870000E-04  2.36590000E-03  2.25840000E-04
2001-12-28T08:46:49.397 -5.60870000E-04  2.54720000E-03  2.39720000E-04
2001-12-28T08:46:50.397  1.17800000E-04  2.17920000E-03  8.75460000E-04
2001-12-28T08:46:51.397 -5.17700000E-04  2.19390000E-03  1.96420000E-04
2001-12-28T08:46:52.397  5.86710000E-05  1.93570000E-03  6.28010000E-04
2001-12-28T08:46:53.397 -3.09170000E-04  2.08380000E-03  5.34330000E-04
2001-12-28T08:46:54.397 -2.35540000E-04  1.96110000E-03  3.93480000E-04
2001-12-28T08:46:55.397  2.33010000E-04  1.65760000E-03  4.83000000E-04
2001-12-28T08:46:56.397 -5.12280000E-04  2.21530000E-03  7.33520000E-04
2001-12-28T08:46:57.397 -4.53340000E-05  1.56850000E-03  3.55760000E-04
2001-12-28T08:46:58.397  7.21250000E-05  1.73600000E-03  4.64280000E-04
2001-12-28T08:46:59.397 -4.07940000E-04  1.98320000E-03  4.44500000E-04
2001-12-28T08:47:00.397  1.45380000E-04  1.26880000E-03  6.93230000E-04
2001-12-28T08:47:01.397 -1.26240000E-04  1.60240000E-03  5.83910000E-04
2001-12-28T08:47:02.397 -6.90850000E-04  1.81360000E-03  5.31300000E-04
2001-12-28T08:47:03.397 -4.08790000E-05  1.43310000E-03  4.32370000E-04
2001-12-28T08:47:04.397  5.47760000E-05  1.10270000E-03  4.88570000E-04
2001-12-28T08:47:05.397 -3.84390000E-05  1.52160000E-03  4.59290000E-04
2001-12-28T08:47:06.397 -2.65970000E-04  1.62720000E-03  6.12190000E-04
2001-12-28T08:47:07.397 -2.06910000E-04  1.19770000E-03  6.90580000E-04
2001-12-28T08:47:08.397 -1.43670000E-04  8.22910000E-04  5.96360000E-04
2001-12-28T08:47:09.397  2.25080000E-04  8.60230000E-04  4.01290000E-04
2001-12-28T08:47:10.397  1.41650000E-05  1.10480000E-03  2.47800000E-04
2001-12-28T08:47:11.397 -5.41520000E-04  1.25360000E-03  5.53490000E-04
2001-12-28T08:47:12.397 -4.14730000E-04  1.33120000E-03  6.11820000E-04
2001-12-28T08:47:13.397 -1.28700000E-05  1.09460000E-03  4.73840000E-04
2001-12-28T08:47:14.397  1.38490000E-04  8.26870000E-04  5.43540000E-04
2001-12-28T08:47:15.397  6.34650000E-05  8.75050000E-04  4.23390000E-04
2001-12-28T08:47:16.397  7.61690000E-05  1.01010000E-03  3.06540000E-04
2001-12-28T08:47:17.397 -2.52120000E-04  9.18140000E-04  7.84460000E-04
2001-12-28T08:47:18.397 -3.20550000E-04  6.80490000E-04  1.57410000E-04
2001-12-28T08:47:19.397 -1.56600000E-04  9.86570000E-04  4.40080000E-04
2001-12-28T08:47:20.397 -2.20960000E-04  9.08660000E-04  4.01530000E-04
2001-12-28T08:47:21.397 -2.02550000E-04  8.79810000E-04  4.22790000E-04
2001-12-28T08:47:22.397 -7.14410000E-05  6.80590000E-04  3.49480000E-04
2001-12-28T08:47:23.397 -1.35090000E-04  7.79710000E-04  5.14770000E-04
2001-12-28T08:47:24.397  5.45770000E-05  6.42040000E-04  5.12670000E-04
2001-12-28T08:47:25.397 -2.08480000E-04  6.10350000E-04  4.31130000E-04
2001-12-28T08:47:26.397 -2.51400000E-04  5.35770000E-04  3.39770000E-04
2001-12-28T08:47:27.397  7.48140000E-05  7.50440000E-04  7.11440000E-04
2001-12-28T08:47:28.397  6.42210000E-05  5.89670000E-04  2.71070000E-04
2001-12-28T08:47:29.397 -1.32450000E-04  6.06550000E-04  4.71560000E-04
2001-12-28T08:47:30.397 -2.50410000E-04  5.85240000E-04  4.37000000E-04
2001-12-28T08:47:31.397 -7.92540000E-05  7.12670000E-04  5.23950000E-04
2001-12-28T08:47:32.397 -1.85110000E-04  8.00820000E-04  5.53280000E-04
2001-12-28T08:47:33.397 -2.55470000E-04  7.95760000E-04  1.92170000E-04
2001-12-28T08:47:34.397 -2.39490000E-04  7.56170000E-04  3.77860000E-04
2001-12-28T08:47:35.397 -1.25270000E-04  6.28140000E-04  4.40760000E-04
2001-12-28T08:47:36.397 -4.54150000E-05  5.29180000E-04  5.86010000E-04
2001-12-28T08:47:37.397 -2.75360000E-04  8.13960000E-04  5.29860000E-04
2001-12-28T08:47:38.397  1.63340000E-04  5.93570000E-04  3.30830000E-04
2001-12-28T08:47:39.397 -6.05030000E-04  3.96610000E-04  3.34020000E-04
2001-12-28T08:47:40.397  1.14080000E-04  6.15300000E-04  6.09040000E-04
2001-12-28T08:47:41.397 -4.33550000E-05  4.45220000E-04  5.75380000E-04
2001-12-28T08:47:42.397 -5.58780000E-05  3.12610000E-04  4.96450000E-04
2001-12-28T08:47:43.397 -3.30270000E-04  2.15670000E-04  5.06620000E-04
2001-12-28T08:47:44.397  3.60160000E-04  3.30470000E-04  3.14960000E-04
2001-12-28T08:47:45.397 -3.81610000E-04  2.60600000E-04  1.84300000E-04
2001-12-28T08:47:46.397 -7.03640000E-05  3.92780000E-05  7.46420000E-04
2001-12-28T08:47:47.397 -6.92100000E-05  4.25130000E-04  3.98560000E-04
2001-12-28T08:47:48.397 -1.53880000E-05  3.65060000E-04  5.05010000E-04
2001-12-28T08:47:49.397 -2.91760000E-04  3.28280000E-04  3.45730000E-04
2001-12-28T08:47:50.397  1.54240000E-04  4.66780000E-04  5.78180000E-04
2001-12-28T08:47:51.397 -1.99950000E-04  9.46060000E-05  5.40570000E-04
2001-12-28T08:47:52.397 -6.69720000E-05  3.91220000E-04  1.18070000E-04
2001-12-28T08:47:53.397 -1.30310000E-04  5.64260000E-04  7.02490000E-04
2001-12-28T08:47:54.397 -3.87810000E-05  6.19850000E-04  5.16280000E-04
2001-12-28T08:47:55.397 -2.13710000E-04  1.52290000E-04  3.79330000E-04
2001-12-28T08:47:56.397 -3.36910000E-05  5.98510000E-04  5.91560000E-04
2001-12-28T08:47:57.397 -2.68260000E-04  4.45410000E-04  2.21300000E-04
2001-12-28T08:47:58.397 -1.84760000E-04  1.20720000E-04  4.21880000E-04
2001-12-28T08:47:59.397 -7.03610000E-05  6.29250000E-04  3.47620000E-04
2001-12-28T08:48:00.397 -2.20340000E-04  2.59050000E-04  4.87860000E-04
2001-12-28T08:48:01.397 -1.60310000E-04  3.24770000E-04  4.14750000E-04
2001-12-28T08:48:02.397  3.36350000E-05  6.39450000E-04  4.68850000E-04
2001-12-28T08:48:03.397 -2.52620000E-04  2.72240000E-04  4.72950000E-04
2001-12-28T08:48:04.397 -1.76200000E-04  3.83630000E-04  3.43250000E-04
2001-12-28T08:48:05.397 -2.11890000E-04  2.44900000E-04  4.75280000E-04
2001-12-28T08:48:06.397 -3.40890000E-04 -1.31550000E-05  6.19120000E-04
2001-12-28T08:48:07.397  8.26330000E-05  5.92160000E-04  4.39780000E-04
2001-12-28T08:48:08.397  1.55580000E-04 -2.07070000E-05  2.25160000E-04
2001-12-28T08:48:09.397 -2.21180000E-04  1.35570000E-04  3.49260000E-04
2001-12-28T08:48:10.397  1.43540000E-04  1.59350000E-04  5.03110000E-04
2001-12-28T08:48:11.397 -2.90430000E-04 -4.96240000E-05  4.08680000E-04
2001-12-28T08:48:12.397  2.70900000E-05  2.80670000E-04  6.61730000E-04
2001-12-28T08:48:13.397 -5.72380000E-05  5.30950000E-05  6.17710000E-04
2001-12-28T08:48:14.397 -5.18620000E-04  1.09330000E-04  3.35020000E-04
2001-12-28T08:48:15.397  1.11810000E-06  3.95330000E-04  2.08730000E-04
2001-12-28T08:48:16.397 -3.97650000E-04  1.04000000E-04  2.94910000E-04
2001-12-28T08:48:17.397  3.27240000E-05  4.17260000E-04  5.27970000E-04
2001-12-28T08:48:18.397 -1.99670000E-04  1.17740000E-04  5.29260000E-04
2001-12-28T08:48:19.397 -2.07500000E-04  1.01400000E-05  4.87310000E-04
2001-12-28T08:48:20.397  5.53500000E-05 -1.80130000E-06  1.48450000E-04
2001-12-28T08:48:21.397 -1.62320000E-04 -2.78210000E-04  5.50640000E-04
2001-12-28T08:48:22.397  2.70560000E-04  2.77540000E-04  6.68710000E-04
2001-12-28T08:48:23.397 -1.66900000E-04 -1.26430000E-04  4.12520000E-04
2001-12-28T08:48:24.397 -2.69690000E-04  1.59470000E-04  6.48800000E-04
2001-12-28T08:48:25.397 -1.76990000E-04  2.31090000E-04  1.19320000E-04
2001-12-28T08:48:26.397 -3.02070000E-04  1.64230000E-04  2.14090000E-04
2001-12-28T08:48:27.397  9.56460000E-05  3.65150000E-04  5.21420000E-04
2001-12-28T08:48:28.397 -1.52370000E-04 -3.85850000E-04  3.12200000E-04
2001-12-28T08:48:29.397  1.77950000E-04  8.65420000E-05  8.01050000E-04
2001-12-28T08:48:30.397  1.66670000E-04  1.95160000E-05  4.69810000E-04
2001-12-28T08:48:31.397 -4.83710000E-04 -2.21580000E-04  5.55920000E-04
2001-12-28T08:48:32.397  1.50410000E-04  2.81720000E-04  5.26220000E-04
2001-12-28T08:48:33.397 -3.42950000E-04  7.95550000E-05  4.63460000E-04
2001-12-28T08:48:34.397  8.67850000E-05  2.69850000E-04  2.14040000E-04
2001-12-28T08:48:35.397 -3.82050000E-04  1.44890000E-04  7.24650000E-04
2001-12-28T08:48:36.397 -3.48190000E-04 -3.09370000E-04  4.80020000E-04
2001-12-28T08:48:37.397  2.25970000E-04  1.85620000E-04  4.65040000E-04
2001-12-28T08:48:38.397 -3.17520000E-04 -2.33480000E-04  3.16050000E-04
2001-12-28T08:48:39.397  1.69470000E-04 -3.65240000E-05  8.25000000E-04
2001-12-28T08:48:40.397 -2.13960000E-04 -1.72230000E-04  2.06950000E-04
2001-12-28T08:48:41.397 -1.20500000E-04  2.48340000E-04  7.00110000E-04
2001-12-28T08:48:42.397 -3.29190000E-04  1.35090000E-04  2.25530000E-04
2001-12-28T08:48:43.397 -3.55700000E-04  1.03580000E-04  5.97160000E-04
2001-12-28T08:48:44.397 -6.64840000E-06  8.57780000E-05  5.07640000E-04
2001-12-28T08:48:45.397 -2.67180000E-04 -3.92110000E-04  4.64610000E-04
2001-12-28T08:48:46.397  3.73660000E-04 -2.32140000E-05  3.15730000E-04
2001-12-28T08:48:47.397 -3.67090000E-04 -5.02330000E-04  5.04060000E-04
2001-12-28T08:48:48.397  9.89080000E-05  3.26460000E-04  4.53650000E-04
2001-12-28T08:48:49.397 -6.74320000E-04 -1.80620000E-04  4.43240000E-04
2001-12-28T08:48:50.397 -7.41940000E-05  2.71460000E-04  4.36320000E-04
2001-12-28T08:48:51.397  1.85020000E-05 -2.89600000E-04  3.78460000E-04
2001-12-28T08:48:52.397  1.05180000E-04 -2.19110000E-04  3.83020000E-04
2001-12-28T08:48:53.397 -2.76600000E-05 -3.13940000E-04  3.22850000E-04
2001-12-28T08:48:54.397 -1.64400000E-04 -1.86370000E-04  4.06270000E-04
2001-12-28T08:48:55.397 -2.99240000E-04  2.21090000E-04  7.41780000E-04
2001-12-28T08:48:56.397 -3.56330000E-04 -1.62340000E-04  6.21790000E-04
2001-12-28T08:48:57.397  3.40220000E-05  7.19110000E-05  6.12870000E-04
2001-12-28T08:48:58.397 -2.42890000E-04 -4.67940000E-04  3.79820000E-04
2001-12-28T08:48:59.397  4.02870000E-04 -5.10720000E-05  5.28950000E-04
2001-12-28T08:49:00.397 -4.84800000E-04 -4.48350000E-04  4.79500000E-04
2001-12-28T08:49:01.397  1.11130000E-04  2.76310000E-04  4.30400000E-04
2001-12-28T08:49:02.397 -5.07070000E-04 -2.08800000E-05  3.98420000E-04
2001-12-28T08:49:03.397  5.54150000E-05 -1.23250000E-04  3.45560000E-04
2001-12-28T08:49:04.397 -1.51620000E-04 -3.69650000E-04  5.32440000E-04
2001-12-28T08:49:05.397  8.69560000E-05 -2.10540000E-04  6.00220000E-04
2001-12-28T08:49:06.397 -1.39920000E-04 -1.60490000E-04  4.63240000E-04
2001-12-28T08:49:07.397 -3.28920000E-04 -7.33260000E-05  3.61190000E-04
2001-12-28T08:49:08.397 -2.10460000E-04  1.44060000E-04  4.69680000E-04
2001-12-28T08:49:09.397 -4.83420000E-04  3.43130000E-05  2.79670000E-04
2001-12-28T08:49:10.397  3.01720000E-04  5.34950000E-05  4.80440000E-04
2001-12-28T08:49:11.397 -2.84530000E-04 -5.84380000E-04  4.25270000E-04
2001-12-28T08:49:12.397  5.05960000E-04 -1.73640000E-04  5.79350000E-04
2001-12-28T08:49:13.397 -5.83080000E-04 -3.49430000E-04  3.93320000E-04
2001-12-28T08:49:14.397 -8.49340000E-05  3.80220000E-04  3.93020000E-04
2001-12-28T08:49:15.397 -5.24010000E-04 -2.18530000E-04  3.62220000E-04
2001-12-28T08:49:16.397  1.45560000E-04 -1.66750000E-05  6.63840000E-04
2001-12-28T08:49:17.397 -5.12700000E-05 -3.82240000E-04  7.00760000E-04
2001-12-28T08:49:18.397  4.87750000E-05 -4.11150000E-04  5.58480000E-04
2001-12-28T08:49:19.397 -1.48550000E-04 -1.94720000E-05  3.35820000E-04
2001-12-28T08:49:20.397 -4.05320000E-04  3.26580000E-05  4.31150000E-04
2001-12-28T08:49:21.397 -9.70740000E-05 -1.26520000E-04  4.79960000E-04
2001-12-28T08:49:22.397 -4.12490000E-05 -3.92550000E-04  6.64320000E-04
2001-12-28T08:49:23.397  2.83180000E-04 -3.03260000E-04  2.68000000E-04
2001-12-28T08:49:24.397 -3.22240000E-04 -4.40850000E-04  5.99820000E-04
2001-12-28T08:49:25.397 -5.46410000E-05  3.11880000E-04  7.69410000E-04
2001-12-28T08:49:26.397 -5.59820000E-04 -2.35830000E-04  2.86470000E-04
2001-12-28T08:49:27.397  4.10440000E-04  2.93410000E-06  4.24720000E-04
2001-12-28T08:49:28.397 -3.35060000E-04 -7.14910000E-04  2.79380000E-04
2001-12-28T08:49:29.397  3.13100000E-04 -1.33700000E-05  6.00900000E-04
2001-12-28T08:49:30.397 -6.92990000E-04 -4.17660000E-04  5.20650000E-04
2001-12-28T08:49:31.397  1.41360000E-04  1.72410000E-04  4.47890000E-04
2001-12-28T08:49:32.397 -3.91630000E-04 -3.17340000E-04  1.21920000E-04
2001-12-28T08:49:33.397  9.68400000E-05 -9.78230000E-05  6.01370000E-04
2001-12-28T08:49:34.397 -1.95960000E-04 -4.60480000E-04  5.47770000E-04
2001-12-28T08:49:35.397  1.46530000E-04 -2.38670000E-04  6.45130000E-04
2001-12-28T08:49:36.397 -7.01510000E-04 -2.65240000E-04  6.64300000E-04
2001-12-28T08:49:37.397  2.92230000E-05  1.83050000E-04  3.68730000E-04
2001-12-28T08:49:38.397 -7.96260000E-05 -2.21280000E-04  4.46040000E-04
2001-12-28T08:49:39.397  2.21250000E-04 -5.02890000E-04  3.66930000E-04
2001-12-28T08:49:40.397 -6.92550000E-05 -2.66730000E-04  5.03750000E-04
2001-12-28T08:49:41.397 -3.78680000E-04 -4.23890000E-05  4.50520000E-04
2001-12-28T08:49:42.397 -1.78740000E-04  1.26250000E-04  2.69990000E-04
2001-12-28T08:49:43.397 -3.34020000E-04 -4.60650000E-04  6.58870000E-04
2001-12-28T08:49:44.397  9.55340000E-05 -1.58000000E-04  4.55830000E-04
2001-12-28T08:49:45.397 -1.17390000E-04 -5.09710000E-04  4.03090000E-04
2001-12-28T08:49:46.397  1.07440000E-04 -7.48220000E-05  5.13450000E-04
2001-12-28T08:49:47.397 -6.00800000E-04 -1.36410000E-04  1.54210000E-04
2001-12-28T08:49:48.397  5.06340000E-05  1.87440000E-04  4.75930000E-04
2001-12-28T08:49:49.397 -3.64640000E-04 -6.03420000E-04  3.43470000E-04
2001-12-28T08:49:50.397  2.53590000E-04 -3.26520000E-04  5.82540000E-04
2001-12-28T08:49:51.397 -2.75410000E-04 -3.04590000E-04  7.92790000E-04
2001-12-28T08:49:52.397  6.35590000E-05  2.52670000E-04  6.54390000E-05
2001-12-28T08:49:53.397 -5.60340000E-04 -4.23140000E-04  5.04320000E-04
2001-12-28T08:49:54.397 -1.47660000E-05  9.82720000E-06  4.51240000E-04
2001-12-28T08:49:55.397 -3.70540000E-04 -6.91030000E-04  4.15080000E-04
2001-12-28T08:49:56.397  5.30890000E-04 -8.47040000E-05  4.56820000E-04
2001-12-28T08:49:57.397 -5.77330000E-04 -4.10610000E-04  3.45640000E-04
2001-12-28T08:49:58.397 -9.21840000E-06  2.85200000E-04  5.29500000E-04
2001-12-28T08:49:59.397 -6.05040000E-04 -3.00140000E-04  4.47370000E-04
2001-12-28T08:50:00.397  4.34830000E-04 -2.22340000E-04  6.14240000E-04
2001-12-28T08:50:01.397 -3.44850000E-04 -4.37130000E-04  4.58740000E-04
2001-12-28T08:50:02.397  4.67020000E-04 -1.06030000E-04  4.59650000E-04
2001-12-28T08:50:03.397 -7.47430000E-04 -3.27730000E-04  3.63990000E-04
2001-12-28T08:50:04.397 -2.02350000E-05  1.10930000E-04  3.52690000E-04
2001-12-28T08:50:05.397 -4.68850000E-04 -2.30500000E-04  5.73430000E-04
2001-12-28T08:50:06.397  2.65400000E-04 -2.97600000E-04  7.28050000E-04
2001-12-28T08:50:07.397 -2.65270000E-04 -8.17730000E-04  5.37010000E-04
2001-12-28T08:50:08.397 -4.95670000E-06  7.87740000E-05  3.43230000E-04
2001-12-28T08:50:09.397 -6.36890000E-04 -2.01150000E-04  2.78040000E-04
2001-12-28T08:50:10.397 -2.62590000E-05  6.19780000E-05  3.10080000E-04
2001-12-28T08:50:11.397 -5.77880000E-05 -7.11980000E-04  5.29040000E-04
2001-12-28T08:50:12.397  1.81540000E-04 -1.80710000E-04  3.34310000E-04
2001-12-28T08:50:13.397 -1.98960000E-04 -2.06860000E-04  3.73190000E-04
2001-12-28T08:50:14.397 -2.12590000E-04 -4.34400000E-05  3.55590000E-04
2001-12-28T08:50:15.397 -4.03180000E-04 -3.76830000E-04  6.15240000E-04
2001-12-28T08:50:16.397  2.29580000E-04 -3.49010000E-04  8.38070000E-04
2001-12-28T08:50:17.397  3.55200000E-05 -2.29150000E-04  4.49880000E-04
2001-12-28T08:50:18.397 -2.45560000E-04 -3.49740000E-04  2.60540000E-04
2001-12-28T08:50:19.397 -1.27710000E-04  1.89450000E-04  4.13410000E-04
2001-12-28T08:50:20.397 -4.22240000E-04 -2.29040000E-04  5.07940000E-04
2001-12-28T08:50:21.397  2.67630000E-04 -1.15700000E-04  5.99920000E-04
2001-12-28T08:50:22.397 -1.65350000E-04 -8.55930000E-04  4.53090000E-04
2001-12-28T08:50:23.397  9.14960000E-05  1.54860000E-04  6.06900000E-04
2001-12-28T08:50:24.397 -4.64140000E-04 -2.97040000E-04  4.09030000E-04
2001-12-28T08:50:25.397 -1.43730000E-04  1.92110000E-04  2.73550000E-04
2001-12-28T08:50:26.397 -3.95620000E-04 -5.88330000E-04  5.63860000E-04
2001-12-28T08:50:27.397  3.57460000E-04 -1.59510000E-04  6.55990000E-04
2001-12-28T08:50:28.397 -4.14840000E-04 -6.86990000E-04  3.92700000E-04
2001-12-28T08:50:29.397  2.14560000E-04  2.01040000E-04  5.79290000E-04
2001-12-28T08:50:30.397 -7.06500000E-04 -3.68870000E-04  3.94560000E-04
2001-12-28T08:50:31.397  2.58240000E-05  2.92610000E-04  4.47750000E-04
2001-12-28T08:50:32.397 -3.10680000E-04 -5.50760000E-04  4.62400000E-04
2001-12-28T08:50:33.397  5.41080000E-04 -3.16740000E-04  6.03110000E-04
2001-12-28T08:50:34.397 -5.01070000E-04 -5.53000000E-04  3.84880000E-04
2001-12-28T08:50:35.397  2.17860000E-04  2.61410000E-04  2.05880000E-04
2001-12-28T08:50:36.397 -6.98650000E-04 -2.44290000E-04  4.87950000E-04
2001-12-28T08:50:37.397  3.20830000E-04 -1.37860000E-04  6.88790000E-04
2001-12-28T08:50:38.397 -2.34410000E-05 -8.73210000E-04  1.77560000E-04
2001-12-28T08:50:39.397  1.03170000E-04  3.35960000E-05  7.12330000E-04
2001-12-28T08:50:40.397 -5.03610000E-04 -2.64150000E-04  2.84960000E-04
2001-12-28T08:50:41.397 -1.31100000E-04  1.79480000E-04  8.26960000E-04
2001-12-28T08:50:42.397 -2.05960000E-04 -2.45410000E-04  3.93330000E-04
2001-12-28T08:50:43.397  5.95380000E-05 -3.80260000E-04  3.53840000E-04
2001-12-28T08:50:44.397  1.27750000E-04 -3.33790000E-04  4.97810000E-04
2001-12-28T08:50:45.397 -3.03720000E-04 -1.47640000E-04  5.33050000E-04
2001-12-28T08:50:46.397 -1.30160000E-04  1.98800000E-04  1.86890000E-04
2001-12-28T08:50:47.397 -4.67320000E-04 -7.00330000E-05  3.34880000E-04
2001-12-28T08:50:48.397  1.53060000E-04 -3.44230000E-04  3.99800000E-04
2001-12-28T08:50:49.397 -1.57880000E-04 -7.38390000E-04  6.02960000E-04
2001-12-28T08:50:50.397  1.78170000E-04 -4.63420000E-06  5.41940000E-04
2001-12-28T08:50:51.397 -6.00800000E-04 -1.01570000E-04  2.32630000E-04
2001-12-28T08:50:52.397  3.04070000E-05  8.08070000E-05  7.11400000E-04
2001-12-28T08:50:53.397 -5.45050000E-04 -5.41230000E-04  5.59540000E-04
2001-12-28T08:50:54.397  4.46830000E-04 -7.65200000E-05  5.24780000E-05
2001-12-28T08:50:55.397 -4.95350000E-04 -7.44720000E-04  7.82180000E-04
2001-12-28T08:50:56.397  1.13210000E-04  1.19530000E-04  2.34070000E-04
2001-12-28T08:50:57.397 -6.04840000E-04 -2.83660000E-04  4.53000000E-04
2001-12-28T08:50:58.397  1.22840000E-04  3.65420000E-04  6.12270000E-04
2001-12-28T08:50:59.397 -2.59700000E-04 -7.35750000E-04  5.96550000E-04
2001-12-28T08:51:00.397  5.20680000E-04 -1.66830000E-04  2.67410000E-04
2001-12-28T08:51:01.397 -6.11780000E-04 -7.37880000E-04  5.27970000E-04
2001-12-28T08:51:02.397  1.78640000E-05  2.64800000E-04  4.34000000E-04
2001-12-28T08:51:03.397 -5.98360000E-04 -4.07580000E-04  5.49050000E-04
2001-12-28T08:51:04.397  3.48600000E-04 -1.45750000E-04  6.82380000E-04
2001-12-28T08:51:05.397 -5.82190000E-04 -5.42040000E-04  3.55150000E-04
2001-12-28T08:51:06.397  3.25720000E-04 -1.46120000E-04  5.41160000E-06
2001-12-28T08:51:07.397 -6.17690000E-04 -5.10790000E-04  7.21140000E-04
2001-12-28T08:51:08.397 -5.93690000E-05  3.57580000E-04  5.82410000E-04
2001-12-28T08:51:09.397 -1.67920000E-04 -6.26910000E-04  6.53150000E-04
2001-12-28T08:51:10.397  2.34160000E-04 -1.63690000E-05  1.76460000E-04
2001-12-28T08:51:11.397 -1.03710000E-04 -5.73020000E-04  2.83830000E-04
2001-12-28T08:51:12.397 -4.72370000E-05  2.50010000E-04  6.14420000E-04
2001-12-28T08:51:13.397 -6.42600000E-04 -4.25240000E-04  6.74150000E-04
2001-12-28T08:51:14.397  2.23350000E-04  7.08790000E-05  4.37510000E-04
2001-12-28T08:51:15.397 -2.27110000E-04 -7.63790000E-04  4.94750000E-04
2001-12-28T08:51:16.397  4.04260000E-04 -2.15620000E-04  5.24020000E-04
2001-12-28T08:51:17.397 -7.35180000E-04 -4.16740000E-04  2.51650000E-04
2001-12-28T08:51:18.397  1.32990000E-04  2.50440000E-04  1.85590000E-04
2001-12-28T08:51:19.397 -4.60240000E-04 -4.82320000E-04  3.94060000E-04
2001-12-28T08:51:20.397  4.86590000E-04 -2.12460000E-04  5.33660000E-04
2001-12-28T08:51:21.397 -3.72720000E-04 -6.81430000E-04  8.94500000E-04
2001-12-28T08:51:22.397 -3.55850000E-06  4.91890000E-05  7.36680000E-04
2001-12-28T08:51:23.397 -3.78920000E-04  1.30530000E-05  1.76900000E-04
2001-12-28T08:51:24.397 -4.70170000E-05 -6.01280000E-05  1.71570000E-04
2001-12-28T08:51:25.397 -2.02790000E-04 -2.28610000E-04  5.47670000E-04
2001-12-28T08:51:26.397  4.64650000E-05 -5.61570000E-04  5.34100000E-04
2001-12-28T08:51:27.397  7.49580000E-05 -7.68870000E-05  3.76190000E-04
2001-12-28T08:51:28.397 -3.35210000E-04 -1.09700000E-04  3.95760000E-04
2001-12-28T08:51:29.397 -2.86160000E-04  8.92310000E-07  5.20330000E-04
2001-12-28T08:51:30.397 -3.01040000E-04 -3.23080000E-04  4.47790000E-04
2001-12-28T08:51:31.397  1.52800000E-05 -4.38630000E-05  3.08680000E-04
2001-12-28T08:51:32.397 -4.34370000E-05 -5.78320000E-04  5.03800000E-04
2001-12-28T08:51:33.397  1.71980000E-04 -6.04360000E-05  3.16720000E-04
2001-12-28T08:51:34.397 -8.43830000E-04 -4.55600000E-04  4.52370000E-04
2001-12-28T08:51:35.397 -6.55090000E-05  7.95080000E-05  4.32000000E-04
2001-12-28T08:51:36.397 -8.69370000E-05 -5.15750000E-04  2.71790000E-04
2001-12-28T08:51:37.397  1.28760000E-04 -2.96910000E-04  9.34530000E-04
2001-12-28T08:51:38.397 -1.73800000E-04 -4.75450000E-04  5.29470000E-04
2001-12-28T08:51:39.397 -8.34830000E-05  1.60190000E-04  1.59070000E-04
2001-12-28T08:51:40.397 -6.70100000E-04 -2.16230000E-04  4.23160000E-04
2001-12-28T08:51:41.397  3.82080000E-04 -2.07360000E-05  4.44950000E-04
2001-12-28T08:51:42.397 -2.06930000E-04 -7.59020000E-04  4.31900000E-04
2001-12-28T08:51:43.397  2.60890000E-04 -2.08420000E-05  8.20160000E-04
2001-12-28T08:51:44.397 -5.40640000E-04 -4.45020000E-04  4.77890000E-04
2001-12-28T08:51:45.397  4.68930000E-05  2.77350000E-04  4.87190000E-04
2001-12-28T08:51:46.397 -4.35650000E-04 -6.44210000E-04  7.18450000E-04
2001-12-28T08:51:47.397  3.20840000E-04 -9.72720000E-05  2.84650000E-04
2001-12-28T08:51:48.397 -4.11280000E-04 -5.99450000E-04  4.84250000E-04
2001-12-28T08:51:49.397  1.84390000E-04  7.05890000E-05  5.88300000E-04
2001-12-28T08:51:50.397 -6.57680000E-04 -2.92110000E-04  9.43310000E-05
2001-12-28T08:51:51.397  1.13620000E-04  2.24420000E-04  4.52380000E-04
2001-12-28T08:51:52.397 -3.61850000E-04 -8.51800000E-04  8.40580000E-04
2001-12-28T08:51:53.397  2.48700000E-04 -9.72600000E-06  5.73600000E-04
2001-12-28T08:51:54.397 -5.23020000E-04 -6.32710000E-04  2.09960000E-04
2001-12-28T08:51:55.397  1.16440000E-04  2.60250000E-04  4.49210000E-04
2001-12-28T08:51:56.397 -6.83050000E-04 -4.01730000E-04  4.30860000E-04
2001-12-28T08:51:57.397  2.04190000E-04  1.04190000E-04  3.59140000E-04
2001-12-28T08:51:58.397 -3.64260000E-04 -5.57330000E-04  5.65580000E-04
2001-12-28T08:51:59.397  4.77140000E-04 -3.82180000E-04  5.98440000E-04
2001-12-28T08:52:00.397 -6.32810000E-04 -3.93930000E-04  3.51550000E-04
2001-12-28T08:52:01.397 -4.32600000E-05  3.95690000E-04  5.18930000E-04
2001-12-28T08:52:02.397 -7.65950000E-04 -4.84590000E-04  4.28800000E-04
2001-12-28T08:52:03.397  4.65550000E-04 -2.20130000E-04  2.87780000E-04
2001-12-28T08:52:04.397 -1.49930000E-04 -7.16200000E-04  3.50020000E-04
2001-12-28T08:52:05.397  1.19730000E-04  5.75690000E-05  3.60830000E-04
2001-12-28T08:52:06.397 -5.74700000E-04 -1.63710000E-04  6.37910000E-04
2001-12-28T08:52:07.397  4.89090000E-05  1.50680000E-04  5.39960000E-04
2001-12-28T08:52:08.397 -2.62520000E-04 -6.34360000E-04  5.80820000E-04
2001-12-28T08:52:09.397  2.38660000E-04 -2.80500000E-04  6.79220000E-04
2001-12-28T08:52:10.397 -1.08050000E-04 -2.48110000E-04  4.21090000E-04
2001-12-28T08:52:11.397 -2.39010000E-04 -1.94660000E-05  5.21370000E-04
2001-12-28T08:52:12.397 -3.81320000E-04 -8.43400000E-05  1.44330000E-04
2001-12-28T08:52:13.397 -1.69030000E-04 -1.52380000E-04  5.56870000E-04
2001-12-28T08:52:14.397  2.32620000E-06 -6.25620000E-04  1.71020000E-04
2001-12-28T08:52:15.397  8.97290000E-05 -2.46640000E-04  8.46840000E-04
2001-12-28T08:52:16.397 -3.79170000E-04 -3.95630000E-04  5.00300000E-04
2001-12-28T08:52:17.397 -2.10790000E-04  2.62510000E-04  3.69220000E-04
2001-12-28T08:52:18.397 -3.05160000E-04 -6.18560000E-05  6.38430000E-04
2001-12-28T08:52:19.397 -1.10660000E-06 -3.14780000E-04  5.80630000E-04
2001-12-28T08:52:20.397  3.34660000E-05 -2.91510000E-04  2.83010000E-04
2001-12-28T08:52:21.397 -7.95460000E-05 -5.25820000E-04  2.39760000E-04
2001-12-28T08:52:22.397 -9.44200000E-05  1.50290000E-04  3.91310000E-04
2001-12-28T08:52:23.397 -5.09120000E-04 -2.65060000E-04  6.41410000E-04
2001-12-28T08:52:24.397  3.76970000E-06 -1.50970000E-04  4.19240000E-04
2001-12-28T08:52:25.397 -7.79080000E-05 -4.96770000E-04  2.57570000E-05
2001-12-28T08:52:26.397  2.18390000E-04 -2.07930000E-04  5.47500000E-04
2001-12-28T08:52:27.397 -4.52070000E-04 -4.54310000E-04  6.35600000E-04
2001-12-28T08:52:28.397 -1.22670000E-04  3.53990000E-04  5.51970000E-04
2001-12-28T08:52:29.397 -3.36880000E-04 -4.07770000E-04  2.57880000E-04
2001-12-28T08:52:30.397  1.44300000E-04 -4.18540000E-05  3.23120000E-04
2001-12-28T08:52:31.397 -2.69880000E-04 -9.38460000E-04  5.80400000E-04
2001-12-28T08:52:32.397  2.56270000E-04 -5.17970000E-05  6.33830000E-04
2001-12-28T08:52:33.397 -5.31140000E-04 -1.58030000E-04  5.07170000E-04
2001-12-28T08:52:34.397 -4.16910000E-05  2.16810000E-04  4.53140000E-04
2001-12-28T08:52:35.397 -3.56120000E-04 -8.14460000E-04  3.91230000E-04
2001-12-28T08:52:36.397  4.33890000E-04 -7.75240000E-05  5.33840000E-04
2001-12-28T08:52:37.397 -2.87750000E-04 -6.15170000E-04  5.28220000E-04
2001-12-28T08:52:38.397 -2.81540000E-05  2.26670000E-04  8.59070000E-04
2001-12-28T08:52:39.397 -6.77960000E-04 -4.29370000E-04  4.39010000E-04
2001-12-28T08:52:40.397  2.74000000E-04  6.15570000E-05  2.11990000E-04
2001-12-28T08:52:41.397 -1.30990000E-04 -7.23450000E-04  6.29180000E-04
2001-12-28T08:52:42.397  1.74170000E-04 -1.30560000E-04  3.47500000E-04
2001-12-28T08:52:43.397 -5.95590000E-04 -3.25910000E-04  4.95030000E-04
2001-12-28T08:52:44.397 -2.00540000E-04  3.01760000E-04  4.55110000E-04
2001-12-28T08:52:45.397 -5.11570000E-04 -4.83570000E-04  6.80450000E-04
2001-12-28T08:52:46.397  3.01700000E-04 -4.03070000E-05  6.88820000E-04
2001-12-28T08:52:47.397 -5.05810000E-04 -7.16290000E-04  1.92980000E-04
2001-12-28T08:52:48.397  4.05670000E-04 -2.82200000E-06  4.69300000E-04
2001-12-28T08:52:49.397 -6.05000000E-04 -3.90970000E-04  5.19580000E-04
2001-12-28T08:52:50.397  4.15670000E-05  3.80400000E-04  5.67480000E-04
2001-12-28T08:52:51.397 -6.78250000E-04 -7.97650000E-04  1.66880000E-04
2001-12-28T08:52:52.397  4.59740000E-04 -1.00690000E-04  2.32520000E-04
2001-12-28T08:52:53.397 -2.36230000E-04 -7.16630000E-04  4.79710000E-04
2001-12-28T08:52:54.397 -4.01420000E-05  2.42000000E-04  3.87860000E-04
2001-12-28T08:52:55.397 -5.31350000E-04 -2.62180000E-04  5.95080000E-04
2001-12-28T08:52:56.397  1.09970000E-04  6.86240000E-05  7.17300000E-04
2001-12-28T08:52:57.397 -2.79000000E-04 -8.04490000E-04  4.86240000E-04
2001-12-28T08:52:58.397  1.10280000E-04 -8.99290000E-05  3.71000000E-04
2001-12-28T08:52:59.397 -2.48650000E-04 -5.51160000E-04  3.96840000E-04
2001-12-28T08:53:00.397 -1.23030000E-04  2.39670000E-04  7.09540000E-04
2001-12-28T08:53:01.397 -6.37850000E-04 -4.49420000E-04  5.46130000E-04
2001-12-28T08:53:02.397  3.50340000E-04 -1.17760000E-04  3.24050000E-04
2001-12-28T08:53:03.397 -2.09530000E-04 -7.63320000E-04  3.42810000E-04
2001-12-28T08:53:04.397  2.50060000E-04  4.69620000E-05  7.98210000E-04
2001-12-28T08:53:05.397 -6.71570000E-04 -2.52270000E-04  3.40360000E-04
2001-12-28T08:53:06.397 -4.84010000E-05  1.07760000E-04  3.93620000E-04
2001-12-28T08:53:07.397 -4.21450000E-04 -2.72020000E-04  3.79320000E-04
2001-12-28T08:53:08.397  2.89940000E-04 -3.83570000E-04  3.32020000E-04
2001-12-28T08:53:09.397 -1.90450000E-04 -6.71320000E-04  5.20880000E-04
2001-12-28T08:53:10.397  7.12750000E-05  1.79470000E-04  1.92830000E-04
2001-12-28T08:53:11.397 -5.38730000E-04 -9.34280000E-06  1.01040000E-03
2001-12-28T08:53:12.397 -2.27550000E-04 -5.18580000E-05  3.70100000E-04
2001-12-28T08:53:13.397 -1.96390000E-06 -6.85750000E-04  2.39480000E-04
2001-12-28T08:53:14.397  2.42720000E-04 -4.01360000E-04  4.90390000E-04
2001-12-28T08:53:15.397  3.17640000E-05 -4.27910000E-05  6.60640000E-04
2001-12-28T08:53:16.397 -3.89110000E-04 -1.55860000E-04  5.37230000E-04
2001-12-28T08:53:17.397  8.17320000E-05 -3.74900000E-05  2.92670000E-04
2001-12-28T08:53:20.397 -4.69530000E-04 -4.05970000E-04  1.57490000E-04
