2001-12-18T23:07:07.273 -1.02480000E-05 -3.07710000E-04  3.97060000E-04
2001-12-18T23:07:08.273 -2.75420000E-04 -2.52560000E-04  2.40930000E-04
2001-12-18T23:07:09.273 -1.70700000E-04 -2.41610000E-04  4.63310000E-04
2001-12-18T23:07:10.273 -1.49880000E-04 -1.63150000E-04  6.31080000E-04
2001-12-18T23:07:11.273 -6.42080000E-05 -1.36200000E-04  1.39690000E-04
2001-12-18T23:07:12.273 -7.87260000E-05 -4.44570000E-04  5.51080000E-04
2001-12-18T23:07:13.273 -1.37420000E-04 -1.61200000E-04  5.14310000E-04
2001-12-18T23:07:14.273 -5.32320000E-05 -2.56210000E-04  3.73140000E-04
2001-12-18T23:07:15.273 -6.60270000E-05 -1.55080000E-04  3.44530000E-04
2001-12-18T23:07:16.273 -1.95920000E-04 -6.42990000E-05  6.26730000E-04
2001-12-18T23:07:17.273 -1.50850000E-04 -4.01030000E-04  6.42080000E-05
2001-12-18T23:07:18.273 -5.88620000E-05 -2.40630000E-04  4.62770000E-04
2001-12-18T23:07:19.273 -9.77480000E-05 -2.05270000E-04  7.10680000E-04
2001-12-18T23:07:20.273 -1.57990000E-05 -1.07310000E-04  3.17150000E-04
2001-12-18T23:07:21.273 -1.50500000E-04 -2.83160000E-04  3.39740000E-04
2001-12-18T23:07:22.273  3.66080000E-05 -2.72260000E-04  5.71510000E-04
2001-12-18T23:07:23.273 -2.13010000E-04 -2.46970000E-04  3.27220000E-04
2001-12-18T23:07:24.273 -9.79920000E-05 -2.48150000E-04  5.86450000E-04
2001-12-18T23:07:25.273 -1.22700000E-04 -2.06690000E-04  2.15320000E-04
2001-12-18T23:07:26.273 -1.49580000E-04 -2.50280000E-04  6.84600000E-04
2001-12-18T23:07:27.273 -1.05650000E-04 -2.81730000E-04  5.23260000E-04
2001-12-18T23:07:28.273  4.19860000E-05 -1.67320000E-04  1.33170000E-04
2001-12-18T23:07:29.273 -2.81580000E-04 -2.97510000E-04  7.10110000E-04
2001-12-18T23:07:30.273  5.12440000E-05 -2.49510000E-04  6.54050000E-05
2001-12-18T23:07:31.273 -2.87590000E-04 -3.10970000E-04  6.05480000E-04
2001-12-18T23:07:32.273  6.67730000E-05 -2.10040000E-04  3.20580000E-04
2001-12-18T23:07:33.273 -1.46580000E-04 -3.12350000E-04  3.75880000E-04
2001-12-18T23:07:34.273 -7.02480000E-05 -1.92900000E-04  6.33730000E-04
2001-12-18T23:07:35.273 -2.10290000E-04 -3.06530000E-04  3.59620000E-04
2001-12-18T23:07:36.273 -9.20430000E-05 -1.72330000E-04  4.90000000E-04
2001-12-18T23:07:37.273 -2.07170000E-04 -2.82670000E-04  4.44680000E-04
2001-12-18T23:07:38.273  9.45900000E-05 -2.38790000E-04  3.15190000E-04
2001-12-18T23:07:39.273 -8.05990000E-05 -3.11190000E-04  6.23300000E-04
2001-12-18T23:07:40.273 -7.65730000E-05 -1.75110000E-04  2.00020000E-04
2001-12-18T23:07:41.273 -2.37550000E-04 -2.77490000E-04  7.00850000E-04
2001-12-18T23:07:42.273  9.01460000E-05 -2.18050000E-04  3.30260000E-04
2001-12-18T23:07:43.273 -2.13840000E-04 -2.73100000E-04  3.19710000E-04
2001-12-18T23:07:44.273 -4.32920000E-05 -2.23630000E-04  7.09670000E-04
2001-12-18T23:07:45.273 -1.27010000E-04 -3.76850000E-04  2.25980000E-04
2001-12-18T23:07:46.273  6.09410000E-05 -2.06660000E-04  4.90030000E-04
2001-12-18T23:07:47.273 -1.51720000E-04 -3.10380000E-04  2.70490000E-04
2001-12-18T23:07:48.273 -2.81010000E-05 -1.70150000E-04  5.13780000E-04
2001-12-18T23:07:49.273 -2.36490000E-04 -3.14140000E-04  5.05840000E-04
2001-12-18T23:07:50.273 -8.43820000E-05 -1.92310000E-04  4.62110000E-04
2001-12-18T23:07:51.273 -2.21870000E-04 -3.27930000E-04  3.60440000E-04
2001-12-18T23:07:52.273 -8.54820000E-06 -2.47870000E-04  5.00930000E-04
2001-12-18T23:07:53.273 -1.71920000E-04 -2.93830000E-04  5.37140000E-04
2001-12-18T23:07:54.273 -3.39640000E-05 -2.90070000E-04  3.55000000E-04
2001-12-18T23:07:55.273 -1.89040000E-04 -1.52840000E-04  4.05370000E-04
2001-12-18T23:07:56.273 -1.43210000E-04 -2.47520000E-04  2.87730000E-04
2001-12-18T23:07:57.273 -1.31170000E-04 -3.06710000E-04  4.72190000E-04
2001-12-18T23:07:58.273  3.33610000E-05 -1.47020000E-04  4.00520000E-04
2001-12-18T23:07:59.273 -3.24570000E-04 -2.13050000E-04  4.99430000E-04
2001-12-18T23:08:00.273  2.38900000E-06 -1.80140000E-04  2.60630000E-04
2001-12-18T23:08:01.273 -8.44070000E-05 -2.71720000E-04  1.88810000E-04
2001-12-18T23:08:02.273 -6.55810000E-05 -2.44290000E-04  4.69580000E-04
2001-12-18T23:08:03.273 -3.26440000E-04 -2.96200000E-04  5.83070000E-04
2001-12-18T23:08:04.273  7.18690000E-05 -2.83220000E-04  3.28120000E-04
2001-12-18T23:08:05.273 -2.81190000E-04 -3.03980000E-04  6.90530000E-04
2001-12-18T23:08:06.273  5.58010000E-05 -1.89150000E-04  4.21520000E-04
2001-12-18T23:08:07.273 -2.25650000E-04 -3.26660000E-04  2.16640000E-04
2001-12-18T23:08:08.273  4.07710000E-05 -1.24590000E-04  5.14180000E-04
2001-12-18T23:08:09.273 -9.82640000E-05 -4.15160000E-04  3.74200000E-04
2001-12-18T23:08:10.273 -1.30270000E-04 -1.25990000E-04  5.54160000E-04
2001-12-18T23:08:11.273 -1.78970000E-04 -3.80260000E-04  6.07250000E-04
2001-12-18T23:08:12.273  8.35750000E-05 -2.29670000E-04  4.08610000E-04
2001-12-18T23:08:13.273 -2.83810000E-04 -2.10170000E-04  6.95010000E-04
2001-12-18T23:08:14.273  1.93190000E-04 -1.17820000E-04  3.91450000E-04
2001-12-18T23:08:15.273 -1.76990000E-04 -4.44750000E-04  4.67220000E-04
2001-12-18T23:08:16.273 -1.33850000E-05 -1.33720000E-04  3.21670000E-04
2001-12-18T23:08:17.273 -3.02810000E-04 -3.06500000E-04  4.67750000E-04
2001-12-18T23:08:18.273 -1.98850000E-05 -1.60240000E-04  4.76840000E-04
2001-12-18T23:08:19.273 -2.28170000E-04 -3.13030000E-04  7.70100000E-04
2001-12-18T23:08:20.273  4.11550000E-05 -1.89040000E-04  2.63460000E-04
2001-12-18T23:08:21.273 -1.31440000E-04 -3.12630000E-04  4.17980000E-04
2001-12-18T23:08:22.273 -8.51390000E-05 -1.68660000E-04  5.21590000E-04
2001-12-18T23:08:23.273 -2.62390000E-04 -2.62940000E-04  1.46750000E-04
2001-12-18T23:08:24.273  6.17860000E-05 -1.67500000E-04  6.99340000E-04
2001-12-18T23:08:25.273 -1.37400000E-04 -3.65360000E-04  7.01470000E-05
2001-12-18T23:08:26.273 -1.02620000E-04 -1.76600000E-04  5.96230000E-04
2001-12-18T23:08:27.273 -1.56130000E-04 -3.46120000E-04  4.81370000E-04
2001-12-18T23:08:28.273 -2.75650000E-05 -1.13180000E-04  3.17210000E-04
2001-12-18T23:08:29.273 -5.91930000E-05 -2.04750000E-04  4.89100000E-04
2001-12-18T23:08:30.273 -4.53640000E-05 -2.58740000E-04  1.66030000E-04
2001-12-18T23:08:31.273 -2.00270000E-04 -2.20380000E-04  8.04550000E-04
2001-12-18T23:08:32.273 -6.82530000E-05 -1.67290000E-04  2.24820000E-04
2001-12-18T23:08:33.273 -1.48610000E-04 -2.95970000E-04  5.34020000E-04
2001-12-18T23:08:34.273  9.83230000E-05 -3.18200000E-04  3.80730000E-04
2001-12-18T23:08:35.273 -1.32120000E-04 -2.79300000E-04  5.32420000E-04
2001-12-18T23:08:36.273 -7.28100000E-05 -2.21330000E-04  3.06950000E-04
2001-12-18T23:08:37.273 -1.74820000E-04 -3.06950000E-04  5.18330000E-04
2001-12-18T23:08:38.273 -2.98880000E-05 -1.81670000E-04  5.84580000E-04
2001-12-18T23:08:39.273 -1.65960000E-04 -2.69060000E-04  1.91460000E-04
2001-12-18T23:08:40.273 -9.97160000E-05 -3.33190000E-04  4.01270000E-04
2001-12-18T23:08:41.273 -1.52620000E-04 -2.72030000E-04  5.76940000E-04
2001-12-18T23:08:42.273 -1.40520000E-05 -1.61520000E-04  2.67480000E-04
2001-12-18T23:08:43.273 -1.24450000E-04 -2.75530000E-04  7.21390000E-04
2001-12-18T23:08:44.273 -6.87470000E-05 -1.12740000E-04  1.94670000E-04
2001-12-18T23:08:45.273 -1.04670000E-04 -2.60830000E-04  6.62550000E-04
2001-12-18T23:08:46.273 -1.59710000E-04 -3.02420000E-04  1.29900000E-05
2001-12-18T23:08:47.273 -5.38670000E-05 -2.22240000E-04  5.96020000E-04
2001-12-18T23:08:48.273 -1.06850000E-04 -1.98490000E-04  2.41590000E-04
2001-12-18T23:08:49.273 -1.73620000E-04 -2.45270000E-04  8.16490000E-04
2001-12-18T23:08:50.273  3.02430000E-05 -2.91860000E-04  1.74720000E-04
2001-12-18T23:08:51.273 -2.01170000E-04 -2.31010000E-04  2.60890000E-04
2001-12-18T23:08:52.273 -5.17340000E-05 -2.49520000E-04  7.82010000E-04
2001-12-18T23:08:53.273 -5.49850000E-06 -3.02790000E-04  4.01550000E-04
2001-12-18T23:08:54.273 -1.22080000E-04 -2.54940000E-04  1.51340000E-04
2001-12-18T23:08:55.273 -1.36290000E-04 -1.55410000E-04  5.27850000E-04
2001-12-18T23:08:56.273 -1.36700000E-04 -3.80600000E-04  3.96200000E-04
2001-12-18T23:08:57.273 -1.51070000E-04 -2.30270000E-04  7.72690000E-04
2001-12-18T23:08:58.273 -1.07410000E-04 -2.35310000E-04  2.72490000E-04
2001-12-18T23:08:59.273 -2.26630000E-04 -3.03030000E-04  2.30930000E-04
2001-12-18T23:09:00.273 -1.29920000E-04 -2.61840000E-04  5.44450000E-04
2001-12-18T23:09:01.273 -5.40930000E-05 -2.93880000E-04  5.79490000E-04
2001-12-18T23:09:02.273 -2.75560000E-04 -2.63710000E-04  3.13980000E-04
2001-12-18T23:09:03.273 -1.22000000E-04 -2.20060000E-04  2.83090000E-04
2001-12-18T23:09:04.273 -1.45600000E-05 -1.94100000E-04  7.85570000E-04
2001-12-18T23:09:05.273 -1.28010000E-04 -2.56810000E-04  4.02120000E-04
2001-12-18T23:09:06.273  3.51630000E-05 -2.12570000E-04  2.43930000E-04
2001-12-18T23:09:07.273 -1.54030000E-04 -2.63140000E-04  7.84020000E-04
2001-12-18T23:09:08.273 -1.07160000E-04 -3.15920000E-04  4.15600000E-04
2001-12-18T23:09:09.273 -1.53000000E-04 -1.30740000E-04  1.39370000E-04
2001-12-18T23:09:10.273 -9.83890000E-05 -3.57610000E-04  6.99470000E-04
2001-12-18T23:09:11.273 -1.23320000E-04 -1.51710000E-04  5.98570000E-04
2001-12-18T23:09:12.273 -1.30240000E-04 -2.86260000E-04  1.62690000E-04
2001-12-18T23:09:13.273  7.09850000E-05 -2.95690000E-04  6.06000000E-04
2001-12-18T23:09:14.273 -2.11410000E-04 -2.02910000E-04  1.54000000E-04
2001-12-18T23:09:15.273 -7.43340000E-05 -2.27140000E-04  7.70820000E-04
2001-12-18T23:09:16.273 -1.04520000E-04 -3.93140000E-04  4.33710000E-04
2001-12-18T23:09:17.273 -1.02870000E-04 -4.32830000E-05  2.26420000E-04
2001-12-18T23:09:18.273 -1.42930000E-04 -3.07120000E-04  5.93480000E-04
2001-12-18T23:09:19.273 -2.71510000E-05 -1.24480000E-04  2.84840000E-04
2001-12-18T23:09:20.273 -1.61550000E-04 -3.88280000E-04  6.02650000E-04
2001-12-18T23:09:21.273 -1.33490000E-05 -1.62900000E-04  5.52870000E-04
2001-12-18T23:09:22.273 -2.34330000E-05 -2.76780000E-04  1.77980000E-04
2001-12-18T23:09:23.273 -1.15720000E-04 -2.49420000E-04  3.70430000E-04
2001-12-18T23:09:24.273 -3.08720000E-04 -2.44740000E-04  7.31300000E-04
2001-12-18T23:09:25.273 -7.68710000E-05 -1.95710000E-04  4.20660000E-04
2001-12-18T23:09:26.273 -2.18860000E-05 -2.25580000E-04  1.91500000E-04
2001-12-18T23:09:27.273 -4.84750000E-05 -2.23130000E-04  7.34540000E-04
2001-12-18T23:09:28.273 -1.89080000E-04 -3.99420000E-04  3.12130000E-04
2001-12-18T23:09:29.273  2.56120000E-05 -7.81260000E-05  1.43750000E-04
2001-12-18T23:09:30.273 -3.08730000E-04 -2.88860000E-04  4.56470000E-04
2001-12-18T23:09:31.273 -1.23810000E-04 -2.73990000E-04  7.14610000E-04
2001-12-18T23:09:32.273 -9.44300000E-05 -2.75090000E-04  1.70040000E-04
2001-12-18T23:09:33.273  2.13440000E-05 -1.17830000E-04  6.82940000E-04
2001-12-18T23:09:34.273 -1.61180000E-04 -1.90200000E-04  3.51790000E-04
2001-12-18T23:09:35.273 -1.46340000E-04 -2.65910000E-04  3.19380000E-04
2001-12-18T23:09:36.273 -6.01540000E-05 -3.54800000E-04  5.90850000E-04
2001-12-18T23:09:37.273 -3.79840000E-05 -1.17650000E-04  2.36690000E-04
2001-12-18T23:09:38.273 -2.79040000E-04 -3.02710000E-04  5.57240000E-04
2001-12-18T23:09:39.273 -1.62470000E-05 -4.62350000E-05  3.95430000E-04
2001-12-18T23:09:40.273 -1.57300000E-04 -3.55070000E-04  5.18280000E-04
2001-12-18T23:09:41.273 -7.32970000E-05 -1.48500000E-04  3.75440000E-04
2001-12-18T23:09:42.273 -2.29010000E-04 -3.63550000E-04  4.44080000E-04
2001-12-18T23:09:43.273  5.25970000E-05 -2.30660000E-04  3.22920000E-04
2001-12-18T23:09:44.273 -1.96370000E-04 -3.49360000E-04  5.12440000E-04
2001-12-18T23:09:45.273 -1.94440000E-06 -3.05550000E-04  6.38730000E-04
2001-12-18T23:09:46.273 -2.05300000E-04 -3.44020000E-04  2.21060000E-04
2001-12-18T23:09:47.273  4.53920000E-05 -4.80710000E-05  4.62160000E-04
2001-12-18T23:09:48.273 -3.62820000E-04 -3.41250000E-04  3.23480000E-04
2001-12-18T23:09:49.273  4.41410000E-05 -6.69080000E-05  2.25730000E-04
2001-12-18T23:09:50.273 -1.76400000E-04 -3.73060000E-04  5.59040000E-04
2001-12-18T23:09:51.273 -2.70730000E-05 -1.77180000E-04  5.28090000E-04
2001-12-18T23:09:52.273 -2.39990000E-04 -4.37600000E-04  2.38600000E-04
2001-12-18T23:09:53.273  2.52660000E-05 -1.47880000E-04  4.01320000E-04
2001-12-18T23:09:54.273 -2.59770000E-04 -2.46900000E-04  3.86930000E-04
2001-12-18T23:09:55.273  8.83650000E-06 -1.57610000E-04  3.94620000E-04
2001-12-18T23:09:56.273 -1.70620000E-05 -2.83850000E-04  6.39550000E-04
2001-12-18T23:09:57.273 -7.59480000E-05 -2.42870000E-04  3.98850000E-04
2001-12-18T23:09:58.273 -1.08520000E-04 -1.87120000E-04  2.34820000E-04
2001-12-18T23:09:59.273 -1.46650000E-04 -1.94940000E-04  6.84550000E-04
2001-12-18T23:10:00.273 -2.23000000E-04 -3.81400000E-04  2.55060000E-04
2001-12-18T23:10:01.273 -9.47770000E-05 -5.01790000E-05  4.85420000E-04
2001-12-18T23:10:02.273 -1.07870000E-04 -3.34480000E-04  5.08990000E-04
2001-12-18T23:10:03.273  2.62370000E-05 -1.13120000E-04  4.97680000E-04
2001-12-18T23:10:04.273 -2.06650000E-04 -2.00500000E-04  3.19630000E-04
2001-12-18T23:10:05.273 -1.26990000E-04 -2.80440000E-04  3.96850000E-04
2001-12-18T23:10:06.273 -1.86180000E-04 -1.85080000E-04  5.03260000E-04
2001-12-18T23:10:07.273 -1.15870000E-04 -2.49020000E-04  2.19070000E-04
2001-12-18T23:10:08.273 -5.79710000E-05 -2.24980000E-04  6.84890000E-04
2001-12-18T23:10:09.273 -7.47580000E-05 -2.55990000E-04  2.27910000E-04
2001-12-18T23:10:10.273 -1.66560000E-04 -2.73100000E-04  3.66920000E-04
2001-12-18T23:10:11.273 -1.50690000E-04 -1.32570000E-04  6.57430000E-04
2001-12-18T23:10:12.273 -5.37950000E-05 -3.38820000E-04  4.86440000E-05
2001-12-18T23:10:13.273 -1.19340000E-04 -1.23780000E-04  5.60890000E-04
2001-12-18T23:10:14.273 -1.91380000E-04 -3.63100000E-04  5.89980000E-04
2001-12-18T23:10:15.273  1.00970000E-06 -1.70640000E-04  1.36460000E-05
2001-12-18T23:10:16.273 -6.32530000E-05 -2.04750000E-04  6.46500000E-04
2001-12-18T23:10:17.273 -2.42470000E-04 -2.59760000E-04  3.37910000E-04
2001-12-18T23:10:18.273 -2.02210000E-04 -2.26080000E-04  2.84990000E-04
2001-12-18T23:10:19.273  9.32550000E-05 -1.95660000E-04  5.51620000E-04
2001-12-18T23:10:20.273 -1.16560000E-04 -3.82870000E-04  5.13580000E-04
2001-12-18T23:10:21.273 -8.89960000E-05 -1.74960000E-04  2.82910000E-04
2001-12-18T23:10:22.273 -9.57610000E-05 -2.17460000E-04  4.65190000E-04
2001-12-18T23:10:23.273 -1.49960000E-04 -1.80800000E-04  6.16790000E-04
2001-12-18T23:10:24.273 -1.08160000E-04 -2.32030000E-04  2.74750000E-04
2001-12-18T23:10:25.273 -8.11770000E-05 -2.86280000E-04  3.60490000E-04
2001-12-18T23:10:26.273 -1.29130000E-04 -2.09680000E-04  3.82520000E-04
2001-12-18T23:10:27.273 -7.03140000E-05 -2.47520000E-04  5.47920000E-04
2001-12-18T23:10:28.273  7.20940000E-05 -2.47080000E-04  1.30060000E-04
2001-12-18T23:10:29.273 -2.87040000E-04 -2.75200000E-04  5.94910000E-04
2001-12-18T23:10:30.273 -9.98600000E-06 -3.04940000E-04  5.10760000E-04
2001-12-18T23:10:31.273 -1.85660000E-04 -2.55620000E-04  6.20350000E-05
2001-12-18T23:10:32.273 -1.92800000E-04 -2.60120000E-04  7.80440000E-04
2001-12-18T23:10:33.273 -9.40680000E-06 -3.22740000E-04  4.13630000E-04
2001-12-18T23:10:34.273 -4.60170000E-06 -2.25410000E-04  3.36740000E-04
2001-12-18T23:10:35.273 -8.93420000E-05 -2.63820000E-04  6.82810000E-04
2001-12-18T23:10:36.273 -1.47710000E-04 -2.24690000E-04  2.50840000E-04
2001-12-18T23:10:37.273 -1.02470000E-04 -1.23250000E-04  4.99810000E-04
2001-12-18T23:10:38.273 -4.11180000E-05 -1.69840000E-04  6.93060000E-04
2001-12-18T23:10:39.273 -1.36360000E-04 -3.09800000E-04  1.16800000E-04
2001-12-18T23:10:40.273 -1.20810000E-04 -1.43280000E-04  1.79880000E-04
2001-12-18T23:10:41.273 -2.13030000E-04 -3.99230000E-04  4.44020000E-04
2001-12-18T23:10:42.273 -2.94970000E-05 -1.30390000E-04  5.78530000E-04
2001-12-18T23:10:43.273 -5.16740000E-05 -2.60250000E-04  2.17260000E-04
2001-12-18T23:10:44.273 -1.97550000E-04 -2.78290000E-04  3.58040000E-04
2001-12-18T23:10:45.273 -8.34010000E-05 -2.63180000E-04  7.94980000E-04
2001-12-18T23:10:46.273 -6.78390000E-05 -2.43280000E-04  2.01520000E-04
2001-12-18T23:10:47.273 -2.77830000E-04 -2.27800000E-04  7.16830000E-04
2001-12-18T23:10:48.273  4.51180000E-05 -1.03130000E-04  4.53150000E-04
2001-12-18T23:10:49.273 -1.54900000E-04 -2.80050000E-04  3.66120000E-04
2001-12-18T23:10:50.273 -1.55190000E-04 -1.08500000E-04  2.61350000E-04
2001-12-18T23:10:51.273 -1.64250000E-04 -3.04140000E-04  5.49910000E-04
2001-12-18T23:10:52.273  1.19200000E-05 -1.27460000E-04  3.50160000E-04
2001-12-18T23:10:53.273 -2.52230000E-04 -1.79510000E-04  5.62310000E-04
2001-12-18T23:10:54.273  3.90380000E-05 -8.55040000E-05  4.09500000E-04
2001-12-18T23:10:55.273 -1.72450000E-04 -2.91150000E-04  4.87440000E-04
2001-12-18T23:10:56.273  6.49620000E-05 -3.29770000E-05  2.39910000E-04
2001-12-18T23:10:57.273 -2.52080000E-04 -3.58230000E-04  4.37410000E-04
2001-12-18T23:10:58.273  7.69400000E-05 -8.64930000E-05  7.51180000E-04
2001-12-18T23:10:59.273 -2.68120000E-04 -2.74680000E-04  1.79160000E-04
2001-12-18T23:11:00.273  1.30820000E-06 -1.75220000E-04  2.75690000E-04
2001-12-18T23:11:01.273 -2.71560000E-04 -2.53380000E-04  8.42570000E-04
2001-12-18T23:11:02.273  2.06620000E-05 -1.56370000E-04  4.81810000E-05
2001-12-18T23:11:03.273 -2.75940000E-04 -2.42330000E-04  2.71800000E-04
2001-12-18T23:11:04.273 -5.50990000E-06 -2.14780000E-04  7.26050000E-04
2001-12-18T23:11:05.273 -2.32320000E-04 -1.17330000E-04  4.04050000E-04
2001-12-18T23:11:06.273 -1.37430000E-04 -1.67720000E-04  4.14160000E-04
2001-12-18T23:11:07.273 -5.80930000E-05 -1.76490000E-04  5.13180000E-04
2001-12-18T23:11:08.273 -5.59040000E-05 -1.65130000E-04  3.06080000E-04
2001-12-18T23:11:09.273 -2.03740000E-04 -2.05660000E-04  2.44320000E-04
2001-12-18T23:11:10.273 -3.91990000E-06 -1.58960000E-04  5.48300000E-04
2001-12-18T23:11:11.273 -1.20970000E-04 -1.37830000E-04  2.64220000E-04
2001-12-18T23:11:12.273 -1.55350000E-04 -1.65000000E-04  4.17260000E-04
2001-12-18T23:11:13.273  7.03480000E-05 -7.96420000E-05  5.83290000E-04
2001-12-18T23:11:14.273 -1.76980000E-04 -1.79700000E-04  3.11950000E-04
2001-12-18T23:11:15.273 -3.49390000E-05  1.31120000E-04  1.33380000E-04
2001-12-18T23:11:16.273 -1.80090000E-04 -3.50360000E-04  4.70190000E-04
2001-12-18T23:11:17.273  3.68330000E-05 -6.74570000E-05  6.09040000E-04
2001-12-18T23:11:18.273 -2.29730000E-04 -2.39500000E-04  3.77000000E-04
2001-12-18T23:11:19.273 -7.63880000E-07 -6.57970000E-05  4.30010000E-04
2001-12-18T23:11:20.273 -2.37950000E-04 -1.58880000E-04  5.81810000E-04
2001-12-18T23:11:21.273 -8.42800000E-05  4.71230000E-05  3.69350000E-04
2001-12-18T23:11:22.273 -3.67930000E-05  8.55740000E-05  3.94710000E-04
2001-12-18T23:11:23.273 -8.22060000E-05  5.34510000E-06  4.85330000E-04
2001-12-18T23:11:24.273 -1.03400000E-04 -1.33070000E-05  2.12100000E-04
2001-12-18T23:11:25.273 -1.48560000E-04 -5.07470000E-06  5.62470000E-04
2001-12-18T23:11:26.273 -3.86340000E-05  1.10370000E-05  5.43100000E-04
2001-12-18T23:11:27.273 -1.88790000E-04 -8.07780000E-05  3.08940000E-04
2001-12-18T23:11:28.273  5.47530000E-05  7.93590000E-05  4.25890000E-04
2001-12-18T23:11:29.273 -2.27120000E-04  6.32290000E-05  7.14910000E-04
2001-12-18T23:11:30.273 -1.22770000E-04  5.64650000E-05  3.04780000E-04
2001-12-18T23:11:31.273  4.23550000E-07  1.46650000E-04  1.86660000E-04
2001-12-18T23:11:32.273 -2.25010000E-04 -8.29340000E-05  7.13480000E-04
2001-12-18T23:11:33.273  8.03110000E-05  1.66710000E-04  2.95450000E-04
2001-12-18T23:11:34.273 -1.79040000E-04  2.25630000E-04  1.67150000E-04
2001-12-18T23:11:35.273 -2.20260000E-04  6.77280000E-05  4.98010000E-04
2001-12-18T23:11:36.273  4.94550000E-05  1.45390000E-04  7.36870000E-04
2001-12-18T23:11:37.273 -2.97960000E-04  1.20150000E-04  3.53780000E-04
2001-12-18T23:11:38.273 -9.69430000E-05  1.77260000E-04  4.83800000E-04
2001-12-18T23:11:39.273 -5.97960000E-05  1.55800000E-04  6.12400000E-04
2001-12-18T23:11:40.273 -7.94960000E-05  3.78630000E-04  2.75020000E-04
2001-12-18T23:11:41.273 -1.61330000E-04  9.47870000E-05  3.40330000E-04
2001-12-18T23:11:42.273 -2.08800000E-04  2.95790000E-04  7.62890000E-04
2001-12-18T23:11:43.273 -1.04130000E-04  2.89480000E-04  2.97030000E-04
2001-12-18T23:11:44.273 -8.97180000E-05  2.22330000E-04  2.36750000E-04
2001-12-18T23:11:45.273 -2.38750000E-04  3.33760000E-04  7.04280000E-04
2001-12-18T23:11:46.273  2.85530000E-05  3.77950000E-04  4.08530000E-04
2001-12-18T23:11:47.273 -3.52910000E-04  3.25160000E-04  3.65980000E-04
2001-12-18T23:11:48.273 -6.55190000E-05  6.18300000E-04  6.19690000E-04
2001-12-18T23:11:49.273 -1.27830000E-04  5.70690000E-04  2.40510000E-04
2001-12-18T23:11:50.273 -2.24860000E-04  5.91900000E-04  7.89150000E-04
2001-12-18T23:11:51.273 -1.54040000E-04  7.13660000E-04  1.83320000E-04
2001-12-18T23:11:52.273 -1.24860000E-04  8.90060000E-04  6.71030000E-04
2001-12-18T23:11:53.273 -1.44810000E-04  1.01420000E-03  4.95610000E-04
2001-12-18T23:11:54.273 -1.64760000E-04  1.10040000E-03  4.84360000E-04
2001-12-18T23:11:55.273 -2.32980000E-05  1.37090000E-03  5.11380000E-04
2001-12-18T23:11:56.273 -1.10970000E-04  1.31580000E-03  4.51600000E-04
2001-12-18T23:11:57.273 -3.13610000E-04  1.46960000E-03  4.14090000E-04
2001-12-18T23:11:58.273 -7.55050000E-05  1.38570000E-03  9.38580000E-04
2001-12-18T23:11:59.273 -5.06910000E-05  1.37700000E-03  3.68440000E-04
2001-12-18T23:12:00.273 -1.71240000E-04  1.62710000E-03  4.45690000E-04
2001-12-18T23:12:01.273 -6.11970000E-05  1.60230000E-03  6.76350000E-04
2001-12-18T23:12:02.273 -1.50320000E-04  1.35020000E-03  2.85350000E-04
2001-12-18T23:12:03.273 -2.00150000E-04  1.57090000E-03  3.96160000E-04
2001-12-18T23:12:04.273 -2.40970000E-04  1.70840000E-03  9.68570000E-04
2001-12-18T23:12:05.273 -1.39530000E-04  1.76160000E-03  3.64140000E-04
2001-12-18T23:12:06.273 -2.06740000E-04  1.99870000E-03  3.29690000E-04
2001-12-18T23:12:07.273  3.10200000E-05  2.31090000E-03  6.85290000E-04
2001-12-18T23:12:08.273 -2.01070000E-04  2.03350000E-03  4.00420000E-04
2001-12-18T23:12:09.273 -1.20380000E-04  2.09880000E-03  9.28610000E-04
2001-12-18T23:12:10.273 -1.56670000E-04  2.12200000E-03  4.97300000E-04
2001-12-18T23:12:11.273 -1.46530000E-04  2.22520000E-03  3.06680000E-04
2001-12-18T23:12:12.273 -1.07030000E-04  2.10280000E-03  7.37280000E-04
2001-12-18T23:12:13.273 -1.27570000E-04  2.30110000E-03  4.69190000E-04
2001-12-18T23:12:14.273 -7.97850000E-05  2.28690000E-03  7.82980000E-04
2001-12-18T23:12:15.273 -2.00980000E-04  2.49370000E-03  2.14920000E-04
2001-12-18T23:12:16.273 -1.03360000E-04  2.24070000E-03  5.39140000E-04
2001-12-18T23:12:17.273 -1.87690000E-04  2.30900000E-03  7.16470000E-04
2001-12-18T23:12:18.273 -8.33440000E-05  2.44020000E-03  3.43900000E-04
2001-12-18T23:12:19.273 -8.34760000E-05  2.44950000E-03  4.74920000E-04
2001-12-18T23:12:20.273 -3.11550000E-04  2.58520000E-03  3.83330000E-04
2001-12-18T23:12:21.273 -2.20800000E-04  2.69550000E-03  8.12040000E-04
2001-12-18T23:12:22.273 -8.12830000E-05  3.02160000E-03  1.49290000E-04
2001-12-18T23:12:23.273 -1.24220000E-04  3.05550000E-03  6.96160000E-04
2001-12-18T23:12:24.273 -2.40290000E-04  3.04560000E-03  5.40100000E-04
2001-12-18T23:12:25.273 -2.33110000E-04  3.54020000E-03  6.18850000E-04
2001-12-18T23:12:26.273 -1.25330000E-04  3.52080000E-03  7.20750000E-04
2001-12-18T23:12:27.273 -1.75300000E-04  3.49680000E-03  4.58210000E-04
2001-12-18T23:12:28.273  1.36430000E-05  3.74980000E-03  2.37270000E-04
2001-12-18T23:12:29.273 -2.70920000E-04  3.82810000E-03  6.15110000E-04
2001-12-18T23:12:30.273 -1.51980000E-04  3.75760000E-03  8.98460000E-04
2001-12-18T23:12:31.273 -1.47090000E-04  3.61480000E-03  2.93100000E-04
2001-12-18T23:12:32.273 -2.70270000E-04  3.52280000E-03  6.73260000E-04
2001-12-18T23:12:33.273 -6.55580000E-05  3.56540000E-03  5.13360000E-04
2001-12-18T23:12:34.273 -9.25260000E-05  3.55070000E-03  5.21030000E-04
2001-12-18T23:12:35.273 -2.38410000E-04  3.74400000E-03  7.50540000E-04
2001-12-18T23:12:36.273 -2.69350000E-05  3.99790000E-03  3.04350000E-04
2001-12-18T23:12:37.273 -2.18630000E-04  3.75150000E-03  4.92910000E-04
2001-12-18T23:12:38.273  1.03490000E-04  4.07210000E-03  8.88010000E-04
2001-12-18T23:12:39.273 -2.39390000E-04  4.12000000E-03  2.75940000E-04
2001-12-18T23:12:40.273  4.01200000E-05  4.46330000E-03  2.68370000E-04
2001-12-18T23:12:41.273 -1.39370000E-04  4.23320000E-03  6.87290000E-04
2001-12-18T23:12:42.273 -7.69340000E-06  4.14200000E-03  6.74650000E-04
2001-12-18T23:12:43.273 -1.16850000E-04  4.08010000E-03  4.99760000E-04
2001-12-18T23:12:44.273 -7.84200000E-05  4.32410000E-03  3.97780000E-04
2001-12-18T23:12:45.273 -1.75180000E-04  4.39130000E-03  4.56950000E-04
2001-12-18T23:12:46.273 -4.05430000E-04  4.52180000E-03  7.93080000E-04
2001-12-18T23:12:47.273  7.87110000E-05  4.92440000E-03  2.88250000E-04
2001-12-18T23:12:48.273  4.03780000E-05  4.61160000E-03  5.00210000E-04
2001-12-18T23:12:49.273 -2.52510000E-04  4.36060000E-03  6.38820000E-04
2001-12-18T23:12:50.273 -3.59800000E-05  4.94520000E-03  3.93460000E-04
2001-12-18T23:12:51.273  1.96360000E-05  5.02700000E-03  6.18300000E-04
2001-12-18T23:12:52.273 -1.20950000E-04  4.93510000E-03  7.08640000E-04
2001-12-18T23:12:53.273 -7.28590000E-05  5.25820000E-03  4.38650000E-04
2001-12-18T23:12:54.273 -2.00320000E-04  5.05590000E-03  8.06840000E-04
2001-12-18T23:12:55.273 -4.89130000E-05  5.37310000E-03  4.49760000E-04
2001-12-18T23:12:56.273 -1.22000000E-04  5.76920000E-03  6.11030000E-04
2001-12-18T23:12:57.273 -1.11790000E-04  5.93900000E-03  7.26100000E-04
2001-12-18T23:12:58.273 -1.64990000E-04  5.97640000E-03  6.25430000E-04
2001-12-18T23:12:59.273 -2.36700000E-04  6.04370000E-03  4.38990000E-04
2001-12-18T23:13:00.273 -2.80440000E-04  6.25940000E-03  9.14990000E-04
2001-12-18T23:13:01.273 -1.76900000E-04  6.50670000E-03  4.98680000E-04
2001-12-18T23:13:02.273 -4.40890000E-05  6.56830000E-03  4.80690000E-04
2001-12-18T23:13:03.273 -2.43200000E-04  6.43660000E-03  8.35640000E-04
2001-12-18T23:13:04.273 -1.06880000E-04  6.35770000E-03  6.65600000E-04
2001-12-18T23:13:05.273 -1.66770000E-04  6.15660000E-03  4.90550000E-04
2001-12-18T23:13:06.273 -2.27340000E-04  5.83810000E-03  9.69180000E-04
2001-12-18T23:13:07.273 -3.26580000E-04  6.04440000E-03  4.15330000E-04
2001-12-18T23:13:08.273 -2.94460000E-04  6.59330000E-03  4.20890000E-04
2001-12-18T23:13:09.273 -1.18730000E-04  6.57440000E-03  8.54540000E-04
2001-12-18T23:13:10.273 -1.81810000E-04  6.88480000E-03  7.26660000E-04
2001-12-18T23:13:11.273 -3.63620000E-04  7.26410000E-03  8.37260000E-04
2001-12-18T23:13:12.273 -2.93990000E-04  7.59560000E-03  7.73480000E-04
2001-12-18T23:13:13.273 -5.41340000E-04  7.48380000E-03  5.00650000E-04
2001-12-18T23:13:14.273 -3.62750000E-04  7.23580000E-03  1.00070000E-03
2001-12-18T23:13:15.273 -3.31790000E-04  7.15280000E-03  4.56150000E-04
2001-12-18T23:13:16.273 -3.85650000E-04  7.15610000E-03  9.82000000E-04
2001-12-18T23:13:17.273 -5.05830000E-04  7.17060000E-03  7.31070000E-04
2001-12-18T23:13:18.273 -4.40990000E-04  8.00250000E-03  7.02430000E-04
2001-12-18T23:13:19.273 -5.28250000E-04  8.47310000E-03  8.35110000E-04
2001-12-18T23:13:20.273 -1.95370000E-04  8.79040000E-03  5.23090000E-04
2001-12-18T23:13:21.273 -6.29630000E-04  9.10960000E-03  8.73650000E-04
2001-12-18T23:13:22.273 -4.32560000E-04  9.27530000E-03  6.70800000E-04
2001-12-18T23:13:23.273 -2.38720000E-04  8.91350000E-03  9.51690000E-04
2001-12-18T23:13:24.273 -5.38020000E-04  8.87640000E-03  5.70630000E-04
2001-12-18T23:13:25.273 -4.39070000E-04  9.64130000E-03  9.07820000E-04
2001-12-18T23:13:26.273 -2.71790000E-04  1.00400000E-02  6.31940000E-04
2001-12-18T23:13:27.273 -3.74340000E-04  1.00960000E-02  1.03000000E-03
2001-12-18T23:13:28.273 -5.81500000E-04  1.07280000E-02  5.09550000E-04
2001-12-18T23:13:29.273 -2.81050000E-04  1.08050000E-02  9.22210000E-04
2001-12-18T23:13:30.273 -3.49510000E-04  1.12330000E-02  6.60250000E-04
2001-12-18T23:13:31.273 -4.51370000E-04  1.14010000E-02  8.47400000E-04
2001-12-18T23:13:32.273 -2.29920000E-04  1.15400000E-02  4.45650000E-04
2001-12-18T23:13:33.273 -2.90660000E-04  1.16900000E-02  1.08290000E-03
2001-12-18T23:13:34.273 -3.37860000E-04  1.17650000E-02  5.22100000E-04
2001-12-18T23:13:35.273 -4.84450000E-04  1.20240000E-02  7.97510000E-04
2001-12-18T23:13:36.273  1.27350000E-04  1.23220000E-02  4.66820000E-04
2001-12-18T23:13:37.273 -4.16350000E-04  1.21930000E-02  9.38650000E-04
2001-12-18T23:13:38.273  5.08070000E-06  1.27300000E-02  3.06040000E-04
2001-12-18T23:13:39.273 -3.43550000E-04  1.25210000E-02  8.34950000E-04
2001-12-18T23:13:40.273  8.86780000E-05  1.31440000E-02  6.87930000E-04
2001-12-18T23:13:41.273 -3.78540000E-04  1.29410000E-02  4.56870000E-04
2001-12-18T23:13:42.273 -1.16190000E-05  1.39730000E-02  9.43970000E-04
2001-12-18T23:13:43.273 -1.96380000E-04  1.44020000E-02  2.78210000E-04
2001-12-18T23:13:44.273  8.77470000E-05  1.54270000E-02  5.91010000E-04
2001-12-18T23:13:45.273 -1.23820000E-04  1.57000000E-02  8.62960000E-04
2001-12-18T23:13:46.273 -3.23610000E-04  1.61500000E-02  3.36570000E-04
2001-12-18T23:13:47.273  1.78710000E-04  1.73600000E-02  6.85870000E-04
2001-12-18T23:13:48.273 -3.44630000E-04  1.71100000E-02  8.18810000E-04
2001-12-18T23:13:49.273 -5.20130000E-04  1.76440000E-02  4.97820000E-04
2001-12-18T23:13:50.273 -5.35570000E-05  1.88530000E-02  5.52110000E-04
2001-12-18T23:13:51.273  4.22270000E-04  1.99850000E-02  1.01680000E-03
2001-12-18T23:13:52.273 -9.71080000E-05  1.99770000E-02  6.78190000E-04
2001-12-18T23:13:53.273 -7.05540000E-04  1.99370000E-02  8.89740000E-04
2001-12-18T23:13:54.273 -7.04310000E-04  1.99140000E-02  5.88540000E-04
2001-12-18T23:13:55.273 -7.64070000E-04  2.02920000E-02  1.07730000E-03
2001-12-18T23:13:56.273  3.83070000E-04  2.17210000E-02  6.00340000E-04
2001-12-18T23:13:57.273 -9.98400000E-04  2.13080000E-02  8.24110000E-04
2001-12-18T23:13:58.273 -2.19950000E-04  2.26850000E-02  9.31020000E-04
2001-12-18T23:13:59.273 -5.92740000E-04  2.28080000E-02  9.00370000E-04
2001-12-18T23:14:00.273 -6.71710000E-04  2.33940000E-02  8.97410000E-04
2001-12-18T23:14:01.273 -7.87920000E-04  2.40260000E-02  1.03990000E-03
2001-12-18T23:14:02.273 -8.54850000E-04  2.45350000E-02  1.00380000E-03
2001-12-18T23:14:03.273 -7.01970000E-04  2.54050000E-02  9.92810000E-04
2001-12-18T23:14:04.273 -7.19270000E-04  2.60360000E-02  8.35910000E-04
2001-12-18T23:14:05.273 -9.11590000E-04  2.66390000E-02  1.27470000E-03
2001-12-18T23:14:06.273 -9.58550000E-04  2.73500000E-02  1.09310000E-03
2001-12-18T23:14:07.273 -6.85990000E-04  2.74660000E-02  1.19560000E-03
2001-12-18T23:14:08.273 -9.92620000E-04  2.66570000E-02  1.10340000E-03
2001-12-18T23:14:09.273 -6.44310000E-04  2.71440000E-02  1.20690000E-03
2001-12-18T23:14:10.273 -6.89490000E-04  2.74550000E-02  1.11210000E-03
2001-12-18T23:14:11.273 -6.72320000E-04  2.75270000E-02  1.32200000E-03
2001-12-18T23:14:12.273 -5.43090000E-04  2.80370000E-02  1.13810000E-03
2001-12-18T23:14:13.273 -6.39360000E-04  2.88500000E-02  9.71730000E-04
2001-12-18T23:14:14.273 -6.24310000E-04  2.99010000E-02  1.22410000E-03
2001-12-18T23:14:15.273 -5.28080000E-04  3.02580000E-02  9.77180000E-04
2001-12-18T23:14:16.273 -4.27620000E-04  3.10810000E-02  1.17950000E-03
2001-12-18T23:14:17.273 -4.25280000E-04  3.15490000E-02  7.58330000E-04
2001-12-18T23:14:18.273 -4.54220000E-04  3.18390000E-02  1.23270000E-03
2001-12-18T23:14:19.273 -4.74180000E-04  3.17820000E-02  8.20940000E-04
2001-12-18T23:14:20.273 -2.07030000E-04  3.16310000E-02  8.81480000E-04
2001-12-18T23:14:21.273 -5.30250000E-04  3.18810000E-02  8.57300000E-04
2001-12-18T23:14:22.273 -4.38660000E-04  3.23740000E-02  6.05820000E-04
2001-12-18T23:14:23.273 -2.39840000E-04  3.26360000E-02  9.32270000E-04
2001-12-18T23:14:24.273 -5.62830000E-04  3.30220000E-02  7.95820000E-04
2001-12-18T23:14:25.273 -4.57500000E-04  3.36570000E-02  5.96910000E-04
2001-12-18T23:14:26.273 -6.39930000E-04  3.40170000E-02  9.60540000E-04
2001-12-18T23:14:27.273 -7.36540000E-04  3.48310000E-02  7.03770000E-04
2001-12-18T23:14:28.273 -8.29990000E-04  3.44500000E-02  7.73710000E-04
2001-12-18T23:14:29.273 -8.07790000E-04  3.45700000E-02  7.60730000E-04
2001-12-18T23:14:30.273 -7.96340000E-04  3.48690000E-02  6.75420000E-04
2001-12-18T23:14:31.273 -7.50120000E-04  3.50500000E-02  6.17110000E-04
2001-12-18T23:14:32.273 -9.51580000E-04  3.48160000E-02  8.78010000E-04
2001-12-18T23:14:33.273 -8.47210000E-04  3.49370000E-02  8.11170000E-04
2001-12-18T23:14:34.273 -9.89470000E-04  3.62300000E-02  7.38080000E-04
2001-12-18T23:14:35.273 -1.00170000E-03  3.71700000E-02  9.90620000E-04
2001-12-18T23:14:36.273 -1.02700000E-03  3.61420000E-02  7.27020000E-04
2001-12-18T23:14:37.273 -7.47740000E-04  3.64570000E-02  1.20890000E-03
2001-12-18T23:14:38.273 -1.07420000E-03  3.58340000E-02  8.03480000E-04
2001-12-18T23:14:39.273 -9.08090000E-04  3.50490000E-02  1.14720000E-03
2001-12-18T23:14:40.273 -9.33990000E-04  3.33640000E-02  9.33710000E-04
2001-12-18T23:14:41.273 -6.93330000E-04  3.49410000E-02  1.15230000E-03
2001-12-18T23:14:42.273 -8.67800000E-04  3.61730000E-02  1.12530000E-03
2001-12-18T23:14:43.273 -8.78840000E-04  3.57480000E-02  7.95800000E-04
2001-12-18T23:14:44.273 -5.66410000E-04  3.56750000E-02  1.11660000E-03
2001-12-18T23:14:45.273 -6.54680000E-04  3.34810000E-02  1.09650000E-03
2001-12-18T23:14:46.273 -4.62350000E-04  3.36140000E-02  9.74970000E-04
2001-12-18T23:14:47.273 -5.49360000E-04  3.52340000E-02  1.27570000E-03
2001-12-18T23:14:48.273 -3.54540000E-04  3.45580000E-02  1.06580000E-03
2001-12-18T23:14:49.273 -4.54870000E-04  3.35480000E-02  1.11500000E-03
2001-12-18T23:14:50.273 -2.68260000E-04  3.57080000E-02  9.99950000E-04
2001-12-18T23:14:51.273 -4.00550000E-04  3.62920000E-02  1.17500000E-03
2001-12-18T23:14:52.273 -5.63670000E-04  3.62720000E-02  1.10050000E-03
2001-12-18T23:14:53.273 -6.36690000E-04  3.68400000E-02  7.72930000E-04
2001-12-18T23:14:54.273 -2.74560000E-04  3.78160000E-02  1.01310000E-03
2001-12-18T23:14:55.273 -7.23530000E-04  3.91500000E-02  8.69940000E-04
2001-12-18T23:14:56.273 -7.11600000E-04  3.85230000E-02  8.34090000E-04
2001-12-18T23:14:57.273 -7.85100000E-04  3.78570000E-02  9.20670000E-04
2001-12-18T23:14:58.273 -9.00250000E-04  3.81060000E-02  1.01900000E-03
2001-12-18T23:14:59.273 -8.59450000E-04  3.89800000E-02  7.60000000E-04
2001-12-18T23:15:00.273 -9.62770000E-04  3.65940000E-02  1.14440000E-03
2001-12-18T23:15:01.273 -1.00740000E-03  3.84510000E-02  6.20950000E-04
2001-12-18T23:15:02.273 -9.51370000E-04  3.53600000E-02  1.00420000E-03
2001-12-18T23:15:03.273 -9.16290000E-04  3.35660000E-02  9.96760000E-04
2001-12-18T23:15:04.273 -1.08000000E-03  3.56790000E-02  8.79650000E-04
2001-12-18T23:15:05.273 -9.82580000E-04  3.86740000E-02  6.61370000E-04
2001-12-18T23:15:06.273 -1.05820000E-03  3.85040000E-02  9.66050000E-04
2001-12-18T23:15:07.273 -9.63280000E-04  3.92910000E-02  6.97070000E-04
2001-12-18T23:15:08.273 -1.09920000E-03  3.86430000E-02  6.64210000E-04
2001-12-18T23:15:09.273 -8.73000000E-04  3.73490000E-02  7.59480000E-04
2001-12-18T23:15:10.273 -8.54820000E-04  3.74950000E-02  7.51030000E-04
2001-12-18T23:15:11.273 -8.31800000E-04  3.58820000E-02  5.75620000E-04
2001-12-18T23:15:12.273 -7.17880000E-04  3.29760000E-02  1.01870000E-03
2001-12-18T23:15:13.273 -5.09730000E-04  3.20040000E-02  7.76560000E-04
2001-12-18T23:15:14.273 -6.26190000E-04  3.18490000E-02  9.58680000E-04
2001-12-18T23:15:15.273 -3.23070000E-04  3.22800000E-02  7.58180000E-04
2001-12-18T23:15:16.273 -3.78260000E-04  3.24660000E-02  1.08140000E-03
2001-12-18T23:15:17.273 -4.41650000E-04  3.34830000E-02  6.48130000E-04
2001-12-18T23:15:18.273 -3.14810000E-04  3.44680000E-02  1.25990000E-03
2001-12-18T23:15:19.273 -3.72010000E-04  3.37870000E-02  7.92200000E-04
2001-12-18T23:15:20.273 -3.36800000E-04  3.28520000E-02  1.22780000E-03
2001-12-18T23:15:21.273 -3.88630000E-04  3.27650000E-02  8.87740000E-04
2001-12-18T23:15:22.273 -4.61650000E-04  3.21110000E-02  1.05340000E-03
2001-12-18T23:15:23.273 -3.31470000E-04  3.23120000E-02  1.06990000E-03
2001-12-18T23:15:24.273 -4.29840000E-04  3.25620000E-02  1.08760000E-03
2001-12-18T23:15:25.273 -7.14980000E-04  3.32740000E-02  1.17820000E-03
2001-12-18T23:15:26.273 -5.45470000E-04  3.31030000E-02  1.20380000E-03
2001-12-18T23:15:27.273 -5.47980000E-04  3.27410000E-02  8.96810000E-04
2001-12-18T23:15:28.273 -9.13520000E-04  3.24580000E-02  1.22780000E-03
2001-12-18T23:15:29.273 -8.36560000E-04  3.11410000E-02  7.20640000E-04
2001-12-18T23:15:30.273 -8.03110000E-04  3.00460000E-02  9.73360000E-04
2001-12-18T23:15:31.273 -8.86660000E-04  3.07810000E-02  9.37950000E-04
2001-12-18T23:15:32.273 -1.12210000E-03  3.19080000E-02  1.01750000E-03
2001-12-18T23:15:33.273 -7.67240000E-04  3.03440000E-02  8.52530000E-04
2001-12-18T23:15:34.273 -9.05000000E-04  2.95560000E-02  1.00650000E-03
2001-12-18T23:15:35.273 -8.08320000E-04  2.83460000E-02  7.95880000E-04
2001-12-18T23:15:36.273 -8.07880000E-04  2.85720000E-02  1.03450000E-03
2001-12-18T23:15:37.273 -1.01720000E-03  2.93790000E-02  8.44500000E-04
2001-12-18T23:15:38.273 -6.18100000E-04  3.09750000E-02  8.40910000E-04
2001-12-18T23:15:39.273 -1.16870000E-03  3.04890000E-02  7.79840000E-04
2001-12-18T23:15:40.273 -4.98800000E-04  3.00630000E-02  7.59530000E-04
2001-12-18T23:15:41.273 -7.23340000E-04  3.01500000E-02  8.86310000E-04
2001-12-18T23:15:42.273 -8.92530000E-04  2.99730000E-02  8.75940000E-04
2001-12-18T23:15:43.273 -3.18000000E-04  3.03780000E-02  6.80160000E-04
2001-12-18T23:15:44.273 -6.24040000E-04  3.03990000E-02  6.71840000E-04
2001-12-18T23:15:45.273 -5.08120000E-04  3.03250000E-02  8.47530000E-04
2001-12-18T23:15:46.273 -3.91740000E-04  2.88500000E-02  6.58790000E-04
2001-12-18T23:15:47.273 -5.15170000E-04  2.82810000E-02  9.54890000E-04
2001-12-18T23:15:48.273 -9.36870000E-05  2.76300000E-02  6.01570000E-04
2001-12-18T23:15:49.273 -2.27080000E-04  2.71370000E-02  8.19350000E-04
2001-12-18T23:15:50.273 -1.87570000E-04  2.64650000E-02  5.92130000E-04
2001-12-18T23:15:51.273 -4.52720000E-04  2.61530000E-02  8.72200000E-04
2001-12-18T23:15:52.273  2.39300000E-06  2.63200000E-02  6.18410000E-04
2001-12-18T23:15:53.273 -4.94210000E-04  2.68340000E-02  1.06930000E-03
2001-12-18T23:15:54.273 -2.74680000E-04  2.72900000E-02  6.83960000E-04
2001-12-18T23:15:55.273 -5.48290000E-04  2.72480000E-02  1.07080000E-03
2001-12-18T23:15:56.273 -2.36560000E-04  2.78600000E-02  7.49720000E-04
2001-12-18T23:15:57.273 -4.99410000E-04  2.71620000E-02  1.08350000E-03
2001-12-18T23:15:58.273 -4.25580000E-04  2.74250000E-02  8.60810000E-04
2001-12-18T23:15:59.273 -5.59870000E-04  2.69980000E-02  9.84440000E-04
2001-12-18T23:16:00.273 -8.70770000E-04  2.60290000E-02  1.02870000E-03
2001-12-18T23:16:01.273 -2.40060000E-04  2.65900000E-02  7.44420000E-04
2001-12-18T23:16:02.273 -1.08810000E-03  2.61800000E-02  1.10720000E-03
2001-12-18T23:16:03.273 -7.39120000E-04  2.57710000E-02  1.07410000E-03
2001-12-18T23:16:04.273 -6.11810000E-04  2.42460000E-02  9.01160000E-04
2001-12-18T23:16:05.273 -3.69480000E-04  2.33130000E-02  1.24310000E-03
2001-12-18T23:16:06.273 -1.24530000E-03  2.08150000E-02  6.80250000E-04
2001-12-18T23:16:07.273 -5.87230000E-04  2.01110000E-02  8.26570000E-04
2001-12-18T23:16:08.273 -6.64640000E-04  1.88890000E-02  1.22150000E-03
2001-12-18T23:16:09.273 -2.99040000E-04  1.94140000E-02  7.69090000E-04
2001-12-18T23:16:10.273 -8.68810000E-04  2.03060000E-02  7.08840000E-04
2001-12-18T23:16:11.273 -2.85720000E-04  2.03870000E-02  1.11260000E-03
2001-12-18T23:16:12.273  3.04720000E-04  2.06960000E-02  5.92260000E-04
2001-12-18T23:16:13.273 -1.08470000E-03  1.82310000E-02  8.91780000E-04
2001-12-18T23:16:14.273 -6.66480000E-04  1.81560000E-02  6.85740000E-04
2001-12-18T23:16:15.273 -4.88390000E-04  1.83040000E-02  9.87500000E-04
2001-12-18T23:16:16.273 -1.78920000E-04  1.73620000E-02  6.78560000E-04
2001-12-18T23:16:17.273 -5.94670000E-04  1.71580000E-02  9.42730000E-04
2001-12-18T23:16:18.273 -5.90670000E-04  1.62210000E-02  7.05290000E-04
2001-12-18T23:16:19.273  4.11840000E-04  1.73310000E-02  5.71050000E-04
2001-12-18T23:16:20.273 -7.87590000E-04  1.74480000E-02  1.10240000E-03
2001-12-18T23:16:21.273 -6.55670000E-04  1.79040000E-02  7.22720000E-04
2001-12-18T23:16:22.273  3.06570000E-04  1.83250000E-02  5.52930000E-04
2001-12-18T23:16:23.273  2.29080000E-04  1.87280000E-02  1.02070000E-03
2001-12-18T23:16:24.273 -1.09670000E-03  1.71430000E-02  4.45160000E-04
2001-12-18T23:16:25.273 -1.35350000E-05  1.74420000E-02  6.34790000E-04
2001-12-18T23:16:26.273  2.11790000E-04  1.66130000E-02  5.53600000E-04
2001-12-18T23:16:27.273 -5.50480000E-04  1.53920000E-02  7.41710000E-04
2001-12-18T23:16:28.273  2.40520000E-04  1.54250000E-02  3.63620000E-04
2001-12-18T23:16:29.273 -4.84330000E-04  1.50700000E-02  1.04880000E-03
2001-12-18T23:16:30.273 -2.42300000E-04  1.57420000E-02  3.42430000E-04
2001-12-18T23:16:31.273  4.47680000E-05  1.54590000E-02  9.30060000E-04
2001-12-18T23:16:32.273 -4.91510000E-04  1.46160000E-02  5.43820000E-04
2001-12-18T23:16:33.273 -3.32920000E-05  1.50300000E-02  3.19230000E-04
2001-12-18T23:16:34.273 -1.31220000E-04  1.47240000E-02  1.02620000E-03
2001-12-18T23:16:35.273 -3.86690000E-04  1.46790000E-02  4.60440000E-04
2001-12-18T23:16:36.273 -4.41390000E-04  1.42150000E-02  5.77690000E-04
2001-12-18T23:16:37.273 -4.92240000E-04  1.42390000E-02  9.06230000E-04
2001-12-18T23:16:38.273 -2.63080000E-04  1.40950000E-02  3.64550000E-04
2001-12-18T23:16:39.273 -2.25110000E-04  1.46040000E-02  1.12690000E-03
2001-12-18T23:16:40.273 -7.62550000E-05  1.46250000E-02  5.44070000E-04
2001-12-18T23:16:41.273 -6.44720000E-04  1.44670000E-02  8.63160000E-04
2001-12-18T23:16:42.273 -6.01690000E-04  1.41390000E-02  7.15550000E-04
2001-12-18T23:16:43.273 -1.68430000E-04  1.42270000E-02  7.38260000E-04
2001-12-18T23:16:44.273 -4.28110000E-04  1.44040000E-02  7.45440000E-04
2001-12-18T23:16:45.273 -2.62470000E-04  1.39460000E-02  8.91730000E-04
2001-12-18T23:16:46.273 -4.86210000E-04  1.35730000E-02  7.10800000E-04
2001-12-18T23:16:47.273 -7.13000000E-04  1.34600000E-02  8.41470000E-04
2001-12-18T23:16:48.273 -2.29720000E-04  1.34960000E-02  8.08240000E-04
2001-12-18T23:16:49.273 -7.10350000E-04  1.25110000E-02  6.86880000E-04
2001-12-18T23:16:50.273 -6.07150000E-04  1.25710000E-02  8.85140000E-04
2001-12-18T23:16:51.273 -1.77840000E-04  1.22610000E-02  5.47400000E-04
2001-12-18T23:16:52.273 -3.44760000E-04  1.12530000E-02  1.04270000E-03
2001-12-18T23:16:53.273 -5.96430000E-04  1.01990000E-02  7.06460000E-04
2001-12-18T23:16:54.273 -3.82220000E-04  1.08860000E-02  8.05180000E-04
2001-12-18T23:16:55.273 -4.40010000E-04  1.09230000E-02  6.51830000E-04
2001-12-18T23:16:56.273 -2.98360000E-04  1.13910000E-02  7.28440000E-04
2001-12-18T23:16:57.273 -7.71280000E-04  1.17070000E-02  8.81900000E-04
2001-12-18T23:16:58.273 -2.81430000E-04  1.16980000E-02  6.17490000E-04
2001-12-18T23:16:59.273 -3.56100000E-04  1.11210000E-02  8.70440000E-04
2001-12-18T23:17:00.273 -1.21330000E-04  1.09380000E-02  6.96970000E-04
2001-12-18T23:17:01.273 -3.76680000E-04  1.12220000E-02  5.66260000E-04
2001-12-18T23:17:02.273 -3.97600000E-04  1.12330000E-02  5.66360000E-04
2001-12-18T23:17:03.273 -3.68270000E-04  1.03780000E-02  8.09920000E-04
2001-12-18T23:17:04.273 -2.08790000E-04  9.83720000E-03  8.09460000E-04
2001-12-18T23:17:05.273 -2.94890000E-04  9.56800000E-03  7.06860000E-04
2001-12-18T23:17:06.273 -9.10420000E-05  9.44610000E-03  6.11820000E-04
2001-12-18T23:17:07.273 -7.54160000E-05  8.86240000E-03  6.36170000E-04
2001-12-18T23:17:08.273 -1.93300000E-04  8.71670000E-03  8.03240000E-04
2001-12-18T23:17:09.273 -2.52260000E-04  8.76100000E-03  7.05610000E-04
2001-12-18T23:17:10.273 -5.38930000E-05  9.06460000E-03  5.92280000E-04
2001-12-18T23:17:11.273  2.51100000E-05  9.41200000E-03  7.31010000E-04
2001-12-18T23:17:12.273 -1.58710000E-04  9.04300000E-03  8.90990000E-04
2001-12-18T23:17:13.273 -8.47910000E-05  9.29400000E-03  4.70310000E-04
2001-12-18T23:17:14.273  6.07140000E-05  9.03290000E-03  7.90540000E-04
2001-12-18T23:17:15.273 -1.77360000E-05  9.11850000E-03  5.25060000E-04
2001-12-18T23:17:16.273 -6.58720000E-05  8.73760000E-03  7.73240000E-04
2001-12-18T23:17:17.273 -4.47670000E-06  8.54840000E-03  5.76520000E-04
2001-12-18T23:17:18.273 -7.23300000E-05  8.22800000E-03  6.86210000E-04
2001-12-18T23:17:19.273  3.54100000E-05  8.09500000E-03  4.95260000E-04
2001-12-18T23:17:20.273 -1.36930000E-04  7.64650000E-03  8.88660000E-04
2001-12-18T23:17:21.273 -4.88510000E-05  7.53430000E-03  4.35740000E-04
2001-12-18T23:17:22.273 -1.11230000E-04  7.43480000E-03  5.89710000E-04
2001-12-18T23:17:23.273 -2.37720000E-04  7.09480000E-03  7.78010000E-04
2001-12-18T23:17:24.273 -5.50120000E-05  7.22150000E-03  4.41970000E-04
2001-12-18T23:17:25.273 -8.26590000E-05  7.28270000E-03  7.57580000E-04
2001-12-18T23:17:26.273 -1.97540000E-04  6.70840000E-03  3.69150000E-04
2001-12-18T23:17:27.273 -1.85930000E-05  7.03580000E-03  8.82410000E-04
2001-12-18T23:17:28.273 -2.88170000E-04  6.61370000E-03  5.62410000E-04
2001-12-18T23:17:29.273 -1.51090000E-04  6.29030000E-03  4.23380000E-04
2001-12-18T23:17:30.273 -1.82220000E-04  6.22590000E-03  5.15430000E-04
2001-12-18T23:17:31.273 -2.08630000E-04  6.44890000E-03  7.84260000E-04
2001-12-18T23:17:32.273 -1.95600000E-04  6.12430000E-03  3.33330000E-04
2001-12-18T23:17:33.273 -3.19060000E-04  5.83980000E-03  7.62550000E-04
2001-12-18T23:17:34.273 -2.65710000E-04  5.56220000E-03  6.89400000E-04
2001-12-18T23:17:35.273 -1.53810000E-04  5.30360000E-03  4.18680000E-04
2001-12-18T23:17:36.273 -4.17390000E-04  5.08990000E-03  4.93120000E-04
2001-12-18T23:17:37.273 -3.54310000E-04  4.70110000E-03  3.33390000E-04
2001-12-18T23:17:38.273 -7.40270000E-05  4.70780000E-03  6.73900000E-04
2001-12-18T23:17:39.273 -3.26460000E-04  4.27730000E-03  4.10300000E-04
2001-12-18T23:17:40.273 -1.79090000E-04  3.61860000E-03  5.74870000E-04
2001-12-18T23:17:41.273 -2.67460000E-04  3.34410000E-03  3.23200000E-04
2001-12-18T23:17:42.273 -2.65460000E-04  3.25380000E-03  5.69470000E-04
2001-12-18T23:17:43.273 -2.27000000E-04  3.32260000E-03  6.97260000E-04
2001-12-18T23:17:44.273 -2.11370000E-04  2.90130000E-03  5.20460000E-04
2001-12-18T23:17:45.273 -9.88640000E-05  2.68830000E-03  5.08750000E-04
2001-12-18T23:17:46.273 -2.42310000E-04  2.70350000E-03  4.10790000E-04
2001-12-18T23:17:47.273 -1.89880000E-04  2.47280000E-03  6.98310000E-04
2001-12-18T23:17:48.273 -2.02360000E-04  2.66110000E-03  1.84720000E-04
2001-12-18T23:17:49.273 -2.33030000E-04  2.74730000E-03  7.29240000E-04
2001-12-18T23:17:50.273 -3.07520000E-04  2.48480000E-03  3.54750000E-04
2001-12-18T23:17:51.273 -3.71760000E-04  2.64860000E-03  4.43820000E-04
2001-12-18T23:17:52.273 -2.24010000E-04  2.23040000E-03  5.54040000E-04
2001-12-18T23:17:53.273 -3.18650000E-04  2.26990000E-03  3.54920000E-04
2001-12-18T23:17:54.273 -1.16970000E-04  2.12080000E-03  7.71950000E-04
2001-12-18T23:17:55.273 -1.60190000E-04  2.08760000E-03  5.33480000E-04
2001-12-18T23:17:56.273 -2.80300000E-04  1.84930000E-03  3.31630000E-04
2001-12-18T23:17:57.273 -1.79580000E-04  1.98370000E-03  7.04560000E-04
2001-12-18T23:17:58.273 -8.96440000E-05  1.71310000E-03  3.20250000E-04
2001-12-18T23:17:59.273 -2.27720000E-04  1.53610000E-03  4.43000000E-04
2001-12-18T23:18:00.273 -2.44340000E-04  1.75650000E-03  6.82410000E-04
2001-12-18T23:18:01.273 -7.74380000E-05  1.47830000E-03  3.25590000E-04
2001-12-18T23:18:02.273 -1.00450000E-04  1.61770000E-03  6.70500000E-04
2001-12-18T23:18:03.273 -2.66890000E-04  1.49090000E-03  3.83730000E-04
2001-12-18T23:18:04.273 -8.93190000E-05  1.56150000E-03  6.08730000E-04
2001-12-18T23:18:05.273 -3.28970000E-04  1.46250000E-03  4.69890000E-04
2001-12-18T23:18:06.273 -8.07840000E-05  1.41660000E-03  3.60280000E-04
2001-12-18T23:18:07.273 -2.11950000E-04  1.20040000E-03  4.40860000E-04
2001-12-18T23:18:08.273 -1.37740000E-04  1.14390000E-03  9.42030000E-04
2001-12-18T23:18:09.273 -1.56090000E-04  1.04170000E-03  2.91580000E-04
2001-12-18T23:18:10.273 -1.84050000E-04  9.47180000E-04  5.04870000E-04
2001-12-18T23:18:11.273 -5.08440000E-05  8.87430000E-04  5.45680000E-04
2001-12-18T23:18:12.273 -1.48260000E-04  7.58170000E-04  3.15800000E-04
2001-12-18T23:18:13.273 -1.23730000E-04  9.48770000E-04  6.76260000E-04
2001-12-18T23:18:14.273 -6.58090000E-06  8.36690000E-04  3.75310000E-04
2001-12-18T23:18:15.273 -5.65000000E-05  9.83230000E-04  6.58600000E-04
2001-12-18T23:18:16.273 -2.72170000E-04  6.72320000E-04  4.24880000E-04
2001-12-18T23:18:17.273 -2.57840000E-04  7.15020000E-04  5.91200000E-04
2001-12-18T23:18:18.273 -1.94190000E-04  7.54140000E-04  6.28520000E-04
2001-12-18T23:18:19.273 -1.55680000E-04  5.88950000E-04  4.40930000E-04
2001-12-18T23:18:20.273  1.83570000E-05  5.70300000E-04  4.06210000E-04
2001-12-18T23:18:21.273 -2.45730000E-04  5.83360000E-04  5.00860000E-04
2001-12-18T23:18:22.273 -1.75250000E-04  6.46940000E-04  4.92950000E-04
2001-12-18T23:18:23.273 -1.04620000E-04  4.07690000E-04  8.37620000E-04
2001-12-18T23:18:24.273  2.44890000E-05  5.34820000E-04  2.43550000E-04
2001-12-18T23:18:25.273 -2.66710000E-04  4.13520000E-04  3.73040000E-04
2001-12-18T23:18:26.273 -1.62530000E-04  3.82410000E-04  7.28730000E-04
2001-12-18T23:18:27.273 -1.20490000E-04  3.81820000E-04  2.51120000E-04
2001-12-18T23:18:28.273 -2.55850000E-04  2.87620000E-04  5.83150000E-04
2001-12-18T23:18:29.273 -1.17250000E-04  2.60140000E-04  2.39120000E-04
2001-12-18T23:18:30.273 -1.79190000E-04  2.86130000E-04  7.66510000E-04
2001-12-18T23:18:31.273 -1.19150000E-04  1.76350000E-04  2.18850000E-04
2001-12-18T23:18:32.273 -8.77030000E-05  2.54480000E-04  4.89740000E-04
2001-12-18T23:18:33.273 -2.53110000E-04  9.44860000E-05  7.19540000E-04
2001-12-18T23:18:34.273 -1.00070000E-04  2.36780000E-04  3.67820000E-04
2001-12-18T23:18:35.273 -9.32590000E-05  2.28900000E-04  6.00470000E-04
2001-12-18T23:18:36.273 -5.35300000E-05  2.43830000E-04  4.60210000E-04
2001-12-18T23:18:37.273 -2.35950000E-04  1.35140000E-04  1.74260000E-04
2001-12-18T23:18:38.273 -1.12910000E-04  1.05630000E-04  6.40540000E-04
2001-12-18T23:18:39.273 -9.87020000E-05  8.73780000E-05  2.72260000E-04
2001-12-18T23:18:40.273 -1.79840000E-04  1.58140000E-04  5.09810000E-04
2001-12-18T23:18:41.273 -8.60130000E-05  6.39560000E-05  4.67240000E-04
2001-12-18T23:18:42.273 -5.07720000E-05  9.41580000E-05  2.14050000E-04
2001-12-18T23:18:43.273 -2.22810000E-04  4.45710000E-05  6.32070000E-04
2001-12-18T23:18:44.273 -1.37660000E-04  2.27720000E-04  1.70720000E-04
2001-12-18T23:18:45.273 -1.94490000E-04 -1.70210000E-04  7.17150000E-04
2001-12-18T23:18:46.273 -5.63130000E-05  1.09970000E-04  5.41620000E-04
2001-12-18T23:18:47.273 -1.39240000E-04  7.33460000E-07  2.75520000E-04
2001-12-18T23:18:48.273 -2.25510000E-04  5.22620000E-05  5.90670000E-04
2001-12-18T23:18:49.273 -1.09920000E-04 -2.11830000E-04  5.27760000E-04
2001-12-18T23:18:50.273 -1.32580000E-04  3.67390000E-05  5.30740000E-04
2001-12-18T23:18:51.273 -5.82760000E-05 -1.90020000E-05  2.53300000E-04
2001-12-18T23:18:52.273 -1.85160000E-04 -2.48190000E-04  5.83860000E-04
2001-12-18T23:18:53.273 -5.78250000E-05  1.20090000E-04  3.66930000E-04
2001-12-18T23:18:54.273 -5.86860000E-05 -1.66890000E-04  4.28840000E-04
2001-12-18T23:18:55.273 -1.57700000E-04 -1.22720000E-06  3.65970000E-04
2001-12-18T23:18:56.273 -2.63400000E-04 -1.28610000E-04  7.16700000E-04
2001-12-18T23:18:57.273 -1.28930000E-04 -3.42860000E-05  4.18560000E-04
2001-12-18T23:18:58.273 -1.93660000E-04 -1.42200000E-04  4.65620000E-04
2001-12-18T23:18:59.273 -2.30380000E-04 -1.49880000E-04  6.50290000E-04
2001-12-18T23:19:00.273 -7.71770000E-05 -1.20130000E-04  5.86280000E-04
2001-12-18T23:19:01.273 -1.30280000E-04 -2.61470000E-04  3.50170000E-04
2001-12-18T23:19:02.273 -2.42370000E-04 -3.37450000E-05  7.26340000E-04
2001-12-18T23:19:03.273 -1.10310000E-04 -9.55310000E-05  2.29500000E-04
2001-12-18T23:19:04.273 -2.49340000E-04 -1.64290000E-04  5.38190000E-04
2001-12-18T23:19:05.273 -1.25420000E-04 -2.04250000E-04  2.70300000E-04
2001-12-18T23:19:06.273 -1.68500000E-04 -2.92820000E-04  7.85610000E-04
2001-12-18T23:19:07.273 -1.84030000E-04  1.71810000E-05  3.22410000E-04
2001-12-18T23:19:08.273 -9.76090000E-05 -1.91200000E-04  3.58260000E-04
2001-12-18T23:19:09.273 -9.94570000E-05 -1.34050000E-04  6.66220000E-04
2001-12-18T23:19:10.273 -9.14370000E-05 -7.35610000E-05  4.01840000E-04
2001-12-18T23:19:11.273 -2.16430000E-04 -1.56590000E-04  5.63630000E-04
2001-12-18T23:19:12.273 -7.75320000E-05 -1.85080000E-04  3.02440000E-04
2001-12-18T23:19:13.273 -1.27340000E-04 -2.04860000E-04  5.52690000E-04
2001-12-18T23:19:14.273 -8.70030000E-05 -2.28920000E-04  5.03560000E-04
2001-12-18T23:19:15.273 -2.05190000E-04 -1.72420000E-04  1.98380000E-04
2001-12-18T23:19:16.273 -8.30290000E-05 -1.65890000E-05  3.98000000E-04
2001-12-18T23:19:17.273 -2.56840000E-04 -2.38160000E-04  8.31940000E-04
2001-12-18T23:19:18.273 -5.48400000E-06 -1.19040000E-05  4.23220000E-04
2001-12-18T23:19:19.273 -2.98940000E-04 -3.60690000E-04  6.37190000E-04
2001-12-18T23:19:20.273 -1.21860000E-05  2.98040000E-05  3.47180000E-04
2001-12-18T23:19:21.273 -2.27400000E-04 -3.34400000E-04  3.34870000E-04
2001-12-18T23:19:22.273 -1.74620000E-05 -5.87450000E-05  6.04780000E-04
2001-12-18T23:19:23.273 -2.66640000E-04 -3.47180000E-04  5.35370000E-04
2001-12-18T23:19:24.273  2.90760000E-07 -8.52210000E-05  3.51700000E-04
2001-12-18T23:19:25.273 -1.66600000E-04 -1.78160000E-04  6.63550000E-04
2001-12-18T23:19:26.273 -7.14420000E-07 -9.20470000E-05  3.84090000E-04
2001-12-18T23:19:27.273 -3.47910000E-04 -2.98070000E-04  4.89800000E-04
2001-12-18T23:19:28.273 -1.31420000E-04 -1.17930000E-04  4.94680000E-04
2001-12-18T23:19:29.273 -2.02600000E-04 -2.83660000E-04  4.12280000E-04
2001-12-18T23:19:30.273  8.19010000E-05 -2.19350000E-04  4.19910000E-04
2001-12-18T23:19:31.273 -3.42350000E-04 -2.51900000E-04  6.57670000E-04
2001-12-18T23:19:32.273 -1.29440000E-04 -1.08700000E-04  2.83070000E-04
2001-12-18T23:19:33.273 -1.94480000E-04 -1.35970000E-04  7.33690000E-04
2001-12-18T23:19:34.273 -4.35600000E-05 -1.63200000E-04  1.66720000E-04
2001-12-18T23:19:35.273 -3.00480000E-04 -2.23490000E-04  8.18590000E-04
2001-12-18T23:19:36.273 -3.61720000E-05 -2.60700000E-04  1.13270000E-04
2001-12-18T23:19:37.273 -2.44220000E-04 -2.90170000E-04  7.77700000E-04
2001-12-18T23:19:38.273 -6.80240000E-06 -9.43870000E-05  1.61980000E-04
2001-12-18T23:19:39.273 -3.84490000E-04 -3.82820000E-04  6.14270000E-04
2001-12-18T23:19:40.273  6.35380000E-07 -7.63740000E-05  1.42360000E-04
2001-12-18T23:19:41.273 -1.98920000E-04 -2.34940000E-04  8.07570000E-04
2001-12-18T23:19:42.273 -7.43320000E-05 -7.63690000E-05  2.30820000E-04
2001-12-18T23:19:43.273 -2.36430000E-04 -2.92300000E-04  4.35790000E-04
2001-12-18T23:19:44.273 -2.94450000E-05 -8.71170000E-05  5.43110000E-04
2001-12-18T23:19:45.273 -1.42290000E-04 -2.20110000E-04  5.13610000E-04
2001-12-18T23:19:46.273 -2.59300000E-05 -1.50590000E-04  4.81380000E-04
2001-12-18T23:19:47.273 -1.99800000E-04 -2.01030000E-04  4.20500000E-04
2001-12-18T23:19:48.273 -1.16840000E-04 -1.19730000E-04  5.57860000E-04
2001-12-18T23:19:49.273 -1.54330000E-04 -2.35260000E-04  2.98320000E-04
2001-12-18T23:19:50.273 -1.29940000E-04 -1.33300000E-04  7.63500000E-04
2001-12-18T23:19:51.273 -2.78270000E-04 -3.19020000E-04  3.59960000E-04
2001-12-18T23:19:52.273 -1.29730000E-04 -1.60390000E-04  4.31440000E-04
2001-12-18T23:19:53.273 -2.58530000E-04 -2.31430000E-04  4.61470000E-04
2001-12-18T23:19:54.273  5.02190000E-05 -2.26490000E-04  5.28500000E-04
2001-12-18T23:19:55.273 -2.33920000E-04 -2.61170000E-04  2.52030000E-04
2001-12-18T23:19:56.273 -6.55730000E-05 -7.79420000E-05  5.27470000E-04
2001-12-18T23:19:57.273 -3.08280000E-04 -3.32070000E-04  5.95800000E-04
2001-12-18T23:19:58.273 -1.19820000E-04 -1.33080000E-04  3.02610000E-04
2001-12-18T23:19:59.273 -1.96270000E-04 -1.97910000E-04  6.53170000E-04
2001-12-18T23:20:00.273 -8.00190000E-05 -3.35090000E-04  3.07800000E-04
2001-12-18T23:20:01.273 -2.48320000E-04 -2.43080000E-05  5.29830000E-04
2001-12-18T23:20:02.273  9.44900000E-06 -2.19710000E-04  3.70560000E-04
2001-12-18T23:20:03.273 -1.69690000E-04 -2.86030000E-04  5.19800000E-04
2001-12-18T23:20:04.273 -1.75220000E-04 -2.25490000E-04  6.63620000E-04
2001-12-18T23:20:05.273 -7.88440000E-05 -2.50530000E-04  4.99010000E-04
2001-12-18T23:20:06.273 -1.48000000E-04 -1.42580000E-04  5.18870000E-04
2001-12-18T23:20:07.273 -2.21380000E-04 -3.25360000E-04  3.02460000E-04
2001-12-18T23:20:08.273  3.77540000E-05 -1.41290000E-04  6.50500000E-04
2001-12-18T23:20:09.273 -1.46710000E-04 -2.45990000E-04  4.19520000E-04
2001-12-18T23:20:10.273 -1.32200000E-04 -2.65860000E-04  5.93410000E-04
2001-12-18T23:20:11.273 -1.95240000E-04 -1.72800000E-04  7.23180000E-04
2001-12-18T23:20:12.273 -1.53180000E-04 -1.78220000E-04  2.29760000E-04
2001-12-18T23:20:13.273 -1.81950000E-04 -2.69260000E-04  6.53890000E-04
2001-12-18T23:20:14.273 -1.86560000E-04 -2.09290000E-04  3.28580000E-04
2001-12-18T23:20:15.273 -1.60340000E-04 -1.90930000E-04  7.63680000E-04
2001-12-18T23:20:16.273 -2.14040000E-04 -1.43750000E-04  2.60150000E-04
2001-12-18T23:20:17.273 -2.10800000E-04 -2.99220000E-04  6.72870000E-04
2001-12-18T23:20:18.273 -6.82840000E-05 -2.22730000E-04  3.86000000E-04
2001-12-18T23:20:19.273 -2.05390000E-04 -1.77660000E-04  8.17350000E-04
2001-12-18T23:20:20.273 -1.12360000E-04 -1.34390000E-04  2.11460000E-04
2001-12-18T23:20:21.273 -1.68830000E-04 -2.31540000E-04  5.49890000E-04
2001-12-18T23:20:22.273  1.75010000E-05 -2.34810000E-04  4.42820000E-04
2001-12-18T23:20:23.273 -2.44510000E-04 -2.93990000E-04  6.79060000E-04
2001-12-18T23:20:24.273 -1.36750000E-04 -7.69160000E-05  3.81730000E-04
2001-12-18T23:20:25.273 -1.89990000E-04 -3.67580000E-04  5.19200000E-04
2001-12-18T23:20:26.273 -1.08860000E-04 -1.84840000E-04  3.43250000E-04
2001-12-18T23:20:27.273 -2.90230000E-04 -1.85020000E-04  6.59640000E-04
2001-12-18T23:20:28.273 -2.26680000E-05 -1.94770000E-04  4.44490000E-04
2001-12-18T23:20:29.273 -6.35870000E-05 -2.36290000E-04  6.21670000E-04
2001-12-18T23:20:30.273 -1.49290000E-04 -1.65210000E-04  2.33490000E-04
2001-12-18T23:20:31.273 -2.24540000E-04 -3.10350000E-04  5.84090000E-04
2001-12-18T23:20:32.273  1.60000000E-05 -1.70490000E-04  4.62370000E-04
2001-12-18T23:20:33.273 -3.58030000E-04 -1.87630000E-04  3.96410000E-04
2001-12-18T23:20:34.273 -8.60660000E-05 -1.96680000E-04  7.52780000E-04
2001-12-18T23:20:35.273 -1.01750000E-04 -1.68330000E-04  3.95160000E-04
2001-12-18T23:20:36.273 -1.05380000E-04 -2.29820000E-04  5.91750000E-04
2001-12-18T23:20:37.273 -2.01350000E-04 -5.75340000E-05  4.79170000E-04
2001-12-18T23:20:38.273 -8.84910000E-05 -2.71500000E-04  5.60820000E-04
2001-12-18T23:20:39.273 -2.55030000E-04 -2.44720000E-04  3.30440000E-04
2001-12-18T23:20:40.273 -5.18540000E-05 -1.77090000E-04  4.87550000E-04
2001-12-18T23:20:41.273 -2.33030000E-04 -2.77660000E-04  4.18450000E-04
2001-12-18T23:20:42.273 -6.71900000E-05 -1.15710000E-04  5.77190000E-04
2001-12-18T23:20:43.273 -1.52040000E-04 -2.41310000E-04  3.35210000E-04
2001-12-18T23:20:44.273 -1.93310000E-04 -1.86880000E-04  7.23930000E-04
2001-12-18T23:20:45.273 -2.36410000E-04 -2.84950000E-04  2.99490000E-04
2001-12-18T23:20:46.273 -1.21990000E-04 -8.56290000E-05  5.05910000E-04
2001-12-18T23:20:47.273 -1.95510000E-04 -3.61240000E-04  4.72530000E-04
2001-12-18T23:20:48.273 -1.16750000E-04 -5.98660000E-05  5.48790000E-04
2001-12-18T23:20:49.273 -1.34420000E-04 -2.73880000E-04  3.94630000E-04
2001-12-18T23:20:50.273 -4.06860000E-05 -1.93950000E-04  6.86300000E-04
2001-12-18T23:20:51.273 -2.01390000E-04 -1.57920000E-04  6.04980000E-04
2001-12-18T23:20:52.273 -4.97950000E-05 -2.44290000E-04  3.04590000E-04
2001-12-18T23:20:53.273 -2.83290000E-04 -3.52510000E-04  6.22800000E-04
2001-12-18T23:20:54.273 -1.02910000E-04 -1.64460000E-04  4.15500000E-04
2001-12-18T23:20:55.273 -7.64370000E-05 -4.38450000E-04  4.65220000E-04
2001-12-18T23:20:56.273 -1.62730000E-04  1.16870000E-05  5.20360000E-04
2001-12-18T23:20:57.273 -1.84860000E-04 -3.09910000E-04  3.76070000E-04
2001-12-18T23:20:58.273 -5.92280000E-05 -2.13560000E-04  7.62450000E-04
2001-12-18T23:20:59.273 -2.41580000E-04 -2.48750000E-04  2.01610000E-04
2001-12-18T23:21:00.273 -1.31720000E-04 -5.99840000E-05  6.63320000E-04
2001-12-18T23:21:01.273 -2.57590000E-04 -3.62600000E-04  3.76450000E-04
2001-12-18T23:21:02.273 -8.91760000E-05 -1.17830000E-04  7.16610000E-04
2001-12-18T23:21:03.273 -3.32970000E-04 -2.33680000E-04  4.79900000E-04
2001-12-18T23:21:04.273  3.93730000E-05 -2.80580000E-04  5.26320000E-04
2001-12-18T23:21:05.273 -2.37730000E-04 -2.90540000E-04  4.65920000E-04
2001-12-18T23:21:06.273 -8.36840000E-06 -2.02910000E-04  5.71690000E-04
2001-12-18T23:21:07.273 -1.78080000E-04 -3.02470000E-04  4.21210000E-04
2001-12-18T23:21:08.273 -1.43870000E-04 -3.85960000E-05  6.20440000E-04
2001-12-18T23:21:09.273 -1.27380000E-04 -3.42850000E-04  5.04570000E-04
2001-12-18T23:21:10.273 -1.08950000E-04 -5.58910000E-05  4.26760000E-04
2001-12-18T23:21:11.273 -2.45610000E-04 -3.48090000E-04  4.78790000E-04
2001-12-18T23:21:12.273 -2.15950000E-05 -1.26180000E-04  6.96710000E-04
2001-12-18T23:21:13.273 -1.23730000E-04 -2.60980000E-04  3.68970000E-04
2001-12-18T23:21:14.273 -2.72870000E-04 -2.27910000E-04  5.27050000E-04
2001-12-18T23:21:15.273 -2.38200000E-04 -3.59260000E-04  6.77560000E-04
2001-12-18T23:21:16.273 -4.12810000E-05 -6.23530000E-05  1.65140000E-04
2001-12-18T23:21:17.273 -5.13810000E-04 -2.91370000E-04  5.54600000E-04
2001-12-18T23:21:18.273 -3.09670000E-04 -1.04350000E-04  4.15710000E-04
2001-12-18T23:21:19.273 -3.39520000E-04 -3.51370000E-04  3.59520000E-04
2001-12-18T23:21:20.273 -1.76270000E-04 -1.47680000E-04  8.53340000E-04
2001-12-18T23:21:21.273 -1.42270000E-04 -2.98040000E-04  1.10040000E-04
2001-12-18T23:21:22.273 -1.79060000E-04 -2.72740000E-04  6.52370000E-04
2001-12-18T23:21:23.273 -1.76480000E-04 -1.29650000E-04  6.87670000E-04
2001-12-18T23:21:24.273 -7.91240000E-05 -1.91340000E-04  3.12990000E-04
2001-12-18T23:21:25.273 -3.00630000E-04 -2.61110000E-04  6.13800000E-04
2001-12-18T23:21:26.273 -1.42280000E-04 -2.43850000E-04  2.99770000E-04
2001-12-18T23:21:27.273 -3.93940000E-04 -1.45020000E-04  6.80450000E-04
2001-12-18T23:21:28.273 -6.70210000E-05 -3.07870000E-04  3.80010000E-04
2001-12-18T23:21:29.273 -2.30470000E-04 -1.80750000E-04  7.74560000E-04
2001-12-18T23:21:30.273 -1.18760000E-04 -2.47010000E-04  3.58390000E-04
2001-12-18T23:21:31.273 -2.27440000E-04 -1.74770000E-04  6.22430000E-04
2001-12-18T23:21:32.273 -1.60780000E-04 -1.42690000E-04  3.08080000E-04
2001-12-18T23:21:33.273 -1.62600000E-04 -2.22480000E-04  5.59640000E-04
2001-12-18T23:21:34.273 -2.76720000E-04 -1.83170000E-04  5.42100000E-04
2001-12-18T23:21:35.273 -3.41590000E-04 -1.23510000E-04  2.56240000E-04
2001-12-18T23:21:36.273 -4.73140000E-04 -2.84330000E-04  9.20540000E-05
2001-12-18T23:21:37.273 -1.73900000E-04 -1.42820000E-04  5.86010000E-04
2001-12-18T23:21:38.273 -1.02400000E-04 -2.12300000E-04  2.07690000E-04
2001-12-18T23:21:39.273 -1.75880000E-04 -1.97630000E-04  6.62860000E-04
2001-12-18T23:21:40.273 -2.22310000E-04 -1.86620000E-04  4.70300000E-04
2001-12-18T23:21:41.273 -2.52230000E-05 -4.40240000E-05  7.12490000E-04
2001-12-18T23:21:42.273 -2.22520000E-04 -2.60580000E-04  2.76820000E-04
2001-12-18T23:21:43.273 -7.02730000E-05 -2.05300000E-04  5.30570000E-04
2001-12-18T23:21:44.273 -2.65950000E-04 -2.01350000E-04  4.58470000E-04
2001-12-18T23:21:45.273 -2.08140000E-04 -1.12850000E-04  6.78780000E-04
2001-12-18T23:21:46.273 -1.62090000E-04 -2.22000000E-04  5.45330000E-04
2001-12-18T23:21:47.273 -7.78640000E-05 -1.63060000E-04  3.70200000E-04
2001-12-18T23:21:48.273 -1.73270000E-04 -2.75490000E-04  5.74030000E-04
2001-12-18T23:21:49.273 -1.46380000E-04 -2.57300000E-04  3.69830000E-04
2001-12-18T23:21:50.273 -1.80450000E-04 -3.31070000E-04  4.73200000E-04
2001-12-18T23:21:51.273 -9.61160000E-05 -1.12900000E-04  7.36220000E-04
2001-12-18T23:21:52.273 -3.09780000E-04 -2.59360000E-04  4.54950000E-04
2001-12-18T23:21:53.273  8.50750000E-06 -1.97130000E-04  4.11970000E-04
2001-12-18T23:21:54.273 -1.74030000E-04 -3.71760000E-04  4.70180000E-04
2001-12-18T23:21:55.273 -3.20050000E-05 -1.54590000E-04  7.41200000E-04
2001-12-18T23:21:56.273 -1.76180000E-04 -3.53520000E-04  3.42920000E-04
2001-12-18T23:21:57.273 -1.03290000E-04 -9.89630000E-05  6.46640000E-04
2001-12-18T23:21:58.273 -2.70290000E-04 -3.66680000E-04  4.81930000E-04
2001-12-18T23:21:59.273 -1.49350000E-05 -2.02760000E-04  6.49280000E-04
2001-12-18T23:22:00.273 -2.96250000E-04 -1.48290000E-04  4.85700000E-04
2001-12-18T23:22:01.273 -4.57150000E-05 -2.31670000E-04  4.68720000E-04
2001-12-18T23:22:02.273 -3.12210000E-04 -2.68010000E-04  6.71080000E-04
2001-12-18T23:22:03.273 -1.53170000E-04 -2.96880000E-04  2.67470000E-04
2001-12-18T23:22:04.273 -1.18780000E-04 -2.83760000E-04  4.99980000E-04
2001-12-18T23:22:05.273 -1.79230000E-04 -1.33310000E-04  5.17510000E-04
2001-12-18T23:22:06.273 -2.55980000E-04 -2.16250000E-04  3.69580000E-04
2001-12-18T23:22:07.273 -1.63030000E-04 -2.46460000E-04  5.94300000E-04
2001-12-18T23:22:08.273 -7.27410000E-05 -3.33470000E-04  4.56860000E-04
2001-12-18T23:22:09.273 -4.75880000E-05 -8.79910000E-05  6.79490000E-04
2001-12-18T23:22:10.273 -1.91910000E-04 -3.75780000E-04  1.63040000E-04
2001-12-18T23:22:11.273 -1.28130000E-04 -1.56420000E-04  8.00400000E-04
2001-12-18T23:22:12.273 -9.85850000E-05 -1.92150000E-04  3.95910000E-04
2001-12-18T23:22:13.273 -3.42370000E-04 -1.39750000E-04  5.16790000E-04
2001-12-18T23:22:14.273 -1.45150000E-04 -2.24610000E-04  5.60310000E-04
2001-12-18T23:22:15.273 -1.62820000E-04 -2.80260000E-04  5.02450000E-04
2001-12-18T23:22:16.273 -2.41060000E-04 -2.51840000E-04  3.70280000E-04
2001-12-18T23:22:17.273 -1.26550000E-04 -1.47420000E-04  8.47830000E-04
2001-12-18T23:22:18.273 -1.41320000E-04 -2.65380000E-04  2.41800000E-04
2001-12-18T23:22:19.273 -2.47490000E-04 -2.87160000E-04  8.19130000E-04
2001-12-18T23:22:20.273 -1.71970000E-04 -2.52280000E-05  1.89100000E-04
2001-12-18T23:22:21.273 -2.17630000E-04 -2.57530000E-04  5.69720000E-04
2001-12-18T23:22:22.273 -9.76160000E-05 -2.93470000E-04  7.50630000E-04
2001-12-18T23:22:23.273 -2.90630000E-04 -1.14720000E-04  3.46350000E-04
2001-12-18T23:22:24.273 -2.07310000E-04 -2.79730000E-04  6.94680000E-04
2001-12-18T23:22:25.273 -1.88230000E-04 -2.08620000E-04  3.02230000E-04
2001-12-18T23:22:26.273 -1.03080000E-04 -5.73600000E-05  5.63780000E-04
2001-12-18T23:23:38.869 -6.38810000E-05 -1.71230000E-04  4.31880000E-04
2001-12-18T23:23:39.869 -1.98700000E-04 -3.54650000E-04  3.52060000E-04
2001-12-18T23:23:40.869 -1.91110000E-04 -1.17550000E-04  7.51740000E-04
2001-12-18T23:23:41.869 -8.70970000E-05 -2.02900000E-04  3.20560000E-04
2001-12-18T23:23:42.869 -2.53720000E-04 -1.73580000E-04  4.71200000E-04
2001-12-18T23:23:43.869 -1.24850000E-04 -2.53110000E-04  6.55110000E-04
2001-12-18T23:23:44.869 -6.86450000E-05  5.27850000E-05  5.11590000E-04
2001-12-18T23:23:45.869 -1.61430000E-04 -2.10160000E-04  6.80870000E-04
2001-12-18T23:23:46.869  6.57390000E-05 -1.12070000E-04  3.52150000E-04
2001-12-18T23:23:47.869 -3.18490000E-04 -2.73300000E-04  6.89190000E-04
2001-12-18T23:23:48.869  6.14890000E-05 -2.76670000E-05  4.18390000E-04
2001-12-18T23:23:49.869 -1.88220000E-04 -1.75850000E-04  4.59590000E-04
2001-12-18T23:23:50.869 -3.60510000E-05 -8.25590000E-05  7.51720000E-04
2001-12-18T23:23:51.869 -6.28500000E-05 -1.21140000E-04  3.58800000E-04
2001-12-18T23:23:52.869 -1.64400000E-04 -1.08410000E-04  5.70880000E-04
2001-12-18T23:23:53.869 -1.79380000E-04 -1.97600000E-04  3.75980000E-04
2001-12-18T23:23:54.869 -1.89780000E-04 -5.50240000E-05  8.38290000E-04
2001-12-18T23:23:55.869 -7.20940000E-05 -1.86600000E-04  3.50600000E-04
2001-12-18T23:23:56.869 -2.35750000E-04 -1.82580000E-04  6.00640000E-04
2001-12-18T23:23:57.869 -1.36890000E-04 -1.38890000E-04  4.22420000E-04
2001-12-18T23:23:58.869 -2.77480000E-04 -5.82720000E-05  7.86010000E-04
2001-12-18T23:23:59.869 -2.20170000E-04 -2.46670000E-04  5.01950000E-04
2001-12-18T23:24:00.869 -2.03220000E-05 -1.79400000E-04  5.28810000E-04
2001-12-18T23:24:01.869 -2.14630000E-04 -1.95250000E-04  5.62890000E-04
2001-12-18T23:24:02.869 -9.21290000E-05 -1.27400000E-04  5.05790000E-04
2001-12-18T23:24:03.869  7.35040000E-05 -1.80130000E-04  3.72490000E-04
2001-12-18T23:24:04.869 -2.48000000E-04 -2.52150000E-04  4.89290000E-04
2001-12-18T23:24:05.869 -1.35370000E-06 -1.86630000E-04  3.84900000E-04
2001-12-18T23:24:06.869 -1.13810000E-04 -1.73600000E-04  4.35890000E-04
2001-12-18T23:24:07.869 -4.26840000E-05 -1.66240000E-04  4.08430000E-04
