2001-12-07T06:01:47.959  4.80530000E-06 -2.14120000E-04  1.86840000E-04
2001-12-07T06:01:48.959 -1.28740000E-04 -2.41550000E-04  6.26510000E-04
2001-12-07T06:01:49.959 -1.51600000E-04 -2.55340000E-04  2.47110000E-04
2001-12-07T06:01:50.959 -1.27000000E-04 -3.94270000E-04  4.50380000E-04
2001-12-07T06:01:51.959 -1.13710000E-05 -1.27420000E-04  3.98470000E-04
2001-12-07T06:01:52.959 -1.04630000E-04 -3.03890000E-04  3.77180000E-04
2001-12-07T06:01:53.959  5.46140000E-05 -2.73910000E-04  5.66910000E-04
2001-12-07T06:01:54.959 -2.08670000E-04 -3.58030000E-04  3.43080000E-04
2001-12-07T06:01:55.959 -6.86080000E-07 -1.46650000E-04  3.17860000E-04
2001-12-07T06:01:56.959 -1.69730000E-04 -2.64390000E-04  7.66030000E-04
2001-12-07T06:01:57.959 -4.71780000E-06 -2.56920000E-04  3.57090000E-04
2001-12-07T06:01:58.959 -2.12480000E-04 -3.02150000E-04  2.64750000E-04
2001-12-07T06:01:59.959 -4.37580000E-05 -6.32210000E-05  6.70430000E-04
2001-12-07T06:02:00.959 -2.33670000E-04 -2.56940000E-04  2.24160000E-04
2001-12-07T06:02:01.959  7.84770000E-05 -2.68010000E-04  6.36060000E-04
2001-12-07T06:02:02.959 -3.53040000E-04 -2.61670000E-04  6.20940000E-05
2001-12-07T06:02:03.959  2.07940000E-05 -2.94730000E-04  7.13920000E-04
2001-12-07T06:02:04.959 -5.27330000E-05 -2.05540000E-04  2.89530000E-04
2001-12-07T06:02:05.959 -1.54380000E-04 -2.72430000E-04  5.52100000E-04
2001-12-07T06:02:06.959 -1.21760000E-05 -2.24530000E-04  5.25030000E-04
2001-12-07T06:02:07.959 -1.10790000E-04 -2.81040000E-04  2.16050000E-04
2001-12-07T06:02:08.959 -1.23000000E-04 -3.08990000E-04  5.48210000E-04
2001-12-07T06:02:09.959 -1.80130000E-04 -2.14060000E-04  4.22680000E-04
2001-12-07T06:02:10.959  5.63790000E-06 -2.17170000E-04  4.19520000E-04
2001-12-07T06:02:11.959 -1.64190000E-04 -3.78070000E-04  4.12900000E-04
2001-12-07T06:02:12.959  6.89130000E-07 -1.25510000E-04  2.00370000E-04
2001-12-07T06:02:13.959 -1.13950000E-04 -3.27980000E-04  5.67750000E-04
2001-12-07T06:02:14.959  6.03570000E-07 -6.10270000E-05  5.12830000E-04
2001-12-07T06:02:15.959 -2.53520000E-04 -4.07960000E-04  3.07180000E-04
2001-12-07T06:02:16.959  1.45100000E-04 -1.35740000E-04  5.18950000E-04
2001-12-07T06:02:17.959 -2.51030000E-04 -3.08140000E-04  3.69610000E-04
2001-12-07T06:02:18.959 -4.16360000E-05 -2.67360000E-04  4.40110000E-04
2001-12-07T06:02:19.959 -1.92150000E-04 -2.71420000E-04  2.39030000E-04
2001-12-07T06:02:20.959  3.11190000E-05 -2.75350000E-04  7.13100000E-04
2001-12-07T06:02:21.959 -1.07240000E-04 -3.95110000E-04  3.48630000E-04
2001-12-07T06:02:22.959 -7.19520000E-05 -2.48120000E-04  3.28800000E-04
2001-12-07T06:02:23.959 -1.55200000E-04 -3.53990000E-04  7.14800000E-04
2001-12-07T06:02:24.959 -5.98670000E-05 -2.71200000E-04  2.79060000E-04
2001-12-07T06:02:25.959 -2.81010000E-05 -1.22690000E-04  3.87250000E-04
2001-12-07T06:02:26.959 -1.91150000E-04 -4.35330000E-04  5.68180000E-04
2001-12-07T06:02:27.959  2.50530000E-06 -1.90620000E-04  4.85790000E-04
2001-12-07T06:02:28.959 -1.60950000E-04 -2.91420000E-04  2.12540000E-04
2001-12-07T06:02:29.959 -4.39120000E-05 -2.32730000E-04  6.42660000E-04
2001-12-07T06:02:30.959 -2.52160000E-04 -2.63740000E-04  2.89020000E-04
2001-12-07T06:02:31.959 -6.62450000E-05 -3.41190000E-04  2.85900000E-04
2001-12-07T06:02:32.959 -1.98590000E-04 -2.14110000E-04  8.12070000E-04
2001-12-07T06:02:33.959 -1.19290000E-05 -1.47860000E-04  2.26040000E-04
2001-12-07T06:02:34.959 -2.65380000E-04 -3.72680000E-04  2.80860000E-04
2001-12-07T06:02:35.959  7.35390000E-05 -1.43570000E-04  5.74270000E-04
2001-12-07T06:02:36.959 -3.18030000E-04 -3.42790000E-04  2.14830000E-04
2001-12-07T06:02:37.959  2.92500000E-05 -1.87140000E-04  5.33090000E-04
2001-12-07T06:02:38.959 -2.14490000E-04 -1.75910000E-04  6.70560000E-04
2001-12-07T06:02:39.959  7.68400000E-05 -3.34350000E-04  4.46350000E-04
2001-12-07T06:02:40.959 -1.86010000E-04 -1.78350000E-04  2.98440000E-04
2001-12-07T06:02:41.959 -1.31130000E-04 -2.17230000E-04  6.68680000E-04
2001-12-07T06:02:42.959 -1.64810000E-04 -4.58590000E-04  3.72000000E-05
2001-12-07T06:02:43.959 -2.37250000E-05 -8.60910000E-05  4.89620000E-04
2001-12-07T06:02:44.959 -1.29770000E-04 -2.19200000E-04  4.29970000E-04
2001-12-07T06:02:45.959 -9.97120000E-05 -1.60970000E-04  4.57650000E-04
2001-12-07T06:02:46.959 -1.98660000E-04 -3.03600000E-04  6.11820000E-04
2001-12-07T06:02:47.959 -3.64520000E-05 -2.12420000E-04  2.48040000E-04
2001-12-07T06:02:48.959 -1.97760000E-04 -2.90080000E-04  3.16630000E-04
2001-12-07T06:02:49.959 -7.11010000E-06 -1.98150000E-04  6.31920000E-04
2001-12-07T06:02:50.959 -1.08630000E-04 -3.08940000E-04  3.09430000E-04
2001-12-07T06:02:51.959  1.09470000E-04 -2.27120000E-04  5.19180000E-04
2001-12-07T06:02:52.959 -1.51870000E-04 -2.83510000E-04  3.94720000E-04
2001-12-07T06:02:53.959 -1.88020000E-04 -3.94460000E-04  5.52330000E-04
2001-12-07T06:02:54.959 -1.11250000E-04 -1.42660000E-04  6.00770000E-04
2001-12-07T06:02:55.959 -7.68090000E-05 -2.96950000E-04  2.48280000E-04
2001-12-07T06:02:56.959 -2.03620000E-04 -1.68460000E-04  5.62820000E-04
2001-12-07T06:02:57.959 -1.06110000E-04 -2.67930000E-04  3.85450000E-04
2001-12-07T06:02:58.959  5.27580000E-05 -2.16560000E-04  5.33750000E-04
2001-12-07T06:02:59.959 -8.12710000E-05 -3.52020000E-04  3.70320000E-04
2001-12-07T06:03:00.959 -8.68390000E-05 -1.52680000E-04  3.06980000E-04
2001-12-07T06:03:01.959 -2.58180000E-04 -3.70010000E-04  3.94530000E-04
2001-12-07T06:03:02.959  1.67380000E-04 -9.22020000E-05  6.53610000E-04
2001-12-07T06:03:03.959 -1.62960000E-04 -3.28590000E-04  2.81850000E-04
2001-12-07T06:03:04.959 -1.45510000E-04 -3.20010000E-04  2.99830000E-04
2001-12-07T06:03:05.959 -1.13270000E-04 -2.05450000E-04  7.11500000E-04
2001-12-07T06:03:06.959 -9.83530000E-05 -2.13960000E-04  5.26950000E-04
2001-12-07T06:03:07.959 -1.62860000E-04 -2.07820000E-04  2.24550000E-04
2001-12-07T06:03:08.959 -5.18150000E-05 -3.04140000E-04  6.93190000E-04
2001-12-07T06:03:09.959 -1.86330000E-04 -2.58620000E-04  2.03610000E-04
2001-12-07T06:03:10.959 -7.11680000E-05 -2.15890000E-04  5.46400000E-04
2001-12-07T06:03:11.959 -6.99520000E-05 -1.69780000E-04  2.52690000E-04
2001-12-07T06:03:12.959 -8.08910000E-05 -4.27380000E-04  4.39640000E-04
2001-12-07T06:03:13.959 -2.02140000E-05 -2.18870000E-04  6.36510000E-04
2001-12-07T06:03:14.959 -1.47170000E-04 -2.76500000E-04  3.49510000E-04
2001-12-07T06:03:15.959 -2.72780000E-05 -1.86640000E-04  6.66650000E-04
2001-12-07T06:03:16.959 -2.04020000E-05 -3.53950000E-04  2.77410000E-04
2001-12-07T06:03:17.959 -1.46590000E-04 -2.33170000E-04  4.23280000E-04
2001-12-07T06:03:18.959 -1.69820000E-04 -1.59180000E-04  6.32680000E-04
2001-12-07T06:03:19.959 -1.19430000E-04 -3.06530000E-04  1.28010000E-04
2001-12-07T06:03:20.959 -6.61740000E-05 -2.39300000E-04  5.85540000E-04
2001-12-07T06:03:21.959  4.16990000E-05 -2.65010000E-04  2.67270000E-04
2001-12-07T06:03:22.959 -2.60570000E-04 -2.55800000E-04  5.01400000E-04
2001-12-07T06:03:23.959 -3.19410000E-05 -1.57120000E-04  3.55660000E-04
2001-12-07T06:03:24.959 -2.50270000E-04 -3.23180000E-04  3.68110000E-04
2001-12-07T06:03:25.959 -7.36130000E-05 -1.78770000E-04  5.53920000E-04
2001-12-07T06:03:26.959 -2.10950000E-04 -3.42090000E-04  5.66720000E-04
2001-12-07T06:03:27.959 -2.82910000E-05 -1.87810000E-04  4.76900000E-04
2001-12-07T06:03:28.959 -1.51030000E-04 -2.68940000E-04  6.86520000E-05
2001-12-07T06:03:29.959 -7.33660000E-05 -3.26390000E-04  5.26140000E-04
2001-12-07T06:03:30.959  1.22990000E-05 -1.10600000E-04  6.65660000E-04
2001-12-07T06:03:31.959 -1.32080000E-04 -2.40030000E-04  2.35710000E-04
2001-12-07T06:03:32.959 -6.34290000E-05 -2.78930000E-04  2.41430000E-04
2001-12-07T06:03:33.959 -5.47340000E-05 -3.27560000E-04  5.31320000E-04
2001-12-07T06:03:34.959 -1.36080000E-04 -1.53290000E-04  5.32370000E-04
2001-12-07T06:03:35.959 -1.38880000E-04 -2.11150000E-04  1.60430000E-04
2001-12-07T06:03:36.959  5.40480000E-06 -1.13230000E-04  6.16000000E-04
2001-12-07T06:03:37.959 -1.80670000E-05 -4.07460000E-04  4.49110000E-04
2001-12-07T06:03:38.959 -1.16570000E-04 -2.11280000E-04  4.66790000E-04
2001-12-07T06:03:39.959 -8.82070000E-05 -3.41210000E-04  3.89920000E-04
2001-12-07T06:03:40.959 -7.75830000E-05 -1.50850000E-04  3.06930000E-04
2001-12-07T06:03:41.959 -4.82080000E-05 -3.62770000E-04  6.69860000E-04
2001-12-07T06:03:42.959 -8.34020000E-05 -1.53990000E-04  3.80010000E-04
2001-12-07T06:03:43.959 -4.05610000E-05 -2.99810000E-04  1.68290000E-04
2001-12-07T06:03:44.959 -2.03730000E-04 -1.74760000E-04  6.62220000E-04
2001-12-07T06:03:45.959  1.86260000E-05 -4.09860000E-04  3.41250000E-04
2001-12-07T06:03:46.959 -1.31730000E-04 -2.15840000E-04  4.03620000E-04
2001-12-07T06:03:47.959  6.36140000E-05 -2.51330000E-04  4.50890000E-04
2001-12-07T06:03:48.959 -2.38630000E-04 -2.80770000E-04  5.37450000E-04
2001-12-07T06:03:49.959  2.77220000E-05 -1.17170000E-04  3.26740000E-04
2001-12-07T06:03:50.959 -2.07330000E-04 -2.98870000E-04  2.73010000E-04
2001-12-07T06:03:51.959  5.57020000E-05 -5.95680000E-05  6.02170000E-04
2001-12-07T06:03:52.959 -2.14730000E-04 -4.41010000E-04  2.18910000E-04
2001-12-07T06:03:53.959 -2.26400000E-05 -9.75320000E-05  3.76670000E-04
2001-12-07T06:03:54.959 -1.01570000E-04 -3.50390000E-04  6.78400000E-04
2001-12-07T06:03:55.959  8.40000000E-06 -1.60390000E-04  2.44780000E-04
2001-12-07T06:03:56.959 -1.91470000E-04 -2.57260000E-04  5.56040000E-04
2001-12-07T06:03:57.959 -4.00980000E-05 -3.03100000E-04  6.63770000E-04
2001-12-07T06:03:58.959 -2.89380000E-04 -3.71670000E-04  1.63500000E-04
2001-12-07T06:03:59.959 -9.00400000E-05 -1.45870000E-04  4.01870000E-04
2001-12-07T06:04:00.959 -7.69820000E-05 -2.88550000E-04  6.10470000E-04
2001-12-07T06:04:01.959 -8.60420000E-05 -2.65360000E-04  5.08090000E-04
2001-12-07T06:04:02.959 -9.44970000E-05 -2.52630000E-04  1.73040000E-04
2001-12-07T06:04:03.959  2.62650000E-05 -2.42900000E-04  6.41570000E-04
2001-12-07T06:04:04.959 -5.36580000E-05 -2.52060000E-04  2.04470000E-04
2001-12-07T06:04:05.959 -1.33330000E-04 -2.56750000E-04  5.17350000E-04
2001-12-07T06:04:06.959 -5.75270000E-05 -2.08140000E-04  4.55210000E-04
2001-12-07T06:04:07.959 -1.52730000E-04 -2.80650000E-04  4.96380000E-04
2001-12-07T06:04:08.959  3.37930000E-05 -1.43180000E-04  5.29280000E-04
2001-12-07T06:04:09.959 -1.26310000E-04 -1.30420000E-04  2.36380000E-04
2001-12-07T06:04:10.959  5.93050000E-05 -1.94240000E-04  4.68950000E-04
2001-12-07T06:04:11.959 -4.15570000E-04 -3.11980000E-04  6.97210000E-04
2001-12-07T06:04:12.959  9.58650000E-05 -2.68900000E-04  2.63990000E-04
2001-12-07T06:04:13.959 -2.09220000E-04 -3.92930000E-04  6.74420000E-04
2001-12-07T06:04:14.959  3.59230000E-05 -1.40860000E-04  3.71140000E-04
2001-12-07T06:04:15.959 -1.13260000E-04 -3.89240000E-04  3.20800000E-04
2001-12-07T06:04:16.959 -1.26490000E-04 -4.66190000E-05  6.06060000E-04
2001-12-07T06:04:17.959 -1.39410000E-04 -3.38900000E-04  1.48450000E-04
2001-12-07T06:04:18.959 -4.78550000E-05 -1.76230000E-04  6.36620000E-04
2001-12-07T06:04:19.959 -4.03790000E-04 -3.69970000E-04  4.69030000E-04
2001-12-07T06:04:20.959  9.05410000E-05 -1.53960000E-04  3.03110000E-04
2001-12-07T06:04:21.959 -1.26840000E-04 -4.24710000E-04  5.06870000E-04
2001-12-07T06:04:22.959  3.59210000E-05 -1.94840000E-04  3.98280000E-04
2001-12-07T06:04:23.959 -1.52320000E-04 -2.33560000E-04  5.73910000E-04
2001-12-07T06:04:24.959 -1.90040000E-04 -3.20130000E-04  3.82120000E-04
2001-12-07T06:04:25.959 -5.09910000E-05 -1.62930000E-04  2.84980000E-04
2001-12-07T06:04:26.959 -1.54720000E-04 -2.66170000E-04  3.62340000E-04
2001-12-07T06:04:27.959 -8.56280000E-05 -2.88840000E-04  5.96960000E-04
2001-12-07T06:04:28.959 -1.34830000E-04 -2.62800000E-04  2.08630000E-04
2001-12-07T06:04:29.959 -2.59450000E-05 -2.74090000E-04  4.95760000E-04
2001-12-07T06:04:30.959 -2.01990000E-04 -1.66390000E-04  6.41130000E-04
2001-12-07T06:04:31.959 -2.70320000E-06 -8.23960000E-05  2.30480000E-04
2001-12-07T06:04:32.959 -1.69720000E-04 -4.80510000E-04  6.60730000E-04
2001-12-07T06:04:33.959  2.26190000E-05 -9.14510000E-05  4.44220000E-04
2001-12-07T06:04:34.959 -2.76310000E-04 -3.61220000E-04  5.72320000E-04
2001-12-07T06:04:35.959  9.34000000E-06 -1.82340000E-04  3.02770000E-04
2001-12-07T06:04:36.959 -2.21590000E-04 -3.07520000E-04  4.75640000E-04
2001-12-07T06:04:37.959 -8.59500000E-05 -2.42240000E-04  6.43620000E-04
2001-12-07T06:04:38.959 -1.34760000E-04 -3.35870000E-04  3.91650000E-04
2001-12-07T06:04:39.959 -1.17520000E-04 -2.45210000E-04  1.35490000E-04
2001-12-07T06:04:40.959  1.86600000E-05 -3.02510000E-04  7.52340000E-04
2001-12-07T06:04:41.959 -1.98030000E-04 -3.45130000E-04  3.08380000E-04
2001-12-07T06:04:42.959 -1.22580000E-04 -2.42570000E-04  7.04040000E-04
2001-12-07T06:04:43.959 -1.99680000E-05 -2.42360000E-04  6.90740000E-04
2001-12-07T06:04:44.959 -2.45830000E-04 -3.40770000E-04  2.93550000E-04
2001-12-07T06:04:45.959 -2.52390000E-05 -2.51750000E-04  4.39270000E-04
2001-12-07T06:04:46.959 -2.13820000E-04 -1.67020000E-04  5.26730000E-04
2001-12-07T06:04:47.959 -6.32380000E-05 -3.32880000E-04  3.08470000E-04
2001-12-07T06:04:48.959 -8.96990000E-05 -2.83400000E-04  3.12340000E-04
2001-12-07T06:04:49.959 -1.67840000E-05 -1.17690000E-04  5.34030000E-04
2001-12-07T06:04:50.959 -8.27380000E-05 -3.78010000E-04  4.49410000E-04
2001-12-07T06:04:51.959 -1.67800000E-04 -1.47020000E-04  1.52250000E-04
2001-12-07T06:04:52.959 -2.38390000E-06 -3.74070000E-04  5.17540000E-04
2001-12-07T06:04:53.959 -2.02060000E-04 -2.58390000E-04  6.00520000E-04
2001-12-07T06:04:54.959 -1.56380000E-04 -2.39890000E-04  2.93810000E-04
2001-12-07T06:04:55.959 -1.07800000E-04 -3.85290000E-04  4.91700000E-04
2001-12-07T06:04:56.959 -8.61370000E-05 -2.26940000E-04  4.22980000E-04
2001-12-07T06:04:57.959 -6.97790000E-05 -3.26860000E-04  3.90580000E-04
2001-12-07T06:04:58.959 -1.25630000E-04 -2.26530000E-04  4.31460000E-04
2001-12-07T06:04:59.959 -1.07670000E-04 -2.35530000E-04  5.57130000E-04
2001-12-07T06:05:00.959 -5.04600000E-05 -1.58260000E-04  1.94610000E-04
2001-12-07T06:05:01.959 -1.06600000E-04 -2.31840000E-04  5.99290000E-04
2001-12-07T06:05:02.959  2.45760000E-05 -1.22120000E-04  4.34440000E-04
2001-12-07T06:05:03.959 -8.03120000E-05 -3.54010000E-04  6.09020000E-04
2001-12-07T06:05:04.959 -1.19130000E-04 -1.71660000E-04  2.92090000E-04
2001-12-07T06:05:05.959 -1.77700000E-04 -4.09550000E-04  3.14340000E-04
2001-12-07T06:05:06.959 -3.89860000E-05 -1.47780000E-04  4.92740000E-04
2001-12-07T06:05:07.959 -1.30640000E-04 -3.09390000E-04  5.22640000E-04
2001-12-07T06:05:08.959 -2.06750000E-04 -2.28230000E-04  3.82150000E-04
2001-12-07T06:05:09.959 -7.11900000E-05 -2.02670000E-04  4.00310000E-04
2001-12-07T06:05:10.959 -6.12190000E-05 -2.52000000E-04  6.35220000E-04
2001-12-07T06:05:11.959  2.47960000E-05 -2.01270000E-04  4.31470000E-04
2001-12-07T06:05:12.959 -1.30420000E-04 -3.17970000E-04  5.09090000E-04
2001-12-07T06:05:13.959 -7.29000000E-05 -2.38350000E-04  3.90550000E-04
2001-12-07T06:05:14.959 -2.09450000E-04 -2.54560000E-04  5.47090000E-04
2001-12-07T06:05:15.959 -6.61980000E-05 -3.12410000E-04  1.91760000E-04
2001-12-07T06:05:16.959 -1.65030000E-04 -2.87200000E-04  8.45080000E-04
2001-12-07T06:05:17.959 -1.50750000E-04 -2.56510000E-04  2.23760000E-04
2001-12-07T06:05:18.959 -1.23520000E-04 -3.32990000E-04  5.64040000E-04
2001-12-07T06:05:19.959  3.65870000E-05 -2.04010000E-04  3.77950000E-04
2001-12-07T06:05:20.959 -1.76680000E-04 -2.45820000E-04  5.22830000E-04
2001-12-07T06:05:21.959 -4.43150000E-05 -2.94320000E-04  5.07910000E-04
2001-12-07T06:05:22.959 -2.53500000E-04 -3.34240000E-04  2.40120000E-04
2001-12-07T06:05:23.959 -8.51080000E-05 -1.31050000E-04  7.02290000E-04
2001-12-07T06:05:24.959 -1.27840000E-04 -2.83690000E-04  2.80140000E-04
2001-12-07T06:05:25.959  6.13280000E-05 -7.99770000E-05  4.92220000E-04
2001-12-07T06:05:26.959 -1.62900000E-04 -5.32720000E-04  4.03190000E-04
2001-12-07T06:05:27.959 -7.60070000E-05 -8.64210000E-05  1.84900000E-04
2001-12-07T06:05:28.959 -6.78790000E-05 -3.83340000E-04  7.52050000E-04
2001-12-07T06:05:29.959 -1.12340000E-04 -1.73240000E-04  3.99740000E-04
2001-12-07T06:05:30.959 -3.16890000E-05 -3.55980000E-04  4.16020000E-04
2001-12-07T06:05:31.959 -1.78910000E-04 -2.13720000E-04  3.36070000E-04
2001-12-07T06:05:32.959 -3.36730000E-05 -2.61680000E-04  4.31030000E-04
2001-12-07T06:05:33.959 -9.61210000E-05 -2.12040000E-04  5.09620000E-04
2001-12-07T06:05:34.959 -1.16940000E-05 -3.08070000E-04  4.36980000E-04
2001-12-07T06:05:35.959 -1.46440000E-04 -2.17410000E-04  1.52940000E-04
2001-12-07T06:05:36.959 -1.39870000E-04 -1.86030000E-04  5.91140000E-04
2001-12-07T06:05:37.959 -8.06100000E-05 -2.50510000E-04  3.52940000E-04
2001-12-07T06:05:38.959 -8.45690000E-05 -1.68810000E-04  4.19930000E-04
2001-12-07T06:05:39.959 -2.53330000E-04 -2.75190000E-04  4.86320000E-04
2001-12-07T06:05:40.959 -5.20780000E-05 -2.15130000E-04  3.86670000E-04
2001-12-07T06:05:41.959 -1.43250000E-04 -2.87830000E-04  6.03260000E-04
2001-12-07T06:05:42.959  3.19650000E-05 -1.40030000E-04  3.10160000E-04
2001-12-07T06:05:43.959 -1.99090000E-04 -2.92940000E-04  5.41030000E-04
2001-12-07T06:05:44.959 -9.42550000E-05 -1.16490000E-04  5.23110000E-04
2001-12-07T06:05:45.959 -1.54670000E-04 -3.59840000E-04  2.65260000E-04
2001-12-07T06:05:46.959  1.34100000E-04 -2.73220000E-04  5.15320000E-04
2001-12-07T06:05:47.959 -1.94620000E-04 -2.89100000E-04  5.07130000E-04
2001-12-07T06:05:48.959  3.36650000E-05 -1.97810000E-04  4.30670000E-04
2001-12-07T06:05:49.959  8.73570000E-05 -1.62060000E-04  4.63520000E-04
2001-12-07T06:05:50.959 -1.31460000E-04 -2.84270000E-04  4.29260000E-04
2001-12-07T06:05:51.959 -6.31120000E-05 -2.22820000E-04  2.39130000E-04
2001-12-07T06:05:52.959 -2.41670000E-04 -3.16160000E-04  6.90350000E-04
2001-12-07T06:05:53.959 -1.90640000E-04 -2.64540000E-04  3.09800000E-04
2001-12-07T06:05:54.959 -6.95840000E-05 -1.92630000E-04  4.31920000E-04
2001-12-07T06:05:55.959  1.70940000E-05 -3.11940000E-04  2.69670000E-04
2001-12-07T06:05:56.959 -1.35150000E-04 -2.59660000E-04  6.40100000E-04
2001-12-07T06:05:57.959 -7.79500000E-05 -1.95620000E-04  4.16900000E-04
2001-12-07T06:05:58.959 -3.72440000E-05 -2.44620000E-04  5.87660000E-04
2001-12-07T06:05:59.959 -8.89090000E-05 -2.23680000E-04  2.27960000E-04
2001-12-07T06:06:00.959 -1.33300000E-04 -2.18500000E-04  7.96700000E-04
2001-12-07T06:06:01.959 -3.38250000E-05 -2.49530000E-04  2.78160000E-04
2001-12-07T06:06:02.959 -1.45120000E-04 -3.39710000E-04  4.23330000E-04
2001-12-07T06:06:03.959 -1.39000000E-04 -1.87200000E-04  5.70800000E-04
2001-12-07T06:06:04.959 -1.08800000E-04 -2.98250000E-04  2.92860000E-04
2001-12-07T06:06:05.959 -6.28820000E-05 -1.92340000E-04  2.62460000E-04
2001-12-07T06:06:06.959 -2.41100000E-04 -3.48230000E-04  7.54370000E-04
2001-12-07T06:06:07.959  3.61570000E-05 -3.38900000E-04  1.88270000E-04
2001-12-07T06:06:08.959 -2.20930000E-04 -1.17160000E-04  5.45560000E-04
2001-12-07T06:06:09.959 -1.44260000E-04 -1.01870000E-04  4.08130000E-04
2001-12-07T06:06:10.959 -1.93060000E-04 -3.45660000E-04  2.39080000E-04
2001-12-07T06:06:11.959  5.00600000E-06 -2.10100000E-04  4.87290000E-04
2001-12-07T06:06:12.959 -5.03690000E-05 -2.65780000E-04  1.48740000E-04
2001-12-07T06:06:13.959 -1.21730000E-04 -3.11800000E-04  5.31640000E-04
2001-12-07T06:06:14.959 -1.11220000E-04 -1.50440000E-04  3.08600000E-04
2001-12-07T06:06:15.959 -1.25120000E-04 -3.40930000E-04  4.93260000E-04
2001-12-07T06:06:16.959  5.95120000E-05 -2.00090000E-04  5.12620000E-04
2001-12-07T06:06:17.959 -2.29550000E-05 -2.87430000E-04  2.58560000E-04
2001-12-07T06:06:18.959 -1.43240000E-04 -1.99620000E-04  5.92670000E-04
2001-12-07T06:06:19.959 -2.83900000E-04 -2.91490000E-04  1.08460000E-04
2001-12-07T06:06:20.959 -9.37250000E-06 -1.43770000E-04  7.94550000E-04
2001-12-07T06:06:21.959 -1.49090000E-04 -3.49170000E-04  2.20800000E-04
2001-12-07T06:06:22.959 -7.73570000E-06 -1.17990000E-04  5.30980000E-04
2001-12-07T06:06:23.959 -8.00450000E-05 -2.48350000E-04  4.29740000E-04
2001-12-07T06:06:24.959 -1.32360000E-04 -1.86290000E-04  4.88690000E-04
2001-12-07T06:06:25.959 -2.10590000E-04 -3.52340000E-04  5.03470000E-04
2001-12-07T06:06:26.959 -1.57240000E-05 -2.58100000E-04  3.14230000E-04
2001-12-07T06:06:27.959 -2.22000000E-04 -2.34680000E-04  5.60690000E-04
2001-12-07T06:06:28.959 -1.13010000E-04 -3.26850000E-04  1.82210000E-04
2001-12-07T06:06:29.959 -1.28400000E-04 -1.92780000E-04  7.69550000E-04
2001-12-07T06:06:30.959  3.70460000E-05 -3.29770000E-04  3.11000000E-04
2001-12-07T06:06:31.959  1.57010000E-05 -1.50370000E-04  2.37960000E-04
2001-12-07T06:06:32.959 -1.46560000E-04 -3.30820000E-04  6.22130000E-04
2001-12-07T06:06:33.959 -1.66480000E-04 -1.88030000E-04  4.31630000E-04
2001-12-07T06:06:34.959 -9.92530000E-05 -2.94070000E-04  5.31520000E-04
2001-12-07T06:06:35.959  4.42380000E-05 -2.52340000E-04  3.32010000E-04
2001-12-07T06:06:36.959 -2.91270000E-04 -3.81520000E-04  2.92280000E-04
2001-12-07T06:06:37.959  4.51790000E-05 -4.09450000E-05  6.16520000E-04
2001-12-07T06:06:38.959 -6.90580000E-05 -2.46130000E-04  4.48510000E-04
2001-12-07T06:06:39.959 -6.33290000E-05 -1.70110000E-04  5.26000000E-04
2001-12-07T06:06:40.959 -1.86310000E-04 -2.47690000E-04  4.46070000E-04
2001-12-07T06:06:41.959  3.75690000E-05 -2.29740000E-04  4.05070000E-04
2001-12-07T06:06:42.959 -1.22820000E-04 -4.24480000E-04  5.60320000E-04
2001-12-07T06:06:43.959  7.47810000E-05 -1.28960000E-04  3.30280000E-04
2001-12-07T06:06:44.959 -1.37890000E-04 -2.25310000E-04  5.26390000E-04
2001-12-07T06:06:45.959 -9.34600000E-05 -1.16620000E-04  4.68140000E-04
2001-12-07T06:06:46.959 -1.24630000E-05 -3.54570000E-04  3.84290000E-04
2001-12-07T06:06:47.959 -1.39900000E-04 -2.74240000E-04  5.95710000E-04
2001-12-07T06:06:48.959  8.17650000E-05 -1.71270000E-04  3.64910000E-04
2001-12-07T06:06:49.959 -1.54760000E-04 -2.69740000E-04  5.34030000E-04
2001-12-07T06:06:50.959  1.01990000E-04 -1.82770000E-04  3.41480000E-04
2001-12-07T06:06:51.959 -1.12420000E-04 -2.41080000E-04  4.52480000E-04
2001-12-07T06:06:52.959 -5.34730000E-05 -2.55600000E-04  4.22840000E-04
2001-12-07T06:06:53.959 -1.70170000E-04 -3.08560000E-04  4.03100000E-04
2001-12-07T06:06:54.959 -4.50740000E-05 -1.61030000E-04  5.91420000E-04
2001-12-07T06:06:55.959 -3.07450000E-05 -2.43950000E-04  2.56310000E-04
2001-12-07T06:06:56.959 -1.95170000E-04 -1.96540000E-04  5.19880000E-04
2001-12-07T06:06:57.959 -5.27770000E-05 -2.28850000E-04  5.03390000E-04
2001-12-07T06:06:58.959 -1.03000000E-04 -1.95970000E-04  4.40370000E-04
2001-12-07T06:06:59.959  1.31890000E-05 -2.59000000E-04  4.51890000E-04
2001-12-07T06:07:00.959 -1.06910000E-04 -2.89860000E-04  3.03390000E-04
2001-12-07T06:07:01.959  1.42330000E-04 -1.19860000E-04  6.41700000E-04
2001-12-07T06:07:02.959 -1.57950000E-04 -3.48440000E-04  1.44780000E-04
2001-12-07T06:07:03.959 -8.57920000E-05 -1.05090000E-04  3.97310000E-04
2001-12-07T06:07:04.959 -9.89680000E-05 -3.52620000E-04  8.18440000E-04
2001-12-07T06:07:05.959 -9.94260000E-05 -1.29660000E-04  2.52810000E-04
2001-12-07T06:07:06.959 -1.11010000E-04 -2.13640000E-04  2.22040000E-04
2001-12-07T06:07:07.959  6.36010000E-05 -2.26950000E-04  7.64120000E-04
2001-12-07T06:07:08.959 -1.91420000E-04 -2.52870000E-04  1.46400000E-04
2001-12-07T06:07:09.959 -9.31150000E-05 -1.28340000E-04  5.41180000E-04
2001-12-07T06:07:10.959 -2.17090000E-04 -3.24470000E-04  5.11020000E-04
2001-12-07T06:07:11.959  1.20330000E-05 -2.20900000E-04  4.86510000E-04
2001-12-07T06:07:12.959 -1.81710000E-04 -1.90500000E-04  3.12730000E-04
2001-12-07T06:07:13.959 -5.86750000E-05 -1.39590000E-04  4.67230000E-04
2001-12-07T06:07:14.959 -2.06640000E-04 -2.01970000E-04  4.61200000E-04
2001-12-07T06:07:15.959 -9.95990000E-05 -2.68080000E-04  2.96570000E-04
2001-12-07T06:07:16.959 -8.71400000E-05 -2.48680000E-04  5.17880000E-04
2001-12-07T06:07:17.959 -8.31640000E-05 -2.41750000E-04  3.22070000E-04
2001-12-07T06:07:18.959  5.69570000E-05 -1.27700000E-04  4.92260000E-04
2001-12-07T06:07:19.959 -2.82000000E-04 -2.63550000E-04  4.17170000E-04
2001-12-07T06:07:20.959  2.54860000E-05 -1.15300000E-04  3.82470000E-04
2001-12-07T06:07:21.959 -2.50440000E-04 -3.65830000E-04  4.78820000E-04
2001-12-07T06:07:22.959  5.78390000E-05 -9.00200000E-05  2.90430000E-04
2001-12-07T06:07:23.959 -1.54440000E-04 -1.75610000E-04  5.87440000E-04
2001-12-07T06:07:24.959 -1.93930000E-04 -6.13620000E-05  5.37870000E-04
2001-12-07T06:07:25.959 -1.42960000E-04 -2.49170000E-04  2.58360000E-04
2001-12-07T06:07:26.959 -3.38600000E-05 -8.92610000E-05  6.67380000E-04
2001-12-07T06:07:27.959 -1.00250000E-04 -2.26350000E-04  2.55130000E-04
2001-12-07T06:07:28.959 -1.40130000E-04 -2.09170000E-04  4.20220000E-04
2001-12-07T06:07:29.959  9.37020000E-05 -5.82540000E-05  5.84670000E-04
2001-12-07T06:07:30.959 -3.13010000E-04 -1.73180000E-04  2.53870000E-04
2001-12-07T06:07:31.959  6.94140000E-05 -2.02830000E-04  2.87430000E-04
2001-12-07T06:07:32.959 -1.84770000E-04 -1.95220000E-04  6.58380000E-04
2001-12-07T06:07:33.959 -1.68560000E-04 -1.69780000E-04  3.17170000E-04
2001-12-07T06:07:34.959 -1.59080000E-04 -1.59720000E-04  5.42270000E-04
2001-12-07T06:07:35.959 -7.95480000E-05 -1.43290000E-04  1.98510000E-04
2001-12-07T06:07:36.959 -1.01420000E-04 -2.32340000E-04  5.72150000E-04
2001-12-07T06:07:37.959 -1.86370000E-04  7.59620000E-05  6.06280000E-04
2001-12-07T06:07:38.959 -1.23510000E-04 -2.26310000E-04  3.10960000E-04
2001-12-07T06:07:39.959 -1.76980000E-04 -7.17250000E-05  8.15650000E-04
2001-12-07T06:07:40.959 -1.22470000E-04 -3.71770000E-05  2.59650000E-04
2001-12-07T06:07:41.959 -7.09350000E-05 -1.03720000E-04  4.58980000E-04
2001-12-07T06:07:42.959  3.91850000E-05 -8.96830000E-05  5.20190000E-04
2001-12-07T06:07:43.959 -2.06080000E-04 -8.30440000E-05  2.02850000E-04
2001-12-07T06:07:44.959 -4.82340000E-05 -7.04250000E-05  5.43190000E-04
2001-12-07T06:07:45.959 -1.69090000E-04 -6.73260000E-05  5.91210000E-04
2001-12-07T06:07:46.959 -1.69920000E-05  2.82150000E-06  1.94360000E-04
2001-12-07T06:07:47.959 -3.42400000E-05 -8.17400000E-05  6.67380000E-04
2001-12-07T06:07:48.959 -9.12920000E-05 -1.53770000E-04  4.03390000E-04
2001-12-07T06:07:49.959 -1.29700000E-04  1.67470000E-04  5.29900000E-04
2001-12-07T06:07:50.959 -2.50520000E-04 -1.52030000E-04  3.92860000E-04
2001-12-07T06:07:51.959 -9.57010000E-05 -2.57160000E-05  2.70810000E-04
2001-12-07T06:07:52.959 -1.19100000E-04 -6.87260000E-05  5.63110000E-04
2001-12-07T06:07:53.959 -1.86800000E-04  8.36700000E-05  2.58380000E-04
2001-12-07T06:07:54.959 -9.03010000E-05  3.76690000E-05  5.21500000E-04
2001-12-07T06:07:55.959 -5.49130000E-05 -1.36030000E-04  6.26850000E-04
2001-12-07T06:07:56.959 -2.65270000E-05  1.24680000E-04  3.38910000E-04
2001-12-07T06:07:57.959 -2.64200000E-04 -9.27790000E-05  6.46660000E-04
2001-12-07T06:07:58.959 -1.25930000E-04  1.12640000E-04  5.78860000E-04
2001-12-07T06:07:59.959  6.88190000E-05  1.30610000E-04  3.72440000E-05
2001-12-07T06:08:00.959 -2.17120000E-04  6.91160000E-05  5.68780000E-04
2001-12-07T06:08:01.959 -1.09670000E-04  1.00700000E-04  2.95650000E-04
2001-12-07T06:08:02.959 -9.92460000E-05  1.54130000E-04  6.69060000E-04
2001-12-07T06:08:03.959 -1.36980000E-04  8.49830000E-05  2.52120000E-04
2001-12-07T06:08:04.959 -1.61820000E-04  2.33570000E-04  5.98540000E-04
2001-12-07T06:08:05.959 -1.18350000E-04  1.75170000E-04  1.84960000E-04
2001-12-07T06:08:06.959 -7.24840000E-05  3.29610000E-04  5.55880000E-04
2001-12-07T06:08:07.959 -1.25140000E-04  2.80950000E-04  5.39600000E-04
2001-12-07T06:08:08.959 -5.46580000E-05  2.13660000E-04  1.31170000E-04
2001-12-07T06:08:09.959 -9.17170000E-05  2.46920000E-04  5.77860000E-04
2001-12-07T06:08:10.959 -3.75780000E-05  2.57290000E-04  4.07410000E-04
2001-12-07T06:08:11.959 -1.90670000E-04  2.80900000E-04  3.66720000E-04
2001-12-07T06:08:12.959 -5.88410000E-05  4.23690000E-04  7.12390000E-04
2001-12-07T06:08:13.959 -2.37280000E-05  2.18850000E-04  1.26500000E-04
2001-12-07T06:08:14.959 -6.75310000E-05  3.48630000E-04  7.80250000E-04
2001-12-07T06:08:15.959 -8.36710000E-05  4.20820000E-04  3.82700000E-04
2001-12-07T06:08:16.959 -9.63040000E-05  3.99940000E-04  2.65300000E-04
2001-12-07T06:08:17.959 -1.97200000E-04  5.24690000E-04  8.16170000E-04
2001-12-07T06:08:18.959 -7.62140000E-05  3.84450000E-04  5.14460000E-04
2001-12-07T06:08:19.959 -1.12040000E-04  5.51580000E-04  2.18600000E-04
2001-12-07T06:08:20.959 -3.93130000E-06  4.16930000E-04  5.84120000E-04
2001-12-07T06:08:21.959 -9.75240000E-05  5.95980000E-04  5.03900000E-04
2001-12-07T06:08:22.959 -1.64550000E-04  4.47910000E-04  2.81410000E-04
2001-12-07T06:08:23.959 -1.46990000E-04  6.79780000E-04  6.29840000E-04
2001-12-07T06:08:24.959 -3.82690000E-05  5.75400000E-04  3.19140000E-04
2001-12-07T06:08:25.959 -8.83010000E-05  7.30550000E-04  6.37810000E-04
2001-12-07T06:08:26.959  1.61940000E-06  8.39020000E-04  2.56290000E-04
2001-12-07T06:08:27.959 -1.62740000E-04  6.97210000E-04  5.80210000E-04
2001-12-07T06:08:28.959  3.72230000E-05  9.27880000E-04  4.08930000E-04
2001-12-07T06:08:29.959 -1.97370000E-04  8.87370000E-04  4.31170000E-04
2001-12-07T06:08:30.959 -1.39360000E-04  1.12230000E-03  5.70070000E-04
2001-12-07T06:08:31.959 -1.09150000E-04  1.13850000E-03  3.15400000E-04
2001-12-07T06:08:32.959 -9.46210000E-05  1.18500000E-03  5.62290000E-04
2001-12-07T06:08:33.959 -9.02030000E-05  1.06410000E-03  3.36430000E-04
2001-12-07T06:08:34.959 -3.84880000E-05  1.54020000E-03  5.76120000E-04
2001-12-07T06:08:35.959 -1.99190000E-04  1.45360000E-03  2.71980000E-04
2001-12-07T06:08:36.959 -6.16960000E-05  1.72090000E-03  5.36220000E-04
2001-12-07T06:08:37.959 -4.71950000E-05  1.76550000E-03  4.78140000E-04
2001-12-07T06:08:38.959 -2.73600000E-04  1.81130000E-03  4.46830000E-04
2001-12-07T06:08:39.959 -5.84600000E-05  1.98320000E-03  5.50370000E-04
2001-12-07T06:08:40.959 -9.85510000E-05  1.77730000E-03  5.83050000E-04
2001-12-07T06:08:41.959 -1.46700000E-04  2.09240000E-03  6.89280000E-04
2001-12-07T06:08:42.959 -1.13790000E-04  2.14840000E-03  3.50240000E-04
2001-12-07T06:08:43.959 -1.78860000E-04  2.20700000E-03  6.03530000E-04
2001-12-07T06:08:44.959 -2.24590000E-05  2.20370000E-03  3.87420000E-04
2001-12-07T06:08:45.959 -1.12580000E-04  2.36950000E-03  7.28120000E-04
2001-12-07T06:08:46.959 -1.61370000E-04  2.52010000E-03  3.86400000E-04
2001-12-07T06:08:47.959 -1.30860000E-04  2.62510000E-03  6.20380000E-04
2001-12-07T06:08:48.959 -1.27080000E-04  2.82010000E-03  3.56700000E-04
2001-12-07T06:08:49.959 -1.57440000E-04  2.80080000E-03  6.40740000E-04
2001-12-07T06:08:50.959 -1.63270000E-04  2.93470000E-03  4.33620000E-04
2001-12-07T06:08:51.959 -3.97730000E-05  2.94940000E-03  7.09370000E-04
2001-12-07T06:08:52.959 -2.68900000E-04  3.02310000E-03  4.69470000E-04
2001-12-07T06:08:53.959 -1.69620000E-04  2.93180000E-03  6.16630000E-04
2001-12-07T06:08:54.959 -1.08420000E-04  3.12420000E-03  7.84900000E-04
2001-12-07T06:08:55.959 -1.64900000E-04  3.42410000E-03  4.46150000E-04
2001-12-07T06:08:56.959 -1.35800000E-04  3.48370000E-03  6.92960000E-04
2001-12-07T06:08:57.959 -1.57850000E-04  3.72150000E-03  5.86010000E-04
2001-12-07T06:08:58.959 -8.84890000E-05  3.81070000E-03  5.21620000E-04
2001-12-07T06:08:59.959 -1.90550000E-04  3.93870000E-03  4.31680000E-04
2001-12-07T06:09:00.959 -1.80500000E-04  4.03700000E-03  7.62140000E-04
2001-12-07T06:09:01.959 -1.82490000E-04  4.33840000E-03  3.86980000E-04
2001-12-07T06:09:02.959 -2.11290000E-04  4.36980000E-03  8.08040000E-04
2001-12-07T06:09:03.959 -1.09600000E-04  4.49340000E-03  5.85340000E-04
2001-12-07T06:09:04.959 -2.39400000E-04  4.78660000E-03  6.98000000E-04
2001-12-07T06:09:05.959 -1.18040000E-04  4.82730000E-03  5.86700000E-04
2001-12-07T06:09:06.959 -9.28990000E-05  4.83560000E-03  5.41390000E-04
2001-12-07T06:09:07.959 -2.54750000E-04  5.08910000E-03  7.49860000E-04
2001-12-07T06:09:08.959 -1.62720000E-04  4.88050000E-03  5.11580000E-04
2001-12-07T06:09:09.959 -3.84630000E-05  5.11260000E-03  6.93830000E-04
2001-12-07T06:09:10.959 -3.27030000E-04  5.37360000E-03  5.36950000E-04
2001-12-07T06:09:11.959 -9.92440000E-05  5.48920000E-03  6.72080000E-04
2001-12-07T06:09:12.959 -1.41500000E-04  5.69740000E-03  8.15990000E-04
2001-12-07T06:09:13.959 -2.76790000E-04  5.85820000E-03  5.30410000E-04
2001-12-07T06:09:14.959 -1.18370000E-04  6.13210000E-03  7.93790000E-04
2001-12-07T06:09:15.959 -2.78450000E-04  6.07980000E-03  6.33450000E-04
2001-12-07T06:09:16.959 -1.72100000E-04  6.43220000E-03  8.04420000E-04
2001-12-07T06:09:17.959 -1.69050000E-04  6.85050000E-03  6.97250000E-04
2001-12-07T06:09:18.959 -1.02030000E-04  7.54520000E-03  6.22740000E-04
2001-12-07T06:09:19.959 -2.00550000E-04  8.04700000E-03  9.33920000E-04
2001-12-07T06:09:20.959 -3.72340000E-04  8.23410000E-03  6.71850000E-04
2001-12-07T06:09:21.959  2.33810000E-05  8.27390000E-03  8.13740000E-04
2001-12-07T06:09:22.959 -2.79260000E-04  8.46310000E-03  7.66900000E-04
2001-12-07T06:09:23.959 -6.20090000E-05  8.67840000E-03  7.03230000E-04
2001-12-07T06:09:24.959 -5.38050000E-05  9.07280000E-03  7.88810000E-04
2001-12-07T06:09:25.959 -1.28560000E-04  9.24910000E-03  6.77620000E-04
2001-12-07T06:09:26.959 -1.82800000E-04  9.19400000E-03  1.01300000E-03
2001-12-07T06:09:27.959  3.38540000E-05  8.89210000E-03  7.78700000E-04
2001-12-07T06:09:28.959 -1.40870000E-04  8.79410000E-03  6.68150000E-04
2001-12-07T06:09:29.959 -1.02880000E-04  9.05160000E-03  7.71740000E-04
2001-12-07T06:09:30.959 -3.62420000E-05  1.05860000E-02  7.37420000E-04
2001-12-07T06:09:31.959 -4.02570000E-04  1.17530000E-02  9.60670000E-04
2001-12-07T06:09:32.959 -2.71010000E-04  1.10690000E-02  6.47920000E-04
2001-12-07T06:09:33.959 -1.47610000E-04  1.13920000E-02  8.20330000E-04
2001-12-07T06:09:34.959 -3.11310000E-04  1.23330000E-02  7.69390000E-04
2001-12-07T06:09:35.959 -3.04330000E-04  1.26380000E-02  9.74000000E-04
2001-12-07T06:09:36.959 -2.12390000E-04  1.48920000E-02  8.45020000E-04
2001-12-07T06:09:37.959 -3.60000000E-04  1.50420000E-02  7.64330000E-04
2001-12-07T06:09:38.959 -5.14720000E-04  1.46720000E-02  7.62270000E-04
2001-12-07T06:09:39.959 -4.77780000E-04  1.46860000E-02  7.21420000E-04
2001-12-07T06:09:40.959 -1.29270000E-04  1.46450000E-02  9.22320000E-04
2001-12-07T06:09:41.959 -4.70260000E-04  1.42370000E-02  7.26910000E-04
2001-12-07T06:09:42.959 -1.11710000E-04  1.45930000E-02  7.94250000E-04
2001-12-07T06:09:43.959 -4.78280000E-04  1.45130000E-02  1.02270000E-03
2001-12-07T06:09:44.959 -2.98320000E-04  1.40450000E-02  6.61430000E-04
2001-12-07T06:09:45.959 -7.97360000E-04  1.32620000E-02  9.70760000E-04
2001-12-07T06:09:46.959  6.17180000E-06  1.40370000E-02  4.26530000E-04
2001-12-07T06:09:47.959 -2.43430000E-04  1.42570000E-02  9.16310000E-04
2001-12-07T06:09:48.959 -1.76150000E-04  1.38680000E-02  7.49040000E-04
2001-12-07T06:09:49.959 -7.75540000E-04  1.49780000E-02  7.33240000E-04
2001-12-07T06:09:50.959 -4.23100000E-04  1.92090000E-02  6.63630000E-04
2001-12-07T06:09:51.959 -1.83660000E-04  2.15710000E-02  7.96690000E-04
2001-12-07T06:09:52.959 -4.81430000E-04  2.10560000E-02  7.20850000E-04
2001-12-07T06:09:53.959 -9.70920000E-04  2.09430000E-02  9.16050000E-04
2001-12-07T06:09:54.959  1.81570000E-04  2.21340000E-02  7.41140000E-04
2001-12-07T06:09:55.959 -1.11790000E-03  2.09320000E-02  1.02070000E-03
2001-12-07T06:09:56.959  1.36130000E-04  2.16420000E-02  7.84560000E-04
2001-12-07T06:09:57.959 -7.40270000E-04  1.85620000E-02  7.40830000E-04
2001-12-07T06:09:58.959 -1.33640000E-03  1.73380000E-02  8.04640000E-04
2001-12-07T06:09:59.959  1.18790000E-04  1.76960000E-02  9.68350000E-04
2001-12-07T06:10:00.959 -6.61650000E-04  1.63270000E-02  7.27410000E-04
2001-12-07T06:10:01.959 -2.61890000E-04  1.69630000E-02  8.04180000E-04
2001-12-07T06:10:02.959 -8.41770000E-04  1.72280000E-02  9.13760000E-04
2001-12-07T06:10:03.959  2.01890000E-04  1.85110000E-02  7.10710000E-04
2001-12-07T06:10:04.959 -5.50810000E-04  1.53800000E-02  8.93070000E-04
2001-12-07T06:10:05.959 -7.03650000E-04  1.44360000E-02  6.62410000E-04
2001-12-07T06:10:06.959  2.58700000E-04  1.57620000E-02  8.46020000E-04
2001-12-07T06:10:07.959 -5.99780000E-04  1.38260000E-02  7.36050000E-04
2001-12-07T06:10:08.959 -3.82430000E-04  1.42270000E-02  8.26640000E-04
2001-12-07T06:10:09.959  6.44240000E-05  1.54470000E-02  6.89760000E-04
2001-12-07T06:10:10.959 -7.21320000E-04  1.54300000E-02  6.17510000E-04
2001-12-07T06:10:11.959 -1.06100000E-04  1.52070000E-02  1.04920000E-03
2001-12-07T06:10:12.959 -3.06770000E-04  1.45890000E-02  8.90830000E-04
2001-12-07T06:10:13.959 -6.06210000E-05  1.52060000E-02  8.44110000E-04
2001-12-07T06:10:14.959 -2.90460000E-04  1.60700000E-02  1.08190000E-03
2001-12-07T06:10:15.959  2.98040000E-04  1.55660000E-02  6.33590000E-04
2001-12-07T06:10:16.959 -6.78100000E-04  1.48070000E-02  1.00920000E-03
2001-12-07T06:10:17.959  2.31040000E-04  1.56190000E-02  8.27410000E-04
2001-12-07T06:10:18.959 -6.33960000E-04  1.55170000E-02  9.06190000E-04
2001-12-07T06:10:19.959 -5.12110000E-05  1.65880000E-02  5.00670000E-04
2001-12-07T06:10:20.959 -2.12380000E-04  1.58960000E-02  9.64180000E-04
2001-12-07T06:10:21.959 -2.66910000E-04  1.55390000E-02  7.44770000E-04
2001-12-07T06:10:22.959 -5.80480000E-04  1.57600000E-02  7.25080000E-04
2001-12-07T06:10:23.959 -5.35720000E-04  1.55460000E-02  8.80100000E-04
2001-12-07T06:10:24.959  1.32360000E-04  1.62620000E-02  8.47100000E-04
2001-12-07T06:10:25.959 -6.72430000E-04  1.55250000E-02  7.43730000E-04
2001-12-07T06:10:26.959 -1.07000000E-04  1.64630000E-02  8.44380000E-04
2001-12-07T06:10:27.959 -6.84930000E-04  1.66250000E-02  7.75540000E-04
2001-12-07T06:10:28.959 -6.44730000E-05  1.71370000E-02  6.31450000E-04
2001-12-07T06:10:29.959 -6.35250000E-04  1.55580000E-02  1.07260000E-03
2001-12-07T06:10:30.959 -5.54780000E-04  1.51660000E-02  7.01940000E-04
2001-12-07T06:10:31.959 -3.48850000E-04  1.56560000E-02  8.30190000E-04
2001-12-07T06:10:32.959 -7.57270000E-04  1.54050000E-02  6.22970000E-04
2001-12-07T06:10:33.959 -2.06840000E-04  1.59910000E-02  1.08010000E-03
2001-12-07T06:10:34.959 -2.75290000E-04  1.73240000E-02  6.91850000E-04
2001-12-07T06:10:35.959 -1.08230000E-03  1.68000000E-02  9.87450000E-04
2001-12-07T06:10:36.959 -2.24110000E-04  1.80040000E-02  8.32030000E-04
2001-12-07T06:10:37.959 -6.54290000E-04  1.70500000E-02  7.10400000E-04
2001-12-07T06:10:38.959 -1.71210000E-04  1.72150000E-02  8.57820000E-04
2001-12-07T06:10:39.959 -7.27080000E-04  1.66210000E-02  8.72140000E-04
2001-12-07T06:10:40.959 -2.16010000E-04  1.78560000E-02  8.93070000E-04
2001-12-07T06:10:41.959 -5.09740000E-04  1.65810000E-02  6.82860000E-04
2001-12-07T06:10:42.959 -2.28040000E-04  1.70830000E-02  6.69160000E-04
2001-12-07T06:10:43.959 -7.27570000E-04  1.59720000E-02  9.02620000E-04
2001-12-07T06:10:44.959 -1.86770000E-04  1.65360000E-02  6.47440000E-04
2001-12-07T06:10:45.959 -2.13930000E-04  1.73030000E-02  9.63400000E-04
2001-12-07T06:10:46.959 -6.76570000E-04  1.75040000E-02  7.84040000E-04
2001-12-07T06:10:47.959 -3.18800000E-04  1.69100000E-02  9.85210000E-04
2001-12-07T06:10:48.959 -2.25660000E-05  1.77960000E-02  6.70780000E-04
2001-12-07T06:10:49.959 -9.71450000E-04  1.73730000E-02  7.72740000E-04
2001-12-07T06:10:50.959 -3.39060000E-04  1.83120000E-02  8.62530000E-04
2001-12-07T06:10:51.959 -6.99760000E-05  1.90370000E-02  8.79650000E-04
2001-12-07T06:10:52.959 -1.57050000E-05  1.90370000E-02  6.97910000E-04
2001-12-07T06:10:53.959  1.67640000E-04  1.88140000E-02  6.03020000E-04
2001-12-07T06:10:54.959 -2.75520000E-04  1.93350000E-02  8.19480000E-04
2001-12-07T06:10:55.959 -6.17650000E-04  2.01530000E-02  7.12230000E-04
2001-12-07T06:10:56.959 -1.67260000E-04  2.23540000E-02  1.06720000E-03
2001-12-07T06:10:57.959  4.33880000E-05  2.25710000E-02  7.14450000E-04
2001-12-07T06:10:58.959 -6.75730000E-04  2.19690000E-02  7.45370000E-04
2001-12-07T06:10:59.959 -4.43940000E-04  2.21930000E-02  8.55570000E-04
2001-12-07T06:11:00.959 -4.69670000E-04  1.95790000E-02  1.04920000E-03
2001-12-07T06:11:01.959 -2.55170000E-04  1.90910000E-02  6.95270000E-04
2001-12-07T06:11:02.959 -4.81910000E-05  1.90780000E-02  9.52560000E-04
2001-12-07T06:11:03.959 -1.09610000E-04  1.90240000E-02  1.00030000E-03
2001-12-07T06:11:04.959 -8.22430000E-04  1.75330000E-02  8.03560000E-04
2001-12-07T06:11:05.959 -1.18990000E-04  2.02200000E-02  1.06450000E-03
2001-12-07T06:11:06.959 -1.06970000E-03  1.74630000E-02  5.23920000E-04
2001-12-07T06:11:07.959 -6.92460000E-04  1.82530000E-02  1.10220000E-03
2001-12-07T06:11:08.959 -2.90530000E-04  1.93290000E-02  9.25730000E-04
2001-12-07T06:11:09.959 -4.27330000E-04  1.95520000E-02  1.03700000E-03
2001-12-07T06:11:10.959 -2.85710000E-04  1.92840000E-02  1.01160000E-03
2001-12-07T06:11:11.959 -4.89830000E-04  1.89980000E-02  8.10910000E-04
2001-12-07T06:11:12.959 -6.53440000E-04  1.94940000E-02  9.19860000E-04
2001-12-07T06:11:13.959 -5.10790000E-04  1.99160000E-02  1.09140000E-03
2001-12-07T06:11:14.959 -1.59940000E-03  1.74280000E-02  6.73330000E-04
2001-12-07T06:11:15.959 -4.57090000E-04  1.85160000E-02  1.34870000E-03
2001-12-07T06:11:16.959 -6.13100000E-04  1.97740000E-02  6.49930000E-04
2001-12-07T06:11:17.959 -7.02070000E-05  1.91000000E-02  9.62440000E-04
2001-12-07T06:11:18.959 -1.74640000E-04  1.90180000E-02  7.11490000E-04
2001-12-07T06:11:19.959 -4.67990000E-04  1.94870000E-02  1.05150000E-03
2001-12-07T06:11:20.959 -5.33190000E-04  1.91510000E-02  7.73380000E-04
2001-12-07T06:11:21.959 -1.18730000E-03  1.71310000E-02  9.68200000E-04
2001-12-07T06:11:22.959 -7.41630000E-05  1.80410000E-02  8.52370000E-04
2001-12-07T06:11:23.959 -3.24230000E-04  1.84040000E-02  6.47050000E-04
2001-12-07T06:11:24.959 -8.36580000E-04  1.77080000E-02  7.42530000E-04
2001-12-07T06:11:25.959 -7.72080000E-04  1.80970000E-02  9.67900000E-04
2001-12-07T06:11:26.959  2.02970000E-04  1.86330000E-02  6.18010000E-04
2001-12-07T06:11:27.959  5.23750000E-05  1.89650000E-02  1.01010000E-03
2001-12-07T06:11:28.959 -8.90000000E-05  1.88800000E-02  6.75760000E-04
2001-12-07T06:11:29.959 -1.58530000E-04  1.89560000E-02  9.01960000E-04
2001-12-07T06:11:30.959 -3.03060000E-04  1.94380000E-02  5.71060000E-04
2001-12-07T06:11:31.959 -6.13030000E-04  2.11390000E-02  1.00910000E-03
2001-12-07T06:11:32.959  2.24230000E-04  2.07210000E-02  6.10710000E-04
2001-12-07T06:11:33.959 -1.81710000E-04  1.95140000E-02  7.93320000E-04
2001-12-07T06:11:34.959 -6.50280000E-04  1.77010000E-02  4.90130000E-04
2001-12-07T06:11:35.959  1.72850000E-04  1.93720000E-02  8.43640000E-04
2001-12-07T06:11:36.959 -1.53910000E-04  1.91880000E-02  8.86740000E-04
2001-12-07T06:11:37.959 -3.89440000E-04  1.93750000E-02  7.21360000E-04
2001-12-07T06:11:38.959 -1.59090000E-04  1.89390000E-02  8.86910000E-04
2001-12-07T06:11:39.959 -3.18450000E-04  1.88470000E-02  5.24030000E-04
2001-12-07T06:11:40.959 -4.26290000E-04  1.92280000E-02  9.78400000E-04
2001-12-07T06:11:41.959 -6.49480000E-04  1.80420000E-02  7.28640000E-04
2001-12-07T06:11:42.959 -1.04900000E-03  1.75450000E-02  9.31150000E-04
2001-12-07T06:11:43.959  3.19070000E-04  1.83390000E-02  5.63400000E-04
2001-12-07T06:11:44.959 -5.63560000E-04  1.78350000E-02  8.40540000E-04
2001-12-07T06:11:45.959 -6.65360000E-04  1.69750000E-02  8.44530000E-04
2001-12-07T06:11:46.959  4.30730000E-04  1.82240000E-02  8.41540000E-04
2001-12-07T06:11:47.959 -5.86220000E-04  1.92310000E-02  7.82630000E-04
2001-12-07T06:11:48.959 -6.89420000E-04  1.87980000E-02  8.16510000E-04
2001-12-07T06:11:49.959 -1.07370000E-03  1.87410000E-02  7.06200000E-04
2001-12-07T06:11:50.959 -8.37450000E-04  1.85330000E-02  9.86050000E-04
2001-12-07T06:11:51.959 -9.98070000E-04  1.84920000E-02  9.31880000E-04
2001-12-07T06:11:52.959 -1.39310000E-05  1.89240000E-02  1.12120000E-03
2001-12-07T06:11:53.959 -5.05290000E-04  1.75530000E-02  6.48400000E-04
2001-12-07T06:11:54.959 -8.32040000E-04  1.75030000E-02  9.33140000E-04
2001-12-07T06:11:55.959 -3.34310000E-04  1.76060000E-02  7.29620000E-04
2001-12-07T06:11:56.959 -8.11910000E-04  1.68880000E-02  9.37910000E-04
2001-12-07T06:11:57.959 -5.49210000E-04  1.68460000E-02  9.97650000E-04
2001-12-07T06:11:58.959 -7.84590000E-05  1.72990000E-02  6.26900000E-04
2001-12-07T06:11:59.959 -1.07680000E-03  1.61180000E-02  8.80130000E-04
2001-12-07T06:12:00.959 -4.06250000E-04  1.60100000E-02  1.17210000E-03
2001-12-07T06:12:01.959 -1.04970000E-04  1.62580000E-02  6.14820000E-04
2001-12-07T06:12:02.959 -5.01280000E-04  1.58350000E-02  8.63960000E-04
2001-12-07T06:12:03.959 -5.23150000E-04  1.58870000E-02  8.79090000E-04
2001-12-07T06:12:04.959 -4.12690000E-04  1.56700000E-02  9.64530000E-04
2001-12-07T06:12:05.959 -2.94570000E-04  1.56350000E-02  7.33560000E-04
2001-12-07T06:12:06.959 -2.37040000E-04  1.50760000E-02  6.65820000E-04
2001-12-07T06:12:07.959 -8.94100000E-05  1.56970000E-02  1.08190000E-03
2001-12-07T06:12:08.959 -4.67890000E-04  1.50170000E-02  7.06880000E-04
2001-12-07T06:12:09.959 -1.03370000E-04  1.51410000E-02  7.65290000E-04
2001-12-07T06:12:10.959 -2.38720000E-04  1.51550000E-02  9.27080000E-04
2001-12-07T06:12:11.959 -2.32730000E-04  1.54700000E-02  9.44190000E-04
2001-12-07T06:12:12.959 -3.09360000E-04  1.52130000E-02  8.05400000E-04
2001-12-07T06:12:13.959  2.07760000E-04  1.52880000E-02  8.45780000E-04
2001-12-07T06:12:14.959 -4.35020000E-04  1.51260000E-02  5.71120000E-04
2001-12-07T06:12:15.959  1.08280000E-04  1.52110000E-02  9.59260000E-04
2001-12-07T06:12:16.959 -1.20290000E-04  1.51270000E-02  6.17040000E-04
2001-12-07T06:12:17.959 -6.50520000E-05  1.47910000E-02  9.43770000E-04
2001-12-07T06:12:18.959 -1.94920000E-04  1.44180000E-02  4.96560000E-04
2001-12-07T06:12:19.959 -2.87310000E-04  1.42270000E-02  9.38380000E-04
2001-12-07T06:12:20.959 -8.30550000E-05  1.38460000E-02  5.24210000E-04
2001-12-07T06:12:21.959 -1.09850000E-04  1.34160000E-02  1.02610000E-03
2001-12-07T06:12:22.959 -3.04590000E-04  1.28690000E-02  5.28090000E-04
2001-12-07T06:12:23.959 -3.10940000E-04  1.24640000E-02  6.87990000E-04
2001-12-07T06:12:24.959 -2.39660000E-04  1.24980000E-02  5.28740000E-04
2001-12-07T06:12:25.959 -2.22370000E-04  1.15080000E-02  7.36290000E-04
2001-12-07T06:12:26.959 -3.04150000E-04  1.18220000E-02  6.46150000E-04
2001-12-07T06:12:27.959 -4.98670000E-04  1.15980000E-02  7.27030000E-04
2001-12-07T06:12:28.959 -3.54550000E-04  1.14390000E-02  5.87120000E-04
2001-12-07T06:12:29.959 -3.08460000E-04  1.13140000E-02  7.65430000E-04
2001-12-07T06:12:30.959 -4.93350000E-04  1.12610000E-02  6.79760000E-04
2001-12-07T06:12:31.959 -4.88770000E-04  1.08180000E-02  6.31790000E-04
2001-12-07T06:12:32.959 -3.73400000E-04  9.15080000E-03  7.79770000E-04
2001-12-07T06:12:33.959 -1.92230000E-04  9.29160000E-03  5.24290000E-04
2001-12-07T06:12:34.959 -4.63070000E-04  8.33070000E-03  7.55060000E-04
2001-12-07T06:12:35.959 -1.79540000E-04  7.89230000E-03  5.74720000E-04
2001-12-07T06:12:36.959 -4.32210000E-04  7.08650000E-03  8.54260000E-04
2001-12-07T06:12:37.959 -2.26950000E-04  6.65760000E-03  3.36190000E-04
2001-12-07T06:12:38.959 -1.12930000E-04  6.45930000E-03  6.94940000E-04
2001-12-07T06:12:39.959 -2.69680000E-04  6.12920000E-03  6.25850000E-04
2001-12-07T06:12:40.959 -5.76120000E-04  6.54480000E-03  4.78000000E-04
2001-12-07T06:12:41.959 -2.04760000E-04  6.70970000E-03  5.11510000E-04
2001-12-07T06:12:42.959 -4.43790000E-04  5.91960000E-03  6.57680000E-04
2001-12-07T06:12:43.959 -2.76700000E-04  6.17910000E-03  6.62750000E-04
2001-12-07T06:12:44.959 -2.53820000E-04  6.49240000E-03  5.64580000E-04
2001-12-07T06:12:45.959 -3.54110000E-04  5.67350000E-03  7.56030000E-04
2001-12-07T06:12:46.959 -1.82050000E-04  5.08930000E-03  6.31290000E-04
2001-12-07T06:12:47.959 -1.83570000E-04  4.89210000E-03  6.24630000E-04
2001-12-07T06:12:48.959 -1.96890000E-04  4.21110000E-03  5.97970000E-04
2001-12-07T06:12:49.959 -1.91960000E-04  4.19940000E-03  6.21290000E-04
2001-12-07T06:12:50.959 -2.68210000E-04  3.85920000E-03  4.72760000E-04
2001-12-07T06:12:51.959 -2.60020000E-04  3.86160000E-03  3.52240000E-04
2001-12-07T06:12:52.959 -1.65610000E-04  4.13560000E-03  7.55990000E-04
2001-12-07T06:12:53.959 -1.82400000E-04  4.50100000E-03  4.23040000E-04
2001-12-07T06:12:54.959 -3.01620000E-04  4.08080000E-03  8.70380000E-04
2001-12-07T06:12:55.959 -1.58700000E-04  3.84840000E-03  2.12450000E-04
2001-12-07T06:12:56.959 -2.21970000E-04  3.77340000E-03  7.18070000E-04
2001-12-07T06:12:57.959  2.41230000E-05  3.93990000E-03  4.63770000E-04
2001-12-07T06:12:58.959 -1.74450000E-04  3.67560000E-03  7.88670000E-04
2001-12-07T06:12:59.959 -1.52570000E-04  3.91440000E-03  4.54850000E-04
2001-12-07T06:13:00.959 -2.07490000E-04  3.72040000E-03  8.48300000E-04
2001-12-07T06:13:01.959  1.18770000E-05  3.63300000E-03  4.27110000E-04
2001-12-07T06:13:02.959 -1.57330000E-04  3.40750000E-03  5.58320000E-04
2001-12-07T06:13:03.959 -2.33950000E-04  3.35000000E-03  7.32670000E-04
2001-12-07T06:13:04.959 -1.37400000E-04  3.01770000E-03  2.27870000E-04
2001-12-07T06:13:05.959 -1.76210000E-04  2.86680000E-03  8.18510000E-04
2001-12-07T06:13:06.959 -2.43190000E-04  2.64270000E-03  4.95920000E-04
2001-12-07T06:13:07.959  1.44420000E-04  2.46930000E-03  5.67940000E-04
2001-12-07T06:13:08.959 -2.22020000E-04  2.43280000E-03  5.57680000E-04
2001-12-07T06:13:09.959 -2.72180000E-05  2.18770000E-03  4.82330000E-04
2001-12-07T06:13:10.959 -1.51270000E-04  2.08590000E-03  6.42620000E-04
2001-12-07T06:13:11.959  2.47830000E-05  1.96510000E-03  3.01480000E-04
2001-12-07T06:13:12.959 -9.69290000E-05  1.94710000E-03  5.75420000E-04
2001-12-07T06:13:13.959 -2.56010000E-05  1.80370000E-03  5.72140000E-04
2001-12-07T06:13:14.959 -2.04590000E-04  1.84100000E-03  5.57180000E-04
2001-12-07T06:13:15.959  5.93250000E-05  1.66530000E-03  4.09160000E-04
2001-12-07T06:13:16.959 -4.50630000E-05  1.62210000E-03  5.40720000E-04
2001-12-07T06:13:17.959 -8.26240000E-05  1.51430000E-03  5.64300000E-04
2001-12-07T06:13:18.959 -1.12290000E-04  1.38160000E-03  3.68740000E-04
2001-12-07T06:13:19.959 -9.33290000E-05  1.33590000E-03  8.48340000E-04
2001-12-07T06:13:20.959 -1.06100000E-04  1.26340000E-03  3.50700000E-04
2001-12-07T06:13:21.959 -8.53850000E-05  1.10910000E-03  3.69510000E-04
2001-12-07T06:13:22.959 -4.67290000E-05  1.04920000E-03  6.56260000E-04
2001-12-07T06:13:23.959 -2.01000000E-04  9.94510000E-04  3.01610000E-04
2001-12-07T06:13:24.959 -5.42600000E-05  8.18590000E-04  3.67270000E-04
2001-12-07T06:13:25.959 -8.84100000E-05  1.01600000E-03  5.14910000E-04
2001-12-07T06:13:26.959 -1.06250000E-04  8.12220000E-04  4.63910000E-04
2001-12-07T06:13:27.959 -2.98200000E-04  8.69920000E-04  4.77600000E-04
2001-12-07T06:13:28.959 -2.50560000E-05  9.15370000E-04  3.71590000E-04
2001-12-07T06:13:29.959 -9.97350000E-05  9.07430000E-04  5.60960000E-04
2001-12-07T06:13:30.959 -2.13330000E-05  8.00260000E-04  5.59890000E-04
2001-12-07T06:13:31.959 -1.08620000E-04  6.50240000E-04  2.75010000E-04
2001-12-07T06:13:32.959 -6.12230000E-05  9.18470000E-04  6.88030000E-04
2001-12-07T06:13:33.959 -7.21900000E-05  8.11640000E-04  3.28960000E-04
2001-12-07T06:13:34.959 -1.46710000E-05  7.20310000E-04  3.53580000E-04
2001-12-07T06:13:35.959 -1.22090000E-04  6.37900000E-04  6.01130000E-04
2001-12-07T06:13:36.959 -1.23050000E-04  8.13570000E-04  2.78750000E-04
2001-12-07T06:13:37.959 -3.61030000E-05  5.63670000E-04  5.49550000E-04
2001-12-07T06:13:38.959 -1.28460000E-04  5.27800000E-04  5.96710000E-04
2001-12-07T06:13:39.959 -6.85540000E-05  3.81890000E-04  2.64420000E-04
2001-12-07T06:13:40.959 -7.05920000E-05  4.95730000E-04  5.64820000E-04
2001-12-07T06:13:41.959  2.97430000E-06  4.19970000E-04  5.16310000E-04
2001-12-07T06:13:42.959 -1.96130000E-05  2.69910000E-04  2.32620000E-04
2001-12-07T06:13:43.959 -9.45580000E-05  2.47880000E-04  7.48050000E-04
2001-12-07T06:13:44.959 -1.08350000E-04  3.06870000E-04  2.00650000E-04
2001-12-07T06:13:45.959 -1.85390000E-04  2.15940000E-04  5.91130000E-04
2001-12-07T06:13:46.959 -3.07600000E-05  1.37240000E-04  2.19200000E-04
2001-12-07T06:13:47.959 -1.02240000E-04  2.98310000E-04  7.48060000E-04
2001-12-07T06:13:48.959 -1.42070000E-04  2.31460000E-04  2.94980000E-04
2001-12-07T06:13:49.959  2.22700000E-05  1.51930000E-04  5.17120000E-04
2001-12-07T06:13:50.959 -5.63470000E-05  3.85080000E-04  2.95990000E-04
2001-12-07T06:13:51.959 -2.45000000E-04  1.62550000E-04  5.52290000E-04
2001-12-07T06:13:52.959 -2.99910000E-05  2.15050000E-04  5.67040000E-04
2001-12-07T06:13:53.959 -1.10830000E-04  1.25170000E-04  5.90070000E-04
2001-12-07T06:13:54.959 -2.32910000E-04  1.20340000E-04  8.84060000E-05
2001-12-07T06:13:55.959 -1.14530000E-05  1.72300000E-04  6.78420000E-04
2001-12-07T06:13:56.959 -1.97450000E-04  4.68400000E-05  4.12820000E-04
2001-12-07T06:13:57.959 -2.14990000E-05  1.24380000E-04  5.01540000E-04
2001-12-07T06:13:58.959 -1.38910000E-04  5.70660000E-05  4.94610000E-04
2001-12-07T06:13:59.959 -1.09100000E-04 -1.26460000E-05  3.49930000E-04
2001-12-07T06:14:00.959 -1.10210000E-04 -5.11790000E-05  7.43780000E-04
2001-12-07T06:14:01.959 -1.51230000E-04 -5.15760000E-05  3.35850000E-04
2001-12-07T06:14:02.959  3.66650000E-06  1.03960000E-04  5.64680000E-04
2001-12-07T06:14:03.959 -1.86070000E-04  5.81350000E-05  4.52670000E-04
2001-12-07T06:14:04.959 -2.40580000E-05  4.81340000E-06  4.67730000E-04
2001-12-07T06:14:05.959 -1.19290000E-04 -6.91620000E-05  6.43680000E-04
2001-12-07T06:14:06.959 -1.07200000E-04  1.06560000E-05  2.99460000E-04
2001-12-07T06:14:07.959 -8.59990000E-05 -4.35780000E-05  4.05560000E-04
2001-12-07T06:14:08.959 -2.09090000E-04 -1.47830000E-04  3.67060000E-04
2001-12-07T06:14:09.959 -4.63030000E-05  1.46420000E-05  7.71300000E-04
2001-12-07T06:14:10.959 -1.98580000E-04 -1.96080000E-04  1.34350000E-04
2001-12-07T06:14:11.959 -1.78640000E-04 -1.14290000E-05  5.42280000E-04
2001-12-07T06:14:12.959  7.98910000E-06 -2.39820000E-04  4.50400000E-04
2001-12-07T06:14:13.959 -1.48910000E-04 -5.04760000E-05  5.76800000E-04
2001-12-07T06:14:14.959  4.34740000E-06 -1.17130000E-04  3.57720000E-04
2001-12-07T06:14:15.959 -6.70650000E-05 -1.52880000E-04  3.09140000E-04
2001-12-07T06:14:16.959 -1.18350000E-04 -8.36910000E-06  5.69850000E-04
2001-12-07T06:14:17.959 -1.45150000E-04 -2.38270000E-04  2.62880000E-04
2001-12-07T06:14:18.959 -1.32390000E-05 -1.00940000E-04  5.06900000E-04
2001-12-07T06:14:19.959 -2.13950000E-04 -1.70180000E-04  5.60620000E-04
2001-12-07T06:14:20.959 -7.59940000E-05 -5.97500000E-05  1.23890000E-04
2001-12-07T06:14:21.959 -2.36710000E-04 -2.73200000E-04  7.93460000E-04
2001-12-07T06:14:22.959 -4.24340000E-05 -1.14560000E-04  2.53280000E-04
2001-12-07T06:14:23.959 -1.17550000E-04 -1.91210000E-04  6.61060000E-04
2001-12-07T06:14:24.959 -7.59280000E-05 -2.04440000E-04  3.37830000E-04
2001-12-07T06:14:25.959 -1.82930000E-04 -2.34920000E-04  6.84000000E-04
2001-12-07T06:14:26.959 -1.92480000E-04 -4.67260000E-05  3.38300000E-04
2001-12-07T06:14:27.959 -2.50040000E-05 -2.47940000E-04  5.27370000E-04
2001-12-07T06:14:28.959 -2.61190000E-04 -1.54140000E-06  1.97800000E-04
2001-12-07T06:14:29.959 -1.11960000E-04 -1.71510000E-04  5.57110000E-04
2001-12-07T06:14:30.959 -2.41660000E-04 -3.76230000E-04  5.02880000E-04
2001-12-07T06:14:31.959 -5.66270000E-05 -4.40160000E-05  5.18370000E-04
2001-12-07T06:14:32.959 -2.00740000E-04 -3.16850000E-04  5.42560000E-04
2001-12-07T06:14:33.959 -2.61720000E-05 -1.04850000E-04  2.25340000E-04
2001-12-07T06:14:34.959 -1.66290000E-04 -1.88420000E-04  5.89760000E-04
2001-12-07T06:14:35.959 -1.95680000E-04 -1.68250000E-04  4.30260000E-04
2001-12-07T06:14:36.959 -1.18530000E-04 -1.88180000E-04  3.98270000E-04
2001-12-07T06:14:37.959 -1.55140000E-04 -1.38310000E-04  3.96160000E-04
2001-12-07T06:14:38.959 -6.63750000E-05 -1.82200000E-04  4.55990000E-04
2001-12-07T06:14:39.959 -5.74350000E-05 -2.23680000E-04  4.36400000E-04
2001-12-07T06:14:40.959 -1.26200000E-04 -1.14230000E-04  3.96000000E-04
2001-12-07T06:14:41.959 -2.38420000E-04 -2.55120000E-04  5.36690000E-04
2001-12-07T06:14:42.959  3.05300000E-05 -3.26470000E-04  3.38890000E-04
2001-12-07T06:14:43.959 -9.97610000E-05 -7.35930000E-05  6.74470000E-04
2001-12-07T06:14:44.959 -1.86040000E-04 -3.00800000E-04  2.89470000E-04
2001-12-07T06:14:45.959 -1.71320000E-04 -1.79930000E-04  6.06350000E-04
2001-12-07T06:14:46.959 -6.51960000E-06 -1.53990000E-04  4.68490000E-04
2001-12-07T06:14:47.959 -3.18970000E-04 -2.61810000E-04  3.69160000E-04
2001-12-07T06:14:48.959  1.59610000E-04 -6.11100000E-05  5.57240000E-04
2001-12-07T06:14:49.959 -2.14410000E-04 -3.50030000E-04  3.31050000E-04
2001-12-07T06:14:50.959 -2.08310000E-04 -1.14970000E-04  6.83300000E-04
2001-12-07T06:14:51.959 -2.19240000E-04 -3.37310000E-04  3.08480000E-04
2001-12-07T06:14:52.959 -5.71210000E-05 -9.38530000E-05  3.63280000E-04
2001-12-07T06:14:53.959 -1.93640000E-04 -3.75740000E-04  5.83980000E-04
2001-12-07T06:14:54.959 -6.03300000E-05 -1.19820000E-04  3.01560000E-04
2001-12-07T06:14:55.959 -2.12240000E-04 -3.70370000E-04  5.05000000E-04
2001-12-07T06:14:56.959 -5.27840000E-05 -7.51250000E-05  2.40510000E-04
2001-12-07T06:14:57.959 -1.42770000E-04 -9.09800000E-05  7.34170000E-04
2001-12-07T06:14:58.959 -2.38780000E-04 -2.59580000E-04  3.22830000E-04
2001-12-07T06:14:59.959 -1.22420000E-04 -2.22400000E-04  5.74510000E-04
2001-12-07T06:15:00.959 -3.08930000E-05 -2.45010000E-04  2.45770000E-04
2001-12-07T06:15:01.959 -2.12310000E-04 -2.82580000E-04  5.96060000E-04
2001-12-07T06:15:02.959 -1.00970000E-04 -6.54050000E-07  2.55010000E-04
2001-12-07T06:15:03.959 -1.32380000E-04 -2.28720000E-04  2.89920000E-04
2001-12-07T06:15:04.959 -1.00840000E-04 -2.72810000E-04  7.98080000E-04
2001-12-07T06:15:05.959  4.83060000E-05 -2.83840000E-04  2.20560000E-04
2001-12-07T06:15:06.959 -2.93440000E-04 -2.69790000E-04  6.05480000E-04
2001-12-07T06:15:07.959 -9.03730000E-05 -2.15010000E-04  2.03120000E-04
2001-12-07T06:15:08.959 -1.30670000E-04 -3.39210000E-04  6.40880000E-04
2001-12-07T06:15:09.959 -3.92170000E-05 -7.68270000E-05  3.14990000E-04
2001-12-07T06:15:10.959 -1.86510000E-04 -3.72670000E-04  5.62100000E-04
2001-12-07T06:15:11.959 -7.83280000E-05 -8.07830000E-05  2.62470000E-04
2001-12-07T06:15:12.959 -1.73520000E-04 -3.81370000E-04  5.37200000E-04
2001-12-07T06:15:13.959 -8.76350000E-05 -1.61580000E-04  4.22950000E-04
2001-12-07T06:15:14.959 -2.04150000E-04 -3.86320000E-04  2.64760000E-04
2001-12-07T06:15:15.959 -3.84540000E-06 -1.91090000E-04  5.08410000E-04
2001-12-07T06:15:16.959 -2.84510000E-04 -3.00560000E-04  6.01690000E-04
2001-12-07T06:15:17.959 -3.66580000E-05 -1.20450000E-04  2.32170000E-04
2001-12-07T06:15:18.959 -3.78090000E-04 -3.94750000E-04  5.02800000E-04
2001-12-07T06:15:19.959 -7.16360000E-05 -1.15340000E-04  5.35050000E-04
2001-12-07T06:15:20.959 -2.39520000E-04 -4.47210000E-04  2.96590000E-04
2001-12-07T06:15:21.959  2.86020000E-05 -6.45520000E-05  6.21130000E-04
2001-12-07T06:15:22.959 -2.48330000E-04 -2.43160000E-04  3.59770000E-04
2001-12-07T06:15:23.959 -5.97370000E-05 -2.70140000E-04  2.85830000E-04
2001-12-07T06:15:24.959 -1.18710000E-04 -2.52670000E-04  5.89570000E-04
2001-12-07T06:15:25.959 -9.92630000E-05 -3.03740000E-04  4.90860000E-04
2001-12-07T06:15:26.959 -9.46960000E-05 -1.18230000E-04  3.52180000E-04
2001-12-07T06:15:27.959 -1.83250000E-04 -2.81180000E-04  3.85830000E-04
2001-12-07T06:15:28.959 -1.49130000E-04 -1.50890000E-04  6.63450000E-04
2001-12-07T06:15:29.959 -7.83360000E-05 -1.55550000E-04  3.51370000E-04
2001-12-07T06:15:30.959 -8.69380000E-05 -1.74530000E-04  3.69490000E-04
2001-12-07T06:15:31.959 -1.74810000E-04 -4.34000000E-04  7.16450000E-04
2001-12-07T06:15:32.959 -1.22580000E-04 -7.77190000E-05  3.41750000E-04
2001-12-07T06:15:33.959 -1.65610000E-04 -2.25950000E-04  5.57400000E-04
2001-12-07T06:15:34.959  7.59160000E-06 -1.34420000E-04  4.72930000E-04
2001-12-07T06:15:35.959 -1.92450000E-04 -3.26900000E-04  3.42980000E-04
2001-12-07T06:15:36.959  3.08140000E-05 -1.23540000E-04  6.48260000E-04
2001-12-07T06:15:37.959 -1.13900000E-04 -3.00470000E-04  2.74820000E-04
2001-12-07T06:15:38.959 -1.32440000E-04 -1.66330000E-04  6.49070000E-04
2001-12-07T06:15:39.959 -1.17370000E-04 -2.93070000E-04  4.13380000E-04
2001-12-07T06:15:40.959 -1.47480000E-04 -1.06190000E-04  5.99410000E-04
2001-12-07T06:15:41.959 -7.54650000E-05 -2.86080000E-04  5.44950000E-04
2001-12-07T06:17:49.759 -2.36380000E-04 -3.86160000E-04  6.78310000E-04
2001-12-07T06:17:50.759 -2.18840000E-05 -2.56030000E-04  2.16360000E-04
2001-12-07T06:17:51.759 -2.30450000E-04 -3.47730000E-04  6.24050000E-04
2001-12-07T06:17:52.759 -1.01570000E-04 -2.14080000E-04  6.39160000E-04
2001-12-07T06:17:53.759 -7.77980000E-06 -2.98000000E-04  1.68130000E-04
2001-12-07T06:17:54.759 -1.95120000E-04 -6.52550000E-05  8.11970000E-04
2001-12-07T06:17:55.759 -2.16630000E-04 -2.84930000E-04  5.22290000E-04
2001-12-07T06:17:56.759 -6.15740000E-05 -1.64250000E-04  6.69060000E-04
2001-12-07T06:17:57.759 -3.30880000E-04 -2.22760000E-04  3.72960000E-04
2001-12-07T06:17:58.759 -2.15130000E-04 -1.07510000E-04  5.66610000E-04
2001-12-07T06:17:59.759 -2.94060000E-04 -2.24280000E-04  6.11480000E-04
2001-12-07T06:18:00.759 -3.71710000E-04 -8.40650000E-05  5.82410000E-04
2001-12-07T06:18:01.759 -2.36290000E-04 -2.30110000E-04  6.14970000E-04
2001-12-07T06:18:02.759 -1.36640000E-04 -8.80280000E-05  5.07480000E-04
2001-12-07T06:18:03.759 -2.19320000E-04 -4.01150000E-04  6.18750000E-04
2001-12-07T06:18:04.759 -1.83040000E-04 -1.78450000E-04  4.73870000E-04
2001-12-07T06:18:05.759 -2.06020000E-04 -2.10730000E-04  3.12110000E-04
2001-12-07T06:18:06.759 -1.32560000E-04 -5.46160000E-05  6.07600000E-04
2001-12-07T06:18:07.759 -1.62680000E-04 -3.38000000E-04  5.21310000E-04
2001-12-07T06:18:08.759 -6.92530000E-05 -5.66990000E-05  5.80940000E-04
2001-12-07T06:18:09.759 -3.46690000E-04 -1.88930000E-04  6.68190000E-04
2001-12-07T06:18:10.759 -4.04030000E-05 -1.50460000E-04  3.59470000E-04
2001-12-07T06:18:11.759 -1.54060000E-04 -2.61040000E-04  7.36580000E-04
2001-12-07T06:18:12.759 -2.05030000E-04 -1.36260000E-04  5.47000000E-04
2001-12-07T06:18:13.759 -2.40390000E-04 -1.19240000E-04  4.29690000E-04
2001-12-07T06:18:14.759 -1.97490000E-04 -2.57470000E-04  8.66310000E-04
2001-12-07T06:18:15.759 -7.58700000E-05 -1.47310000E-04  2.61740000E-04
2001-12-07T06:18:16.759 -6.28440000E-05 -1.97140000E-04  8.09900000E-04
2001-12-07T06:18:17.759 -2.30660000E-04 -2.53250000E-04  4.47040000E-04
2001-12-07T06:18:18.759 -2.65760000E-04 -1.30120000E-04  5.88700000E-04
