2001-11-05T07:44:12.488 -1.48240000E-04 -2.68620000E-04  6.45440000E-04
2001-11-05T07:44:13.488 -1.64770000E-04 -3.22890000E-04  4.64080000E-04
2001-11-05T07:44:14.488  4.73600000E-05 -2.11890000E-04  4.33620000E-04
2001-11-05T07:44:15.488 -7.09220000E-05 -3.59730000E-04  5.57770000E-04
2001-11-05T07:44:16.488 -1.84460000E-04 -1.21690000E-04  4.31680000E-04
2001-11-05T07:44:17.488 -8.61450000E-05 -3.77740000E-04  4.02740000E-04
2001-11-05T07:44:18.488 -1.21140000E-04 -2.80450000E-04  3.89300000E-04
2001-11-05T07:44:19.488 -7.05590000E-05 -2.65630000E-04  6.07320000E-05
2001-11-05T07:44:20.488 -1.00410000E-04 -2.50500000E-04  6.85860000E-04
2001-11-05T07:44:21.488 -6.87740000E-05 -3.35990000E-04  4.40280000E-04
2001-11-05T07:44:22.488 -6.85440000E-05 -2.31160000E-04  4.92930000E-04
2001-11-05T07:44:23.488  9.82510000E-05 -1.60480000E-04  3.63320000E-04
2001-11-05T07:44:24.488 -1.85890000E-04 -4.69230000E-04  3.04630000E-04
2001-11-05T07:44:25.488 -7.02170000E-05 -1.95430000E-04  2.41410000E-04
2001-11-05T07:44:26.488 -1.73630000E-04 -2.59760000E-04  7.57760000E-04
2001-11-05T07:44:27.488 -1.26640000E-04 -2.45970000E-04  1.43820000E-04
2001-11-05T07:44:28.488 -4.82850000E-05 -2.43700000E-04  4.97360000E-04
2001-11-05T07:44:29.488 -2.66270000E-05 -2.70800000E-04  5.13830000E-04
2001-11-05T07:44:30.488 -8.20730000E-05 -2.25670000E-04  4.65880000E-04
2001-11-05T07:44:31.488 -9.64020000E-05 -3.28640000E-04  4.47940000E-04
2001-11-05T07:44:32.488 -1.87610000E-05 -1.49620000E-04  5.08460000E-04
2001-11-05T07:44:33.488 -1.97980000E-04 -3.10260000E-04  4.34860000E-04
2001-11-05T07:44:34.488 -3.12770000E-06 -1.73360000E-04  6.54480000E-04
2001-11-05T07:44:35.488 -2.24250000E-04 -1.50710000E-04  3.82190000E-04
2001-11-05T07:44:36.488 -1.34710000E-04 -2.37580000E-04  3.08770000E-04
2001-11-05T07:44:37.488 -9.84550000E-05 -3.46080000E-04  4.64520000E-04
2001-11-05T07:44:38.488 -5.73580000E-06 -3.51960000E-04  3.99320000E-04
2001-11-05T07:44:39.488 -1.20480000E-04 -2.39840000E-04  4.21650000E-04
2001-11-05T07:44:40.488 -9.88440000E-05 -1.85660000E-04  4.41090000E-04
2001-11-05T07:44:41.488  6.40720000E-05 -2.43930000E-04  4.04950000E-04
2001-11-05T07:44:42.488 -2.23440000E-04 -3.68610000E-04  7.00080000E-04
2001-11-05T07:44:43.488  1.32990000E-04 -3.63660000E-04  3.39170000E-04
2001-11-05T07:44:44.488 -2.50920000E-04 -3.63560000E-04  5.60150000E-04
2001-11-05T07:44:45.488 -3.34410000E-05 -2.21540000E-04  4.93510000E-04
2001-11-05T07:44:46.488 -1.77310000E-04 -3.69390000E-04  4.09950000E-04
2001-11-05T07:44:47.488  2.63670000E-05 -2.82180000E-04  4.08920000E-04
2001-11-05T07:44:48.488 -2.27300000E-05 -2.38040000E-04  4.77650000E-04
2001-11-05T07:44:49.488 -8.82500000E-05 -2.87020000E-04  5.72880000E-04
2001-11-05T07:44:50.488  1.55930000E-05 -7.12050000E-05  2.64270000E-04
2001-11-05T07:44:51.488 -2.04650000E-04 -3.67660000E-04  6.98480000E-04
2001-11-05T07:44:52.488 -4.02460000E-06 -3.57860000E-04  5.34860000E-04
2001-11-05T07:44:53.488 -1.40200000E-04 -3.66900000E-04  4.09020000E-04
2001-11-05T07:44:54.488 -2.08930000E-04 -1.83930000E-04  6.44180000E-04
2001-11-05T07:44:55.488  9.00010000E-05 -2.83390000E-04  2.09810000E-04
2001-11-05T07:44:56.488 -1.48690000E-04 -3.26430000E-04  5.40810000E-04
2001-11-05T07:44:57.488 -9.90020000E-05 -3.13180000E-04  1.67070000E-04
2001-11-05T07:44:58.488 -3.75170000E-05 -1.75770000E-04  4.41540000E-04
2001-11-05T07:44:59.488 -8.29370000E-05 -1.62130000E-04  2.97930000E-04
2001-11-05T07:45:00.488 -7.91130000E-05 -4.21100000E-04  4.67490000E-04
2001-11-05T07:45:01.488 -1.60570000E-05 -2.61060000E-04  5.25070000E-04
2001-11-05T07:45:02.488 -1.30750000E-04 -3.85210000E-04  6.10790000E-04
2001-11-05T07:45:03.488 -1.34640000E-06 -1.65200000E-04  4.23290000E-04
2001-11-05T07:45:04.488 -2.26130000E-04 -3.72900000E-04  4.44070000E-04
2001-11-05T07:45:05.488  2.15300000E-05 -2.68830000E-04  4.83480000E-04
2001-11-05T07:45:06.488 -8.75030000E-05 -3.41760000E-04  4.35850000E-04
2001-11-05T07:45:07.488 -7.70770000E-05 -1.85440000E-04  5.16290000E-04
2001-11-05T07:45:08.488 -1.45530000E-04 -2.07650000E-04  3.78830000E-04
2001-11-05T07:45:09.488 -6.60500000E-05 -1.99170000E-04  6.25430000E-04
2001-11-05T07:45:10.488 -1.79770000E-04 -3.46340000E-04  2.37510000E-04
2001-11-05T07:45:11.488 -9.12420000E-05 -3.37340000E-04  2.40090000E-04
2001-11-05T07:45:12.488 -7.87820000E-05 -1.24710000E-04  6.73640000E-04
2001-11-05T07:45:13.488 -1.77240000E-04 -3.07840000E-04  4.75430000E-04
2001-11-05T07:45:14.488 -2.20970000E-05 -2.67590000E-04  3.93330000E-04
2001-11-05T07:45:15.488 -3.77320000E-05 -2.59170000E-04  4.28790000E-04
2001-11-05T07:45:16.488 -2.51350000E-04 -2.51660000E-04  6.74550000E-04
2001-11-05T07:45:17.488 -6.86450000E-06 -2.41190000E-04  3.89470000E-04
2001-11-05T07:45:18.488 -1.91530000E-04 -2.76590000E-04  4.67950000E-04
2001-11-05T07:45:19.488 -2.88890000E-05 -2.77550000E-04  5.05570000E-04
2001-11-05T07:45:20.488 -2.41380000E-04 -2.35700000E-04  4.39550000E-04
2001-11-05T07:45:21.488 -2.83790000E-05 -2.20590000E-04  3.03720000E-04
2001-11-05T07:45:22.488 -1.49820000E-04 -4.67470000E-04  5.45410000E-04
2001-11-05T07:45:23.488  2.81270000E-05 -2.04280000E-04  4.02840000E-04
2001-11-05T07:45:24.488 -1.15350000E-04 -2.89490000E-04  4.32190000E-04
2001-11-05T07:45:25.488 -4.60300000E-05 -2.05450000E-04  4.59670000E-04
2001-11-05T07:45:26.488 -1.63060000E-04 -1.63720000E-04  4.56450000E-04
2001-11-05T07:45:27.488 -1.08770000E-04 -2.41950000E-04  4.49460000E-04
2001-11-05T07:45:28.488  4.87530000E-05 -2.14460000E-04  6.62530000E-04
2001-11-05T07:45:29.488 -1.75370000E-04 -3.83870000E-04  5.33440000E-04
2001-11-05T07:45:30.488 -2.30800000E-06 -2.14870000E-04  3.90940000E-04
2001-11-05T07:45:31.488 -2.24170000E-04 -2.86370000E-04  5.38140000E-04
2001-11-05T07:45:32.488 -5.22770000E-06 -1.61620000E-04  4.37610000E-04
2001-11-05T07:45:33.488 -4.65760000E-05 -3.07580000E-04  4.01000000E-04
2001-11-05T07:45:34.488 -8.30240000E-05 -1.19290000E-04  3.53630000E-04
2001-11-05T07:45:35.488 -2.50400000E-05 -2.80720000E-04  3.64740000E-04
2001-11-05T07:45:36.488 -1.67960000E-04 -2.48250000E-04  4.93420000E-04
2001-11-05T07:45:37.488  1.72290000E-06 -1.29590000E-04  4.94790000E-04
2001-11-05T07:45:38.488 -2.10130000E-04 -2.24600000E-04  5.01140000E-04
2001-11-05T07:45:39.488 -2.03620000E-05 -1.92210000E-04  5.42370000E-04
2001-11-05T07:45:40.488 -8.30120000E-05 -2.17990000E-04  5.69800000E-04
2001-11-05T07:45:41.488 -7.82880000E-05 -1.55130000E-04  2.41430000E-04
2001-11-05T07:45:42.488 -1.43010000E-04 -4.94260000E-04  5.83800000E-04
2001-11-05T07:45:43.488  1.64630000E-05 -2.20220000E-04  5.05310000E-04
2001-11-05T07:45:44.488  3.47600000E-06 -1.14280000E-04  4.56370000E-04
2001-11-05T07:45:45.488 -1.70350000E-04 -4.20310000E-04  3.81330000E-04
2001-11-05T07:45:46.488 -7.25150000E-05 -2.44600000E-04  5.90850000E-04
2001-11-05T07:45:47.488 -9.82800000E-05 -3.52570000E-04  4.02030000E-04
2001-11-05T07:45:48.488 -3.90840000E-05 -1.53260000E-04  3.53440000E-04
2001-11-05T07:45:49.488 -1.42970000E-04 -3.34430000E-04  5.49070000E-04
2001-11-05T07:45:50.488 -1.02350000E-04 -2.47360000E-04  4.42650000E-04
2001-11-05T07:45:51.488 -6.55170000E-05 -2.23490000E-04  4.19870000E-04
2001-11-05T07:45:52.488  2.27660000E-05 -2.14290000E-04  5.91880000E-04
2001-11-05T07:45:53.488 -1.27660000E-04 -3.85730000E-04  3.72070000E-04
2001-11-05T07:45:54.488 -1.16790000E-04 -3.52440000E-04  4.41270000E-04
2001-11-05T07:45:55.488 -7.17370000E-05 -1.61980000E-04  4.01040000E-04
2001-11-05T07:45:56.488 -2.42990000E-04 -2.74290000E-04  7.31750000E-04
2001-11-05T07:45:57.488  1.54390000E-04 -1.73620000E-04  3.91670000E-04
2001-11-05T07:45:58.488 -4.35750000E-05 -3.04530000E-04  5.22970000E-04
2001-11-05T07:45:59.488 -9.67630000E-05 -2.38790000E-04  4.40360000E-04
2001-11-05T07:46:00.488 -6.30380000E-05 -1.77870000E-04  2.88050000E-04
2001-11-05T07:46:01.488 -1.57760000E-05 -2.54740000E-04  4.62570000E-04
2001-11-05T07:46:02.488 -8.87040000E-05 -2.22380000E-04  4.69680000E-04
2001-11-05T07:46:03.488 -4.34580000E-05 -3.28260000E-04  3.30970000E-04
2001-11-05T07:46:04.488 -1.65570000E-04 -1.19040000E-04  5.29480000E-04
2001-11-05T07:46:05.488 -2.60970000E-05 -2.87970000E-04  5.06310000E-04
2001-11-05T07:46:06.488  5.07360000E-05 -2.23290000E-04  5.75180000E-04
2001-11-05T07:46:07.488 -1.22650000E-04 -2.53930000E-04  5.73020000E-04
2001-11-05T07:46:08.488 -1.03120000E-04 -1.06730000E-04  3.83840000E-04
2001-11-05T07:46:09.488 -3.34650000E-05 -2.90010000E-04  4.58150000E-04
2001-11-05T07:46:10.488 -1.75720000E-04 -1.72630000E-04  5.51400000E-04
2001-11-05T07:46:11.488 -2.17060000E-06 -3.68390000E-04  3.41330000E-04
2001-11-05T07:46:12.488 -2.21710000E-04 -1.94120000E-04  5.13980000E-04
2001-11-05T07:46:13.488 -3.93850000E-05 -2.19030000E-04  3.20340000E-04
2001-11-05T07:46:14.488 -1.31080000E-04 -1.52760000E-04  4.50270000E-04
2001-11-05T07:46:15.488 -1.07630000E-04 -2.66200000E-04  3.69640000E-04
2001-11-05T07:46:16.488 -2.61670000E-05 -2.34000000E-04  4.64110000E-04
2001-11-05T07:46:17.488 -2.48610000E-05 -2.60320000E-04  4.58850000E-04
2001-11-05T07:46:18.488 -1.75100000E-04 -1.91880000E-04  6.03360000E-04
2001-11-05T07:46:19.488 -2.32380000E-04 -3.14330000E-04  6.97830000E-04
2001-11-05T07:46:20.488  4.61990000E-05 -1.70010000E-04  5.06650000E-04
2001-11-05T07:46:21.488 -2.23760000E-04 -2.92420000E-04  4.04110000E-04
2001-11-05T07:46:22.488  6.48780000E-05 -1.61090000E-04  4.40290000E-04
2001-11-05T07:46:23.488 -2.76250000E-04 -3.86010000E-04  3.87850000E-04
2001-11-05T07:46:24.488 -2.45530000E-05 -1.49830000E-04  3.07430000E-04
2001-11-05T07:46:25.488  7.62160000E-05 -2.89060000E-04  2.30970000E-04
2001-11-05T07:46:26.488 -1.84140000E-04 -4.34370000E-04  5.62880000E-04
2001-11-05T07:46:27.488 -4.70620000E-06 -2.58390000E-04  4.99410000E-04
2001-11-05T07:46:28.488 -2.49450000E-04 -2.89480000E-04  4.53170000E-04
2001-11-05T07:46:29.488  4.45140000E-05 -2.58190000E-04  3.89990000E-04
2001-11-05T07:46:30.488 -2.09580000E-04 -2.61090000E-04  4.21340000E-04
2001-11-05T07:46:31.488  6.35780000E-06 -2.65820000E-04  4.95600000E-04
2001-11-05T07:46:32.488 -1.80530000E-04 -3.98920000E-04  5.25940000E-04
2001-11-05T07:46:33.488 -3.94370000E-05 -1.53300000E-04  2.80400000E-04
2001-11-05T07:46:34.488 -1.65120000E-04 -4.61970000E-04  3.71540000E-04
2001-11-05T07:46:35.488 -4.99340000E-05 -2.77910000E-04  3.60340000E-04
2001-11-05T07:46:36.488 -1.52090000E-04 -2.72600000E-04  5.87480000E-04
2001-11-05T07:46:37.488 -1.04150000E-04 -2.66040000E-04  3.11650000E-04
2001-11-05T07:46:38.488 -3.66770000E-05 -2.59050000E-04  6.47160000E-04
2001-11-05T07:46:39.488 -1.32440000E-04 -2.95930000E-04  4.48090000E-04
2001-11-05T07:46:40.488  1.39660000E-05 -1.59360000E-04  7.18390000E-04
2001-11-05T07:46:41.488 -1.84310000E-04 -3.90720000E-04  3.61050000E-04
2001-11-05T07:46:42.488 -3.67360000E-05 -1.24440000E-04  5.16060000E-04
2001-11-05T07:46:43.488 -2.33730000E-04 -3.17000000E-04  5.78110000E-04
2001-11-05T07:46:44.488 -1.46220000E-06 -1.69410000E-04  4.79770000E-04
2001-11-05T07:46:45.488 -1.88680000E-05 -3.57770000E-04  3.36140000E-04
2001-11-05T07:46:46.488 -1.13370000E-04 -2.85920000E-04  4.41970000E-04
2001-11-05T07:46:47.488 -4.70090000E-05 -2.80740000E-04  4.67250000E-04
2001-11-05T07:46:48.488 -1.47880000E-04 -2.94000000E-04  4.24070000E-04
2001-11-05T07:46:49.488  4.51500000E-05 -1.63610000E-04  3.88430000E-04
2001-11-05T07:46:50.488 -1.08080000E-04 -4.66190000E-04  3.05750000E-04
2001-11-05T07:46:51.488 -4.35850000E-05 -1.43650000E-04  4.58120000E-04
2001-11-05T07:46:52.488 -1.33440000E-04 -3.34890000E-04  4.26280000E-04
2001-11-05T07:46:53.488 -2.18310000E-05 -2.58530000E-04  3.87300000E-04
2001-11-05T07:46:54.488  1.12470000E-06 -2.46630000E-04  4.87330000E-04
2001-11-05T07:46:55.488 -9.42290000E-05 -2.83460000E-04  3.72600000E-04
2001-11-05T07:46:56.488 -1.36480000E-04 -1.64040000E-04  4.29970000E-04
2001-11-05T07:46:57.488 -7.31660000E-05 -3.32250000E-04  5.68310000E-04
2001-11-05T07:46:58.488  8.60800000E-05 -3.14880000E-04  4.40270000E-04
2001-11-05T07:46:59.488 -1.74290000E-04 -2.90510000E-04  4.24950000E-04
2001-11-05T07:47:00.488  9.45300000E-06 -2.05630000E-04  5.49010000E-04
2001-11-05T07:47:01.488 -1.82420000E-04 -2.72910000E-04  1.77990000E-04
2001-11-05T07:47:02.488  4.47540000E-05 -2.21200000E-04  5.14210000E-04
2001-11-05T07:47:03.488 -7.60700000E-05 -2.28170000E-04  6.51100000E-04
2001-11-05T07:47:04.488 -1.32480000E-04 -1.85670000E-04  5.62490000E-04
2001-11-05T07:47:05.488 -3.90730000E-05 -1.40450000E-04  3.33850000E-04
2001-11-05T07:47:06.488 -1.96140000E-04 -3.94280000E-04  5.28280000E-04
2001-11-05T07:47:07.488  1.07360000E-04 -1.42080000E-04  3.49710000E-04
2001-11-05T07:47:08.488 -3.34550000E-04 -2.18520000E-04  5.29600000E-04
2001-11-05T07:47:09.488  1.27290000E-04 -2.80670000E-04  4.63400000E-04
2001-11-05T07:47:10.488 -2.14030000E-04 -1.79440000E-04  3.85920000E-04
2001-11-05T07:47:11.488  1.24390000E-06 -2.95760000E-04  5.58890000E-04
2001-11-05T07:47:12.488 -7.17460000E-05 -1.41200000E-04  3.36270000E-04
2001-11-05T07:47:13.488 -7.79700000E-05 -3.72260000E-04  2.18210000E-04
2001-11-05T07:47:14.488  1.16520000E-05 -1.75560000E-04  8.80310000E-04
2001-11-05T07:47:15.488 -2.64690000E-04 -3.17570000E-04  3.76460000E-04
2001-11-05T07:47:16.488  4.42710000E-05 -2.25860000E-04  6.14370000E-04
2001-11-05T07:47:17.488 -9.47180000E-05 -2.82890000E-04  3.71100000E-04
2001-11-05T07:47:18.488 -1.07810000E-04 -2.33450000E-04  4.87100000E-04
2001-11-05T07:47:19.488 -1.04260000E-04 -2.07440000E-04  6.20350000E-04
2001-11-05T07:47:20.488 -1.28360000E-04 -2.37940000E-04  5.26350000E-04
2001-11-05T07:47:21.488 -5.30160000E-05 -2.04310000E-04  4.30340000E-04
2001-11-05T07:47:22.488 -1.62270000E-04 -4.36040000E-04  3.60220000E-04
2001-11-05T07:47:23.488  1.46920000E-04 -1.10990000E-04  3.12600000E-04
2001-11-05T07:47:24.488 -3.05660000E-04 -3.59730000E-04  4.44450000E-04
2001-11-05T07:47:25.488 -1.44370000E-05 -1.52950000E-04  2.46390000E-04
2001-11-05T07:47:26.488 -2.20230000E-04 -2.58440000E-04  4.91420000E-04
2001-11-05T07:47:27.488  5.49180000E-06 -3.94020000E-04  5.34080000E-04
2001-11-05T07:47:28.488 -2.32560000E-04 -1.61040000E-04  5.18530000E-04
2001-11-05T07:47:29.488 -1.22740000E-04 -2.53520000E-04  4.34470000E-04
2001-11-05T07:47:30.488 -1.02950000E-04 -1.71400000E-04  4.27550000E-04
2001-11-05T07:47:31.488 -7.89350000E-05 -3.96500000E-04  4.81020000E-04
2001-11-05T07:47:32.488  8.72340000E-05 -1.47580000E-04  4.95890000E-04
2001-11-05T07:47:33.488 -2.71120000E-04 -1.96650000E-04  4.05030000E-04
2001-11-05T07:47:34.488 -7.73790000E-05 -1.76000000E-04  8.31800000E-04
2001-11-05T07:47:35.488 -8.68010000E-05 -3.63100000E-04  5.44300000E-04
2001-11-05T07:47:36.488 -1.52180000E-05 -9.75770000E-05  4.76030000E-04
2001-11-05T07:47:37.488 -8.91040000E-06 -1.84280000E-04  4.36890000E-04
2001-11-05T07:47:38.488 -1.33670000E-04 -2.63720000E-04  4.67660000E-04
2001-11-05T07:47:39.488  2.77370000E-05 -2.10620000E-04  4.42750000E-04
2001-11-05T07:47:40.488 -1.90800000E-04 -4.00640000E-04  5.36540000E-04
2001-11-05T07:47:41.488 -4.88590000E-05 -2.07850000E-04  4.73240000E-04
2001-11-05T07:47:42.488 -8.40980000E-05 -3.18090000E-04  3.59020000E-04
2001-11-05T07:47:43.488  1.36040000E-05 -1.39880000E-04  3.81040000E-04
2001-11-05T07:47:44.488 -1.75160000E-04 -1.74690000E-04  1.48530000E-04
2001-11-05T07:47:45.488 -5.99750000E-05 -3.60250000E-04  5.08770000E-04
2001-11-05T07:47:46.488  8.81270000E-06 -2.48550000E-04  3.42720000E-04
2001-11-05T07:47:47.488 -1.19750000E-04 -2.79870000E-04  5.57960000E-04
2001-11-05T07:47:48.488 -1.07450000E-04 -7.94590000E-05  5.21650000E-04
2001-11-05T07:47:49.488 -2.60760000E-04 -4.26360000E-04  4.86440000E-04
2001-11-05T07:47:50.488 -9.35060000E-05 -1.60520000E-04  4.04910000E-04
2001-11-05T07:47:51.488 -1.40560000E-04 -3.29980000E-04  4.08240000E-04
2001-11-05T07:47:52.488 -1.14520000E-04 -2.73440000E-04  5.21040000E-04
2001-11-05T07:47:53.488  1.31890000E-05 -2.27500000E-04  4.07440000E-04
2001-11-05T07:47:54.488 -1.08560000E-04 -2.34360000E-04  5.72190000E-04
2001-11-05T07:47:55.488 -4.02910000E-06 -3.08940000E-04  2.67510000E-04
2001-11-05T07:47:56.488 -2.24010000E-04 -1.54880000E-04  5.11710000E-04
2001-11-05T07:47:57.488  8.25550000E-05 -2.79760000E-04  4.83940000E-04
2001-11-05T07:47:58.488 -1.27480000E-04 -3.19340000E-04  4.78960000E-04
2001-11-05T07:47:59.488 -4.30920000E-06 -2.47430000E-04  2.60700000E-04
2001-11-05T07:48:00.488 -1.19870000E-04 -2.35790000E-04  2.46950000E-04
2001-11-05T07:48:01.488 -4.87780000E-05 -2.75900000E-04  3.40000000E-04
2001-11-05T07:48:02.488 -1.70530000E-04 -4.06250000E-04  5.22140000E-04
2001-11-05T07:48:03.488 -1.54320000E-05 -2.13530000E-04  5.28050000E-04
2001-11-05T07:48:04.488 -8.44110000E-05 -2.85770000E-04  5.69090000E-04
2001-11-05T07:48:05.488 -5.47940000E-05 -2.52170000E-04  5.28270000E-04
2001-11-05T07:48:06.488  2.36060000E-05 -3.11240000E-04  5.00060000E-04
2001-11-05T07:48:07.488 -7.43940000E-05 -2.84300000E-04  2.87420000E-04
2001-11-05T07:48:08.488 -9.49520000E-05 -2.79550000E-04  4.81790000E-04
2001-11-05T07:48:09.488 -8.79850000E-05 -3.13880000E-04  4.71990000E-04
2001-11-05T07:48:10.488 -6.58670000E-05 -1.97050000E-04  6.23170000E-04
2001-11-05T07:48:11.488 -1.05560000E-04 -3.03150000E-04  5.05200000E-04
2001-11-05T07:48:12.488 -3.07520000E-05 -2.22520000E-04  2.91690000E-04
2001-11-05T07:48:13.488 -6.07510000E-05 -2.54490000E-04  3.33270000E-04
2001-11-05T07:48:14.488 -1.53680000E-05 -2.88090000E-04  2.92400000E-04
2001-11-05T07:48:15.488 -6.79570000E-05 -2.68690000E-04  4.40240000E-04
2001-11-05T07:48:16.488 -1.65910000E-04 -2.85620000E-04  7.41920000E-04
2001-11-05T07:48:17.488 -4.47750000E-06 -1.60710000E-04  3.53270000E-04
2001-11-05T07:48:18.488 -1.96270000E-04 -3.54810000E-04  4.15300000E-04
2001-11-05T07:48:19.488 -6.32780000E-05 -6.57200000E-05  6.61480000E-04
2001-11-05T07:48:20.488 -9.56340000E-05 -3.46820000E-04  5.09690000E-04
2001-11-05T07:48:21.488 -2.03260000E-04 -1.70730000E-04  4.58910000E-04
2001-11-05T07:48:22.488 -6.38490000E-05 -2.44530000E-04  3.89000000E-04
2001-11-05T07:48:23.488 -1.95360000E-04 -4.05120000E-04  4.49970000E-04
2001-11-05T07:48:24.488  6.64390000E-06 -1.15620000E-04  4.73680000E-04
2001-11-05T07:48:25.488 -1.20160000E-04 -4.30080000E-04  5.54280000E-04
2001-11-05T07:48:26.488  1.00090000E-05 -9.51030000E-05  4.48800000E-04
2001-11-05T07:48:27.488 -2.63080000E-04 -3.14460000E-04  4.29910000E-04
2001-11-05T07:48:28.488  2.59080000E-05 -2.29720000E-04  4.26210000E-04
2001-11-05T07:48:29.488 -1.66310000E-04 -1.83810000E-04  3.85690000E-04
2001-11-05T07:48:30.488 -8.66760000E-05 -2.40230000E-04  4.53110000E-04
2001-11-05T07:48:31.488 -2.23370000E-06 -2.36920000E-04  2.69720000E-04
2001-11-05T07:48:32.488 -2.45660000E-04 -2.94120000E-04  4.41860000E-04
2001-11-05T07:48:33.488 -8.02770000E-06 -3.03470000E-04  5.56680000E-04
2001-11-05T07:48:34.488 -5.59240000E-05 -2.48290000E-04  5.53120000E-04
2001-11-05T07:48:35.488 -1.37130000E-04 -1.60750000E-04  4.56320000E-04
2001-11-05T07:48:36.488 -1.32440000E-04 -4.23210000E-04  4.24820000E-04
2001-11-05T07:48:37.488  8.34760000E-06 -1.16910000E-04  4.07400000E-04
2001-11-05T07:48:38.488 -1.09400000E-04 -3.02930000E-04  3.68920000E-04
2001-11-05T07:48:39.488 -6.60930000E-05 -2.08430000E-04  4.58270000E-04
2001-11-05T07:48:40.488 -2.76890000E-05 -2.25340000E-04  4.27220000E-04
2001-11-05T07:48:41.488 -1.80350000E-04 -3.34840000E-04  4.54370000E-04
2001-11-05T07:48:42.488  7.55690000E-05 -2.63710000E-04  3.92850000E-04
2001-11-05T07:48:43.488 -4.05230000E-05 -3.08200000E-04  3.36960000E-04
2001-11-05T07:48:44.488 -6.33260000E-05 -1.01640000E-04  5.56840000E-04
2001-11-05T07:48:45.488 -1.19150000E-04 -2.93880000E-04  5.03750000E-04
2001-11-05T07:48:46.488 -4.09000000E-05 -2.28210000E-04  6.26830000E-04
2001-11-05T07:48:47.488 -9.50040000E-05 -3.64200000E-04  3.03370000E-04
2001-11-05T07:48:48.488  3.03180000E-05 -1.84090000E-04  4.74350000E-04
2001-11-05T07:48:49.488 -1.05170000E-04 -3.25790000E-04  3.49340000E-04
2001-11-05T07:48:50.488 -1.38020000E-04 -3.01360000E-04  3.91650000E-04
2001-11-05T07:48:51.488  1.84860000E-06 -2.30590000E-04  5.55090000E-04
2001-11-05T07:48:52.488 -1.08150000E-04 -4.73320000E-04  6.52140000E-04
2001-11-05T07:48:53.488 -1.34270000E-04 -1.48680000E-04  4.86420000E-04
2001-11-05T07:48:54.488 -1.03490000E-04 -1.38690000E-04  4.71210000E-04
2001-11-05T07:48:55.488 -8.75770000E-05 -2.47680000E-04  4.07190000E-04
2001-11-05T07:48:56.488 -3.72880000E-04 -3.43780000E-04  6.17960000E-04
2001-11-05T07:48:57.488 -1.35840000E-05 -1.89600000E-04  5.67940000E-04
2001-11-05T07:48:58.488 -3.77460000E-05 -2.00370000E-04  4.17460000E-04
2001-11-05T07:48:59.488 -1.91980000E-04 -2.28550000E-04  3.47440000E-04
2001-11-05T07:49:00.488 -2.70480000E-05 -1.48820000E-04  5.49160000E-04
2001-11-05T07:49:01.488 -1.99380000E-04 -4.13320000E-04  4.38690000E-04
2001-11-05T07:49:02.488  1.23540000E-04 -2.10290000E-04  4.55850000E-04
2001-11-05T07:49:03.488 -2.38740000E-04 -3.38120000E-04  3.82370000E-04
2001-11-05T07:49:04.488  6.52880000E-06 -1.85570000E-04  5.59560000E-04
2001-11-05T07:49:05.488 -2.55660000E-04 -3.68480000E-04  5.57160000E-04
2001-11-05T07:49:06.488  3.99040000E-05 -1.48210000E-04  3.37990000E-04
2001-11-05T07:49:07.488 -2.13080000E-04 -3.11440000E-04  5.41870000E-04
2001-11-05T07:49:08.488 -5.09360000E-05 -2.63310000E-04  4.30360000E-04
2001-11-05T07:49:09.488 -4.65990000E-05 -2.63270000E-04  3.30190000E-04
2001-11-05T07:49:10.488 -1.68650000E-04 -2.57360000E-04  4.09840000E-04
2001-11-05T07:49:11.488 -4.04060000E-05 -1.39110000E-04  4.76930000E-04
2001-11-05T07:49:12.488 -9.77230000E-05 -2.99580000E-04  5.09680000E-04
2001-11-05T07:49:13.488  1.71220000E-05 -7.60790000E-05  3.41830000E-04
2001-11-05T07:49:14.488 -9.47080000E-05 -2.76370000E-04  4.72000000E-04
2001-11-05T07:49:15.488 -1.21250000E-05 -2.64220000E-04  4.01560000E-04
2001-11-05T07:49:16.488 -3.10420000E-05 -1.90420000E-04  2.87150000E-04
2001-11-05T07:49:17.488 -1.44890000E-04 -2.49370000E-04  4.18760000E-04
2001-11-05T07:49:18.488 -8.94350000E-05 -1.71010000E-04  4.50830000E-04
2001-11-05T07:49:19.488 -1.23430000E-04 -3.22490000E-04  3.80290000E-04
2001-11-05T07:49:20.488 -3.98420000E-05 -4.28590000E-05  5.40120000E-04
2001-11-05T07:49:21.488 -2.11460000E-04 -3.25550000E-04  4.79370000E-04
2001-11-05T07:49:22.488 -3.45410000E-05 -2.18300000E-04  4.24990000E-04
2001-11-05T07:49:23.488 -1.21150000E-04 -7.46260000E-05  3.57550000E-04
2001-11-05T07:49:24.488 -1.03050000E-04 -2.62130000E-04  5.78960000E-04
2001-11-05T07:49:25.488  4.98030000E-05 -1.32450000E-04  4.29050000E-04
2001-11-05T07:49:26.488 -2.65550000E-04 -2.35950000E-04  6.45240000E-04
2001-11-05T07:49:27.488 -5.84510000E-05 -2.17280000E-04  3.24950000E-04
2001-11-05T07:49:28.488 -1.53370000E-04 -1.74240000E-04  4.48880000E-04
2001-11-05T07:49:29.488  1.64910000E-05 -1.28030000E-04  1.98790000E-04
2001-11-05T07:49:30.488 -2.61630000E-05 -1.61110000E-04  6.34250000E-04
2001-11-05T07:49:31.488 -9.44750000E-05 -4.11160000E-05  4.86920000E-04
2001-11-05T07:49:32.488 -5.75660000E-05 -2.25160000E-04  5.49350000E-04
2001-11-05T07:49:33.488 -5.17480000E-06 -6.01830000E-05  2.94490000E-04
2001-11-05T07:49:34.488 -1.01790000E-04 -1.56350000E-04  6.05250000E-04
2001-11-05T07:49:35.488 -5.82280000E-05 -6.05750000E-05  3.88870000E-04
2001-11-05T07:49:36.488 -1.22660000E-04 -8.38020000E-05  6.66300000E-04
2001-11-05T07:49:37.488  3.74250000E-05 -5.24080000E-06  3.23620000E-04
2001-11-05T07:49:38.488 -1.16870000E-04 -2.08580000E-04  4.64540000E-04
2001-11-05T07:49:39.488 -3.06090000E-05  1.17780000E-06  5.09180000E-04
2001-11-05T07:49:40.488 -1.59220000E-04 -2.51210000E-05  3.93100000E-04
2001-11-05T07:49:41.488 -4.16440000E-05 -6.38580000E-05  2.29900000E-04
2001-11-05T07:49:42.488  1.90760000E-05  1.71550000E-04  5.91680000E-04
2001-11-05T07:49:43.488 -1.38200000E-04 -9.38700000E-05  4.05090000E-04
2001-11-05T07:49:44.488 -1.06850000E-04 -7.72920000E-05  6.04470000E-04
2001-11-05T07:49:45.488 -9.86970000E-05  1.42840000E-04  6.64550000E-04
2001-11-05T07:49:46.488 -2.16660000E-04 -5.45440000E-05  4.62670000E-04
2001-11-05T07:49:47.488 -5.06270000E-05  2.03620000E-04  6.07810000E-04
2001-11-05T07:49:48.488 -2.04550000E-05  6.25220000E-05  2.27470000E-04
2001-11-05T07:49:49.488 -1.87610000E-04  3.63370000E-05  4.36120000E-04
2001-11-05T07:49:50.488  3.48420000E-05  2.40230000E-04  6.72130000E-04
2001-11-05T07:49:51.488 -1.25190000E-04  4.33340000E-06  3.50000000E-04
2001-11-05T07:49:52.488 -1.09150000E-04  2.15870000E-04  5.46340000E-04
2001-11-05T07:49:53.488  6.93170000E-06  1.99870000E-04  5.28470000E-04
2001-11-05T07:49:54.488 -1.57930000E-04  7.85630000E-05  4.67580000E-04
2001-11-05T07:49:55.488 -1.49050000E-04  2.53620000E-04  4.24520000E-04
2001-11-05T07:49:56.488  1.61230000E-04  3.08070000E-04  4.20730000E-04
2001-11-05T07:49:57.488 -3.29560000E-04  1.20350000E-04  3.38870000E-04
2001-11-05T07:49:58.488  4.17220000E-05  4.04150000E-04  5.36470000E-04
2001-11-05T07:49:59.488 -1.07460000E-04  3.30500000E-04  3.81350000E-04
2001-11-05T07:50:00.488 -4.85400000E-05  2.66010000E-04  6.31860000E-04
2001-11-05T07:50:01.488 -2.43910000E-04  2.91190000E-04  4.40770000E-04
2001-11-05T07:50:02.488  1.31920000E-05  4.34080000E-04  5.93820000E-04
2001-11-05T07:50:03.488 -5.26830000E-05  3.56710000E-04  5.99450000E-04
2001-11-05T07:50:04.488 -2.46470000E-04  2.72230000E-04  4.92750000E-04
2001-11-05T07:50:05.488  9.87940000E-06  3.74280000E-04  3.75490000E-04
2001-11-05T07:50:06.488 -6.45120000E-05  2.86150000E-04  5.95780000E-04
2001-11-05T07:50:07.488 -1.91120000E-04  3.52870000E-04  1.22710000E-04
2001-11-05T07:50:08.488 -6.04530000E-05  2.68100000E-04  5.60380000E-04
2001-11-05T07:50:09.488  1.65180000E-04  4.39750000E-04  4.01810000E-04
2001-11-05T07:50:10.488 -2.23790000E-04  5.38240000E-04  6.98060000E-04
2001-11-05T07:50:11.488  1.65690000E-05  5.16560000E-04  5.02640000E-04
2001-11-05T07:50:12.488 -1.29040000E-04  4.63040000E-04  4.84550000E-04
2001-11-05T07:50:13.488 -1.26050000E-04  4.81420000E-04  4.22780000E-04
2001-11-05T07:50:14.488 -1.43360000E-04  5.14020000E-04  4.28110000E-04
2001-11-05T07:50:15.488 -8.41200000E-05  7.23220000E-04  6.46080000E-04
2001-11-05T07:50:16.488 -9.73210000E-05  5.07160000E-04  4.58770000E-04
2001-11-05T07:50:17.488 -8.71960000E-06  5.57340000E-04  4.71110000E-04
2001-11-05T07:50:18.488 -2.75990000E-04  5.10830000E-04  5.93660000E-04
2001-11-05T07:50:19.488 -1.45290000E-04  6.51180000E-04  5.27440000E-04
2001-11-05T07:50:20.488  9.05990000E-05  7.43280000E-04  3.47790000E-04
2001-11-05T07:50:21.488 -1.39750000E-04  8.38900000E-04  5.49900000E-04
2001-11-05T07:50:22.488 -7.11620000E-05  8.42430000E-04  7.37060000E-04
2001-11-05T07:50:23.488 -7.44550000E-05  8.61810000E-04  5.71410000E-04
2001-11-05T07:50:24.488 -1.70660000E-04  7.91510000E-04  5.84710000E-04
2001-11-05T07:50:25.488 -1.08450000E-05  8.96930000E-04  3.42160000E-04
2001-11-05T07:50:26.488 -1.18840000E-04  6.99160000E-04  6.68100000E-04
2001-11-05T07:50:27.488 -1.04810000E-04  8.86070000E-04  1.31780000E-04
2001-11-05T07:50:28.488  4.30950000E-05  7.78980000E-04  6.87600000E-04
2001-11-05T07:50:29.488 -1.54300000E-04  9.09180000E-04  5.22070000E-04
2001-11-05T07:50:30.488 -1.41530000E-04  7.00510000E-04  4.79950000E-04
2001-11-05T07:50:31.488 -2.08520000E-05  8.57630000E-04  2.32300000E-04
2001-11-05T07:50:32.488  7.97110000E-06  8.73530000E-04  5.88320000E-04
2001-11-05T07:50:33.488  5.39930000E-07  1.12920000E-03  5.10650000E-04
2001-11-05T07:50:34.488 -5.22650000E-05  1.21110000E-03  6.44900000E-04
2001-11-05T07:50:35.488 -1.58880000E-04  1.51440000E-03  6.04580000E-04
2001-11-05T07:50:36.488 -1.18700000E-04  1.31220000E-03  4.68960000E-04
2001-11-05T07:50:37.488 -5.90430000E-05  1.49350000E-03  6.38750000E-04
2001-11-05T07:50:38.488 -6.33880000E-05  1.24150000E-03  5.33490000E-04
2001-11-05T07:50:39.488 -1.05210000E-04  1.36450000E-03  4.99740000E-04
2001-11-05T07:50:40.488 -4.03740000E-05  1.28670000E-03  3.41330000E-04
2001-11-05T07:50:41.488 -1.13180000E-05  1.36960000E-03  3.56960000E-04
2001-11-05T07:50:42.488 -9.63590000E-05  1.43960000E-03  4.65770000E-04
2001-11-05T07:50:43.488  6.41560000E-05  1.98590000E-03  6.45400000E-04
2001-11-05T07:50:44.488 -1.42740000E-04  2.12690000E-03  7.45720000E-04
2001-11-05T07:50:45.488  1.81650000E-05  2.40210000E-03  3.86360000E-04
2001-11-05T07:50:46.488 -1.94030000E-04  2.44780000E-03  4.21240000E-04
2001-11-05T07:50:47.488 -3.35690000E-05  2.34600000E-03  4.82270000E-04
2001-11-05T07:50:48.488  1.99440000E-05  2.59200000E-03  5.88050000E-04
2001-11-05T07:50:49.488 -8.14220000E-05  2.78950000E-03  6.52430000E-04
2001-11-05T07:50:50.488 -1.78510000E-04  3.07490000E-03  7.12230000E-04
2001-11-05T07:50:51.488  3.56070000E-05  2.96030000E-03  3.85200000E-04
2001-11-05T07:50:52.488 -8.20440000E-06  3.23980000E-03  5.17030000E-04
2001-11-05T07:50:53.488 -1.83890000E-04  3.45030000E-03  7.81320000E-04
2001-11-05T07:50:54.488  1.07260000E-04  3.79190000E-03  6.71280000E-04
2001-11-05T07:50:55.488 -2.87560000E-04  4.01130000E-03  5.58610000E-04
2001-11-05T07:50:56.488 -7.58760000E-06  4.39860000E-03  7.00110000E-04
2001-11-05T07:50:57.488  2.30360000E-05  4.59720000E-03  5.04820000E-04
2001-11-05T07:50:58.488 -1.91840000E-04  4.50900000E-03  6.42960000E-04
2001-11-05T07:50:59.488 -1.01680000E-04  4.99330000E-03  7.16040000E-04
2001-11-05T07:51:00.488  1.59330000E-04  4.90170000E-03  4.73870000E-04
2001-11-05T07:51:01.488 -2.23800000E-04  4.86540000E-03  6.61730000E-04
2001-11-05T07:51:02.488 -1.57300000E-04  4.71390000E-03  6.98400000E-04
2001-11-05T07:51:03.488 -8.37220000E-05  4.70390000E-03  6.23500000E-04
2001-11-05T07:51:04.488 -2.15860000E-05  4.83270000E-03  9.74030000E-04
2001-11-05T07:51:05.488 -3.90110000E-04  5.60880000E-03  6.16940000E-04
2001-11-05T07:51:06.488  5.53130000E-05  6.58700000E-03  5.57760000E-04
2001-11-05T07:51:07.488 -1.71700000E-04  7.21560000E-03  4.16180000E-04
2001-11-05T07:51:08.488 -1.23160000E-04  6.80030000E-03  7.44490000E-04
2001-11-05T07:51:09.488 -1.70670000E-04  6.99980000E-03  7.40840000E-04
2001-11-05T07:51:10.488 -2.32950000E-04  7.35870000E-03  9.69860000E-04
2001-11-05T07:51:11.488 -1.53540000E-04  8.14880000E-03  6.52010000E-04
2001-11-05T07:51:12.488 -1.60160000E-04  8.04210000E-03  7.53010000E-04
2001-11-05T07:51:13.488 -1.45550000E-04  7.65440000E-03  1.05810000E-03
2001-11-05T07:51:14.488 -2.25630000E-04  7.17290000E-03  9.14200000E-04
2001-11-05T07:51:15.488 -2.39070000E-04  6.88760000E-03  8.88080000E-04
2001-11-05T07:51:16.488 -2.06160000E-04  6.22510000E-03  6.69160000E-04
2001-11-05T07:51:17.488 -1.16320000E-04  6.16970000E-03  6.13040000E-04
2001-11-05T07:51:18.488 -3.02940000E-04  6.60770000E-03  7.19110000E-04
2001-11-05T07:51:19.488 -1.32200000E-04  6.80550000E-03  7.67880000E-04
2001-11-05T07:51:20.488 -2.30500000E-04  6.53330000E-03  8.55100000E-04
2001-11-05T07:51:21.488 -1.74440000E-04  6.03500000E-03  6.56320000E-04
2001-11-05T07:51:22.488 -1.22700000E-04  6.60020000E-03  6.48970000E-04
2001-11-05T07:51:23.488 -2.75730000E-04  6.01540000E-03  1.20650000E-03
2001-11-05T07:51:24.488 -1.59930000E-04  6.93250000E-03  6.97910000E-04
2001-11-05T07:51:25.488 -1.70690000E-04  7.92370000E-03  7.06440000E-04
2001-11-05T07:51:26.488 -1.81530000E-04  6.09280000E-03  6.35990000E-04
2001-11-05T07:51:27.488 -3.51930000E-05  6.18760000E-03  7.99380000E-04
2001-11-05T07:51:28.488 -1.70170000E-04  7.22210000E-03  1.17290000E-03
2001-11-05T07:51:29.488 -2.81370000E-04  9.04570000E-03  9.06640000E-04
2001-11-05T07:51:30.488 -1.47690000E-04  9.49550000E-03  1.01270000E-03
2001-11-05T07:51:31.488 -2.81870000E-04  9.36860000E-03  8.76340000E-04
2001-11-05T07:51:32.488 -7.80830000E-05  8.64100000E-03  8.53930000E-04
2001-11-05T07:51:33.488 -3.35110000E-04  9.24850000E-03  9.90370000E-04
2001-11-05T07:51:34.488 -5.47330000E-06  8.58970000E-03  1.14280000E-03
2001-11-05T07:51:35.488 -2.78640000E-04  8.22270000E-03  1.02830000E-03
2001-11-05T07:51:36.488 -1.93210000E-04  8.53170000E-03  7.88280000E-04
2001-11-05T07:51:37.488 -7.88380000E-05  8.51800000E-03  8.14840000E-04
2001-11-05T07:51:38.488 -1.74510000E-04  8.53490000E-03  9.46320000E-04
2001-11-05T07:51:39.488  1.38970000E-05  9.73580000E-03  1.01850000E-03
2001-11-05T07:51:40.488 -2.60990000E-04  1.02690000E-02  1.08050000E-03
2001-11-05T07:51:41.488 -2.60920000E-04  9.81910000E-03  8.78240000E-04
2001-11-05T07:51:42.488 -2.45790000E-04  9.93120000E-03  1.00160000E-03
2001-11-05T07:51:43.488 -4.17970000E-05  1.00490000E-02  1.26030000E-03
2001-11-05T07:51:44.488  6.00420000E-05  9.75960000E-03  7.08050000E-04
2001-11-05T07:51:45.488 -2.17710000E-04  1.02130000E-02  1.02620000E-03
2001-11-05T07:51:46.488 -3.62600000E-04  1.07190000E-02  8.37560000E-04
2001-11-05T07:51:47.488  1.25030000E-04  1.13360000E-02  9.83950000E-04
2001-11-05T07:51:48.488 -8.47980000E-05  1.20590000E-02  1.29480000E-03
2001-11-05T07:51:49.488 -5.03720000E-05  1.31800000E-02  7.57860000E-04
2001-11-05T07:51:50.488 -3.81550000E-04  1.13770000E-02  1.15350000E-03
2001-11-05T07:51:51.488 -2.04810000E-04  1.12900000E-02  9.90090000E-04
2001-11-05T07:51:52.488 -2.36270000E-05  1.14990000E-02  8.84430000E-04
2001-11-05T07:51:53.488 -3.38690000E-04  1.10350000E-02  9.14080000E-04
2001-11-05T07:51:54.488  1.18970000E-04  1.17700000E-02  6.87810000E-04
2001-11-05T07:51:55.488 -6.08230000E-04  1.15230000E-02  8.30010000E-04
2001-11-05T07:51:56.488 -1.52860000E-04  1.19900000E-02  1.22510000E-03
2001-11-05T07:51:57.488 -3.01530000E-04  1.31490000E-02  9.40560000E-04
2001-11-05T07:51:58.488 -7.05560000E-05  1.24530000E-02  7.34270000E-04
2001-11-05T07:51:59.488 -3.97730000E-04  1.14860000E-02  9.42720000E-04
2001-11-05T07:52:00.488 -2.69690000E-04  1.00630000E-02  8.63840000E-04
2001-11-05T07:52:01.488 -3.42750000E-04  1.08780000E-02  7.14640000E-04
2001-11-05T07:52:02.488 -2.83450000E-04  1.09630000E-02  8.63400000E-04
2001-11-05T07:52:03.488 -1.94100000E-04  1.14980000E-02  8.00920000E-04
2001-11-05T07:52:04.488 -7.08090000E-04  1.30840000E-02  8.13800000E-04
2001-11-05T07:52:05.488  2.10020000E-04  1.65140000E-02  8.60890000E-04
2001-11-05T07:52:06.488 -4.78630000E-04  1.30300000E-02  1.08000000E-03
2001-11-05T07:52:07.488 -6.20570000E-04  1.28490000E-02  8.02970000E-04
2001-11-05T07:52:08.488 -1.28350000E-04  1.19950000E-02  8.89170000E-04
2001-11-05T07:52:09.488 -3.09600000E-04  1.17830000E-02  9.40620000E-04
2001-11-05T07:52:10.488 -1.02590000E-04  1.22880000E-02  1.11100000E-03
2001-11-05T07:52:11.488 -7.03660000E-04  1.15830000E-02  8.45500000E-04
2001-11-05T07:52:12.488 -3.16320000E-04  1.25720000E-02  8.56620000E-04
2001-11-05T07:52:13.488 -2.05300000E-04  1.22220000E-02  8.14870000E-04
2001-11-05T07:52:14.488 -1.75750000E-04  1.24690000E-02  1.02990000E-03
2001-11-05T07:52:15.488 -6.12080000E-05  1.34950000E-02  1.30440000E-03
2001-11-05T07:52:16.488 -5.05290000E-04  1.33030000E-02  7.72030000E-04
2001-11-05T07:52:17.488 -3.41530000E-04  1.32090000E-02  9.35450000E-04
2001-11-05T07:52:18.488 -1.75660000E-04  1.32100000E-02  1.38340000E-03
2001-11-05T07:52:19.488 -3.01930000E-04  1.29710000E-02  1.02350000E-03
2001-11-05T07:52:20.488 -4.17480000E-04  1.42350000E-02  9.54820000E-04
2001-11-05T07:52:21.488 -1.42390000E-04  1.36850000E-02  9.16900000E-04
2001-11-05T07:52:22.488 -4.15230000E-04  1.18300000E-02  1.20160000E-03
2001-11-05T07:52:23.488 -4.35530000E-06  1.24870000E-02  1.18120000E-03
2001-11-05T07:52:24.488 -6.05870000E-04  1.18620000E-02  9.72130000E-04
2001-11-05T07:52:25.488  2.23800000E-04  1.17750000E-02  1.05180000E-03
2001-11-05T07:52:26.488 -1.07310000E-04  1.12210000E-02  1.00470000E-03
2001-11-05T07:52:27.488 -1.84740000E-05  1.06720000E-02  1.25010000E-03
2001-11-05T07:52:28.488 -1.99070000E-04  1.09650000E-02  1.02640000E-03
2001-11-05T07:52:29.488 -3.41010000E-04  1.13970000E-02  8.60420000E-04
2001-11-05T07:52:30.488 -6.32470000E-05  1.31190000E-02  1.25490000E-03
2001-11-05T07:52:31.488  5.67660000E-05  1.22090000E-02  1.08020000E-03
2001-11-05T07:52:32.488  2.27630000E-06  1.18300000E-02  9.70710000E-04
2001-11-05T07:52:33.488 -1.96960000E-04  1.10040000E-02  1.05720000E-03
2001-11-05T07:52:34.488 -3.36870000E-05  1.12030000E-02  1.09930000E-03
2001-11-05T07:52:35.488  3.23910000E-05  1.02770000E-02  1.33740000E-03
2001-11-05T07:52:36.488 -1.15680000E-04  9.53420000E-03  9.28150000E-04
2001-11-05T07:52:37.488 -2.15180000E-04  9.96550000E-03  7.06250000E-04
2001-11-05T07:52:38.488 -2.76930000E-05  8.78200000E-03  1.08630000E-03
2001-11-05T07:52:39.488 -2.07570000E-05  8.65090000E-03  1.02380000E-03
2001-11-05T07:52:40.488  9.90240000E-05  8.76690000E-03  8.15350000E-04
2001-11-05T07:52:41.488 -2.27390000E-04  9.65940000E-03  9.95640000E-04
2001-11-05T07:52:42.488 -6.97390000E-05  1.04800000E-02  9.23630000E-04
2001-11-05T07:52:43.488 -1.74230000E-04  1.08290000E-02  1.21760000E-03
2001-11-05T07:52:44.488 -3.70450000E-04  1.07150000E-02  9.50550000E-04
2001-11-05T07:52:45.488 -1.31260000E-04  1.05760000E-02  7.48420000E-04
2001-11-05T07:52:46.488 -1.01770000E-04  1.01130000E-02  1.13030000E-03
2001-11-05T07:52:47.488 -1.28440000E-04  9.55090000E-03  9.58330000E-04
2001-11-05T07:52:48.488 -1.50800000E-04  8.09260000E-03  8.47060000E-04
2001-11-05T07:52:49.488 -2.87380000E-04  4.90540000E-03  6.86870000E-04
2001-11-05T07:52:50.488 -2.70210000E-04  3.79100000E-03  4.69040000E-04
2001-11-05T07:52:51.488 -2.39630000E-04  5.99090000E-03  8.38890000E-04
2001-11-05T07:52:52.488 -1.73480000E-04  7.23650000E-03  7.64070000E-04
2001-11-05T07:52:53.488 -9.25900000E-05  7.47420000E-03  1.04970000E-03
2001-11-05T07:52:54.488 -2.34090000E-04  7.83800000E-03  6.06640000E-04
2001-11-05T07:52:55.488 -2.87410000E-05  9.14170000E-03  7.98440000E-04
2001-11-05T07:52:56.488 -2.64450000E-04  9.09810000E-03  8.68880000E-04
2001-11-05T07:52:57.488 -4.07610000E-04  8.84360000E-03  6.27240000E-04
2001-11-05T07:52:58.488 -1.37080000E-04  9.23070000E-03  8.11710000E-04
2001-11-05T07:52:59.488 -6.98640000E-05  9.23920000E-03  9.53700000E-04
2001-11-05T07:53:00.488 -1.89540000E-04  9.02560000E-03  1.03800000E-03
2001-11-05T07:53:01.488 -3.57340000E-04  8.94770000E-03  7.61730000E-04
2001-11-05T07:53:02.488 -1.81500000E-04  8.82190000E-03  6.94690000E-04
2001-11-05T07:53:03.488 -3.33550000E-04  8.22040000E-03  6.58860000E-04
2001-11-05T07:53:04.488 -6.86250000E-05  7.85630000E-03  8.67130000E-04
2001-11-05T07:53:05.488 -7.66850000E-05  6.81600000E-03  8.82810000E-04
2001-11-05T07:53:06.488 -1.84800000E-04  6.99690000E-03  7.49950000E-04
2001-11-05T07:53:07.488 -3.09780000E-04  6.75800000E-03  6.58820000E-04
2001-11-05T07:53:08.488 -1.72230000E-05  6.64820000E-03  5.42260000E-04
2001-11-05T07:53:09.488 -1.28910000E-04  6.82530000E-03  6.28540000E-04
2001-11-05T07:53:10.488 -1.45280000E-04  7.08130000E-03  5.77270000E-04
2001-11-05T07:53:11.488 -1.23620000E-04  6.89060000E-03  5.96100000E-04
2001-11-05T07:53:12.488 -2.88120000E-04  6.75340000E-03  6.92610000E-04
2001-11-05T07:53:13.488 -3.24590000E-05  6.32360000E-03  6.67520000E-04
2001-11-05T07:53:14.488 -1.92550000E-04  5.67250000E-03  5.70010000E-04
2001-11-05T07:53:15.488 -2.46100000E-04  4.72230000E-03  9.76680000E-04
2001-11-05T07:53:16.488  4.00260000E-05  3.60750000E-03  4.30000000E-04
2001-11-05T07:53:17.488 -1.29440000E-04  2.50700000E-03  8.32040000E-04
2001-11-05T07:53:18.488 -1.93160000E-04  2.20030000E-03  5.38090000E-04
2001-11-05T07:53:19.488 -1.57460000E-04  2.00660000E-03  5.31250000E-04
2001-11-05T07:53:20.488 -3.83710000E-05  1.84610000E-03  5.57120000E-04
2001-11-05T07:53:21.488 -1.87850000E-04  2.12370000E-03  4.30430000E-04
2001-11-05T07:53:22.488 -1.23750000E-05  3.59370000E-03  5.81610000E-04
2001-11-05T07:53:23.488 -1.30610000E-04  4.14730000E-03  6.96330000E-04
2001-11-05T07:53:24.488 -5.92340000E-05  4.81300000E-03  7.47570000E-04
2001-11-05T07:53:25.488 -1.15110000E-04  4.98360000E-03  5.51960000E-04
2001-11-05T07:53:26.488 -1.94250000E-04  4.78030000E-03  6.45070000E-04
2001-11-05T07:53:27.488  2.28950000E-06  4.37070000E-03  3.93600000E-04
2001-11-05T07:53:28.488 -3.78490000E-05  3.93860000E-03  9.47500000E-04
2001-11-05T07:53:29.488 -1.24430000E-04  3.17730000E-03  5.56790000E-04
2001-11-05T07:53:30.488 -1.07540000E-04  2.44610000E-03  7.62690000E-04
2001-11-05T07:53:31.488  3.92560000E-05  1.40590000E-03  6.22510000E-04
2001-11-05T07:53:32.488 -1.80760000E-04  1.12500000E-03  5.81560000E-04
2001-11-05T07:53:33.488  2.36860000E-05  1.01460000E-03  3.88620000E-04
2001-11-05T07:53:34.488 -4.73580000E-05  9.77480000E-04  5.56150000E-04
2001-11-05T07:53:35.488 -9.56530000E-05  9.01140000E-04  5.28570000E-04
2001-11-05T07:53:36.488 -7.67790000E-05  1.16460000E-03  5.46400000E-04
2001-11-05T07:53:37.488  1.06190000E-04  1.84400000E-03  5.26300000E-04
2001-11-05T07:53:38.488  6.37710000E-05  1.92010000E-03  5.94990000E-04
2001-11-05T07:53:39.488 -7.65170000E-05  1.97850000E-03  6.64910000E-04
2001-11-05T07:53:40.488 -5.03330000E-05  1.81410000E-03  6.79940000E-04
2001-11-05T07:53:41.488  3.04500000E-05  1.72530000E-03  4.90590000E-04
2001-11-05T07:53:42.488 -1.88420000E-04  1.61540000E-03  5.43670000E-04
2001-11-05T07:53:43.488  5.92700000E-05  1.79660000E-03  6.78670000E-04
2001-11-05T07:53:44.488 -4.43250000E-05  1.77550000E-03  5.51920000E-04
2001-11-05T07:53:45.488  2.01970000E-06  1.91500000E-03  5.26020000E-04
2001-11-05T07:53:46.488 -1.54460000E-04  1.45980000E-03  4.49470000E-04
2001-11-05T07:53:47.488  3.88540000E-05  1.04500000E-03  6.30240000E-04
2001-11-05T07:53:48.488 -4.86050000E-06  1.14830000E-03  4.67750000E-04
2001-11-05T07:53:49.488 -2.36110000E-05  9.14900000E-04  5.71130000E-04
2001-11-05T07:53:50.488 -2.37900000E-05  9.05440000E-04  7.14960000E-04
2001-11-05T07:53:51.488  7.25620000E-05  7.92190000E-04  5.58690000E-04
2001-11-05T07:53:52.488 -1.55580000E-04  6.71510000E-04  6.70550000E-04
2001-11-05T07:53:53.488 -6.10300000E-05  6.24010000E-04  3.30510000E-04
2001-11-05T07:53:54.488 -3.12840000E-05  7.37670000E-04  6.84220000E-04
2001-11-05T07:53:55.488 -3.73670000E-05  1.06340000E-03  2.17200000E-04
2001-11-05T07:53:56.488 -6.03540000E-05  1.03530000E-03  5.32080000E-04
2001-11-05T07:53:57.488  4.95020000E-05  7.37650000E-04  5.82930000E-04
2001-11-05T07:53:58.488 -8.18700000E-05  7.97170000E-04  4.82620000E-04
2001-11-05T07:53:59.488 -6.53610000E-05  5.11420000E-04  6.87520000E-04
2001-11-05T07:54:00.488  4.04170000E-05  5.25200000E-04  6.28270000E-04
2001-11-05T07:54:01.488 -8.96240000E-05  4.13890000E-04  3.88750000E-04
2001-11-05T07:54:02.488 -9.84000000E-05  2.36110000E-04  3.93410000E-04
2001-11-05T07:54:03.488 -9.71600000E-05  3.31180000E-04  3.97120000E-04
2001-11-05T07:54:04.488 -1.27010000E-06  3.73730000E-04  4.02650000E-04
2001-11-05T07:54:05.488 -3.71460000E-05  3.49110000E-04  3.04200000E-04
2001-11-05T07:54:06.488 -6.44000000E-05  3.15980000E-04  4.94860000E-04
2001-11-05T07:54:07.488 -1.55840000E-04  4.09370000E-04  4.93740000E-04
2001-11-05T07:54:08.488  3.50280000E-05  2.49690000E-04  5.29810000E-04
2001-11-05T07:54:09.488 -1.33730000E-04  3.94500000E-04  4.81600000E-04
2001-11-05T07:54:10.488  3.75360000E-05  1.84670000E-04  9.58290000E-04
2001-11-05T07:54:11.488  6.54520000E-05  3.00400000E-04  5.53730000E-04
2001-11-05T07:54:12.488 -1.27730000E-04  1.05080000E-04  3.48450000E-04
2001-11-05T07:54:13.488 -4.77320000E-05  1.56250000E-04  5.55110000E-04
2001-11-05T07:54:14.488 -6.17670000E-05  1.74070000E-04  5.21280000E-04
2001-11-05T07:54:15.488 -1.02490000E-04  1.31720000E-04  4.20600000E-04
2001-11-05T07:54:16.488  1.12350000E-04  1.93450000E-04  5.57330000E-04
2001-11-05T07:54:17.488 -5.54700000E-05  2.46560000E-04  3.37480000E-04
2001-11-05T07:54:18.488 -1.11670000E-04  1.46070000E-05  6.31550000E-04
2001-11-05T07:54:19.488  1.10400000E-05  6.21110000E-05  5.60150000E-04
2001-11-05T07:54:20.488 -4.76720000E-05  6.53100000E-05  5.20520000E-04
2001-11-05T07:54:21.488 -1.41170000E-05  6.90870000E-05  4.20960000E-04
2001-11-05T07:54:22.488 -4.76430000E-05 -1.53540000E-04  3.58000000E-04
2001-11-05T07:54:23.488 -1.16990000E-05  6.95620000E-05  5.82090000E-04
2001-11-05T07:54:24.488 -9.85710000E-06  2.54380000E-05  4.70660000E-04
2001-11-05T07:54:25.488 -5.41030000E-05 -2.00060000E-05  6.98310000E-04
2001-11-05T07:54:26.488 -8.59930000E-05 -6.08060000E-05  2.89610000E-04
2001-11-05T07:54:27.488 -5.47700000E-05  1.05510000E-04  5.02460000E-04
2001-11-05T07:54:28.488 -3.79730000E-05 -3.34190000E-05  5.26560000E-04
2001-11-05T07:54:29.488 -6.34690000E-05 -6.13530000E-05  2.02150000E-04
2001-11-05T07:54:30.488 -1.10660000E-05 -7.21340000E-05  6.33370000E-04
2001-11-05T07:54:31.488 -7.96790000E-05 -9.81410000E-05  4.24380000E-04
2001-11-05T07:54:32.488 -1.53780000E-04 -6.12880000E-05  5.46710000E-04
2001-11-05T07:54:33.488 -3.98760000E-06 -1.35440000E-04  5.30970000E-04
2001-11-05T07:54:34.488 -1.95910000E-04 -6.59830000E-05  5.47670000E-04
2001-11-05T07:54:35.488  6.50360000E-05 -5.18530000E-05  6.17180000E-04
2001-11-05T07:54:36.488 -8.33560000E-05 -6.95530000E-05  3.37790000E-04
2001-11-05T07:54:37.488 -1.60660000E-04 -6.18140000E-05  4.60900000E-04
2001-11-05T07:54:38.488  4.31830000E-06  5.42590000E-05  6.46780000E-04
2001-11-05T07:54:39.488 -4.16940000E-05 -9.22180000E-05  2.03570000E-04
2001-11-05T07:54:40.488 -6.04030000E-05 -1.36200000E-04  4.88320000E-04
2001-11-05T07:54:41.488  1.21240000E-05  2.71460000E-05  4.50230000E-04
2001-11-05T07:54:42.488 -1.63710000E-04 -1.70510000E-04  5.62630000E-04
2001-11-05T07:54:43.488  6.32310000E-06 -1.60840000E-06  5.70750000E-04
2001-11-05T07:54:44.488 -1.98670000E-04 -7.69890000E-05  5.17570000E-04
2001-11-05T07:54:45.488 -8.48760000E-05 -1.59490000E-05  3.34750000E-04
2001-11-05T07:54:46.488 -4.43670000E-05 -7.12710000E-05  5.85340000E-04
2001-11-05T07:54:47.488 -2.06270000E-04 -1.62030000E-04  3.33160000E-04
2001-11-05T07:54:48.488  3.42400000E-05  1.37310000E-06  7.61130000E-04
2001-11-05T07:54:49.488 -1.50700000E-04 -2.59430000E-04  5.14430000E-04
2001-11-05T07:54:50.488  4.51550000E-05 -1.57320000E-04  2.68690000E-04
2001-11-05T07:54:51.488  7.48820000E-06 -1.76650000E-04  4.77470000E-04
2001-11-05T07:54:52.488 -3.77040000E-05 -2.12950000E-04  6.67470000E-04
2001-11-05T07:54:53.488 -1.83900000E-05 -1.57780000E-04  4.06800000E-04
2001-11-05T07:54:54.488 -1.74520000E-04 -3.05450000E-04  4.40770000E-04
2001-11-05T07:54:55.488 -1.06880000E-05  8.75150000E-05  4.49550000E-04
2001-11-05T07:54:56.488 -1.44320000E-04 -3.75120000E-04  3.75150000E-04
2001-11-05T07:54:57.488  2.41740000E-06 -3.91980000E-05  5.85850000E-04
2001-11-05T07:54:58.488 -1.48900000E-04 -1.18530000E-04  4.26990000E-04
2001-11-05T07:54:59.488 -7.20730000E-05 -8.97720000E-05  4.01000000E-04
2001-11-05T07:55:00.488 -2.00790000E-04 -2.66030000E-05  4.50530000E-04
2001-11-05T07:55:01.488 -1.64050000E-04 -1.93020000E-04  4.75300000E-04
2001-11-05T07:55:02.488  3.15850000E-05 -1.79970000E-04  4.36690000E-04
2001-11-05T07:55:03.488  1.13650000E-05 -1.88840000E-04  4.03660000E-04
2001-11-05T07:55:04.488 -2.93260000E-04 -1.92690000E-04  7.32700000E-04
2001-11-05T07:55:05.488 -4.23320000E-05 -2.06480000E-05  6.00360000E-04
2001-11-05T07:55:06.488 -1.22830000E-04 -2.70130000E-04  3.98330000E-04
2001-11-05T07:55:07.488  9.45130000E-05 -1.27900000E-04  5.22960000E-04
2001-11-05T07:55:08.488 -2.37350000E-04 -2.01460000E-04  2.91920000E-04
2001-11-05T07:55:09.488 -1.05470000E-04 -1.47730000E-04  3.41710000E-04
2001-11-05T07:55:10.488 -8.46850000E-05 -1.54330000E-04  4.53810000E-04
2001-11-05T07:55:11.488 -8.64940000E-05 -1.87700000E-04  6.02930000E-04
2001-11-05T07:55:12.488 -3.00990000E-05 -2.13610000E-04  7.05080000E-04
2001-11-05T07:55:13.488 -1.01700000E-04 -3.67630000E-04  5.34580000E-04
2001-11-05T07:55:14.488 -1.68610000E-05 -7.33900000E-05  4.51930000E-04
2001-11-05T07:55:15.488 -1.85280000E-04 -2.76140000E-04  4.24240000E-04
2001-11-05T07:55:16.488 -9.19040000E-06 -7.99220000E-05  5.03850000E-04
2001-11-05T07:55:17.488 -2.22760000E-05 -3.47850000E-04  3.27860000E-04
2001-11-05T07:55:18.488 -1.16620000E-04 -2.50760000E-04  5.43620000E-04
2001-11-05T07:55:19.488  4.92820000E-05 -1.64430000E-04  4.85550000E-04
2001-11-05T07:55:20.488 -1.15990000E-05 -1.46770000E-04  2.74230000E-04
2001-11-05T07:55:21.488 -8.49940000E-05 -2.81380000E-05  4.31900000E-04
2001-11-05T07:55:22.488 -8.69420000E-05 -3.45480000E-04  5.12660000E-04
2001-11-05T07:55:23.488 -1.05350000E-04 -1.35950000E-04  3.64290000E-04
2001-11-05T07:55:24.488 -1.54800000E-04 -2.34460000E-04  5.21210000E-04
2001-11-05T07:55:25.488 -1.00780000E-04 -2.29540000E-04  7.65670000E-04
2001-11-05T07:55:26.488 -9.53570000E-05 -1.71840000E-04  6.82030000E-04
2001-11-05T07:55:27.488 -2.04440000E-04 -3.32790000E-04  2.97110000E-04
2001-11-05T07:55:28.488  4.88580000E-06 -1.06580000E-04  2.68110000E-04
2001-11-05T07:55:29.488 -6.14050000E-05 -3.68590000E-04  5.93120000E-04
2001-11-05T07:55:30.488 -1.73410000E-04 -1.58750000E-04  2.10260000E-04
2001-11-05T07:55:31.488 -1.94490000E-04 -1.49640000E-04  4.35510000E-04
2001-11-05T07:55:32.488  5.57780000E-05 -1.58890000E-04  7.31740000E-04
2001-11-05T07:55:33.488 -1.28230000E-04 -2.94640000E-04  5.21110000E-04
2001-11-05T07:55:34.488 -2.12170000E-04 -1.94990000E-04  5.13930000E-04
2001-11-05T07:55:35.488 -1.35150000E-04 -2.06960000E-04  4.11910000E-04
2001-11-05T07:55:36.488 -2.25110000E-04 -2.65470000E-04  5.00480000E-04
2001-11-05T07:55:37.488 -9.18370000E-05 -1.76730000E-04  3.93610000E-04
2001-11-05T07:55:38.488 -1.09650000E-04 -2.08240000E-04  4.02750000E-04
2001-11-05T07:55:39.488 -2.12010000E-05 -1.24890000E-04  4.18850000E-04
2001-11-05T07:55:40.488 -1.40500000E-04 -1.64260000E-04  3.77280000E-04
2001-11-05T07:55:41.488 -1.88540000E-05 -1.87650000E-04  4.34680000E-04
2001-11-05T07:55:42.488 -1.47830000E-04 -2.25750000E-04  2.45570000E-04
2001-11-05T07:55:43.488 -1.40280000E-04 -2.32070000E-04  4.92520000E-04
2001-11-05T07:55:44.488  4.21960000E-05 -2.35960000E-04  4.85620000E-04
2001-11-05T07:55:45.488 -1.83160000E-04 -3.10570000E-04  4.08440000E-04
2001-11-05T07:55:46.488 -3.58770000E-05 -8.06620000E-05  5.28080000E-04
2001-11-05T07:55:47.488 -6.22980000E-05 -1.30540000E-04  9.52540000E-05
2001-11-05T07:55:48.488 -1.79940000E-04 -3.41310000E-04  4.41570000E-04
2001-11-05T07:55:49.488 -4.20590000E-05 -2.23930000E-04  5.25930000E-04
2001-11-05T07:55:50.488 -1.17570000E-04 -2.67880000E-04  4.48760000E-04
2001-11-05T07:55:51.488 -1.08030000E-04 -1.00950000E-04  3.63530000E-04
2001-11-05T07:55:52.488 -1.44310000E-04 -3.35630000E-04  2.91550000E-04
2001-11-05T07:55:53.488 -2.13580000E-05 -1.28060000E-04  4.46710000E-04
2001-11-05T07:55:54.488  4.10580000E-05 -3.31010000E-04  5.03000000E-04
2001-11-05T07:55:55.488 -8.97560000E-06 -2.77330000E-04  4.16610000E-04
2001-11-05T07:55:56.488 -2.45560000E-04 -2.00430000E-04  5.69070000E-04
2001-11-05T07:55:57.488 -1.36880000E-04 -1.55060000E-04  2.86890000E-04
2001-11-05T07:55:58.488 -1.11380000E-04 -1.66420000E-04  3.58310000E-04
2001-11-05T07:55:59.488 -1.86520000E-04 -4.15930000E-04  6.06560000E-04
2001-11-05T07:56:00.488 -7.35610000E-05 -2.23070000E-04  6.30750000E-04
2001-11-05T07:56:01.488 -2.03930000E-04 -2.25830000E-04  3.68580000E-04
2001-11-05T07:56:02.488  2.21740000E-05 -2.11210000E-04  4.08900000E-04
2001-11-05T07:56:03.488 -1.70530000E-04 -3.65720000E-04  4.15940000E-04
2001-11-05T07:56:04.488 -3.66840000E-05 -1.92490000E-04  3.76790000E-04
2001-11-05T07:56:05.488 -1.26420000E-04 -3.38770000E-04  4.02910000E-04
2001-11-05T07:56:06.488 -8.66440000E-05 -2.52820000E-04  7.00860000E-04
2001-11-05T07:56:07.488 -5.97910000E-05 -2.15950000E-04  4.66520000E-04
2001-11-05T07:56:08.488 -1.58270000E-04 -2.96150000E-04  5.28790000E-04
2001-11-05T07:56:09.488 -5.08330000E-05 -2.97120000E-04  3.16680000E-04
2001-11-05T07:56:10.488 -1.34570000E-04 -2.49740000E-04  4.59370000E-04
2001-11-05T07:56:11.488 -3.06660000E-05 -2.52110000E-04  6.53150000E-04
2001-11-05T07:56:12.488 -1.29520000E-04 -3.42250000E-04  3.80340000E-04
2001-11-05T07:56:13.488  1.10430000E-04 -2.78690000E-04  3.65590000E-04
2001-11-05T07:56:14.488 -1.91520000E-04 -1.41970000E-04  3.50400000E-04
2001-11-05T07:56:15.488  4.18850000E-05 -1.58280000E-04  6.09820000E-04
2001-11-05T07:56:16.488 -2.01410000E-04 -2.37740000E-04  4.52160000E-04
2001-11-05T07:56:17.488 -4.83730000E-05 -2.35320000E-04  3.18140000E-04
2001-11-05T07:56:18.488 -9.84380000E-05 -1.90440000E-04  5.05850000E-04
2001-11-05T07:56:19.488 -1.82870000E-04 -2.58030000E-04  5.80850000E-04
2001-11-05T07:56:20.488 -8.07480000E-05 -2.36450000E-04  5.02030000E-04
2001-11-05T07:56:21.488 -1.21200000E-05 -3.28690000E-04  6.31270000E-04
2001-11-05T07:56:22.488 -1.31000000E-04 -2.37810000E-04  4.18690000E-04
2001-11-05T07:56:23.488 -1.70270000E-04 -3.90260000E-04  4.92760000E-04
2001-11-05T07:56:24.488 -9.74550000E-05 -8.74320000E-05  4.15430000E-04
2001-11-05T07:56:25.488 -2.51440000E-04 -3.35900000E-04  3.68120000E-04
2001-11-05T07:56:26.488 -3.67710000E-05 -1.93960000E-04  4.98780000E-04
2001-11-05T07:56:27.488 -5.37710000E-05 -3.21370000E-04  3.90500000E-04
2001-11-05T07:56:28.488 -1.93320000E-04 -3.58280000E-04  4.26590000E-04
2001-11-05T07:56:29.488 -4.36770000E-05 -1.18460000E-04  5.15340000E-04
2001-11-05T07:56:30.488 -2.67530000E-04 -2.66410000E-04  4.81110000E-04
2001-11-05T07:56:31.488 -7.79230000E-05 -1.84900000E-04  4.40990000E-04
2001-11-05T07:56:32.488 -9.07500000E-05 -3.05970000E-04  6.36900000E-04
2001-11-05T07:56:33.488  4.31920000E-05 -1.59620000E-04  4.61480000E-04
2001-11-05T07:56:34.488 -2.46280000E-04 -3.97500000E-04  7.27310000E-04
2001-11-05T07:56:35.488 -5.74120000E-05 -7.93920000E-05  3.61010000E-04
2001-11-05T07:56:36.488 -2.17750000E-04 -2.94510000E-04  4.71100000E-04
2001-11-05T07:56:37.488 -2.04830000E-05 -1.81510000E-04  5.35590000E-04
2001-11-05T07:56:38.488  5.16190000E-05 -7.21920000E-05  4.37290000E-04
2001-11-05T07:56:39.488 -1.79900000E-04 -4.05990000E-04  4.58170000E-04
2001-11-05T07:56:40.488 -8.85110000E-05 -1.30370000E-04  5.36640000E-04
2001-11-05T07:56:41.488 -2.63840000E-04 -3.98750000E-04  5.45170000E-04
2001-11-05T07:56:42.488  1.17470000E-05 -2.02880000E-04  3.05030000E-04
2001-11-05T07:56:43.488 -1.55170000E-04 -3.63460000E-04  3.42070000E-04
2001-11-05T07:56:44.488 -1.74870000E-04 -1.21090000E-04  3.00610000E-04
2001-11-05T07:56:45.488 -1.82070000E-04 -3.24300000E-04  6.76510000E-04
2001-11-05T07:56:46.488  7.29550000E-06 -1.60710000E-04  3.55480000E-04
2001-11-05T07:56:47.488 -2.09070000E-04 -2.27430000E-04  4.42400000E-04
2001-11-05T07:56:48.488 -1.46350000E-04 -2.55390000E-04  6.75550000E-04
2001-11-05T07:56:49.488 -4.42780000E-05 -2.11980000E-04  5.04100000E-04
2001-11-05T07:56:50.488 -3.73320000E-05 -2.40440000E-04  4.89020000E-04
2001-11-05T07:56:51.488 -7.55310000E-05 -1.72890000E-04  3.75460000E-04
2001-11-05T07:56:52.488 -2.16350000E-04 -3.43290000E-04  4.68100000E-04
2001-11-05T07:56:53.488  7.96460000E-05 -2.94980000E-04  5.02790000E-04
2001-11-05T07:56:54.488 -1.77990000E-04 -1.82110000E-04  4.82140000E-04
2001-11-05T07:56:55.488 -9.02990000E-05 -2.98160000E-04  4.69730000E-04
2001-11-05T07:56:56.488 -1.45230000E-04 -2.23150000E-04  4.05190000E-04
2001-11-05T07:56:57.488 -2.30310000E-04 -3.36810000E-04  3.30370000E-04
2001-11-05T07:56:58.488 -1.06300000E-04 -1.66290000E-04  4.12500000E-04
2001-11-05T07:56:59.488 -4.67550000E-05 -2.41010000E-04  6.53970000E-04
2001-11-05T07:57:00.488 -1.61620000E-04 -1.69020000E-04  6.35660000E-04
2001-11-05T07:57:01.488 -1.11900000E-04 -3.99380000E-04  4.63110000E-04
2001-11-05T07:57:02.488 -1.40980000E-04  1.12700000E-05  4.91640000E-04
2001-11-05T07:57:03.488 -7.32650000E-05 -3.77840000E-04  4.14720000E-04
2001-11-05T07:57:04.488 -2.88240000E-05 -1.46710000E-04  3.60910000E-04
2001-11-05T07:57:05.488 -2.57740000E-04 -2.82800000E-04  4.93120000E-04
2001-11-05T07:57:06.488 -2.38230000E-06 -2.32940000E-04  4.97880000E-04
2001-11-05T07:57:07.488 -9.78950000E-05 -2.26520000E-04  3.04060000E-04
2001-11-05T07:57:08.488 -2.12560000E-04 -2.44180000E-04  4.80080000E-04
2001-11-05T07:57:09.488 -1.07360000E-04 -1.94550000E-04  3.96710000E-04
2001-11-05T07:57:10.488 -1.48170000E-04 -3.13780000E-04  4.07520000E-04
2001-11-05T07:57:11.488 -1.98730000E-04 -1.85580000E-04  4.60400000E-04
2001-11-05T07:57:12.488 -6.53850000E-05 -3.96520000E-04  6.31560000E-04
2001-11-05T07:57:13.488 -9.12290000E-05 -1.85270000E-04  4.60630000E-04
2001-11-05T07:57:14.488 -1.78020000E-04 -3.50340000E-04  6.78770000E-04
2001-11-05T07:57:15.488  3.13050000E-05 -2.57080000E-04  2.89900000E-04
2001-11-05T07:57:16.488 -1.26630000E-04 -2.49310000E-04  5.45930000E-04
2001-11-05T07:57:17.488 -1.34460000E-04 -3.91910000E-04  5.21200000E-04
2001-11-05T07:57:18.488 -1.69240000E-04 -1.97990000E-04  3.80450000E-04
2001-11-05T07:57:19.488 -2.40980000E-04 -2.82280000E-04  4.10960000E-04
2001-11-05T07:57:20.488 -4.30970000E-04 -3.82530000E-04  3.92360000E-04
2001-11-05T07:57:21.488 -2.68550000E-05 -2.38690000E-04  5.22100000E-04
2001-11-05T07:57:22.488 -1.15090000E-04 -3.36510000E-04  4.91710000E-04
2001-11-05T07:57:23.488 -1.28570000E-04 -2.53100000E-04  3.24560000E-04
2001-11-05T07:57:24.488 -4.94190000E-05 -2.58520000E-04  5.44060000E-04
2001-11-05T07:57:25.488 -1.49910000E-04 -1.81020000E-04  4.08200000E-04
2001-11-05T07:57:26.488 -3.54480000E-05 -3.17110000E-04  4.50650000E-04
2001-11-05T07:57:27.488 -1.86940000E-04 -3.04880000E-04  4.03180000E-04
2001-11-05T07:57:28.488 -1.43570000E-04 -2.12050000E-04  4.27770000E-04
2001-11-05T07:57:29.488 -1.43050000E-04 -4.15720000E-04  5.23510000E-04
2001-11-05T07:57:30.488 -1.73620000E-05 -1.71510000E-04  6.61320000E-04
2001-11-05T07:57:31.488 -1.29030000E-04 -2.27720000E-04  5.25600000E-04
2001-11-05T07:57:32.488 -1.18050000E-04 -3.54460000E-04  4.41280000E-04
2001-11-05T07:57:33.488 -2.05750000E-04 -1.61550000E-04  3.20360000E-04
2001-11-05T07:57:34.488 -2.74240000E-04 -3.00110000E-04  3.92310000E-04
2001-11-05T07:57:35.488 -1.77040000E-04 -2.12040000E-04  5.83800000E-04
2001-11-05T07:57:36.488 -6.59320000E-05 -1.32370000E-04  6.00540000E-04
2001-11-05T07:57:37.488 -1.88640000E-05 -3.03160000E-04  4.09150000E-04
2001-11-05T07:57:38.488 -2.26670000E-04 -2.84120000E-04  4.18420000E-04
2001-11-05T07:57:39.488 -6.54770000E-05 -1.88840000E-04  3.23460000E-04
2001-11-05T07:57:40.488 -2.42360000E-04 -3.81560000E-04  4.56960000E-04
2001-11-05T07:57:41.488 -9.98210000E-06 -1.52680000E-04  3.90190000E-04
2001-11-05T07:57:42.488 -9.34220000E-05 -2.20780000E-04  5.70600000E-04
2001-11-05T07:59:55.885 -1.66480000E-05 -1.61990000E-04  6.28180000E-04
2001-11-05T07:59:56.885 -1.76840000E-04 -3.52320000E-04  4.04670000E-04
2001-11-05T07:59:57.885 -9.48140000E-06 -2.18140000E-04  7.42640000E-04
2001-11-05T07:59:58.885 -8.99240000E-05 -3.45580000E-04  6.73820000E-04
2001-11-05T07:59:59.885 -1.25320000E-04 -2.21660000E-04  5.13530000E-04
2001-11-05T08:00:00.885 -1.44920000E-04 -3.43050000E-04  3.05860000E-04
2001-11-05T08:00:01.885  1.21700000E-04 -2.16580000E-04  4.15200000E-04
2001-11-05T08:00:02.885 -6.51580000E-05 -2.96750000E-04  4.44760000E-04
2001-11-05T08:00:03.885 -5.75210000E-05 -2.61700000E-04  3.64130000E-04
2001-11-05T08:00:04.885 -7.26210000E-05 -2.98810000E-04  3.77020000E-04
2001-11-05T08:00:05.885 -1.74260000E-04 -4.02880000E-04  3.47450000E-04
2001-11-05T08:00:06.885  1.08170000E-04 -2.94470000E-04  4.19820000E-04
2001-11-05T08:00:07.885 -1.22200000E-04 -4.45640000E-04  3.13340000E-04
2001-11-05T08:00:08.885 -1.36180000E-05 -2.36870000E-04  3.48090000E-04
2001-11-05T08:00:09.885 -9.86510000E-05 -2.99690000E-04  3.17660000E-04
2001-11-05T08:00:10.885 -1.67640000E-04 -2.29740000E-04  3.17200000E-04
2001-11-05T08:00:11.885 -8.43930000E-05 -3.60120000E-04  5.43530000E-04
2001-11-05T08:00:12.885 -5.52410000E-05 -3.76760000E-04  4.73370000E-04
2001-11-05T08:00:13.885  7.04910000E-06 -2.36560000E-04  4.15010000E-04
2001-11-05T08:00:14.885 -9.02900000E-05 -3.73560000E-04  4.62240000E-04
2001-11-05T08:00:15.885 -1.63730000E-04 -2.40660000E-04  4.49720000E-04
2001-11-05T08:00:16.885 -1.14860000E-04 -3.02880000E-04  4.54790000E-04
2001-11-05T08:00:17.885 -3.45640000E-05 -2.74600000E-04  2.68390000E-04
2001-11-05T08:00:18.885 -1.90590000E-04 -3.22070000E-04  5.28960000E-04
2001-11-05T08:00:19.885 -1.52410000E-05 -2.19200000E-04  2.29110000E-04
2001-11-05T08:00:20.885 -1.29950000E-04 -4.43730000E-04  4.44400000E-04
2001-11-05T08:00:21.885 -3.06130000E-05 -1.80290000E-04  2.94680000E-04
2001-11-05T08:00:22.885 -1.50500000E-04 -3.28520000E-04  4.26360000E-04
2001-11-05T08:00:23.885  1.53140000E-04 -1.95380000E-04  4.34610000E-04
2001-11-05T08:00:24.885 -1.20050000E-04 -1.30790000E-04  4.35140000E-04
