2001-11-29T02:10:11.298 -2.56670000E-04 -2.10230000E-04  4.45630000E-04
2001-11-29T02:10:12.298 -1.09150000E-04 -2.34430000E-04  4.50210000E-04
2001-11-29T02:10:13.298 -1.21140000E-04 -2.62810000E-04  3.87780000E-04
2001-11-29T02:10:14.298 -1.07700000E-04 -1.70430000E-04  4.21550000E-04
2001-11-29T02:10:15.298 -9.99020000E-05 -2.98120000E-04  6.97180000E-04
2001-11-29T02:10:16.298 -1.14510000E-04 -3.04110000E-04  3.27530000E-04
2001-11-29T02:10:17.298 -1.36990000E-04 -2.81720000E-04  3.41930000E-04
2001-11-29T02:10:18.298 -4.15170000E-05 -1.48680000E-04  4.27990000E-04
2001-11-29T02:10:19.298 -1.58390000E-04 -2.84820000E-04  6.22160000E-04
2001-11-29T02:10:20.298 -3.24770000E-05 -1.56550000E-04  3.44370000E-04
2001-11-29T02:10:21.298 -1.13520000E-04 -3.00840000E-04  4.72850000E-04
2001-11-29T02:10:22.298 -9.56840000E-05 -1.42690000E-04  3.90600000E-04
2001-11-29T02:10:23.298 -7.66690000E-05 -3.43760000E-04  5.03570000E-04
2001-11-29T02:10:24.298 -1.51030000E-04 -2.69770000E-04  3.08860000E-04
2001-11-29T02:10:25.298  2.96820000E-05 -1.00790000E-04  3.10910000E-04
2001-11-29T02:10:26.298 -2.04920000E-04 -3.22330000E-04  5.56140000E-04
2001-11-29T02:10:27.298 -1.13090000E-04 -3.31690000E-04  1.47570000E-04
2001-11-29T02:10:28.298 -7.81280000E-05 -3.65320000E-04  7.23470000E-04
2001-11-29T02:10:29.298  3.86090000E-06 -1.34200000E-04  3.59240000E-04
2001-11-29T02:10:30.298 -2.56440000E-04 -3.36630000E-04  7.89080000E-04
2001-11-29T02:10:31.298  3.51840000E-05 -2.13840000E-04  4.88960000E-05
2001-11-29T02:10:32.298 -2.83980000E-04 -2.92520000E-04  6.70960000E-04
2001-11-29T02:10:33.298  4.00560000E-05 -4.78100000E-05  2.35530000E-04
2001-11-29T02:10:34.298 -1.54240000E-04 -3.89610000E-04  4.79130000E-04
2001-11-29T02:10:35.298 -8.90930000E-05 -6.47010000E-05  3.86760000E-04
2001-11-29T02:10:36.298 -1.97770000E-04 -4.55560000E-04  5.78020000E-04
2001-11-29T02:10:37.298 -5.26540000E-05 -1.77180000E-04  3.21890000E-04
2001-11-29T02:10:38.298 -9.73730000E-05 -2.52720000E-04  3.56030000E-04
2001-11-29T02:10:39.298 -2.71590000E-05 -3.14120000E-04  4.49850000E-04
2001-11-29T02:10:40.298 -7.84010000E-05 -2.70440000E-04  4.13930000E-04
2001-11-29T02:10:41.298 -1.32970000E-04 -3.56670000E-04  6.05510000E-04
2001-11-29T02:10:42.298 -4.76540000E-05 -3.24080000E-04  3.79930000E-04
2001-11-29T02:10:43.298 -7.99930000E-05 -2.38900000E-04  2.59560000E-04
2001-11-29T02:10:44.298 -1.82230000E-04 -1.39510000E-04  4.56530000E-04
2001-11-29T02:10:45.298 -1.26960000E-04 -3.52470000E-04  5.52770000E-04
2001-11-29T02:10:46.298 -1.84240000E-04 -2.78560000E-04  2.39750000E-04
2001-11-29T02:10:47.298 -8.33570000E-05 -2.95530000E-04  5.29180000E-04
2001-11-29T02:10:48.298 -7.81170000E-05 -2.11600000E-04  4.64350000E-04
2001-11-29T02:10:49.298 -2.10610000E-04 -2.70240000E-04  2.69240000E-04
2001-11-29T02:10:50.298  2.68440000E-05 -1.37620000E-04  6.46780000E-04
2001-11-29T02:10:51.298 -1.73430000E-04 -3.50080000E-04  2.92450000E-04
2001-11-29T02:10:52.298  3.83970000E-05 -1.48360000E-04  5.84990000E-04
2001-11-29T02:10:53.298 -1.51420000E-04 -4.00460000E-04  4.53850000E-05
2001-11-29T02:10:54.298 -9.26760000E-05 -1.21360000E-04  6.11210000E-04
2001-11-29T02:10:55.298 -4.81820000E-05 -3.94710000E-04  2.80570000E-04
2001-11-29T02:10:56.298 -5.17980000E-05 -1.56700000E-04  5.56060000E-04
2001-11-29T02:10:57.298 -8.92740000E-05 -3.78080000E-04  3.13900000E-04
2001-11-29T02:10:58.298  4.93420000E-05 -1.80600000E-04  3.60550000E-04
2001-11-29T02:10:59.298 -1.51760000E-04 -3.85570000E-04  4.71580000E-04
2001-11-29T02:11:00.298 -7.32720000E-05 -2.38810000E-04  4.33470000E-04
2001-11-29T02:11:01.298 -1.52950000E-04 -2.01720000E-04  2.79470000E-04
2001-11-29T02:11:02.298 -4.06580000E-05 -3.21860000E-04  5.70410000E-04
2001-11-29T02:11:03.298 -1.64740000E-04 -1.32610000E-04  4.04480000E-04
2001-11-29T02:11:04.298 -9.85840000E-05 -1.92340000E-04  7.35520000E-04
2001-11-29T02:11:05.298 -1.73600000E-04 -3.39610000E-04  5.60000000E-05
2001-11-29T02:11:06.298  2.00410000E-05 -2.78860000E-04  4.75960000E-04
2001-11-29T02:11:07.298 -5.32240000E-05 -3.21940000E-04  4.04050000E-04
2001-11-29T02:11:08.298 -6.11160000E-05 -3.60160000E-04  4.92210000E-04
2001-11-29T02:11:09.298 -1.22740000E-04 -2.65920000E-04  3.35080000E-04
2001-11-29T02:11:10.298 -5.47390000E-05 -1.93770000E-04  6.50970000E-04
2001-11-29T02:11:11.298 -5.87910000E-05 -2.66460000E-04  3.01640000E-04
2001-11-29T02:11:12.298 -1.95750000E-04 -2.14890000E-04  3.03780000E-04
2001-11-29T02:11:13.298  1.14090000E-05 -1.53750000E-04  7.47020000E-04
2001-11-29T02:11:14.298 -1.51730000E-04 -2.77610000E-04  4.22570000E-04
2001-11-29T02:11:15.298 -5.47090000E-05 -1.44210000E-04  4.90550000E-04
2001-11-29T02:11:16.298 -2.51830000E-04 -3.68720000E-04  1.32450000E-04
2001-11-29T02:11:17.298  8.63340000E-05 -1.33380000E-04  7.06730000E-04
2001-11-29T02:11:18.298 -2.66910000E-04 -4.00350000E-04  2.68080000E-04
2001-11-29T02:11:19.298 -1.79160000E-04 -2.31590000E-04  6.26750000E-04
2001-11-29T02:11:20.298 -5.18790000E-05 -4.04560000E-04  2.55000000E-04
2001-11-29T02:11:21.298 -1.83710000E-04 -2.50970000E-04  6.04940000E-04
2001-11-29T02:11:22.298 -5.66030000E-06 -2.81610000E-04  1.85430000E-04
2001-11-29T02:11:23.298 -1.67040000E-04 -2.34510000E-04  4.21120000E-04
2001-11-29T02:11:24.298 -1.75290000E-04 -3.13710000E-04  6.61410000E-04
2001-11-29T02:11:25.298 -5.08740000E-05 -1.75310000E-04  2.11190000E-04
2001-11-29T02:11:26.298 -1.47190000E-04 -4.18470000E-04  6.04110000E-04
2001-11-29T02:11:27.298 -1.48320000E-04 -2.65700000E-04  3.50260000E-04
2001-11-29T02:11:28.298  5.13320000E-05 -2.16320000E-04  1.18850000E-04
2001-11-29T02:11:29.298 -9.84200000E-05 -2.09130000E-04  5.32220000E-04
2001-11-29T02:11:30.298 -6.87970000E-05 -2.33700000E-04  6.00610000E-04
2001-11-29T02:11:31.298 -6.62310000E-05 -2.32600000E-04  3.33280000E-04
2001-11-29T02:11:32.298 -2.50840000E-04 -1.57320000E-04  4.26750000E-04
2001-11-29T02:11:33.298 -1.28650000E-04 -2.36930000E-04  4.45030000E-04
2001-11-29T02:11:34.298 -1.01960000E-04 -2.72520000E-04  4.47180000E-04
2001-11-29T02:11:35.298 -1.49280000E-04 -3.33650000E-04  2.20790000E-04
2001-11-29T02:11:36.298 -1.89870000E-04 -3.48240000E-04  6.20840000E-04
2001-11-29T02:11:37.298  2.45840000E-06 -2.46290000E-04  4.24070000E-04
2001-11-29T02:11:38.298 -7.85510000E-05 -1.06210000E-04  4.79350000E-04
2001-11-29T02:11:39.298 -1.55270000E-04 -2.88710000E-04  2.32090000E-04
2001-11-29T02:11:40.298 -1.90110000E-04 -1.88860000E-04  6.47860000E-04
2001-11-29T02:11:41.298 -2.73110000E-05 -3.72540000E-04  3.06820000E-04
2001-11-29T02:11:42.298 -8.26270000E-05 -1.72170000E-04  4.43270000E-04
2001-11-29T02:11:43.298 -1.66820000E-04 -2.67250000E-04  3.12700000E-04
2001-11-29T02:11:44.298 -4.60930000E-05 -1.08220000E-04  3.73020000E-04
2001-11-29T02:11:45.298 -2.00870000E-04 -4.43500000E-04  5.92330000E-04
2001-11-29T02:11:46.298 -6.27700000E-05 -1.36670000E-04  3.37730000E-04
2001-11-29T02:11:47.298 -1.56470000E-04 -2.89240000E-04  6.60560000E-04
2001-11-29T02:11:48.298 -2.48820000E-05 -1.33690000E-04  3.76700000E-04
2001-11-29T02:11:49.298 -2.29200000E-04 -3.63570000E-04  4.05680000E-04
2001-11-29T02:11:50.298  4.15000000E-05 -5.35220000E-05  5.35220000E-04
2001-11-29T02:11:51.298 -1.70090000E-04 -3.47200000E-04  2.66080000E-04
2001-11-29T02:11:52.298 -2.82510000E-06 -2.87380000E-04  5.53640000E-04
2001-11-29T02:11:53.298 -2.01150000E-04 -1.27440000E-04  6.30560000E-04
2001-11-29T02:11:54.298 -2.13980000E-05 -1.73230000E-04  1.85440000E-04
2001-11-29T02:11:55.298 -2.15360000E-04 -2.40700000E-04  4.99670000E-04
2001-11-29T02:11:56.298 -2.32760000E-04 -2.94220000E-04  4.56860000E-04
2001-11-29T02:11:57.298 -4.12510000E-05 -1.66930000E-04  3.85830000E-04
2001-11-29T02:11:58.298 -2.09350000E-04 -3.06010000E-04  4.34160000E-04
2001-11-29T02:11:59.298  1.23050000E-05 -2.46710000E-04  3.66800000E-04
2001-11-29T02:12:00.298 -2.20120000E-04 -1.70850000E-04  4.02510000E-04
2001-11-29T02:12:01.298 -1.50890000E-04 -1.57170000E-04  6.40120000E-04
2001-11-29T02:12:02.298 -6.50450000E-05 -3.17740000E-04  3.11490000E-04
2001-11-29T02:12:03.298 -1.44410000E-05 -1.46020000E-04  2.24550000E-04
2001-11-29T02:12:04.298 -3.09320000E-04 -3.72920000E-04  8.26250000E-04
2001-11-29T02:12:05.298 -2.11260000E-05 -1.03260000E-04  1.31940000E-04
2001-11-29T02:12:06.298 -1.02070000E-04 -3.12430000E-04  6.30180000E-04
2001-11-29T02:12:07.298 -1.19570000E-04 -2.02790000E-04  1.25690000E-04
2001-11-29T02:12:08.298 -2.15550000E-04 -3.37320000E-04  6.33010000E-04
2001-11-29T02:12:09.298  3.19260000E-05 -8.50090000E-05  2.54410000E-04
2001-11-29T02:12:10.298 -1.77880000E-04 -3.16720000E-04  6.24530000E-04
2001-11-29T02:12:11.298 -1.32730000E-04 -2.34230000E-04  1.00170000E-04
2001-11-29T02:12:12.298 -9.05040000E-05 -3.12650000E-04  9.28320000E-04
2001-11-29T02:12:13.298 -6.36820000E-05 -1.72470000E-04  2.73750000E-04
2001-11-29T02:12:14.298 -2.19280000E-05 -2.44050000E-04  4.24940000E-04
2001-11-29T02:12:15.298 -9.80240000E-05 -1.88520000E-04  3.31900000E-04
2001-11-29T02:12:16.298  3.94220000E-06 -2.84350000E-04  4.57220000E-04
2001-11-29T02:12:17.298 -2.29500000E-04 -2.99330000E-04  4.53080000E-04
2001-11-29T02:12:18.298 -1.35740000E-04 -2.63100000E-04  3.58480000E-04
2001-11-29T02:12:19.298 -1.26850000E-04 -2.81690000E-04  2.25170000E-04
2001-11-29T02:12:20.298 -2.06400000E-04 -1.43960000E-04  7.42790000E-04
2001-11-29T02:12:21.298 -1.59310000E-04 -3.49620000E-04  4.41480000E-04
2001-11-29T02:12:22.298 -1.28660000E-06 -2.47940000E-04  5.67160000E-04
2001-11-29T02:12:23.298 -9.60210000E-05 -3.33010000E-04  3.87700000E-04
2001-11-29T02:12:24.298 -1.23370000E-04 -1.27370000E-04  3.44790000E-04
2001-11-29T02:12:25.298 -1.96670000E-04 -2.49200000E-04  6.56210000E-04
2001-11-29T02:12:26.298 -1.41330000E-04 -2.19390000E-04  2.53060000E-04
2001-11-29T02:12:27.298 -2.40110000E-04 -3.14730000E-04  6.55700000E-04
2001-11-29T02:12:28.298 -2.16560000E-05 -1.52250000E-04  2.88590000E-04
2001-11-29T02:12:29.298 -7.68020000E-05 -3.14780000E-04  5.91660000E-04
2001-11-29T02:12:30.298 -1.07690000E-04 -1.96690000E-04  3.67350000E-04
2001-11-29T02:12:31.298 -1.69200000E-04 -2.96050000E-04  7.01280000E-04
2001-11-29T02:12:32.298  2.74750000E-05 -1.22660000E-04  1.56560000E-04
2001-11-29T02:12:33.298 -3.45620000E-04 -3.61880000E-04  5.15430000E-04
2001-11-29T02:12:34.298 -5.95770000E-06 -8.25270000E-05  3.35160000E-04
2001-11-29T02:12:35.298 -2.04580000E-04 -4.17020000E-04  5.38870000E-04
2001-11-29T02:12:36.298 -1.11290000E-05 -2.23800000E-04  2.82560000E-04
2001-11-29T02:12:37.298 -8.55270000E-05 -1.82970000E-04  6.02920000E-04
2001-11-29T02:12:38.298 -1.97400000E-05 -2.75960000E-04  2.63800000E-04
2001-11-29T02:12:39.298 -1.13920000E-04 -3.25880000E-04  5.33860000E-04
2001-11-29T02:12:40.298 -2.51420000E-04 -2.75000000E-04  3.22900000E-04
2001-11-29T02:12:41.298 -9.54530000E-05 -2.40950000E-04  5.32220000E-04
2001-11-29T02:12:42.298 -8.03790000E-05 -2.33890000E-04  4.18440000E-04
2001-11-29T02:12:43.298  1.10730000E-05 -1.90970000E-04  3.83340000E-04
2001-11-29T02:12:44.298 -2.17160000E-04 -3.04100000E-04  5.54680000E-04
2001-11-29T02:12:45.298  5.84160000E-07 -2.68760000E-04  2.38850000E-04
2001-11-29T02:12:46.298 -2.49380000E-04 -1.54630000E-04  5.69810000E-04
2001-11-29T02:12:47.298  8.89750000E-05 -2.80750000E-04  6.15690000E-04
2001-11-29T02:12:48.298 -1.34470000E-04 -3.48870000E-04  2.53860000E-04
2001-11-29T02:12:49.298 -8.41800000E-05 -1.76110000E-04  6.41320000E-04
2001-11-29T02:12:50.298 -2.69090000E-04 -3.02290000E-04  2.82340000E-04
2001-11-29T02:12:51.298 -5.82190000E-05 -1.98560000E-04  3.50540000E-04
2001-11-29T02:12:52.298 -1.94410000E-04 -4.28750000E-04  4.30400000E-04
2001-11-29T02:12:53.298  1.90950000E-05 -1.14310000E-04  2.56750000E-04
2001-11-29T02:12:54.298 -1.56040000E-04 -4.27810000E-04  6.10180000E-04
2001-11-29T02:12:55.298 -3.91230000E-05 -1.51580000E-04  4.24970000E-04
2001-11-29T02:12:56.298 -1.85910000E-04 -2.05650000E-04  2.83390000E-04
2001-11-29T02:12:57.298 -9.56930000E-06 -1.76570000E-04  5.98790000E-04
2001-11-29T02:12:58.298 -1.41580000E-04 -3.30930000E-04  4.36110000E-04
2001-11-29T02:12:59.298 -1.12670000E-04 -3.40670000E-04  2.95160000E-04
2001-11-29T02:13:00.298 -1.91220000E-04 -2.08720000E-04  4.62640000E-04
2001-11-29T02:13:01.298  9.02740000E-05 -2.97860000E-04  2.08320000E-04
2001-11-29T02:13:02.298 -1.47130000E-04 -1.99600000E-04  7.85460000E-04
2001-11-29T02:13:03.298 -4.90550000E-05 -4.35340000E-04  2.05300000E-04
2001-11-29T02:13:04.298 -3.05970000E-05 -1.57180000E-04  4.14390000E-04
2001-11-29T02:13:05.298 -2.54180000E-04 -2.60580000E-04  5.88720000E-04
2001-11-29T02:13:06.298 -1.19360000E-04 -1.68530000E-04  1.84410000E-04
2001-11-29T02:13:07.298 -2.20190000E-04 -3.37390000E-04  6.69930000E-04
2001-11-29T02:13:08.298 -2.05710000E-04 -1.84660000E-04  2.12690000E-04
2001-11-29T02:13:09.298 -3.29290000E-05 -1.24240000E-04  5.25830000E-04
2001-11-29T02:13:10.298 -6.71240000E-05 -2.20720000E-04  3.66410000E-04
2001-11-29T02:13:11.298 -1.88460000E-04 -3.11770000E-04  3.30150000E-04
2001-11-29T02:13:12.298 -7.14040000E-05 -1.98690000E-04  6.14910000E-04
2001-11-29T02:13:13.298 -1.65290000E-04 -2.36840000E-04  3.84210000E-04
2001-11-29T02:13:14.298 -2.65310000E-05 -1.64300000E-04  6.18440000E-04
2001-11-29T02:13:15.298 -1.63220000E-04 -2.88280000E-04  4.61040000E-04
2001-11-29T02:13:16.298  1.30420000E-04 -2.05980000E-04  5.83070000E-04
2001-11-29T02:13:17.298 -1.76110000E-04 -2.26870000E-04  2.79590000E-04
2001-11-29T02:13:18.298 -1.05880000E-04 -1.39990000E-04  5.55560000E-04
2001-11-29T02:13:19.298 -4.07810000E-05 -4.36340000E-04  5.01190000E-04
2001-11-29T02:13:20.298 -1.27900000E-04 -1.21130000E-04  2.84570000E-04
2001-11-29T02:13:21.298 -1.10320000E-04 -1.79550000E-04  1.59520000E-04
2001-11-29T02:13:22.298  2.51140000E-05 -1.11560000E-04  3.44820000E-04
2001-11-29T02:13:23.298 -4.56920000E-05 -4.63520000E-04  6.66140000E-04
2001-11-29T02:13:24.298 -1.18440000E-04 -2.89410000E-04  2.31910000E-04
2001-11-29T02:13:25.298 -8.26470000E-05 -1.65660000E-04  5.38140000E-04
2001-11-29T02:13:26.298 -1.18250000E-04 -2.64590000E-04  4.67590000E-04
2001-11-29T02:13:27.298 -1.65040000E-04 -2.69580000E-04  2.82570000E-04
2001-11-29T02:13:28.298 -8.32310000E-05 -2.20120000E-04  5.64530000E-04
2001-11-29T02:13:29.298 -3.82780000E-05 -2.86540000E-04  2.79710000E-04
2001-11-29T02:13:30.298 -2.16810000E-04 -3.15820000E-04  6.28480000E-04
2001-11-29T02:13:31.298 -4.08060000E-05 -1.99840000E-04  6.62200000E-04
2001-11-29T02:13:32.298 -5.39560000E-05 -3.23710000E-04  1.72880000E-04
2001-11-29T02:13:33.298 -1.68800000E-05 -1.57180000E-04  5.99570000E-04
2001-11-29T02:13:34.298 -1.76490000E-04 -3.28760000E-04  4.73930000E-04
2001-11-29T02:13:35.298 -1.68570000E-05 -2.29240000E-04  1.95240000E-04
2001-11-29T02:13:36.298 -1.99840000E-04 -2.02280000E-04  7.71410000E-04
2001-11-29T02:13:37.298 -2.48240000E-05 -2.80920000E-04  1.90040000E-04
2001-11-29T02:13:38.298 -1.81090000E-04 -4.05060000E-04  7.49590000E-04
2001-11-29T02:13:39.298 -4.26430000E-05 -1.86830000E-04  1.40370000E-04
2001-11-29T02:13:40.298 -2.42760000E-04 -2.45080000E-04  5.56280000E-04
2001-11-29T02:13:41.298 -8.10260000E-05 -1.57930000E-04  3.93550000E-04
2001-11-29T02:13:42.298 -2.60720000E-04 -3.17140000E-04  6.39240000E-04
2001-11-29T02:13:43.298 -5.99230000E-05 -2.48730000E-04  2.84310000E-04
2001-11-29T02:13:44.298 -1.97530000E-05 -2.25960000E-04  5.33350000E-04
2001-11-29T02:13:45.298 -7.88440000E-05 -2.71540000E-04  3.42400000E-04
2001-11-29T02:13:46.298 -2.44320000E-04 -3.35980000E-04  4.05740000E-04
2001-11-29T02:13:47.298 -7.01740000E-05 -1.32400000E-04  7.20290000E-04
2001-11-29T02:13:48.298 -1.56510000E-04 -2.78970000E-04  2.32090000E-04
2001-11-29T02:13:49.298 -8.78630000E-05 -2.13260000E-04  5.82620000E-04
2001-11-29T02:13:50.298 -8.14240000E-05 -1.17230000E-04  4.25160000E-04
2001-11-29T02:13:51.298 -3.00800000E-05 -3.34590000E-04  5.66600000E-04
2001-11-29T02:13:52.298 -7.25650000E-05 -1.70470000E-04  3.90510000E-04
2001-11-29T02:13:53.298 -1.60950000E-04 -4.01880000E-04  4.28710000E-04
2001-11-29T02:13:54.298  1.99480000E-06 -1.94660000E-04  6.80070000E-04
2001-11-29T02:13:55.298 -1.86460000E-04 -4.16780000E-04  2.98570000E-04
2001-11-29T02:13:56.298 -1.09840000E-04 -6.75360000E-05  4.63670000E-04
2001-11-29T02:13:57.298 -1.75470000E-04 -3.85570000E-04  4.34800000E-04
2001-11-29T02:13:58.298 -1.12060000E-04 -1.27210000E-04  4.71240000E-04
2001-11-29T02:13:59.298 -1.80510000E-05 -3.38770000E-04  7.02080000E-04
2001-11-29T02:14:00.298  1.58290000E-06 -2.77060000E-04  4.75880000E-05
2001-11-29T02:14:01.298 -2.38430000E-04 -8.91930000E-05  7.10540000E-04
2001-11-29T02:14:02.298  3.52310000E-05 -2.24740000E-04  3.79470000E-04
2001-11-29T02:14:03.298 -1.58940000E-04 -3.33390000E-04  6.55320000E-04
2001-11-29T02:14:04.298 -4.35140000E-06 -2.42610000E-04  2.71240000E-04
2001-11-29T02:14:05.298 -1.73720000E-04 -2.59580000E-04  4.00080000E-04
2001-11-29T02:14:06.298 -4.67450000E-05 -2.88280000E-04  4.43160000E-04
2001-11-29T02:14:07.298 -5.61380000E-05 -8.15620000E-05  4.45350000E-04
2001-11-29T02:14:08.298 -1.41730000E-04 -1.28680000E-04  5.55720000E-04
2001-11-29T02:14:09.298 -5.29690000E-05 -2.89580000E-04  1.72860000E-04
2001-11-29T02:14:10.298 -2.10080000E-04 -2.60290000E-04  6.36700000E-04
2001-11-29T02:14:11.298 -3.05580000E-05 -2.46440000E-04  4.55100000E-04
2001-11-29T02:14:12.298 -1.26500000E-04 -2.27040000E-04  3.70470000E-04
2001-11-29T02:14:13.298 -1.07500000E-04 -3.03220000E-05  4.63640000E-04
2001-11-29T02:14:14.298 -2.45330000E-04 -2.78350000E-04  2.06910000E-04
2001-11-29T02:14:15.298  1.00690000E-04 -1.64840000E-04  5.09390000E-04
2001-11-29T02:14:16.298 -2.11250000E-04 -2.49490000E-04  6.31430000E-04
2001-11-29T02:14:17.298 -4.11190000E-05 -1.82460000E-04  3.75300000E-04
2001-11-29T02:14:18.298 -1.05140000E-04 -3.90670000E-04  7.04040000E-04
2001-11-29T02:14:19.298 -5.56240000E-06 -2.47360000E-04  2.20800000E-04
2001-11-29T02:14:20.298 -1.00310000E-04 -3.01950000E-04  5.73690000E-04
2001-11-29T02:14:21.298 -8.98020000E-05 -2.05280000E-04  3.59730000E-04
2001-11-29T02:14:22.298 -4.89690000E-05 -2.49660000E-04  3.56550000E-04
2001-11-29T02:14:23.298 -3.32790000E-05 -3.20220000E-04  7.40550000E-04
2001-11-29T02:14:24.298 -2.15000000E-04 -1.32290000E-04  3.97950000E-04
2001-11-29T02:14:25.298 -3.19500000E-05 -2.64020000E-04  3.88860000E-04
2001-11-29T02:14:26.298 -6.82840000E-05 -2.01310000E-04  4.22880000E-04
2001-11-29T02:14:27.298 -1.98310000E-04 -3.02100000E-04  5.43300000E-04
2001-11-29T02:14:28.298 -1.23850000E-04 -2.01360000E-04  9.63440000E-05
2001-11-29T02:14:29.298 -4.77860000E-05 -2.16750000E-04  7.56370000E-04
2001-11-29T02:14:30.298  5.31630000E-05 -2.19470000E-04  3.38720000E-04
2001-11-29T02:14:31.298 -2.86490000E-04 -2.93420000E-04  6.11490000E-04
2001-11-29T02:14:32.298  3.03020000E-05 -1.22360000E-04  1.82900000E-04
2001-11-29T02:14:33.298 -2.11800000E-04 -3.79340000E-04  6.57110000E-04
2001-11-29T02:14:34.298 -6.05270000E-05 -1.84940000E-04  3.89700000E-04
2001-11-29T02:14:35.298 -1.11010000E-04 -3.00990000E-04  5.53410000E-04
2001-11-29T02:14:36.298 -9.54460000E-05 -4.58400000E-05  4.86180000E-04
2001-11-29T02:14:37.298 -1.75390000E-04 -2.43380000E-04  4.11370000E-04
2001-11-29T02:14:38.298  7.64910000E-05 -2.88810000E-04  5.07320000E-04
2001-11-29T02:14:39.298 -2.05700000E-04 -2.68230000E-04  5.85480000E-04
2001-11-29T02:14:40.298 -2.07130000E-05 -2.59900000E-04  1.99790000E-04
2001-11-29T02:14:41.298 -1.30140000E-04 -1.83960000E-04  3.48620000E-04
2001-11-29T02:14:42.298 -1.28650000E-04 -2.89440000E-04  3.33610000E-04
2001-11-29T02:14:43.298  8.43220000E-05 -3.69850000E-05  6.75820000E-04
2001-11-29T02:14:44.298 -1.92630000E-04 -2.81970000E-04  3.40700000E-04
2001-11-29T02:14:45.298  5.05720000E-05 -2.52070000E-04  6.45230000E-04
2001-11-29T02:14:46.298 -2.54890000E-04 -2.69910000E-04  2.83010000E-04
2001-11-29T02:14:47.298 -2.58540000E-05 -8.58970000E-05  4.88120000E-04
2001-11-29T02:14:48.298 -1.83770000E-04 -2.34610000E-04  3.91080000E-04
2001-11-29T02:14:49.298 -4.78040000E-05 -2.56040000E-04  4.98870000E-04
2001-11-29T02:14:50.298 -1.66810000E-04 -1.77580000E-04  1.62050000E-04
2001-11-29T02:14:51.298 -8.81030000E-05 -2.86370000E-04  7.03140000E-04
2001-11-29T02:14:52.298 -2.05970000E-04 -1.48130000E-04  3.52730000E-04
2001-11-29T02:14:53.298 -7.47210000E-05 -1.89610000E-04  3.06190000E-04
2001-11-29T02:14:54.298 -5.82620000E-06 -2.04320000E-04  4.59480000E-04
2001-11-29T02:14:55.298 -1.04440000E-04 -2.18810000E-04  4.65990000E-04
2001-11-29T02:14:56.298 -5.42890000E-05 -3.09860000E-04  6.20920000E-04
2001-11-29T02:14:57.298 -1.40190000E-04  5.24990000E-05  9.17620000E-05
2001-11-29T02:14:58.298  3.07000000E-05 -1.40340000E-04  9.46460000E-04
2001-11-29T02:14:59.298 -1.81090000E-04 -6.48340000E-05  3.82690000E-04
2001-11-29T02:15:00.298 -1.82300000E-04 -1.38060000E-04  3.02160000E-04
2001-11-29T02:15:01.298 -1.22840000E-04 -2.32940000E-04  6.90480000E-04
2001-11-29T02:15:02.298 -4.79390000E-05 -1.74360000E-04  3.59520000E-04
2001-11-29T02:15:03.298 -2.55520000E-04 -2.69120000E-04  4.72770000E-04
2001-11-29T02:15:04.298 -6.68540000E-05 -1.14990000E-05  5.52280000E-04
2001-11-29T02:15:05.298 -5.59580000E-05 -1.86570000E-04  2.57900000E-04
2001-11-29T02:15:06.298 -1.32810000E-04 -1.23110000E-04  5.27060000E-04
2001-11-29T02:15:07.298 -8.98960000E-05 -8.32650000E-05  4.62830000E-04
2001-11-29T02:15:08.298 -1.69310000E-04 -1.16910000E-04  7.13230000E-04
2001-11-29T02:15:09.298 -8.74520000E-05 -1.27540000E-04  2.56520000E-04
2001-11-29T02:15:10.298 -2.22570000E-04 -8.16280000E-05  6.39670000E-04
2001-11-29T02:15:11.298 -8.35130000E-05 -1.21860000E-04  4.12370000E-04
2001-11-29T02:15:12.298 -1.64670000E-04  1.19020000E-05  5.57260000E-04
2001-11-29T02:15:13.298  5.10930000E-05 -8.65270000E-05  4.90010000E-04
2001-11-29T02:15:14.298 -3.74740000E-05 -5.39570000E-05  3.53370000E-04
2001-11-29T02:15:15.298 -1.20320000E-04 -1.15690000E-04  5.36040000E-04
2001-11-29T02:15:16.298 -1.30570000E-05 -2.53220000E-05  2.14680000E-04
2001-11-29T02:15:17.298 -1.37930000E-04 -8.39550000E-05  7.17580000E-04
2001-11-29T02:15:18.298 -1.41080000E-04 -4.50620000E-06  2.14540000E-04
2001-11-29T02:15:19.298 -1.64910000E-04 -8.76830000E-05  4.02200000E-04
2001-11-29T02:15:20.298 -1.53770000E-05  1.85540000E-05  5.66330000E-04
2001-11-29T02:15:21.298 -2.52190000E-04 -1.44030000E-04  2.25700000E-04
2001-11-29T02:15:22.298  4.10010000E-05 -2.98370000E-05  6.48160000E-04
2001-11-29T02:15:23.298 -3.97540000E-05  6.51020000E-05  5.03170000E-04
2001-11-29T02:15:24.298 -1.32330000E-04 -8.12870000E-05  1.60320000E-04
2001-11-29T02:15:25.298 -1.20730000E-04 -3.31910000E-05  6.58730000E-04
2001-11-29T02:15:26.298 -3.17890000E-04 -2.07710000E-04  5.65660000E-04
2001-11-29T02:15:27.298 -1.17180000E-05  1.58600000E-04  3.26020000E-04
2001-11-29T02:15:28.298 -1.79610000E-04 -5.03870000E-05  5.27250000E-04
2001-11-29T02:15:29.298 -8.13420000E-05 -1.22050000E-04  4.22900000E-04
2001-11-29T02:15:30.298 -8.14120000E-05  1.96770000E-04  5.62780000E-04
2001-11-29T02:15:31.298 -9.02120000E-05 -5.39030000E-06  2.46670000E-04
2001-11-29T02:15:32.298 -1.79570000E-04  2.58780000E-04  6.52070000E-04
2001-11-29T02:15:33.298 -9.40450000E-05  1.82810000E-04  4.24300000E-04
2001-11-29T02:15:34.298 -2.26300000E-04  2.28180000E-04  5.22050000E-04
2001-11-29T02:15:35.298 -6.13790000E-05  2.69670000E-04  4.48180000E-04
2001-11-29T02:15:36.298 -1.27820000E-04  4.01010000E-04  5.87740000E-04
2001-11-29T02:15:37.298 -2.21930000E-05  3.45250000E-04  4.86360000E-04
2001-11-29T02:15:38.298 -1.02460000E-04  4.53060000E-04  4.19670000E-04
2001-11-29T02:15:39.298 -1.03440000E-04  3.20230000E-04  6.35110000E-04
2001-11-29T02:15:40.298 -1.57200000E-04  6.92330000E-04  4.91330000E-04
2001-11-29T02:15:41.298 -1.18730000E-05  5.31380000E-04  4.20690000E-04
2001-11-29T02:15:42.298 -1.42360000E-04  5.21480000E-04  4.93610000E-04
2001-11-29T02:15:43.298 -7.76480000E-05  5.80880000E-04  5.88900000E-04
2001-11-29T02:15:44.298 -1.37240000E-04  6.52450000E-04  3.97130000E-04
2001-11-29T02:15:45.298 -4.02450000E-05  4.65780000E-04  6.64090000E-04
2001-11-29T02:15:46.298 -6.15880000E-05  7.60890000E-04  2.75470000E-04
2001-11-29T02:15:47.298 -1.87130000E-04  6.14600000E-04  7.52060000E-04
2001-11-29T02:15:48.298  1.28920000E-05  7.12950000E-04  3.32370000E-04
2001-11-29T02:15:49.298 -8.63360000E-05  8.31580000E-04  7.90610000E-04
2001-11-29T02:15:50.298 -2.49980000E-04  6.73640000E-04  5.67840000E-04
2001-11-29T02:15:51.298 -5.08430000E-06  7.47800000E-04  3.78370000E-04
2001-11-29T02:15:52.298 -1.83810000E-04  1.21350000E-03  5.96590000E-04
2001-11-29T02:15:53.298 -1.72750000E-04  1.30330000E-03  5.18920000E-04
2001-11-29T02:15:54.298 -1.69830000E-04  1.46890000E-03  6.40050000E-04
2001-11-29T02:15:55.298 -8.81480000E-05  1.57780000E-03  4.29500000E-04
2001-11-29T02:15:56.298 -1.08240000E-04  1.47880000E-03  6.96220000E-04
2001-11-29T02:15:57.298 -1.20050000E-04  1.53300000E-03  3.17480000E-04
2001-11-29T02:15:58.298 -1.40980000E-04  1.43880000E-03  4.29840000E-04
2001-11-29T02:15:59.298 -1.60580000E-04  1.49010000E-03  7.15290000E-04
2001-11-29T02:16:00.298 -2.94470000E-04  1.51050000E-03  2.79180000E-04
2001-11-29T02:16:01.298 -1.32370000E-05  1.47950000E-03  4.23170000E-04
2001-11-29T02:16:02.298 -1.56170000E-04  1.84720000E-03  5.00460000E-04
2001-11-29T02:16:03.298 -1.57270000E-04  1.93060000E-03  4.59760000E-04
2001-11-29T02:16:04.298 -1.18230000E-04  2.10910000E-03  7.33560000E-04
2001-11-29T02:16:05.298 -5.37630000E-05  2.15970000E-03  4.99790000E-04
2001-11-29T02:16:06.298 -3.08270000E-04  2.22410000E-03  4.94960000E-04
2001-11-29T02:16:07.298 -4.39390000E-05  2.20630000E-03  4.31190000E-04
2001-11-29T02:16:08.298 -4.88480000E-05  2.33300000E-03  5.54640000E-04
2001-11-29T02:16:09.298 -9.06530000E-05  2.51700000E-03  4.76420000E-04
2001-11-29T02:16:10.298 -2.75910000E-04  3.03890000E-03  7.11210000E-04
2001-11-29T02:16:11.298 -2.18240000E-05  3.05210000E-03  2.58920000E-04
2001-11-29T02:16:12.298 -2.30800000E-04  3.33520000E-03  6.67150000E-04
2001-11-29T02:16:13.298 -1.88820000E-04  3.53960000E-03  3.86710000E-04
2001-11-29T02:16:14.298 -2.38760000E-04  3.86220000E-03  7.61770000E-04
2001-11-29T02:16:15.298 -4.65650000E-05  3.93620000E-03  4.00860000E-04
2001-11-29T02:16:16.298 -2.83680000E-04  3.81200000E-03  4.91690000E-04
2001-11-29T02:16:17.298 -1.23740000E-05  4.30170000E-03  6.61030000E-04
2001-11-29T02:16:18.298 -3.81140000E-04  4.41280000E-03  4.67720000E-04
2001-11-29T02:16:19.298  1.27970000E-04  4.63270000E-03  7.47520000E-04
2001-11-29T02:16:20.298 -2.30040000E-04  4.75340000E-03  3.85470000E-04
2001-11-29T02:16:21.298 -1.96750000E-04  4.85020000E-03  7.95650000E-04
2001-11-29T02:16:22.298 -2.23340000E-04  5.14100000E-03  4.00280000E-04
2001-11-29T02:16:23.298  2.87300000E-05  5.28670000E-03  7.87540000E-04
2001-11-29T02:16:24.298 -1.82690000E-04  5.34060000E-03  6.02530000E-04
2001-11-29T02:16:25.298 -2.05380000E-04  5.57470000E-03  5.43780000E-04
2001-11-29T02:16:26.298 -9.37410000E-05  5.54790000E-03  5.85420000E-04
2001-11-29T02:16:27.298 -1.65120000E-04  5.88710000E-03  6.29250000E-04
2001-11-29T02:16:28.298 -7.50530000E-06  6.43500000E-03  5.08450000E-04
2001-11-29T02:16:29.298 -2.24070000E-04  6.33320000E-03  7.77620000E-04
2001-11-29T02:16:30.298 -1.83850000E-05  6.52100000E-03  4.99420000E-04
2001-11-29T02:16:31.298 -1.71050000E-04  6.77050000E-03  6.94290000E-04
2001-11-29T02:16:32.298 -9.58880000E-05  7.03820000E-03  5.48440000E-04
2001-11-29T02:16:33.298 -1.69160000E-04  7.28100000E-03  8.14470000E-04
2001-11-29T02:16:34.298 -1.48490000E-04  7.23550000E-03  5.29010000E-04
2001-11-29T02:16:35.298 -1.88780000E-04  7.50450000E-03  5.92300000E-04
2001-11-29T02:16:36.298 -3.04140000E-04  7.82190000E-03  5.77620000E-04
2001-11-29T02:16:37.298 -2.28950000E-04  7.90160000E-03  4.64260000E-04
2001-11-29T02:16:38.298 -1.27130000E-04  7.97860000E-03  7.13730000E-04
2001-11-29T02:16:39.298 -1.05850000E-04  8.16650000E-03  7.80540000E-04
2001-11-29T02:16:40.298 -1.06810000E-04  8.17940000E-03  7.81290000E-04
2001-11-29T02:16:41.298 -2.66810000E-04  8.71560000E-03  4.33870000E-04
2001-11-29T02:16:42.298 -2.16750000E-04  8.86960000E-03  7.95730000E-04
2001-11-29T02:16:43.298 -1.94270000E-04  8.92410000E-03  6.51770000E-04
2001-11-29T02:16:44.298 -9.90930000E-05  8.98510000E-03  8.26730000E-04
2001-11-29T02:16:45.298 -1.84280000E-04  9.52040000E-03  5.99430000E-04
2001-11-29T02:16:46.298 -2.41230000E-04  9.96940000E-03  6.61200000E-04
2001-11-29T02:16:47.298 -2.99530000E-04  1.02410000E-02  9.30150000E-04
2001-11-29T02:16:48.298 -2.06120000E-04  1.06540000E-02  8.07480000E-04
2001-11-29T02:16:49.298 -3.03660000E-04  1.06380000E-02  9.56300000E-04
2001-11-29T02:16:50.298 -1.99680000E-04  1.08870000E-02  7.11680000E-04
2001-11-29T02:16:51.298 -9.59070000E-05  1.10830000E-02  7.69800000E-04
2001-11-29T02:16:52.298 -3.25560000E-04  1.12790000E-02  8.81500000E-04
2001-11-29T02:16:53.298 -4.23950000E-04  1.11860000E-02  8.64700000E-04
2001-11-29T02:16:54.298 -2.16220000E-04  1.13500000E-02  9.14060000E-04
2001-11-29T02:16:55.298 -4.99660000E-04  1.15220000E-02  6.32200000E-04
2001-11-29T02:16:56.298 -3.81770000E-04  1.22270000E-02  9.27920000E-04
2001-11-29T02:16:57.298 -2.91550000E-04  1.24320000E-02  7.73000000E-04
2001-11-29T02:16:58.298 -6.13670000E-04  1.23600000E-02  8.83780000E-04
2001-11-29T02:16:59.298 -7.27570000E-05  1.31850000E-02  1.01320000E-03
2001-11-29T02:17:00.298 -6.92800000E-04  1.32560000E-02  9.40890000E-04
2001-11-29T02:17:01.298 -2.89600000E-04  1.36860000E-02  9.79360000E-04
2001-11-29T02:17:02.298 -3.27920000E-04  1.35310000E-02  9.72100000E-04
2001-11-29T02:17:03.298 -4.69540000E-04  1.36510000E-02  9.17750000E-04
2001-11-29T02:17:04.298 -5.57830000E-04  1.45380000E-02  9.16920000E-04
2001-11-29T02:17:05.298 -3.50410000E-04  1.48020000E-02  7.67430000E-04
2001-11-29T02:17:06.298 -5.33300000E-04  1.43030000E-02  1.03820000E-03
2001-11-29T02:17:07.298 -3.49870000E-04  1.48290000E-02  8.15600000E-04
2001-11-29T02:17:08.298 -7.69120000E-05  1.52840000E-02  7.53790000E-04
2001-11-29T02:17:09.298 -5.06720000E-04  1.50010000E-02  8.34340000E-04
2001-11-29T02:17:10.298 -4.02920000E-04  1.53360000E-02  7.99010000E-04
2001-11-29T02:17:11.298 -1.59550000E-04  1.52900000E-02  1.02980000E-03
2001-11-29T02:17:12.298 -3.03710000E-04  1.58480000E-02  7.86940000E-04
2001-11-29T02:17:13.298 -6.44570000E-04  1.60160000E-02  8.54010000E-04
2001-11-29T02:17:14.298 -1.23890000E-04  1.58150000E-02  7.74040000E-04
2001-11-29T02:17:15.298  7.11150000E-05  1.66590000E-02  7.85430000E-04
2001-11-29T02:17:16.298 -9.33510000E-04  1.64790000E-02  6.71410000E-04
2001-11-29T02:17:17.298  3.89960000E-04  1.73200000E-02  1.13220000E-03
2001-11-29T02:17:18.298 -8.92470000E-04  1.61460000E-02  4.31940000E-04
2001-11-29T02:17:19.298  2.00590000E-04  1.69030000E-02  1.04900000E-03
2001-11-29T02:17:20.298 -5.29860000E-04  1.64130000E-02  8.14070000E-04
2001-11-29T02:17:21.298 -1.39260000E-04  1.75780000E-02  5.74330000E-04
2001-11-29T02:17:22.298 -7.98020000E-04  1.71510000E-02  9.21120000E-04
2001-11-29T02:17:23.298  1.01970000E-04  1.83570000E-02  5.45620000E-04
2001-11-29T02:17:24.298  2.06970000E-04  1.85300000E-02  9.62180000E-04
2001-11-29T02:17:25.298 -3.48490000E-04  1.93520000E-02  5.60780000E-04
2001-11-29T02:17:26.298 -6.14960000E-04  1.98130000E-02  8.57740000E-04
2001-11-29T02:17:27.298 -7.17610000E-04  1.98620000E-02  6.97820000E-04
2001-11-29T02:17:28.298 -2.53790000E-04  1.93320000E-02  7.27510000E-04
2001-11-29T02:17:29.298 -5.70670000E-04  1.97010000E-02  8.60600000E-04
2001-11-29T02:17:30.298 -3.55060000E-04  1.94330000E-02  8.65740000E-04
2001-11-29T02:17:31.298 -4.46850000E-04  1.95290000E-02  6.31190000E-04
2001-11-29T02:17:32.298  4.15120000E-04  1.79040000E-02  1.12940000E-03
2001-11-29T02:17:33.298 -5.12530000E-04  1.78390000E-02  7.06260000E-04
2001-11-29T02:17:34.298 -1.09250000E-04  2.04350000E-02  9.94260000E-04
2001-11-29T02:17:35.298 -5.04020000E-04  1.90300000E-02  1.02260000E-03
2001-11-29T02:17:36.298 -1.20400000E-03  1.73730000E-02  6.75220000E-04
2001-11-29T02:17:37.298 -3.61670000E-04  1.80290000E-02  9.93070000E-04
2001-11-29T02:17:38.298 -3.29350000E-04  1.94410000E-02  9.56720000E-04
2001-11-29T02:17:39.298 -2.77990000E-04  1.93720000E-02  9.41450000E-04
2001-11-29T02:17:40.298 -1.20380000E-03  2.05090000E-02  9.13660000E-04
2001-11-29T02:17:41.298  2.17700000E-04  2.17310000E-02  1.27280000E-03
2001-11-29T02:17:42.298 -9.11710000E-04  2.08600000E-02  8.09640000E-04
2001-11-29T02:17:43.298 -5.94880000E-04  2.30040000E-02  1.06970000E-03
2001-11-29T02:17:44.298 -5.08180000E-04  2.35800000E-02  1.23310000E-03
2001-11-29T02:17:45.298 -5.50030000E-04  2.54330000E-02  1.02900000E-03
2001-11-29T02:17:46.298 -7.28390000E-04  2.72810000E-02  1.12740000E-03
2001-11-29T02:17:47.298 -5.25240000E-04  2.84810000E-02  9.38260000E-04
2001-11-29T02:17:48.298 -6.56620000E-04  2.85430000E-02  1.13540000E-03
2001-11-29T02:17:49.298 -5.18270000E-04  2.94140000E-02  1.07020000E-03
2001-11-29T02:17:50.298 -5.52480000E-04  2.99830000E-02  9.14200000E-04
2001-11-29T02:17:51.298 -7.07900000E-04  2.99500000E-02  1.13710000E-03
2001-11-29T02:17:52.298 -2.76640000E-04  3.02040000E-02  9.24040000E-04
2001-11-29T02:17:53.298 -8.33040000E-04  2.96280000E-02  9.24040000E-04
2001-11-29T02:17:54.298 -4.25720000E-04  3.04410000E-02  9.84110000E-04
2001-11-29T02:17:55.298 -5.37090000E-04  3.37700000E-02  9.09730000E-04
2001-11-29T02:17:56.298 -5.45880000E-04  3.07310000E-02  9.37840000E-04
2001-11-29T02:17:57.298 -4.68470000E-04  2.91420000E-02  1.16050000E-03
2001-11-29T02:17:58.298 -5.33500000E-04  2.82410000E-02  7.98370000E-04
2001-11-29T02:17:59.298 -3.38260000E-04  2.85730000E-02  8.31880000E-04
2001-11-29T02:18:00.298 -5.97510000E-04  2.82150000E-02  9.83180000E-04
2001-11-29T02:18:01.298 -3.04370000E-04  2.97850000E-02  1.00950000E-03
2001-11-29T02:18:02.298 -5.20560000E-04  2.81190000E-02  1.14020000E-03
2001-11-29T02:18:03.298 -5.24430000E-04  2.79990000E-02  8.35360000E-04
2001-11-29T02:18:04.298 -5.32090000E-04  2.83590000E-02  8.33690000E-04
2001-11-29T02:18:05.298 -4.98640000E-04  2.95420000E-02  1.16490000E-03
2001-11-29T02:18:06.298 -6.58060000E-04  2.90300000E-02  8.87390000E-04
2001-11-29T02:18:07.298 -6.33180000E-04  2.81060000E-02  9.79650000E-04
2001-11-29T02:18:08.298 -4.51340000E-04  2.69730000E-02  1.00130000E-03
2001-11-29T02:18:09.298 -8.17960000E-04  2.59470000E-02  1.13460000E-03
2001-11-29T02:18:10.298 -5.41780000E-04  2.55320000E-02  8.66210000E-04
2001-11-29T02:18:11.298 -5.91030000E-04  2.51710000E-02  9.39690000E-04
2001-11-29T02:18:12.298 -8.06910000E-04  2.29230000E-02  9.77400000E-04
2001-11-29T02:18:13.298 -4.37300000E-04  2.31080000E-02  1.16230000E-03
2001-11-29T02:18:14.298 -6.04200000E-04  2.36180000E-02  9.89580000E-04
2001-11-29T02:18:15.298 -6.14420000E-04  2.45940000E-02  1.07120000E-03
2001-11-29T02:18:16.298 -5.58000000E-04  2.46270000E-02  9.49630000E-04
2001-11-29T02:18:17.298 -7.65310000E-04  2.47570000E-02  1.04540000E-03
2001-11-29T02:18:18.298 -8.09200000E-04  2.30270000E-02  1.08730000E-03
2001-11-29T02:18:19.298 -2.97360000E-04  2.28310000E-02  8.52250000E-04
2001-11-29T02:18:20.298 -5.20480000E-04  2.33640000E-02  9.92330000E-04
2001-11-29T02:18:21.298 -3.53910000E-04  2.31570000E-02  9.94650000E-04
2001-11-29T02:18:22.298 -4.49220000E-04  2.50230000E-02  9.99330000E-04
2001-11-29T02:18:23.298 -3.95220000E-04  2.49870000E-02  1.02620000E-03
2001-11-29T02:18:24.298 -4.93610000E-04  2.60040000E-02  9.91460000E-04
2001-11-29T02:18:25.298 -4.38870000E-04  2.59770000E-02  9.90460000E-04
2001-11-29T02:18:26.298 -2.01020000E-04  2.63010000E-02  1.04490000E-03
2001-11-29T02:18:27.298 -6.14890000E-04  2.58280000E-02  1.03730000E-03
2001-11-29T02:18:28.298 -1.72730000E-04  2.55310000E-02  8.02680000E-04
2001-11-29T02:18:29.298 -4.95860000E-04  2.52640000E-02  1.16810000E-03
2001-11-29T02:18:30.298 -3.42130000E-04  2.72290000E-02  8.19860000E-04
2001-11-29T02:18:31.298 -2.32650000E-04  2.73560000E-02  1.05190000E-03
2001-11-29T02:18:32.298 -6.22770000E-04  2.57990000E-02  9.47770000E-04
2001-11-29T02:18:33.298 -3.36560000E-04  2.64710000E-02  8.64690000E-04
2001-11-29T02:18:34.298 -4.09550000E-04  2.70520000E-02  1.18020000E-03
2001-11-29T02:18:35.298 -4.86860000E-04  2.62830000E-02  9.70940000E-04
2001-11-29T02:18:36.298 -3.30880000E-04  2.58170000E-02  8.13820000E-04
2001-11-29T02:18:37.298 -4.47680000E-04  2.57950000E-02  9.68010000E-04
2001-11-29T02:18:38.298 -4.83230000E-04  2.54260000E-02  9.26980000E-04
2001-11-29T02:18:39.298 -6.65190000E-04  2.60770000E-02  1.06760000E-03
2001-11-29T02:18:40.298 -3.11850000E-04  2.53780000E-02  9.04340000E-04
2001-11-29T02:18:41.298 -7.56850000E-04  2.50940000E-02  9.52580000E-04
2001-11-29T02:18:42.298 -3.80570000E-04  2.49820000E-02  9.46310000E-04
2001-11-29T02:18:43.298 -5.21660000E-04  2.49600000E-02  1.04040000E-03
2001-11-29T02:18:44.298 -6.29750000E-04  2.45120000E-02  7.82120000E-04
2001-11-29T02:18:45.298 -5.69340000E-04  2.43370000E-02  1.09820000E-03
2001-11-29T02:18:46.298 -5.35710000E-04  2.45570000E-02  1.02340000E-03
2001-11-29T02:18:47.298 -6.55490000E-04  2.50450000E-02  8.27880000E-04
2001-11-29T02:18:48.298 -2.25860000E-04  2.54200000E-02  1.09590000E-03
2001-11-29T02:18:49.298 -7.35640000E-04  2.47420000E-02  8.43500000E-04
2001-11-29T02:18:50.298 -4.96600000E-04  2.49920000E-02  1.09450000E-03
2001-11-29T02:18:51.298 -3.46790000E-04  2.51770000E-02  1.02590000E-03
2001-11-29T02:18:52.298 -8.96960000E-04  2.49670000E-02  6.88270000E-04
2001-11-29T02:18:53.298 -4.49680000E-04  2.56160000E-02  9.59840000E-04
2001-11-29T02:18:54.298 -3.89620000E-04  2.46430000E-02  1.07680000E-03
2001-11-29T02:18:55.298 -3.04910000E-04  2.40770000E-02  8.89230000E-04
2001-11-29T02:18:56.298 -5.75160000E-04  2.42240000E-02  9.27350000E-04
2001-11-29T02:18:57.298 -3.49500000E-04  2.42910000E-02  1.32760000E-03
2001-11-29T02:18:58.298 -3.71840000E-04  2.40690000E-02  6.86240000E-04
2001-11-29T02:18:59.298 -1.37240000E-04  2.30760000E-02  1.13150000E-03
2001-11-29T02:19:00.298 -3.82550000E-04  2.25180000E-02  7.65480000E-04
2001-11-29T02:19:01.298 -3.08410000E-04  2.33100000E-02  1.21050000E-03
2001-11-29T02:19:02.298 -1.21060000E-04  2.42350000E-02  9.84640000E-04
2001-11-29T02:19:03.298 -3.09670000E-04  2.35350000E-02  8.78260000E-04
2001-11-29T02:19:04.298 -1.05930000E-04  2.28670000E-02  8.38500000E-04
2001-11-29T02:19:05.298 -8.44070000E-04  2.20360000E-02  1.03530000E-03
2001-11-29T02:19:06.298  4.56000000E-04  2.20900000E-02  9.55200000E-04
2001-11-29T02:19:07.298 -9.13670000E-04  2.00940000E-02  7.52850000E-04
2001-11-29T02:19:08.298 -6.69920000E-04  1.98130000E-02  9.75480000E-04
2001-11-29T02:19:09.298  3.06600000E-04  1.85670000E-02  1.08370000E-03
2001-11-29T02:19:10.298 -9.99910000E-04  1.68940000E-02  6.37610000E-04
2001-11-29T02:19:11.298 -4.55410000E-04  1.80510000E-02  1.10500000E-03
2001-11-29T02:19:12.298  3.14400000E-04  1.84420000E-02  6.19840000E-04
2001-11-29T02:19:13.298 -7.60670000E-04  1.64980000E-02  7.82010000E-04
2001-11-29T02:19:14.298 -3.65030000E-04  1.56420000E-02  8.54370000E-04
2001-11-29T02:19:15.298 -8.84810000E-05  1.55810000E-02  8.11660000E-04
2001-11-29T02:19:16.298 -2.59980000E-04  1.63580000E-02  8.25600000E-04
2001-11-29T02:19:17.298 -5.35670000E-04  1.73170000E-02  7.20220000E-04
2001-11-29T02:19:18.298 -8.11080000E-04  1.74620000E-02  7.27490000E-04
2001-11-29T02:19:19.298  1.82610000E-04  1.85000000E-02  9.12610000E-04
2001-11-29T02:19:20.298 -8.85150000E-04  1.60500000E-02  1.00200000E-03
2001-11-29T02:19:21.298 -3.81660000E-04  1.58620000E-02  7.54930000E-04
2001-11-29T02:19:22.298 -2.52500000E-04  1.58410000E-02  7.70890000E-04
2001-11-29T02:19:23.298 -3.12880000E-04  1.53440000E-02  7.95550000E-04
2001-11-29T02:19:24.298 -3.99960000E-04  1.45580000E-02  8.83010000E-04
2001-11-29T02:19:25.298 -3.48080000E-04  1.45450000E-02  6.86990000E-04
2001-11-29T02:19:26.298 -3.18870000E-04  1.43860000E-02  5.70220000E-04
2001-11-29T02:19:27.298 -2.48730000E-04  1.39090000E-02  8.86420000E-04
2001-11-29T02:19:28.298 -4.19000000E-04  1.34940000E-02  7.44400000E-04
2001-11-29T02:19:29.298 -1.45710000E-04  1.37530000E-02  6.00620000E-04
2001-11-29T02:19:30.298 -1.10550000E-04  1.35750000E-02  8.58830000E-04
2001-11-29T02:19:31.298 -4.32540000E-04  1.28920000E-02  6.00980000E-04
2001-11-29T02:19:32.298 -1.13990000E-04  1.27940000E-02  7.74950000E-04
2001-11-29T02:19:33.298 -5.09330000E-04  1.05960000E-02  6.99030000E-04
2001-11-29T02:19:34.298 -3.96170000E-04  9.57990000E-03  6.56140000E-04
2001-11-29T02:19:35.298  7.05830000E-05  1.11000000E-02  7.24560000E-04
2001-11-29T02:19:36.298 -3.43420000E-04  1.08310000E-02  7.01110000E-04
2001-11-29T02:19:37.298 -2.52110000E-04  9.70200000E-03  6.03420000E-04
2001-11-29T02:19:38.298 -1.80060000E-04  9.91690000E-03  8.17560000E-04
2001-11-29T02:19:39.298 -1.16190000E-04  9.41630000E-03  6.18740000E-04
2001-11-29T02:19:40.298 -2.09640000E-04  9.10640000E-03  8.77640000E-04
2001-11-29T02:19:41.298 -8.07590000E-05  1.02210000E-02  4.35130000E-04
2001-11-29T02:19:42.298 -4.35000000E-04  9.92840000E-03  7.32940000E-04
2001-11-29T02:19:43.298 -2.56490000E-04  9.76600000E-03  5.85330000E-04
2001-11-29T02:19:44.298 -6.94220000E-05  1.03090000E-02  8.93610000E-04
2001-11-29T02:19:45.298  8.15460000E-05  9.17630000E-03  6.11890000E-04
2001-11-29T02:19:46.298 -3.66270000E-04  7.43200000E-03  6.44410000E-04
2001-11-29T02:19:47.298  5.85810000E-05  7.01900000E-03  7.93940000E-04
2001-11-29T02:19:48.298 -5.45660000E-05  7.88780000E-03  5.19900000E-04
2001-11-29T02:19:49.298 -1.37820000E-04  6.71290000E-03  6.95670000E-04
2001-11-29T02:19:50.298 -1.84650000E-04  6.29270000E-03  7.41310000E-04
2001-11-29T02:19:51.298 -1.14680000E-04  6.54790000E-03  4.20800000E-04
2001-11-29T02:19:52.298 -1.72390000E-04  6.75410000E-03  8.39640000E-04
2001-11-29T02:19:53.298  4.19880000E-05  5.65560000E-03  4.06240000E-04
2001-11-29T02:19:54.298 -1.70090000E-04  5.05210000E-03  9.36970000E-04
2001-11-29T02:19:55.298 -1.32520000E-04  4.85720000E-03  3.39010000E-04
2001-11-29T02:19:56.298 -7.34840000E-05  4.74150000E-03  7.01740000E-04
2001-11-29T02:19:57.298 -3.87820000E-04  4.27120000E-03  4.42980000E-04
2001-11-29T02:19:58.298 -2.25570000E-05  4.12590000E-03  8.93110000E-04
2001-11-29T02:19:59.298 -2.29520000E-04  4.26450000E-03  2.41920000E-04
2001-11-29T02:20:00.298 -6.04580000E-06  4.14400000E-03  7.55970000E-04
2001-11-29T02:20:01.298 -5.59340000E-05  3.88690000E-03  5.04100000E-04
2001-11-29T02:20:02.298 -1.26330000E-04  3.76830000E-03  5.76790000E-04
2001-11-29T02:20:03.298 -1.96110000E-04  3.52140000E-03  2.17330000E-04
2001-11-29T02:20:04.298 -7.35620000E-07  3.52020000E-03  8.45900000E-04
2001-11-29T02:20:05.298 -7.22180000E-05  3.20970000E-03  3.42660000E-04
2001-11-29T02:20:06.298 -1.88720000E-04  3.70200000E-03  7.63880000E-04
2001-11-29T02:20:07.298 -3.68030000E-06  3.84830000E-03  4.29320000E-04
2001-11-29T02:20:08.298 -3.74240000E-04  3.60810000E-03  5.53990000E-04
2001-11-29T02:20:09.298  3.41920000E-05  3.73750000E-03  5.21070000E-04
2001-11-29T02:20:10.298 -3.09370000E-04  3.57790000E-03  8.33810000E-04
2001-11-29T02:20:11.298 -1.76830000E-04  3.45560000E-03  3.66370000E-04
2001-11-29T02:20:12.298 -1.22370000E-04  3.56600000E-03  8.06560000E-04
2001-11-29T02:20:13.298 -2.78870000E-04  3.36390000E-03  3.53360000E-04
2001-11-29T02:20:14.298  1.27380000E-04  2.99240000E-03  7.37150000E-04
2001-11-29T02:20:15.298 -2.07650000E-04  2.95380000E-03  4.03700000E-04
2001-11-29T02:20:16.298 -2.29280000E-04  2.88150000E-03  5.07010000E-04
2001-11-29T02:20:17.298 -1.73590000E-05  2.80540000E-03  4.39760000E-04
2001-11-29T02:20:18.298 -1.22280000E-04  2.58960000E-03  7.44610000E-04
2001-11-29T02:20:19.298 -3.12390000E-04  2.10250000E-03  3.97160000E-04
2001-11-29T02:20:20.298 -4.96980000E-05  2.13490000E-03  7.06110000E-04
2001-11-29T02:20:21.298 -1.18970000E-04  1.76440000E-03  2.50330000E-04
2001-11-29T02:20:22.298 -1.91090000E-04  1.88210000E-03  6.91880000E-04
2001-11-29T02:20:23.298  4.40360000E-05  1.49780000E-03  4.21380000E-04
2001-11-29T02:20:24.298 -1.99860000E-04  1.25760000E-03  4.21190000E-04
2001-11-29T02:20:25.298 -1.02860000E-04  1.28830000E-03  4.38020000E-04
2001-11-29T02:20:26.298 -1.03950000E-04  1.19660000E-03  6.26330000E-04
2001-11-29T02:20:27.298 -5.47480000E-05  1.21020000E-03  5.89940000E-04
2001-11-29T02:20:28.298 -1.22360000E-04  9.85880000E-04  4.75940000E-04
2001-11-29T02:20:29.298 -8.75160000E-05  1.10780000E-03  5.07330000E-04
2001-11-29T02:20:30.298 -1.04230000E-04  1.04890000E-03  4.88610000E-04
2001-11-29T02:20:31.298 -6.34430000E-05  1.02180000E-03  5.93100000E-04
2001-11-29T02:20:32.298 -1.14970000E-04  1.14230000E-03  3.68130000E-04
2001-11-29T02:20:33.298 -8.17050000E-05  1.05280000E-03  5.40460000E-04
2001-11-29T02:20:34.298 -2.15290000E-04  9.92150000E-04  3.77740000E-04
2001-11-29T02:20:35.298 -7.40780000E-05  8.94820000E-04  4.65210000E-04
2001-11-29T02:20:36.298 -3.85250000E-05  8.33100000E-04  8.08450000E-04
2001-11-29T02:20:37.298 -1.79640000E-05  8.74950000E-04  1.69020000E-04
2001-11-29T02:20:38.298 -1.57500000E-04  7.38520000E-04  6.61490000E-04
2001-11-29T02:20:39.298 -1.36020000E-04  9.22470000E-04  5.11430000E-04
2001-11-29T02:20:40.298 -1.66910000E-04  9.90370000E-04  3.54910000E-04
2001-11-29T02:20:41.298 -2.40410000E-05  9.40060000E-04  5.58320000E-04
2001-11-29T02:20:42.298 -1.19310000E-04  8.84960000E-04  3.64530000E-04
2001-11-29T02:20:43.298 -1.53200000E-04  9.10990000E-04  8.28540000E-04
2001-11-29T02:20:44.298 -3.70560000E-05  9.03170000E-04  4.43940000E-04
2001-11-29T02:20:45.298 -9.21160000E-05  6.96720000E-04  1.52160000E-04
2001-11-29T02:20:46.298 -8.35990000E-05  7.75160000E-04  7.66530000E-04
2001-11-29T02:20:47.298 -1.89060000E-04  8.23570000E-04  4.83130000E-04
2001-11-29T02:20:48.298 -2.04160000E-04  7.01820000E-04  3.28900000E-04
2001-11-29T02:20:49.298  7.94920000E-06  8.36150000E-04  6.29000000E-04
2001-11-29T02:20:50.298 -1.50610000E-04  7.58560000E-04  4.88250000E-04
2001-11-29T02:20:51.298 -9.71890000E-05  6.60300000E-04  6.83830000E-04
2001-11-29T02:20:52.298 -1.11850000E-04  6.07260000E-04  3.11190000E-04
2001-11-29T02:20:53.298 -5.69990000E-05  6.59110000E-04  5.01410000E-04
2001-11-29T02:20:54.298 -6.30600000E-05  4.67760000E-04  5.51240000E-04
2001-11-29T02:20:55.298 -2.20980000E-04  2.72000000E-04  4.61000000E-04
2001-11-29T02:20:56.298  2.00550000E-05  3.23930000E-04  6.72910000E-04
2001-11-29T02:20:57.298 -2.15690000E-04  2.45040000E-04  1.81630000E-04
2001-11-29T02:20:58.298 -1.78880000E-05  1.11330000E-04  6.12220000E-04
2001-11-29T02:20:59.298 -1.60310000E-04  1.73040000E-04  6.18900000E-04
2001-11-29T02:21:00.298 -1.82280000E-04  5.28620000E-05  3.40460000E-04
2001-11-29T02:21:01.298 -1.28370000E-04  1.05450000E-04  6.54930000E-04
2001-11-29T02:21:02.298 -6.06780000E-06  6.30130000E-05  4.31470000E-04
2001-11-29T02:21:03.298 -8.18990000E-05 -3.76890000E-05  2.55690000E-04
2001-11-29T02:21:04.298 -1.00330000E-04  8.63880000E-05  7.33870000E-04
2001-11-29T02:21:05.298 -1.81800000E-04 -3.76110000E-05  2.71980000E-04
2001-11-29T02:21:06.298 -9.15400000E-05  1.14830000E-04  5.73420000E-04
2001-11-29T02:21:07.298 -1.16760000E-04 -1.04400000E-04  3.93690000E-04
2001-11-29T02:21:08.298  5.08340000E-05  3.33750000E-05  5.99130000E-04
2001-11-29T02:21:09.298 -1.14450000E-04  6.52430000E-06  3.16060000E-04
2001-11-29T02:21:10.298 -1.28290000E-04 -1.11290000E-04  4.62280000E-04
2001-11-29T02:21:11.298 -4.85290000E-05  1.45220000E-04  1.52260000E-04
2001-11-29T02:21:12.298 -1.89840000E-04 -8.29710000E-05  6.89970000E-04
2001-11-29T02:21:13.298 -5.44790000E-05  8.72650000E-05  4.65570000E-04
2001-11-29T02:21:14.298 -6.09510000E-05 -1.25970000E-04  5.13160000E-04
2001-11-29T02:21:15.298 -1.93050000E-04 -5.62340000E-05  4.01570000E-04
2001-11-29T02:21:16.298  1.17150000E-04  6.33100000E-05  2.53160000E-04
2001-11-29T02:21:17.298 -2.70720000E-04 -9.11670000E-05  5.92470000E-04
2001-11-29T02:21:18.298  9.25100000E-05  3.71600000E-05  1.84770000E-04
2001-11-29T02:21:19.298 -1.68910000E-04  1.50240000E-05  6.16770000E-04
2001-11-29T02:21:20.298 -1.62900000E-04 -1.33890000E-04  3.66820000E-04
2001-11-29T02:21:21.298 -6.32560000E-05 -4.93450000E-05  4.64190000E-04
2001-11-29T02:21:22.298 -1.04080000E-04 -4.50810000E-05  4.54590000E-04
2001-11-29T02:21:23.298 -3.07820000E-05 -1.81690000E-05  3.96240000E-04
2001-11-29T02:21:24.298 -1.91530000E-04 -1.21190000E-04  2.85630000E-04
2001-11-29T02:21:25.298  2.21510000E-05 -4.15060000E-05  6.19640000E-04
2001-11-29T02:21:26.298 -1.49140000E-04 -1.28000000E-04  5.58770000E-04
2001-11-29T02:21:27.298  5.41360000E-05 -1.66810000E-05  5.71280000E-04
2001-11-29T02:21:28.298 -1.95330000E-04 -1.90910000E-05  4.42220000E-04
2001-11-29T02:21:29.298  1.41620000E-05 -1.40450000E-04  3.96850000E-04
2001-11-29T02:21:30.298 -7.81400000E-05 -4.00110000E-05  4.15310000E-04
2001-11-29T02:21:31.298 -1.48110000E-04 -2.51180000E-04  4.50400000E-04
2001-11-29T02:21:32.298 -1.16990000E-04 -1.58400000E-04  3.73390000E-04
2001-11-29T02:21:33.298 -5.79320000E-05 -7.71340000E-05  4.32550000E-04
2001-11-29T02:21:34.298 -1.63780000E-04 -7.47400000E-05  6.15290000E-04
2001-11-29T02:21:35.298 -1.47950000E-04  2.18600000E-05  2.86090000E-04
2001-11-29T02:21:36.298 -1.08190000E-04 -1.30790000E-04  4.53910000E-04
2001-11-29T02:21:37.298 -1.32220000E-04 -1.22630000E-04  5.29320000E-04
2001-11-29T02:21:38.298 -1.49450000E-04 -2.99630000E-04  5.39290000E-04
2001-11-29T02:21:39.298 -5.36340000E-05 -1.79810000E-04  2.78970000E-04
2001-11-29T02:21:40.298 -2.41500000E-04 -1.63240000E-04  7.05320000E-04
2001-11-29T02:21:41.298 -1.25780000E-04 -1.23430000E-04  3.25220000E-04
2001-11-29T02:21:42.298 -1.35380000E-04 -2.65570000E-04  5.92670000E-04
2001-11-29T02:21:43.298 -7.20320000E-05 -1.52360000E-04  3.78440000E-04
2001-11-29T02:21:44.298 -1.69230000E-04 -1.49670000E-04  5.74690000E-04
2001-11-29T02:21:45.298 -1.23680000E-05 -1.09250000E-04  2.89280000E-04
2001-11-29T02:21:46.298 -3.41110000E-04 -1.05180000E-04  4.53510000E-04
2001-11-29T02:21:47.298  5.90870000E-05 -3.84110000E-05  6.81210000E-04
2001-11-29T02:21:48.298 -1.48600000E-04 -3.51210000E-04  3.62360000E-04
2001-11-29T02:21:49.298 -4.08840000E-05 -4.82260000E-05  4.24920000E-04
2001-11-29T02:21:50.298 -2.37680000E-05 -2.39410000E-04  6.22240000E-04
2001-11-29T02:21:51.298 -1.93060000E-04 -1.56430000E-04  1.92290000E-04
2001-11-29T02:21:52.298 -9.53940000E-05 -2.05030000E-04  6.39130000E-04
2001-11-29T02:21:53.298 -1.52560000E-04 -1.63660000E-04  4.14980000E-04
2001-11-29T02:21:54.298  6.65730000E-06 -1.97540000E-04  3.68300000E-04
2001-11-29T02:21:55.298 -2.01120000E-04 -1.96960000E-04  6.26080000E-04
2001-11-29T02:21:56.298 -5.23620000E-07 -2.63200000E-04  3.48040000E-04
2001-11-29T02:21:57.298 -2.05340000E-04 -1.91540000E-04  3.09830000E-04
2001-11-29T02:21:58.298 -4.38190000E-05 -9.11680000E-05  5.22100000E-04
2001-11-29T02:21:59.298 -2.69320000E-04 -2.11570000E-04  6.21150000E-04
2001-11-29T02:22:00.298 -8.31880000E-05 -1.40740000E-04  2.82860000E-04
2001-11-29T02:22:01.298 -8.70910000E-05 -3.80140000E-04  5.86480000E-04
2001-11-29T02:22:02.298 -9.64380000E-05  1.87310000E-05  2.71540000E-04
2001-11-29T02:22:03.298 -9.81680000E-05 -2.58470000E-04  4.11760000E-04
2001-11-29T02:22:04.298 -2.25140000E-04 -1.13620000E-04  4.91360000E-04
2001-11-29T02:22:05.298 -9.27730000E-05 -3.39810000E-04  3.02600000E-04
2001-11-29T02:22:06.298 -1.80450000E-04 -2.25000000E-04  6.77200000E-04
2001-11-29T02:22:07.298 -1.45440000E-04 -2.13930000E-04  5.18140000E-04
2001-11-29T02:22:08.298 -1.65800000E-04 -2.66720000E-04  4.02310000E-04
2001-11-29T02:22:09.298 -1.02670000E-04 -1.66120000E-04  3.83870000E-04
2001-11-29T02:22:10.298 -1.51860000E-04 -2.58710000E-04  5.93500000E-04
2001-11-29T02:22:11.298 -1.45140000E-04 -2.14750000E-04  2.62120000E-04
2001-11-29T02:22:12.298 -3.84220000E-05 -2.78550000E-04  7.67660000E-04
2001-11-29T02:22:13.298 -3.33390000E-05 -9.93050000E-05  2.97660000E-04
2001-11-29T02:22:14.298 -4.17660000E-04 -2.83240000E-04  3.78680000E-04
2001-11-29T02:22:15.298 -4.41420000E-05 -2.84630000E-04  5.82450000E-04
2001-11-29T02:22:16.298 -2.09180000E-04 -2.44030000E-04  4.01750000E-04
2001-11-29T02:22:17.298 -3.46450000E-05 -7.17110000E-05  5.02460000E-04
2001-11-29T02:22:18.298 -2.65210000E-04 -3.94910000E-04  5.18820000E-04
2001-11-29T02:22:19.298  2.20990000E-05  9.54270000E-05  6.69260000E-04
2001-11-29T02:22:20.298 -3.40980000E-04 -4.03200000E-04  2.63920000E-04
2001-11-29T02:22:21.298  5.53370000E-05 -3.56740000E-05  4.03370000E-04
2001-11-29T02:22:22.298 -2.96840000E-04 -3.16570000E-04  5.67880000E-04
2001-11-29T02:22:23.298  1.96940000E-05 -2.06230000E-04  3.53940000E-04
2001-11-29T02:22:24.298 -1.14390000E-04 -1.81430000E-04  5.75200000E-04
2001-11-29T02:22:25.298 -3.06330000E-05 -1.91420000E-04  3.91820000E-04
2001-11-29T02:22:26.298 -1.60710000E-04 -1.62840000E-04  4.84300000E-04
2001-11-29T02:22:27.298 -5.41970000E-05 -2.01490000E-04  4.64980000E-04
2001-11-29T02:22:28.298 -2.32280000E-05 -1.86220000E-04  3.87260000E-04
2001-11-29T02:22:29.298 -2.21330000E-04 -3.72810000E-04  4.38780000E-04
2001-11-29T02:22:30.298 -7.37760000E-05 -1.98940000E-04  6.82690000E-04
2001-11-29T02:22:31.298 -1.59150000E-04 -3.79000000E-04  4.79140000E-04
2001-11-29T02:22:32.298 -9.31400000E-05 -1.89050000E-04  2.45280000E-04
2001-11-29T02:22:33.298 -6.72400000E-05 -2.76810000E-04  4.10120000E-04
2001-11-29T02:22:34.298 -4.19860000E-05 -2.21180000E-04  6.00480000E-04
2001-11-29T02:22:35.298 -2.43110000E-04 -3.08340000E-04  3.53000000E-04
2001-11-29T02:22:36.298 -8.78510000E-05 -1.63700000E-04  4.18440000E-04
2001-11-29T02:22:37.298 -1.97660000E-04 -2.73670000E-04  6.94630000E-04
2001-11-29T02:22:38.298  8.79820000E-05 -2.21650000E-04  2.82080000E-04
2001-11-29T02:22:39.298 -2.44000000E-04 -1.87250000E-04  5.29900000E-04
2001-11-29T02:22:40.298 -8.26460000E-05 -2.65630000E-04  5.52500000E-04
2001-11-29T02:22:41.298 -9.68830000E-05 -2.57490000E-04  4.38110000E-04
2001-11-29T02:22:42.298 -1.56980000E-04 -1.62870000E-04  2.59130000E-04
2001-11-29T02:22:43.298 -6.94020000E-05 -2.78720000E-04  4.41760000E-04
2001-11-29T02:22:44.298 -9.29530000E-05 -2.79530000E-04  6.76060000E-04
2001-11-29T02:22:45.298 -6.68370000E-05 -2.85790000E-04  5.54700000E-04
2001-11-29T02:22:46.298 -2.20580000E-04 -2.25510000E-04  2.34630000E-04
2001-11-29T02:22:47.298 -7.59200000E-05 -2.14930000E-04  5.40400000E-04
2001-11-29T02:22:48.298 -1.33130000E-04 -1.50460000E-04  4.24670000E-04
2001-11-29T02:22:49.298  1.71900000E-05 -3.21790000E-04  5.90460000E-04
2001-11-29T02:22:50.298 -1.69440000E-04 -1.52650000E-04  2.52410000E-04
2001-11-29T02:22:51.298 -1.19720000E-05 -3.28890000E-04  4.42260000E-04
2001-11-29T02:22:52.298 -2.85640000E-04 -2.04280000E-04  5.35380000E-04
2001-11-29T02:22:53.298 -1.03190000E-04 -1.69740000E-04  4.57670000E-04
2001-11-29T02:22:54.298 -1.10710000E-04 -2.14020000E-04  4.03520000E-04
2001-11-29T02:22:55.298 -1.29400000E-04 -2.01100000E-04  3.85530000E-04
2001-11-29T02:22:56.298 -1.24500000E-04 -3.25320000E-04  6.57410000E-04
2001-11-29T02:22:57.298 -2.17450000E-05 -4.40880000E-05  4.34620000E-04
2001-11-29T02:22:58.298 -2.68500000E-04 -2.92970000E-04  5.63210000E-04
2001-11-29T02:22:59.298 -5.59250000E-05 -1.23340000E-04  3.95670000E-04
2001-11-29T02:23:00.298 -1.72680000E-04 -3.41370000E-04  5.06300000E-04
2001-11-29T02:23:01.298 -3.82920000E-05 -1.80890000E-04  6.01190000E-04
2001-11-29T02:23:02.298 -1.82030000E-04 -3.54560000E-04  3.70050000E-04
2001-11-29T02:23:03.298 -3.14350000E-05 -6.08730000E-05  4.06810000E-04
2001-11-29T02:23:04.298 -2.02180000E-04 -3.45560000E-04  5.68190000E-04
2001-11-29T02:23:05.298 -9.20810000E-05 -1.79900000E-04  4.03410000E-04
2001-11-29T02:23:06.298 -2.01380000E-04 -2.47820000E-04  5.39510000E-04
2001-11-29T02:23:07.298  2.80060000E-06 -3.01900000E-04  4.42930000E-04
2001-11-29T02:23:08.298 -2.10340000E-04 -3.62610000E-04  4.17630000E-04
2001-11-29T02:23:09.298 -1.14050000E-04 -2.30530000E-04  6.93450000E-04
2001-11-29T02:23:10.298 -2.47010000E-04 -1.62580000E-04  3.22820000E-04
2001-11-29T02:23:11.298 -1.37000000E-05 -1.99690000E-04  6.25180000E-04
2001-11-29T02:23:12.298 -2.65760000E-04 -1.91250000E-04  4.17050000E-04
2001-11-29T02:23:13.298 -1.17730000E-04 -2.91010000E-04  2.98170000E-04
2001-11-29T02:23:14.298 -2.09890000E-04 -2.78540000E-04  5.77980000E-04
2001-11-29T02:23:15.298 -1.51380000E-04 -2.46070000E-04  4.51170000E-04
2001-11-29T02:23:16.298 -1.55380000E-05 -2.78640000E-04  6.35020000E-04
2001-11-29T02:23:17.298 -2.39680000E-04 -2.69130000E-04  3.17570000E-04
2001-11-29T02:23:18.298 -9.43400000E-05 -1.47370000E-04  6.49630000E-04
2001-11-29T02:23:19.298 -1.76040000E-04 -1.53780000E-04  1.23680000E-04
2001-11-29T02:23:20.298 -3.26110000E-04 -2.68440000E-04  5.68740000E-04
2001-11-29T02:23:21.298  5.39290000E-05 -2.76090000E-04  4.65250000E-04
2001-11-29T02:23:22.298 -5.50110000E-05 -2.58710000E-04  3.84450000E-04
2001-11-29T02:23:23.298 -2.43200000E-04 -1.79810000E-04  5.54740000E-04
2001-11-29T02:23:24.298 -5.52850000E-05 -1.69260000E-04  5.14670000E-04
2001-11-29T02:23:25.298 -2.45140000E-04 -2.08580000E-04  4.77200000E-04
2001-11-29T02:23:26.298 -5.63230000E-05 -1.97510000E-04  5.03390000E-04
2001-11-29T02:23:27.298 -9.88950000E-05 -2.60020000E-04  4.01230000E-04
2001-11-29T02:23:28.298 -6.75630000E-05 -1.23310000E-04  4.21330000E-04
2001-11-29T02:23:29.298 -2.28550000E-04 -2.85360000E-04  6.08940000E-04
2001-11-29T02:23:30.298 -7.12450000E-05 -2.48670000E-04  3.75480000E-04
2001-11-29T02:23:31.298 -2.36810000E-04 -3.14370000E-04  7.79180000E-04
2001-11-29T02:23:32.298 -9.93170000E-05 -1.32380000E-04  2.15920000E-04
2001-11-29T02:23:33.298 -1.75660000E-04 -3.15220000E-04  7.23160000E-04
2001-11-29T02:23:34.298 -5.16120000E-05 -2.33350000E-04  3.85920000E-04
2001-11-29T02:23:35.298 -3.30370000E-04 -2.23330000E-04  3.78230000E-04
2001-11-29T02:23:36.298 -1.20400000E-04 -8.50290000E-05  7.14480000E-04
2001-11-29T02:23:37.298 -2.31000000E-04 -2.83740000E-04  4.01120000E-04
2001-11-29T02:23:38.298 -8.75450000E-05 -2.30260000E-04  1.91820000E-04
2001-11-29T02:23:39.298 -7.52460000E-05 -2.66090000E-04  7.67080000E-04
2001-11-29T02:23:40.298 -1.61380000E-04 -1.11040000E-04  3.57770000E-04
2001-11-29T02:23:41.298 -2.01410000E-04 -2.71340000E-04  5.36520000E-04
2001-11-29T02:23:42.298 -4.67680000E-05 -2.10150000E-04  5.07120000E-04
2001-11-29T02:23:43.298 -2.97610000E-04 -1.95490000E-04  2.10880000E-04
2001-11-29T02:23:44.298  1.84900000E-05 -2.35110000E-04  7.67360000E-04
2001-11-29T02:23:45.298 -1.84940000E-04 -1.15860000E-04  3.32280000E-04
2001-11-29T02:23:46.298 -1.18780000E-04 -3.34590000E-04  4.67630000E-04
2001-11-29T02:23:47.298 -2.01840000E-04 -5.59070000E-05  4.58080000E-04
2001-11-29T02:23:48.298 -1.57410000E-04 -3.00690000E-04  3.48070000E-04
2001-11-29T02:23:49.298 -1.03040000E-04 -2.19280000E-04  6.54230000E-04
2001-11-29T02:23:50.298 -2.10690000E-04 -3.32200000E-04  3.20480000E-04
2001-11-29T02:23:51.298 -2.48120000E-05 -2.51480000E-04  7.47250000E-04
2001-11-29T02:23:52.298 -2.36660000E-04 -1.49510000E-04  4.47010000E-04
2001-11-29T02:23:53.298 -1.93980000E-04 -1.85910000E-04  5.66550000E-04
2001-11-29T02:23:54.298 -2.50330000E-05 -3.39530000E-04  3.74560000E-04
2001-11-29T02:23:55.298 -1.25960000E-05 -7.25060000E-05  6.55970000E-04
2001-11-29T02:23:56.298 -2.48980000E-04 -3.20510000E-04  4.76530000E-04
2001-11-29T02:23:57.298 -1.57380000E-04 -2.43760000E-04  6.07070000E-04
2001-11-29T02:23:58.298 -2.33010000E-04 -3.25330000E-04  3.30370000E-04
2001-11-29T02:23:59.298 -5.47360000E-05  2.23550000E-05  7.60790000E-04
2001-11-29T02:24:00.298 -2.28050000E-04 -4.58600000E-04  1.18830000E-04
2001-11-29T02:24:01.298 -2.25240000E-05 -1.48540000E-04  7.07270000E-04
2001-11-29T02:24:02.298 -2.48360000E-04 -3.27180000E-04  2.86770000E-04
2001-11-29T02:24:03.298 -2.05300000E-04 -2.56420000E-04  6.67550000E-04
2001-11-29T02:24:04.298 -1.94720000E-04 -3.80060000E-04  4.40160000E-04
2001-11-29T02:24:05.298  5.54450000E-05 -1.65450000E-04  5.63830000E-04
2001-11-29T02:24:06.298 -1.70820000E-04 -3.11150000E-04  4.28710000E-04
2001-11-29T02:24:07.298 -1.03540000E-04 -8.57680000E-05  4.53110000E-04
2001-11-29T02:24:08.298 -3.34630000E-04 -3.12200000E-04  4.07660000E-04
2001-11-29T02:24:09.298 -1.29050000E-04 -1.43080000E-04  6.88950000E-04
2001-11-29T02:24:10.298 -3.41900000E-04 -2.15120000E-04  4.69540000E-05
2001-11-29T02:24:11.298  6.82960000E-06 -6.22610000E-05  3.84790000E-04
2001-11-29T02:24:12.298 -3.67350000E-04 -2.51000000E-04  3.31730000E-04
2001-11-29T02:24:13.298  3.74820000E-05 -2.71330000E-04  5.12770000E-04
2001-11-29T02:24:14.298 -3.06610000E-04 -2.36540000E-04  5.69380000E-04
2001-11-29T02:24:15.298  7.33280000E-06  1.15130000E-05  4.18630000E-04
2001-11-29T02:24:16.298 -2.31990000E-04 -3.66380000E-04  5.46510000E-04
2001-11-29T02:24:17.298 -1.34530000E-04 -5.08420000E-05  4.60010000E-04
2001-11-29T02:24:18.298 -1.17240000E-04 -3.05860000E-04  4.61580000E-04
2001-11-29T02:24:19.298 -1.94900000E-04 -3.17270000E-04  6.52470000E-04
2001-11-29T02:24:20.298 -1.75830000E-04 -2.94260000E-04  2.86410000E-04
2001-11-29T02:24:21.298 -8.22090000E-05 -2.50040000E-04  6.80510000E-04
2001-11-29T02:24:22.298 -2.74820000E-04 -2.00620000E-04  3.77950000E-04
2001-11-29T02:24:23.298  7.65100000E-05 -3.08540000E-04  5.54020000E-04
2001-11-29T02:24:24.298 -1.88940000E-04 -2.36210000E-04  4.58120000E-04
2001-11-29T02:24:25.298 -1.85220000E-04 -1.74070000E-04  3.81260000E-04
2001-11-29T02:24:26.298 -2.28080000E-04 -3.25010000E-04  5.72820000E-04
2001-11-29T02:24:27.298  3.07580000E-05 -2.55660000E-04  5.95630000E-04
2001-11-29T02:24:28.298 -2.77710000E-04 -2.10590000E-04  3.01160000E-04
2001-11-29T02:24:29.298 -1.56100000E-04 -1.52470000E-04  5.79900000E-04
2001-11-29T02:24:30.298 -1.13760000E-04 -2.76710000E-04  5.19530000E-04
2001-11-29T02:24:31.298 -1.84720000E-04 -2.17270000E-04  5.30380000E-04
2001-11-29T02:24:32.298 -2.02850000E-04 -1.63750000E-04  5.22910000E-04
2001-11-29T02:24:33.298 -1.40520000E-04 -2.43860000E-04  4.43590000E-04
2001-11-29T02:24:34.298 -2.47790000E-04 -3.95140000E-04  8.13160000E-04
2001-11-29T02:24:35.298 -1.44890000E-04 -2.65550000E-04  2.81720000E-04
2001-11-29T02:24:36.298 -8.42630000E-05 -2.02150000E-04  7.87420000E-04
2001-11-29T02:24:37.298 -2.59370000E-04 -2.02760000E-04  1.85100000E-04
2001-11-29T02:24:38.298 -1.06760000E-04 -2.48450000E-04  5.48090000E-04
2001-11-29T02:24:39.298 -3.81230000E-05 -1.71420000E-04  4.55100000E-04
2001-11-29T02:24:40.298 -7.23690000E-05 -2.58440000E-04  6.63140000E-04
2001-11-29T02:24:41.298 -2.38040000E-04 -1.97130000E-04  2.88910000E-04
2001-11-29T02:24:42.298 -1.51150000E-04 -2.05710000E-04  7.32770000E-04
2001-11-29T02:24:43.298 -1.90820000E-04 -2.74640000E-04  3.53490000E-04
2001-11-29T02:24:44.298 -4.39080000E-05 -2.05420000E-04  6.79540000E-04
2001-11-29T02:24:45.298 -1.93860000E-04 -2.89870000E-04  3.45980000E-04
2001-11-29T02:24:46.298 -2.09110000E-04 -1.64620000E-04  6.83330000E-04
2001-11-29T02:24:47.298 -1.93310000E-04 -3.41270000E-04  3.26430000E-04
2001-11-29T02:24:48.298 -9.62460000E-06 -1.64180000E-04  6.85380000E-04
2001-11-29T02:24:49.298 -2.01280000E-04 -2.62110000E-04  1.62260000E-04
2001-11-29T02:24:50.298 -1.20580000E-04 -1.74940000E-04  6.11370000E-04
2001-11-29T02:24:51.298 -2.59480000E-04 -3.36120000E-04  4.80360000E-04
2001-11-29T02:24:52.298  1.30150000E-07 -9.34120000E-05  6.98840000E-04
2001-11-29T02:24:53.298 -1.77310000E-04 -3.60360000E-04  3.49700000E-04
2001-11-29T02:24:54.298 -1.31390000E-04 -1.85120000E-04  6.69410000E-04
2001-11-29T02:24:55.298 -3.15030000E-04 -1.26760000E-04  5.06860000E-04
2001-11-29T02:24:56.298 -1.23410000E-04 -2.58850000E-04  3.96070000E-04
2001-11-29T02:24:57.298 -1.97150000E-04 -2.83270000E-04  7.60900000E-04
2001-11-29T02:24:58.298 -2.44050000E-05 -2.00640000E-04  3.05200000E-04
2001-11-29T02:24:59.298 -3.27160000E-04 -2.45240000E-04  6.86200000E-04
2001-11-29T02:25:00.298 -1.75030000E-04 -1.12910000E-04  4.47440000E-04
2001-11-29T02:25:01.298 -2.15280000E-04 -4.17110000E-04  5.40430000E-04
2001-11-29T02:25:02.298 -5.89840000E-05 -1.19660000E-04  5.80170000E-04
2001-11-29T02:25:03.298 -2.56670000E-04 -3.33090000E-04  5.63170000E-04
2001-11-29T02:25:04.298 -1.40750000E-04 -9.72880000E-05  4.94710000E-04
2001-11-29T02:25:05.298 -2.36190000E-04 -2.90170000E-04  4.44830000E-04
2001-11-29T02:26:13.496 -2.59040000E-04 -3.27460000E-04  6.29450000E-04
2001-11-29T02:26:14.496 -1.88190000E-04 -2.56710000E-04  3.36900000E-04
2001-11-29T02:26:15.496 -1.68060000E-04 -2.59390000E-04  5.73250000E-04
2001-11-29T02:26:16.496 -7.04260000E-05 -5.80780000E-05  6.97660000E-04
2001-11-29T02:26:17.496 -2.82860000E-04 -4.01410000E-04  4.20270000E-04
2001-11-29T02:26:18.496 -1.24580000E-04 -2.15910000E-04  4.46510000E-04
2001-11-29T02:26:19.496 -1.54630000E-04 -3.24750000E-04  6.07860000E-04
2001-11-29T02:26:20.496 -7.25130000E-05 -6.98620000E-05  4.86830000E-04
2001-11-29T02:26:21.496 -2.26620000E-04 -3.07420000E-04  6.51120000E-04
2001-11-29T02:26:22.496 -1.37720000E-04 -2.20040000E-04  4.61630000E-04
2001-11-29T02:26:23.496 -1.19460000E-04 -1.15180000E-04  5.94010000E-04
2001-11-29T02:26:24.496 -1.17410000E-04 -1.57600000E-04  6.04570000E-04
2001-11-29T02:26:25.496 -3.71960000E-05 -1.98210000E-04  4.91250000E-04
2001-11-29T02:26:26.496 -2.46450000E-04 -1.38780000E-04  6.54880000E-04
2001-11-29T02:26:27.496 -2.53480000E-04 -9.33230000E-05  5.50970000E-04
2001-11-29T02:26:28.496 -1.49860000E-04 -1.86260000E-04  5.17390000E-04
2001-11-29T02:26:29.496 -1.25890000E-05 -1.71010000E-04  5.31780000E-04
2001-11-29T02:26:30.496 -1.44330000E-04 -2.54140000E-04  5.15150000E-04
2001-11-29T02:26:31.496  3.02180000E-05 -7.90790000E-05  6.78360000E-04
2001-11-29T02:26:32.496 -2.11780000E-04 -1.73330000E-04  2.91780000E-04
2001-11-29T02:26:33.496  1.77160000E-06 -7.91680000E-05  6.57410000E-04
2001-11-29T02:26:34.496 -2.11310000E-04 -3.04750000E-04  4.47730000E-04
2001-11-29T02:26:35.496 -3.34520000E-05 -4.32170000E-05  7.65240000E-04
2001-11-29T02:26:36.496 -3.06720000E-04 -2.73110000E-04  3.52540000E-04
2001-11-29T02:26:37.496  8.44390000E-05 -9.39010000E-05  4.48440000E-04
2001-11-29T02:26:38.496 -9.83940000E-05 -2.53030000E-04  4.84050000E-04
2001-11-29T02:26:39.496  3.33390000E-05 -2.91520000E-04  2.56780000E-04
2001-11-29T02:26:40.496 -1.45750000E-04 -2.28240000E-04  6.16790000E-04
2001-11-29T02:26:41.496 -1.86140000E-04 -2.49350000E-04  4.00890000E-04
2001-11-29T02:26:42.496 -1.42400000E-04 -1.73710000E-04  3.83310000E-04
