2002-01-05T02:38:59.100 -1.12710000E-04  2.05230000E-04  6.39230000E-04
2002-01-05T02:39:00.100 -3.49400000E-04 -4.50230000E-04  3.17580000E-04
2002-01-05T02:39:01.100  3.67190000E-04 -1.82470000E-04  4.28170000E-04
2002-01-05T02:39:02.100 -1.44270000E-04 -5.62980000E-04  3.67480000E-04
2002-01-05T02:39:03.100  4.73860000E-05 -1.54070000E-05  5.14340000E-04
2002-01-05T02:39:04.100 -6.22540000E-04 -3.75690000E-04  3.77840000E-04
2002-01-05T02:39:05.100  3.56680000E-05  3.64360000E-04  4.79670000E-04
2002-01-05T02:39:06.100 -1.71110000E-04 -7.51020000E-04  1.27380000E-04
2002-01-05T02:39:07.100  3.86130000E-04 -3.19590000E-04  4.93420000E-04
2002-01-05T02:39:08.100 -4.75670000E-04 -3.85260000E-04  2.47870000E-04
2002-01-05T02:39:09.100  6.78240000E-05  2.13760000E-04  3.05150000E-04
2002-01-05T02:39:10.100 -3.40280000E-04 -3.05550000E-04  5.70340000E-04
2002-01-05T02:39:11.100  3.77380000E-04  4.56200000E-05  4.27370000E-04
2002-01-05T02:39:12.100 -3.39440000E-04 -7.23080000E-04  1.71480000E-04
2002-01-05T02:39:13.100  2.11330000E-04 -2.45550000E-05  5.90100000E-04
2002-01-05T02:39:14.100 -7.42630000E-04 -4.64770000E-04  5.45390000E-04
2002-01-05T02:39:15.100  7.54100000E-05  3.66490000E-04  4.56880000E-04
2002-01-05T02:39:16.100 -2.99540000E-04 -5.31380000E-04  3.71350000E-04
2002-01-05T02:39:17.100  4.13870000E-04  6.43720000E-05  2.43320000E-04
2002-01-05T02:39:18.100 -2.45970000E-04 -8.89700000E-04  7.33990000E-04
2002-01-05T02:39:19.100  7.10070000E-05  4.39690000E-05  1.23250000E-04
2002-01-05T02:39:20.100 -6.15480000E-04 -1.57380000E-04  5.62170000E-04
2002-01-05T02:39:21.100  2.64600000E-04  2.03130000E-05  4.34830000E-04
2002-01-05T02:39:22.100 -1.44930000E-04 -5.26820000E-04  3.75620000E-04
2002-01-05T02:39:23.100  4.14570000E-04 -2.40070000E-04  6.32540000E-04
2002-01-05T02:39:24.100 -4.66170000E-04 -5.29010000E-04 -4.45120000E-05
2002-01-05T02:39:25.100 -9.85970000E-05  3.43930000E-04  2.80780000E-04
2002-01-05T02:39:26.100 -5.38030000E-04 -2.80400000E-04  4.80290000E-04
2002-01-05T02:39:27.100  1.31560000E-04 -1.37720000E-04  4.26770000E-04
2002-01-05T02:39:28.100  2.58290000E-05 -7.11130000E-04  5.74450000E-04
2002-01-05T02:39:29.100  2.05100000E-04  2.62320000E-05  4.58960000E-04
2002-01-05T02:39:30.100 -3.72710000E-04 -3.09010000E-04  3.77220000E-04
2002-01-05T02:39:31.100 -4.79950000E-05  4.89970000E-05  4.85890000E-04
2002-01-05T02:39:32.100 -2.13220000E-04 -5.96400000E-04  2.86880000E-04
2002-01-05T02:39:33.100  4.49770000E-05 -2.78360000E-04  6.68240000E-04
2002-01-05T02:39:34.100  7.64170000E-05 -3.88280000E-04  1.23470000E-04
2002-01-05T02:39:35.100 -1.27800000E-04  1.84380000E-04  6.78850000E-04
2002-01-05T02:39:36.100 -4.28950000E-04 -3.54550000E-04  4.84200000E-04
2002-01-05T02:39:37.100 -2.44670000E-05 -1.89330000E-04  4.67090000E-04
2002-01-05T02:39:38.100 -3.47680000E-05 -4.32660000E-04  3.64990000E-04
2002-01-05T02:39:39.100 -1.63650000E-04 -4.98540000E-04  2.05010000E-04
2002-01-05T02:39:40.100 -3.34170000E-05  3.82970000E-05  4.78300000E-04
2002-01-05T02:39:41.100 -2.79180000E-04 -2.48660000E-04  2.37430000E-04
2002-01-05T02:39:42.100  8.49060000E-05 -1.38120000E-04  6.47880000E-04
2002-01-05T02:39:43.100 -5.13810000E-05 -3.23820000E-04  3.03520000E-04
2002-01-05T02:39:44.100  4.15500000E-05 -3.29150000E-04  3.65190000E-04
2002-01-05T02:39:45.100 -4.39140000E-04 -3.49160000E-04  4.86750000E-04
2002-01-05T02:39:46.100 -4.80220000E-05  1.39320000E-04  8.00230000E-04
2002-01-05T02:39:47.100 -3.73970000E-04 -3.22460000E-04  1.84590000E-04
2002-01-05T02:39:48.100  2.66060000E-04 -3.03500000E-04  2.34830000E-04
2002-01-05T02:39:49.100 -7.20490000E-05 -5.31660000E-04  4.28610000E-04
2002-01-05T02:39:50.100  1.04170000E-04 -3.66670000E-05  4.96500000E-04
2002-01-05T02:39:51.100 -7.67840000E-04 -3.04520000E-04  3.10100000E-04
2002-01-05T02:39:52.100  2.22300000E-04  4.66220000E-05  5.90010000E-04
2002-01-05T02:39:53.100 -4.25300000E-04 -7.16810000E-04  3.58880000E-04
2002-01-05T02:39:54.100  4.56560000E-04 -8.30010000E-05  2.53240000E-04
2002-01-05T02:39:55.100 -2.43490000E-04 -5.12460000E-04  3.62280000E-04
2002-01-05T02:39:56.100 -1.03920000E-04  2.61290000E-04  4.71610000E-04
2002-01-05T02:39:57.100 -5.48880000E-04 -3.34240000E-04  4.52760000E-04
2002-01-05T02:39:58.100  4.81060000E-04 -2.09900000E-04  3.54220000E-04
2002-01-05T02:39:59.100 -1.99540000E-04 -8.60260000E-04  5.62440000E-04
2002-01-05T02:40:00.100  2.24860000E-04  1.23720000E-04  3.94170000E-04
2002-01-05T02:40:01.100 -8.22780000E-04 -3.38200000E-04  3.69370000E-04
2002-01-05T02:40:02.100  2.56280000E-04  2.21050000E-04  3.48160000E-04
2002-01-05T02:40:03.100 -3.73270000E-04 -5.68810000E-04  2.98940000E-04
2002-01-05T02:40:04.100  4.98540000E-04 -1.52020000E-04  5.71850000E-04
2002-01-05T02:40:05.100 -3.46080000E-04 -6.53940000E-04  5.34790000E-04
2002-01-05T02:40:06.100  1.62990000E-05  2.58320000E-04  4.43280000E-05
2002-01-05T02:40:07.100 -7.08970000E-04 -2.82680000E-04  3.69420000E-04
2002-01-05T02:40:08.100  1.97810000E-04  1.04040000E-04  5.18560000E-04
2002-01-05T02:40:09.100 -2.06970000E-04 -8.71210000E-04  5.22320000E-04
2002-01-05T02:40:10.100  3.77480000E-04  5.03480000E-05  2.64210000E-04
2002-01-05T02:40:11.100 -4.15390000E-04 -3.74990000E-04  4.50260000E-04
2002-01-05T02:40:12.100 -2.16350000E-04  1.38360000E-04  4.66580000E-04
2002-01-05T02:40:13.100 -4.32820000E-04 -2.83720000E-04  5.54460000E-04
2002-01-05T02:40:14.100  2.78410000E-04 -4.73170000E-04  5.69950000E-04
2002-01-05T02:40:15.100  4.52150000E-05 -4.79810000E-04  1.97090000E-04
2002-01-05T02:40:16.100  4.54750000E-06 -9.10380000E-05  2.72370000E-04
2002-01-05T02:40:17.100 -4.62970000E-04 -1.68460000E-04  3.34910000E-04
2002-01-05T02:40:18.100 -1.10340000E-05  5.27570000E-05  5.02660000E-04
2002-01-05T02:40:19.100 -6.60020000E-05 -6.57030000E-04  3.67780000E-04
2002-01-05T02:40:20.100 -8.29730000E-05 -2.48400000E-04  6.38720000E-04
2002-01-05T02:40:21.100 -1.12320000E-05 -2.58620000E-04  5.55540000E-04
2002-01-05T02:40:22.100 -5.78310000E-05  2.43250000E-06  2.52540000E-04
2002-01-05T02:40:23.100 -2.69660000E-04 -1.59080000E-04  2.33570000E-04
2002-01-05T02:40:24.100 -2.86080000E-05 -1.92570000E-04  4.08750000E-04
2002-01-05T02:40:25.100 -1.16820000E-04 -4.10940000E-04  3.07650000E-04
2002-01-05T02:40:26.100 -5.47690000E-05 -4.46330000E-04  4.51070000E-04
2002-01-05T02:40:27.100 -1.77790000E-04 -5.54840000E-05  4.10030000E-04
2002-01-05T02:40:28.100 -2.88360000E-04  7.01410000E-05  5.04610000E-04
2002-01-05T02:40:29.100  2.11030000E-05 -2.06010000E-04  4.39270000E-04
2002-01-05T02:40:30.100 -1.15760000E-05 -4.83050000E-04  2.16820000E-04
2002-01-05T02:40:31.100  2.61120000E-04 -2.84940000E-04  5.22870000E-04
2002-01-05T02:40:32.100 -2.57590000E-04 -2.41470000E-04  4.84440000E-05
2002-01-05T02:40:33.100 -2.12410000E-04  1.00810000E-04  7.04410000E-04
2002-01-05T02:40:34.100 -5.71000000E-04 -1.79770000E-04  5.09890000E-04
2002-01-05T02:40:35.100  2.73800000E-04 -2.54030000E-04  6.65920000E-05
2002-01-05T02:40:36.100  6.52950000E-05 -7.87260000E-04  6.88500000E-04
2002-01-05T02:40:37.100  5.12220000E-06 -7.71430000E-05  4.06020000E-04
2002-01-05T02:40:38.100 -3.86470000E-04 -4.00770000E-05  2.67950000E-04
2002-01-05T02:40:39.100 -9.75420000E-06 -4.47590000E-05  6.81550000E-04
2002-01-05T02:40:40.100 -4.92900000E-05 -3.34460000E-04  1.05850000E-04
2002-01-05T02:40:41.100  3.65250000E-04 -4.64990000E-04  2.16870000E-04
2002-01-05T02:40:42.100 -4.22690000E-04 -4.71130000E-04  7.64730000E-04
2002-01-05T02:40:43.100 -1.05320000E-04  2.29100000E-04  2.36950000E-04
2002-01-05T02:40:44.100 -3.51560000E-04 -1.49240000E-04  3.43150000E-04
2002-01-05T02:40:45.100  2.31350000E-04 -2.55210000E-04  3.44160000E-04
2002-01-05T02:40:46.100 -2.21170000E-04 -7.14160000E-04  3.20250000E-04
2002-01-05T02:40:47.100  2.60950000E-04 -8.80630000E-05  4.43060000E-04
2002-01-05T02:40:48.100 -4.12120000E-04 -1.50610000E-04  5.62440000E-04
2002-01-05T02:40:49.100 -1.83840000E-05  1.88120000E-04  1.92630000E-04
2002-01-05T02:40:50.100 -1.93340000E-04 -4.37100000E-04  5.53390000E-04
2002-01-05T02:40:51.100  3.02380000E-04 -2.90180000E-04  4.00310000E-04
2002-01-05T02:40:52.100 -1.46820000E-04 -4.12030000E-04  4.84750000E-04
2002-01-05T02:40:53.100 -1.58880000E-04 -2.44280000E-05  2.27310000E-04
2002-01-05T02:40:54.100 -5.17310000E-04 -1.88420000E-04  3.47730000E-04
2002-01-05T02:40:55.100  2.33420000E-04  2.10230000E-05  5.15930000E-04
2002-01-05T02:40:56.100 -2.12700000E-04 -5.65530000E-04  4.56290000E-04
2002-01-05T02:40:57.100  3.08000000E-04 -1.97860000E-04  5.51460000E-04
2002-01-05T02:40:58.100 -5.04450000E-04 -4.84420000E-04  4.09880000E-05
2002-01-05T02:40:59.100 -5.59510000E-05  2.76390000E-04  8.02700000E-04
2002-01-05T02:41:00.100 -4.66070000E-04 -4.48630000E-04  5.80440000E-04
2002-01-05T02:41:01.100  3.98140000E-04 -2.25030000E-04  3.55260000E-04
2002-01-05T02:41:02.100 -3.03880000E-04 -8.17660000E-04  1.95200000E-04
2002-01-05T02:41:03.100  6.38980000E-05  2.17370000E-04  4.40080000E-04
2002-01-05T02:41:04.100 -6.49210000E-04 -3.20940000E-04  5.54900000E-04
2002-01-05T02:41:05.100  2.91400000E-04  2.74500000E-04  4.25770000E-04
2002-01-05T02:41:06.100 -5.23300000E-04 -7.67150000E-04  3.03540000E-04
2002-01-05T02:41:07.100  4.27070000E-04 -2.42780000E-04  4.09090000E-04
2002-01-05T02:41:08.100 -3.12070000E-04 -6.38070000E-04  3.53900000E-04
2002-01-05T02:41:09.100  9.24030000E-05  2.77640000E-04  4.94500000E-04
2002-01-05T02:41:10.100 -7.03450000E-04 -3.18480000E-04  7.18940000E-04
2002-01-05T02:41:11.100  3.16810000E-04 -1.60180000E-04  2.75920000E-04
2002-01-05T02:41:12.100 -8.13370000E-05 -7.87480000E-04  4.04950000E-04
2002-01-05T02:41:13.100  2.75170000E-04 -4.77060000E-05  2.20840000E-04
2002-01-05T02:41:14.100 -6.44850000E-04 -1.67840000E-04  7.71280000E-04
2002-01-05T02:41:15.100  9.19910000E-06  1.68500000E-04  4.66730000E-04
2002-01-05T02:41:16.100 -1.52740000E-04 -4.97380000E-04  1.35930000E-04
2002-01-05T02:41:17.100  3.84580000E-04 -5.26780000E-05  3.67770000E-04
2002-01-05T02:41:18.100 -2.85750000E-04 -6.78140000E-04  5.69030000E-04
2002-01-05T02:41:19.100 -1.10080000E-05  1.15590000E-04  5.15800000E-04
2002-01-05T02:41:20.100 -4.74890000E-04 -1.90210000E-04  2.14500000E-04
2002-01-05T02:41:21.100  1.32950000E-04 -1.66280000E-05  4.47410000E-04
2002-01-05T02:41:22.100 -9.88500000E-05 -7.44540000E-04  2.99590000E-04
2002-01-05T02:41:23.100  2.52160000E-04 -8.75920000E-05  5.53550000E-04
2002-01-05T02:41:24.100 -5.33450000E-04 -3.13340000E-04  4.84050000E-04
2002-01-05T02:41:25.100 -3.92440000E-05  7.18060000E-05  4.81450000E-04
2002-01-05T02:41:26.100 -3.29460000E-04 -1.61070000E-04  3.46180000E-04
2002-01-05T02:41:27.100  3.79700000E-04 -2.68640000E-04  5.03460000E-04
2002-01-05T02:41:28.100 -2.51350000E-04 -5.96620000E-04  1.43370000E-04
2002-01-05T02:41:29.100 -1.30540000E-04 -2.19010000E-04  2.84390000E-04
2002-01-05T02:41:30.100 -3.05990000E-04 -1.36370000E-05  6.59740000E-04
2002-01-05T02:41:31.100 -8.24010000E-05  9.45910000E-06  5.70800000E-04
2002-01-05T02:41:32.100 -1.77160000E-04 -2.65970000E-04  2.87150000E-04
2002-01-05T02:41:33.100  6.57040000E-05 -4.49810000E-04 -6.33850000E-06
2002-01-05T02:41:34.100  3.66070000E-05 -3.83560000E-04  7.46770000E-04
2002-01-05T02:41:35.100 -2.04870000E-04 -5.22250000E-05  7.40220000E-04
2002-01-05T02:41:36.100 -4.15350000E-04  2.66790000E-05  2.17850000E-04
2002-01-05T02:41:37.100 -1.25680000E-04 -1.03150000E-04  2.93080000E-04
2002-01-05T02:41:38.100  1.33610000E-04 -3.55560000E-04  6.49650000E-04
2002-01-05T02:41:39.100  2.38120000E-04 -6.95890000E-04  5.10030000E-04
2002-01-05T02:41:40.100 -2.64630000E-04 -2.58840000E-05  2.24690000E-04
2002-01-05T02:41:41.100 -3.04850000E-04 -4.52100000E-05  3.83020000E-04
2002-01-05T02:41:42.100 -1.99480000E-04 -7.40740000E-05  3.30450000E-04
2002-01-05T02:41:43.100  1.15700000E-05 -3.22180000E-04  5.78060000E-04
2002-01-05T02:41:44.100  1.41070000E-04 -2.99290000E-04  5.72400000E-04
2002-01-05T02:41:45.100 -9.28480000E-05 -3.81620000E-04  1.93310000E-04
2002-01-05T02:41:46.100 -1.31220000E-04  3.12110000E-05  4.74380000E-04
2002-01-05T02:41:47.100 -2.67630000E-04 -6.24240000E-05  3.91010000E-04
2002-01-05T02:41:48.100 -2.96050000E-04 -2.32690000E-05  4.06190000E-04
2002-01-05T02:41:49.100 -2.04220000E-04 -3.60750000E-04  1.71240000E-04
2002-01-05T02:41:50.100  2.05470000E-04 -3.19390000E-04  6.33600000E-04
2002-01-05T02:41:51.100 -2.37780000E-04 -4.20850000E-04  2.66820000E-04
2002-01-05T02:41:52.100 -6.80550000E-05  1.15290000E-04  3.32220000E-04
2002-01-05T02:41:53.100 -6.54040000E-04 -2.64930000E-04  4.28130000E-04
2002-01-05T02:41:54.100  2.44560000E-04 -4.20270000E-05  4.21150000E-04
2002-01-05T02:41:55.100 -1.23970000E-04 -6.66510000E-04  7.25750000E-04
2002-01-05T02:41:56.100  2.09110000E-04 -2.38850000E-04  4.11400000E-04
2002-01-05T02:41:57.100 -3.80850000E-04 -2.93610000E-04  3.36470000E-04
2002-01-05T02:41:58.100 -3.53920000E-05  2.98160000E-04  3.98470000E-04
2002-01-05T02:41:59.100 -3.16430000E-04 -5.78170000E-04  1.56850000E-04
2002-01-05T02:42:00.100  3.88650000E-04 -2.71370000E-04  3.77290000E-04
2002-01-05T02:42:01.100 -2.47600000E-04 -3.03040000E-04  4.30580000E-04
2002-01-05T02:42:02.100  7.94150000E-05 -1.67320000E-05  3.42240000E-04
2002-01-05T02:42:03.100 -6.17440000E-04 -2.93230000E-04  4.24830000E-04
2002-01-05T02:42:04.100  2.64450000E-04  1.03260000E-04  4.93140000E-04
2002-01-05T02:42:05.100 -4.21230000E-04 -5.44150000E-04  5.11880000E-04
2002-01-05T02:42:06.100  5.04800000E-04 -2.59010000E-04  2.02900000E-04
2002-01-05T02:42:07.100 -1.36570000E-04 -3.10470000E-04  4.97190000E-04
2002-01-05T02:42:08.100 -1.92030000E-04  2.69580000E-04  2.42990000E-04
2002-01-05T02:42:09.100  4.73130000E-06 -9.20510000E-05  6.09970000E-04
2002-01-05T02:42:10.100 -4.95380000E-06 -4.25800000E-04  5.98280000E-04
2002-01-05T02:42:11.100  2.35080000E-05 -3.65370000E-04  3.60910000E-04
2002-01-05T02:42:12.100 -1.29970000E-04 -1.47020000E-04  1.43780000E-04
2002-01-05T02:42:13.100 -2.05270000E-04 -1.37170000E-04  4.21500000E-04
2002-01-05T02:42:14.100 -3.01740000E-04  2.89850000E-05  4.52620000E-04
2002-01-05T02:42:15.100 -1.58360000E-04 -3.61100000E-04  4.50890000E-04
2002-01-05T02:42:16.100  2.83280000E-04 -3.90210000E-04  6.50830000E-04
2002-01-05T02:42:17.100 -1.18140000E-04 -3.60850000E-04  3.76650000E-04
2002-01-05T02:42:18.100 -4.29890000E-05 -1.45800000E-04  4.18840000E-04
2002-01-05T02:42:19.100 -4.04980000E-04 -5.44720000E-06  6.74020000E-04
2002-01-05T02:42:20.100  1.03990000E-04 -2.08050000E-04  2.00420000E-04
2002-01-05T02:42:21.100 -1.52910000E-04 -3.69810000E-04  2.65760000E-04
2002-01-05T02:42:22.100  2.01500000E-04 -2.65050000E-04  2.52690000E-04
2002-01-05T02:42:23.100 -1.75520000E-04 -1.69700000E-04  4.64040000E-04
2002-01-05T02:42:24.100 -3.02590000E-04  7.77290000E-05  5.51110000E-04
2002-01-05T02:42:25.100 -4.25960000E-04  7.88720000E-06  5.02800000E-04
2002-01-05T02:42:26.100  8.81510000E-05 -3.11590000E-04  3.63080000E-04
2002-01-05T02:42:27.100  2.83520000E-04 -3.86340000E-04  5.34110000E-04
2002-01-05T02:42:28.100 -1.02500000E-04 -4.75580000E-04  2.54900000E-04
2002-01-05T02:42:29.100 -3.95760000E-04 -1.84060000E-04  2.46120000E-04
2002-01-05T02:42:30.100 -1.61620000E-04  1.85680000E-04  6.62070000E-04
2002-01-05T02:42:31.100 -3.56690000E-04 -9.97340000E-05  3.70750000E-04
2002-01-05T02:42:32.100  3.14260000E-04 -4.85460000E-04  4.75030000E-04
2002-01-05T02:42:33.100 -1.87970000E-04 -3.11730000E-04  7.66020000E-04
2002-01-05T02:42:34.100  1.05190000E-04 -2.11590000E-04  3.33450000E-04
2002-01-05T02:42:35.100 -4.09300000E-04 -1.92840000E-04  4.70210000E-04
2002-01-05T02:42:36.100 -1.63110000E-04  2.03890000E-04  4.66910000E-04
2002-01-05T02:42:37.100 -4.33280000E-05 -4.63150000E-04  2.77200000E-04
2002-01-05T02:42:38.100  1.58270000E-04 -3.26000000E-04  3.94750000E-04
2002-01-05T02:42:39.100 -2.46860000E-05 -5.27490000E-04  4.69790000E-04
2002-01-05T02:42:40.100 -7.39360000E-05  7.42460000E-05  6.34100000E-04
2002-01-05T02:42:41.100 -3.95740000E-04 -6.74780000E-05  5.32820000E-04
2002-01-05T02:42:42.100  2.91160000E-05 -4.09830000E-05  4.44790000E-04
2002-01-05T02:42:43.100 -3.07430000E-04 -8.49010000E-04  1.46920000E-04
2002-01-05T02:42:44.100  4.14990000E-04 -1.32050000E-04  4.21010000E-04
2002-01-05T02:42:45.100 -5.78230000E-04 -2.37770000E-04  6.66830000E-04
2002-01-05T02:42:46.100  4.66560000E-05  1.98380000E-04  3.66130000E-04
2002-01-05T02:42:47.100 -3.27940000E-04 -3.01100000E-04  3.64450000E-04
2002-01-05T02:42:48.100  1.87480000E-04 -1.17250000E-04  1.74240000E-04
2002-01-05T02:42:49.100 -3.95430000E-04 -6.76010000E-04  2.33840000E-04
2002-01-05T02:42:50.100  2.56340000E-04  1.54160000E-05  5.72290000E-04
2002-01-05T02:42:51.100 -3.75350000E-04 -1.62790000E-04  6.58280000E-04
2002-01-05T02:42:52.100  3.27920000E-05  1.54200000E-04  3.63080000E-04
2002-01-05T02:42:53.100 -4.36800000E-04 -3.66950000E-04  2.90340000E-04
2002-01-05T02:42:54.100  2.10320000E-04 -5.47650000E-05  5.86360000E-04
2002-01-05T02:42:55.100 -2.14000000E-04 -7.28280000E-04  2.27350000E-04
2002-01-05T02:42:56.100  8.70150000E-05  1.49120000E-04  2.45480000E-04
2002-01-05T02:42:57.100 -4.16100000E-04 -3.34620000E-04  6.47280000E-04
2002-01-05T02:42:58.100 -9.35230000E-05  2.62920000E-04  3.78060000E-04
2002-01-05T02:42:59.100 -4.39510000E-04 -3.47290000E-04  9.26800000E-05
2002-01-05T02:43:00.100  3.56390000E-04 -1.75220000E-05  4.14330000E-04
2002-01-05T02:43:01.100 -2.83180000E-04 -7.02020000E-04  5.38280000E-04
2002-01-05T02:43:02.100  1.97410000E-04  4.08190000E-05  5.27380000E-04
2002-01-05T02:43:03.100 -4.54620000E-04 -1.91020000E-04  3.68770000E-04
2002-01-05T02:43:04.100  6.65430000E-05  1.82300000E-04  3.60390000E-04
2002-01-05T02:43:05.100 -4.21630000E-04 -2.38960000E-04  4.53350000E-04
2002-01-05T02:43:06.100  2.17730000E-04 -2.07820000E-04  5.95200000E-04
2002-01-05T02:43:07.100 -8.87100000E-05 -4.88970000E-04  5.99350000E-04
2002-01-05T02:43:08.100 -1.05320000E-04 -2.92210000E-05  3.39380000E-04
2002-01-05T02:43:09.100 -4.76730000E-04 -1.94770000E-04  3.83940000E-04
2002-01-05T02:43:10.100 -6.20210000E-06  1.99390000E-04  1.01570000E-04
2002-01-05T02:43:11.100 -4.03470000E-04 -3.43090000E-04  4.69010000E-04
2002-01-05T02:43:12.100  2.84990000E-04 -3.18620000E-04  6.62710000E-04
2002-01-05T02:43:13.100  1.86300000E-06 -4.86340000E-04  3.88070000E-04
2002-01-05T02:43:14.100 -1.65880000E-05 -1.03760000E-06  5.57930000E-04
2002-01-05T02:43:15.100 -2.83710000E-04  8.56840000E-05  4.33670000E-04
2002-01-05T02:43:16.100 -1.27990000E-04  1.27110000E-04  4.30390000E-04
2002-01-05T02:43:17.100 -2.48410000E-04 -1.70980000E-04  5.26520000E-04
2002-01-05T02:43:18.100  8.29210000E-05 -3.17050000E-04  2.12500000E-04
2002-01-05T02:43:19.100  1.35050000E-04 -5.11730000E-04  1.20750000E-04
2002-01-05T02:43:20.100 -1.22930000E-04  1.29410000E-04  5.13820000E-04
2002-01-05T02:43:21.100 -1.57580000E-04  1.44280000E-04  6.23170000E-04
2002-01-05T02:43:22.100 -3.37360000E-04 -9.71560000E-05  2.64610000E-04
2002-01-05T02:43:23.100  1.03870000E-04  1.11190000E-04  3.96650000E-04
2002-01-05T02:43:24.100 -3.34350000E-04 -5.30170000E-04  6.16870000E-04
2002-01-05T02:43:25.100  4.32980000E-04 -5.19080000E-05  2.25100000E-04
2002-01-05T02:43:26.100 -2.63820000E-04 -5.06920000E-04  4.76580000E-04
2002-01-05T02:43:27.100  7.83240000E-05  4.60610000E-04  3.81510000E-04
2002-01-05T02:43:28.100 -6.66150000E-04 -1.78700000E-04  4.38180000E-04
2002-01-05T02:43:29.100  1.01220000E-04  4.16850000E-04  6.03570000E-04
2002-01-05T02:43:30.100 -5.27200000E-04 -5.37070000E-04  1.13290000E-04
2002-01-05T02:43:31.100  3.07020000E-04 -6.95040000E-05  4.96800000E-04
2002-01-05T02:43:32.100 -1.14730000E-04 -3.62940000E-04  3.84170000E-04
2002-01-05T02:43:33.100  1.03360000E-04  6.07200000E-05  2.31020000E-04
2002-01-05T02:43:34.100 -4.47490000E-04 -2.33830000E-04  5.36930000E-04
2002-01-05T02:43:35.100 -9.69080000E-05  3.34490000E-04  3.49170000E-04
2002-01-05T02:43:36.100 -6.24430000E-04 -1.95070000E-04  8.10100000E-04
2002-01-05T02:43:37.100  3.03010000E-04  2.38970000E-04  2.73250000E-04
2002-01-05T02:43:38.100 -3.48380000E-04 -3.73290000E-04  2.66700000E-04
2002-01-05T02:43:39.100  3.04120000E-04 -1.37900000E-04  4.55430000E-04
2002-01-05T02:43:40.100 -1.12180000E-04 -8.99780000E-05  4.41730000E-04
2002-01-05T02:43:41.100 -2.80400000E-04 -4.31150000E-05  7.04810000E-04
2002-01-05T02:43:42.100 -5.53860000E-05  1.72650000E-04  4.85230000E-04
2002-01-05T02:43:43.100 -4.46340000E-04 -9.47560000E-05  2.57610000E-04
2002-01-05T02:43:44.100 -1.82940000E-05  1.87100000E-04  5.10770000E-04
2002-01-05T02:43:45.100 -2.41590000E-04 -3.06410000E-04  7.26740000E-04
2002-01-05T02:43:46.100  1.93550000E-04 -2.16900000E-04 -1.44010000E-06
2002-01-05T02:43:47.100 -2.54230000E-04 -2.76090000E-04  4.83940000E-04
2002-01-05T02:43:48.100  1.38580000E-04  2.49300000E-04  4.44720000E-04
2002-01-05T02:43:49.100 -2.58390000E-04 -1.15340000E-04  4.48100000E-04
2002-01-05T02:43:50.100  2.82120000E-05  4.60880000E-04  5.19180000E-04
2002-01-05T02:43:51.100 -3.99740000E-04  7.15940000E-05  6.65790000E-04
2002-01-05T02:43:52.100  5.27600000E-05  6.89890000E-05  3.00910000E-04
2002-01-05T02:43:53.100 -1.40580000E-04 -3.59740000E-04  3.20910000E-04
2002-01-05T02:43:54.100 -6.00480000E-05  1.49240000E-04  7.04270000E-04
2002-01-05T02:43:55.100  3.35570000E-04 -1.20370000E-05  4.28860000E-04
2002-01-05T02:43:56.100 -4.47000000E-04 -3.28130000E-04  3.02920000E-04
2002-01-05T02:43:57.100  5.75140000E-05  4.26710000E-04  2.19740000E-04
2002-01-05T02:43:58.100 -3.90190000E-04  7.82070000E-05  5.79780000E-04
2002-01-05T02:43:59.100 -5.87240000E-05  3.58870000E-04  5.99350000E-04
2002-01-05T02:44:00.100 -4.62910000E-04 -9.21340000E-05  4.69150000E-04
2002-01-05T02:44:01.100  1.69950000E-04  7.25400000E-05  3.27950000E-04
2002-01-05T02:44:02.100 -7.62460000E-05  2.39210000E-04  5.31730000E-04
2002-01-05T02:44:03.100 -7.57200000E-05 -1.66110000E-05  5.10540000E-04
2002-01-05T02:44:04.100  2.09690000E-04 -1.11550000E-04  3.31000000E-04
2002-01-05T02:44:05.100 -4.15240000E-04 -2.59980000E-04  5.14830000E-04
2002-01-05T02:44:06.100  1.47610000E-04  3.32700000E-04  4.56550000E-04
2002-01-05T02:44:07.100 -2.37350000E-04  6.55770000E-05  1.69910000E-04
2002-01-05T02:44:08.100 -1.13450000E-04  3.53380000E-04  3.49240000E-04
2002-01-05T02:44:09.100 -3.01000000E-04  1.31800000E-04  4.08000000E-04
2002-01-05T02:44:10.100 -3.22830000E-04  3.07650000E-04  4.87700000E-04
2002-01-05T02:44:11.100 -1.32320000E-04  1.11260000E-04  6.67620000E-04
2002-01-05T02:44:12.100 -2.55760000E-04  2.53070000E-05  5.40250000E-04
2002-01-05T02:44:13.100  2.38600000E-04  2.68010000E-04  6.88330000E-04
2002-01-05T02:44:14.100 -2.17560000E-04 -2.88470000E-04  3.75210000E-04
2002-01-05T02:44:15.100  2.14650000E-04  2.78750000E-04  3.21340000E-04
2002-01-05T02:44:16.100 -4.24120000E-04 -6.42100000E-05  3.12700000E-04
2002-01-05T02:44:17.100  5.54160000E-06  2.78020000E-04  4.92410000E-04
2002-01-05T02:44:18.100  8.95900000E-06  1.74240000E-04  3.99580000E-04
2002-01-05T02:44:19.100 -4.58080000E-04 -4.03330000E-05  5.80170000E-04
2002-01-05T02:44:20.100 -1.32130000E-06  3.35220000E-04  4.77350000E-04
2002-01-05T02:44:21.100 -3.05650000E-04  1.04710000E-04  5.14090000E-04
2002-01-05T02:44:22.100  3.25080000E-05  5.36250000E-04  5.32920000E-04
2002-01-05T02:44:23.100 -3.25200000E-04  1.04720000E-04  5.24850000E-04
2002-01-05T02:44:24.100  3.72270000E-05  3.12620000E-05 -8.17730000E-05
2002-01-05T02:44:25.100 -1.27350000E-04  1.85990000E-04  5.53970000E-04
2002-01-05T02:44:26.100 -2.66640000E-04  1.44200000E-04  3.67040000E-04
2002-01-05T02:44:27.100  2.19050000E-04  2.45970000E-04  4.70060000E-04
2002-01-05T02:44:28.100 -3.77410000E-04  8.14550000E-06  3.08670000E-04
2002-01-05T02:44:29.100  2.51950000E-04  1.95560000E-04  3.03010000E-04
2002-01-05T02:44:30.100 -2.02210000E-04  1.99900000E-04  4.74630000E-04
2002-01-05T02:44:31.100 -2.97710000E-04  1.78540000E-04  6.65870000E-04
2002-01-05T02:44:32.100  2.46140000E-04  4.98250000E-04  3.71900000E-04
2002-01-05T02:44:33.100 -3.05690000E-04  1.56670000E-04  3.47140000E-04
2002-01-05T02:44:34.100 -2.15690000E-04  4.25110000E-04  3.29620000E-04
2002-01-05T02:44:35.100  1.08510000E-04  3.96260000E-04  2.86650000E-04
2002-01-05T02:44:36.100 -2.69550000E-04  2.30000000E-04  3.50070000E-04
2002-01-05T02:44:37.100  1.26510000E-04  5.98410000E-04  4.58390000E-04
2002-01-05T02:44:38.100 -5.09900000E-04  1.78700000E-04  5.50180000E-04
2002-01-05T02:44:39.100 -1.44890000E-04  3.99230000E-04  5.36990000E-04
2002-01-05T02:44:40.100 -7.13990000E-05  3.57690000E-04  4.87090000E-04
2002-01-05T02:44:41.100 -2.74830000E-04  3.86780000E-04  2.50860000E-04
2002-01-05T02:44:42.100 -1.16880000E-04  5.06860000E-04  2.31830000E-04
2002-01-05T02:44:43.100 -2.10550000E-04  2.16160000E-04  3.75520000E-04
2002-01-05T02:44:44.100 -1.46990000E-04  4.31540000E-04  1.29730000E-04
2002-01-05T02:44:45.100 -3.55710000E-05  5.83090000E-04  5.87190000E-04
2002-01-05T02:44:46.100 -6.97560000E-05  2.16110000E-04  7.47580000E-04
2002-01-05T02:44:47.100 -3.41160000E-04  3.52080000E-04  4.62670000E-04
2002-01-05T02:44:48.100  1.53570000E-04  4.57770000E-04  4.24450000E-04
2002-01-05T02:44:49.100 -2.76730000E-04  4.12300000E-04  2.03160000E-04
2002-01-05T02:44:50.100 -7.81330000E-05  4.50780000E-04  2.77480000E-04
2002-01-05T02:44:51.100  1.74810000E-05  4.78820000E-04  5.40560000E-04
2002-01-05T02:44:52.100 -2.08480000E-04  1.58630000E-04  5.12960000E-04
2002-01-05T02:44:53.100 -6.63930000E-05  5.59150000E-04  5.63510000E-04
2002-01-05T02:44:54.100  2.48830000E-05  6.76670000E-04  3.48390000E-04
2002-01-05T02:44:55.100 -4.45920000E-04  2.86660000E-04  3.05710000E-04
2002-01-05T02:44:56.100  6.87090000E-05  5.80870000E-04  3.53250000E-04
2002-01-05T02:44:57.100  7.31800000E-05  5.21850000E-04  5.55320000E-04
2002-01-05T02:44:58.100 -3.60720000E-04  4.23160000E-04  6.94270000E-04
2002-01-05T02:44:59.100  1.44670000E-05  6.86060000E-04  3.19570000E-04
2002-01-05T02:45:00.100 -1.12030000E-04  4.30190000E-04  1.99220000E-04
2002-01-05T02:45:01.100 -2.21170000E-04  3.65730000E-04  6.00130000E-04
2002-01-05T02:45:02.100  7.32560000E-07  6.81440000E-04  2.38060000E-04
2002-01-05T02:45:03.100 -7.85120000E-05  6.15970000E-04  5.74830000E-04
2002-01-05T02:45:04.100 -9.39490000E-05  5.40820000E-04  6.49620000E-04
2002-01-05T02:45:05.100  2.02190000E-05  4.87510000E-04  5.73800000E-04
2002-01-05T02:45:06.100 -2.12060000E-05  6.20470000E-04  7.94460000E-05
2002-01-05T02:45:07.100 -5.46430000E-05  5.81230000E-04  5.47750000E-04
2002-01-05T02:45:08.100 -9.47290000E-05  5.61020000E-04  2.85660000E-04
2002-01-05T02:45:09.100  5.39930000E-05  8.52350000E-04  4.61730000E-04
2002-01-05T02:45:10.100 -3.73870000E-04  4.68660000E-04  4.26990000E-04
2002-01-05T02:45:11.100 -2.99970000E-06  6.50250000E-04  3.34740000E-04
2002-01-05T02:45:12.100 -9.56800000E-05  9.52450000E-04  4.15960000E-04
2002-01-05T02:45:13.100 -1.91010000E-04  8.40090000E-04  5.23160000E-04
2002-01-05T02:45:14.100 -1.50760000E-04  5.65920000E-04  4.95510000E-04
2002-01-05T02:45:15.100 -2.21170000E-04  6.57140000E-04  6.10010000E-04
2002-01-05T02:45:16.100 -1.07830000E-04  6.66380000E-04  1.85890000E-04
2002-01-05T02:45:17.100  1.56360000E-05  6.13380000E-04  3.72320000E-04
2002-01-05T02:45:18.100 -3.49270000E-04  8.33570000E-04  4.44860000E-04
2002-01-05T02:45:19.100 -6.16100000E-05  9.40160000E-04  6.01550000E-04
2002-01-05T02:45:20.100  1.38330000E-04  8.07770000E-04  5.96890000E-04
2002-01-05T02:45:21.100 -4.78730000E-05  5.39410000E-04  3.41920000E-04
2002-01-05T02:45:22.100  3.14370000E-05  8.06710000E-04  4.39280000E-04
2002-01-05T02:45:23.100 -4.31190000E-05  7.37870000E-04  5.16230000E-04
2002-01-05T02:45:24.100  1.47500000E-04  8.75430000E-04  4.71310000E-04
2002-01-05T02:45:25.100 -5.82090000E-04  1.10790000E-03  3.59240000E-04
2002-01-05T02:45:26.100 -1.80070000E-04  8.50020000E-04  7.57160000E-04
2002-01-05T02:45:27.100 -2.01130000E-04  1.09420000E-03  6.20330000E-04
2002-01-05T02:45:28.100 -4.16880000E-05  9.44370000E-04  4.00650000E-04
2002-01-05T02:45:29.100 -2.29000000E-05  7.04480000E-04  1.66000000E-04
2002-01-05T02:45:30.100  2.99350000E-05  8.04810000E-04  6.27540000E-04
2002-01-05T02:45:31.100  7.69700000E-05  8.52860000E-04  4.11420000E-04
2002-01-05T02:45:32.100 -2.19450000E-04  1.05910000E-03 -2.33830000E-05
2002-01-05T02:45:33.100 -3.87090000E-04  1.11060000E-03  4.60580000E-04
2002-01-05T02:45:34.100 -2.72780000E-04  1.17850000E-03  7.95700000E-04
2002-01-05T02:45:35.100 -1.67520000E-04  1.27160000E-03  1.51320000E-04
2002-01-05T02:45:36.100  3.18630000E-04  9.31100000E-04  5.30690000E-04
2002-01-05T02:45:37.100  9.21760000E-05  8.91240000E-04  5.26790000E-04
2002-01-05T02:45:38.100  1.49780000E-04  1.13260000E-03  3.09880000E-04
2002-01-05T02:45:39.100 -3.31860000E-04  1.21150000E-03  3.84950000E-04
2002-01-05T02:45:40.100 -4.18540000E-04  1.50270000E-03  6.29310000E-04
2002-01-05T02:45:41.100  5.20350000E-05  1.15720000E-03  3.62420000E-04
2002-01-05T02:45:42.100  7.77170000E-05  1.11300000E-03  4.29470000E-04
2002-01-05T02:45:43.100 -6.43890000E-05  1.02370000E-03  5.63230000E-04
2002-01-05T02:45:44.100 -2.85060000E-04  1.52820000E-03  5.65270000E-04
2002-01-05T02:45:45.100 -2.34030000E-04  1.50640000E-03  2.87680000E-04
2002-01-05T02:45:46.100  1.66380000E-04  1.10010000E-03  4.90540000E-04
2002-01-05T02:45:47.100  1.23550000E-05  1.11800000E-03  7.36000000E-04
2002-01-05T02:45:48.100 -2.54560000E-04  1.55130000E-03  5.39380000E-04
2002-01-05T02:45:49.100 -3.45090000E-04  1.53010000E-03  4.63280000E-04
2002-01-05T02:45:50.100 -1.34030000E-05  1.17770000E-03  1.68830000E-04
2002-01-05T02:45:51.100  7.54670000E-05  1.11470000E-03  5.78820000E-04
2002-01-05T02:45:52.100 -3.30080000E-04  1.94470000E-03  3.18640000E-04
2002-01-05T02:45:53.100 -1.20260000E-04  1.51940000E-03  5.36240000E-04
2002-01-05T02:45:54.100 -1.24810000E-06  1.23680000E-03  6.47520000E-04
2002-01-05T02:45:55.100 -5.72450000E-05  1.51150000E-03  2.59840000E-04
2002-01-05T02:45:56.100 -5.30700000E-04  1.82320000E-03  3.83690000E-04
2002-01-05T02:45:57.100  2.31780000E-05  1.29060000E-03  6.23530000E-04
2002-01-05T02:45:58.100  7.16850000E-05  1.56690000E-03  6.30040000E-04
2002-01-05T02:45:59.100 -2.67770000E-04  1.96660000E-03  2.57460000E-04
2002-01-05T02:46:00.100 -1.83290000E-04  1.40380000E-03  3.77220000E-04
2002-01-05T02:46:01.100  8.81230000E-05  1.50650000E-03  5.65360000E-04
2002-01-05T02:46:02.100 -3.22220000E-04  2.01400000E-03  3.54330000E-04
2002-01-05T02:46:03.100 -6.57820000E-05  1.64680000E-03  6.35680000E-04
2002-01-05T02:46:04.100 -4.56600000E-05  1.78670000E-03  6.73150000E-04
2002-01-05T02:46:05.100 -4.16970000E-04  2.09680000E-03  5.71860000E-04
2002-01-05T02:46:06.100  1.35340000E-04  1.71230000E-03  3.47270000E-04
2002-01-05T02:46:07.100 -7.38980000E-05  2.05060000E-03  4.28410000E-04
2002-01-05T02:46:08.100 -1.88890000E-04  2.06020000E-03  4.23940000E-04
2002-01-05T02:46:09.100  5.69990000E-05  1.99050000E-03  4.40370000E-04
2002-01-05T02:46:10.100 -4.07460000E-04  2.13480000E-03  6.22620000E-04
2002-01-05T02:46:11.100  3.09630000E-04  2.07640000E-03  7.49710000E-04
2002-01-05T02:46:12.100 -5.47250000E-04  2.39990000E-03  3.20060000E-04
2002-01-05T02:46:13.100 -6.88760000E-06  2.29890000E-03  4.60580000E-04
2002-01-05T02:46:14.100 -2.22640000E-04  2.52180000E-03  4.57100000E-04
2002-01-05T02:46:15.100 -2.35690000E-04  2.17910000E-03  5.65290000E-04
2002-01-05T02:46:16.100  1.42810000E-05  2.52990000E-03  8.34970000E-04
2002-01-05T02:46:17.100 -3.59320000E-04  2.41380000E-03  2.19370000E-04
2002-01-05T02:46:18.100 -4.90110000E-05  2.59110000E-03  4.97640000E-04
2002-01-05T02:46:19.100 -2.48060000E-04  2.70110000E-03  5.57530000E-04
2002-01-05T02:46:20.100 -9.49230000E-05  2.44390000E-03  6.10900000E-04
2002-01-05T02:46:21.100 -3.82810000E-04  2.47210000E-03  6.21060000E-04
2002-01-05T02:46:22.100  1.50850000E-05  2.28990000E-03  5.69670000E-04
2002-01-05T02:46:23.100 -3.44250000E-04  2.42170000E-03  6.10230000E-04
2002-01-05T02:46:24.100 -2.31640000E-04  2.66210000E-03  4.52050000E-04
2002-01-05T02:46:25.100 -1.09710000E-04  2.33030000E-03  6.26090000E-04
2002-01-05T02:46:26.100 -2.95000000E-04  2.83340000E-03  6.02230000E-04
2002-01-05T02:46:27.100  8.11360000E-05  2.57620000E-03  6.97200000E-04
2002-01-05T02:46:28.100 -2.79640000E-04  2.65230000E-03  4.80520000E-04
2002-01-05T02:46:29.100 -1.06910000E-04  2.74520000E-03  5.31090000E-04
2002-01-05T02:46:30.100 -2.42870000E-04  2.53810000E-03  5.74540000E-04
2002-01-05T02:46:31.100 -3.07460000E-04  2.75870000E-03  5.43350000E-04
2002-01-05T02:46:32.100 -5.01250000E-05  2.85330000E-03  1.79980000E-04
2002-01-05T02:46:33.100 -2.52390000E-04  2.77510000E-03  5.66290000E-04
2002-01-05T02:46:34.100 -3.08030000E-04  2.87420000E-03  5.42030000E-04
2002-01-05T02:46:35.100  8.48530000E-05  2.65840000E-03  7.39800000E-04
2002-01-05T02:46:36.100 -4.17590000E-04  3.22340000E-03  2.00370000E-04
2002-01-05T02:46:37.100 -3.03760000E-04  2.87850000E-03  7.94890000E-04
2002-01-05T02:46:38.100  1.17660000E-05  3.00970000E-03  5.29110000E-04
2002-01-05T02:46:39.100 -2.56370000E-04  3.32040000E-03  5.61610000E-04
2002-01-05T02:46:40.100 -8.27030000E-05  3.12090000E-03  6.33050000E-04
2002-01-05T02:46:41.100  1.09890000E-06  3.34300000E-03  4.85680000E-04
2002-01-05T02:46:42.100 -2.49100000E-04  3.51780000E-03  4.42860000E-04
2002-01-05T02:46:43.100 -3.99630000E-04  3.37130000E-03  4.71280000E-04
2002-01-05T02:46:44.100 -1.06210000E-04  3.54160000E-03  3.30460000E-04
2002-01-05T02:46:45.100 -3.16420000E-04  3.90500000E-03  4.71840000E-04
2002-01-05T02:46:46.100 -3.67050000E-04  4.23370000E-03  6.38810000E-04
2002-01-05T02:46:47.100  5.64050000E-06  4.06580000E-03  5.41730000E-04
2002-01-05T02:46:48.100 -3.07070000E-04  4.22590000E-03  5.66360000E-04
2002-01-05T02:46:49.100 -1.09600000E-04  4.33100000E-03  7.14700000E-04
2002-01-05T02:46:50.100 -1.77840000E-04  4.50870000E-03  6.49670000E-04
2002-01-05T02:46:51.100 -1.91740000E-04  4.33150000E-03  3.93810000E-04
2002-01-05T02:46:52.100 -1.11740000E-04  4.19750000E-03  3.07530000E-04
2002-01-05T02:46:53.100 -2.49940000E-04  3.84790000E-03  6.53520000E-04
2002-01-05T02:46:54.100 -2.31020000E-04  3.87880000E-03  7.58210000E-04
2002-01-05T02:46:55.100 -2.51470000E-04  3.84540000E-03  2.87700000E-04
2002-01-05T02:46:56.100 -3.74220000E-04  3.78230000E-03  3.32880000E-04
2002-01-05T02:46:57.100 -2.95440000E-04  3.64260000E-03  6.62650000E-04
2002-01-05T02:46:58.100 -2.46250000E-05  3.55570000E-03  5.35880000E-04
2002-01-05T02:46:59.100 -8.69170000E-05  3.57680000E-03  7.10620000E-04
2002-01-05T02:47:00.100 -1.48780000E-04  3.68970000E-03  6.12340000E-04
2002-01-05T02:47:01.100 -2.98790000E-04  3.55470000E-03  7.12280000E-04
2002-01-05T02:47:02.100  2.05090000E-04  3.63160000E-03  3.44600000E-04
2002-01-05T02:47:03.100 -6.43790000E-05  3.74790000E-03  9.60860000E-05
2002-01-05T02:47:04.100 -4.12400000E-04  3.32090000E-03  6.28250000E-04
2002-01-05T02:47:05.100 -2.46530000E-04  3.69770000E-03  5.16800000E-04
2002-01-05T02:47:06.100 -5.54550000E-05  3.47910000E-03  8.67400000E-04
2002-01-05T02:47:07.100 -1.73020000E-04  3.62060000E-03  5.93040000E-04
2002-01-05T02:47:08.100 -1.47720000E-04  3.84600000E-03  5.43850000E-04
2002-01-05T02:47:09.100 -1.13570000E-04  3.90030000E-03  1.19460000E-04
2002-01-05T02:47:10.100 -2.20780000E-04  4.14360000E-03  5.28970000E-04
2002-01-05T02:47:11.100 -2.09790000E-04  4.40340000E-03  2.72750000E-04
2002-01-05T02:47:12.100 -3.46180000E-05  4.03600000E-03  8.93970000E-04
2002-01-05T02:47:13.100 -1.80280000E-04  4.49270000E-03  4.46370000E-04
2002-01-05T02:47:14.100 -9.02280000E-05  4.40780000E-03  4.06450000E-04
2002-01-05T02:47:15.100 -2.93500000E-04  4.38650000E-03  6.08250000E-04
2002-01-05T02:47:16.100 -1.27970000E-04  4.44330000E-03  4.05360000E-04
2002-01-05T02:47:17.100 -1.41570000E-04  4.50000000E-03  5.74820000E-04
2002-01-05T02:47:18.100  4.68530000E-05  4.36110000E-03  6.15410000E-04
2002-01-05T02:47:19.100 -2.97800000E-04  4.69650000E-03  5.72960000E-04
2002-01-05T02:47:20.100 -1.93040000E-05  5.17840000E-03  1.03470000E-05
2002-01-05T02:47:21.100 -9.14540000E-05  4.78460000E-03  6.64780000E-04
2002-01-05T02:47:22.100 -1.51760000E-04  5.12160000E-03  6.07780000E-04
2002-01-05T02:47:23.100 -1.63170000E-04  5.04690000E-03  5.84030000E-04
2002-01-05T02:47:24.100 -3.90270000E-04  5.42630000E-03  5.20280000E-04
2002-01-05T02:47:25.100 -1.77090000E-04  5.45740000E-03  3.38510000E-04
2002-01-05T02:47:26.100 -3.80780000E-05  5.69310000E-03  5.74900000E-04
2002-01-05T02:47:27.100 -3.95550000E-04  5.48070000E-03  5.16510000E-04
2002-01-05T02:47:28.100  2.16040000E-04  5.65290000E-03  6.27660000E-04
2002-01-05T02:47:29.100 -2.61850000E-05  5.50570000E-03  5.02160000E-04
2002-01-05T02:47:30.100 -2.43390000E-04  5.11460000E-03  4.01150000E-04
2002-01-05T02:47:31.100 -1.35980000E-04  5.42850000E-03  6.36390000E-04
2002-01-05T02:47:32.100 -2.41930000E-04  5.09620000E-03  4.06170000E-04
2002-01-05T02:47:33.100 -1.90260000E-04  5.34920000E-03  5.89010000E-04
2002-01-05T02:47:34.100 -2.93840000E-04  5.16980000E-03  6.27260000E-04
2002-01-05T02:47:35.100 -2.81930000E-04  5.00130000E-03  7.54060000E-04
2002-01-05T02:47:36.100 -1.07460000E-04  4.80250000E-03  6.07740000E-04
2002-01-05T02:47:37.100 -3.07080000E-04  4.86000000E-03  6.23740000E-04
2002-01-05T02:47:38.100 -2.01790000E-04  4.80740000E-03  3.56570000E-04
2002-01-05T02:47:39.100 -9.20100000E-05  4.91780000E-03  5.14110000E-04
2002-01-05T02:47:40.100 -4.05030000E-04  5.20300000E-03  8.73140000E-04
2002-01-05T02:47:41.100 -1.38420000E-04  5.15570000E-03  3.19670000E-04
2002-01-05T02:47:42.100 -1.36180000E-04  5.19760000E-03  5.44280000E-04
2002-01-05T02:47:43.100 -2.12110000E-04  4.99600000E-03  4.56910000E-04
2002-01-05T02:47:44.100 -4.33910000E-04  5.26660000E-03  3.23540000E-04
2002-01-05T02:47:45.100 -4.03770000E-04  5.31500000E-03  6.68500000E-04
2002-01-05T02:47:46.100 -4.55770000E-05  5.80670000E-03  8.35920000E-04
2002-01-05T02:47:47.100 -1.16990000E-04  5.77110000E-03  5.60180000E-04
2002-01-05T02:47:48.100 -3.91590000E-04  5.60990000E-03  4.53670000E-04
2002-01-05T02:47:49.100  1.67680000E-04  6.38670000E-03  5.92340000E-04
2002-01-05T02:47:50.100 -6.87180000E-04  5.77620000E-03  6.79020000E-04
2002-01-05T02:47:51.100 -1.20800000E-04  6.73120000E-03  5.67810000E-04
2002-01-05T02:47:52.100 -6.84180000E-04  6.30020000E-03  4.94220000E-04
2002-01-05T02:47:53.100 -4.99260000E-05  6.60610000E-03  9.20200000E-04
2002-01-05T02:47:54.100 -4.36340000E-04  6.22190000E-03  6.17320000E-04
2002-01-05T02:47:55.100  1.36080000E-04  7.39110000E-03  4.60780000E-04
2002-01-05T02:47:56.100 -1.00270000E-03  6.42660000E-03  5.97350000E-04
2002-01-05T02:47:57.100  8.14160000E-05  7.27120000E-03  7.38470000E-04
2002-01-05T02:47:58.100 -2.29620000E-04  6.80650000E-03  7.82910000E-04
2002-01-05T02:47:59.100 -8.46030000E-04  6.79050000E-03  5.83830000E-04
2002-01-05T02:48:00.100  2.86410000E-04  7.54520000E-03  3.40740000E-04
2002-01-05T02:48:01.100 -6.07580000E-04  6.71670000E-03  7.08230000E-04
2002-01-05T02:48:02.100 -3.40520000E-04  6.91300000E-03  4.30720000E-04
2002-01-05T02:48:03.100  1.10740000E-04  7.41010000E-03  6.67970000E-04
2002-01-05T02:48:04.100 -7.21820000E-04  6.42970000E-03  4.84920000E-04
2002-01-05T02:48:05.100 -1.13560000E-04  7.49000000E-03  7.77570000E-04
2002-01-05T02:48:06.100  3.81710000E-06  7.30180000E-03  6.03910000E-04
2002-01-05T02:48:07.100 -1.09080000E-03  6.59440000E-03  3.09650000E-04
2002-01-05T02:48:08.100  1.04920000E-04  7.70480000E-03  7.02340000E-04
2002-01-05T02:48:09.100  3.07050000E-04  7.62930000E-03  8.10600000E-04
2002-01-05T02:48:10.100 -6.81730000E-04  6.80490000E-03  1.03040000E-03
2002-01-05T02:48:11.100 -3.85410000E-04  7.02300000E-03  3.02240000E-04
2002-01-05T02:48:12.100  4.69170000E-04  7.56220000E-03  6.83720000E-04
2002-01-05T02:48:13.100 -1.61820000E-04  7.51180000E-03  3.30370000E-04
2002-01-05T02:48:14.100 -9.34420000E-04  6.70310000E-03  8.25270000E-04
2002-01-05T02:48:15.100  2.18310000E-04  7.37260000E-03  5.88400000E-04
2002-01-05T02:48:16.100  5.63530000E-05  7.47260000E-03  6.77610000E-04
2002-01-05T02:48:17.100 -9.27990000E-04  6.53430000E-03  6.50260000E-04
2002-01-05T02:48:18.100  1.90180000E-04  7.25490000E-03  6.87130000E-04
2002-01-05T02:48:19.100  2.71310000E-04  7.56910000E-03  6.38870000E-04
2002-01-05T02:48:20.100 -4.91280000E-04  6.78320000E-03  7.40260000E-04
2002-01-05T02:48:21.100 -3.55380000E-04  6.76440000E-03  6.34190000E-04
2002-01-05T02:48:22.100  2.79850000E-04  7.43900000E-03  4.45000000E-04
2002-01-05T02:48:23.100 -7.65680000E-04  6.25580000E-03  3.27730000E-04
2002-01-05T02:48:24.100  1.95200000E-04  7.04520000E-03  4.41240000E-04
2002-01-05T02:48:25.100  3.16270000E-04  6.99450000E-03  8.29730000E-04
2002-01-05T02:48:26.100 -8.91720000E-04  6.41870000E-03  5.74230000E-04
2002-01-05T02:48:27.100  4.75220000E-04  7.11130000E-03  3.36310000E-04
2002-01-05T02:48:28.100  1.98670000E-04  7.33560000E-03  6.35580000E-04
2002-01-05T02:48:29.100 -7.99010000E-04  6.62670000E-03  5.10280000E-04
2002-01-05T02:48:30.100 -8.58030000E-05  7.28540000E-03  5.32190000E-04
2002-01-05T02:48:31.100  4.41950000E-04  7.61150000E-03  6.63740000E-04
2002-01-05T02:48:32.100 -7.55980000E-04  6.91430000E-03  6.45450000E-04
2002-01-05T02:48:33.100 -3.94800000E-04  6.95410000E-03  4.98100000E-04
2002-01-05T02:48:34.100  3.43680000E-04  7.66660000E-03  4.87860000E-04
2002-01-05T02:48:35.100  2.22930000E-04  7.77770000E-03  6.89180000E-04
2002-01-05T02:48:36.100 -5.81780000E-04  7.16240000E-03  5.46580000E-04
2002-01-05T02:48:37.100 -6.42120000E-04  6.85490000E-03  3.41220000E-04
2002-01-05T02:48:38.100  9.88980000E-05  7.91680000E-03  5.07100000E-04
2002-01-05T02:48:39.100 -1.22270000E-06  7.76290000E-03  5.93010000E-04
2002-01-05T02:48:40.100 -5.87240000E-04  7.24640000E-03  6.85870000E-04
2002-01-05T02:48:41.100 -6.36180000E-04  7.26950000E-03  6.30870000E-04
2002-01-05T02:48:42.100 -1.68470000E-04  8.05790000E-03  4.08540000E-04
2002-01-05T02:48:43.100  1.04060000E-04  8.06240000E-03  4.74990000E-04
2002-01-05T02:48:44.100 -1.64360000E-04  8.42380000E-03  4.08310000E-04
2002-01-05T02:48:45.100  3.66110000E-06  8.24420000E-03  2.21860000E-04
2002-01-05T02:48:46.100 -1.62310000E-04  8.36380000E-03  7.74170000E-04
2002-01-05T02:48:47.100 -4.25710000E-04  8.65430000E-03  6.92450000E-04
2002-01-05T02:48:48.100 -1.45390000E-04  8.46310000E-03  4.54000000E-04
2002-01-05T02:48:49.100 -2.67510000E-04  8.46370000E-03  6.21510000E-04
2002-01-05T02:48:50.100 -4.14370000E-04  8.90160000E-03  8.44110000E-04
2002-01-05T02:48:51.100 -4.12000000E-04  8.64700000E-03  4.38870000E-04
2002-01-05T02:48:52.100 -3.90410000E-04  8.77720000E-03  7.81940000E-04
2002-01-05T02:48:53.100 -2.88730000E-04  8.78170000E-03  3.42190000E-04
2002-01-05T02:48:54.100 -4.46680000E-04  8.71160000E-03  8.01080000E-04
2002-01-05T02:48:55.100 -3.54660000E-04  8.73040000E-03  4.89380000E-04
2002-01-05T02:48:56.100 -5.24950000E-04  8.82610000E-03  7.82560000E-04
2002-01-05T02:48:57.100 -1.21390000E-04  8.26100000E-03  2.11160000E-04
2002-01-05T02:48:58.100 -9.65830000E-04  7.12050000E-03  5.18970000E-04
2002-01-05T02:48:59.100 -4.19180000E-04  6.86290000E-03  6.85900000E-04
2002-01-05T02:49:00.100  4.56120000E-05  8.15560000E-03  5.36090000E-04
2002-01-05T02:49:01.100 -7.25840000E-05  8.21550000E-03  5.75530000E-04
2002-01-05T02:49:02.100 -7.35470000E-04  7.31080000E-03  6.93450000E-04
2002-01-05T02:49:03.100 -6.21670000E-04  6.92070000E-03  6.56720000E-04
2002-01-05T02:49:04.100  3.45670000E-05  7.49130000E-03  4.22940000E-04
2002-01-05T02:49:05.100 -2.17780000E-04  7.37480000E-03  7.58050000E-04
2002-01-05T02:49:06.100 -6.47830000E-04  7.15290000E-03  6.13420000E-04
2002-01-05T02:49:07.100 -1.38120000E-04  7.66960000E-03  7.73820000E-04
2002-01-05T02:49:08.100  1.25970000E-04  7.86780000E-03  3.97180000E-04
2002-01-05T02:49:09.100  1.04790000E-04  8.22820000E-03  6.17960000E-04
2002-01-05T02:49:10.100 -3.23740000E-04  8.39650000E-03  3.99680000E-04
2002-01-05T02:49:11.100 -2.40360000E-05  8.22330000E-03  7.94920000E-04
2002-01-05T02:49:12.100 -4.14770000E-04  8.24730000E-03  6.21090000E-04
2002-01-05T02:49:13.100 -3.73930000E-04  9.27730000E-03  6.14040000E-04
2002-01-05T02:49:14.100 -4.85870000E-04  9.08650000E-03  5.18670000E-04
2002-01-05T02:49:15.100 -8.36920000E-04  9.50940000E-03  1.00330000E-03
2002-01-05T02:49:16.100  2.68360000E-04  1.01510000E-02  5.94120000E-04
2002-01-05T02:49:17.100 -8.67070000E-05  9.97990000E-03  6.28570000E-04
2002-01-05T02:49:18.100 -6.78810000E-04  1.00340000E-02  8.10240000E-04
2002-01-05T02:49:19.100  1.42350000E-04  1.12820000E-02  4.75490000E-04
2002-01-05T02:49:20.100 -7.31880000E-04  9.92730000E-03  3.34900000E-04
2002-01-05T02:49:21.100  2.41200000E-04  1.11230000E-02  5.21540000E-04
2002-01-05T02:49:22.100 -7.16850000E-04  1.02850000E-02  7.17410000E-04
2002-01-05T02:49:23.100  3.58190000E-04  1.07200000E-02  6.63020000E-04
2002-01-05T02:49:24.100 -7.42490000E-04  9.79230000E-03  7.02120000E-04
2002-01-05T02:49:25.100 -1.95820000E-04  9.84810000E-03  4.62250000E-04
2002-01-05T02:49:26.100  3.39050000E-04  1.04520000E-02  5.81690000E-04
2002-01-05T02:49:27.100 -7.20930000E-04  9.61520000E-03  6.82660000E-04
2002-01-05T02:49:28.100  1.68480000E-04  1.04370000E-02  6.99870000E-04
2002-01-05T02:49:29.100 -3.25990000E-04  1.01860000E-02  4.95320000E-04
2002-01-05T02:49:30.100 -8.97630000E-04  9.43000000E-03  6.37190000E-04
2002-01-05T02:49:31.100  3.06350000E-04  1.03080000E-02  6.02010000E-04
2002-01-05T02:49:32.100 -1.09290000E-04  1.00950000E-02  6.94500000E-04
2002-01-05T02:49:33.100 -6.32490000E-04  9.20420000E-03  5.87090000E-04
2002-01-05T02:49:34.100 -3.89880000E-05  1.00250000E-02  8.04010000E-04
2002-01-05T02:49:35.100  3.41020000E-04  1.00950000E-02  6.57810000E-04
2002-01-05T02:49:36.100 -6.47010000E-04  9.23120000E-03  3.88220000E-04
2002-01-05T02:49:37.100 -6.29010000E-04  9.30630000E-03  4.78450000E-04
2002-01-05T02:49:38.100 -2.93700000E-05  9.74830000E-03  6.55400000E-04
2002-01-05T02:49:39.100  1.99390000E-04  1.00030000E-02  3.74290000E-04
2002-01-05T02:49:40.100 -5.06520000E-04  9.25490000E-03  4.28320000E-04
2002-01-05T02:49:41.100 -7.03800000E-04  9.10230000E-03  8.59830000E-04
2002-01-05T02:49:42.100 -3.99400000E-04  9.20020000E-03  4.91210000E-04
2002-01-05T02:49:43.100 -2.78210000E-05  9.51030000E-03  6.93810000E-04
2002-01-05T02:49:44.100  2.26410000E-04  9.83870000E-03  4.18800000E-04
2002-01-05T02:49:45.100 -3.69700000E-04  9.20120000E-03  7.18220000E-04
2002-01-05T02:49:46.100 -3.98600000E-04  8.92690000E-03  3.96610000E-04
2002-01-05T02:49:47.100 -4.05570000E-04  8.71190000E-03  4.46960000E-04
2002-01-05T02:49:48.100 -3.41460000E-04  8.65500000E-03  6.87020000E-04
2002-01-05T02:49:49.100 -3.30200000E-04  8.66290000E-03  6.54330000E-04
2002-01-05T02:49:50.100 -3.76980000E-04  8.68850000E-03  6.30700000E-04
2002-01-05T02:49:51.100 -3.23870000E-04  8.61930000E-03  3.90770000E-04
2002-01-05T02:49:52.100 -2.78850000E-05  8.18470000E-03  6.35570000E-04
2002-01-05T02:49:53.100 -2.97200000E-04  8.14870000E-03  5.41510000E-04
2002-01-05T02:49:54.100 -2.72080000E-04  7.46160000E-03  5.98250000E-04
2002-01-05T02:49:55.100 -9.71350000E-04  7.07560000E-03  5.96830000E-04
2002-01-05T02:49:56.100  1.82020000E-04  7.65400000E-03  6.53050000E-04
2002-01-05T02:49:57.100 -2.58070000E-04  7.17660000E-03  6.94360000E-04
2002-01-05T02:49:58.100 -5.39010000E-04  6.45760000E-03  5.36100000E-04
2002-01-05T02:49:59.100  2.71900000E-04  7.09630000E-03  5.94580000E-04
2002-01-05T02:50:00.100 -7.15780000E-04  5.80010000E-03  5.75610000E-04
2002-01-05T02:50:01.100  1.86760000E-04  6.29560000E-03  3.63890000E-04
2002-01-05T02:50:02.100 -3.40850000E-04  5.65490000E-03  6.06510000E-04
2002-01-05T02:50:03.100 -3.54900000E-04  5.56590000E-03  3.05420000E-04
2002-01-05T02:50:04.100 -1.80560000E-04  5.60580000E-03  4.97830000E-04
2002-01-05T02:50:05.100 -2.29480000E-04  5.48020000E-03  5.00650000E-04
2002-01-05T02:50:06.100 -2.19270000E-04  5.15310000E-03  5.15220000E-04
2002-01-05T02:50:07.100 -4.17120000E-04  5.36480000E-03  7.43210000E-04
2002-01-05T02:50:08.100  8.50350000E-05  5.47110000E-03  6.61660000E-04
2002-01-05T02:50:09.100 -9.39000000E-05  5.15700000E-03  7.54320000E-04
2002-01-05T02:50:10.100 -3.80460000E-05  5.41360000E-03  4.38260000E-04
2002-01-05T02:50:11.100 -3.96480000E-04  5.39220000E-03  6.19480000E-04
2002-01-05T02:50:12.100 -1.38620000E-04  5.49050000E-03  4.81380000E-04
2002-01-05T02:50:13.100 -3.23380000E-04  5.33930000E-03  7.08260000E-04
2002-01-05T02:50:14.100 -5.02950000E-05  5.57750000E-03  6.07030000E-04
2002-01-05T02:50:15.100 -1.12350000E-04  5.49950000E-03  6.78910000E-04
2002-01-05T02:50:16.100 -2.73000000E-04  5.37470000E-03  2.22300000E-04
2002-01-05T02:50:17.100 -2.09830000E-04  5.25330000E-03  4.76840000E-04
2002-01-05T02:50:18.100 -2.06610000E-04  5.05400000E-03  5.88000000E-04
2002-01-05T02:50:19.100  9.64750000E-05  5.33440000E-03  4.54600000E-04
2002-01-05T02:50:20.100 -1.98360000E-04  5.13120000E-03  5.55910000E-04
2002-01-05T02:50:21.100 -2.35750000E-04  5.21640000E-03  4.20510000E-04
2002-01-05T02:50:22.100 -1.30490000E-04  4.98720000E-03  4.55270000E-04
2002-01-05T02:50:23.100 -6.00940000E-05  4.54420000E-03  5.54320000E-04
2002-01-05T02:50:24.100 -9.09220000E-05  4.97980000E-03  7.63810000E-04
2002-01-05T02:50:25.100 -1.00870000E-04  4.67040000E-03  5.10520000E-04
2002-01-05T02:50:26.100 -1.33640000E-04  4.79750000E-03  7.28360000E-04
2002-01-05T02:50:27.100 -2.61700000E-04  4.93650000E-03  5.43150000E-04
2002-01-05T02:50:28.100 -1.49180000E-04  4.57440000E-03  3.53930000E-04
2002-01-05T02:50:29.100 -2.46430000E-04  4.56020000E-03  4.14650000E-04
2002-01-05T02:50:30.100  1.53080000E-04  4.28210000E-03  3.95310000E-04
2002-01-05T02:50:31.100 -4.23210000E-04  4.52950000E-03  7.46850000E-04
2002-01-05T02:50:32.100  1.40140000E-04  4.42690000E-03  5.08240000E-04
2002-01-05T02:50:33.100 -1.78150000E-04  4.81340000E-03  5.27130000E-04
2002-01-05T02:50:34.100 -3.52940000E-04  5.03630000E-03  7.02300000E-04
2002-01-05T02:50:35.100 -3.62850000E-04  4.98100000E-03  6.20800000E-04
2002-01-05T02:50:36.100  9.57680000E-05  5.34730000E-03  3.39760000E-04
2002-01-05T02:50:37.100  8.97370000E-05  5.53710000E-03  6.60970000E-04
2002-01-05T02:50:38.100 -2.40510000E-04  5.10550000E-03  4.31890000E-04
2002-01-05T02:50:39.100 -1.92120000E-04  5.58500000E-03  4.36400000E-04
2002-01-05T02:50:40.100  2.69780000E-05  6.00150000E-03  4.43270000E-04
2002-01-05T02:50:41.100 -3.86980000E-04  5.82130000E-03  6.29850000E-04
2002-01-05T02:50:42.100 -8.87800000E-05  5.88530000E-03  5.46800000E-04
2002-01-05T02:50:43.100 -3.03440000E-04  5.41300000E-03  4.85360000E-04
2002-01-05T02:50:44.100 -1.89580000E-04  5.44290000E-03  3.32930000E-04
2002-01-05T02:50:45.100 -1.30320000E-05  5.78520000E-03  5.07590000E-04
2002-01-05T02:50:46.100 -3.68000000E-04  5.21600000E-03  8.18980000E-04
2002-01-05T02:50:47.100 -2.70540000E-04  5.10180000E-03  6.54170000E-04
2002-01-05T02:50:48.100  2.22350000E-04  5.36130000E-03  5.44970000E-04
2002-01-05T02:50:49.100 -3.94640000E-04  5.27500000E-03  2.69380000E-04
2002-01-05T02:50:50.100 -2.96900000E-04  5.15010000E-03  6.45490000E-04
2002-01-05T02:50:51.100 -2.12610000E-04  4.98820000E-03  6.86590000E-04
2002-01-05T02:50:52.100 -2.21670000E-04  4.94810000E-03  6.79120000E-04
2002-01-05T02:50:53.100  2.22510000E-04  4.85080000E-03  2.02640000E-04
2002-01-05T02:50:54.100 -5.34110000E-04  4.88560000E-03  4.58530000E-04
2002-01-05T02:50:55.100 -1.81530000E-04  4.89970000E-03  4.96980000E-04
2002-01-05T02:50:56.100 -2.03230000E-04  4.52750000E-03  6.64210000E-04
2002-01-05T02:50:57.100  4.43840000E-05  4.69180000E-03  4.73410000E-04
2002-01-05T02:50:58.100 -2.35820000E-04  4.75980000E-03  4.88530000E-04
2002-01-05T02:50:59.100 -2.12300000E-04  4.58310000E-03  5.92690000E-04
2002-01-05T02:51:00.100 -1.16170000E-05  4.54600000E-03  5.93620000E-04
2002-01-05T02:51:01.100 -2.31040000E-04  4.16490000E-03  3.96600000E-04
2002-01-05T02:51:02.100 -2.10350000E-04  4.20420000E-03  6.17360000E-04
2002-01-05T02:51:03.100 -1.94410000E-04  4.06730000E-03  6.08580000E-04
2002-01-05T02:51:04.100 -4.28740000E-04  3.99810000E-03  3.59380000E-04
2002-01-05T02:51:05.100 -7.56190000E-05  4.02510000E-03  7.52760000E-05
2002-01-05T02:51:06.100 -3.79270000E-04  3.95710000E-03  9.60940000E-04
2002-01-05T02:51:07.100 -1.49180000E-04  3.94560000E-03  6.59890000E-04
2002-01-05T02:51:08.100 -8.38500000E-05  4.04390000E-03  2.31550000E-04
2002-01-05T02:51:09.100 -1.42220000E-04  3.79090000E-03  3.26110000E-04
2002-01-05T02:51:10.100 -2.27900000E-04  3.96920000E-03  6.09420000E-04
2002-01-05T02:51:11.100 -3.76760000E-04  3.76190000E-03  6.59210000E-04
2002-01-05T02:51:12.100 -6.03040000E-05  3.84770000E-03  5.26480000E-04
2002-01-05T02:51:13.100 -9.48540000E-06  3.70930000E-03  3.88260000E-04
2002-01-05T02:51:14.100 -3.06430000E-04  3.74890000E-03  3.34450000E-04
2002-01-05T02:51:15.100 -2.91350000E-04  4.10340000E-03  6.11540000E-04
2002-01-05T02:51:16.100 -1.83980000E-04  4.56160000E-03  4.03060000E-04
2002-01-05T02:51:17.100 -3.22470000E-04  4.19120000E-03  5.26920000E-04
2002-01-05T02:51:18.100 -1.73270000E-04  4.18470000E-03  5.45030000E-04
2002-01-05T02:51:19.100 -3.41120000E-05  4.23520000E-03  5.38060000E-04
2002-01-05T02:51:20.100 -4.08960000E-04  4.29770000E-03  6.19530000E-04
2002-01-05T02:51:21.100 -8.25550000E-06  4.20840000E-03  5.88780000E-04
2002-01-05T02:51:22.100 -2.62630000E-04  3.80830000E-03  6.24970000E-05
2002-01-05T02:51:23.100 -4.02280000E-04  3.67380000E-03  6.44320000E-04
2002-01-05T02:51:24.100 -1.12160000E-04  3.30050000E-03  6.30580000E-04
2002-01-05T02:51:25.100 -2.23610000E-04  4.50580000E-03  6.40480000E-04
2002-01-05T02:51:26.100 -8.99150000E-05  3.62320000E-03  4.99140000E-04
2002-01-05T02:51:27.100 -3.27370000E-04  3.03680000E-03  9.27380000E-05
2002-01-05T02:51:28.100  2.63940000E-06  3.29720000E-03  6.61400000E-04
2002-01-05T02:51:29.100 -2.47020000E-04  2.84250000E-03  7.69540000E-04
2002-01-05T02:51:30.100  3.27350000E-07  2.58480000E-03  4.99920000E-04
2002-01-05T02:51:31.100 -2.74010000E-04  2.84220000E-03  2.55110000E-04
2002-01-05T02:51:32.100  1.07680000E-04  2.94400000E-03  6.01480000E-04
2002-01-05T02:51:33.100 -2.71150000E-04  3.23860000E-03  3.42100000E-04
2002-01-05T02:51:34.100 -3.50150000E-04  2.76410000E-03  7.37450000E-04
2002-01-05T02:51:35.100 -4.01300000E-05  2.43590000E-03  2.95630000E-04
2002-01-05T02:51:36.100 -2.21130000E-04  2.53230000E-03  3.85560000E-04
2002-01-05T02:51:37.100 -1.46910000E-04  2.57380000E-03  5.74680000E-04
2002-01-05T02:51:38.100  1.45540000E-04  2.98120000E-03  3.50270000E-04
2002-01-05T02:51:39.100 -1.41160000E-04  3.18000000E-03  8.81160000E-04
2002-01-05T02:51:40.100 -1.23650000E-04  2.52170000E-03  4.73570000E-04
2002-01-05T02:51:41.100 -1.54130000E-04  2.76000000E-03  7.17050000E-04
2002-01-05T02:51:42.100 -2.82450000E-04  2.52980000E-03  2.81060000E-04
2002-01-05T02:51:43.100 -8.90850000E-06  2.06750000E-03  5.57360000E-04
2002-01-05T02:51:44.100 -1.32280000E-04  2.97480000E-03  5.19160000E-04
2002-01-05T02:51:45.100 -5.69840000E-05  2.14440000E-03  4.90400000E-04
2002-01-05T02:51:46.100 -2.92250000E-04  2.22760000E-03  5.73700000E-04
2002-01-05T02:51:47.100  4.87130000E-05  1.78430000E-03  2.34700000E-04
2002-01-05T02:51:48.100 -3.92060000E-04  2.14780000E-03  3.30750000E-04
2002-01-05T02:51:49.100 -2.44180000E-04  1.82330000E-03  3.87950000E-04
2002-01-05T02:51:50.100 -4.77220000E-05  2.16220000E-03  8.75010000E-04
2002-01-05T02:51:51.100  3.98470000E-05  2.34270000E-03  4.49030000E-04
2002-01-05T02:51:52.100 -2.40370000E-04  2.55810000E-03  3.39830000E-04
2002-01-05T02:51:53.100  4.65030000E-06  2.25060000E-03  4.44240000E-04
2002-01-05T02:51:54.100 -2.68770000E-04  2.07460000E-03  4.01100000E-04
2002-01-05T02:51:55.100 -2.14800000E-04  1.62180000E-03  7.92660000E-04
2002-01-05T02:51:56.100 -8.33120000E-05  1.46360000E-03  2.92620000E-04
2002-01-05T02:51:57.100 -2.51800000E-04  2.01380000E-03  3.63410000E-04
2002-01-05T02:51:58.100 -1.47950000E-04  1.49990000E-03  4.28460000E-04
2002-01-05T02:51:59.100  8.13340000E-05  1.30870000E-03  4.18670000E-04
2002-01-05T02:52:00.100 -3.73370000E-04  1.27610000E-03  5.32580000E-04
2002-01-05T02:52:01.100 -9.68150000E-05  1.78160000E-03  2.29760000E-04
2002-01-05T02:52:02.100 -2.27610000E-04  1.32170000E-03  6.95000000E-04
2002-01-05T02:52:03.100  1.44760000E-04  1.20210000E-03  7.24650000E-04
2002-01-05T02:52:04.100  2.89440000E-05  1.36770000E-03  2.59500000E-04
2002-01-05T02:52:05.100 -4.09890000E-04  1.67000000E-03  3.51810000E-04
2002-01-05T02:52:06.100 -1.19820000E-04  1.29800000E-03  6.75040000E-04
2002-01-05T02:52:07.100  8.94770000E-05  1.03080000E-03  3.64200000E-04
2002-01-05T02:52:08.100 -2.00520000E-04  1.34770000E-03  6.45290000E-04
2002-01-05T02:52:09.100 -1.85320000E-04  1.67700000E-03  6.83930000E-04
2002-01-05T02:52:10.100  8.00190000E-05  1.40150000E-03  4.16110000E-04
2002-01-05T02:52:11.100  5.29960000E-06  8.69900000E-04  1.92130000E-04
2002-01-05T02:52:12.100  1.63280000E-04  1.02470000E-03  5.40170000E-04
2002-01-05T02:52:13.100 -9.25630000E-05  1.12480000E-03  6.54300000E-04
2002-01-05T02:52:14.100 -2.90030000E-04  1.43070000E-03  1.83200000E-04
2002-01-05T02:52:15.100 -3.46700000E-04  1.51470000E-03  5.13490000E-04
2002-01-05T02:52:16.100  4.79590000E-05  9.74040000E-04  4.09610000E-04
2002-01-05T02:52:17.100  2.02100000E-04  1.03420000E-03  7.42660000E-04
2002-01-05T02:52:18.100  4.07130000E-05  6.98140000E-04  5.45340000E-04
2002-01-05T02:52:19.100 -2.74560000E-04  9.94640000E-04 -6.19860000E-05
2002-01-05T02:52:20.100 -1.34950000E-04  1.34050000E-03  3.32470000E-04
2002-01-05T02:52:21.100 -2.70760000E-04  1.23290000E-03  6.39410000E-04
2002-01-05T02:52:22.100 -6.59700000E-05  9.15010000E-04  4.50980000E-04
2002-01-05T02:52:23.100  1.15670000E-04  9.40300000E-04  4.94010000E-04
2002-01-05T02:52:24.100 -5.15450000E-05  5.61780000E-04  5.43350000E-04
2002-01-05T02:52:25.100 -1.10900000E-04  1.19080000E-03  3.08600000E-04
2002-01-05T02:52:26.100 -3.79030000E-04  1.26520000E-03  6.76310000E-04
2002-01-05T02:52:27.100 -6.00200000E-05  1.45730000E-03  1.58850000E-04
2002-01-05T02:52:28.100 -6.84830000E-05  1.13930000E-03  3.81210000E-04
2002-01-05T02:52:29.100  5.11740000E-05  9.29760000E-04  5.32610000E-04
2002-01-05T02:52:30.100 -3.83800000E-05  7.11780000E-04  7.02590000E-04
2002-01-05T02:52:31.100  4.53460000E-06  9.90760000E-04  2.32850000E-04
2002-01-05T02:52:32.100 -3.63450000E-05  1.57030000E-03  3.36890000E-04
2002-01-05T02:52:33.100 -3.36280000E-04  1.48410000E-03  7.62580000E-04
2002-01-05T02:52:34.100 -8.48180000E-05  1.17800000E-03  6.03410000E-04
2002-01-05T02:52:35.100  6.52330000E-05  1.35850000E-03  5.71200000E-04
2002-01-05T02:52:36.100 -3.80300000E-04  1.92940000E-03 -1.30570000E-05
2002-01-05T02:52:37.100 -1.13800000E-04  1.62560000E-03  4.12530000E-04
2002-01-05T02:52:38.100  1.91590000E-04  1.30400000E-03  4.57670000E-04
2002-01-05T02:52:39.100 -3.48920000E-04  1.95530000E-03  7.39790000E-04
2002-01-05T02:52:40.100 -1.84850000E-04  1.64150000E-03  4.37970000E-04
2002-01-05T02:52:41.100  9.22650000E-05  1.30870000E-03  4.69450000E-04
2002-01-05T02:52:42.100 -1.25360000E-04  1.82720000E-03  4.67690000E-04
2002-01-05T02:52:43.100 -1.88200000E-04  1.57370000E-03  5.68540000E-04
2002-01-05T02:52:44.100 -1.66610000E-04  1.09660000E-03  4.31280000E-04
2002-01-05T02:52:45.100  1.67970000E-04  1.05810000E-03  5.10010000E-04
2002-01-05T02:52:46.100 -2.87790000E-04  1.49350000E-03  2.87320000E-04
2002-01-05T02:52:47.100 -2.67600000E-04  1.22610000E-03  3.13730000E-04
2002-01-05T02:52:48.100 -3.78590000E-04  1.12680000E-03  4.37310000E-04
2002-01-05T02:52:49.100  5.03710000E-05  6.87630000E-04  7.16610000E-04
2002-01-05T02:52:50.100 -6.41580000E-05  8.04760000E-04  4.25930000E-04
2002-01-05T02:52:51.100 -3.77260000E-05  5.75150000E-04  4.74880000E-04
2002-01-05T02:52:52.100 -1.30430000E-04  5.56190000E-04  6.46020000E-04
2002-01-05T02:52:53.100  9.08650000E-05  8.06560000E-04  3.83770000E-04
2002-01-05T02:52:54.100 -3.82670000E-05  6.65050000E-04  3.16700000E-04
2002-01-05T02:52:55.100 -3.89630000E-04  1.08590000E-03  4.03500000E-04
2002-01-05T02:52:56.100 -3.41000000E-04  1.11220000E-03  4.71020000E-04
2002-01-05T02:52:57.100 -2.35940000E-04  1.19100000E-03  6.19820000E-04
2002-01-05T02:52:58.100 -1.96630000E-05  8.49410000E-04  5.82570000E-04
2002-01-05T02:52:59.100 -4.74240000E-05  7.62790000E-04  5.36320000E-04
2002-01-05T02:53:00.100 -1.51950000E-04  5.29570000E-04  5.70210000E-04
2002-01-05T02:53:01.100  8.75890000E-05  8.33700000E-04  4.83540000E-04
2002-01-05T02:53:02.100 -6.79260000E-05  5.09090000E-04  2.69870000E-04
2002-01-05T02:53:03.100 -2.06100000E-04  5.86100000E-04  4.61260000E-04
2002-01-05T02:53:04.100  9.23090000E-05  6.50420000E-04  3.22350000E-04
2002-01-05T02:53:05.100 -3.58930000E-04  6.93390000E-04  1.77670000E-04
2002-01-05T02:53:06.100 -7.23560000E-05  6.15740000E-04  4.68750000E-04
2002-01-05T02:53:07.100 -9.88780000E-05  6.54570000E-04  3.28290000E-04
2002-01-05T02:53:08.100 -2.25590000E-04  5.34850000E-04  4.43180000E-04
2002-01-05T02:53:09.100 -5.60760000E-05  2.25260000E-04  4.51320000E-04
2002-01-05T02:53:10.100  1.02820000E-04  6.11290000E-04  4.74180000E-04
2002-01-05T02:53:11.100 -3.29410000E-04  5.35870000E-04  4.22350000E-04
2002-01-05T02:53:12.100 -5.22740000E-05  2.56830000E-04  7.34920000E-04
2002-01-05T02:53:13.100 -1.01530000E-04  6.17360000E-04  2.99460000E-04
2002-01-05T02:53:14.100 -2.53500000E-04  2.99260000E-04  2.37000000E-04
2002-01-05T02:53:15.100 -5.35610000E-04  5.03420000E-04  3.21080000E-04
2002-01-05T02:53:16.100  2.73020000E-04  4.67870000E-04  5.17370000E-04
2002-01-05T02:53:17.100 -3.25370000E-04  3.91930000E-04  7.63770000E-04
2002-01-05T02:53:18.100  1.90310000E-05  2.76840000E-04  5.40660000E-04
2002-01-05T02:53:19.100 -2.57380000E-05  3.76020000E-04  2.73510000E-04
2002-01-05T02:53:20.100 -1.36510000E-04  5.21410000E-04  5.06760000E-04
2002-01-05T02:53:21.100 -1.12020000E-04  2.95070000E-04  8.63430000E-05
2002-01-05T02:53:22.100  4.07070000E-05  3.82760000E-04  6.22070000E-04
2002-01-05T02:53:23.100 -5.80560000E-04  1.78350000E-04  4.09330000E-04
2002-01-05T02:53:24.100  3.01520000E-04  5.26200000E-04  4.22440000E-04
2002-01-05T02:53:25.100  1.25520000E-04  2.04690000E-04  5.25130000E-04
2002-01-05T02:53:26.100 -4.27510000E-04  2.69550000E-04  4.78190000E-04
2002-01-05T02:53:27.100  3.59340000E-05  5.36260000E-04  4.10540000E-04
2002-01-05T02:53:28.100 -3.37520000E-04  7.46890000E-05  1.07010000E-04
2002-01-05T02:53:29.100  1.99220000E-05  4.41810000E-04  7.35090000E-04
2002-01-05T02:53:30.100 -5.95360000E-04  1.91110000E-04  2.37460000E-04
2002-01-05T02:53:31.100 -8.03250000E-05  3.24370000E-04  6.56580000E-04
2002-01-05T02:53:32.100 -2.17310000E-04  1.97770000E-04  5.26160000E-04
2002-01-05T02:53:33.100 -1.85150000E-04  1.42390000E-04  6.71620000E-04
2002-01-05T02:53:34.100 -5.84070000E-05  3.00950000E-04  1.90870000E-04
2002-01-05T02:53:35.100 -1.43530000E-04  5.22530000E-06  5.40350000E-04
2002-01-05T02:53:36.100  1.28940000E-05  3.43740000E-04  4.91710000E-04
2002-01-05T02:53:37.100 -4.16530000E-05 -1.28340000E-04  1.77230000E-04
2002-01-05T02:53:38.100 -1.09150000E-04  7.57280000E-05  2.30780000E-04
2002-01-05T02:53:39.100 -7.46980000E-05  4.68660000E-04  6.53330000E-04
2002-01-05T02:53:40.100 -2.05860000E-04 -5.14670000E-05  5.18720000E-04
2002-01-05T02:53:41.100  6.38010000E-05  4.89010000E-04  7.14150000E-04
2002-01-05T02:53:42.100 -4.75380000E-04 -1.22590000E-05  3.37390000E-04
2002-01-05T02:53:43.100 -7.33150000E-05  3.48380000E-04  3.57840000E-04
2002-01-05T02:53:44.100 -1.17210000E-04  2.58640000E-04  1.65450000E-04
2002-01-05T02:53:45.100 -2.91390000E-04  2.39050000E-04  2.69220000E-04
2002-01-05T02:53:46.100  1.04980000E-04  5.38890000E-04  4.50370000E-04
2002-01-05T02:53:47.100 -3.46360000E-04  1.47470000E-04  7.79070000E-04
2002-01-05T02:53:48.100 -1.89110000E-04  3.58110000E-04  3.69690000E-04
2002-01-05T02:53:49.100 -1.51730000E-04  3.44940000E-04  4.25990000E-04
2002-01-05T02:53:50.100 -2.77300000E-04 -2.85730000E-04  3.17140000E-04
2002-01-05T02:53:51.100  1.27070000E-04  2.43170000E-04  3.90190000E-04
2002-01-05T02:53:52.100 -6.66850000E-05 -2.78870000E-04  6.21710000E-04
2002-01-05T02:53:53.100  4.51300000E-05  1.75130000E-04  5.85780000E-04
2002-01-05T02:53:54.100 -2.54930000E-04 -8.78610000E-05  1.78870000E-04
2002-01-05T02:53:55.100  3.47810000E-05  1.19420000E-04  5.13690000E-04
2002-01-05T02:53:56.100 -2.08230000E-04  1.64780000E-04  4.47070000E-04
2002-01-05T02:53:57.100 -3.57900000E-04  1.64940000E-04  2.65820000E-04
2002-01-05T02:53:58.100  6.49290000E-06  3.46210000E-04  5.96530000E-04
2002-01-05T02:53:59.100 -5.15640000E-04 -1.16830000E-04  3.50820000E-04
2002-01-05T02:54:00.100  4.80500000E-05  5.42800000E-04  4.89540000E-04
2002-01-05T02:54:01.100 -5.02830000E-04 -3.61880000E-04  6.43320000E-04
2002-01-05T02:54:02.100  4.29180000E-04  1.72590000E-04  2.53850000E-04
2002-01-05T02:54:03.100 -1.39460000E-04 -1.05650000E-04  5.34110000E-04
2002-01-05T02:54:04.100 -2.50560000E-05  5.93480000E-06  5.17180000E-04
2002-01-05T02:54:05.100 -6.81900000E-05 -1.29230000E-04  4.22090000E-04
2002-01-05T02:54:06.100 -2.04800000E-04  6.05990000E-06  6.63010000E-04
2002-01-05T02:54:07.100 -7.48510000E-05  3.76910000E-04  2.35460000E-04
2002-01-05T02:54:08.100 -5.34100000E-04  2.63060000E-05  5.50380000E-04
2002-01-05T02:54:09.100 -9.99040000E-05  3.71650000E-05  3.86380000E-04
2002-01-05T02:54:10.100 -3.13940000E-04 -3.22010000E-04  3.36790000E-04
2002-01-05T02:54:11.100  4.04850000E-04 -1.59740000E-04  3.20670000E-04
2002-01-05T02:54:12.100 -1.71050000E-04 -1.44540000E-04  6.37200000E-04
2002-01-05T02:54:13.100  1.14800000E-04  2.87020000E-04  3.39390000E-04
2002-01-05T02:54:14.100 -6.13720000E-04 -4.70140000E-04  3.05060000E-04
2002-01-05T02:54:15.100  3.30820000E-05  3.39770000E-04  5.96410000E-04
2002-01-05T02:54:16.100 -4.27320000E-04 -2.92420000E-04  3.79990000E-04
2002-01-05T02:54:17.100  1.27490000E-04  2.30800000E-04  5.30130000E-04
2002-01-05T02:54:18.100 -2.10240000E-04 -5.54250000E-04  3.82850000E-04
2002-01-05T02:54:19.100  1.79120000E-04  1.22870000E-04  2.55090000E-04
2002-01-05T02:54:20.100 -8.10870000E-05 -2.49270000E-04  3.97120000E-04
2002-01-05T02:54:21.100 -2.54810000E-04  2.52340000E-05  5.54680000E-04
2002-01-05T02:54:22.100 -3.33920000E-04  1.31450000E-04  6.10850000E-04
2002-01-05T02:54:23.100 -2.89730000E-04  4.18010000E-06  3.63470000E-04
2002-01-05T02:54:24.100 -1.04810000E-04 -9.25240000E-05  3.53850000E-04
2002-01-05T02:54:25.100 -1.12050000E-04 -2.91050000E-04  7.79440000E-04
2002-01-05T02:54:26.100  3.94950000E-04 -2.00510000E-04  5.22800000E-04
2002-01-05T02:54:27.100 -2.64530000E-04 -2.91720000E-04  4.00540000E-04
2002-01-05T02:54:28.100  2.16710000E-05  3.33810000E-04  2.80830000E-04
2002-01-05T02:54:29.100 -5.54000000E-04 -1.52410000E-04  4.65860000E-04
2002-01-05T02:54:30.100  4.24020000E-05  2.64450000E-04  5.40560000E-04
2002-01-05T02:54:31.100 -4.92910000E-05 -1.96870000E-04  4.52150000E-04
2002-01-05T02:54:32.100  5.59070000E-05  1.21840000E-04  4.12560000E-04
2002-01-05T02:54:33.100 -1.58530000E-04 -5.41220000E-04  3.24870000E-04
2002-01-05T02:54:34.100  8.01440000E-05  1.03240000E-04  5.26030000E-04
2002-01-05T02:54:35.100 -4.85920000E-04 -1.83490000E-04  5.74110000E-04
2002-01-05T02:54:36.100 -2.37550000E-05  2.68600000E-04  4.16630000E-04
2002-01-05T02:54:37.100 -3.76490000E-04  1.28830000E-04  3.31810000E-04
2002-01-05T02:54:38.100 -5.44140000E-05 -1.34060000E-04  4.13870000E-04
2002-01-05T02:54:39.100 -4.33010000E-05 -2.61700000E-04  3.37330000E-04
2002-01-05T02:54:40.100  8.98880000E-05 -3.54640000E-04  2.46380000E-04
2002-01-05T02:54:41.100 -5.65110000E-06 -1.16250000E-04  8.59150000E-04
2002-01-05T02:54:42.100 -2.65760000E-04 -1.43260000E-04  3.74100000E-04
2002-01-05T02:54:43.100 -4.40540000E-04  1.25870000E-04  4.12450000E-04
2002-01-05T02:54:44.100 -2.36170000E-04 -2.40210000E-04  5.91760000E-04
2002-01-05T02:54:45.100  2.03870000E-04 -2.32580000E-04  4.06400000E-04
2002-01-05T02:54:46.100 -2.46650000E-05 -3.60690000E-04  6.33480000E-04
2002-01-05T02:54:47.100  2.34090000E-04 -1.39580000E-04  3.78590000E-04
2002-01-05T02:54:48.100 -5.01460000E-04 -1.10250000E-04  2.07680000E-04
2002-01-05T02:54:49.100 -8.40570000E-05  3.22030000E-04  2.00400000E-04
2002-01-05T02:54:50.100 -3.24950000E-04 -4.46910000E-04  5.20770000E-04
2002-01-05T02:54:51.100  1.80640000E-04 -2.97460000E-05  6.08450000E-04
2002-01-05T02:54:52.100 -3.02460000E-04 -5.67560000E-04  4.53590000E-04
2002-01-05T02:54:53.100  1.80330000E-04 -1.17490000E-04  1.74900000E-04
2002-01-05T02:54:54.100 -4.61720000E-04 -1.58850000E-04  6.91950000E-04
2002-01-05T02:54:55.100 -3.64700000E-04  1.67890000E-04  3.71270000E-04
2002-01-05T02:54:56.100 -1.15180000E-05 -1.82180000E-04  3.35870000E-04
2002-01-05T02:54:57.100  1.68940000E-04 -7.71940000E-05  6.54970000E-04
2002-01-05T02:54:58.100 -1.93690000E-04 -6.56610000E-04  6.78390000E-04
2002-01-05T02:54:59.100  1.02240000E-04  8.33670000E-05  4.95820000E-04
2002-01-05T02:55:00.100 -4.48880000E-04 -1.74310000E-04  2.25660000E-04
2002-01-05T02:55:01.100  1.05180000E-05  2.38980000E-04  2.30740000E-04
2002-01-05T02:55:02.100 -4.45940000E-04 -4.07470000E-04  3.68220000E-04
2002-01-05T02:55:03.100  1.10030000E-04  3.01050000E-04  5.63430000E-04
2002-01-05T02:55:04.100 -8.40450000E-05 -7.80940000E-04  4.58930000E-04
2002-01-05T02:55:05.100  3.92290000E-04  1.80570000E-04  3.99610000E-04
2002-01-05T02:55:06.100 -7.39760000E-04 -4.45040000E-04  4.89520000E-04
2002-01-05T02:55:07.100 -8.50160000E-05  3.56590000E-04  3.62910000E-04
2002-01-05T02:55:08.100 -4.18830000E-04 -3.29140000E-04  5.29940000E-04
2002-01-05T02:55:09.100  3.31070000E-04  6.11770000E-05  6.01400000E-04
2002-01-05T02:55:10.100 -2.35460000E-04 -8.06340000E-04  4.03200000E-04
2002-01-05T02:55:11.100  4.49020000E-04  6.32280000E-05  5.34940000E-04
2002-01-05T02:55:12.100 -6.31740000E-04 -2.91270000E-04  1.91470000E-04
2002-01-05T02:55:13.100  1.05170000E-05  3.24570000E-04  2.68340000E-04
2002-01-05T02:55:14.100 -6.81830000E-04 -4.90160000E-04  3.29250000E-04
2002-01-05T02:55:15.100  1.83050000E-04  3.40490000E-04  3.55980000E-04
2002-01-05T02:55:16.100 -3.25990000E-04 -7.97230000E-04  7.71980000E-04
2002-01-05T02:55:17.100  2.54460000E-04  1.02530000E-04  1.87590000E-04
2002-01-05T02:55:18.100 -5.13320000E-04 -5.77050000E-04  6.14630000E-04
2002-01-05T02:55:19.100  4.68300000E-05  2.70510000E-04  3.25300000E-04
2002-01-05T02:55:20.100 -4.68980000E-04 -1.89040000E-04  5.89720000E-04
2002-01-05T02:55:21.100  1.36850000E-04  9.21220000E-05  3.92110000E-04
2002-01-05T02:55:22.100 -2.47310000E-04 -6.85960000E-04  2.78940000E-04
2002-01-05T02:55:23.100  4.63050000E-04 -2.03580000E-04  5.66400000E-04
2002-01-05T02:55:24.100 -5.18050000E-04 -1.89700000E-04  7.76330000E-04
2002-01-05T02:55:25.100  1.76170000E-04  4.38640000E-04  2.98220000E-04
2002-01-05T02:55:26.100 -7.38420000E-04 -3.66340000E-04  5.65660000E-06
2002-01-05T02:55:27.100  1.65980000E-04  1.75220000E-04  6.04640000E-04
2002-01-05T02:55:28.100 -2.48410000E-04 -6.94470000E-04  5.83920000E-04
2002-01-05T02:55:29.100  4.71800000E-04 -3.32880000E-04  3.99510000E-04
2002-01-05T02:55:30.100 -4.62380000E-04 -2.28780000E-04  2.15090000E-04
2002-01-05T02:55:31.100  1.47500000E-05  3.74740000E-04  4.72230000E-04
2002-01-05T02:55:32.100 -4.60780000E-04 -2.92300000E-04  5.56480000E-04
2002-01-05T02:55:33.100  1.54840000E-04 -6.95900000E-05  7.29080000E-04
2002-01-05T02:55:34.100 -2.59390000E-04 -7.05110000E-04  7.56970000E-05
2002-01-05T02:55:35.100  3.68030000E-04 -2.00750000E-04  4.89050000E-04
2002-01-05T02:55:36.100 -5.72220000E-04 -2.73030000E-04  2.69610000E-04
2002-01-05T02:55:37.100  3.89420000E-05  3.14660000E-04  5.32390000E-04
2002-01-05T02:55:38.100 -4.92930000E-04 -4.70750000E-04  5.12810000E-04
2002-01-05T02:55:39.100  4.83560000E-04 -2.27830000E-04  4.75330000E-04
2002-01-05T02:55:40.100 -3.19380000E-04 -5.84790000E-04 -5.20930000E-05
2002-01-05T02:55:41.100  2.80560000E-04  4.79210000E-05  5.42040000E-04
2002-01-05T02:55:42.100 -6.26970000E-04 -1.20270000E-04  5.23300000E-04
2002-01-05T02:55:43.100  2.19960000E-04  1.63800000E-04  3.70960000E-04
2002-01-05T02:55:44.100 -3.41660000E-04 -6.24750000E-04  7.12340000E-04
2002-01-05T02:55:45.100  3.74700000E-04 -1.18660000E-04  3.12010000E-04
2002-01-05T02:55:46.100 -4.26750000E-04 -4.63000000E-04  5.06840000E-04
2002-01-05T02:55:47.100  1.31920000E-04  1.47780000E-04  3.44410000E-04
2002-01-05T02:55:48.100 -6.01750000E-04 -1.41740000E-04  5.25700000E-04
2002-01-05T02:55:49.100  3.40770000E-04 -8.85300000E-06  5.23580000E-04
2002-01-05T02:55:50.100 -5.16180000E-04 -6.31960000E-04  6.94990000E-04
2002-01-05T02:55:51.100  2.99260000E-04  5.30470000E-05  2.53920000E-04
2002-01-05T02:55:52.100 -2.73050000E-04 -4.76060000E-04  1.92350000E-04
2002-01-05T02:55:53.100  1.01060000E-04  1.35410000E-04  7.43660000E-04
2002-01-05T02:55:54.100 -6.48130000E-04 -1.93950000E-04  2.10950000E-04
2002-01-05T02:55:55.100  2.08700000E-04 -1.62560000E-05  6.27140000E-04
2002-01-05T02:55:56.100 -3.86560000E-05 -5.81140000E-04  3.46270000E-04
2002-01-05T02:55:57.100  3.44920000E-04 -1.46500000E-04  4.87240000E-04
2002-01-05T02:55:58.100 -6.49590000E-04 -4.77980000E-04  3.15910000E-04
2002-01-05T02:55:59.100 -4.37280000E-05  2.44600000E-04  4.26780000E-04
2002-01-05T02:56:00.100 -5.87540000E-04 -2.92140000E-04  6.93260000E-04
2002-01-05T02:56:01.100  4.05690000E-04 -7.68580000E-05  3.99690000E-04
2002-01-05T02:56:02.100 -1.38970000E-05 -5.81130000E-04  3.98860000E-04
2002-01-05T02:56:03.100  3.60020000E-05 -5.74120000E-05  2.42700000E-04
2002-01-05T02:56:04.100 -4.08970000E-04 -3.18810000E-04  6.24020000E-04
2002-01-05T02:56:05.100 -6.94280000E-05  2.33640000E-04  4.80250000E-04
2002-01-05T02:56:06.100 -3.87790000E-04 -3.78160000E-04  6.92350000E-04
2002-01-05T02:56:07.100  2.40990000E-04  4.75370000E-05  1.01720000E-04
2002-01-05T02:56:08.100 -1.68190000E-04 -8.36450000E-04  5.11450000E-04
2002-01-05T02:56:09.100  1.74970000E-04 -6.76320000E-05  5.21910000E-04
2002-01-05T02:56:10.100 -5.64920000E-04 -1.06310000E-04  5.60020000E-04
2002-01-05T02:56:11.100  1.23550000E-04  2.94970000E-04  6.20470000E-04
2002-01-05T02:56:12.100 -6.81370000E-04 -5.02530000E-04  4.76090000E-04
2002-01-05T02:56:13.100  4.77200000E-04 -1.33830000E-04  3.25960000E-04
2002-01-05T02:56:14.100 -3.21420000E-04 -6.12290000E-04  3.26320000E-04
2002-01-05T02:56:15.100  1.02380000E-04  1.73530000E-04  6.61430000E-04
2002-01-05T02:56:16.100 -3.66470000E-04 -1.52940000E-04  1.84460000E-04
2002-01-05T02:56:17.100 -9.85090000E-05  1.14700000E-04  9.63630000E-04
2002-01-05T02:56:18.100 -3.22260000E-04 -6.49850000E-04  1.24920000E-04
2002-01-05T02:56:19.100  3.40970000E-04 -1.93490000E-04  3.74970000E-04
2002-01-05T02:56:20.100 -2.98390000E-04 -5.15670000E-04  5.89710000E-04
2002-01-05T02:56:21.100  2.02320000E-04  2.15670000E-04  7.19910000E-04
2002-01-05T02:56:22.100 -7.03890000E-04 -3.56510000E-04  5.16280000E-04
2002-01-05T02:56:23.100  1.61440000E-04  1.61250000E-04  4.82940000E-04
2002-01-05T02:56:24.100 -3.81260000E-04 -7.41200000E-04  2.95790000E-04
2002-01-05T02:56:25.100  3.66170000E-04 -2.89040000E-04  3.49640000E-04
2002-01-05T02:56:26.100 -4.57330000E-04 -4.57240000E-04  7.28890000E-04
2002-01-05T02:56:27.100 -1.41440000E-05  3.11670000E-04  1.56650000E-04
2002-01-05T02:56:28.100 -4.54580000E-04 -4.12790000E-04  6.72870000E-04
2002-01-05T02:56:29.100  2.07070000E-04  1.95770000E-04  4.90480000E-04
2002-01-05T02:56:30.100 -2.75130000E-04 -7.92890000E-04  6.59030000E-04
2002-01-05T02:56:31.100  9.06380000E-05  6.86810000E-06  4.50050000E-05
2002-01-05T02:56:32.100 -4.26830000E-04 -3.30620000E-04  5.40730000E-04
2002-01-05T02:56:33.100  2.22970000E-05  3.52830000E-04  5.86030000E-04
2002-01-05T02:56:34.100 -4.84170000E-04 -4.73130000E-04  5.86090000E-04
2002-01-05T02:56:35.100  2.88640000E-04  1.10340000E-04  4.01530000E-04
2002-01-05T02:56:36.100 -1.41410000E-04 -9.27630000E-04  5.07130000E-04
2002-01-05T02:56:37.100  1.64360000E-04  6.26980000E-05  4.39490000E-04
2002-01-05T02:56:38.100 -6.19920000E-04 -2.32330000E-04  6.29780000E-04
2002-01-05T02:56:39.100 -1.17810000E-05  2.40280000E-04  3.58350000E-04
2002-01-05T02:56:40.100 -4.58880000E-04 -4.10710000E-04  6.00840000E-04
2002-01-05T02:56:41.100  1.50530000E-04 -2.11580000E-04  2.36510000E-04
2002-01-05T02:56:42.100 -1.03910000E-04 -5.26080000E-04  2.21260000E-04
2002-01-05T02:56:43.100  1.73060000E-04 -1.25320000E-04  5.24720000E-04
2002-01-05T02:56:44.100 -4.42810000E-04 -1.41600000E-04  4.49370000E-04
2002-01-05T02:56:45.100 -3.14680000E-04  1.01090000E-04  2.93160000E-04
2002-01-05T02:56:46.100 -2.42750000E-04 -2.07890000E-04  4.57450000E-04
2002-01-05T02:56:47.100  5.36290000E-05 -3.64690000E-04  4.87790000E-04
2002-01-05T02:56:48.100  8.52370000E-05 -3.99450000E-04  5.59530000E-04
2002-01-05T02:56:49.100 -1.37820000E-04 -3.36740000E-04  5.65510000E-04
2002-01-05T02:56:50.100 -3.16520000E-04 -1.52840000E-05  3.27440000E-04
2002-01-05T02:56:51.100 -4.33620000E-04  7.67590000E-05  1.98360000E-04
2002-01-05T02:56:52.100 -4.05510000E-05 -1.10930000E-04  6.54920000E-04
2002-01-05T02:56:53.100 -1.62170000E-04 -4.58670000E-04  4.05480000E-04
2002-01-05T02:56:54.100  1.93640000E-04 -1.99280000E-04  5.04570000E-04
2002-01-05T02:56:55.100  2.46320000E-05 -2.77880000E-04  3.48910000E-04
2002-01-05T02:56:56.100 -2.67270000E-04  3.57950000E-05  2.53410000E-04
2002-01-05T02:56:57.100 -6.12310000E-04 -1.95950000E-04  5.35700000E-04
2002-01-05T02:56:58.100  1.10100000E-04 -1.03600000E-04  5.17090000E-04
2002-01-05T02:56:59.100  3.97720000E-05 -3.88240000E-04  4.64140000E-04
2002-01-05T02:57:00.100  2.13980000E-04 -4.66750000E-04  6.06300000E-04
2002-01-05T02:57:01.100 -3.24810000E-04 -5.43060000E-05  4.30790000E-04
2002-01-05T02:57:02.100 -1.68070000E-04  7.60810000E-05  3.84690000E-04
2002-01-05T02:57:03.100 -4.38890000E-04 -1.84040000E-04  3.60030000E-04
2002-01-05T02:57:04.100  1.95510000E-05 -2.48750000E-04  1.89800000E-04
2002-01-05T02:57:05.100 -1.02580000E-04 -5.24530000E-04  7.09840000E-04
2002-01-05T02:57:06.100  2.24620000E-04 -3.13820000E-04  4.18700000E-04
2002-01-05T02:57:07.100 -3.52740000E-04 -2.02850000E-04  5.72320000E-04
2002-01-05T02:57:08.100 -2.57770000E-04  2.61410000E-04  3.58690000E-04
2002-01-05T02:57:09.100 -1.40710000E-04 -2.72920000E-04  3.04840000E-04
2002-01-05T02:57:10.100 -7.50690000E-06 -2.23820000E-04  5.90680000E-04
2002-01-05T02:57:11.100  6.28250000E-05 -7.17510000E-04  6.10210000E-04
2002-01-05T02:57:12.100  6.14860000E-06 -1.35940000E-05  1.94750000E-04
2002-01-05T02:57:13.100 -5.68860000E-04 -1.78610000E-04  5.67710000E-04
2002-01-05T02:57:14.100 -1.36550000E-04  2.47120000E-04  5.72320000E-04
2002-01-05T02:57:15.100 -3.38650000E-04 -5.46700000E-04  1.85150000E-04
2002-01-05T02:57:16.100  3.71710000E-04 -3.07510000E-04  3.32450000E-04
2002-01-05T02:57:17.100 -1.08990000E-04 -5.21530000E-04  6.39390000E-04
2002-01-05T02:57:18.100  1.30640000E-05  1.14840000E-04  2.38290000E-04
2002-01-05T02:57:19.100 -7.67300000E-04 -1.79020000E-04  5.98520000E-04
2002-01-05T02:57:20.100 -2.12190000E-06  6.24680000E-05  2.60190000E-04
2002-01-05T02:57:21.100 -2.65770000E-04 -7.76640000E-04  4.91980000E-04
2002-01-05T02:57:22.100  5.51630000E-04 -2.73460000E-05  1.84470000E-04
2002-01-05T02:57:23.100 -5.18770000E-04 -7.37490000E-04  6.16300000E-04
2002-01-05T02:57:24.100  1.34770000E-04  3.42450000E-04  7.23470000E-04
2002-01-05T02:57:25.100 -7.63920000E-04 -3.07960000E-04  3.07210000E-04
2002-01-05T02:57:26.100  1.85040000E-04  7.10590000E-05  6.63080000E-04
2002-01-05T02:57:27.100 -1.89970000E-04 -6.26870000E-04  1.88820000E-04
2002-01-05T02:57:28.100  3.05910000E-04 -1.06180000E-04  2.84190000E-04
2002-01-05T02:57:29.100 -4.85990000E-04 -6.81110000E-04  5.23170000E-04
2002-01-05T02:57:30.100 -1.87310000E-04  3.41760000E-04  3.42090000E-04
2002-01-05T02:57:31.100 -4.82390000E-04 -3.63920000E-04  4.93700000E-04
2002-01-05T02:57:32.100  1.74730000E-04 -6.81630000E-05  6.21090000E-04
2002-01-05T02:57:33.100 -4.15940000E-05 -6.96320000E-04  6.93510000E-04
2002-01-05T02:57:34.100 -1.73100000E-05 -4.19360000E-04  1.97880000E-04
2002-01-05T02:57:35.100 -3.14870000E-04  3.11940000E-05  3.28130000E-04
2002-01-05T02:57:36.100 -2.54600000E-04 -2.92290000E-05  3.23800000E-04
2002-01-05T02:57:37.100 -1.08720000E-05 -2.44450000E-04  5.50280000E-04
2002-01-05T02:57:38.100  1.18750000E-04 -5.14020000E-04  4.01310000E-04
2002-01-05T02:57:39.100  3.88930000E-05 -3.50470000E-04  5.32510000E-04
2002-01-05T02:57:40.100 -2.41320000E-04 -4.16100000E-05  5.72860000E-04
2002-01-05T02:57:41.100 -3.03390000E-04  5.30850000E-05  5.51490000E-04
2002-01-05T02:57:42.100 -3.13510000E-04 -4.11450000E-04  5.28480000E-04
2002-01-05T02:57:43.100  3.19080000E-04 -2.65260000E-04  4.70510000E-04
2002-01-05T02:57:44.100 -2.34050000E-04 -4.84010000E-04  2.05350000E-04
2002-01-05T02:57:45.100  1.53730000E-04 -9.25400000E-05  3.99270000E-04
2002-01-05T02:57:46.100 -5.77100000E-04 -3.05110000E-04  4.90410000E-04
2002-01-05T02:57:47.100 -1.40180000E-04  2.04190000E-04  6.48780000E-04
2002-01-05T02:57:48.100 -7.26220000E-05 -2.66800000E-04  2.96190000E-04
2002-01-05T02:57:49.100  1.37310000E-04 -3.20760000E-04  4.42010000E-04
2002-01-05T02:57:50.100 -9.76580000E-05 -3.43400000E-04  5.04720000E-04
2002-01-05T02:57:51.100  1.92100000E-05 -1.17200000E-04  2.85570000E-04
2002-01-05T02:57:52.100 -6.94850000E-04 -2.03050000E-04  7.82470000E-04
2002-01-05T02:57:53.100  1.11940000E-04  1.81320000E-04  3.36370000E-04
2002-01-05T02:57:54.100 -2.02530000E-04 -7.74910000E-04  1.99690000E-04
2002-01-05T02:57:55.100  2.10490000E-04 -1.62860000E-04  6.94620000E-04
2002-01-05T02:57:56.100 -3.91510000E-04 -4.85630000E-04  5.70910000E-04
2002-01-05T02:57:57.100  1.21010000E-04  1.59640000E-04  4.12230000E-04
2002-01-05T02:57:58.100 -5.97830000E-04 -3.39830000E-04  5.54670000E-04
2002-01-05T02:57:59.100  1.89620000E-04  6.46310000E-05  2.75760000E-04
2002-01-05T02:58:00.100 -2.13750000E-04 -9.53910000E-04  4.66170000E-04
2002-01-05T02:58:01.100  1.16430000E-04  1.18280000E-04  7.97330000E-04
2002-01-05T02:58:02.100 -2.67010000E-04 -2.99590000E-04  2.77800000E-04
2002-01-05T02:58:03.100 -7.71300000E-05  2.96040000E-04  5.21040000E-04
2002-01-05T02:58:04.100 -3.26130000E-04 -4.58910000E-04  5.84280000E-04
2002-01-05T02:58:05.100  2.48370000E-04 -6.09570000E-05  1.54190000E-04
2002-01-05T02:58:06.100 -2.89050000E-04 -9.86210000E-04  5.63740000E-04
2002-01-05T02:58:07.100  1.32290000E-04  3.30520000E-05  5.59680000E-04
2002-01-05T02:58:08.100 -3.80060000E-04  6.12350000E-06  4.42360000E-04
2002-01-05T02:58:09.100  4.00580000E-05  2.38030000E-04  1.01100000E-04
2002-01-05T02:58:10.100 -4.38340000E-04 -6.48050000E-04  5.01450000E-04
2002-01-05T02:58:11.100  5.51100000E-04 -3.03320000E-04  3.54560000E-04
2002-01-05T02:58:12.100 -3.89240000E-04 -4.43770000E-04  2.82520000E-04
2002-01-05T02:58:13.100  1.88370000E-04  1.44100000E-04  5.19540000E-04
2002-01-05T02:58:14.100 -6.77730000E-04 -3.35680000E-04  6.24460000E-04
2002-01-05T02:58:15.100  1.89270000E-04  5.39260000E-05  3.09720000E-04
2002-01-05T02:58:16.100 -2.75460000E-04 -6.31730000E-04  1.59140000E-04
2002-01-05T02:58:17.100  5.87620000E-04 -1.59570000E-04  7.82900000E-04
2002-01-05T02:58:18.100 -4.72270000E-04 -3.13670000E-04  5.33940000E-04
2002-01-05T02:58:19.100 -7.19870000E-05  3.63400000E-04  4.85360000E-04
2002-01-05T02:58:20.100 -5.50410000E-04 -6.69720000E-04  4.53630000E-04
2002-01-05T02:58:21.100  2.19040000E-04  9.24220000E-05  2.62380000E-04
2002-01-05T02:58:22.100 -2.31850000E-04 -8.62570000E-04  5.74410000E-04
2002-01-05T02:58:23.100  1.21290000E-04  1.12960000E-04  3.52520000E-04
2002-01-05T02:58:24.100 -4.73100000E-04 -4.06080000E-04  5.08260000E-04
2002-01-05T02:58:25.100  8.99580000E-05  1.52630000E-04  4.63850000E-04
2002-01-05T02:58:26.100 -6.42570000E-04 -2.89530000E-04  4.15910000E-04
2002-01-05T02:58:27.100  4.23970000E-04 -3.45080000E-04  3.77650000E-04
2002-01-05T02:58:28.100 -2.53740000E-04 -6.75500000E-04  6.07760000E-04
2002-01-05T02:58:29.100  2.29330000E-05 -6.15420000E-05  5.60930000E-04
2002-01-05T02:58:30.100 -3.93040000E-04 -5.80310000E-05  4.73970000E-04
2002-01-05T02:58:31.100 -1.47360000E-04 -7.46110000E-05  2.74320000E-04
2002-01-05T02:58:32.100 -1.55070000E-04 -3.22930000E-04  2.62240000E-04
2002-01-05T02:58:33.100  2.01470000E-04 -3.92690000E-04  5.33280000E-04
2002-01-05T02:58:34.100 -1.59310000E-04 -3.83250000E-04  3.74330000E-04
2002-01-05T02:58:35.100 -3.49810000E-04 -7.37750000E-05  5.66250000E-04
2002-01-05T02:58:36.100 -2.39410000E-04 -1.97790000E-06  4.25220000E-04
2002-01-05T02:58:37.100 -6.61520000E-05 -7.63990000E-05  4.67230000E-04
2002-01-05T02:58:38.100 -5.88220000E-06 -4.15030000E-04  3.26720000E-04
2002-01-05T02:58:39.100 -1.06330000E-04 -5.19850000E-04  2.79370000E-04
2002-01-05T02:58:40.100 -8.54040000E-06 -2.08600000E-04  6.11240000E-04
2002-01-05T02:58:41.100 -7.99600000E-04 -2.39730000E-04  4.22590000E-04
2002-01-05T02:58:42.100  1.33330000E-04  2.35030000E-04  2.55460000E-04
2002-01-05T02:58:43.100 -2.25560000E-04 -5.47190000E-04  4.57230000E-04
2002-01-05T02:58:44.100  3.12430000E-04 -2.03820000E-04  5.09890000E-04
2002-01-05T02:58:45.100 -5.13680000E-04 -7.95270000E-04  3.15170000E-04
2002-01-05T02:58:46.100  1.96980000E-04  2.44570000E-04  6.06830000E-04
2002-01-05T02:58:47.100 -5.78290000E-04 -2.32370000E-04  5.58150000E-04
2002-01-05T02:58:48.100  1.82570000E-04  9.09490000E-05  5.55540000E-04
2002-01-05T02:58:49.100 -9.46480000E-05 -9.58640000E-04  3.26230000E-04
2002-01-05T02:58:50.100  1.61770000E-04  1.16460000E-05  1.91460000E-04
2002-01-05T02:58:51.100 -5.06920000E-04 -4.29030000E-04  3.25840000E-04
2002-01-05T02:58:52.100  2.90040000E-05  3.80460000E-04  5.53750000E-04
2002-01-05T02:58:53.100 -5.45880000E-04 -2.57500000E-04  3.24220000E-04
2002-01-05T02:58:54.100  3.27910000E-04  1.68470000E-06  3.82810000E-04
2002-01-05T02:58:55.100 -3.57040000E-04 -8.26220000E-04  5.60290000E-04
2002-01-05T02:58:56.100  4.37470000E-04  8.70830000E-06  6.68420000E-04
2002-01-05T02:58:57.100 -7.63310000E-04 -4.75220000E-04  8.03270000E-04
2002-01-05T02:58:58.100  1.62350000E-04  3.60490000E-04  1.73500000E-04
2002-01-05T02:58:59.100 -6.20380000E-04 -3.17860000E-04  2.82790000E-04
2002-01-05T02:59:00.100  4.17920000E-04 -3.35100000E-04  4.54830000E-04
2002-01-05T02:59:01.100 -2.58030000E-04 -6.60560000E-04  6.85750000E-04
2002-01-05T02:59:02.100  4.74750000E-05 -8.11040000E-05  3.47070000E-04
2002-01-05T02:59:03.100 -4.86850000E-04 -5.31830000E-05  3.55420000E-04
2002-01-05T02:59:04.100  8.30500000E-05  1.00300000E-04  4.68890000E-04
2002-01-05T02:59:05.100 -4.49170000E-04 -3.55350000E-04  6.31410000E-04
2002-01-05T02:59:06.100  5.39350000E-04 -2.57370000E-04  2.45160000E-04
2002-01-05T02:59:07.100 -4.46080000E-04 -4.32170000E-04  3.02560000E-04
2002-01-05T02:59:08.100  1.68630000E-04 -7.21410000E-06  6.83200000E-04
2002-01-05T02:59:09.100 -5.94310000E-04 -1.87590000E-04  7.65050000E-05
2002-01-05T02:59:10.100 -4.38150000E-04  1.10900000E-04  5.62000000E-04
2002-01-05T02:59:11.100 -3.80140000E-05 -2.77650000E-04  7.89190000E-04
2002-01-05T02:59:12.100  2.28780000E-04 -5.68480000E-04  2.83190000E-04
2002-01-05T02:59:13.100 -1.37870000E-04 -2.51730000E-04  5.56320000E-04
2002-01-05T02:59:14.100 -1.82860000E-04 -2.56020000E-04  4.81300000E-04
2002-01-05T02:59:15.100 -3.14570000E-04  6.43180000E-05  6.05760000E-04
2002-01-05T02:59:16.100 -2.48670000E-04 -1.09870000E-04  2.10520000E-04
2002-01-05T02:59:17.100  3.80320000E-05 -2.47090000E-04  1.67530000E-04
2002-01-05T02:59:18.100 -1.08700000E-04 -5.80860000E-04  5.95410000E-04
2002-01-05T02:59:19.100  9.03180000E-05 -3.06940000E-04  3.22270000E-04
2002-01-05T02:59:20.100 -3.47370000E-04  8.59150000E-06  5.20870000E-04
2002-01-05T02:59:21.100 -1.41420000E-04  1.11630000E-04  4.55210000E-04
2002-01-05T02:59:22.100 -3.45000000E-04 -4.45140000E-04  4.25840000E-04
2002-01-05T02:59:23.100  1.87490000E-04 -3.12070000E-04  6.54650000E-04
2002-01-05T02:59:24.100 -3.33690000E-04 -5.12500000E-04  2.98700000E-04
2002-01-05T02:59:25.100  2.47210000E-04 -4.89040000E-05  5.89220000E-04
2002-01-05T02:59:26.100 -4.06510000E-04 -1.37980000E-04  2.37720000E-04
2002-01-05T02:59:27.100 -4.69710000E-05  7.27320000E-06  6.07250000E-04
2002-01-05T02:59:28.100 -1.52950000E-04 -7.82800000E-04  5.86780000E-04
2002-01-05T02:59:29.100  2.76610000E-04 -1.99490000E-04  2.99750000E-04
2002-01-05T02:59:30.100 -5.05930000E-04 -3.95710000E-04  2.45090000E-04
2002-01-05T02:59:31.100  7.92440000E-05  2.41120000E-04  8.94330000E-04
2002-01-05T02:59:32.100 -5.73570000E-04 -1.58510000E-04  2.22370000E-04
2002-01-05T02:59:33.100  8.63130000E-05 -1.17570000E-04  3.73780000E-04
2002-01-05T02:59:34.100 -3.05330000E-04 -6.43690000E-04  4.41550000E-04
2002-01-05T02:59:35.100  3.69720000E-04 -2.08350000E-04  5.30100000E-04
2002-01-05T03:00:42.700  9.48990000E-05  2.55850000E-04  3.15660000E-04
2002-01-05T03:00:43.700 -7.06730000E-04 -4.55710000E-04  4.25360000E-04
2002-01-05T03:00:44.700  9.42960000E-05  2.53870000E-04  5.07050000E-04
2002-01-05T03:00:45.700 -2.88240000E-04 -7.90060000E-04  7.00250000E-04
2002-01-05T03:00:46.700  3.36230000E-04 -1.44110000E-04  3.00290000E-04
2002-01-05T03:00:47.700 -3.28010000E-04 -5.12700000E-04  3.95320000E-04
2002-01-05T03:00:48.700 -1.40260000E-04  2.25230000E-04  7.38500000E-04
2002-01-05T03:00:49.700 -4.63420000E-04 -1.79160000E-04  7.25230000E-04
2002-01-05T03:00:50.700 -3.27920000E-06  2.29300000E-04  4.19690000E-04
2002-01-05T03:00:51.700 -1.70510000E-04 -5.84150000E-04  4.12170000E-04
2002-01-05T03:00:52.700  4.23730000E-04 -1.56310000E-04  5.70330000E-04
2002-01-05T03:00:53.700 -1.84950000E-04 -2.48780000E-04  2.84670000E-04
2002-01-05T03:00:54.700 -3.83120000E-05  1.48570000E-04  6.96630000E-04
2002-01-05T03:00:55.700 -6.22640000E-04 -1.72320000E-04  5.62840000E-04
2002-01-05T03:00:56.700  2.33120000E-04  4.18340000E-05  8.01430000E-04
2002-01-05T03:00:57.700 -2.78660000E-04 -5.12540000E-04  1.84240000E-04
2002-01-05T03:00:58.700  4.44850000E-04 -2.25120000E-04  5.28220000E-04
2002-01-05T03:00:59.700 -4.58040000E-04 -5.19360000E-04  5.40280000E-04
2002-01-05T03:01:00.700  1.05450000E-04  4.13960000E-04  3.31840000E-04
2002-01-05T03:01:01.700 -5.54310000E-04 -4.01500000E-04  4.19570000E-04
2002-01-05T03:01:02.700  3.84730000E-04 -2.66700000E-04  6.77880000E-04
2002-01-05T03:01:03.700  1.64810000E-04 -4.63390000E-04  3.86640000E-04
2002-01-05T03:01:04.700  6.16880000E-05 -3.59400000E-05  4.50900000E-04
2002-01-05T03:01:05.700 -7.59580000E-04 -1.65030000E-04  2.03940000E-04
2002-01-05T03:01:06.700  1.37190000E-04  1.88770000E-04  3.82010000E-04
2002-01-05T03:01:07.700 -1.42130000E-04 -7.71010000E-04  6.07290000E-04
2002-01-05T03:01:08.700  3.56850000E-04 -8.23940000E-05  6.36500000E-04
2002-01-05T03:01:09.700 -3.56970000E-04 -4.26540000E-04  1.43150000E-04
2002-01-05T03:01:10.700  3.51590000E-05  8.46280000E-05  5.13710000E-04
2002-01-05T03:01:11.700 -5.97360000E-04 -4.03810000E-04  4.06600000E-04
