2001-11-18T14:21:00.303 -9.73840000E-05 -2.81900000E-04  5.77430000E-04
2001-11-18T14:21:01.303 -1.06650000E-04 -1.60450000E-04  3.39460000E-04
2001-11-18T14:21:02.303 -9.09420000E-05 -2.35430000E-04  5.87170000E-04
2001-11-18T14:21:03.303 -1.27500000E-04 -1.77790000E-04  3.35810000E-04
2001-11-18T14:21:04.303 -1.00790000E-04 -3.92320000E-04  5.26310000E-04
2001-11-18T14:21:05.303 -9.51380000E-05 -1.81060000E-04  5.69080000E-04
2001-11-18T14:21:06.303 -6.37360000E-05 -1.61130000E-04  3.80670000E-04
2001-11-18T14:21:07.303 -1.16410000E-04 -1.92570000E-04  4.78830000E-04
2001-11-18T14:21:08.303 -1.97500000E-04 -2.49520000E-04  2.66150000E-04
2001-11-18T14:21:09.303  1.81270000E-05 -3.13700000E-04  7.43310000E-04
2001-11-18T14:21:10.303 -1.10050000E-04 -2.51130000E-04  2.46150000E-04
2001-11-18T14:21:11.303 -1.98750000E-04 -1.88320000E-04  3.97900000E-04
2001-11-18T14:21:12.303 -3.86220000E-05 -2.41190000E-04  6.81040000E-04
2001-11-18T14:21:13.303 -8.71600000E-05 -3.36480000E-04  4.06480000E-04
2001-11-18T14:21:14.303  3.17630000E-05 -2.22800000E-04  3.99820000E-04
2001-11-18T14:21:15.303 -1.93180000E-04 -1.71350000E-04  2.30700000E-04
2001-11-18T14:21:16.303  5.45000000E-05 -2.02720000E-04  6.33130000E-04
2001-11-18T14:21:17.303 -3.23560000E-04 -3.62490000E-04  3.30830000E-04
2001-11-18T14:21:18.303  5.60620000E-05 -1.21070000E-04  6.25550000E-04
2001-11-18T14:21:19.303 -2.16330000E-04 -2.47100000E-04  4.17600000E-04
2001-11-18T14:21:20.303 -1.72630000E-05 -2.92480000E-04  5.39400000E-04
2001-11-18T14:21:21.303 -2.46100000E-04 -2.01990000E-04  3.66940000E-05
2001-11-18T14:21:22.303 -6.40370000E-06 -2.50580000E-04  6.65830000E-04
2001-11-18T14:21:23.303 -7.14890000E-05 -1.04610000E-04  5.83990000E-04
2001-11-18T14:21:24.303 -3.61950000E-05 -3.07530000E-04  3.34680000E-04
2001-11-18T14:21:25.303 -1.83820000E-04 -2.99300000E-04  3.88860000E-04
2001-11-18T14:21:26.303 -5.24930000E-05 -2.73980000E-04  3.09140000E-04
2001-11-18T14:21:27.303 -9.67890000E-05 -1.96770000E-04  7.48320000E-04
2001-11-18T14:21:28.303 -1.48730000E-04 -3.30850000E-04  3.92470000E-04
2001-11-18T14:21:29.303  3.00800000E-05 -1.36880000E-04  7.89980000E-05
2001-11-18T14:21:30.303 -1.39340000E-04 -2.86350000E-04  8.34420000E-04
2001-11-18T14:21:31.303 -7.23960000E-06 -6.33510000E-05  1.46910000E-04
2001-11-18T14:21:32.303 -1.31180000E-04 -4.27480000E-04  5.46810000E-04
2001-11-18T14:21:33.303  1.78020000E-05 -2.59760000E-04  6.48400000E-04
2001-11-18T14:21:34.303 -1.45840000E-04 -3.48400000E-04  2.15510000E-04
2001-11-18T14:21:35.303 -1.04720000E-04 -2.77430000E-04  6.35450000E-04
2001-11-18T14:21:36.303 -1.37060000E-04 -2.58400000E-04  6.63460000E-04
2001-11-18T14:21:37.303 -1.05340000E-04 -1.30700000E-04  2.66390000E-04
2001-11-18T14:21:38.303 -6.55620000E-05 -3.23240000E-04  6.44320000E-04
2001-11-18T14:21:39.303 -1.43420000E-04 -1.61430000E-04  2.70360000E-04
2001-11-18T14:21:40.303 -9.98360000E-05 -3.80670000E-04  5.02950000E-04
2001-11-18T14:21:41.303 -6.98450000E-05 -2.00000000E-04  5.18520000E-04
2001-11-18T14:21:42.303 -1.69920000E-04 -3.73850000E-04  3.64740000E-04
2001-11-18T14:21:43.303 -3.02720000E-05 -1.89700000E-04  5.46180000E-04
2001-11-18T14:21:44.303 -7.44820000E-05 -3.27570000E-04  3.15300000E-04
2001-11-18T14:21:45.303 -2.04560000E-04 -2.79030000E-04  5.84730000E-04
2001-11-18T14:21:46.303 -1.10940000E-04 -2.36520000E-04  3.38770000E-04
2001-11-18T14:21:47.303 -9.68270000E-05 -2.09800000E-04  5.42750000E-04
2001-11-18T14:21:48.303  7.53000000E-05 -1.36050000E-04  2.39170000E-04
2001-11-18T14:21:49.303 -8.78440000E-05 -4.53730000E-04  7.20560000E-04
2001-11-18T14:21:50.303 -2.75780000E-06 -1.41210000E-04  2.27500000E-04
2001-11-18T14:21:51.303 -1.79910000E-04 -3.28720000E-04  2.05870000E-04
2001-11-18T14:21:52.303  7.65480000E-06 -1.21380000E-04  6.83760000E-04
2001-11-18T14:21:53.303 -2.48660000E-04 -2.36270000E-04  2.70160000E-04
2001-11-18T14:21:54.303  4.56810000E-05 -1.28050000E-04  7.12950000E-04
2001-11-18T14:21:55.303 -2.04310000E-05 -2.65520000E-04  4.78410000E-04
2001-11-18T14:21:56.303 -5.25700000E-05 -3.13060000E-04  2.58710000E-04
2001-11-18T14:21:57.303  6.80230000E-05 -1.20000000E-04  6.46570000E-04
2001-11-18T14:21:58.303 -2.29230000E-04 -3.48030000E-04  4.35790000E-04
2001-11-18T14:21:59.303 -1.47070000E-05 -3.11130000E-04  3.12750000E-04
2001-11-18T14:22:00.303 -1.73110000E-04 -3.31540000E-04  6.76470000E-04
2001-11-18T14:22:01.303 -1.09210000E-04 -2.04620000E-04  3.13140000E-04
2001-11-18T14:22:02.303 -1.02700000E-04 -2.90250000E-04  2.95840000E-04
2001-11-18T14:22:03.303 -6.89370000E-05 -5.98090000E-05  7.06690000E-04
2001-11-18T14:22:04.303 -1.82600000E-04 -2.85740000E-04  1.61430000E-04
2001-11-18T14:22:05.303  1.85960000E-05 -1.91420000E-04  6.23510000E-04
2001-11-18T14:22:06.303 -2.06010000E-04 -3.05870000E-04  3.48310000E-04
2001-11-18T14:22:07.303  2.31130000E-05 -2.15740000E-04  2.44740000E-04
2001-11-18T14:22:08.303 -2.19840000E-04 -1.97070000E-04  4.03280000E-04
2001-11-18T14:22:09.303 -4.59290000E-05 -1.38850000E-04  7.70630000E-04
2001-11-18T14:22:10.303 -1.87330000E-04 -3.02200000E-04  3.81350000E-04
2001-11-18T14:22:11.303  4.78010000E-06 -2.13270000E-04  5.00850000E-04
2001-11-18T14:22:12.303 -2.58750000E-04 -2.39850000E-04  5.76680000E-04
2001-11-18T14:22:13.303 -3.60530000E-05 -1.36560000E-04  2.20130000E-04
2001-11-18T14:22:14.303 -1.62050000E-04 -3.54520000E-04  6.33510000E-04
2001-11-18T14:22:15.303 -9.14600000E-05 -1.90130000E-04  3.93620000E-04
2001-11-18T14:22:16.303  5.08760000E-05 -2.90500000E-04  2.14530000E-04
2001-11-18T14:22:17.303 -1.17540000E-04 -2.18930000E-04  7.46920000E-04
2001-11-18T14:22:18.303 -3.91790000E-05 -2.38970000E-04  1.86320000E-04
2001-11-18T14:22:19.303 -2.89070000E-04 -2.53800000E-04  4.29250000E-04
2001-11-18T14:22:20.303  6.06080000E-05 -3.79750000E-04  6.05340000E-04
2001-11-18T14:22:21.303 -3.17020000E-04 -2.68960000E-04  3.54090000E-04
2001-11-18T14:22:22.303  5.90880000E-05 -2.22620000E-04  4.07970000E-04
2001-11-18T14:22:23.303 -2.40870000E-04 -2.37740000E-04  5.86390000E-04
2001-11-18T14:22:24.303 -3.78550000E-05 -1.51240000E-04  3.48160000E-04
2001-11-18T14:22:25.303 -1.39470000E-04 -3.38880000E-04  6.95140000E-04
2001-11-18T14:22:26.303 -1.41630000E-05 -1.72660000E-04  3.45800000E-04
2001-11-18T14:22:27.303 -1.28840000E-04 -2.65940000E-04  2.89930000E-04
2001-11-18T14:22:28.303 -5.93750000E-05 -2.61670000E-04  7.58710000E-04
2001-11-18T14:22:29.303 -1.87520000E-04 -4.20470000E-04  2.60180000E-04
2001-11-18T14:22:30.303 -6.55910000E-05 -7.06010000E-05  3.82890000E-04
2001-11-18T14:22:31.303 -1.50290000E-04 -3.84340000E-04  7.57720000E-04
2001-11-18T14:22:32.303 -2.01370000E-04 -1.70540000E-04  2.90980000E-04
2001-11-18T14:22:33.303 -1.40700000E-04 -3.10260000E-04  3.35940000E-04
2001-11-18T14:22:34.303 -6.00460000E-05 -1.60320000E-04  4.65740000E-04
2001-11-18T14:22:35.303 -4.85900000E-05 -3.88240000E-04  2.94880000E-04
2001-11-18T14:22:36.303 -1.88590000E-04 -2.72080000E-04  4.35550000E-04
2001-11-18T14:22:37.303 -1.59760000E-05 -2.00560000E-04  6.13140000E-04
2001-11-18T14:22:38.303 -1.60810000E-04 -1.63070000E-04  2.44090000E-04
2001-11-18T14:22:39.303  2.17600000E-05 -2.20480000E-04  7.23660000E-04
2001-11-18T14:22:40.303 -1.97990000E-04 -1.77740000E-04  3.52710000E-04
2001-11-18T14:22:41.303  1.00190000E-05 -2.26800000E-04  2.89990000E-04
2001-11-18T14:22:42.303 -1.93420000E-04 -2.68810000E-04  5.92950000E-04
2001-11-18T14:22:43.303 -7.79050000E-05 -2.55060000E-04  3.34860000E-04
2001-11-18T14:22:44.303 -8.29260000E-05 -2.38770000E-04  6.50380000E-04
2001-11-18T14:22:45.303 -4.86750000E-06 -1.45620000E-04  4.30070000E-04
2001-11-18T14:22:46.303 -3.16810000E-04 -3.09270000E-04  1.64360000E-04
2001-11-18T14:22:47.303 -1.35130000E-04 -2.00030000E-04  3.95340000E-04
2001-11-18T14:22:48.303 -2.01170000E-04 -2.73410000E-04  6.26120000E-04
2001-11-18T14:22:49.303  6.45040000E-05 -1.62180000E-04  3.83060000E-04
2001-11-18T14:22:50.303 -9.38040000E-05 -2.93710000E-04  3.22150000E-04
2001-11-18T14:22:51.303 -2.03710000E-04 -3.61260000E-04  7.71520000E-04
2001-11-18T14:22:52.303 -8.89000000E-05 -1.72850000E-04  2.62570000E-04
2001-11-18T14:22:53.303 -4.02050000E-05 -2.34450000E-04  3.32400000E-04
2001-11-18T14:22:54.303 -2.25090000E-04 -1.40290000E-04  5.65920000E-04
2001-11-18T14:22:55.303 -7.80750000E-06 -3.03670000E-04  3.82740000E-04
2001-11-18T14:22:56.303 -1.27400000E-04 -3.52520000E-04  4.60900000E-04
2001-11-18T14:22:57.303 -1.66730000E-04 -2.26490000E-04  4.45210000E-04
2001-11-18T14:22:58.303  1.42020000E-04 -2.53280000E-04  3.36050000E-04
2001-11-18T14:22:59.303 -2.25400000E-04 -2.13210000E-04  3.32530000E-04
2001-11-18T14:23:00.303  7.74720000E-06 -1.86280000E-04  4.92540000E-04
2001-11-18T14:23:01.303 -1.47070000E-04 -2.91810000E-04  5.52080000E-04
2001-11-18T14:23:02.303 -5.02080000E-05  2.40700000E-05  2.20860000E-04
2001-11-18T14:23:03.303 -2.15170000E-04 -3.56190000E-04  5.14790000E-04
2001-11-18T14:23:04.303  1.38180000E-04 -7.57860000E-05  4.93350000E-04
2001-11-18T14:23:05.303 -1.84900000E-04 -2.62460000E-04  2.40500000E-04
2001-11-18T14:23:06.303 -1.84720000E-04 -2.94990000E-04  3.42170000E-04
2001-11-18T14:23:07.303  4.96970000E-05 -3.18960000E-04  5.13490000E-04
2001-11-18T14:23:08.303 -1.39800000E-05 -2.22000000E-04  2.11040000E-04
2001-11-18T14:23:09.303 -9.00220000E-05 -2.23370000E-04  4.36550000E-04
2001-11-18T14:23:10.303 -4.80260000E-05 -2.66560000E-04  6.53990000E-04
2001-11-18T14:23:11.303 -1.13680000E-04 -2.23370000E-04  4.09560000E-04
2001-11-18T14:23:12.303 -9.62300000E-05 -3.51090000E-04  4.66780000E-04
2001-11-18T14:23:13.303  1.14500000E-05 -2.28530000E-04  2.86970000E-04
2001-11-18T14:23:14.303 -4.84760000E-05 -2.01930000E-04  5.51550000E-04
2001-11-18T14:23:15.303 -8.78780000E-05 -2.67040000E-04  2.67890000E-04
2001-11-18T14:23:16.303 -1.34510000E-04 -3.33750000E-04  4.04450000E-04
2001-11-18T14:23:17.303  7.06990000E-05 -1.14880000E-04  6.60870000E-04
2001-11-18T14:23:18.303 -2.93370000E-04 -3.01920000E-04  5.64090000E-04
2001-11-18T14:23:19.303 -5.76060000E-05 -2.65720000E-04  8.77770000E-05
2001-11-18T14:23:20.303 -1.11130000E-04 -4.14200000E-04  6.85260000E-04
2001-11-18T14:23:21.303 -1.18720000E-05 -2.40670000E-04  4.50490000E-04
2001-11-18T14:23:22.303 -4.20530000E-05 -3.11310000E-04  3.00080000E-04
2001-11-18T14:23:23.303 -7.64430000E-05 -1.96930000E-04  3.09970000E-04
2001-11-18T14:23:24.303 -1.44680000E-04 -3.81870000E-04  5.41570000E-04
2001-11-18T14:23:25.303 -1.68740000E-04 -2.04450000E-04  3.84210000E-04
2001-11-18T14:23:26.303 -8.81060000E-05 -2.97300000E-04  4.64450000E-04
2001-11-18T14:23:27.303 -7.55180000E-05 -3.04140000E-04  6.56410000E-04
2001-11-18T14:23:28.303 -3.88870000E-06 -2.06630000E-04  4.61730000E-04
2001-11-18T14:23:29.303 -1.85590000E-04 -2.84380000E-04  1.81030000E-04
2001-11-18T14:23:30.303 -6.20230000E-05 -2.90750000E-04  3.14470000E-04
2001-11-18T14:23:31.303 -1.13080000E-04 -3.43420000E-04  7.10070000E-04
2001-11-18T14:23:32.303  2.50800000E-05 -1.74790000E-04  2.07050000E-04
2001-11-18T14:23:33.303 -1.44150000E-04 -2.46550000E-04  6.30350000E-04
2001-11-18T14:23:34.303 -1.59300000E-04 -1.91890000E-04  4.40640000E-04
2001-11-18T14:23:35.303 -1.21110000E-04 -3.52280000E-04  2.05600000E-04
2001-11-18T14:23:36.303 -3.68830000E-05 -1.40630000E-04  3.48150000E-04
2001-11-18T14:23:37.303 -1.87330000E-04 -2.99240000E-04  6.61460000E-04
2001-11-18T14:23:38.303 -6.45610000E-05 -2.15620000E-04  3.57360000E-04
2001-11-18T14:23:39.303 -1.58270000E-04 -3.32070000E-04  4.35440000E-04
2001-11-18T14:23:40.303 -5.80010000E-05 -2.13030000E-04  3.37750000E-04
2001-11-18T14:23:41.303 -1.86900000E-04 -2.75480000E-04  4.06930000E-04
2001-11-18T14:23:42.303 -4.46490000E-06 -2.27490000E-04  4.05270000E-04
2001-11-18T14:23:43.303 -3.39190000E-04 -2.05590000E-04  2.07330000E-04
2001-11-18T14:23:44.303  3.41040000E-05 -1.43370000E-04  3.74160000E-04
2001-11-18T14:23:45.303 -2.80110000E-04 -4.76710000E-04  7.59150000E-04
2001-11-18T14:23:46.303  4.39980000E-05 -1.86640000E-04  2.52900000E-04
2001-11-18T14:23:47.303 -1.94730000E-04 -1.67940000E-04  2.88680000E-04
2001-11-18T14:23:48.303 -1.46910000E-04 -1.93280000E-04  7.10910000E-04
2001-11-18T14:23:49.303 -1.57790000E-04 -2.88340000E-04  3.68390000E-04
2001-11-18T14:23:50.303  1.62750000E-05 -1.86640000E-04  3.81800000E-04
2001-11-18T14:23:51.303 -1.82200000E-04 -2.70150000E-04  2.81150000E-04
2001-11-18T14:23:52.303 -4.19160000E-05 -3.76810000E-04  5.77220000E-04
2001-11-18T14:23:53.303 -3.14800000E-05 -2.54530000E-04  3.05260000E-04
2001-11-18T14:23:54.303 -2.01040000E-04 -3.55530000E-04  3.25720000E-04
2001-11-18T14:23:55.303 -5.25940000E-06 -1.59940000E-04  5.10660000E-04
2001-11-18T14:23:56.303 -1.39210000E-04 -2.84460000E-04  6.01730000E-04
2001-11-18T14:23:57.303 -4.27730000E-05 -2.12060000E-04  3.72240000E-05
2001-11-18T14:23:58.303 -3.14130000E-04 -3.05810000E-04  6.59070000E-04
2001-11-18T14:23:59.303  1.09080000E-05 -2.06320000E-04  5.30940000E-04
2001-11-18T14:24:00.303 -2.09350000E-04 -3.67550000E-04  3.83750000E-04
2001-11-18T14:24:01.303 -5.65470000E-05 -1.64350000E-04  4.92080000E-04
2001-11-18T14:24:02.303 -2.01880000E-04 -2.38430000E-04  2.54870000E-04
2001-11-18T14:24:03.303  7.63680000E-05 -1.29410000E-04  5.59190000E-04
2001-11-18T14:24:04.303 -2.58420000E-04 -3.42740000E-04  3.80960000E-04
2001-11-18T14:24:05.303  4.04230000E-05 -2.04640000E-04  6.33200000E-04
2001-11-18T14:24:06.303 -1.07910000E-04 -3.05710000E-04  3.96780000E-04
2001-11-18T14:24:07.303  4.93640000E-05 -2.69440000E-04  2.77770000E-04
2001-11-18T14:24:08.303 -2.54610000E-04 -3.28460000E-04  5.69940000E-04
2001-11-18T14:24:09.303 -8.03480000E-05 -2.07630000E-04  4.80930000E-04
2001-11-18T14:24:10.303 -5.49810000E-05 -4.04260000E-04  2.71580000E-04
2001-11-18T14:24:11.303 -1.07200000E-04 -2.25810000E-04  6.93410000E-04
2001-11-18T14:24:12.303 -2.14820000E-04 -2.06200000E-04  2.86540000E-04
2001-11-18T14:24:13.303 -1.25650000E-04 -2.91000000E-04  6.55140000E-04
2001-11-18T14:24:14.303  2.44860000E-06 -2.15420000E-04  2.77970000E-04
2001-11-18T14:24:15.303 -1.83320000E-04 -3.41460000E-04  5.19900000E-04
2001-11-18T14:24:16.303  6.43970000E-06 -2.44610000E-04  3.29920000E-04
2001-11-18T14:24:17.303 -2.47280000E-04 -2.93040000E-04  3.05580000E-04
2001-11-18T14:24:18.303  4.28790000E-05 -2.50380000E-04  5.69210000E-04
2001-11-18T14:24:19.303 -2.12730000E-04 -2.12280000E-04  2.81270000E-04
2001-11-18T14:24:20.303  1.01510000E-04 -2.12010000E-04  4.67250000E-04
2001-11-18T14:24:21.303 -1.62400000E-04 -3.14220000E-04  7.94630000E-04
2001-11-18T14:24:22.303 -5.59680000E-05 -1.34280000E-04  1.48690000E-04
2001-11-18T14:24:23.303 -2.19760000E-04 -4.40270000E-04  4.95280000E-04
2001-11-18T14:24:24.303 -4.96600000E-05 -7.83490000E-05  5.08570000E-04
2001-11-18T14:24:25.303 -1.75670000E-04 -3.41280000E-04  3.27090000E-04
2001-11-18T14:24:26.303 -4.45110000E-05 -2.63470000E-04  3.23400000E-04
2001-11-18T14:24:27.303  1.27150000E-06 -3.13820000E-04  6.86920000E-04
2001-11-18T14:24:28.303 -3.24980000E-05 -2.07790000E-04  4.27230000E-04
2001-11-18T14:24:29.303 -2.86280000E-04 -4.02200000E-04  3.90920000E-04
2001-11-18T14:24:30.303 -1.25610000E-05 -2.41990000E-04  6.67360000E-04
2001-11-18T14:24:31.303 -1.46600000E-04 -3.81460000E-04  2.42640000E-04
2001-11-18T14:24:32.303 -3.36740000E-05 -2.60630000E-04  4.10700000E-04
2001-11-18T14:24:33.303 -1.02780000E-04 -1.49950000E-04  4.99070000E-04
2001-11-18T14:24:34.303 -1.33170000E-04 -1.81740000E-04  6.79960000E-04
2001-11-18T14:24:35.303 -8.90520000E-05 -2.14450000E-04  3.56720000E-04
2001-11-18T14:24:36.303 -5.21910000E-05 -3.33610000E-04  6.06810000E-05
2001-11-18T14:24:37.303 -4.18400000E-05 -1.66140000E-04  5.83120000E-04
2001-11-18T14:24:38.303 -2.32380000E-04 -2.17720000E-04  5.24590000E-04
2001-11-18T14:24:39.303 -5.86270000E-05 -2.69590000E-04  3.95770000E-04
2001-11-18T14:24:40.303 -1.45000000E-04 -3.48310000E-04  3.89450000E-04
2001-11-18T14:24:41.303 -2.38840000E-05 -2.01620000E-04  4.33210000E-04
2001-11-18T14:24:42.303 -2.26170000E-04 -2.90580000E-04  4.24450000E-04
2001-11-18T14:24:43.303  5.66590000E-06 -1.91960000E-04  5.01580000E-04
2001-11-18T14:24:44.303 -1.92170000E-04 -3.61100000E-04  3.85920000E-04
2001-11-18T14:24:45.303 -6.15400000E-06 -2.95940000E-04  2.44920000E-04
2001-11-18T14:24:46.303 -2.08860000E-04 -4.33450000E-04  2.94930000E-04
2001-11-18T14:24:47.303 -4.45510000E-05 -1.48570000E-04  7.97740000E-04
2001-11-18T14:24:48.303 -1.81410000E-04 -3.39160000E-04  3.16580000E-04
2001-11-18T14:24:49.303 -6.93690000E-05 -2.56460000E-04  2.45960000E-04
2001-11-18T14:24:50.303 -7.69970000E-05 -3.00310000E-04  6.08970000E-04
2001-11-18T14:24:51.303 -2.32040000E-05 -2.97730000E-04  6.27540000E-04
2001-11-18T14:24:52.303 -1.74030000E-04 -2.76850000E-04  2.17110000E-04
2001-11-18T14:24:53.303 -1.37880000E-04 -1.29120000E-04  4.75130000E-04
2001-11-18T14:24:54.303  1.72120000E-05 -2.65710000E-04  5.27170000E-04
2001-11-18T14:24:55.303 -1.45020000E-04 -3.88420000E-04  3.72150000E-04
2001-11-18T14:24:56.303 -4.85390000E-06 -1.83830000E-04  7.17740000E-04
2001-11-18T14:24:57.303  4.13950000E-05 -1.95940000E-04  3.34250000E-04
2001-11-18T14:24:58.303 -4.22790000E-05 -2.15560000E-04  3.19600000E-04
2001-11-18T14:24:59.303 -1.46750000E-04 -3.59830000E-04  4.68530000E-04
2001-11-18T14:25:00.303 -6.14600000E-05 -2.14010000E-04  6.39720000E-04
2001-11-18T14:25:01.303 -2.19640000E-04 -3.14880000E-04  2.42200000E-04
2001-11-18T14:25:02.303 -1.62910000E-04 -2.24200000E-04  4.16570000E-04
2001-11-18T14:25:03.303 -2.31320000E-04 -2.44900000E-04  7.09080000E-04
2001-11-18T14:25:04.303  8.64680000E-05 -2.68230000E-04  7.50350000E-05
2001-11-18T14:25:05.303 -2.97120000E-04 -3.76240000E-04  7.56160000E-04
2001-11-18T14:25:06.303  7.11050000E-05 -2.03080000E-04  1.98570000E-04
2001-11-18T14:25:07.303 -1.36940000E-04 -1.74590000E-04  5.36150000E-04
2001-11-18T14:25:08.303  4.57180000E-05 -3.65170000E-04  4.54800000E-04
2001-11-18T14:25:09.303 -1.77150000E-04 -2.88310000E-04  2.32190000E-04
2001-11-18T14:25:10.303  6.05740000E-06 -1.99480000E-04  5.03850000E-04
2001-11-18T14:25:11.303 -1.45500000E-04 -2.54050000E-04  4.92560000E-04
2001-11-18T14:25:12.303 -1.71040000E-04 -2.10790000E-04  2.48690000E-04
2001-11-18T14:25:13.303 -1.64840000E-04 -2.48330000E-04  6.98220000E-04
2001-11-18T14:25:14.303 -6.60880000E-05 -1.87640000E-04  3.96510000E-04
2001-11-18T14:25:15.303 -9.42520000E-05 -1.85180000E-04  2.73900000E-04
2001-11-18T14:25:16.303 -1.68960000E-04 -1.58470000E-04  3.53310000E-04
2001-11-18T14:25:17.303 -1.60690000E-04 -2.33820000E-04  6.19130000E-04
2001-11-18T14:25:18.303 -7.36520000E-05 -3.66760000E-04  2.33240000E-04
2001-11-18T14:25:19.303 -1.61070000E-04 -2.22100000E-04  5.37800000E-04
2001-11-18T14:25:20.303 -1.16480000E-04 -3.25730000E-04  4.42010000E-04
2001-11-18T14:25:21.303 -8.21310000E-05 -3.47290000E-04  2.11440000E-04
2001-11-18T14:25:22.303 -1.20730000E-04 -1.35700000E-04  2.74000000E-04
2001-11-18T14:25:23.303 -1.20860000E-04 -2.70750000E-04  4.85670000E-04
2001-11-18T14:25:24.303 -1.66540000E-04 -2.59020000E-04  5.48390000E-04
2001-11-18T14:25:25.303  2.69760000E-05 -1.26700000E-04  3.53100000E-04
2001-11-18T14:25:26.303 -1.62240000E-04 -4.55780000E-04  4.07670000E-04
2001-11-18T14:25:27.303 -1.05360000E-04 -6.05530000E-05  3.71020000E-04
2001-11-18T14:25:28.303 -1.48660000E-04 -3.02900000E-04  5.43060000E-04
2001-11-18T14:25:29.303 -1.70000000E-05 -2.14130000E-04  3.23240000E-04
2001-11-18T14:25:30.303 -1.09340000E-04 -3.22030000E-04  5.22550000E-04
2001-11-18T14:25:31.303 -4.78050000E-05 -3.02590000E-05  6.46330000E-04
2001-11-18T14:25:32.303 -1.52670000E-04 -3.11320000E-04  3.13410000E-04
2001-11-18T14:25:33.303 -8.85860000E-05 -1.28280000E-04  4.80920000E-04
2001-11-18T14:25:34.303 -1.44010000E-04 -2.75110000E-04  4.24040000E-04
2001-11-18T14:25:35.303 -7.05760000E-05 -2.55450000E-05  6.02010000E-04
2001-11-18T14:25:36.303 -1.43020000E-04 -3.71620000E-04  2.44120000E-04
2001-11-18T14:25:37.303  8.39440000E-07 -2.46030000E-04  5.27990000E-04
2001-11-18T14:25:38.303 -1.59500000E-04 -9.90890000E-05  1.87570000E-04
2001-11-18T14:25:39.303 -2.73120000E-04 -2.31510000E-04  6.54310000E-04
2001-11-18T14:25:40.303 -6.94850000E-05 -3.11280000E-04  4.89210000E-04
2001-11-18T14:25:41.303 -1.84950000E-04 -3.47940000E-04  3.02290000E-04
2001-11-18T14:25:42.303 -3.15660000E-05 -1.47190000E-04  6.91500000E-04
2001-11-18T14:25:43.303 -1.54990000E-04 -3.46020000E-04  1.56820000E-04
2001-11-18T14:25:44.303 -4.95050000E-05 -2.32280000E-04  5.82450000E-04
2001-11-18T14:25:45.303 -2.02870000E-04 -2.39790000E-04  4.10000000E-04
2001-11-18T14:25:46.303  3.51820000E-05 -2.00810000E-04  2.46180000E-04
2001-11-18T14:25:47.303 -1.30750000E-04 -2.60030000E-04  6.71710000E-04
2001-11-18T14:25:48.303 -4.07810000E-05 -2.28420000E-04  4.31800000E-04
2001-11-18T14:25:49.303 -2.24030000E-04 -2.60730000E-04  5.23060000E-04
2001-11-18T14:25:50.303 -5.85250000E-05 -1.59750000E-04  1.02030000E-04
2001-11-18T14:25:51.303  4.44040000E-06 -3.13470000E-04  7.84040000E-04
2001-11-18T14:25:52.303 -1.77110000E-04 -3.32200000E-04  1.87040000E-04
2001-11-18T14:25:53.303 -1.39110000E-04 -3.47280000E-05  6.46770000E-04
2001-11-18T14:25:54.303 -1.07390000E-04 -2.12200000E-04  3.91450000E-04
2001-11-18T14:25:55.303  5.43410000E-05 -2.59250000E-04  2.28800000E-04
2001-11-18T14:25:56.303 -1.87040000E-04 -6.77630000E-05  6.49280000E-04
2001-11-18T14:25:57.303 -4.79810000E-05 -6.47360000E-05  3.75270000E-04
2001-11-18T14:25:58.303 -6.92020000E-05 -3.00120000E-04  4.46290000E-04
2001-11-18T14:25:59.303 -7.05690000E-06 -1.52370000E-04  4.36870000E-04
2001-11-18T14:26:00.303 -1.69660000E-04 -2.32050000E-04  4.97940000E-04
2001-11-18T14:26:01.303 -2.36650000E-04 -2.25950000E-04  4.59850000E-04
2001-11-18T14:26:02.303 -5.54400000E-05 -3.28910000E-04  1.85690000E-04
2001-11-18T14:26:03.303 -8.27440000E-05 -1.98640000E-04  7.02320000E-04
2001-11-18T14:26:04.303 -9.76640000E-05 -1.49630000E-04  2.21190000E-04
2001-11-18T14:26:05.303 -1.23580000E-05 -1.50200000E-04  5.16710000E-04
2001-11-18T14:26:06.303 -2.25900000E-04 -1.65590000E-04  3.22720000E-04
2001-11-18T14:26:07.303  2.83640000E-06 -1.77360000E-04  4.12740000E-04
2001-11-18T14:26:08.303 -8.44810000E-05 -4.44500000E-05  7.39890000E-04
2001-11-18T14:26:09.303 -1.58840000E-04 -1.85760000E-04  1.95900000E-04
2001-11-18T14:26:10.303 -3.37120000E-05 -8.04370000E-05  4.17380000E-04
2001-11-18T14:26:11.303 -1.95810000E-04 -5.46240000E-05  6.86970000E-04
2001-11-18T14:26:12.303  3.47950000E-05 -3.66070000E-05  2.62650000E-04
2001-11-18T14:26:13.303 -2.08390000E-04 -2.62000000E-04  6.86390000E-04
2001-11-18T14:26:14.303  2.04910000E-05 -4.79950000E-05  3.96760000E-04
2001-11-18T14:26:15.303 -7.82830000E-05 -9.23180000E-05  4.92900000E-04
2001-11-18T14:26:16.303 -2.24750000E-04 -1.16530000E-04  2.92570000E-04
2001-11-18T14:26:17.303  6.94340000E-05  1.24640000E-05  6.40470000E-04
2001-11-18T14:26:18.303 -3.01280000E-05 -3.17590000E-05  2.34350000E-04
2001-11-18T14:26:19.303 -1.10330000E-04  4.60440000E-05  6.44330000E-04
2001-11-18T14:26:20.303 -1.47290000E-04 -1.28030000E-04  1.63430000E-04
2001-11-18T14:26:21.303 -7.15690000E-05 -1.16380000E-04  5.68930000E-04
2001-11-18T14:26:22.303 -5.62670000E-05  6.81720000E-05  4.57310000E-04
2001-11-18T14:26:23.303 -9.65970000E-05 -1.07290000E-04  4.16190000E-04
2001-11-18T14:26:24.303 -1.57310000E-05  8.97160000E-05  5.82850000E-04
2001-11-18T14:26:25.303 -2.39250000E-04  1.43300000E-06  3.68620000E-04
2001-11-18T14:26:26.303 -1.07150000E-04 -8.34290000E-05  3.23610000E-04
2001-11-18T14:26:27.303 -7.44130000E-05 -5.03160000E-05  6.09570000E-04
2001-11-18T14:26:28.303 -1.18900000E-04 -9.83270000E-05  3.89180000E-04
2001-11-18T14:26:29.303  8.00800000E-05  9.06790000E-05  6.97600000E-04
2001-11-18T14:26:30.303 -2.26790000E-04 -1.08570000E-04  4.93490000E-05
2001-11-18T14:26:31.303 -1.02740000E-04  9.46530000E-06  5.85580000E-04
2001-11-18T14:26:32.303 -1.25260000E-04 -1.45600000E-05  6.95640000E-04
2001-11-18T14:26:33.303 -7.19540000E-05  2.11460000E-05  6.49430000E-04
2001-11-18T14:26:34.303 -1.17720000E-04  1.30080000E-04  6.07360000E-05
2001-11-18T14:26:35.303 -9.08040000E-05 -1.46800000E-05  5.24540000E-04
2001-11-18T14:26:36.303 -7.37680000E-05  1.98850000E-05  2.94020000E-04
2001-11-18T14:26:37.303 -5.41500000E-05  1.41300000E-06  7.25410000E-04
2001-11-18T14:26:38.303 -7.29290000E-05  9.57970000E-05  3.57220000E-04
2001-11-18T14:26:39.303 -1.64110000E-04 -4.41050000E-05  7.42530000E-04
2001-11-18T14:26:40.303 -1.41230000E-04  1.85340000E-04  2.36270000E-04
2001-11-18T14:26:41.303 -4.14010000E-05  1.84650000E-04  6.64250000E-04
2001-11-18T14:26:42.303 -1.49190000E-04  7.06650000E-05  3.21460000E-04
2001-11-18T14:26:43.303 -2.06890000E-05  1.27400000E-04  3.89330000E-04
2001-11-18T14:26:44.303  2.14100000E-06  2.51650000E-04  5.47290000E-04
2001-11-18T14:26:45.303 -2.22280000E-04  1.17270000E-04  1.33540000E-04
2001-11-18T14:26:46.303 -7.74620000E-05  1.38590000E-04  4.90500000E-04
2001-11-18T14:26:47.303 -1.69110000E-04  1.25910000E-04  8.00440000E-04
2001-11-18T14:26:48.303 -1.27980000E-04  2.78330000E-04  3.31030000E-04
2001-11-18T14:26:49.303 -2.53340000E-05  3.45130000E-04  6.14380000E-04
2001-11-18T14:26:50.303 -9.20920000E-05  8.40910000E-05  2.63950000E-04
2001-11-18T14:26:51.303 -2.03560000E-04  2.65040000E-04  4.35320000E-04
2001-11-18T14:26:52.303 -1.19290000E-04  3.32820000E-04  5.46320000E-04
2001-11-18T14:26:53.303 -1.16340000E-04  2.65910000E-04  2.09000000E-04
2001-11-18T14:26:54.303 -4.56710000E-05  3.18600000E-04  5.59530000E-04
2001-11-18T14:26:55.303 -2.01130000E-04  3.58330000E-04  3.85560000E-04
2001-11-18T14:26:56.303 -9.82980000E-05  3.70550000E-04  6.35050000E-04
2001-11-18T14:26:57.303 -8.22040000E-05  4.13620000E-04  2.68230000E-04
2001-11-18T14:26:58.303  4.05930000E-05  5.59230000E-04  4.60330000E-04
2001-11-18T14:26:59.303 -7.78450000E-05  3.48780000E-04  5.21260000E-04
2001-11-18T14:27:00.303 -1.81050000E-04  4.01430000E-04  4.04260000E-04
2001-11-18T14:27:01.303  1.44240000E-04  4.61050000E-04  5.35190000E-04
2001-11-18T14:27:02.303 -1.12240000E-05  2.82780000E-04  5.10430000E-04
2001-11-18T14:27:03.303 -2.47220000E-04  2.84540000E-04  4.34770000E-04
2001-11-18T14:27:04.303  8.12620000E-05  3.22450000E-04  5.30300000E-04
2001-11-18T14:27:05.303 -2.90790000E-04  2.36000000E-04  3.03980000E-04
2001-11-18T14:27:06.303 -6.08660000E-05  5.56420000E-04  6.53590000E-04
2001-11-18T14:27:07.303 -9.23000000E-06  7.68980000E-04  3.35450000E-04
2001-11-18T14:27:08.303 -1.19900000E-04  9.37630000E-04  5.73090000E-04
2001-11-18T14:27:09.303 -1.80820000E-04  1.01140000E-03  2.87200000E-04
2001-11-18T14:27:10.303 -1.55270000E-05  9.19960000E-04  4.87510000E-04
2001-11-18T14:27:11.303 -7.47070000E-05  1.01010000E-03  6.97830000E-04
2001-11-18T14:27:12.303 -1.61300000E-04  1.09410000E-03  3.23960000E-04
2001-11-18T14:27:13.303 -1.14210000E-04  8.88460000E-04  5.80620000E-04
2001-11-18T14:27:14.303 -1.18970000E-04  1.02550000E-03  3.14750000E-04
2001-11-18T14:27:15.303 -8.32120000E-05  1.00850000E-03  5.14140000E-04
2001-11-18T14:27:16.303 -2.41390000E-04  8.91290000E-04  3.17680000E-04
2001-11-18T14:27:17.303 -6.43830000E-05  1.00590000E-03  7.00040000E-04
2001-11-18T14:27:18.303 -1.64930000E-05  1.00220000E-03  2.75870000E-04
2001-11-18T14:27:19.303 -1.99480000E-04  1.08350000E-03  7.04420000E-04
2001-11-18T14:27:20.303 -1.26600000E-04  8.67600000E-04  5.13670000E-04
2001-11-18T14:27:21.303 -2.00840000E-04  1.01220000E-03  3.32480000E-04
2001-11-18T14:27:22.303  4.16800000E-05  1.08920000E-03  7.10020000E-04
2001-11-18T14:27:23.303 -1.16900000E-04  1.19540000E-03  3.99740000E-04
2001-11-18T14:27:24.303 -8.87400000E-05  1.32720000E-03  5.22270000E-04
2001-11-18T14:27:25.303 -1.99990000E-04  1.36830000E-03  3.98540000E-04
2001-11-18T14:27:26.303 -1.10080000E-04  1.41730000E-03  4.82410000E-04
2001-11-18T14:27:27.303  7.75250000E-06  1.48400000E-03  4.76530000E-04
2001-11-18T14:27:28.303 -1.35870000E-05  1.72160000E-03  2.96530000E-04
2001-11-18T14:27:29.303 -2.36200000E-04  1.81830000E-03  6.42430000E-04
2001-11-18T14:27:30.303 -1.37820000E-04  2.25680000E-03  6.29660000E-04
2001-11-18T14:27:31.303 -8.14710000E-05  2.24180000E-03  4.00480000E-04
2001-11-18T14:27:32.303 -3.44450000E-05  2.19260000E-03  4.42450000E-04
2001-11-18T14:27:33.303 -2.29000000E-04  2.38510000E-03  7.94940000E-04
2001-11-18T14:27:34.303 -1.00040000E-04  2.29140000E-03  2.61990000E-04
2001-11-18T14:27:35.303 -1.36170000E-04  2.47710000E-03  7.79380000E-04
2001-11-18T14:27:36.303 -7.28660000E-05  2.39310000E-03  6.43580000E-04
2001-11-18T14:27:37.303 -1.95520000E-04  2.74940000E-03  3.69120000E-04
2001-11-18T14:27:38.303 -3.31510000E-05  3.15760000E-03  4.53950000E-04
2001-11-18T14:27:39.303 -1.24780000E-04  3.49440000E-03  5.57360000E-04
2001-11-18T14:27:40.303 -1.00490000E-04  3.74120000E-03  4.62230000E-04
2001-11-18T14:27:41.303 -6.02510000E-05  3.57790000E-03  7.12120000E-04
2001-11-18T14:27:42.303 -2.16620000E-04  3.23700000E-03  4.82650000E-04
2001-11-18T14:27:43.303 -1.22930000E-04  3.39350000E-03  4.15840000E-04
2001-11-18T14:27:44.303 -6.35370000E-05  3.27720000E-03  7.52970000E-04
2001-11-18T14:27:45.303 -2.43100000E-04  2.95610000E-03  5.49950000E-04
2001-11-18T14:27:46.303 -5.97360000E-05  3.31560000E-03  4.76580000E-04
2001-11-18T14:27:47.303 -1.75720000E-04  3.84390000E-03  5.42350000E-04
2001-11-18T14:27:48.303 -2.05490000E-04  5.00800000E-03  6.41230000E-04
2001-11-18T14:27:49.303 -2.38440000E-04  4.81360000E-03  4.92410000E-04
2001-11-18T14:27:50.303 -5.73570000E-05  4.27380000E-03  7.33550000E-04
2001-11-18T14:27:51.303 -1.26900000E-04  4.64720000E-03  3.94820000E-04
2001-11-18T14:27:52.303 -1.41050000E-04  4.91450000E-03  7.00460000E-04
2001-11-18T14:27:53.303 -1.17440000E-04  4.98170000E-03  5.50460000E-04
2001-11-18T14:27:54.303 -1.06030000E-04  5.18900000E-03  8.65800000E-04
2001-11-18T14:27:55.303 -2.59460000E-04  5.16820000E-03  2.62640000E-04
2001-11-18T14:27:56.303 -1.85510000E-04  5.23510000E-03  6.93720000E-04
2001-11-18T14:27:57.303 -2.07020000E-04  5.49580000E-03  5.94280000E-04
2001-11-18T14:27:58.303 -1.47280000E-04  6.06140000E-03  6.87040000E-04
2001-11-18T14:27:59.303 -2.27830000E-04  6.05300000E-03  4.37440000E-04
2001-11-18T14:28:00.303 -2.21400000E-04  6.11970000E-03  8.41740000E-04
2001-11-18T14:28:01.303 -1.17530000E-04  6.15530000E-03  5.24200000E-04
2001-11-18T14:28:02.303 -7.92650000E-05  6.41730000E-03  8.24320000E-04
2001-11-18T14:28:03.303 -1.50330000E-04  7.13050000E-03  7.01520000E-04
2001-11-18T14:28:04.303 -2.41710000E-04  7.59970000E-03  5.60130000E-04
2001-11-18T14:28:05.303  8.26820000E-05  7.80710000E-03  8.01660000E-04
2001-11-18T14:28:06.303 -4.14170000E-04  7.46410000E-03  5.22630000E-04
2001-11-18T14:28:07.303 -1.26690000E-04  7.78140000E-03  8.93050000E-04
2001-11-18T14:28:08.303 -1.28070000E-04  8.47880000E-03  8.88150000E-04
2001-11-18T14:28:09.303 -3.51680000E-04  7.70350000E-03  7.31530000E-04
2001-11-18T14:28:10.303  2.28670000E-05  7.49340000E-03  8.97760000E-04
2001-11-18T14:28:11.303 -3.46560000E-04  7.79050000E-03  5.82360000E-04
2001-11-18T14:28:12.303 -1.46260000E-04  8.32640000E-03  8.95850000E-04
2001-11-18T14:28:13.303 -2.10840000E-04  8.31790000E-03  8.60780000E-04
2001-11-18T14:28:14.303 -5.78480000E-05  9.35420000E-03  5.90630000E-04
2001-11-18T14:28:15.303 -2.60630000E-04  9.90750000E-03  1.14550000E-03
2001-11-18T14:28:16.303 -2.93240000E-04  1.04970000E-02  5.97900000E-04
2001-11-18T14:28:17.303 -3.11880000E-04  1.06070000E-02  9.55600000E-04
2001-11-18T14:28:18.303 -2.54540000E-04  1.07770000E-02  8.67130000E-04
2001-11-18T14:28:19.303  1.57000000E-05  1.14180000E-02  9.33990000E-04
2001-11-18T14:28:20.303 -9.58580000E-06  1.21010000E-02  7.71820000E-04
2001-11-18T14:28:21.303 -5.97570000E-04  1.23340000E-02  9.46220000E-04
2001-11-18T14:28:22.303  3.78360000E-05  1.33990000E-02  9.24480000E-04
2001-11-18T14:28:23.303 -2.09300000E-04  1.35910000E-02  8.11100000E-04
2001-11-18T14:28:24.303 -5.26170000E-04  1.34200000E-02  1.10340000E-03
2001-11-18T14:28:25.303 -3.93690000E-05  1.42100000E-02  6.74390000E-04
2001-11-18T14:28:26.303 -4.55890000E-04  1.42930000E-02  1.09800000E-03
2001-11-18T14:28:27.303 -2.55690000E-04  1.50810000E-02  7.96930000E-04
2001-11-18T14:28:28.303 -2.21000000E-04  1.47890000E-02  1.01450000E-03
2001-11-18T14:28:29.303 -2.37900000E-04  1.48120000E-02  8.45190000E-04
2001-11-18T14:28:30.303 -1.75710000E-04  1.48150000E-02  7.06340000E-04
2001-11-18T14:28:31.303 -5.75970000E-04  1.44870000E-02  1.00060000E-03
2001-11-18T14:28:32.303 -2.06850000E-04  1.42230000E-02  5.09530000E-04
2001-11-18T14:28:33.303 -4.22500000E-04  1.42800000E-02  9.46530000E-04
2001-11-18T14:28:34.303 -5.64250000E-04  1.40180000E-02  5.79150000E-04
2001-11-18T14:28:35.303 -2.40290000E-04  1.42690000E-02  9.05750000E-04
2001-11-18T14:28:36.303 -3.90160000E-04  1.52610000E-02  6.56670000E-04
2001-11-18T14:28:37.303 -2.72190000E-04  1.56360000E-02  6.94290000E-04
2001-11-18T14:28:38.303 -7.38990000E-04  1.59150000E-02  8.21390000E-04
2001-11-18T14:28:39.303  2.48730000E-04  1.75670000E-02  6.40980000E-04
2001-11-18T14:28:40.303 -1.10900000E-03  1.68620000E-02  7.02160000E-04
2001-11-18T14:28:41.303 -6.73720000E-05  1.80090000E-02  6.46030000E-04
2001-11-18T14:28:42.303  9.69160000E-05  1.83340000E-02  9.39480000E-04
2001-11-18T14:28:43.303 -1.60460000E-03  1.72620000E-02  5.20590000E-04
2001-11-18T14:28:44.303 -1.60970000E-04  1.84440000E-02  9.08280000E-04
2001-11-18T14:28:45.303  2.81050000E-04  1.82580000E-02  6.47220000E-04
2001-11-18T14:28:46.303 -5.01960000E-04  1.82100000E-02  9.65030000E-04
2001-11-18T14:28:47.303 -5.38200000E-04  1.92260000E-02  7.44000000E-04
2001-11-18T14:28:48.303 -5.26880000E-04  1.85890000E-02  7.81950000E-04
2001-11-18T14:28:49.303 -1.13460000E-03  1.76270000E-02  1.02640000E-03
2001-11-18T14:28:50.303 -2.17570000E-04  1.83370000E-02  7.42200000E-04
2001-11-18T14:28:51.303  6.55870000E-05  1.89190000E-02  8.37640000E-04
2001-11-18T14:28:52.303 -1.98560000E-04  1.91110000E-02  1.07450000E-03
2001-11-18T14:28:53.303 -5.24060000E-04  1.95630000E-02  8.28830000E-04
2001-11-18T14:28:54.303 -5.47020000E-04  1.97090000E-02  9.46330000E-04
2001-11-18T14:28:55.303 -8.17840000E-04  1.99910000E-02  7.47180000E-04
2001-11-18T14:28:56.303 -7.33690000E-04  2.06010000E-02  1.17490000E-03
2001-11-18T14:28:57.303  2.83170000E-04  2.18500000E-02  7.18220000E-04
2001-11-18T14:28:58.303 -1.07930000E-03  2.08370000E-02  1.08530000E-03
2001-11-18T14:28:59.303  2.92640000E-04  2.19560000E-02  7.67060000E-04
2001-11-18T14:29:00.303 -8.61260000E-04  2.15820000E-02  1.21260000E-03
2001-11-18T14:29:01.303 -4.68400000E-04  2.28150000E-02  9.32900000E-04
2001-11-18T14:29:02.303 -2.71550000E-04  2.27870000E-02  1.15260000E-03
2001-11-18T14:29:03.303 -1.18100000E-04  2.23460000E-02  8.87800000E-04
2001-11-18T14:29:04.303 -8.81160000E-04  2.14250000E-02  1.18720000E-03
2001-11-18T14:29:05.303  8.95110000E-05  2.22630000E-02  9.45580000E-04
2001-11-18T14:29:06.303 -4.83980000E-04  2.24450000E-02  1.07470000E-03
2001-11-18T14:29:07.303 -2.90880000E-04  2.26150000E-02  9.67550000E-04
2001-11-18T14:29:08.303 -5.62340000E-04  2.23630000E-02  1.13090000E-03
2001-11-18T14:29:09.303 -2.90030000E-04  2.30040000E-02  1.06670000E-03
2001-11-18T14:29:10.303 -3.90460000E-04  2.34040000E-02  9.18640000E-04
2001-11-18T14:29:11.303 -2.39740000E-04  2.33540000E-02  1.09040000E-03
2001-11-18T14:29:12.303 -5.14730000E-04  2.39530000E-02  9.80670000E-04
2001-11-18T14:29:13.303 -5.46940000E-04  2.44720000E-02  1.08520000E-03
2001-11-18T14:29:14.303 -4.98980000E-04  2.46630000E-02  9.66640000E-04
2001-11-18T14:29:15.303 -6.82550000E-04  2.47670000E-02  9.53160000E-04
2001-11-18T14:29:16.303 -3.37920000E-04  2.49850000E-02  1.09290000E-03
2001-11-18T14:29:17.303 -5.70840000E-04  2.53090000E-02  1.06900000E-03
2001-11-18T14:29:18.303 -7.30090000E-04  2.51270000E-02  8.80150000E-04
2001-11-18T14:29:19.303 -4.74740000E-04  2.59860000E-02  1.04710000E-03
2001-11-18T14:29:20.303 -5.84670000E-04  2.65190000E-02  7.08480000E-04
2001-11-18T14:29:21.303 -7.79090000E-04  2.71490000E-02  1.20830000E-03
2001-11-18T14:29:22.303 -4.58480000E-04  2.74170000E-02  9.57360000E-04
2001-11-18T14:29:23.303 -6.89090000E-04  2.74920000E-02  9.50150000E-04
2001-11-18T14:29:24.303 -6.69970000E-04  2.80290000E-02  7.99150000E-04
2001-11-18T14:29:25.303 -7.49380000E-04  2.84810000E-02  9.22020000E-04
2001-11-18T14:29:26.303 -4.72270000E-04  2.91070000E-02  1.03700000E-03
2001-11-18T14:29:27.303 -6.02610000E-04  2.90250000E-02  8.51730000E-04
2001-11-18T14:29:28.303 -7.80570000E-04  2.91720000E-02  8.34430000E-04
2001-11-18T14:29:29.303 -4.32290000E-04  3.02290000E-02  9.91790000E-04
2001-11-18T14:29:30.303 -5.41490000E-04  2.98070000E-02  8.78850000E-04
2001-11-18T14:29:31.303 -8.16000000E-04  2.94380000E-02  1.18610000E-03
2001-11-18T14:29:32.303 -3.72260000E-04  3.07740000E-02  9.66340000E-04
2001-11-18T14:29:33.303 -8.02280000E-04  3.02310000E-02  9.40110000E-04
2001-11-18T14:29:34.303 -4.88170000E-04  3.02560000E-02  1.07640000E-03
2001-11-18T14:29:35.303 -6.13760000E-04  2.93640000E-02  1.07070000E-03
2001-11-18T14:29:36.303 -3.92350000E-04  2.91490000E-02  8.50640000E-04
2001-11-18T14:29:37.303 -3.98450000E-04  2.91330000E-02  1.10750000E-03
2001-11-18T14:29:38.303 -5.43650000E-04  3.08070000E-02  9.48330000E-04
2001-11-18T14:29:39.303 -6.83430000E-04  3.17120000E-02  1.00500000E-03
2001-11-18T14:29:40.303 -2.54920000E-04  3.20560000E-02  1.28430000E-03
2001-11-18T14:29:41.303 -5.53950000E-04  3.14530000E-02  1.17920000E-03
2001-11-18T14:29:42.303 -5.76360000E-04  3.14900000E-02  9.26260000E-04
2001-11-18T14:29:43.303 -5.01680000E-04  3.16710000E-02  1.45140000E-03
2001-11-18T14:29:44.303 -5.71780000E-04  3.09950000E-02  9.67180000E-04
2001-11-18T14:29:45.303 -5.81140000E-04  3.06110000E-02  1.21970000E-03
2001-11-18T14:29:46.303 -7.00040000E-04  3.00360000E-02  1.13630000E-03
2001-11-18T14:29:47.303 -6.25980000E-04  2.93330000E-02  1.02030000E-03
2001-11-18T14:29:48.303 -6.62610000E-04  2.94830000E-02  1.10030000E-03
2001-11-18T14:29:49.303 -7.08950000E-04  3.01490000E-02  1.35090000E-03
2001-11-18T14:29:50.303 -6.07180000E-04  2.92860000E-02  1.04510000E-03
2001-11-18T14:29:51.303 -8.56430000E-04  2.82800000E-02  1.06500000E-03
2001-11-18T14:29:52.303 -6.43100000E-04  2.73600000E-02  1.22860000E-03
2001-11-18T14:29:53.303 -7.14580000E-04  2.69510000E-02  9.39280000E-04
2001-11-18T14:29:54.303 -7.87690000E-04  2.70530000E-02  1.35670000E-03
2001-11-18T14:29:55.303 -5.04090000E-04  2.76090000E-02  8.28710000E-04
2001-11-18T14:29:56.303 -6.77250000E-04  2.70780000E-02  1.16270000E-03
2001-11-18T14:29:57.303 -5.21700000E-04  2.67040000E-02  8.45870000E-04
2001-11-18T14:29:58.303 -8.65740000E-04  2.60400000E-02  1.08960000E-03
2001-11-18T14:29:59.303 -3.40650000E-04  2.60880000E-02  8.49110000E-04
2001-11-18T14:30:00.303 -7.38540000E-04  2.58340000E-02  8.85810000E-04
2001-11-18T14:30:01.303 -2.66010000E-04  2.59600000E-02  1.12970000E-03
2001-11-18T14:30:02.303 -6.53960000E-04  2.45190000E-02  8.39460000E-04
2001-11-18T14:30:03.303 -4.39500000E-04  2.44840000E-02  8.52000000E-04
2001-11-18T14:30:04.303 -4.11250000E-04  2.43600000E-02  8.50430000E-04
2001-11-18T14:30:05.303 -5.34630000E-04  2.47100000E-02  8.85460000E-04
2001-11-18T14:30:06.303 -2.26390000E-04  2.45730000E-02  8.87060000E-04
2001-11-18T14:30:07.303 -5.73330000E-04  2.45150000E-02  1.00550000E-03
2001-11-18T14:30:08.303 -2.61670000E-04  2.47120000E-02  7.89260000E-04
2001-11-18T14:30:09.303 -3.72360000E-04  2.46820000E-02  8.11650000E-04
2001-11-18T14:30:10.303 -1.04090000E-04  2.43960000E-02  1.00100000E-03
2001-11-18T14:30:11.303 -6.47430000E-04  2.41890000E-02  8.00460000E-04
2001-11-18T14:30:12.303 -2.26650000E-04  2.37770000E-02  9.86160000E-04
2001-11-18T14:30:13.303 -5.32660000E-04  2.36090000E-02  8.10770000E-04
2001-11-18T14:30:14.303 -2.64910000E-04  2.34830000E-02  8.50970000E-04
2001-11-18T14:30:15.303 -6.17680000E-04  2.28610000E-02  9.41130000E-04
2001-11-18T14:30:16.303 -4.06590000E-04  2.26670000E-02  7.16570000E-04
2001-11-18T14:30:17.303 -6.47770000E-05  2.26820000E-02  1.12000000E-03
2001-11-18T14:30:18.303 -7.57140000E-04  2.17970000E-02  7.61680000E-04
2001-11-18T14:30:19.303 -9.22110000E-05  2.16060000E-02  1.02210000E-03
2001-11-18T14:30:20.303 -8.55050000E-04  2.00330000E-02  7.60890000E-04
2001-11-18T14:30:21.303 -1.71320000E-04  2.11270000E-02  1.13950000E-03
2001-11-18T14:30:22.303 -1.56070000E-04  2.09900000E-02  1.02280000E-03
2001-11-18T14:30:23.303 -6.05700000E-04  1.97840000E-02  1.00300000E-03
2001-11-18T14:30:24.303 -3.22320000E-04  1.93780000E-02  8.24950000E-04
2001-11-18T14:30:25.303 -1.19910000E-04  1.86050000E-02  1.06240000E-03
2001-11-18T14:30:26.303 -1.40360000E-03  1.69950000E-02  8.23990000E-04
2001-11-18T14:30:27.303  2.74360000E-04  1.73320000E-02  9.91140000E-04
2001-11-18T14:30:28.303 -6.79620000E-04  1.60380000E-02  9.39250000E-04
2001-11-18T14:30:29.303 -5.11900000E-04  1.57990000E-02  8.85110000E-04
2001-11-18T14:30:30.303 -1.11840000E-04  1.61430000E-02  9.25910000E-04
2001-11-18T14:30:31.303 -3.89030000E-04  1.55720000E-02  8.65820000E-04
2001-11-18T14:30:32.303 -4.53770000E-04  1.50470000E-02  8.52130000E-04
2001-11-18T14:30:33.303 -1.66750000E-04  1.41970000E-02  8.91880000E-04
2001-11-18T14:30:34.303 -1.44760000E-04  1.36700000E-02  8.28070000E-04
2001-11-18T14:30:35.303 -6.61380000E-04  1.26900000E-02  8.98890000E-04
2001-11-18T14:30:36.303  2.57750000E-05  1.28800000E-02  8.56300000E-04
2001-11-18T14:30:37.303 -5.87100000E-04  1.23120000E-02  7.61690000E-04
2001-11-18T14:30:38.303 -1.45480000E-05  1.22910000E-02  6.95690000E-04
2001-11-18T14:30:39.303 -2.42490000E-04  1.19020000E-02  1.06520000E-03
2001-11-18T14:30:40.303 -5.53460000E-04  1.12460000E-02  5.92710000E-04
2001-11-18T14:30:41.303 -6.85370000E-05  1.12430000E-02  7.44730000E-04
2001-11-18T14:30:42.303 -7.25110000E-05  1.04920000E-02  8.86740000E-04
2001-11-18T14:30:43.303 -4.20940000E-05  1.00850000E-02  7.34720000E-04
2001-11-18T14:30:44.303 -1.41230000E-04  9.71940000E-03  4.22900000E-04
2001-11-18T14:30:45.303 -2.53730000E-04  9.21640000E-03  9.55350000E-04
2001-11-18T14:30:46.303 -8.40870000E-05  9.01440000E-03  4.96070000E-04
2001-11-18T14:30:47.303 -4.25840000E-05  8.40280000E-03  6.52080000E-04
2001-11-18T14:30:48.303 -2.94870000E-04  8.30070000E-03  6.11190000E-04
2001-11-18T14:30:49.303 -2.62800000E-04  7.77870000E-03  6.59520000E-04
2001-11-18T14:30:50.303 -2.61760000E-05  7.44220000E-03  7.91850000E-04
2001-11-18T14:30:51.303 -6.49890000E-05  6.83840000E-03  3.27020000E-04
2001-11-18T14:30:52.303 -2.37560000E-05  6.38020000E-03  8.44400000E-04
2001-11-18T14:30:53.303 -4.03570000E-05  6.04400000E-03  5.69070000E-04
2001-11-18T14:30:54.303 -1.28080000E-04  5.69910000E-03  4.60500000E-04
2001-11-18T14:30:55.303 -6.51990000E-06  5.55930000E-03  7.16770000E-04
2001-11-18T14:30:56.303 -1.65010000E-04  5.55230000E-03  5.80490000E-04
2001-11-18T14:30:57.303 -9.00250000E-05  5.40320000E-03  5.56870000E-04
2001-11-18T14:30:58.303 -3.00090000E-06  5.22950000E-03  6.13780000E-04
2001-11-18T14:30:59.303 -1.04460000E-04  5.15870000E-03  6.57230000E-04
2001-11-18T14:31:00.303 -2.61380000E-04  4.77780000E-03  5.19650000E-04
2001-11-18T14:31:01.303 -9.83500000E-05  4.83610000E-03  5.10540000E-04
2001-11-18T14:31:02.303 -1.69370000E-04  4.89570000E-03  7.29980000E-04
2001-11-18T14:31:03.303 -3.56630000E-04  4.72860000E-03  3.28870000E-04
2001-11-18T14:31:04.303  1.54270000E-05  4.92570000E-03  5.59640000E-04
2001-11-18T14:31:05.303 -1.22540000E-04  4.78620000E-03  3.20180000E-04
2001-11-18T14:31:06.303 -1.83010000E-04  4.49080000E-03  9.36600000E-04
2001-11-18T14:31:07.303 -9.51420000E-05  4.07660000E-03  5.23760000E-04
2001-11-18T14:31:08.303 -1.00600000E-04  3.98710000E-03  4.23680000E-04
2001-11-18T14:31:09.303 -2.32370000E-04  3.91010000E-03  6.20150000E-04
2001-11-18T14:31:10.303 -8.50770000E-05  3.84530000E-03  6.84230000E-04
2001-11-18T14:31:11.303 -8.35310000E-05  3.77810000E-03  3.95110000E-04
2001-11-18T14:31:12.303 -2.22540000E-04  3.74190000E-03  6.42780000E-04
2001-11-18T14:31:13.303 -8.94340000E-05  3.67640000E-03  3.25160000E-04
2001-11-18T14:31:14.303 -1.92060000E-04  3.41830000E-03  6.92520000E-04
2001-11-18T14:31:15.303 -2.12050000E-04  3.39160000E-03  4.89320000E-04
2001-11-18T14:31:16.303  8.80780000E-05  3.26980000E-03  2.86130000E-04
2001-11-18T14:31:17.303 -1.94420000E-04  3.03410000E-03  7.37930000E-04
2001-11-18T14:31:18.303 -2.20390000E-04  2.83000000E-03  5.58950000E-04
2001-11-18T14:31:19.303 -2.29570000E-05  2.61800000E-03  2.85530000E-04
2001-11-18T14:31:20.303 -2.23290000E-04  2.58270000E-03  5.52330000E-04
2001-11-18T14:31:21.303 -1.95440000E-04  2.33300000E-03  4.25080000E-04
2001-11-18T14:31:22.303 -1.66250000E-04  2.20000000E-03  5.78620000E-04
2001-11-18T14:31:23.303 -1.76440000E-04  1.81310000E-03  3.80850000E-04
2001-11-18T14:31:24.303 -8.48960000E-05  1.88500000E-03  4.80520000E-04
2001-11-18T14:31:25.303 -1.77130000E-04  1.93290000E-03  4.00360000E-04
2001-11-18T14:31:26.303  8.14680000E-06  1.77980000E-03  5.96090000E-04
2001-11-18T14:31:27.303 -2.25240000E-04  1.89500000E-03  3.46400000E-04
2001-11-18T14:31:28.303 -9.69170000E-05  1.83270000E-03  5.34070000E-04
2001-11-18T14:31:29.303 -1.97670000E-04  1.42860000E-03  5.10690000E-04
2001-11-18T14:31:30.303 -3.65510000E-05  1.54530000E-03  4.37560000E-04
2001-11-18T14:31:31.303 -1.54390000E-04  1.51890000E-03  6.75340000E-04
2001-11-18T14:31:32.303 -3.55810000E-05  1.51370000E-03  4.63170000E-04
2001-11-18T14:31:33.303 -1.34750000E-04  1.22460000E-03  6.91220000E-04
2001-11-18T14:31:34.303 -5.09680000E-05  1.28770000E-03  3.43640000E-04
2001-11-18T14:31:35.303 -2.65110000E-04  1.26220000E-03  6.63970000E-04
2001-11-18T14:31:36.303 -5.25730000E-05  1.10170000E-03  2.17250000E-04
2001-11-18T14:31:37.303 -2.27980000E-04  1.00640000E-03  5.82610000E-04
2001-11-18T14:31:38.303 -1.00840000E-04  9.34190000E-04  4.87910000E-04
2001-11-18T14:31:39.303 -9.08350000E-05  8.49990000E-04  6.15170000E-04
2001-11-18T14:31:40.303 -9.32450000E-05  7.51010000E-04  3.29840000E-04
2001-11-18T14:31:41.303 -1.37670000E-04  5.18000000E-04  6.46450000E-04
2001-11-18T14:31:42.303 -1.18480000E-04  7.36360000E-04  4.76810000E-04
2001-11-18T14:31:43.303 -1.07860000E-04  4.81890000E-04  4.15160000E-04
2001-11-18T14:31:44.303 -7.81400000E-06  4.18410000E-04  6.38350000E-04
2001-11-18T14:31:45.303 -2.02060000E-04  3.25480000E-04  5.97930000E-04
2001-11-18T14:31:46.303  2.52240000E-05  3.83470000E-04  2.77520000E-04
2001-11-18T14:31:47.303 -1.45450000E-04  1.81120000E-04  4.40360000E-04
2001-11-18T14:31:48.303 -1.19050000E-04  8.79590000E-05  5.90880000E-04
2001-11-18T14:31:49.303 -7.83220000E-05  2.22500000E-04  3.80520000E-04
2001-11-18T14:31:50.303 -1.63200000E-04 -2.02840000E-05  5.87390000E-04
2001-11-18T14:31:51.303 -5.63770000E-05  2.66640000E-04  5.46050000E-04
2001-11-18T14:31:52.303  1.12010000E-05  1.53680000E-04  1.81330000E-04
2001-11-18T14:31:53.303 -2.27940000E-04 -5.75110000E-06  6.34380000E-04
2001-11-18T14:31:54.303 -7.05780000E-05  1.63460000E-04  3.35340000E-04
2001-11-18T14:31:55.303 -5.22150000E-05  1.81400000E-04  7.01200000E-04
2001-11-18T14:31:56.303 -1.08560000E-04  1.17620000E-04  2.03020000E-04
2001-11-18T14:31:57.303 -6.09720000E-05  4.89870000E-05  6.23760000E-04
2001-11-18T14:31:58.303 -2.31090000E-04 -1.06280000E-04  3.36270000E-04
2001-11-18T14:31:59.303 -7.25450000E-05  1.20220000E-04  7.52540000E-04
2001-11-18T14:32:00.303 -8.71170000E-05 -7.14280000E-05  2.57990000E-04
2001-11-18T14:32:01.303 -7.05880000E-05  1.01730000E-04  6.21520000E-04
2001-11-18T14:32:02.303 -8.09230000E-05  2.01830000E-05  4.69500000E-04
2001-11-18T14:32:03.303 -2.21940000E-04 -3.91480000E-05  4.04710000E-04
2001-11-18T14:32:04.303 -4.21790000E-05 -6.66260000E-05  6.18460000E-04
2001-11-18T14:32:05.303 -1.00670000E-04 -6.72120000E-06  9.76280000E-05
2001-11-18T14:32:06.303  2.69070000E-06  9.52610000E-05  8.62880000E-04
2001-11-18T14:32:07.303 -2.24480000E-04 -1.00960000E-04  3.87430000E-04
2001-11-18T14:32:08.303 -5.83700000E-05  9.56190000E-06  4.69400000E-04
2001-11-18T14:32:09.303 -7.97770000E-05 -1.09500000E-04  2.85840000E-04
2001-11-18T14:32:10.303 -1.04190000E-04 -1.16870000E-05  6.87250000E-04
2001-11-18T14:32:11.303 -1.34110000E-04 -5.79440000E-05  3.47820000E-04
2001-11-18T14:32:12.303 -1.10340000E-04 -2.34130000E-04  6.42230000E-04
2001-11-18T14:32:13.303  1.86620000E-05  5.57360000E-06  3.29720000E-04
2001-11-18T14:32:14.303 -3.35180000E-04 -9.76100000E-05  5.43090000E-04
2001-11-18T14:32:15.303 -2.46010000E-06 -3.53220000E-05  2.74130000E-04
2001-11-18T14:32:16.303 -1.03970000E-04 -1.39160000E-04  4.91540000E-04
2001-11-18T14:32:17.303 -1.54880000E-04 -1.64540000E-04  3.93160000E-04
2001-11-18T14:32:18.303 -1.86730000E-04 -1.73170000E-04  6.07930000E-04
2001-11-18T14:32:19.303 -1.85860000E-04 -3.44680000E-05  3.69140000E-04
2001-11-18T14:32:20.303  5.66600000E-05 -1.54820000E-04  6.14270000E-04
2001-11-18T14:32:21.303 -2.54860000E-04 -2.21170000E-04  3.62050000E-04
2001-11-18T14:32:22.303 -1.23130000E-04 -3.78610000E-05  5.82690000E-04
2001-11-18T14:32:23.303 -2.25690000E-04 -2.03580000E-04  3.09940000E-04
2001-11-18T14:32:24.303 -1.57000000E-04 -1.91010000E-04  4.57190000E-04
2001-11-18T14:32:25.303 -1.30650000E-04 -1.74770000E-04  4.01330000E-04
2001-11-18T14:32:26.303 -9.29510000E-05 -1.32520000E-04  6.55640000E-04
2001-11-18T14:32:27.303 -1.39610000E-04 -2.29700000E-04  2.50800000E-04
2001-11-18T14:32:28.303 -1.33280000E-04 -2.28390000E-04  5.43690000E-04
2001-11-18T14:32:29.303 -4.27930000E-06 -1.95550000E-04  2.79500000E-04
2001-11-18T14:32:30.303 -2.41520000E-04 -1.20610000E-04  5.53940000E-04
2001-11-18T14:32:31.303  1.62260000E-05 -2.95010000E-04  5.46770000E-04
2001-11-18T14:32:32.303 -9.53680000E-05 -2.66150000E-04  4.73500000E-04
2001-11-18T14:32:33.303 -1.84180000E-04 -2.40950000E-04  4.27230000E-04
2001-11-18T14:32:34.303 -2.42460000E-04 -2.62270000E-04  4.99060000E-04
2001-11-18T14:32:35.303 -1.42270000E-04 -1.51220000E-04  4.26980000E-04
2001-11-18T14:32:36.303 -1.02910000E-04 -1.60680000E-04  4.53150000E-04
2001-11-18T14:32:37.303 -8.66210000E-05 -1.41720000E-04  5.90100000E-04
2001-11-18T14:32:38.303 -2.80410000E-04 -3.40250000E-04  3.20070000E-04
2001-11-18T14:32:39.303 -1.33670000E-06 -1.13100000E-04  6.57450000E-04
2001-11-18T14:32:40.303 -1.87530000E-04 -3.08320000E-04  1.22310000E-04
2001-11-18T14:32:41.303 -7.82160000E-05 -1.20440000E-04  7.10530000E-04
2001-11-18T14:32:42.303 -1.61450000E-04 -3.01330000E-04  4.09830000E-04
2001-11-18T14:32:43.303 -1.09590000E-04 -2.17320000E-05  3.09280000E-04
2001-11-18T14:32:44.303 -2.30410000E-04 -4.26270000E-04  6.83580000E-04
2001-11-18T14:32:45.303  2.94470000E-07 -2.64140000E-05  3.44140000E-04
2001-11-18T14:32:46.303 -1.89330000E-04 -2.42540000E-04  4.99540000E-04
2001-11-18T14:32:47.303 -2.10070000E-04 -1.09710000E-04  4.38570000E-04
2001-11-18T14:32:48.303 -2.34800000E-04 -2.80350000E-04  7.70110000E-04
2001-11-18T14:32:49.303 -7.10880000E-05 -1.29170000E-04  1.31440000E-04
2001-11-18T14:32:50.303 -1.04330000E-04 -2.21310000E-04  6.48220000E-04
2001-11-18T14:32:51.303 -7.52210000E-05 -2.99720000E-04  2.97970000E-04
2001-11-18T14:32:52.303 -4.89330000E-05 -2.57420000E-04  6.24630000E-04
2001-11-18T14:32:53.303 -1.51740000E-04 -2.20080000E-04  2.13960000E-04
2001-11-18T14:32:54.303 -9.69060000E-05 -2.42780000E-04  7.10690000E-04
2001-11-18T14:32:55.303 -1.44480000E-04 -2.74750000E-04  2.07930000E-04
2001-11-18T14:32:56.303 -9.64780000E-05 -1.66910000E-04  6.88810000E-04
2001-11-18T14:32:57.303 -3.35720000E-04 -2.71990000E-04  4.15930000E-04
2001-11-18T14:32:58.303 -4.54820000E-05 -1.69690000E-04  4.48360000E-04
2001-11-18T14:32:59.303 -2.00680000E-04 -3.15380000E-04  4.15300000E-04
2001-11-18T14:33:00.303 -7.11160000E-05 -2.12330000E-04  3.76970000E-04
2001-11-18T14:33:01.303 -1.43760000E-04 -2.80740000E-04  6.95880000E-04
2001-11-18T14:33:02.303 -1.08280000E-04 -5.33010000E-05  4.05670000E-04
2001-11-18T14:33:03.303 -1.06880000E-04 -2.28310000E-04  3.60580000E-04
2001-11-18T14:33:04.303 -1.41640000E-04 -2.31790000E-04  6.50660000E-04
2001-11-18T14:33:05.303 -2.70010000E-04 -1.99060000E-04  2.35600000E-04
2001-11-18T14:33:06.303  1.10640000E-04 -2.86420000E-04  6.69810000E-04
2001-11-18T14:33:07.303 -1.40100000E-04 -2.63360000E-04  2.35010000E-04
2001-11-18T14:33:08.303 -6.29070000E-05 -1.96960000E-04  4.57490000E-04
2001-11-18T14:33:09.303 -1.62810000E-04 -3.49780000E-04  4.94960000E-04
2001-11-18T14:33:10.303 -2.99660000E-05 -9.43290000E-05  2.36640000E-04
2001-11-18T14:33:11.303 -1.76090000E-04 -2.75570000E-04  7.68320000E-04
2001-11-18T14:33:12.303 -1.78100000E-04 -2.76440000E-04  2.54030000E-04
2001-11-18T14:33:13.303 -1.83720000E-04 -3.09780000E-04  6.12510000E-04
2001-11-18T14:33:14.303 -1.32360000E-04 -1.05640000E-04  3.96780000E-04
2001-11-18T14:33:15.303 -1.31570000E-04 -1.69410000E-04  3.30550000E-04
2001-11-18T14:33:16.303 -6.63450000E-05 -2.71680000E-04  2.75320000E-04
2001-11-18T14:33:17.303 -1.95750000E-04 -2.00610000E-04  1.41120000E-04
2001-11-18T14:33:18.303 -2.05450000E-04 -1.54780000E-04  7.02130000E-04
2001-11-18T14:33:19.303 -6.72460000E-05 -2.10880000E-04  4.03530000E-05
2001-11-18T14:33:20.303 -2.47850000E-04 -1.81570000E-04  5.09580000E-04
2001-11-18T14:33:21.303 -8.01190000E-05 -2.58650000E-04  2.76130000E-04
2001-11-18T14:33:22.303 -6.25530000E-05 -2.66850000E-04  6.40510000E-04
2001-11-18T14:33:23.303 -8.81660000E-06 -5.78470000E-05  1.58960000E-04
2001-11-18T14:33:24.303 -2.12480000E-04 -2.76310000E-04  4.40940000E-04
2001-11-18T14:33:25.303 -5.68910000E-05 -2.87250000E-04  5.38090000E-04
2001-11-18T14:33:26.303 -6.08370000E-05 -6.86380000E-05  1.09520000E-04
2001-11-18T14:33:27.303 -2.34910000E-04 -3.11450000E-04  6.72240000E-04
2001-11-18T14:33:28.303 -2.34730000E-04 -2.89390000E-04  2.87440000E-04
2001-11-18T14:33:29.303 -7.32930000E-05 -1.46820000E-04  4.56010000E-04
2001-11-18T14:33:30.303 -1.79560000E-04 -2.66500000E-04  4.29480000E-04
2001-11-18T14:33:31.303 -1.58160000E-04 -1.78110000E-04  4.15770000E-04
2001-11-18T14:33:32.303 -6.91190000E-05 -1.36910000E-04  5.80230000E-04
2001-11-18T14:33:33.303 -5.38120000E-05 -2.82530000E-04  1.96950000E-04
2001-11-18T14:33:34.303 -6.08150000E-05 -2.84730000E-04  5.63710000E-04
2001-11-18T14:33:35.303 -1.38640000E-04 -2.74540000E-04  4.18740000E-04
2001-11-18T14:33:36.303 -6.66980000E-05 -3.14980000E-04  2.48240000E-04
2001-11-18T14:33:37.303 -2.12610000E-04 -1.33920000E-04  5.93720000E-04
2001-11-18T14:33:38.303 -9.64920000E-05 -3.76740000E-04  4.56250000E-04
2001-11-18T14:33:39.303 -1.69520000E-04 -2.54920000E-04  6.30480000E-04
2001-11-18T14:33:40.303 -3.26110000E-05 -2.00880000E-04  3.82800000E-04
2001-11-18T14:33:41.303 -1.65380000E-04 -3.12670000E-04  4.76880000E-04
2001-11-18T14:33:42.303 -4.18760000E-05 -1.61540000E-04  3.75290000E-04
2001-11-18T14:33:43.303 -8.43830000E-05 -1.76570000E-04  1.60150000E-04
2001-11-18T14:33:44.303 -4.25310000E-05 -1.42480000E-04  6.56160000E-04
2001-11-18T14:33:45.303 -2.40150000E-04 -3.83010000E-04  2.76220000E-04
2001-11-18T14:33:46.303  1.98990000E-05 -9.42530000E-05  6.00110000E-04
2001-11-18T14:33:47.303 -3.96490000E-04 -3.28450000E-04  4.17760000E-04
2001-11-18T14:33:48.303  5.83170000E-06 -2.10000000E-04  6.58220000E-04
2001-11-18T14:33:49.303 -2.70560000E-04 -3.33110000E-04  3.41100000E-04
2001-11-18T14:33:50.303 -3.22550000E-05 -2.01250000E-04  5.76320000E-04
2001-11-18T14:33:51.303 -2.88450000E-04 -3.71560000E-04  3.55520000E-04
2001-11-18T14:33:52.303 -1.57920000E-06 -5.81070000E-05  5.59530000E-04
2001-11-18T14:33:53.303 -2.23910000E-04 -2.03180000E-04  3.40050000E-04
2001-11-18T14:33:54.303 -1.47280000E-04 -1.60140000E-04  6.68720000E-04
2001-11-18T14:33:55.303 -2.78030000E-04 -2.96930000E-04  5.45940000E-04
2001-11-18T14:33:56.303  5.83000000E-06 -2.31650000E-04  4.01460000E-04
2001-11-18T14:33:57.303 -2.73110000E-04 -3.16790000E-04  3.90800000E-04
2001-11-18T14:33:58.303 -2.02960000E-05 -2.53740000E-04  5.04760000E-04
2001-11-18T14:33:59.303 -1.52760000E-04 -2.37810000E-04  5.63370000E-04
2001-11-18T14:34:00.303 -9.04940000E-05 -7.85030000E-05  3.58160000E-04
2001-11-18T14:34:01.303 -6.73170000E-05 -2.25770000E-04  6.46530000E-04
2001-11-18T14:34:02.303 -1.49030000E-04 -3.37810000E-04  3.51810000E-04
2001-11-18T14:34:03.303 -8.97530000E-05 -1.38050000E-04  7.59540000E-04
2001-11-18T14:34:04.303 -2.04660000E-05 -2.87590000E-04  3.34600000E-04
2001-11-18T14:34:05.303 -9.10430000E-05 -2.28290000E-04  7.64870000E-04
2001-11-18T14:34:06.303 -6.10040000E-05 -2.79730000E-04  2.04520000E-04
2001-11-18T14:34:07.303  4.19080000E-06 -1.27640000E-04  5.26410000E-04
2001-11-18T14:34:08.303 -2.52930000E-04 -2.56450000E-04  5.48050000E-04
2001-11-18T14:34:09.303 -1.51410000E-04 -2.66230000E-04  6.07810000E-04
2001-11-18T14:34:10.303 -1.49180000E-04 -2.88690000E-04  2.74980000E-04
2001-11-18T14:34:11.303 -7.94190000E-05 -1.78980000E-04  3.49880000E-04
2001-11-18T14:34:12.303 -2.18710000E-04 -2.46720000E-04  5.84020000E-04
2001-11-18T14:34:13.303 -2.26940000E-04 -3.22360000E-04  6.47360000E-04
2001-11-18T14:34:14.303 -2.90270000E-04 -2.10450000E-04  3.55440000E-04
2001-11-18T14:34:15.303  1.52590000E-04 -1.53010000E-04  5.14410000E-04
2001-11-18T14:34:16.303 -3.19790000E-04 -3.14610000E-04  4.27170000E-04
2001-11-18T14:34:17.303 -2.99730000E-05 -2.28090000E-04  6.73460000E-04
2001-11-18T14:34:18.303 -1.59180000E-04 -3.66830000E-04  3.51880000E-04
2001-11-18T14:34:19.303 -3.31160000E-05 -1.32660000E-04  6.47820000E-04
2001-11-18T14:34:20.303 -2.62350000E-04 -2.91290000E-04  1.39230000E-04
2001-11-18T14:34:21.303 -9.70570000E-05 -1.79160000E-04  6.90330000E-04
2001-11-18T14:34:22.303 -2.65840000E-04 -2.90180000E-04  3.95270000E-04
2001-11-18T14:34:23.303 -3.25630000E-05 -1.70000000E-04  2.48750000E-04
2001-11-18T14:34:24.303 -1.92520000E-04 -2.58210000E-04  5.79390000E-04
2001-11-18T14:34:25.303 -8.17390000E-05 -2.35930000E-04  3.96610000E-04
2001-11-18T14:34:26.303 -2.70340000E-04 -2.86450000E-04  4.99960000E-04
2001-11-18T14:34:27.303 -6.31570000E-05 -1.23270000E-04  3.35460000E-04
2001-11-18T14:34:28.303 -1.11410000E-04 -1.37850000E-04  5.86460000E-04
2001-11-18T14:34:29.303 -8.65940000E-05 -2.72770000E-04  5.34460000E-04
2001-11-18T14:34:30.303 -1.48230000E-04 -2.28720000E-04  4.42110000E-04
2001-11-18T14:34:31.303 -1.95550000E-04 -3.12100000E-04  4.19040000E-04
2001-11-18T14:34:32.303 -2.62120000E-05 -1.63220000E-04  6.64370000E-04
2001-11-18T14:34:33.303 -2.64770000E-04 -2.93640000E-04  2.37140000E-04
2001-11-18T14:34:34.303 -3.66790000E-05 -1.82600000E-04  6.35820000E-04
2001-11-18T14:34:35.303 -2.03950000E-04 -2.24150000E-04  4.43130000E-04
2001-11-18T14:34:36.303 -4.38480000E-05 -1.15740000E-04  5.39430000E-04
2001-11-18T14:34:37.303 -1.20920000E-04 -3.13190000E-04  2.80880000E-04
2001-11-18T14:34:38.303 -6.54860000E-05 -3.74700000E-04  5.27630000E-04
2001-11-18T14:34:39.303 -1.95500000E-04 -2.33960000E-04  4.97310000E-04
2001-11-18T14:34:40.303 -5.91370000E-05 -1.08140000E-04  3.27150000E-04
2001-11-18T14:34:41.303 -2.57750000E-04 -4.58170000E-04  4.96230000E-04
2001-11-18T14:34:42.303 -1.11950000E-04 -3.31050000E-05  4.80980000E-04
2001-11-18T14:34:43.303 -3.05900000E-04 -2.67550000E-04  6.40180000E-04
2001-11-18T14:34:44.303  4.95490000E-05 -2.41070000E-04  3.31970000E-04
2001-11-18T14:34:45.303 -3.48090000E-04 -2.71200000E-04  6.09510000E-04
2001-11-18T14:34:46.303 -6.88030000E-05 -2.23840000E-04  2.98650000E-04
2001-11-18T14:34:47.303 -2.17800000E-04 -2.81290000E-04  3.18230000E-04
2001-11-18T14:34:48.303 -4.44630000E-05 -2.56730000E-04  6.51710000E-04
2001-11-18T14:34:49.303 -1.14400000E-04 -3.02820000E-04  5.51170000E-04
2001-11-18T14:34:50.303 -2.56630000E-04 -2.40900000E-04  2.58150000E-04
2001-11-18T14:34:51.303 -1.03250000E-05 -2.58350000E-04  5.53660000E-04
2001-11-18T14:34:52.303 -2.18100000E-04 -1.66640000E-04  5.19220000E-04
2001-11-18T14:34:53.303 -9.94010000E-05 -2.28990000E-04  3.71840000E-04
2001-11-18T14:34:54.303 -1.96840000E-04 -1.97340000E-04  6.33590000E-04
2001-11-18T14:34:55.303 -3.61140000E-04 -2.67560000E-04  3.82920000E-04
2001-11-18T14:34:56.303 -3.51170000E-04 -3.18390000E-04  1.97660000E-04
2001-11-18T14:34:57.303 -2.68330000E-04 -2.58090000E-04  7.11530000E-04
2001-11-18T14:34:58.303  9.51180000E-06 -1.35910000E-04  2.31960000E-04
2001-11-18T14:34:59.303 -3.26330000E-04 -3.68850000E-04  6.57660000E-04
2001-11-18T14:35:00.303 -8.81720000E-05 -1.59950000E-04  3.91330000E-04
2001-11-18T14:35:01.303 -2.15020000E-04 -2.58520000E-04  3.52840000E-04
2001-11-18T14:35:02.303 -8.12680000E-08 -2.03710000E-04  5.30990000E-04
2001-11-18T14:35:03.303 -3.04430000E-04 -2.81680000E-04  5.47560000E-04
2001-11-18T14:35:04.303 -2.16570000E-04 -1.79710000E-04  4.19820000E-04
2001-11-18T14:35:05.303 -2.10450000E-04 -3.03600000E-04  6.05850000E-04
2001-11-18T14:35:06.303  8.33920000E-05 -1.16910000E-04  3.34750000E-04
2001-11-18T14:35:07.303 -2.81360000E-04 -2.41410000E-04  6.87490000E-04
2001-11-18T14:35:08.303 -1.12580000E-04 -2.24730000E-04  2.16780000E-04
2001-11-18T14:35:09.303 -1.13740000E-04 -1.00490000E-04  8.38710000E-04
2001-11-18T14:35:10.303 -2.43300000E-04 -1.59250000E-04  2.52020000E-04
2001-11-18T14:35:11.303 -1.14940000E-04 -3.30610000E-04  5.21820000E-04
2001-11-18T14:35:12.303 -2.44960000E-04 -2.27250000E-04  5.35950000E-04
2001-11-18T14:35:13.303 -1.71130000E-04 -2.06380000E-04  3.69920000E-04
2001-11-18T14:35:14.303 -8.08100000E-05 -8.18730000E-05  5.47120000E-04
2001-11-18T14:35:15.303 -1.00280000E-04 -2.87260000E-04  2.97330000E-04
2001-11-18T14:35:16.303 -1.29440000E-04 -2.62840000E-04  6.64170000E-04
2001-11-18T14:35:17.303 -1.42800000E-04 -3.62570000E-04  2.29060000E-04
2001-11-18T14:35:18.303 -9.14530000E-05 -1.47690000E-04  5.88630000E-04
2001-11-18T14:35:19.303 -1.40330000E-04 -2.44480000E-04  3.83340000E-04
2001-11-18T14:35:20.303 -1.70520000E-04 -2.07770000E-04  6.34970000E-04
2001-11-18T14:35:21.303 -5.64230000E-05 -1.86810000E-04  5.01130000E-04
2001-11-18T14:35:22.303 -1.19410000E-04 -3.71410000E-04  4.80450000E-04
2001-11-18T14:35:23.303 -1.61370000E-04 -1.73190000E-04  7.68190000E-04
2001-11-18T14:35:24.303 -1.18520000E-04 -3.80770000E-04  2.88440000E-04
2001-11-18T14:35:25.303 -3.97650000E-05 -1.44090000E-04  3.70750000E-04
2001-11-18T14:35:26.303 -2.50100000E-04 -2.26330000E-04  4.49380000E-04
2001-11-18T14:35:27.303 -1.78280000E-04 -7.12410000E-05  6.46980000E-04
2001-11-18T14:35:28.303 -1.64120000E-04 -3.88770000E-04  4.09140000E-04
2001-11-18T14:35:29.303 -6.78020000E-05 -1.59040000E-04  4.96650000E-04
2001-11-18T14:35:30.303 -8.65110000E-05 -3.21490000E-04  4.78760000E-04
2001-11-18T14:35:31.303 -3.57390000E-04 -1.26430000E-04  6.99840000E-04
2001-11-18T14:35:32.303 -5.99740000E-05 -2.33610000E-04  4.31140000E-04
2001-11-18T14:35:33.303 -1.26250000E-04 -2.05590000E-04  4.59310000E-04
2001-11-18T14:35:34.303 -1.83440000E-04 -3.31390000E-04  4.13720000E-04
2001-11-18T14:35:35.303 -8.96870000E-05 -2.43480000E-04  6.68490000E-04
2001-11-18T14:35:36.303 -8.67780000E-05 -2.27430000E-04  4.10180000E-04
2001-11-18T14:35:37.303 -1.20490000E-04 -2.58950000E-04  5.60970000E-04
2001-11-18T14:35:40.303 -2.45950000E-04 -2.81760000E-04  4.78750000E-04
