2001-12-19T21:42:50.905 -2.07040000E-04 -3.94390000E-04  4.86160000E-04
2001-12-19T21:42:51.905  9.70820000E-05 -1.27210000E-04  3.76110000E-04
2001-12-19T21:42:52.905 -2.47390000E-04 -2.68040000E-04  6.97880000E-04
2001-12-19T21:42:53.905 -1.43670000E-04 -2.13120000E-04  4.26260000E-04
2001-12-19T21:42:54.905 -2.14500000E-04 -3.51720000E-04  2.33910000E-04
2001-12-19T21:42:55.905  1.04950000E-04 -1.41700000E-04  5.10110000E-04
2001-12-19T21:42:56.905 -1.97580000E-04 -3.70480000E-04  6.66070000E-04
2001-12-19T21:42:57.905 -7.15700000E-05 -1.47690000E-04  2.73770000E-04
2001-12-19T21:42:58.905 -2.03840000E-04 -3.25380000E-04  2.81290000E-04
2001-12-19T21:42:59.905  4.16140000E-05 -1.41720000E-04  5.71410000E-04
2001-12-19T21:43:00.905 -4.86930000E-05 -2.69150000E-04  6.75840000E-04
2001-12-19T21:43:01.905 -9.74540000E-05 -1.77330000E-04  3.48460000E-04
2001-12-19T21:43:02.905 -6.90440000E-05 -2.25970000E-04  2.88860000E-04
2001-12-19T21:43:03.905 -9.15230000E-05 -2.15530000E-04  6.43630000E-04
2001-12-19T21:43:04.905 -2.92510000E-04 -3.23880000E-04  6.05510000E-04
2001-12-19T21:43:05.905  2.48710000E-04 -1.24100000E-04  2.70700000E-04
2001-12-19T21:43:06.905 -3.49650000E-04 -4.87280000E-04  3.95790000E-04
2001-12-19T21:43:07.905  1.34210000E-06 -1.17460000E-04  2.94490000E-04
2001-12-19T21:43:08.905 -2.68370000E-04 -2.10630000E-04  5.78220000E-04
2001-12-19T21:43:09.905 -1.31470000E-04 -2.80080000E-04  3.47180000E-04
2001-12-19T21:43:10.905 -2.78810000E-05 -2.09600000E-04  6.44830000E-04
2001-12-19T21:43:11.905 -2.37430000E-05 -2.90450000E-04  3.75280000E-04
2001-12-19T21:43:12.905 -3.17580000E-04 -2.67340000E-04  3.17950000E-04
2001-12-19T21:43:13.905 -3.55850000E-05 -2.24720000E-04  3.29360000E-04
2001-12-19T21:43:14.905 -1.75480000E-04 -3.76960000E-04  4.89760000E-04
2001-12-19T21:43:15.905  2.41380000E-05 -1.07040000E-04  5.01450000E-04
2001-12-19T21:43:16.905 -2.40140000E-04 -3.29230000E-04  5.90950000E-04
2001-12-19T21:43:17.905 -4.99970000E-05 -7.62900000E-05  3.98630000E-04
2001-12-19T21:43:18.905 -2.13740000E-04 -3.85450000E-04  2.55770000E-04
2001-12-19T21:43:19.905 -3.75740000E-05 -1.46790000E-04  5.45440000E-04
2001-12-19T21:43:20.905 -2.42800000E-04 -2.50970000E-04  5.47250000E-04
2001-12-19T21:43:21.905  8.88600000E-05 -2.28470000E-04  4.84640000E-04
2001-12-19T21:43:22.905 -3.27210000E-04 -4.45630000E-04  2.66140000E-04
2001-12-19T21:43:23.905 -5.70010000E-05 -2.76880000E-05  2.38990000E-04
2001-12-19T21:43:24.905 -1.53740000E-04 -3.26960000E-04  6.13120000E-04
2001-12-19T21:43:25.905 -1.64030000E-04 -1.17200000E-04  3.69080000E-04
2001-12-19T21:43:26.905 -2.24900000E-04 -3.99650000E-04  5.42730000E-04
2001-12-19T21:43:27.905 -5.78500000E-06 -6.35950000E-05  5.67830000E-04
2001-12-19T21:43:28.905 -1.90720000E-04 -3.96020000E-04  3.52800000E-04
2001-12-19T21:43:29.905 -4.29580000E-05 -1.58300000E-04  3.10540000E-04
2001-12-19T21:43:30.905 -1.75870000E-04 -3.97380000E-04  3.52730000E-04
2001-12-19T21:43:31.905 -9.86560000E-05 -2.16090000E-04  5.04360000E-04
2001-12-19T21:43:32.905 -1.43370000E-04 -1.84950000E-04  2.83930000E-04
2001-12-19T21:43:33.905 -1.14380000E-04 -1.84570000E-04  6.37700000E-04
2001-12-19T21:43:34.905 -1.74450000E-04 -4.49310000E-04  4.15250000E-04
2001-12-19T21:43:35.905  4.05360000E-06 -1.47400000E-04  5.40720000E-04
2001-12-19T21:43:36.905 -3.29780000E-04 -2.53300000E-04  4.04600000E-04
2001-12-19T21:43:37.905  1.75650000E-05 -3.03500000E-04  2.06410000E-04
2001-12-19T21:43:38.905 -1.70340000E-04 -2.79590000E-04  4.83660000E-04
2001-12-19T21:43:39.905 -5.91570000E-05 -1.23050000E-04  3.85140000E-04
2001-12-19T21:43:40.905 -1.84590000E-04 -2.51900000E-04  6.63680000E-04
2001-12-19T21:43:41.905  1.30320000E-04 -1.46770000E-04  4.33190000E-04
2001-12-19T21:43:42.905 -1.77020000E-04 -3.05940000E-04  2.60820000E-04
2001-12-19T21:43:43.905 -1.57630000E-05 -2.37730000E-04  3.63160000E-04
2001-12-19T21:43:44.905 -2.59020000E-04 -2.00180000E-04  6.56480000E-04
2001-12-19T21:43:45.905  1.32010000E-04 -2.47630000E-04  2.58540000E-04
2001-12-19T21:43:46.905 -2.74570000E-04 -2.85240000E-04  2.62780000E-04
2001-12-19T21:43:47.905 -4.74500000E-05 -2.67980000E-04  3.54290000E-04
2001-12-19T21:43:48.905 -9.30110000E-05 -2.96350000E-04  4.26820000E-04
2001-12-19T21:43:49.905 -7.66690000E-05 -2.98170000E-04  6.36830000E-04
2001-12-19T21:43:50.905 -1.32210000E-04 -3.75720000E-04  3.47230000E-04
2001-12-19T21:43:51.905 -3.44810000E-05 -1.38700000E-04  3.66210000E-04
2001-12-19T21:43:52.905 -1.55900000E-04 -2.04550000E-04  3.87920000E-04
2001-12-19T21:43:53.905  8.94110000E-05 -3.06540000E-04  5.29860000E-04
2001-12-19T21:43:54.905 -2.39900000E-04 -1.57610000E-04  5.95370000E-04
2001-12-19T21:43:55.905 -3.31190000E-05 -5.43330000E-05  3.76700000E-04
2001-12-19T21:43:56.905 -1.91990000E-04 -4.36060000E-04  2.95600000E-04
2001-12-19T21:43:57.905 -1.35770000E-04 -1.27630000E-04  5.53440000E-04
2001-12-19T21:43:58.905 -1.74480000E-04 -3.12180000E-04  1.29030000E-04
2001-12-19T21:43:59.905 -7.60500000E-05 -1.43110000E-04  7.03010000E-04
2001-12-19T21:44:00.905 -2.88640000E-04 -3.24950000E-04  4.30040000E-04
2001-12-19T21:44:01.905  5.20530000E-05 -2.76500000E-04  4.16320000E-04
2001-12-19T21:44:02.905 -3.55070000E-04 -2.45480000E-04  5.57570000E-04
2001-12-19T21:44:03.905  2.02640000E-05 -6.42000000E-05  2.12290000E-04
2001-12-19T21:44:04.905 -1.90430000E-04 -3.52090000E-04  4.66480000E-04
2001-12-19T21:44:05.905 -1.49650000E-04 -3.01750000E-04  5.38540000E-04
2001-12-19T21:44:06.905 -8.79760000E-05 -2.24620000E-04  4.41060000E-04
2001-12-19T21:44:07.905 -5.98880000E-05 -2.46290000E-05  3.59490000E-04
2001-12-19T21:44:08.905 -1.32910000E-04 -5.08320000E-04  2.81050000E-04
2001-12-19T21:44:09.905  7.88300000E-05 -1.23900000E-04  4.09330000E-04
2001-12-19T21:44:10.905 -2.93960000E-04 -2.06000000E-04  7.27440000E-04
2001-12-19T21:44:11.905  2.44830000E-05 -2.53190000E-04  3.53940000E-04
2001-12-19T21:44:12.905 -7.92040000E-05 -2.63380000E-04  4.46310000E-04
2001-12-19T21:44:13.905 -7.90870000E-05 -2.01410000E-04  4.01850000E-04
2001-12-19T21:44:14.905 -2.44400000E-04 -2.17110000E-04  5.71330000E-04
2001-12-19T21:44:15.905  1.31930000E-05 -1.71010000E-04  2.20660000E-04
2001-12-19T21:44:16.905 -1.97530000E-04 -4.28040000E-04  3.24990000E-04
2001-12-19T21:44:17.905 -4.27230000E-05 -1.38530000E-04  3.16550000E-04
2001-12-19T21:44:18.905 -1.24610000E-04 -3.25960000E-04  5.36930000E-04
2001-12-19T21:44:19.905 -1.15290000E-04 -2.11760000E-04  6.33200000E-04
2001-12-19T21:44:20.905 -9.30090000E-05 -3.10850000E-04  3.69600000E-04
2001-12-19T21:44:21.905 -1.15350000E-04 -1.54240000E-04  4.11790000E-04
2001-12-19T21:44:22.905 -1.45310000E-05 -3.30850000E-04  3.91820000E-04
2001-12-19T21:44:23.905  2.41760000E-05 -1.31830000E-04  3.13210000E-04
2001-12-19T21:44:24.905 -1.06810000E-04 -2.45310000E-04  4.78060000E-04
2001-12-19T21:44:25.905 -5.28380000E-05 -1.71510000E-04  6.22340000E-04
2001-12-19T21:44:26.905 -9.29910000E-05 -2.06870000E-04  6.18030000E-04
2001-12-19T21:44:27.905 -5.55140000E-05 -2.49520000E-04  4.38660000E-04
2001-12-19T21:44:28.905 -2.57000000E-04 -2.27910000E-04  3.78630000E-04
2001-12-19T21:44:29.905  2.88490000E-05 -2.81910000E-04  3.63720000E-04
2001-12-19T21:44:30.905  2.67640000E-05 -3.35910000E-04  1.79280000E-04
2001-12-19T21:44:31.905 -3.01720000E-05 -1.25630000E-04  4.58050000E-04
2001-12-19T21:44:32.905 -1.20480000E-04 -2.12540000E-04  4.57030000E-04
2001-12-19T21:44:33.905 -6.10600000E-05 -1.77440000E-04  3.58070000E-04
2001-12-19T21:44:34.905 -1.58590000E-04 -3.76840000E-04  5.55190000E-04
2001-12-19T21:44:35.905 -1.22940000E-04 -2.00210000E-04  2.64260000E-04
2001-12-19T21:44:36.905 -5.97240000E-05 -2.76840000E-04  5.29060000E-04
2001-12-19T21:44:37.905 -2.16110000E-04 -1.25270000E-04  3.66320000E-04
2001-12-19T21:44:38.905 -2.15400000E-04 -3.14190000E-04  7.79830000E-04
2001-12-19T21:44:39.905  6.76260000E-05 -2.22970000E-04  2.99500000E-04
2001-12-19T21:44:40.905 -2.14210000E-04 -3.35090000E-04  3.10710000E-04
2001-12-19T21:44:41.905  4.69960000E-05 -2.68010000E-04  4.26130000E-04
2001-12-19T21:44:42.905 -1.92800000E-04 -3.10120000E-04  5.09390000E-04
2001-12-19T21:44:43.905  9.42460000E-05 -2.31680000E-04  4.42440000E-04
2001-12-19T21:44:44.905 -2.33760000E-04 -3.25610000E-04  5.13360000E-04
2001-12-19T21:44:45.905 -1.57110000E-04 -1.88290000E-04  4.94840000E-04
2001-12-19T21:44:46.905 -1.72100000E-04 -2.18230000E-04  7.29110000E-04
2001-12-19T21:44:47.905  1.10700000E-04 -1.73440000E-04  3.07540000E-04
2001-12-19T21:44:48.905 -1.94840000E-04 -2.32640000E-04  2.74410000E-04
2001-12-19T21:44:49.905 -2.50650000E-05 -1.51350000E-04  3.41320000E-04
2001-12-19T21:44:50.905 -1.63330000E-04 -4.61150000E-04  2.84180000E-04
2001-12-19T21:44:51.905 -1.26010000E-05 -1.02960000E-04  6.79330000E-04
2001-12-19T21:44:52.905 -1.96640000E-04 -2.55300000E-04  4.43110000E-04
2001-12-19T21:44:53.905 -1.23040000E-05 -3.29340000E-04  4.93470000E-04
2001-12-19T21:44:54.905 -1.76070000E-05 -2.93160000E-04  3.68470000E-04
2001-12-19T21:44:55.905 -1.68740000E-04 -2.59690000E-04  2.11800000E-04
2001-12-19T21:44:56.905  8.98500000E-05 -2.69520000E-04  6.95500000E-04
2001-12-19T21:44:57.905 -1.96050000E-04 -1.07380000E-04  3.05980000E-04
2001-12-19T21:44:58.905 -1.25930000E-04 -2.46720000E-04  5.30870000E-04
2001-12-19T21:44:59.905 -8.21590000E-05 -2.37660000E-04  2.30200000E-04
2001-12-19T21:45:00.905 -1.96260000E-04 -1.34490000E-04  4.46050000E-04
2001-12-19T21:45:01.905 -9.48680000E-05 -3.06010000E-04  2.23520000E-04
2001-12-19T21:45:02.905 -1.46120000E-04 -1.31050000E-04  4.65390000E-04
2001-12-19T21:45:03.905 -9.98830000E-05 -3.47900000E-04  6.48270000E-04
2001-12-19T21:45:04.905 -1.87360000E-04 -2.70480000E-04  5.50750000E-04
2001-12-19T21:45:05.905  1.53510000E-05 -2.34620000E-04  4.36800000E-04
2001-12-19T21:45:06.905 -6.54920000E-05 -1.27710000E-04  4.91350000E-04
2001-12-19T21:45:07.905 -6.66040000E-06 -3.31920000E-04  4.54000000E-05
2001-12-19T21:45:08.905 -9.88530000E-05 -1.69070000E-04  4.56900000E-04
2001-12-19T21:45:09.905 -1.21990000E-04 -2.63730000E-04  4.50280000E-04
2001-12-19T21:45:10.905 -9.66350000E-06 -1.94860000E-04  4.82080000E-04
2001-12-19T21:45:11.905 -1.43060000E-04 -2.66380000E-04  6.79300000E-04
2001-12-19T21:45:12.905 -1.04770000E-04 -2.61470000E-04  5.42820000E-04
2001-12-19T21:45:13.905 -1.13790000E-04 -1.94390000E-04  5.02160000E-04
2001-12-19T21:45:14.905 -1.61960000E-04 -1.39880000E-04  3.41220000E-04
2001-12-19T21:45:15.905 -8.63810000E-05 -3.58670000E-04  2.11460000E-04
2001-12-19T21:45:16.905 -9.28730000E-05 -4.01010000E-05  5.78780000E-04
2001-12-19T21:45:17.905 -1.31850000E-04 -3.28630000E-04  4.14980000E-04
2001-12-19T21:45:18.905 -1.31530000E-04 -1.64990000E-04  4.77380000E-04
2001-12-19T21:45:19.905 -5.35670000E-05 -2.94040000E-04  4.68800000E-04
2001-12-19T21:45:20.905 -8.17760000E-05 -1.51090000E-04  2.17350000E-04
2001-12-19T21:45:21.905 -1.73060000E-04 -3.77340000E-04  3.33130000E-04
2001-12-19T21:45:22.905 -6.34970000E-05 -1.95120000E-04  6.34450000E-04
2001-12-19T21:45:23.905  5.94510000E-06 -3.66890000E-04  4.44450000E-04
2001-12-19T21:45:24.905 -9.40630000E-05 -2.27150000E-04  5.58560000E-04
2001-12-19T21:45:25.905 -9.23550000E-05 -3.23800000E-04  3.07100000E-04
2001-12-19T21:45:26.905 -1.47290000E-04 -2.32620000E-04  3.78100000E-04
2001-12-19T21:45:27.905 -2.71830000E-04 -3.98140000E-04  4.26990000E-04
2001-12-19T21:45:28.905  3.02420000E-05 -1.54060000E-04  5.54160000E-04
2001-12-19T21:45:29.905 -2.13910000E-04 -2.08420000E-04  2.95580000E-04
2001-12-19T21:45:30.905 -2.94560000E-05 -3.16050000E-04  4.53630000E-04
2001-12-19T21:45:31.905 -7.11480000E-05 -4.13960000E-04  3.19100000E-04
2001-12-19T21:45:32.905  3.67280000E-05 -2.43060000E-04  3.72700000E-04
2001-12-19T21:45:33.905  1.88580000E-05 -1.24830000E-04  4.08860000E-04
2001-12-19T21:45:34.905 -1.48400000E-04 -2.75150000E-04  5.14420000E-04
2001-12-19T21:45:35.905 -1.68840000E-04 -3.30880000E-04  6.62140000E-04
2001-12-19T21:45:36.905  5.82200000E-06 -2.24720000E-04  3.78860000E-04
2001-12-19T21:45:37.905 -1.59940000E-04 -3.06840000E-04  3.84230000E-04
2001-12-19T21:45:38.905 -6.63850000E-06 -2.19320000E-04  3.53320000E-04
2001-12-19T21:45:39.905 -2.00450000E-04 -3.55690000E-04  2.29330000E-04
2001-12-19T21:45:40.905  5.43500000E-06 -2.05440000E-04  3.75840000E-04
2001-12-19T21:45:41.905 -2.10550000E-04 -2.30310000E-04  6.33670000E-04
2001-12-19T21:45:42.905  4.82830000E-05 -1.97100000E-04  3.43250000E-04
2001-12-19T21:45:43.905 -1.09800000E-04 -2.97930000E-04  5.24040000E-04
2001-12-19T21:45:44.905 -7.67570000E-05 -3.08480000E-04  4.80210000E-04
2001-12-19T21:45:45.905 -8.56520000E-05 -2.97680000E-04  3.13830000E-04
2001-12-19T21:45:46.905 -3.99030000E-05 -8.67640000E-05  4.73880000E-04
2001-12-19T21:45:47.905 -1.85860000E-04 -2.84820000E-04  2.45790000E-04
2001-12-19T21:45:48.905 -6.81320000E-05 -2.70400000E-04  3.24280000E-04
2001-12-19T21:45:49.905 -1.25810000E-04 -4.40980000E-04  3.64560000E-04
2001-12-19T21:45:50.905  4.89250000E-05 -1.92190000E-04  4.95350000E-04
2001-12-19T21:45:51.905 -1.10460000E-04 -2.41710000E-04  5.38320000E-04
2001-12-19T21:45:52.905 -1.02290000E-04 -1.48650000E-04  2.41540000E-04
2001-12-19T21:45:53.905 -1.32980000E-04 -3.83150000E-04  3.29170000E-04
2001-12-19T21:45:54.905 -2.65870000E-05 -5.97270000E-05  3.92480000E-04
2001-12-19T21:45:55.905 -1.46250000E-04 -3.19880000E-04  3.66850000E-04
2001-12-19T21:45:56.905 -2.75340000E-05 -2.85810000E-04  3.88090000E-04
2001-12-19T21:45:57.905 -1.79940000E-04 -2.34190000E-04  6.24490000E-04
2001-12-19T21:45:58.905  2.19450000E-05 -1.49700000E-04  4.12630000E-04
2001-12-19T21:45:59.905 -5.85770000E-05 -3.12850000E-04  4.52260000E-04
2001-12-19T21:46:00.905 -2.37410000E-05 -2.74690000E-04  6.32800000E-04
2001-12-19T21:46:01.905 -2.38370000E-04 -1.82260000E-04  1.57130000E-04
2001-12-19T21:46:02.905 -1.63190000E-04 -1.78650000E-04  4.91850000E-04
2001-12-19T21:46:03.905 -1.43410000E-04 -4.57150000E-04  2.35140000E-04
2001-12-19T21:46:04.905  5.75900000E-05 -1.50510000E-04  7.26460000E-04
2001-12-19T21:46:05.905 -2.59270000E-04 -3.87980000E-04  5.10510000E-04
2001-12-19T21:46:06.905 -3.38970000E-05 -4.45390000E-05  4.73830000E-04
2001-12-19T21:46:07.905 -2.93250000E-04 -3.47710000E-04  2.35800000E-04
2001-12-19T21:46:08.905  3.98250000E-05 -1.37510000E-04  3.40250000E-04
2001-12-19T21:46:09.905 -2.96290000E-04 -2.61290000E-04  2.94500000E-04
2001-12-19T21:46:10.905 -2.65820000E-05 -2.25430000E-04  4.37000000E-04
2001-12-19T21:46:11.905 -1.63400000E-04 -1.98830000E-04  6.10090000E-04
2001-12-19T21:46:12.905  5.03870000E-05 -3.13640000E-04  5.55650000E-04
2001-12-19T21:46:13.905 -2.84800000E-04 -3.40930000E-04  3.08040000E-04
2001-12-19T21:46:14.905 -1.04950000E-04 -1.50620000E-04  1.70020000E-04
2001-12-19T21:46:15.905 -8.29140000E-05 -2.82670000E-04  5.99200000E-04
2001-12-19T21:46:16.905  5.10630000E-05 -1.42600000E-04  5.51790000E-04
2001-12-19T21:46:17.905 -9.81390000E-05 -2.88500000E-04  3.22170000E-04
2001-12-19T21:46:18.905 -5.66440000E-05 -3.10970000E-04  3.73190000E-04
2001-12-19T21:46:19.905 -7.30010000E-05 -3.11030000E-04  4.19950000E-04
2001-12-19T21:46:20.905  1.94830000E-04 -1.32120000E-04  6.73080000E-04
2001-12-19T21:46:21.905 -2.16350000E-04 -3.30710000E-04  2.25630000E-04
2001-12-19T21:46:22.905 -1.26180000E-04 -1.64000000E-04  3.47840000E-04
2001-12-19T21:46:23.905 -2.04740000E-04 -4.13890000E-04  4.47000000E-04
2001-12-19T21:46:24.905 -1.91130000E-05 -1.29700000E-04  6.12360000E-04
2001-12-19T21:46:25.905 -1.60020000E-04 -3.00970000E-04  3.66910000E-04
2001-12-19T21:46:26.905  4.22310000E-05 -2.84510000E-05  5.43480000E-04
2001-12-19T21:46:27.905 -2.01200000E-04 -4.34100000E-04  3.43080000E-04
2001-12-19T21:46:28.905  8.32270000E-05 -1.70680000E-04  5.47880000E-04
2001-12-19T21:46:29.905 -1.46190000E-04 -2.86270000E-04  2.94540000E-04
2001-12-19T21:46:30.905 -9.55330000E-05 -2.12190000E-04  4.11720000E-04
2001-12-19T21:46:31.905 -1.87570000E-04 -3.40020000E-04  4.98080000E-04
2001-12-19T21:46:32.905  8.76370000E-06 -8.78770000E-05  6.09190000E-04
2001-12-19T21:46:33.905 -2.70180000E-04 -1.85000000E-04  3.79420000E-04
2001-12-19T21:46:34.905 -2.45460000E-05 -2.28150000E-04  5.79310000E-04
2001-12-19T21:46:35.905 -4.63430000E-05 -3.92840000E-04  1.81920000E-04
2001-12-19T21:46:36.905 -1.26900000E-04 -2.28770000E-04  2.07820000E-04
2001-12-19T21:46:37.905 -1.31450000E-04 -2.54010000E-04  7.46260000E-04
2001-12-19T21:46:38.905 -1.77170000E-04 -1.73840000E-04  2.72040000E-04
2001-12-19T21:46:39.905 -1.53560000E-05 -3.53830000E-04  3.24070000E-04
2001-12-19T21:46:40.905 -5.76400000E-06 -2.03900000E-04  3.52550000E-04
2001-12-19T21:46:41.905 -1.66930000E-04 -2.49820000E-04  6.25190000E-04
2001-12-19T21:46:42.905 -5.58600000E-05 -2.23520000E-04  2.03710000E-04
2001-12-19T21:46:43.905 -4.27690000E-06 -2.93430000E-04  2.53950000E-04
2001-12-19T21:46:44.905 -5.36600000E-05 -3.04770000E-04  4.31150000E-04
2001-12-19T21:46:45.905 -2.17190000E-04 -2.98000000E-04  7.66270000E-04
2001-12-19T21:46:46.905 -5.20440000E-05 -1.74180000E-04  1.68270000E-04
2001-12-19T21:46:47.905 -8.88470000E-05 -2.17790000E-04  2.40010000E-04
2001-12-19T21:46:48.905 -1.90840000E-04 -1.99430000E-04  6.99830000E-04
2001-12-19T21:46:49.905  2.36080000E-05 -2.04340000E-04  4.65360000E-04
2001-12-19T21:46:50.905 -1.36180000E-05 -3.51750000E-04  4.24210000E-04
2001-12-19T21:46:51.905 -2.09310000E-04 -2.63370000E-04  2.97850000E-04
2001-12-19T21:46:52.905 -6.72820000E-05 -2.23250000E-04  4.93670000E-04
2001-12-19T21:46:53.905 -1.57970000E-04 -2.16520000E-04  5.21210000E-04
2001-12-19T21:46:54.905 -2.80640000E-06 -2.09460000E-04  4.06760000E-04
2001-12-19T21:46:55.905 -3.27850000E-05 -1.30330000E-04  3.36830000E-04
2001-12-19T21:46:56.905 -1.94290000E-04 -3.45990000E-04  3.24930000E-04
2001-12-19T21:46:57.905 -1.02700000E-04 -2.70920000E-04  3.72640000E-04
2001-12-19T21:46:58.905 -8.06470000E-05 -2.10810000E-04  4.79420000E-04
2001-12-19T21:46:59.905 -1.09700000E-04 -2.84280000E-04  2.83070000E-04
2001-12-19T21:47:00.905 -3.34930000E-05 -2.06830000E-04  7.60060000E-04
2001-12-19T21:47:01.905 -6.04500000E-05 -3.12210000E-04  3.83750000E-04
2001-12-19T21:47:02.905 -2.10800000E-04 -3.28020000E-04  2.16560000E-04
2001-12-19T21:47:03.905 -1.20930000E-04 -1.09250000E-04  5.08170000E-04
2001-12-19T21:47:04.905 -3.02150000E-05 -1.73950000E-04  2.56270000E-04
2001-12-19T21:47:05.905 -1.90270000E-04 -3.93870000E-04  4.05510000E-04
2001-12-19T21:47:06.905 -1.08570000E-04 -2.31220000E-04  5.08940000E-04
2001-12-19T21:47:07.905 -4.98460000E-05 -8.51080000E-05  1.51640000E-04
2001-12-19T21:47:08.905 -1.62360000E-04 -3.38790000E-04  8.26270000E-04
2001-12-19T21:47:09.905 -1.88090000E-04 -1.05490000E-04  2.56240000E-04
2001-12-19T21:47:10.905 -3.75550000E-05 -2.78070000E-04  2.68410000E-04
2001-12-19T21:47:11.905 -1.90720000E-04 -1.33270000E-04  5.75540000E-04
2001-12-19T21:47:12.905 -1.89450000E-04 -3.40430000E-04  4.48390000E-04
2001-12-19T21:47:13.905 -1.06170000E-05 -9.91940000E-05  3.51010000E-04
2001-12-19T21:47:14.905 -1.92470000E-04 -2.80900000E-04  3.51990000E-04
2001-12-19T21:47:15.905 -6.56470000E-06 -2.63210000E-04  3.14940000E-04
2001-12-19T21:47:16.905 -2.13520000E-04 -2.43440000E-04  6.00560000E-04
2001-12-19T21:47:17.905 -1.23420000E-04 -2.12220000E-04  5.06740000E-04
2001-12-19T21:47:18.905 -9.66510000E-05 -2.84770000E-04  4.50170000E-04
2001-12-19T21:47:19.905 -2.11950000E-04 -2.79610000E-04  3.91990000E-04
2001-12-19T21:47:20.905 -1.04940000E-04 -2.71380000E-04  2.49150000E-04
2001-12-19T21:47:21.905 -7.61680000E-05 -4.10070000E-04  5.36740000E-04
2001-12-19T21:47:22.905 -3.34420000E-05 -9.40720000E-05  1.75670000E-04
2001-12-19T21:47:23.905 -1.18870000E-04 -2.87140000E-04  3.21520000E-04
2001-12-19T21:47:24.905 -1.68450000E-04 -3.02280000E-04  4.18900000E-04
2001-12-19T21:47:25.905 -5.33980000E-05 -1.62960000E-04  5.65110000E-04
2001-12-19T21:47:26.905 -1.30670000E-04 -2.21180000E-04  5.04520000E-04
2001-12-19T21:47:27.905 -7.27410000E-05 -1.75740000E-04  4.54520000E-04
2001-12-19T21:47:28.905 -2.65970000E-04 -3.63500000E-04  3.18510000E-04
2001-12-19T21:47:29.905 -3.88340000E-06 -1.96780000E-04  1.62030000E-04
2001-12-19T21:47:30.905 -1.45270000E-04 -2.54020000E-04  5.40750000E-04
2001-12-19T21:47:31.905 -1.41420000E-04 -1.67930000E-04  3.66740000E-04
2001-12-19T21:47:32.905 -1.55580000E-04 -1.50540000E-04  4.27790000E-04
2001-12-19T21:47:33.905  8.01070000E-06 -3.11840000E-04  6.04800000E-04
2001-12-19T21:47:34.905 -2.90470000E-04 -2.08160000E-04  4.93990000E-04
2001-12-19T21:47:35.905 -1.13450000E-05 -1.85800000E-04  2.92330000E-04
2001-12-19T21:47:36.905 -2.18900000E-04 -3.15850000E-04  4.14640000E-04
2001-12-19T21:47:37.905  1.77840000E-04 -8.98500000E-05  2.24340000E-04
2001-12-19T21:47:38.905 -2.20900000E-04 -2.45070000E-04  4.29670000E-04
2001-12-19T21:47:39.905  2.69530000E-06 -5.84910000E-05  5.66280000E-04
2001-12-19T21:47:40.905 -3.06420000E-04 -3.69270000E-04  4.67050000E-04
2001-12-19T21:47:41.905  2.20200000E-05 -1.22610000E-04  2.44690000E-04
2001-12-19T21:47:42.905 -3.39270000E-04 -3.55540000E-04  4.91300000E-04
2001-12-19T21:47:43.905  7.99040000E-07 -2.27760000E-04  6.16840000E-04
2001-12-19T21:47:44.905 -1.06450000E-04 -1.54770000E-04  1.58730000E-04
2001-12-19T21:47:45.905  4.00760000E-05 -1.21940000E-04  4.29840000E-04
2001-12-19T21:47:46.905 -2.05350000E-04 -2.17360000E-04  6.90870000E-04
2001-12-19T21:47:47.905 -6.23600000E-05 -1.59730000E-04  3.06110000E-04
2001-12-19T21:47:48.905 -3.24780000E-04 -2.86790000E-04  5.26580000E-04
2001-12-19T21:47:49.905  1.79820000E-04 -1.03920000E-04  2.37140000E-04
2001-12-19T21:47:50.905 -3.22110000E-04 -4.23660000E-04  2.40500000E-04
2001-12-19T21:47:51.905  7.05940000E-06 -1.27970000E-04  4.61630000E-04
2001-12-19T21:47:52.905 -1.65560000E-04 -2.62690000E-04  7.12540000E-04
2001-12-19T21:47:53.905  7.00870000E-05 -8.24060000E-05  4.69590000E-04
2001-12-19T21:47:54.905 -2.59010000E-04 -2.71600000E-04  3.47790000E-04
2001-12-19T21:47:55.905 -6.70160000E-05 -2.31420000E-04  3.70180000E-04
2001-12-19T21:47:56.905 -2.71290000E-04 -2.52330000E-04  3.17720000E-04
2001-12-19T21:47:57.905  6.92740000E-05 -3.29490000E-04  3.36450000E-04
2001-12-19T21:47:58.905 -2.59370000E-04 -2.42440000E-04  6.09070000E-04
2001-12-19T21:47:59.905  1.94250000E-05 -2.47900000E-05  5.11970000E-04
2001-12-19T21:48:00.905 -5.24420000E-05 -3.16830000E-04  2.45910000E-04
2001-12-19T21:48:01.905  5.74640000E-05 -1.29740000E-04  6.37590000E-04
2001-12-19T21:48:02.905 -2.10660000E-04 -3.26090000E-04  5.45630000E-04
2001-12-19T21:48:03.905  2.07630000E-05 -1.48570000E-04  3.67450000E-04
2001-12-19T21:48:04.905 -1.97000000E-04 -3.58460000E-04  4.44680000E-04
2001-12-19T21:48:05.905 -1.12230000E-04 -2.00120000E-04  2.66470000E-04
2001-12-19T21:48:06.905 -8.58610000E-05 -2.67440000E-04  5.85650000E-04
2001-12-19T21:48:07.905 -1.65230000E-04 -1.16070000E-04  3.20140000E-04
2001-12-19T21:48:08.905 -1.53190000E-04 -3.29440000E-04  3.29240000E-04
2001-12-19T21:48:09.905  5.81540000E-07 -1.27590000E-04  7.77170000E-04
2001-12-19T21:48:10.905 -2.65700000E-04 -2.31360000E-04  4.15570000E-04
2001-12-19T21:48:11.905  7.43110000E-05 -2.39700000E-04  2.28690000E-04
2001-12-19T21:48:12.905 -2.55260000E-04 -1.89280000E-04  6.74530000E-04
2001-12-19T21:48:13.905 -7.58280000E-05 -1.85510000E-04  5.55440000E-04
2001-12-19T21:48:14.905 -3.53550000E-04 -2.05850000E-04  2.27730000E-04
2001-12-19T21:48:15.905  1.27970000E-04 -1.82940000E-04  4.11380000E-04
2001-12-19T21:48:16.905 -2.72800000E-04 -2.74120000E-04  3.07950000E-04
2001-12-19T21:48:17.905  6.00400000E-05 -1.38490000E-04  6.72980000E-04
2001-12-19T21:48:18.905 -2.09400000E-04 -1.43040000E-04  3.21870000E-04
2001-12-19T21:48:19.905 -3.74570000E-05 -1.23470000E-04  3.46630000E-04
2001-12-19T21:48:20.905 -2.07500000E-04 -2.26220000E-04  1.87880000E-04
2001-12-19T21:48:21.905 -8.11210000E-06 -2.72390000E-04  6.14650000E-04
2001-12-19T21:48:22.905 -1.88580000E-04 -2.17890000E-04  6.29800000E-04
2001-12-19T21:48:23.905 -2.52220000E-05 -1.11670000E-04  4.42950000E-04
2001-12-19T21:48:24.905 -8.76510000E-05 -1.56330000E-04  3.19030000E-04
2001-12-19T21:48:25.905 -5.68290000E-05 -2.44840000E-04  1.85650000E-04
2001-12-19T21:48:26.905 -4.01840000E-05 -1.04440000E-04  4.18170000E-04
2001-12-19T21:48:27.905 -1.08150000E-04 -2.02400000E-04  4.93860000E-04
2001-12-19T21:48:28.905 -7.66130000E-05 -1.20060000E-04  7.03000000E-04
2001-12-19T21:48:29.905 -1.20150000E-04 -2.40850000E-04  5.08240000E-04
2001-12-19T21:48:30.905 -5.24160000E-05 -8.74780000E-05  2.18680000E-04
2001-12-19T21:48:31.905 -1.95050000E-04 -3.46500000E-04  2.87280000E-04
2001-12-19T21:48:32.905 -6.10890000E-05 -1.74710000E-04  4.11540000E-04
2001-12-19T21:48:33.905 -1.28270000E-04 -2.35610000E-04  7.23640000E-04
2001-12-19T21:48:34.905  3.59990000E-05 -6.69190000E-05  5.36010000E-04
2001-12-19T21:48:35.905 -1.92440000E-04 -3.30900000E-04  8.62070000E-05
2001-12-19T21:48:36.905 -1.24100000E-04 -6.29600000E-05  5.24730000E-04
2001-12-19T21:48:37.905 -4.78600000E-05 -1.46000000E-04  3.91880000E-04
2001-12-19T21:48:38.905 -3.77900000E-06 -1.25980000E-04  3.93160000E-04
2001-12-19T21:48:39.905 -2.25810000E-04 -2.09890000E-04  4.06330000E-04
2001-12-19T21:48:40.905 -1.32400000E-04 -7.32880000E-05  6.64080000E-04
2001-12-19T21:48:41.905 -6.40410000E-05 -2.21320000E-05  3.37670000E-04
2001-12-19T21:48:42.905 -6.61480000E-05 -2.33420000E-04  5.90060000E-04
2001-12-19T21:48:43.905 -1.18740000E-04 -1.27710000E-04  4.25340000E-04
2001-12-19T21:48:44.905 -6.55710000E-05 -1.47050000E-04  3.97990000E-04
2001-12-19T21:48:45.905 -1.34740000E-04  3.25120000E-05  3.84670000E-04
2001-12-19T21:48:46.905 -1.84210000E-04 -1.88030000E-04  4.12140000E-04
2001-12-19T21:48:47.905 -1.68790000E-04 -5.69930000E-05  7.92260000E-04
2001-12-19T21:48:48.905 -1.55840000E-04 -1.31880000E-04  3.49470000E-04
2001-12-19T21:48:49.905  6.86120000E-05  5.39470000E-05  3.44520000E-04
2001-12-19T21:48:50.905 -2.16190000E-04 -1.81130000E-04  6.38190000E-04
2001-12-19T21:48:51.905  6.95550000E-05  5.10650000E-06  2.47400000E-04
2001-12-19T21:48:52.905 -3.33730000E-04 -3.25620000E-05  4.93350000E-04
2001-12-19T21:48:53.905 -1.08110000E-05  3.40320000E-07  4.16470000E-04
2001-12-19T21:48:54.905 -1.20180000E-04 -4.00570000E-05  7.93520000E-04
2001-12-19T21:48:55.905 -7.21550000E-06  3.34760000E-05  1.98060000E-04
2001-12-19T21:48:56.905 -1.55690000E-04  6.63280000E-07  3.01960000E-04
2001-12-19T21:48:57.905 -1.48540000E-05 -1.41570000E-05  5.19660000E-04
2001-12-19T21:48:58.905 -5.64300000E-05  2.13070000E-04  4.42920000E-04
2001-12-19T21:48:59.905 -2.23340000E-04  1.99380000E-05  5.47000000E-04
2001-12-19T21:49:00.905 -1.81050000E-04 -2.05170000E-05  3.25430000E-04
2001-12-19T21:49:01.905 -1.18540000E-04  1.47240000E-04  5.67510000E-04
2001-12-19T21:49:02.905 -1.00610000E-04  1.32770000E-04  5.68930000E-04
2001-12-19T21:49:03.905 -1.11100000E-05  2.44780000E-04  4.79580000E-04
2001-12-19T21:49:04.905 -2.44480000E-04  1.93260000E-04  2.97000000E-04
2001-12-19T21:49:05.905 -7.79530000E-05  1.97340000E-04  3.80530000E-04
2001-12-19T21:49:06.905 -2.25360000E-04  4.34460000E-05  3.45190000E-04
2001-12-19T21:49:07.905 -2.16350000E-04  2.87210000E-04  5.79190000E-04
2001-12-19T21:49:08.905 -1.43300000E-04  1.41230000E-04  3.12360000E-04
2001-12-19T21:49:09.905 -1.73250000E-04  3.70970000E-04  6.06050000E-04
2001-12-19T21:49:10.905 -8.91240000E-05  3.41280000E-04  5.42400000E-04
2001-12-19T21:49:11.905 -2.27870000E-04  9.19100000E-05  4.57370000E-04
2001-12-19T21:49:12.905 -1.83250000E-04  3.80190000E-04  3.52330000E-04
2001-12-19T21:49:13.905  3.76840000E-05  3.50780000E-04  2.66940000E-04
2001-12-19T21:49:14.905 -2.80700000E-04  3.41680000E-04  5.01160000E-04
2001-12-19T21:49:15.905 -2.66800000E-05  3.45830000E-04  6.55050000E-04
2001-12-19T21:49:16.905 -1.84530000E-04  4.42430000E-04  4.56210000E-04
2001-12-19T21:49:17.905 -2.71740000E-04  4.22010000E-04  3.88870000E-04
2001-12-19T21:49:18.905 -9.43130000E-05  5.56000000E-04  3.75890000E-04
2001-12-19T21:49:19.905 -1.22870000E-04  2.88750000E-04  5.30550000E-04
2001-12-19T21:49:20.905 -2.32480000E-04  4.75990000E-04  7.44070000E-04
2001-12-19T21:49:21.905  1.06440000E-05  6.65670000E-04  4.32550000E-04
2001-12-19T21:49:22.905 -1.74980000E-04  4.19720000E-04  5.41270000E-04
2001-12-19T21:49:23.905 -1.60700000E-04  6.21380000E-04  3.35510000E-04
2001-12-19T21:49:24.905 -7.72880000E-05  5.34490000E-04  2.10910000E-04
2001-12-19T21:49:25.905 -7.50770000E-05  6.43330000E-04  7.13100000E-04
2001-12-19T21:49:26.905 -1.59230000E-04  7.15430000E-04  4.06240000E-04
2001-12-19T21:49:27.905 -1.18070000E-04  8.11170000E-04  4.70740000E-04
2001-12-19T21:49:28.905 -1.12870000E-04  8.11310000E-04  5.49030000E-04
2001-12-19T21:49:29.905 -1.24750000E-04  7.41780000E-04  5.15240000E-04
2001-12-19T21:49:30.905 -1.26060000E-04  9.48530000E-04  7.53080000E-04
2001-12-19T21:49:31.905 -1.12430000E-04  9.50780000E-04 -1.65600000E-05
2001-12-19T21:49:32.905 -1.34240000E-04  1.05670000E-03  6.61950000E-04
2001-12-19T21:49:33.905 -1.92940000E-05  1.16320000E-03  6.31210000E-04
2001-12-19T21:49:34.905 -2.68670000E-04  1.04150000E-03  4.57790000E-04
2001-12-19T21:49:35.905 -5.54400000E-05  1.15560000E-03  3.74610000E-04
2001-12-19T21:49:36.905 -2.45840000E-04  1.24950000E-03  4.64340000E-04
2001-12-19T21:49:37.905  8.71980000E-05  1.44040000E-03  4.82950000E-04
2001-12-19T21:49:38.905 -1.77150000E-04  1.20350000E-03  2.80300000E-04
2001-12-19T21:49:39.905 -2.68230000E-05  1.40880000E-03  6.14540000E-04
2001-12-19T21:49:40.905 -2.53820000E-04  1.30290000E-03  6.81960000E-04
2001-12-19T21:49:41.905 -6.04220000E-05  1.49610000E-03  4.12850000E-04
2001-12-19T21:49:42.905 -2.72200000E-04  1.35280000E-03  2.42270000E-04
2001-12-19T21:49:43.905 -2.87990000E-05  1.54950000E-03  5.24860000E-04
2001-12-19T21:49:44.905 -1.61900000E-04  1.69110000E-03  6.13530000E-04
2001-12-19T21:49:45.905 -1.43050000E-04  1.57990000E-03  2.00100000E-04
2001-12-19T21:49:46.905 -1.62260000E-04  1.60040000E-03  7.12980000E-04
2001-12-19T21:49:47.905 -2.13610000E-04  1.56090000E-03  3.46530000E-04
2001-12-19T21:49:48.905 -1.24340000E-04  1.59160000E-03  7.58730000E-04
2001-12-19T21:49:49.905 -1.60210000E-04  1.50140000E-03  3.52330000E-04
2001-12-19T21:49:50.905 -3.01600000E-04  1.52420000E-03  5.39000000E-04
2001-12-19T21:49:51.905 -1.05310000E-04  1.63020000E-03  4.22030000E-04
2001-12-19T21:49:52.905 -2.52040000E-04  1.75020000E-03  6.47060000E-04
2001-12-19T21:49:53.905 -8.17420000E-05  2.04910000E-03  2.31920000E-04
2001-12-19T21:49:54.905 -1.43360000E-04  1.96530000E-03  5.81660000E-04
2001-12-19T21:49:55.905 -2.67570000E-04  2.26860000E-03  5.51210000E-04
2001-12-19T21:49:56.905 -1.96690000E-04  1.72880000E-03  3.32050000E-04
2001-12-19T21:49:57.905 -1.40720000E-04  1.90470000E-03  6.17820000E-04
2001-12-19T21:49:58.905 -1.28220000E-04  1.97890000E-03  5.79320000E-04
2001-12-19T21:49:59.905 -1.33970000E-04  2.05930000E-03  2.96920000E-04
2001-12-19T21:50:00.905 -8.19300000E-05  2.05480000E-03  5.31610000E-04
2001-12-19T21:50:01.905 -1.19020000E-04  2.54690000E-03  5.67660000E-04
2001-12-19T21:50:02.905 -1.78330000E-04  3.47460000E-03  4.71790000E-04
2001-12-19T21:50:03.905 -2.23380000E-04  4.51170000E-03  4.80460000E-04
2001-12-19T21:50:04.905 -2.71710000E-04  5.24670000E-03  6.69280000E-04
2001-12-19T21:50:05.905 -1.35680000E-04  5.26220000E-03  3.06420000E-04
2001-12-19T21:50:06.905 -2.19920000E-04  5.32550000E-03  8.21090000E-04
2001-12-19T21:50:07.905 -2.74670000E-04  5.40540000E-03  8.12280000E-04
2001-12-19T21:50:08.905 -2.40130000E-04  4.98540000E-03  5.38250000E-04
2001-12-19T21:50:09.905 -2.35360000E-04  4.51360000E-03  1.76300000E-04
2001-12-19T21:50:10.905 -1.42400000E-04  3.09370000E-03  8.58880000E-04
2001-12-19T21:50:11.905 -1.20300000E-04  2.43290000E-03  3.58390000E-04
2001-12-19T21:50:12.905 -1.18320000E-04  2.38460000E-03  3.55400000E-04
2001-12-19T21:50:13.905 -2.54730000E-05  2.58920000E-03  6.47000000E-04
2001-12-19T21:50:14.905 -1.10670000E-04  2.85490000E-03  2.15790000E-04
2001-12-19T21:50:15.905 -3.97180000E-07  3.19150000E-03  5.03470000E-04
2001-12-19T21:50:16.905 -2.66920000E-04  3.05040000E-03  6.96100000E-04
2001-12-19T21:50:17.905 -3.76750000E-05  2.82440000E-03  5.22680000E-04
2001-12-19T21:50:18.905 -7.47900000E-05  3.14330000E-03  5.18160000E-04
2001-12-19T21:50:19.905  1.48300000E-04  2.79550000E-03  3.86260000E-04
2001-12-19T21:50:20.905 -2.43600000E-04  2.84790000E-03  8.40680000E-04
2001-12-19T21:50:21.905 -7.12850000E-05  2.97980000E-03  4.68540000E-04
2001-12-19T21:50:22.905 -1.66710000E-04  2.97410000E-03  4.14030000E-04
2001-12-19T21:50:23.905 -1.48090000E-04  3.44490000E-03  7.69850000E-04
2001-12-19T21:50:24.905 -3.52030000E-04  3.94230000E-03  4.73870000E-04
2001-12-19T21:50:25.905 -7.10680000E-05  4.39710000E-03  3.12620000E-04
2001-12-19T21:50:26.905 -3.27230000E-04  4.75730000E-03  7.82780000E-04
2001-12-19T21:50:27.905 -1.37900000E-04  5.22840000E-03  4.90930000E-04
2001-12-19T21:50:28.905 -2.21940000E-04  5.89260000E-03  3.83290000E-04
2001-12-19T21:50:29.905 -1.94860000E-04  6.14500000E-03  7.64030000E-04
2001-12-19T21:50:30.905 -2.41540000E-05  6.84450000E-03  4.76670000E-04
2001-12-19T21:50:31.905 -2.39460000E-04  7.17940000E-03  8.05080000E-04
2001-12-19T21:50:32.905 -1.55440000E-04  7.28390000E-03  7.20280000E-04
2001-12-19T21:50:33.905 -1.26650000E-04  7.23130000E-03  4.80710000E-04
2001-12-19T21:50:34.905 -1.08960000E-04  7.13660000E-03  9.61850000E-04
2001-12-19T21:50:35.905 -2.49490000E-04  7.45790000E-03  3.06480000E-04
2001-12-19T21:50:36.905 -2.44230000E-04  7.76680000E-03  6.32330000E-04
2001-12-19T21:50:37.905 -2.69140000E-04  8.21740000E-03  8.81450000E-04
2001-12-19T21:50:38.905 -2.50720000E-04  8.20740000E-03  5.64350000E-04
2001-12-19T21:50:39.905 -9.03170000E-05  8.62810000E-03  7.77940000E-04
2001-12-19T21:50:40.905 -3.64700000E-04  8.43650000E-03  6.28020000E-04
2001-12-19T21:50:41.905 -8.57570000E-05  9.11710000E-03  9.74180000E-04
2001-12-19T21:50:42.905 -4.31070000E-04  9.26560000E-03  7.20490000E-04
2001-12-19T21:50:43.905 -3.20380000E-04  9.65000000E-03  6.28630000E-04
2001-12-19T21:50:44.905 -2.29740000E-04  9.70580000E-03  1.18310000E-03
2001-12-19T21:50:45.905 -4.14530000E-04  9.95060000E-03  6.74840000E-04
2001-12-19T21:50:46.905 -4.31560000E-04  1.00720000E-02  1.16510000E-03
2001-12-19T21:50:47.905 -1.17990000E-04  1.02140000E-02  7.32000000E-04
2001-12-19T21:50:48.905 -2.31940000E-04  1.01690000E-02  1.02020000E-03
2001-12-19T21:50:49.905 -4.59670000E-04  1.02790000E-02  6.04850000E-04
2001-12-19T21:50:50.905 -3.67490000E-04  1.03410000E-02  1.01630000E-03
2001-12-19T21:50:51.905 -2.08650000E-04  1.05070000E-02  8.64050000E-04
2001-12-19T21:50:52.905 -1.79020000E-04  1.07050000E-02  8.02800000E-04
2001-12-19T21:50:53.905 -5.30780000E-04  1.06700000E-02  8.18820000E-04
2001-12-19T21:50:54.905 -3.17040000E-04  1.08800000E-02  8.05630000E-04
2001-12-19T21:50:55.905 -1.23750000E-04  1.08320000E-02  9.89960000E-04
2001-12-19T21:50:56.905 -4.48290000E-04  1.01660000E-02  5.61180000E-04
2001-12-19T21:50:57.905 -2.50590000E-04  1.07330000E-02  7.32350000E-04
2001-12-19T21:50:58.905 -3.21880000E-04  1.13600000E-02  1.09450000E-03
2001-12-19T21:50:59.905 -2.74190000E-04  1.07670000E-02  7.51270000E-04
2001-12-19T21:51:00.905 -5.36650000E-04  1.13450000E-02  1.08280000E-03
2001-12-19T21:51:01.905 -3.24500000E-04  1.20910000E-02  5.28620000E-04
2001-12-19T21:51:02.905 -1.76940000E-04  1.23780000E-02  8.36480000E-04
2001-12-19T21:51:03.905 -6.06700000E-04  1.21960000E-02  1.11130000E-03
2001-12-19T21:51:04.905 -2.70210000E-04  1.26270000E-02  4.92670000E-04
2001-12-19T21:51:05.905 -2.78040000E-04  1.30000000E-02  1.21540000E-03
2001-12-19T21:51:06.905 -3.96090000E-05  1.32680000E-02  6.58360000E-04
2001-12-19T21:51:07.905 -6.93880000E-04  1.27030000E-02  6.75390000E-04
2001-12-19T21:51:08.905 -8.49670000E-05  1.31680000E-02  9.22940000E-04
2001-12-19T21:51:09.905 -3.56100000E-04  1.30860000E-02  1.03050000E-03
2001-12-19T21:51:10.905 -1.41830000E-04  1.36140000E-02  7.24170000E-04
2001-12-19T21:51:11.905 -4.03300000E-04  1.34070000E-02  5.54620000E-04
2001-12-19T21:51:12.905 -4.97900000E-04  1.34470000E-02  1.24330000E-03
2001-12-19T21:51:13.905 -1.18420000E-04  1.38930000E-02  7.20130000E-04
2001-12-19T21:51:14.905 -4.58020000E-04  1.37420000E-02  3.55900000E-04
2001-12-19T21:51:15.905 -3.41740000E-04  1.37960000E-02  1.04730000E-03
2001-12-19T21:51:16.905 -3.24070000E-04  1.37130000E-02  6.26350000E-04
2001-12-19T21:51:17.905 -4.61200000E-04  1.41980000E-02  7.90140000E-04
2001-12-19T21:51:18.905 -2.14030000E-04  1.41050000E-02  9.37340000E-04
2001-12-19T21:51:19.905 -4.55370000E-04  1.38550000E-02  6.49490000E-04
2001-12-19T21:51:20.905 -3.72080000E-04  1.38010000E-02  6.55150000E-04
2001-12-19T21:51:21.905 -2.94630000E-04  1.39830000E-02  8.35390000E-04
2001-12-19T21:51:22.905 -2.06920000E-04  1.39530000E-02  6.33180000E-04
2001-12-19T21:51:23.905 -3.05070000E-04  1.39770000E-02  7.70690000E-04
2001-12-19T21:51:24.905 -5.09850000E-04  1.44890000E-02  8.17320000E-04
2001-12-19T21:51:25.905 -2.19360000E-04  1.43930000E-02  6.71390000E-04
2001-12-19T21:51:26.905 -1.95400000E-04  1.42620000E-02  9.19840000E-04
2001-12-19T21:51:27.905 -4.59780000E-04  1.44880000E-02  4.65420000E-04
2001-12-19T21:51:28.905 -2.92830000E-04  1.46460000E-02  8.13170000E-04
2001-12-19T21:51:29.905 -2.82090000E-04  1.44600000E-02  9.07350000E-04
2001-12-19T21:51:30.905 -4.01650000E-04  1.46320000E-02  6.83430000E-04
2001-12-19T21:51:31.905 -1.40420000E-04  1.48090000E-02  1.04650000E-03
2001-12-19T21:51:32.905 -2.51760000E-04  1.47730000E-02  8.15910000E-04
2001-12-19T21:51:33.905 -5.42150000E-04  1.52700000E-02  9.06640000E-04
2001-12-19T21:51:34.905 -2.68550000E-04  1.56870000E-02  9.23160000E-04
2001-12-19T21:51:35.905 -4.92410000E-05  1.58590000E-02  8.91880000E-04
2001-12-19T21:51:36.905 -4.64770000E-04  1.57830000E-02  9.84290000E-04
2001-12-19T21:51:37.905 -2.89290000E-04  1.56480000E-02  6.85330000E-04
2001-12-19T21:51:38.905 -4.25420000E-04  1.53180000E-02  1.01300000E-03
2001-12-19T21:51:39.905 -4.53310000E-04  1.54290000E-02  1.11170000E-03
2001-12-19T21:51:40.905 -3.93060000E-04  1.52680000E-02  9.14210000E-04
2001-12-19T21:51:41.905 -4.70890000E-04  1.54920000E-02  1.15540000E-03
2001-12-19T21:51:42.905 -3.96230000E-04  1.54880000E-02  8.44820000E-04
2001-12-19T21:51:43.905 -3.03320000E-04  1.58740000E-02  9.23220000E-04
2001-12-19T21:51:44.905 -5.51140000E-04  1.61920000E-02  1.02970000E-03
2001-12-19T21:51:45.905 -2.15140000E-04  1.63070000E-02  1.01290000E-03
2001-12-19T21:51:46.905 -6.00060000E-04  1.64050000E-02  9.31880000E-04
2001-12-19T21:51:47.905 -3.50580000E-05  1.69910000E-02  1.29250000E-03
2001-12-19T21:51:48.905 -8.46120000E-04  1.64810000E-02  8.98390000E-04
2001-12-19T21:51:49.905 -3.05800000E-04  1.72390000E-02  6.34810000E-04
2001-12-19T21:51:50.905 -4.77220000E-04  1.70610000E-02  1.41890000E-03
2001-12-19T21:51:51.905 -5.05360000E-04  1.74690000E-02  8.05830000E-04
2001-12-19T21:51:52.905 -7.01380000E-04  1.73780000E-02  9.15260000E-04
2001-12-19T21:51:53.905  1.60570000E-04  1.86530000E-02  1.19880000E-03
2001-12-19T21:51:54.905 -4.20470000E-04  1.83460000E-02  7.51460000E-04
2001-12-19T21:51:55.905 -1.21560000E-03  1.78870000E-02  1.03720000E-03
2001-12-19T21:51:56.905 -7.26960000E-04  1.86580000E-02  1.22640000E-03
2001-12-19T21:51:57.905 -5.15810000E-04  1.93800000E-02  6.87330000E-04
2001-12-19T21:51:58.905 -3.78310000E-04  1.99220000E-02  1.17280000E-03
2001-12-19T21:51:59.905  4.19640000E-04  2.09850000E-02  7.49670000E-04
2001-12-19T21:52:00.905 -6.40730000E-04  2.04560000E-02  1.47950000E-03
2001-12-19T21:52:01.905 -9.72800000E-04  2.02770000E-02  6.60420000E-04
2001-12-19T21:52:02.905 -4.50780000E-04  2.12680000E-02  1.26800000E-03
2001-12-19T21:52:03.905 -2.20630000E-04  2.17040000E-02  6.89860000E-04
2001-12-19T21:52:04.905 -5.69760000E-04  2.14550000E-02  9.79340000E-04
2001-12-19T21:52:05.905 -4.35020000E-04  2.19170000E-02  8.64720000E-04
2001-12-19T21:52:06.905 -2.69840000E-04  2.24340000E-02  6.78390000E-04
2001-12-19T21:52:07.905 -4.16310000E-04  2.25290000E-02  9.80250000E-04
2001-12-19T21:52:08.905 -6.30720000E-04  2.34410000E-02  9.52910000E-04
2001-12-19T21:52:09.905 -3.41760000E-04  2.45720000E-02  1.03370000E-03
2001-12-19T21:52:10.905 -5.24320000E-04  2.52520000E-02  8.28630000E-04
2001-12-19T21:52:11.905 -3.88520000E-04  2.59890000E-02  1.13330000E-03
2001-12-19T21:52:12.905 -3.91650000E-04  2.65890000E-02  9.38680000E-04
2001-12-19T21:52:13.905 -6.72210000E-04  2.69380000E-02  9.88780000E-04
2001-12-19T21:52:14.905 -5.23140000E-04  2.70800000E-02  9.33020000E-04
2001-12-19T21:52:15.905 -4.06870000E-04  2.75530000E-02  8.65170000E-04
2001-12-19T21:52:16.905 -6.48300000E-04  2.86440000E-02  1.26560000E-03
2001-12-19T21:52:17.905 -6.51910000E-04  2.92860000E-02  1.06640000E-03
2001-12-19T21:52:18.905 -6.57050000E-04  2.87640000E-02  9.34970000E-04
2001-12-19T21:52:19.905 -6.12060000E-04  2.82190000E-02  1.34390000E-03
2001-12-19T21:52:20.905 -5.21330000E-04  2.77380000E-02  8.95740000E-04
2001-12-19T21:52:21.905 -6.79790000E-04  2.67760000E-02  1.27880000E-03
2001-12-19T21:52:22.905 -7.98000000E-04  2.61950000E-02  1.21950000E-03
2001-12-19T21:52:23.905 -4.43170000E-04  2.57100000E-02  1.07650000E-03
2001-12-19T21:52:24.905 -8.67790000E-04  2.50200000E-02  1.30930000E-03
2001-12-19T21:52:25.905 -4.76170000E-04  2.49250000E-02  1.04240000E-03
2001-12-19T21:52:26.905 -3.59240000E-04  2.42610000E-02  1.33140000E-03
2001-12-19T21:52:27.905 -7.29070000E-04  2.32580000E-02  9.96410000E-04
2001-12-19T21:52:28.905 -1.76180000E-04  2.31420000E-02  1.00590000E-03
2001-12-19T21:52:29.905 -1.00970000E-03  2.19280000E-02  1.46090000E-03
2001-12-19T21:52:30.905  2.26500000E-05  2.23750000E-02  1.01960000E-03
2001-12-19T21:52:31.905 -1.12760000E-03  2.06500000E-02  9.45590000E-04
2001-12-19T21:52:32.905  3.98750000E-04  2.23430000E-02  1.46210000E-03
2001-12-19T21:52:33.905 -1.09550000E-03  2.08630000E-02  7.94710000E-04
2001-12-19T21:52:34.905 -1.73460000E-04  2.26710000E-02  1.31630000E-03
2001-12-19T21:52:35.905 -5.77480000E-04  2.18320000E-02  8.66210000E-04
2001-12-19T21:52:36.905 -1.62070000E-04  2.14720000E-02  1.04960000E-03
2001-12-19T21:52:37.905 -9.93470000E-04  2.03030000E-02  1.20870000E-03
2001-12-19T21:52:38.905 -2.77430000E-05  2.08830000E-02  9.58220000E-04
2001-12-19T21:52:39.905 -2.70270000E-04  2.15290000E-02  8.15950000E-04
2001-12-19T21:52:40.905 -6.15510000E-04  2.14040000E-02  1.33580000E-03
2001-12-19T21:52:41.905 -2.85790000E-04  2.18140000E-02  7.16470000E-04
2001-12-19T21:52:42.905 -3.49240000E-04  2.19920000E-02  1.36730000E-03
2001-12-19T21:52:43.905 -9.17930000E-04  2.18480000E-02  7.00680000E-04
2001-12-19T21:52:44.905  2.77390000E-04  2.24930000E-02  1.16670000E-03
2001-12-19T21:52:45.905 -1.01320000E-03  2.05610000E-02  8.69030000E-04
2001-12-19T21:52:46.905  5.26280000E-05  2.17470000E-02  8.67730000E-04
2001-12-19T21:52:47.905 -8.25070000E-04  2.13470000E-02  6.53830000E-04
2001-12-19T21:52:48.905 -3.81930000E-04  2.21600000E-02  1.04350000E-03
2001-12-19T21:52:49.905 -7.07870000E-04  2.14080000E-02  9.58190000E-04
2001-12-19T21:52:50.905 -7.68870000E-04  2.00130000E-02  7.21330000E-04
2001-12-19T21:52:51.905 -6.55090000E-04  1.99070000E-02  1.05970000E-03
2001-12-19T21:52:52.905 -4.20090000E-04  2.00120000E-02  7.73860000E-04
2001-12-19T21:52:53.905 -3.57510000E-04  1.99800000E-02  9.39990000E-04
2001-12-19T21:52:54.905 -1.48310000E-05  1.96900000E-02  9.06120000E-04
2001-12-19T21:52:55.905 -9.33040000E-05  1.98170000E-02  9.49350000E-04
2001-12-19T21:52:56.905 -4.10230000E-04  1.98480000E-02  7.21190000E-04
2001-12-19T21:52:57.905 -5.73190000E-04  1.98350000E-02  1.11880000E-03
2001-12-19T21:52:58.905 -7.49290000E-04  2.00320000E-02  8.81610000E-04
2001-12-19T21:52:59.905 -8.02030000E-04  2.00630000E-02  1.11600000E-03
2001-12-19T21:53:00.905 -3.94730000E-04  1.95910000E-02  7.34820000E-04
2001-12-19T21:53:01.905 -1.18180000E-04  1.92350000E-02  7.52510000E-04
2001-12-19T21:53:02.905 -2.67830000E-04  1.90930000E-02  8.08280000E-04
2001-12-19T21:53:03.905 -3.85990000E-04  1.95630000E-02  8.50000000E-04
2001-12-19T21:53:04.905 -7.67070000E-04  1.95440000E-02  1.02130000E-03
2001-12-19T21:53:05.905 -4.21520000E-04  1.92870000E-02  6.20660000E-04
2001-12-19T21:53:06.905 -3.69150000E-04  1.91340000E-02  1.08430000E-03
2001-12-19T21:53:07.905 -3.76380000E-04  1.99120000E-02  9.93580000E-04
2001-12-19T21:53:08.905 -5.92010000E-04  1.94590000E-02  1.02730000E-03
2001-12-19T21:53:09.905 -3.41340000E-04  1.90940000E-02  9.59240000E-04
2001-12-19T21:53:10.905 -4.53860000E-04  1.93370000E-02  9.43080000E-04
2001-12-19T21:53:11.905 -5.37950000E-04  1.98730000E-02  1.16310000E-03
2001-12-19T21:53:12.905 -6.31280000E-04  1.99030000E-02  1.19810000E-03
2001-12-19T21:53:13.905 -2.64730000E-04  1.94260000E-02  1.00310000E-03
2001-12-19T21:53:14.905 -5.34570000E-04  1.97520000E-02  1.04260000E-03
2001-12-19T21:53:15.905 -1.98790000E-04  1.93360000E-02  1.07440000E-03
2001-12-19T21:53:16.905 -4.47920000E-04  1.84480000E-02  8.82560000E-04
2001-12-19T21:53:17.905 -8.75820000E-04  1.78600000E-02  1.26000000E-03
2001-12-19T21:53:18.905 -3.50010000E-04  1.79000000E-02  9.89320000E-04
2001-12-19T21:53:19.905  3.39960000E-04  1.83950000E-02  9.47300000E-04
2001-12-19T21:53:20.905 -8.74000000E-04  1.79950000E-02  1.17930000E-03
2001-12-19T21:53:21.905 -6.62040000E-04  1.73020000E-02  9.66320000E-04
2001-12-19T21:53:22.905  3.80540000E-04  1.85940000E-02  1.15710000E-03
2001-12-19T21:53:23.905 -6.72950000E-04  1.79430000E-02  7.32570000E-04
2001-12-19T21:53:24.905 -9.68400000E-04  1.75370000E-02  1.28170000E-03
2001-12-19T21:53:25.905 -2.08690000E-04  1.86100000E-02  1.06430000E-03
2001-12-19T21:53:26.905  2.01740000E-04  1.87560000E-02  8.05450000E-04
2001-12-19T21:53:27.905 -3.51700000E-04  1.75640000E-02  1.14690000E-03
2001-12-19T21:53:28.905 -1.25500000E-03  1.79160000E-02  1.07650000E-03
2001-12-19T21:53:29.905 -2.41890000E-04  1.87260000E-02  8.40740000E-04
2001-12-19T21:53:30.905 -8.47330000E-06  1.89780000E-02  1.00590000E-03
2001-12-19T21:53:31.905  1.85700000E-05  1.82020000E-02  8.26220000E-04
2001-12-19T21:53:32.905 -7.88630000E-04  1.81350000E-02  8.08330000E-04
2001-12-19T21:53:33.905 -6.61390000E-04  1.75940000E-02  8.81060000E-04
2001-12-19T21:53:34.905 -7.76820000E-05  1.76190000E-02  8.22500000E-04
2001-12-19T21:53:35.905 -9.73920000E-04  1.69900000E-02  1.09530000E-03
2001-12-19T21:53:36.905  1.75580000E-04  1.85770000E-02  7.62760000E-04
2001-12-19T21:53:37.905 -9.18990000E-04  1.67630000E-02  6.22980000E-04
2001-12-19T21:53:38.905  9.50760000E-05  1.73420000E-02  1.09820000E-03
2001-12-19T21:53:39.905 -8.87460000E-04  1.59390000E-02  6.20280000E-04
2001-12-19T21:53:40.905 -3.24270000E-04  1.65370000E-02  9.42530000E-04
2001-12-19T21:53:41.905 -4.51430000E-04  1.64660000E-02  7.55680000E-04
2001-12-19T21:53:42.905 -4.48460000E-04  1.55780000E-02  1.05660000E-03
2001-12-19T21:53:43.905 -1.94960000E-04  1.52900000E-02  5.45020000E-04
2001-12-19T21:53:44.905 -5.75640000E-04  1.52940000E-02  1.15450000E-03
2001-12-19T21:53:45.905 -3.34790000E-04  1.50520000E-02  5.91760000E-04
2001-12-19T21:53:46.905 -4.23280000E-04  1.51880000E-02  8.36840000E-04
2001-12-19T21:53:47.905 -4.49610000E-04  1.52110000E-02  5.90720000E-04
2001-12-19T21:53:48.905 -3.25600000E-04  1.46300000E-02  9.77490000E-04
2001-12-19T21:53:49.905 -3.82090000E-04  1.48110000E-02  7.94680000E-04
2001-12-19T21:53:50.905 -3.44210000E-04  1.47000000E-02  5.48330000E-04
2001-12-19T21:53:51.905 -1.32510000E-04  1.41930000E-02  1.19520000E-03
2001-12-19T21:53:52.905 -2.31110000E-04  1.39740000E-02  5.32380000E-04
2001-12-19T21:53:53.905 -6.05390000E-04  1.35280000E-02  8.15310000E-04
2001-12-19T21:53:54.905 -3.41160000E-04  1.33620000E-02  1.08970000E-03
2001-12-19T21:53:55.905 -1.42510000E-04  1.32840000E-02  5.30080000E-04
2001-12-19T21:53:56.905 -4.23720000E-04  1.19340000E-02  1.00660000E-03
2001-12-19T21:53:57.905 -3.36790000E-04  1.18610000E-02  6.91460000E-04
2001-12-19T21:53:58.905 -1.38350000E-04  1.22110000E-02  5.85640000E-04
2001-12-19T21:53:59.905 -3.94210000E-04  1.19610000E-02  1.08480000E-03
2001-12-19T21:54:00.905 -3.02080000E-04  1.20540000E-02  5.63930000E-04
2001-12-19T21:54:01.905 -1.06850000E-04  1.17010000E-02  7.31100000E-04
2001-12-19T21:54:02.905 -3.46330000E-04  1.16210000E-02  7.25530000E-04
2001-12-19T21:54:03.905 -2.14530000E-04  1.16440000E-02  7.82860000E-04
2001-12-19T21:54:04.905 -1.95000000E-04  1.12310000E-02  9.32100000E-04
2001-12-19T21:54:05.905  6.97070000E-07  1.09240000E-02  8.71840000E-04
2001-12-19T21:54:06.905 -2.24000000E-04  1.08970000E-02  7.04260000E-04
2001-12-19T21:54:07.905 -1.84680000E-04  1.07350000E-02  1.06330000E-03
2001-12-19T21:54:08.905 -2.73800000E-04  1.05790000E-02  5.20200000E-04
2001-12-19T21:54:09.905 -3.09790000E-04  1.06460000E-02  1.10320000E-03
2001-12-19T21:54:10.905 -5.34660000E-05  1.04850000E-02  1.09820000E-03
2001-12-19T21:54:11.905 -1.25140000E-04  1.04380000E-02  6.38530000E-04
2001-12-19T21:54:12.905 -1.90430000E-04  1.00880000E-02  1.08330000E-03
2001-12-19T21:54:13.905 -2.09830000E-04  8.98690000E-03  5.56180000E-04
2001-12-19T21:54:14.905 -2.48670000E-04  7.60520000E-03  6.73860000E-04
2001-12-19T21:54:15.905 -4.39480000E-04  7.25730000E-03  9.82210000E-04
2001-12-19T21:54:16.905 -3.24370000E-04  7.09600000E-03  5.23160000E-04
2001-12-19T21:54:17.905 -1.14290000E-05  8.92780000E-03  7.99980000E-04
2001-12-19T21:54:18.905 -4.10830000E-04  8.08990000E-03  1.08700000E-03
2001-12-19T21:54:19.905 -1.92940000E-04  7.37000000E-03  5.09570000E-04
2001-12-19T21:54:20.905 -2.57250000E-04  7.11520000E-03  6.64390000E-04
2001-12-19T21:54:21.905 -4.62230000E-04  6.66300000E-03  7.87620000E-04
2001-12-19T21:54:22.905 -5.19230000E-04  6.81050000E-03  8.02120000E-04
2001-12-19T21:54:23.905 -3.07470000E-04  7.01280000E-03  6.21770000E-04
2001-12-19T21:54:24.905 -1.14510000E-04  7.01480000E-03  5.68880000E-04
2001-12-19T21:54:25.905 -1.53670000E-04  8.22720000E-03  9.13260000E-04
2001-12-19T21:54:26.905 -3.52460000E-04  9.51680000E-03  8.32920000E-04
2001-12-19T21:54:27.905 -1.74870000E-04  9.04040000E-03  5.80070000E-04
2001-12-19T21:54:28.905 -4.12100000E-04  1.02110000E-02  1.12120000E-03
2001-12-19T21:54:29.905 -1.73720000E-04  1.01950000E-02  5.15410000E-04
2001-12-19T21:54:30.905 -2.64180000E-04  1.08780000E-02  1.05160000E-03
2001-12-19T21:54:31.905 -6.83860000E-05  1.09830000E-02  5.13700000E-04
2001-12-19T21:54:32.905 -3.30350000E-04  1.01640000E-02  6.68290000E-04
2001-12-19T21:54:33.905 -2.04910000E-04  1.00240000E-02  7.29510000E-04
2001-12-19T21:54:34.905 -3.23510000E-04  9.55760000E-03  5.11980000E-04
2001-12-19T21:54:35.905 -1.03710000E-04  9.42690000E-03  5.65960000E-04
2001-12-19T21:54:36.905 -1.25490000E-04  8.66410000E-03  8.96310000E-04
2001-12-19T21:54:37.905 -3.09490000E-04  8.25440000E-03  5.66110000E-04
2001-12-19T21:54:38.905 -2.12720000E-04  8.55420000E-03  6.37010000E-04
2001-12-19T21:54:39.905 -4.83820000E-04  7.73920000E-03  2.56250000E-04
2001-12-19T21:54:40.905 -2.44610000E-04  7.86270000E-03  8.40110000E-04
2001-12-19T21:54:41.905 -1.49470000E-04  7.69180000E-03  6.40200000E-04
2001-12-19T21:54:42.905 -2.94600000E-04  7.45460000E-03  3.29290000E-04
2001-12-19T21:54:43.905 -1.42240000E-04  7.42520000E-03  9.98000000E-04
2001-12-19T21:54:44.905 -2.19850000E-04  7.17670000E-03  3.73510000E-04
2001-12-19T21:54:45.905 -1.20210000E-04  6.96090000E-03  6.34450000E-04
2001-12-19T21:54:46.905 -3.93110000E-04  6.85560000E-03  8.17300000E-04
2001-12-19T21:54:47.905 -6.17300000E-05  6.54390000E-03  1.65280000E-04
2001-12-19T21:54:48.905 -3.36250000E-04  6.34840000E-03  8.45930000E-04
2001-12-19T21:54:49.905 -2.56820000E-04  6.30560000E-03  6.07620000E-04
2001-12-19T21:54:50.905 -1.89850000E-04  5.90840000E-03  4.18510000E-04
2001-12-19T21:54:51.905 -3.24150000E-04  5.82250000E-03  5.90140000E-04
2001-12-19T21:54:52.905 -1.34160000E-04  5.57030000E-03  5.37410000E-04
2001-12-19T21:54:53.905 -3.07610000E-04  5.12820000E-03  2.41060000E-04
2001-12-19T21:54:54.905 -1.16770000E-04  5.36380000E-03  9.72680000E-04
2001-12-19T21:54:55.905 -4.01250000E-05  5.12410000E-03  3.48200000E-04
2001-12-19T21:54:56.905 -2.72990000E-04  4.86730000E-03  7.38030000E-04
2001-12-19T21:54:57.905 -1.48660000E-04  4.92520000E-03  5.80770000E-04
2001-12-19T21:54:58.905 -4.13610000E-05  4.62960000E-03  2.82220000E-04
2001-12-19T21:54:59.905 -2.33270000E-04  4.22440000E-03  1.00780000E-03
2001-12-19T21:55:00.905 -4.53240000E-05  4.21630000E-03  4.38350000E-04
2001-12-19T21:55:01.905 -1.52330000E-04  3.98500000E-03  4.94720000E-04
2001-12-19T21:55:02.905 -8.39930000E-05  4.05020000E-03  8.99470000E-04
2001-12-19T21:55:03.905 -3.28670000E-04  4.03470000E-03  3.47200000E-04
2001-12-19T21:55:04.905 -6.21410000E-05  4.04940000E-03  4.53580000E-04
2001-12-19T21:55:05.905 -3.38460000E-04  3.68730000E-03  7.04370000E-04
2001-12-19T21:55:06.905 -3.39010000E-05  3.73480000E-03  1.96850000E-04
2001-12-19T21:55:07.905 -4.98320000E-04  3.58130000E-03  8.37730000E-04
2001-12-19T21:55:08.905 -3.52350000E-05  3.49190000E-03  4.34190000E-04
2001-12-19T21:55:09.905 -2.63330000E-04  3.55820000E-03  3.28330000E-04
2001-12-19T21:55:10.905  7.82960000E-06  3.33230000E-03  8.69310000E-04
2001-12-19T21:55:11.905 -1.96240000E-04  3.38950000E-03  3.68760000E-04
2001-12-19T21:55:12.905 -1.36680000E-04  3.32590000E-03  5.13840000E-04
2001-12-19T21:55:13.905 -1.59710000E-04  3.13320000E-03  8.42370000E-04
2001-12-19T21:55:14.905 -1.85750000E-04  3.26940000E-03  5.03570000E-04
2001-12-19T21:55:15.905 -1.39720000E-04  3.46150000E-03  5.23570000E-04
2001-12-19T21:55:16.905 -2.10260000E-04  3.05850000E-03  6.46880000E-04
2001-12-19T21:55:17.905 -4.05920000E-04  3.04650000E-03  6.60630000E-04
2001-12-19T21:55:18.905 -1.17170000E-04  3.03480000E-03  4.42370000E-04
2001-12-19T21:55:19.905  3.14240000E-05  3.03720000E-03  3.86690000E-04
2001-12-19T21:55:20.905 -1.29750000E-04  2.95470000E-03  1.02310000E-03
2001-12-19T21:55:21.905 -2.04280000E-04  3.03690000E-03  4.11170000E-04
2001-12-19T21:55:22.905 -1.00570000E-04  2.73500000E-03  4.87640000E-04
2001-12-19T21:55:23.905 -1.99490000E-04  2.63770000E-03  5.62720000E-04
2001-12-19T21:55:24.905 -5.31590000E-05  2.34500000E-03  3.18960000E-04
2001-12-19T21:55:25.905 -2.47800000E-04  2.61300000E-03  8.83750000E-04
2001-12-19T21:55:26.905 -9.47750000E-05  2.58350000E-03  3.52160000E-04
2001-12-19T21:55:27.905 -1.18200000E-04  2.61000000E-03  6.48940000E-04
2001-12-19T21:55:28.905 -2.03870000E-04  2.43770000E-03  6.81080000E-04
2001-12-19T21:55:29.905 -8.59210000E-05  2.16840000E-03  4.27650000E-04
2001-12-19T21:55:30.905 -2.78150000E-04  2.19960000E-03  6.66510000E-04
2001-12-19T21:55:31.905 -1.48940000E-04  2.02690000E-03  6.94600000E-04
2001-12-19T21:55:32.905 -1.10040000E-05  1.92350000E-03  3.23510000E-04
2001-12-19T21:55:33.905 -1.62610000E-04  1.86450000E-03  7.21120000E-04
2001-12-19T21:55:34.905 -2.32880000E-04  1.69850000E-03  3.88720000E-04
2001-12-19T21:55:35.905 -4.99840000E-05  1.64280000E-03  4.57140000E-04
2001-12-19T21:55:36.905 -2.18300000E-04  1.58620000E-03  6.68830000E-04
2001-12-19T21:55:37.905 -8.64790000E-05  1.35370000E-03  4.87600000E-04
2001-12-19T21:55:38.905 -2.02680000E-04  1.23750000E-03  4.38530000E-04
2001-12-19T21:55:39.905 -1.71390000E-04  1.02620000E-03  5.20580000E-04
2001-12-19T21:55:40.905 -6.29050000E-06  9.90890000E-04  6.13170000E-04
2001-12-19T21:55:41.905 -1.76560000E-04  6.68840000E-04  3.58150000E-04
2001-12-19T21:55:42.905 -3.33760000E-04  7.19740000E-04  5.01960000E-04
2001-12-19T21:55:43.905 -4.52750000E-05  7.47300000E-04  4.80970000E-04
2001-12-19T21:55:44.905 -3.10260000E-04  6.67850000E-04  4.84550000E-04
2001-12-19T21:55:45.905 -8.57820000E-05  5.42000000E-04  5.27210000E-04
2001-12-19T21:55:46.905 -1.39970000E-04  5.71510000E-04  4.82280000E-04
2001-12-19T21:55:47.905 -9.76590000E-05  6.40280000E-04  4.09750000E-04
2001-12-19T21:55:48.905 -2.32450000E-04  4.52880000E-04  6.35650000E-04
2001-12-19T21:55:49.905 -1.44670000E-04  3.66030000E-04  4.17660000E-04
2001-12-19T21:55:50.905 -1.92390000E-04  5.45990000E-04  6.30890000E-04
2001-12-19T21:55:51.905 -8.81510000E-05  2.85510000E-04  4.72400000E-04
2001-12-19T21:55:52.905 -9.92920000E-05  4.92250000E-04  3.32280000E-04
2001-12-19T21:55:53.905 -3.24100000E-05  2.10600000E-04  7.05610000E-04
2001-12-19T21:55:54.905 -3.16790000E-04  1.19610000E-04  2.26610000E-04
2001-12-19T21:55:55.905  1.42550000E-04  3.64250000E-04  3.57540000E-04
2001-12-19T21:55:56.905 -3.18980000E-04  2.02150000E-04  7.61210000E-04
2001-12-19T21:55:57.905 -8.10660000E-05  2.84800000E-04  4.02340000E-04
2001-12-19T21:55:58.905 -2.29230000E-04  2.22620000E-04  5.75530000E-04
2001-12-19T21:55:59.905 -1.90400000E-04  1.16900000E-04  5.45280000E-04
2001-12-19T21:56:00.905 -5.03000000E-05  2.37030000E-04  3.71340000E-04
2001-12-19T21:56:01.905 -9.74920000E-05  1.22390000E-04  6.37450000E-04
2001-12-19T21:56:02.905 -2.01720000E-04  3.08930000E-04  6.49890000E-04
2001-12-19T21:56:03.905 -2.12960000E-04  5.75650000E-05  9.58750000E-05
2001-12-19T21:56:04.905 -1.49580000E-04  6.60090000E-05  4.40440000E-04
2001-12-19T21:56:05.905  3.14350000E-05  2.80610000E-04  6.39750000E-04
2001-12-19T21:56:06.905 -2.76780000E-04 -7.12500000E-05  1.74570000E-04
2001-12-19T21:56:07.905 -2.57860000E-05  1.09860000E-04  5.54280000E-04
2001-12-19T21:56:08.905 -2.29820000E-04 -3.82990000E-05  5.31250000E-04
2001-12-19T21:56:09.905 -2.90280000E-05  1.79270000E-05  2.95310000E-04
2001-12-19T21:56:10.905 -2.67550000E-04  1.05750000E-04  5.02740000E-04
2001-12-19T21:56:11.905 -1.46000000E-04 -1.46160000E-04  3.32860000E-04
2001-12-19T21:56:12.905 -8.97910000E-05  1.28450000E-04  4.54430000E-04
2001-12-19T21:56:13.905 -1.93230000E-04 -2.59960000E-05  6.78660000E-04
2001-12-19T21:56:14.905 -1.39100000E-05 -4.15720000E-05  4.59430000E-04
2001-12-19T21:56:15.905 -1.90370000E-04 -1.12440000E-04  5.84570000E-04
2001-12-19T21:56:16.905 -4.49660000E-05 -4.04750000E-05  3.17260000E-04
2001-12-19T21:56:17.905 -2.59000000E-04 -1.60010000E-05  3.74000000E-04
2001-12-19T21:56:18.905 -1.01720000E-04  6.81700000E-05  5.68970000E-04
2001-12-19T21:56:19.905 -8.16560000E-05 -1.35530000E-04  2.79840000E-04
2001-12-19T21:56:20.905 -1.31200000E-04 -6.37060000E-05  7.31090000E-04
2001-12-19T21:56:21.905 -1.43570000E-04  7.44120000E-05  3.05620000E-04
2001-12-19T21:56:22.905 -1.90930000E-04 -1.24260000E-04  4.70870000E-04
2001-12-19T21:56:23.905 -2.36460000E-06 -4.13850000E-05  6.34070000E-04
2001-12-19T21:56:24.905 -1.66870000E-04 -1.42080000E-04  3.63080000E-04
2001-12-19T21:56:25.905 -1.23950000E-04 -1.29310000E-04  4.84860000E-04
2001-12-19T21:56:26.905 -4.02490000E-04 -1.25150000E-04  5.24600000E-04
2001-12-19T21:56:27.905  5.88670000E-05  2.16120000E-05  2.67770000E-04
2001-12-19T21:56:28.905 -2.79350000E-04 -1.82400000E-04  5.35340000E-04
2001-12-19T21:56:29.905  1.02440000E-04 -1.51630000E-04  5.11640000E-04
2001-12-19T21:56:30.905 -2.29120000E-04 -4.34920000E-05  2.16490000E-04
2001-12-19T21:56:31.905  1.99310000E-05 -4.57410000E-05  4.60020000E-04
2001-12-19T21:56:32.905 -1.72790000E-04 -3.08420000E-04  2.98450000E-04
2001-12-19T21:56:33.905 -1.11560000E-04 -5.59470000E-05  6.65480000E-04
2001-12-19T21:56:34.905 -2.45660000E-04 -9.27150000E-05  2.73080000E-04
2001-12-19T21:56:35.905 -1.03020000E-04 -5.21070000E-05  4.76430000E-04
2001-12-19T21:56:36.905  2.66550000E-05 -2.42030000E-04  4.82690000E-04
2001-12-19T21:56:37.905 -1.16710000E-04 -2.06880000E-04  5.77490000E-04
2001-12-19T21:56:38.905 -1.50870000E-04 -1.18730000E-04  5.79110000E-04
2001-12-19T21:56:39.905 -2.72670000E-04 -1.21630000E-04  4.33610000E-04
2001-12-19T21:56:40.905 -1.03100000E-04 -1.15340000E-04  3.28120000E-04
2001-12-19T21:56:41.905 -1.03390000E-04 -2.03580000E-04  2.81490000E-04
2001-12-19T21:56:42.905 -1.25630000E-04 -1.68550000E-04  6.61090000E-04
2001-12-19T21:56:43.905 -1.64860000E-04 -2.34500000E-04  9.50550000E-05
2001-12-19T21:56:44.905 -2.83590000E-04 -1.75710000E-04  4.15620000E-04
2001-12-19T21:56:45.905 -1.53400000E-04 -2.15820000E-04  5.68630000E-04
2001-12-19T21:56:46.905 -7.42830000E-05 -2.22520000E-04  5.81050000E-04
2001-12-19T21:56:47.905 -1.20120000E-04 -1.69450000E-04  2.65740000E-04
2001-12-19T21:56:48.905 -4.78630000E-05 -1.74360000E-04  3.75330000E-04
2001-12-19T21:56:49.905 -1.11920000E-04 -2.09110000E-04  3.92980000E-04
2001-12-19T21:56:50.905 -1.27300000E-04 -8.32390000E-05  8.03370000E-04
2001-12-19T21:56:51.905 -2.08380000E-04 -2.44800000E-04  2.47380000E-04
2001-12-19T21:56:52.905 -8.68770000E-05 -8.50380000E-05  5.68990000E-04
2001-12-19T21:56:53.905 -1.68200000E-04 -2.52480000E-04  5.23540000E-04
2001-12-19T21:56:54.905 -1.24850000E-04 -2.06500000E-04  2.10060000E-04
2001-12-19T21:56:55.905 -1.57960000E-04 -1.67160000E-04  6.95880000E-04
2001-12-19T21:56:56.905 -1.69770000E-04 -1.37140000E-04  2.22280000E-04
2001-12-19T21:56:57.905 -1.56750000E-04 -2.67430000E-04  5.20480000E-04
2001-12-19T21:56:58.905  4.44100000E-05 -2.44420000E-05  4.74950000E-04
2001-12-19T21:56:59.905 -2.87240000E-04 -3.25860000E-04  1.80030000E-04
2001-12-19T21:57:00.905 -1.52960000E-04 -2.15140000E-04  7.59140000E-04
2001-12-19T21:57:01.905 -1.63300000E-04 -2.56380000E-04  2.81050000E-04
2001-12-19T21:57:02.905 -1.48960000E-04 -1.72930000E-04  5.62560000E-04
2001-12-19T21:57:03.905 -1.00520000E-04 -1.55380000E-04  6.28580000E-04
2001-12-19T21:57:04.905  1.29860000E-05 -1.15380000E-04  2.29670000E-04
2001-12-19T21:57:05.905 -2.86420000E-04 -2.37970000E-04  4.57840000E-04
2001-12-19T21:57:06.905 -7.49170000E-05 -1.35440000E-04  4.57510000E-04
2001-12-19T21:57:07.905 -1.74940000E-04 -5.61930000E-05  4.96360000E-04
2001-12-19T21:57:08.905 -1.67560000E-04 -1.66730000E-04  2.44880000E-04
2001-12-19T21:57:09.905 -1.74540000E-04 -2.14730000E-04  2.63010000E-04
2001-12-19T21:57:10.905 -5.43040000E-05 -6.30990000E-05  3.63250000E-04
2001-12-19T21:57:11.905 -3.05060000E-04 -2.91830000E-04  4.99380000E-04
2001-12-19T21:57:12.905 -1.91550000E-05 -7.42660000E-05  4.36130000E-04
2001-12-19T21:57:13.905 -2.03300000E-04 -2.59580000E-04  3.62570000E-04
2001-12-19T21:57:14.905 -6.40490000E-05 -1.70800000E-05  5.74860000E-04
2001-12-19T21:57:15.905 -2.37090000E-04 -2.31660000E-04  5.89380000E-04
2001-12-19T21:57:16.905 -4.55130000E-05 -1.83140000E-04  3.64030000E-04
2001-12-19T21:57:17.905 -2.71850000E-04 -2.34310000E-04  6.38490000E-04
2001-12-19T21:57:18.905 -3.87090000E-05 -1.84720000E-04  4.75440000E-04
2001-12-19T21:57:19.905 -2.72450000E-04 -3.19030000E-04  3.47130000E-04
2001-12-19T21:57:20.905  5.87030000E-06 -4.19980000E-05  2.43220000E-04
2001-12-19T21:57:21.905 -3.05240000E-04 -3.23990000E-04  4.06780000E-04
2001-12-19T21:57:22.905  9.14150000E-05 -2.12440000E-04  7.12020000E-04
2001-12-19T21:57:23.905 -2.81890000E-04 -2.08100000E-04  2.72560000E-04
2001-12-19T21:57:24.905 -3.76660000E-05 -2.61900000E-04  3.82860000E-04
2001-12-19T21:57:25.905 -2.96630000E-04 -2.32540000E-04  6.78520000E-04
2001-12-19T21:57:26.905  2.90990000E-05 -1.47270000E-04  2.96630000E-04
2001-12-19T21:57:27.905 -1.75700000E-04 -3.06640000E-04  2.16380000E-04
2001-12-19T21:57:28.905 -1.54730000E-04 -1.34480000E-04  5.21150000E-04
2001-12-19T21:57:29.905 -1.95110000E-04 -3.87450000E-04  4.99650000E-04
2001-12-19T21:57:30.905 -8.76010000E-05 -1.65350000E-04  3.90580000E-04
2001-12-19T21:57:31.905 -2.95760000E-04 -3.22140000E-04  4.51910000E-04
2001-12-19T21:57:32.905  2.96170000E-05 -1.54740000E-04  8.83980000E-04
2001-12-19T21:57:33.905 -1.50250000E-04 -1.75590000E-04  4.55640000E-04
2001-12-19T21:57:34.905 -1.64200000E-04 -2.89450000E-04  2.78060000E-04
2001-12-19T21:57:35.905 -2.06770000E-04 -3.50680000E-04  3.76200000E-04
2001-12-19T21:57:36.905 -4.25300000E-05 -1.91430000E-04  3.64020000E-04
2001-12-19T21:57:37.905 -3.28050000E-04 -1.90100000E-04  6.74880000E-04
2001-12-19T21:57:38.905 -4.94240000E-05 -1.06070000E-04  8.23770000E-05
2001-12-19T21:57:39.905 -1.37460000E-04 -3.61970000E-04  7.75710000E-04
2001-12-19T21:57:40.905 -8.28450000E-05 -1.41750000E-04  3.73970000E-04
2001-12-19T21:57:41.905 -2.43590000E-04 -3.29190000E-04  3.14610000E-04
2001-12-19T21:57:42.905 -1.08150000E-04 -8.52020000E-05  5.95450000E-04
2001-12-19T21:57:43.905 -2.12260000E-04 -3.62390000E-04  4.58310000E-04
2001-12-19T21:57:44.905 -1.39040000E-04 -9.58460000E-05  4.90180000E-04
2001-12-19T21:57:45.905 -6.71560000E-05 -3.19230000E-04  2.33940000E-04
2001-12-19T21:57:46.905 -1.69870000E-04 -1.99300000E-04  6.08610000E-04
2001-12-19T21:57:47.905 -1.70230000E-04 -2.45980000E-04  4.21140000E-04
2001-12-19T21:57:48.905 -6.75490000E-06 -2.00650000E-04  3.06620000E-04
2001-12-19T21:57:49.905 -1.73540000E-04 -2.39600000E-04  6.12420000E-04
2001-12-19T21:57:50.905 -1.50810000E-04 -2.33190000E-04  5.46790000E-04
2001-12-19T21:57:51.905 -2.20010000E-04 -1.89110000E-04  3.27980000E-04
2001-12-19T21:57:52.905 -2.13390000E-04 -1.13630000E-04  4.88290000E-04
2001-12-19T21:57:53.905 -7.67280000E-05 -2.61020000E-04  3.59700000E-04
2001-12-19T21:57:54.905 -4.06130000E-05 -1.62020000E-04  5.37180000E-04
2001-12-19T21:57:55.905 -1.94480000E-04 -2.87620000E-04  3.96430000E-04
2001-12-19T21:57:56.905 -1.64350000E-04 -1.73310000E-04  3.71370000E-04
2001-12-19T21:57:57.905 -2.84620000E-04 -1.69510000E-04  6.40020000E-04
2001-12-19T21:57:58.905 -8.37870000E-05 -1.67890000E-04  3.42370000E-04
2001-12-19T21:57:59.905 -1.43410000E-04 -2.31580000E-04  1.63470000E-04
2001-12-19T21:58:00.905 -2.24670000E-04 -2.47140000E-04  6.87970000E-04
2001-12-19T21:58:01.905 -1.66700000E-04 -2.30680000E-04  5.31810000E-04
2001-12-19T21:58:02.905 -1.24750000E-04 -2.31480000E-04  3.73470000E-04
2001-12-19T21:58:03.905 -9.33280000E-05 -3.16960000E-04  6.43700000E-04
2001-12-19T21:58:04.905 -1.50340000E-04 -2.44260000E-04  7.47100000E-04
2001-12-19T21:58:05.905 -2.02650000E-04 -2.70850000E-04  3.79900000E-04
2001-12-19T21:58:06.905 -1.26810000E-04 -5.21220000E-05  4.21570000E-04
2001-12-19T21:58:07.905 -1.47850000E-05 -1.77760000E-04  5.37070000E-04
2001-12-19T21:58:08.905 -1.05000000E-04 -2.11530000E-04  2.07700000E-04
2001-12-19T21:58:09.905 -1.89520000E-04 -2.17580000E-04  3.16550000E-04
2001-12-19T21:58:10.905 -7.00070000E-05 -7.35720000E-05  7.46610000E-04
2001-12-19T21:58:11.905 -3.59070000E-04 -4.37670000E-04  4.94450000E-04
2001-12-19T21:58:12.905 -6.76030000E-05  2.30620000E-05  2.92480000E-04
2001-12-19T21:58:13.905 -1.78490000E-04 -2.89900000E-04  6.53130000E-04
2001-12-19T21:58:14.905 -2.05070000E-04 -7.57750000E-05  6.10220000E-04
2001-12-19T21:58:15.904 -1.35410000E-04 -3.38050000E-04  2.98280000E-04
2001-12-19T21:58:16.904 -5.26950000E-05 -2.45430000E-04  5.02650000E-04
2001-12-19T21:58:17.904 -1.15090000E-04 -1.30680000E-04  4.62220000E-04
2001-12-19T21:58:18.904 -1.22850000E-04 -2.60240000E-04  6.52090000E-04
2001-12-19T21:58:19.904 -1.13090000E-04 -1.63250000E-04  1.62540000E-04
2001-12-19T21:58:20.904 -1.36880000E-04 -1.38660000E-04  6.44560000E-04
2001-12-19T21:58:21.904 -1.83790000E-04 -2.37340000E-04  3.27830000E-04
2001-12-19T21:58:22.904 -1.31990000E-04 -1.84140000E-04  5.25590000E-04
2001-12-19T21:58:23.904 -9.04140000E-05 -2.56380000E-04  5.39740000E-04
2001-12-19T21:58:24.904 -9.61590000E-05 -1.69000000E-04  2.36250000E-04
2001-12-19T21:58:25.904 -1.10690000E-04 -2.50980000E-04  3.33510000E-04
2001-12-19T21:58:26.904 -9.45530000E-05 -1.67130000E-04  6.48140000E-04
2001-12-19T21:58:27.904 -2.00760000E-04 -4.02960000E-04  5.10230000E-04
2001-12-19T21:58:28.904 -2.31640000E-04 -1.98120000E-04  4.15390000E-04
2001-12-19T21:58:29.904 -1.55790000E-04 -1.21350000E-04  7.17690000E-04
2001-12-19T21:58:30.904 -1.08460000E-04 -1.99290000E-04  3.68860000E-04
2001-12-19T21:58:31.904 -1.34780000E-04 -3.95920000E-04  7.56140000E-04
2001-12-19T21:58:32.904 -6.99140000E-05 -2.45180000E-04  2.51230000E-04
2001-12-19T21:58:33.904 -9.08070000E-05 -2.19450000E-04  5.32940000E-04
2001-12-19T21:58:34.904 -1.02760000E-04 -1.77670000E-04  5.86440000E-04
2001-12-19T21:58:35.904 -1.11560000E-04 -2.79220000E-04  3.56870000E-04
2001-12-19T21:58:36.904 -1.57010000E-04 -1.80930000E-04  3.75110000E-04
2001-12-19T21:58:37.904 -1.64430000E-04 -2.36740000E-04  5.61920000E-04
2001-12-19T21:58:38.904 -2.91500000E-05 -2.68140000E-04  2.70620000E-04
2001-12-19T21:58:39.904 -1.72020000E-04 -2.15710000E-04  5.84530000E-04
2001-12-19T21:58:40.904 -2.05220000E-04 -1.10030000E-04  5.64300000E-04
2001-12-19T21:58:41.904 -1.75390000E-04 -2.25960000E-04  1.89230000E-04
2001-12-19T21:58:42.904 -1.86030000E-04 -2.58560000E-04  8.24080000E-04
2001-12-19T21:58:43.904 -1.87010000E-04 -1.41700000E-04  5.04750000E-04
2001-12-19T21:58:44.904  1.23930000E-05 -3.36590000E-04  3.17900000E-04
2001-12-19T21:58:45.904 -2.33410000E-04 -2.65300000E-04  4.37270000E-04
2001-12-19T21:58:46.904 -1.82440000E-04 -1.40780000E-04  7.72040000E-04
2001-12-19T21:58:47.904 -1.45690000E-04 -2.68570000E-04  3.94680000E-04
2001-12-19T21:58:48.904 -9.08860000E-05 -1.05220000E-04  3.40860000E-04
2001-12-19T21:58:49.904 -2.34010000E-04 -1.72520000E-04  6.60110000E-04
2001-12-19T21:58:50.904 -1.87570000E-04 -3.01590000E-04  4.32550000E-04
2001-12-19T21:58:51.904 -3.87110000E-05 -2.57380000E-04  5.25180000E-04
2001-12-19T21:58:52.904 -3.23600000E-04 -1.53930000E-04  3.52550000E-04
2001-12-19T21:58:53.904 -1.36930000E-04 -2.48520000E-04  3.89350000E-04
2001-12-19T21:58:54.904 -2.53810000E-04 -2.93940000E-04  4.10280000E-04
2001-12-19T21:58:55.904 -2.33220000E-04 -1.53960000E-04  5.80280000E-04
2001-12-19T21:58:56.904 -2.09940000E-04 -1.72280000E-04  4.33340000E-04
2001-12-19T21:58:57.904 -2.37260000E-05 -2.25960000E-04  7.08820000E-04
2001-12-19T21:58:58.904 -1.43450000E-04 -1.53460000E-04  2.24420000E-04
2001-12-19T21:58:59.904 -9.34650000E-05 -1.44750000E-04  6.70710000E-04
2001-12-19T21:59:00.904 -1.63230000E-04 -2.00710000E-04  3.46530000E-04
2001-12-19T21:59:01.904 -1.38460000E-04 -2.95310000E-04  5.18910000E-04
2001-12-19T21:59:02.904 -1.70970000E-04 -2.42920000E-04  2.08040000E-04
2001-12-19T21:59:03.904 -1.71490000E-04 -1.35000000E-04  6.03310000E-04
2001-12-19T21:59:04.904 -2.35070000E-04 -1.46810000E-04  6.16430000E-04
2001-12-19T21:59:05.904 -5.58360000E-05 -3.15920000E-04  3.01650000E-04
2001-12-19T21:59:06.904 -3.71740000E-04 -2.62370000E-04  8.61130000E-04
2001-12-19T21:59:07.904  3.08200000E-06 -1.69350000E-04  4.22520000E-04
2001-12-19T21:59:08.904 -2.28010000E-04 -2.78810000E-04  2.61050000E-04
2001-12-19T21:59:09.904 -9.76530000E-05 -8.99680000E-05  5.34410000E-04
2001-12-19T21:59:10.904 -2.89950000E-04 -2.79710000E-04  6.31070000E-04
2001-12-19T21:59:11.904  2.89350000E-05 -1.68610000E-05  2.24270000E-04
2001-12-19T21:59:12.904 -2.65100000E-04 -2.93460000E-04  3.88490000E-04
2001-12-19T21:59:13.904 -4.11750000E-05 -2.34760000E-04  4.70960000E-04
2001-12-19T21:59:14.904 -2.77820000E-04 -1.89780000E-04  7.73280000E-04
2001-12-19T21:59:15.904 -9.01180000E-05 -8.64380000E-05  4.77140000E-04
2001-12-19T21:59:16.904 -1.44650000E-04 -4.69250000E-04  3.20240000E-04
2001-12-19T21:59:17.904 -1.62520000E-04 -4.16280000E-05  6.92070000E-04
2001-12-19T21:59:18.904 -2.17240000E-04 -3.04110000E-04  5.36610000E-04
2001-12-19T21:59:19.904 -3.07870000E-05 -1.21510000E-04  2.50220000E-04
2001-12-19T21:59:20.904 -1.62530000E-04 -4.07910000E-04  6.61400000E-04
2001-12-19T21:59:21.904 -1.52810000E-04 -1.75030000E-04  2.44810000E-04
2001-12-19T21:59:22.904 -3.73770000E-04 -3.30660000E-04  2.90390000E-04
2001-12-19T21:59:23.904  2.42650000E-05 -1.39790000E-04  3.72700000E-04
2001-12-19T21:59:24.904 -2.03190000E-04 -2.61860000E-04  7.64680000E-04
2001-12-19T21:59:25.904  4.39930000E-05 -1.76970000E-04  2.90550000E-04
2001-12-19T21:59:26.904 -3.74340000E-04 -4.18490000E-04  6.24030000E-04
2001-12-19T21:59:27.904 -4.15280000E-05 -1.46370000E-04  6.04950000E-04
2001-12-19T21:59:28.904 -2.29770000E-04 -3.52920000E-04  3.06280000E-04
2001-12-19T21:59:29.904 -4.02870000E-05 -9.52010000E-05  5.55220000E-04
2001-12-19T21:59:30.904 -2.01110000E-04 -3.01350000E-04  5.04150000E-04
2001-12-19T21:59:31.904 -1.29830000E-04 -2.46090000E-04  2.62810000E-04
2001-12-19T21:59:32.904 -2.80430000E-04 -2.45110000E-04  2.81610000E-04
2001-12-19T21:59:33.904 -9.14040000E-06 -1.20860000E-04  7.39570000E-04
2001-12-19T21:59:34.904 -2.13450000E-04 -1.89450000E-04  5.86980000E-04
2001-12-19T21:59:35.904 -7.32620000E-05 -2.05840000E-04  2.51220000E-04
2001-12-19T21:59:36.904 -1.48770000E-04 -2.91980000E-04  7.58410000E-04
2001-12-19T21:59:37.904 -1.09320000E-04 -1.64930000E-04  4.26070000E-04
2001-12-19T21:59:38.904 -1.50790000E-04 -3.33800000E-04  4.65520000E-04
2001-12-19T21:59:39.904 -2.99140000E-06 -1.07420000E-04  3.14080000E-04
2001-12-19T21:59:40.904 -1.83040000E-04 -3.47530000E-04  3.58760000E-04
2001-12-19T21:59:41.904 -1.47710000E-04 -1.77420000E-04  4.62410000E-04
2001-12-19T21:59:42.904 -1.26630000E-04 -3.51790000E-04  7.20690000E-04
2001-12-19T21:59:43.904 -5.17580000E-05 -2.33780000E-04  4.75530000E-04
2001-12-19T21:59:44.904 -2.05450000E-04 -2.90890000E-04  4.02510000E-04
2001-12-19T21:59:45.904 -1.29070000E-04 -3.02990000E-05  6.48980000E-04
2001-12-19T21:59:46.904 -2.19880000E-04 -3.46610000E-04  5.75800000E-04
2001-12-19T21:59:47.904 -1.22020000E-04 -2.86430000E-04  2.08580000E-04
2001-12-19T21:59:48.904 -1.43070000E-04 -1.24200000E-04  6.37810000E-04
2001-12-19T21:59:49.904 -2.03450000E-04 -1.74950000E-04  4.99570000E-04
2001-12-19T21:59:50.904 -9.70880000E-05 -2.40920000E-04  4.13250000E-04
2001-12-19T21:59:51.904 -8.34220000E-05 -1.01890000E-04  6.08140000E-04
2001-12-19T21:59:52.904 -3.13680000E-04 -3.26770000E-04  5.95820000E-04
2001-12-19T21:59:53.904 -2.15310000E-05 -1.91710000E-04  4.00060000E-04
2001-12-19T21:59:54.904 -3.25590000E-04 -2.63140000E-04  5.75510000E-04
2001-12-19T21:59:55.904  7.61260000E-05 -2.33600000E-04  6.03680000E-04
2001-12-19T21:59:56.904 -1.86040000E-04 -2.39900000E-04  2.40490000E-04
2001-12-19T21:59:57.904 -2.18360000E-04 -1.42100000E-04  4.42400000E-04
2001-12-19T21:59:58.904 -6.51560000E-05 -3.23420000E-04  5.08780000E-04
2001-12-19T21:59:59.904 -7.14710000E-05 -2.41330000E-04  7.46710000E-04
2001-12-19T22:00:00.904 -2.33450000E-04 -2.22680000E-04  2.84380000E-04
2001-12-19T22:00:01.904 -6.85570000E-05 -2.60150000E-04  3.74720000E-04
2001-12-19T22:00:02.904 -3.21420000E-04 -1.48430000E-04  7.03440000E-04
2001-12-19T22:00:03.904 -6.07320000E-05 -2.02610000E-04  3.49800000E-04
2001-12-19T22:00:04.904 -1.81530000E-04 -3.00720000E-04  7.84180000E-04
2001-12-19T22:00:05.904 -7.71450000E-05 -3.13770000E-04  5.00550000E-04
2001-12-19T22:00:06.904 -1.83070000E-04 -1.96320000E-04  2.50990000E-04
2001-12-19T22:00:07.904 -1.80960000E-04 -1.04080000E-04  7.15540000E-04
2001-12-19T22:00:08.904 -1.58690000E-04 -2.34660000E-04  4.93370000E-04
2001-12-19T22:00:09.904 -1.46000000E-05 -2.26470000E-04  5.02460000E-04
2001-12-19T22:00:10.904 -2.63640000E-04 -2.13920000E-04  4.00490000E-04
2001-12-19T22:00:11.904  6.69630000E-05 -1.49530000E-04  4.31240000E-04
2001-12-19T22:00:12.904 -1.85440000E-04 -4.02170000E-04  5.67390000E-04
2001-12-19T22:00:13.904 -2.98540000E-04 -2.73510000E-05  3.72690000E-04
2001-12-19T22:00:14.904 -1.01150000E-04 -3.57710000E-04  3.47830000E-04
2001-12-19T22:00:15.904 -7.23890000E-05 -2.17500000E-04  4.33450000E-04
2001-12-19T22:00:16.904 -2.41950000E-04 -6.83450000E-05  9.16870000E-04
2001-12-19T22:00:17.904 -1.90660000E-04 -2.58660000E-04  3.05280000E-04
2001-12-19T22:00:18.904 -1.63780000E-04 -3.24680000E-04  3.71450000E-04
2001-12-19T22:00:19.904 -7.57930000E-05 -2.28990000E-04  3.89050000E-04
2001-12-19T22:00:20.904 -3.19910000E-04 -2.53920000E-04  6.91440000E-04
2001-12-19T22:00:21.904 -1.15930000E-04 -2.70650000E-04  5.09750000E-04
2001-12-19T22:00:22.904 -2.07730000E-04 -2.70980000E-04  3.25700000E-04
2001-12-19T22:00:23.904 -2.14530000E-04 -1.69200000E-04  4.19800000E-04
2001-12-19T22:00:24.904 -5.53120000E-05 -2.46120000E-04  6.39710000E-04
2001-12-19T22:00:25.904 -1.58510000E-04 -2.31720000E-04  2.50140000E-04
2001-12-19T22:00:26.904 -5.75790000E-05 -2.82280000E-04  6.34470000E-04
2001-12-19T22:00:27.904 -2.20000000E-04 -2.64290000E-04  5.39610000E-04
2001-12-19T22:00:28.904 -7.08720000E-05 -1.09810000E-04  2.53420000E-04
2001-12-19T22:00:29.904 -6.76530000E-05 -3.52260000E-04  3.15280000E-04
2001-12-19T22:00:30.904 -4.63300000E-05 -6.62270000E-05  6.37310000E-04
2001-12-19T22:00:31.904 -2.22690000E-04 -4.25870000E-04  7.24960000E-04
2001-12-19T22:00:32.904 -7.26910000E-05 -8.85740000E-05  4.72540000E-04
2001-12-19T22:00:33.904 -1.61500000E-04 -1.87920000E-04  4.63230000E-04
2001-12-19T22:00:34.904 -1.48090000E-04 -1.83120000E-04  6.03980000E-04
2001-12-19T22:00:35.904 -1.12280000E-04 -2.50310000E-04  3.22970000E-04
2001-12-19T22:00:36.904 -2.50450000E-04 -1.93800000E-04  8.72550000E-04
2001-12-19T22:00:37.904 -2.20640000E-04 -3.02600000E-04  1.33010000E-04
2001-12-19T22:00:38.904 -6.67230000E-05 -2.33490000E-04  4.71080000E-04
2001-12-19T22:00:39.904 -3.40060000E-04 -1.84240000E-04  6.21470000E-04
2001-12-19T22:00:40.904 -1.40730000E-04 -2.79580000E-04  5.26440000E-04
2001-12-19T22:00:41.904 -2.16900000E-04 -2.00950000E-04  5.33540000E-04
2001-12-19T22:00:42.904 -1.73000000E-04 -1.54690000E-04  5.52880000E-04
2001-12-19T22:00:43.904 -1.82330000E-04 -3.71600000E-04  4.09220000E-04
2001-12-19T22:00:44.904 -9.58230000E-05 -8.70490000E-05  4.13910000E-04
2001-12-19T22:00:45.904 -1.57500000E-04 -2.34520000E-04  7.40350000E-04
2001-12-19T22:00:46.904 -1.00380000E-04 -1.72390000E-04  2.00880000E-04
2001-12-19T22:00:47.904 -1.73280000E-04 -1.80760000E-04  6.59820000E-04
2001-12-19T22:00:48.904  1.05670000E-06 -1.43300000E-04  6.18300000E-04
2001-12-19T22:00:49.904 -2.45980000E-04 -3.22100000E-04  2.39320000E-04
2001-12-19T22:03:40.501 -2.74300000E-04 -1.85840000E-04  7.63480000E-04
2001-12-19T22:03:41.501 -6.99570000E-05 -1.79230000E-04  4.32670000E-04
2001-12-19T22:03:42.501 -1.54940000E-04 -3.60700000E-04  4.48990000E-04
2001-12-19T22:03:43.501 -6.08020000E-05 -2.56790000E-04  7.02240000E-04
2001-12-19T22:03:44.501 -1.14670000E-04 -3.13150000E-04  3.56150000E-04
2001-12-19T22:03:45.501 -2.29150000E-04 -9.09540000E-05  3.37000000E-04
2001-12-19T22:03:46.501 -1.42320000E-04 -2.10860000E-04  6.64960000E-04
2001-12-19T22:03:47.501 -1.54420000E-04 -1.65750000E-04  2.89990000E-04
2001-12-19T22:03:48.501 -2.32310000E-04 -2.15810000E-04  8.37840000E-04
2001-12-19T22:03:49.501 -1.96380000E-05 -1.51410000E-04  2.47170000E-04
2001-12-19T22:03:50.501 -7.46780000E-05 -1.27430000E-04  4.65790000E-04
2001-12-19T22:03:51.501 -1.12470000E-04 -1.89400000E-04  7.95070000E-04
2001-12-19T22:03:52.501 -1.79600000E-04 -7.83250000E-05  3.94740000E-04
2001-12-19T22:03:53.501 -9.62310000E-05 -6.33530000E-05  5.45680000E-04
2001-12-19T22:03:54.501 -1.18200000E-04 -2.08930000E-04  5.28550000E-04
2001-12-19T22:03:55.501 -8.95800000E-05  1.75990000E-05  8.33250000E-04
2001-12-19T22:03:56.501  9.86250000E-05 -2.71120000E-04  4.36420000E-04
2001-12-19T22:03:57.501 -3.01380000E-04 -1.29500000E-04  6.18240000E-04
2001-12-19T22:03:58.501 -9.28860000E-06 -8.26670000E-05  4.24040000E-04
2001-12-19T22:03:59.501 -9.64680000E-05 -1.38560000E-04  7.06870000E-04
2001-12-19T22:04:00.501 -1.97360000E-04 -2.03920000E-04  4.27270000E-04
2001-12-19T22:04:01.501 -1.73700000E-04 -1.99920000E-04  7.14800000E-04
2001-12-19T22:04:02.501 -1.29860000E-04 -1.51370000E-04  3.42580000E-04
2001-12-19T22:04:03.501 -9.97650000E-05 -2.97910000E-04  3.86190000E-04
2001-12-19T22:04:04.501 -6.33440000E-05 -6.02610000E-05  7.66900000E-04
2001-12-19T22:04:05.501 -1.33410000E-04 -1.63080000E-04  6.06910000E-04
2001-12-19T22:04:06.501 -4.61110000E-05 -1.61150000E-04  3.76820000E-04
2001-12-19T22:04:07.501 -1.35860000E-04 -2.96910000E-04  7.58350000E-04
2001-12-19T22:04:08.501 -6.65140000E-05 -3.85720000E-05  2.47330000E-04
2001-12-19T22:04:09.501 -1.44350000E-04 -1.27690000E-04  7.71850000E-04
