2001-12-21T23:56:11.304  1.31670000E-04 -8.04940000E-05  5.43340000E-06
2001-12-21T23:56:12.304 -5.49010000E-04 -2.23910000E-04  6.23260000E-04
2001-12-21T23:56:13.304  2.67460000E-04 -1.47530000E-04 -5.69310000E-05
2001-12-21T23:56:14.304 -2.48070000E-04 -4.46830000E-04  9.62290000E-04
2001-12-21T23:56:15.304  2.57400000E-04 -1.94370000E-04  3.03080000E-04
2001-12-21T23:56:16.304 -1.99390000E-04 -2.96760000E-04  4.39380000E-04
2001-12-21T23:56:17.304 -2.46830000E-04  6.78310000E-05  3.06880000E-04
2001-12-21T23:56:18.304 -4.76960000E-04 -4.14510000E-04  5.56750000E-04
2001-12-21T23:56:19.304  3.48990000E-04 -1.25370000E-04  6.91150000E-04
2001-12-21T23:56:20.304 -2.08800000E-04 -7.26230000E-04 -1.06290000E-05
2001-12-21T23:56:21.304  1.06480000E-04  1.60900000E-04  6.24390000E-04
2001-12-21T23:56:22.304 -2.76080000E-04 -7.13610000E-05  6.58000000E-04
2001-12-21T23:56:23.304 -2.76050000E-04 -9.74200000E-05  2.69460000E-04
2001-12-21T23:56:24.304  1.67320000E-04 -4.54300000E-04  5.32580000E-04
2001-12-21T23:56:25.304 -4.03250000E-04 -3.03760000E-04  4.31330000E-04
2001-12-21T23:56:26.304  4.95040000E-04 -9.93320000E-05  5.44350000E-04
2001-12-21T23:56:27.304 -6.38060000E-04 -3.42200000E-04  3.67730000E-04
2001-12-21T23:56:28.304 -8.02730000E-05  2.33420000E-04  4.33990000E-04
2001-12-21T23:56:29.304 -2.48190000E-04 -5.44740000E-04  3.52410000E-04
2001-12-21T23:56:30.304  4.08890000E-04 -2.74430000E-04  4.18360000E-04
2001-12-21T23:56:31.304 -3.19000000E-04 -4.48530000E-04  2.50290000E-04
2001-12-21T23:56:32.304 -4.81640000E-05  1.31430000E-04  8.28470000E-04
2001-12-21T23:56:33.304 -4.72190000E-04 -1.94350000E-04 -2.03930000E-04
2001-12-21T23:56:34.304  3.72940000E-04 -4.31960000E-04  1.06320000E-03
2001-12-21T23:56:35.304 -2.73530000E-04 -1.79070000E-04  1.23410000E-04
2001-12-21T23:56:36.304  2.22150000E-04 -4.81640000E-04  6.70880000E-04
2001-12-21T23:56:37.304 -2.56260000E-04 -2.01260000E-05  2.43720000E-04
2001-12-21T23:56:38.304 -5.45370000E-04 -1.13970000E-05  6.68300000E-04
2001-12-21T23:56:39.304  2.61430000E-05 -3.63480000E-04  3.53990000E-04
2001-12-21T23:56:40.304 -1.32130000E-04 -4.77370000E-04  2.97590000E-04
2001-12-21T23:56:41.304  2.50520000E-04 -2.09360000E-04  7.15770000E-04
2001-12-21T23:56:42.304 -4.22040000E-04 -3.01970000E-04  4.93170000E-04
2001-12-21T23:56:43.304 -1.04120000E-04  1.17450000E-04 -9.44420000E-05
2001-12-21T23:56:44.304 -1.36440000E-04 -7.13420000E-04  1.23450000E-03
2001-12-21T23:56:45.304  3.60820000E-04  2.84560000E-04  8.63840000E-06
2001-12-21T23:56:46.304 -3.30920000E-04 -9.50910000E-04  4.47920000E-04
2001-12-21T23:56:47.304  1.10040000E-04  2.49060000E-04  3.50230000E-04
2001-12-21T23:56:48.304 -7.52290000E-04 -2.06490000E-04  4.91700000E-04
2001-12-21T23:56:49.304  2.16550000E-04 -1.16370000E-04  7.76120000E-04
2001-12-21T23:56:50.304 -6.53280000E-05 -8.62610000E-04 -2.68770000E-04
2001-12-21T23:56:51.304  2.81260000E-04 -2.29190000E-04  8.16540000E-04
2001-12-21T23:56:52.304 -5.58830000E-04 -7.87860000E-05  4.86180000E-04
2001-12-21T23:56:53.304  4.22660000E-06  2.07560000E-04  4.86310000E-04
2001-12-21T23:56:54.304 -1.37750000E-04 -7.19930000E-04 -3.20600000E-05
2001-12-21T23:56:55.304  2.08230000E-04 -1.64710000E-04  8.57520000E-04
2001-12-21T23:56:56.304 -1.08050000E-04 -3.65170000E-04  2.76330000E-04
2001-12-21T23:56:57.304 -2.72560000E-04 -3.44520000E-05  4.63680000E-04
2001-12-21T23:56:58.304 -3.05650000E-04 -1.81220000E-04  3.81100000E-04
2001-12-21T23:56:59.304  6.05360000E-05 -1.36780000E-04  2.96470000E-04
2001-12-21T23:57:00.304  4.23180000E-04 -6.89150000E-04  8.41710000E-04
2001-12-21T23:57:01.304 -3.94320000E-04 -2.67100000E-04  4.79460000E-04
2001-12-21T23:57:02.304 -3.38880000E-05  2.90020000E-04  3.28310000E-04
2001-12-21T23:57:03.304 -5.75280000E-04 -4.93460000E-04  2.93720000E-04
2001-12-21T23:57:04.304  2.87650000E-04 -2.60030000E-04  5.06290000E-04
2001-12-21T23:57:05.304 -1.28420000E-04 -4.57220000E-04  4.64730000E-04
2001-12-21T23:57:06.304  1.80600000E-04 -1.11390000E-04  3.19970000E-04
2001-12-21T23:57:07.304 -5.94300000E-04 -2.31680000E-04  4.69870000E-04
2001-12-21T23:57:08.304  3.22290000E-04  1.85150000E-04  7.89000000E-04
2001-12-21T23:57:09.304 -3.81090000E-04 -8.48320000E-04  6.55730000E-05
2001-12-21T23:57:10.304  2.40400000E-04 -2.30200000E-04  3.40830000E-04
2001-12-21T23:57:11.304 -3.80070000E-04 -3.77310000E-04  6.49640000E-04
2001-12-21T23:57:12.304 -1.60890000E-04  2.51740000E-04  6.67800000E-04
2001-12-21T23:57:13.304 -2.84790000E-04 -1.93300000E-04 -1.68700000E-04
2001-12-21T23:57:14.304  8.94200000E-05 -3.84870000E-04  8.02490000E-04
2001-12-21T23:57:15.304 -7.23070000E-05 -3.29030000E-04  1.27040000E-04
2001-12-21T23:57:16.304 -2.02630000E-04 -4.69740000E-04  3.91300000E-04
2001-12-21T23:57:17.304  2.62390000E-05  7.76060000E-05  8.70310000E-04
2001-12-21T23:57:18.304 -5.51980000E-04 -1.58710000E-04  3.19020000E-04
2001-12-21T23:57:19.304  6.23100000E-04 -3.87310000E-04  1.91480000E-04
2001-12-21T23:57:20.304 -3.65380000E-04 -5.26560000E-04  3.19830000E-04
2001-12-21T23:57:21.304  1.03970000E-04  5.93980000E-05  4.78380000E-04
2001-12-21T23:57:22.304 -6.20200000E-04 -2.73080000E-04  5.42300000E-04
2001-12-21T23:57:23.304  3.33540000E-05  6.49080000E-05  5.88660000E-04
2001-12-21T23:57:24.304  1.81500000E-05 -6.35700000E-04  9.51500000E-05
2001-12-21T23:57:25.304  3.68190000E-04 -6.70320000E-05  9.06390000E-04
2001-12-21T23:57:26.304 -4.23050000E-04 -5.87730000E-04  1.65030000E-04
2001-12-21T23:57:27.304 -3.70750000E-05  2.53980000E-04  3.52440000E-04
2001-12-21T23:57:28.304 -3.71200000E-04 -3.66280000E-04  7.27900000E-04
2001-12-21T23:57:29.304  1.11130000E-04 -3.02770000E-04  4.15300000E-04
2001-12-21T23:57:30.304 -7.23300000E-05 -8.00310000E-04  4.28510000E-04
2001-12-21T23:57:31.304  1.37360000E-04  1.87700000E-04  3.06460000E-04
2001-12-21T23:57:32.304 -6.03900000E-04 -2.49920000E-04  6.00950000E-04
2001-12-21T23:57:33.304 -1.21950000E-04  8.53280000E-05  3.69520000E-04
2001-12-21T23:57:34.304 -2.81270000E-05 -7.78810000E-04  3.15330000E-04
2001-12-21T23:57:35.304  1.43690000E-04 -4.05980000E-04  7.04350000E-04
2001-12-21T23:57:36.304 -2.58930000E-04  1.13570000E-04  3.13070000E-05
2001-12-21T23:57:37.304 -3.03430000E-04 -3.48980000E-04  7.03470000E-04
2001-12-21T23:57:38.304 -1.87580000E-04 -2.99680000E-04  7.28480000E-04
2001-12-21T23:57:39.304  1.16900000E-04 -3.15180000E-04  2.93290000E-04
2001-12-21T23:57:40.304 -6.28310000E-05 -2.88110000E-04  2.06790000E-04
2001-12-21T23:57:41.304 -2.87370000E-04 -3.31320000E-04  5.93440000E-04
2001-12-21T23:57:42.304 -5.38700000E-06  2.21240000E-04  4.50200000E-04
2001-12-21T23:57:43.304 -2.23960000E-04 -4.92610000E-04  1.71540000E-04
2001-12-21T23:57:44.304  5.08140000E-04 -2.96200000E-04  5.70000000E-04
2001-12-21T23:57:45.304 -3.57750000E-04 -6.13960000E-04  2.35510000E-04
2001-12-21T23:57:46.304 -7.70980000E-05  3.07290000E-04  8.01400000E-04
2001-12-21T23:57:47.304 -4.80810000E-04 -4.74590000E-04  8.61470000E-06
2001-12-21T23:57:48.304  3.51920000E-04 -2.68710000E-04  9.18630000E-04
2001-12-21T23:57:49.304 -3.33310000E-04 -8.14250000E-04  1.41180000E-05
2001-12-21T23:57:50.304  2.48900000E-04  1.44560000E-04  5.30340000E-04
2001-12-21T23:57:51.304 -6.01510000E-04 -2.26560000E-04  6.53630000E-04
2001-12-21T23:57:52.304  1.11230000E-05 -5.59070000E-05  7.13830000E-04
2001-12-21T23:57:53.304 -6.46220000E-05 -6.73900000E-04  2.89850000E-04
2001-12-21T23:57:54.304  2.28990000E-04 -2.46110000E-04  4.96020000E-04
2001-12-21T23:57:55.304 -2.93370000E-04 -3.55480000E-04  4.71500000E-04
2001-12-21T23:57:56.304 -4.46460000E-04  2.45700000E-04  5.50210000E-04
2001-12-21T23:57:57.304  1.36280000E-05 -4.48820000E-04  4.89640000E-04
2001-12-21T23:57:58.304 -6.43150000E-05 -2.82820000E-04  1.85430000E-05
2001-12-21T23:57:59.304  2.74930000E-04 -3.27330000E-04  4.76260000E-04
2001-12-21T23:58:00.304 -4.06100000E-04 -2.50690000E-04  8.31920000E-04
2001-12-21T23:58:01.304 -9.59110000E-05  2.29890000E-05  3.00150000E-04
2001-12-21T23:58:02.304 -3.00530000E-04 -4.67140000E-04  4.42980000E-04
2001-12-21T23:58:03.304  3.95060000E-04 -3.37220000E-04  5.19360000E-04
2001-12-21T23:58:04.304 -4.59770000E-04 -6.00020000E-04  5.49240000E-04
2001-12-21T23:58:05.304  1.35790000E-04  1.82490000E-04  3.01950000E-04
2001-12-21T23:58:06.304 -3.65470000E-04 -2.27070000E-04  3.78400000E-04
2001-12-21T23:58:07.304 -1.66430000E-04  5.87700000E-05  7.46250000E-04
2001-12-21T23:58:08.304  2.45840000E-04 -1.03400000E-03  1.03310000E-04
2001-12-21T23:58:09.304  2.20650000E-04  1.16360000E-04  7.53380000E-04
2001-12-21T23:58:10.304 -4.98650000E-04 -1.97990000E-04  1.47100000E-04
2001-12-21T23:58:11.304 -2.52540000E-04  5.25320000E-05  5.23780000E-04
2001-12-21T23:58:12.304  7.25890000E-05 -3.93840000E-04 -8.59710000E-05
2001-12-21T23:58:13.304  7.39920000E-05 -4.79320000E-04  1.17460000E-03
2001-12-21T23:58:14.304 -5.73030000E-06 -4.37880000E-04  3.34070000E-05
2001-12-21T23:58:15.304 -2.75150000E-04 -1.62570000E-05  2.43810000E-04
2001-12-21T23:58:16.304 -9.76950000E-05  1.18580000E-04  5.56130000E-04
2001-12-21T23:58:17.304 -1.18240000E-04 -5.30080000E-04  1.86110000E-04
2001-12-21T23:58:18.304  3.91180000E-04 -2.17910000E-04  7.76840000E-04
2001-12-21T23:58:19.304 -3.67960000E-04 -4.22660000E-04  2.50510000E-04
2001-12-21T23:58:20.304  5.31140000E-05  2.79970000E-04  3.77600000E-04
2001-12-21T23:58:21.304 -6.23830000E-04 -5.36830000E-04  5.87650000E-04
2001-12-21T23:58:22.304  3.48150000E-04 -8.38930000E-05  3.91440000E-04
2001-12-21T23:58:23.304 -2.34050000E-04 -8.33480000E-04  5.66360000E-04
2001-12-21T23:58:24.304  2.72900000E-04  1.83630000E-04  1.04000000E-04
2001-12-21T23:58:25.304 -5.06060000E-04 -1.70580000E-04  1.20430000E-03
2001-12-21T23:58:26.304 -1.28070000E-04 -1.78140000E-05  3.95210000E-04
2001-12-21T23:58:27.304 -4.33440000E-04 -6.05230000E-04 -1.07500000E-04
2001-12-21T23:58:28.304  4.79820000E-04 -5.49140000E-04  6.10940000E-04
2001-12-21T23:58:29.304 -4.21260000E-04 -4.37990000E-04  3.54690000E-04
2001-12-21T23:58:30.304 -3.18910000E-05  3.55360000E-04  6.12900000E-04
2001-12-21T23:58:31.304 -3.15960000E-04 -1.96170000E-04  5.24230000E-04
2001-12-21T23:58:32.304  2.17550000E-04 -3.76710000E-04  3.81690000E-04
2001-12-21T23:58:33.304  1.27640000E-04 -5.19200000E-05  4.04530000E-04
2001-12-21T23:58:34.304 -4.61590000E-04 -5.93500000E-04  4.90510000E-04
2001-12-21T23:58:35.304  7.01330000E-05  2.09950000E-04  3.57970000E-04
2001-12-21T23:58:36.304 -4.42690000E-04 -3.81470000E-04  3.80360000E-04
2001-12-21T23:58:37.304  8.89420000E-05 -5.68770000E-05  4.57430000E-04
2001-12-21T23:58:38.304 -2.23660000E-04 -7.77770000E-04  5.52720000E-04
2001-12-21T23:58:39.304  3.32850000E-04 -3.63700000E-05  5.30040000E-04
2001-12-21T23:58:40.304 -5.35360000E-04 -4.04410000E-06  3.85120000E-04
2001-12-21T23:58:41.304  2.09680000E-04 -6.46000000E-05  5.83360000E-04
2001-12-21T23:58:42.304 -3.16600000E-04 -6.07890000E-04  4.49160000E-04
2001-12-21T23:58:43.304  3.05600000E-04 -1.33810000E-04  5.28160000E-05
2001-12-21T23:58:44.304 -4.14670000E-04 -3.70910000E-04  6.70880000E-04
2001-12-21T23:58:45.304 -6.18650000E-05 -7.82530000E-06  4.06930000E-04
2001-12-21T23:58:46.304 -3.70550000E-04 -5.21640000E-04  4.85520000E-04
2001-12-21T23:58:47.304  1.42430000E-04 -1.28050000E-04  4.82820000E-04
2001-12-21T23:58:48.304 -1.12600000E-04 -4.13520000E-04  6.99570000E-04
2001-12-21T23:58:49.304  1.31790000E-05 -1.62840000E-04 -1.62620000E-04
2001-12-21T23:58:50.304 -3.79040000E-04 -8.44230000E-05  6.22360000E-04
2001-12-21T23:58:51.304 -7.62600000E-05 -2.29880000E-04  5.32120000E-04
2001-12-21T23:58:52.304  2.50020000E-04 -2.51440000E-04  3.00140000E-04
2001-12-21T23:58:53.304 -2.33650000E-04 -5.87720000E-04  4.14110000E-04
2001-12-21T23:58:54.304  1.40150000E-04  7.04110000E-05  9.01390000E-04
2001-12-21T23:58:55.304 -5.25760000E-04 -3.12200000E-04  2.07880000E-05
2001-12-21T23:58:56.304  3.90140000E-05  2.77220000E-04  6.12600000E-04
2001-12-21T23:58:57.304 -2.88010000E-04 -6.99360000E-04  3.54190000E-04
2001-12-21T23:58:58.304  3.63550000E-04 -3.17490000E-04  2.60470000E-04
2001-12-21T23:58:59.304 -5.40600000E-04 -5.56940000E-04  9.33650000E-04
2001-12-21T23:59:00.304  1.69950000E-04  2.92380000E-04 -2.65880000E-05
2001-12-21T23:59:01.304 -6.42120000E-04 -2.58190000E-04  5.93610000E-04
2001-12-21T23:59:02.304  1.69050000E-04 -3.07110000E-04  3.11100000E-04
2001-12-21T23:59:03.304 -1.28540000E-04 -4.29510000E-04  3.56280000E-04
2001-12-21T23:59:04.304  1.54470000E-04 -1.46910000E-04  9.02950000E-04
2001-12-21T23:59:05.304 -4.13500000E-04 -2.72100000E-04  1.40700000E-04
2001-12-21T23:59:06.304 -2.48770000E-04  2.22720000E-05  5.50890000E-04
2001-12-21T23:59:07.304  1.82280000E-04 -1.85960000E-04  7.58260000E-04
2001-12-21T23:59:08.304 -2.53340000E-04 -5.17570000E-04  3.19290000E-04
2001-12-21T23:59:09.304  1.03220000E-04 -8.60220000E-05  4.22740000E-04
2001-12-21T23:59:10.304 -4.96180000E-04 -4.13220000E-04  8.99790000E-05
2001-12-21T23:59:11.304 -5.02760000E-05  1.55150000E-04  8.26960000E-04
2001-12-21T23:59:12.304 -2.36210000E-04 -2.65820000E-04  1.98580000E-04
2001-12-21T23:59:13.304  1.47650000E-04 -2.07730000E-04  4.16570000E-04
2001-12-21T23:59:14.304 -9.66440000E-05 -6.24800000E-04  4.79730000E-04
2001-12-21T23:59:15.304 -8.26970000E-05 -2.09980000E-04  5.93890000E-04
2001-12-21T23:59:16.304 -3.40390000E-04  3.18470000E-05  6.64270000E-04
2001-12-21T23:59:17.304 -9.40330000E-07 -2.53390000E-04 -3.90090000E-05
2001-12-21T23:59:18.304 -5.74680000E-05 -6.33200000E-04  1.00670000E-03
2001-12-21T23:59:19.304  2.45320000E-04 -4.27720000E-05  1.54050000E-05
2001-12-21T23:59:20.304 -3.56880000E-04 -2.86200000E-04  8.46760000E-04
2001-12-21T23:59:21.304 -1.33380000E-04  1.77340000E-05  1.69310000E-04
2001-12-21T23:59:22.304 -3.69410000E-04 -2.14880000E-04  4.38650000E-04
2001-12-21T23:59:23.304  1.29410000E-04 -1.47070000E-04  5.85300000E-04
2001-12-21T23:59:24.304 -3.70300000E-05 -4.76480000E-04  2.65510000E-04
2001-12-21T23:59:25.304  1.99590000E-05 -2.18370000E-04  5.30150000E-04
2001-12-21T23:59:26.304 -3.04440000E-04  4.11210000E-05  4.00540000E-04
2001-12-21T23:59:27.304 -3.82060000E-04 -1.23810000E-04  5.21490000E-04
2001-12-21T23:59:28.304  5.56100000E-04 -4.22570000E-04  4.97550000E-04
2001-12-21T23:59:29.304 -3.78050000E-04 -5.09430000E-04  2.49100000E-04
2001-12-21T23:59:30.304  2.10470000E-04  7.11610000E-05  6.08880000E-04
2001-12-21T23:59:31.304 -6.96850000E-04 -4.49280000E-04  1.88860000E-04
2001-12-21T23:59:32.304  1.96840000E-04  2.63770000E-04  5.54620000E-04
2001-12-21T23:59:33.304 -2.85850000E-04 -7.13410000E-04  4.03890000E-04
2001-12-21T23:59:34.304  5.03030000E-04 -2.43400000E-04  5.02220000E-04
2001-12-21T23:59:35.304 -4.94600000E-04 -4.39920000E-04  2.61670000E-04
2001-12-21T23:59:36.304 -1.47900000E-04  2.56900000E-04  6.01470000E-04
2001-12-21T23:59:37.304 -3.22050000E-04 -3.76610000E-04  2.47250000E-04
2001-12-21T23:59:38.304  2.82570000E-04 -4.26050000E-04  8.36220000E-04
2001-12-21T23:59:39.304 -1.73900000E-04 -4.55350000E-04  3.09830000E-04
2001-12-21T23:59:40.304 -4.24410000E-05  3.96090000E-05  4.29400000E-04
2001-12-21T23:59:41.304 -3.37290000E-04 -1.83750000E-04  2.98420000E-04
2001-12-21T23:59:42.304 -4.13370000E-04  3.91780000E-05  2.44440000E-04
2001-12-21T23:59:43.304  1.40810000E-04 -4.22660000E-04  8.67020000E-04
2001-12-21T23:59:44.304  1.44700000E-04 -5.39040000E-04  3.32440000E-04
2001-12-21T23:59:45.304 -9.30720000E-05 -5.44260000E-05  1.40540000E-04
2001-12-21T23:59:46.304 -3.82450000E-04 -1.56600000E-04  8.45310000E-04
2001-12-21T23:59:47.304  2.93860000E-05  1.34180000E-04 -3.22980000E-06
2001-12-21T23:59:48.304 -3.10240000E-04 -7.02120000E-04  9.00990000E-04
2001-12-21T23:59:49.304  2.34950000E-04 -1.67780000E-04  2.41430000E-04
2001-12-21T23:59:50.304 -2.88950000E-04 -3.84010000E-04  1.53720000E-04
2001-12-21T23:59:51.304 -6.51250000E-05  9.30630000E-05  4.76160000E-04
2001-12-21T23:59:52.304 -2.28670000E-04 -1.87690000E-04  9.48500000E-04
2001-12-21T23:59:53.304  8.94620000E-05 -2.13080000E-04  4.27400000E-04
2001-12-21T23:59:54.304 -2.12280000E-04 -5.67390000E-04  2.43810000E-04
2001-12-21T23:59:55.304  4.23970000E-04  3.00320000E-05  4.24140000E-04
2001-12-21T23:59:56.304 -4.25380000E-04 -1.40190000E-04  4.97610000E-04
2001-12-21T23:59:57.304 -1.28850000E-04 -6.87040000E-05  7.59690000E-04
2001-12-21T23:59:58.304  1.53760000E-04 -1.50800000E-04  1.57470000E-04
2001-12-21T23:59:59.304 -1.50670000E-04 -5.08300000E-04  8.15770000E-04
2001-12-22T00:00:00.304  1.63650000E-04 -2.95920000E-04  3.09620000E-04
2001-12-22T00:00:01.304 -3.43690000E-04 -2.60760000E-05  1.86920000E-04
2001-12-22T00:00:02.304 -1.43660000E-04  2.41380000E-04  4.43330000E-04
2001-12-22T00:00:03.304 -1.45470000E-04 -2.20450000E-04  4.14980000E-04
2001-12-22T00:00:04.304  2.42800000E-04 -3.23180000E-04  6.10450000E-04
2001-12-22T00:00:05.304 -1.59480000E-04 -2.99660000E-04  1.19920000E-04
2001-12-22T00:00:06.304 -5.32140000E-05 -2.47560000E-04  9.94370000E-04
2001-12-22T00:00:07.304  2.13180000E-05  1.53070000E-04 -3.93460000E-05
2001-12-22T00:00:08.304 -3.40150000E-04 -4.91920000E-04  9.07040000E-04
2001-12-22T00:00:09.304  1.22390000E-04  3.06800000E-05  1.84630000E-04
2001-12-22T00:00:10.304  6.73880000E-05 -4.28410000E-04  1.59550000E-04
2001-12-22T00:00:11.304 -2.21130000E-04 -5.37410000E-05  8.53500000E-04
2001-12-22T00:00:12.304 -5.02850000E-04 -1.33320000E-04  2.67560000E-04
2001-12-22T00:00:13.304  1.39740000E-04  1.79140000E-04  5.21810000E-04
2001-12-22T00:00:14.304 -4.54360000E-04 -1.69740000E-04  3.71270000E-04
2001-12-22T00:00:15.304  2.85580000E-04 -1.52710000E-04  7.00510000E-04
2001-12-22T00:00:16.304  1.38790000E-04 -8.05470000E-05  6.00280000E-04
2001-12-22T00:00:17.304 -1.31270000E-04 -3.60090000E-04  2.04160000E-05
2001-12-22T00:00:18.304  8.87280000E-05  3.80360000E-04  3.11100000E-04
2001-12-22T00:00:19.304 -6.88810000E-04 -4.74010000E-04  7.77690000E-04
2001-12-22T00:00:20.304  1.71010000E-04  4.38280000E-04  5.32060000E-04
2001-12-22T00:00:21.304 -7.12270000E-05 -5.80090000E-04  4.66030000E-04
2001-12-22T00:00:22.304  2.00060000E-04 -7.78150000E-05  3.90640000E-04
2001-12-22T00:00:23.304 -9.53870000E-05  2.00740000E-04  5.83180000E-04
2001-12-22T00:00:24.304 -3.87910000E-04 -2.50890000E-04  1.67680000E-04
2001-12-22T00:00:25.304  1.99370000E-04  2.17850000E-04  8.45300000E-04
2001-12-22T00:00:26.304 -6.62050000E-04  9.08350000E-05  2.50130000E-04
2001-12-22T00:00:27.304  1.37880000E-04 -4.87380000E-05  2.47850000E-04
2001-12-22T00:00:28.304  2.72120000E-05 -4.11670000E-04  3.82630000E-04
2001-12-22T00:00:29.304 -2.53750000E-04  6.45950000E-05  7.12030000E-04
2001-12-22T00:00:30.304  3.62840000E-04  6.63550000E-05  1.38270000E-04
2001-12-22T00:00:31.304 -4.15470000E-04  4.52830000E-05  8.06200000E-04
2001-12-22T00:00:32.304 -1.15190000E-04  1.43600000E-04  4.43240000E-04
2001-12-22T00:00:33.304 -3.33010000E-04  4.35290000E-05  1.92850000E-04
2001-12-22T00:00:34.304 -3.17870000E-04  2.95930000E-04  5.37510000E-04
2001-12-22T00:00:35.304  2.63020000E-04  1.09100000E-04  5.84510000E-04
2001-12-22T00:00:36.304 -1.91720000E-04 -6.65980000E-05  3.18730000E-04
2001-12-22T00:00:37.304  8.20230000E-05  6.71630000E-05  8.83600000E-04
2001-12-22T00:00:38.304 -6.32860000E-05 -1.12570000E-04  3.27180000E-04
2001-12-22T00:00:39.304 -7.24960000E-05  2.58190000E-04  2.44180000E-04
2001-12-22T00:00:40.304 -1.48130000E-05  2.54260000E-04  5.30050000E-04
2001-12-22T00:00:41.304 -2.80550000E-04 -1.97580000E-05  5.23950000E-04
2001-12-22T00:00:42.304  1.15760000E-05  6.14100000E-04  2.73690000E-04
2001-12-22T00:00:43.304 -1.64920000E-04  2.84510000E-04  9.87080000E-04
2001-12-22T00:00:44.304 -4.14530000E-04  3.93980000E-04 -8.55690000E-05
2001-12-22T00:00:45.304 -2.43450000E-05  3.17090000E-04  4.63790000E-04
2001-12-22T00:00:46.304 -2.30320000E-04  2.51480000E-04  4.66330000E-04
2001-12-22T00:00:47.304 -1.84410000E-04  3.15590000E-04  3.39570000E-04
2001-12-22T00:00:48.304  2.06230000E-05  4.73520000E-04  6.09570000E-04
2001-12-22T00:00:49.304  2.02860000E-05  4.21800000E-04  1.87920000E-04
2001-12-22T00:00:50.304 -1.17890000E-04  1.98780000E-04  8.34790000E-04
2001-12-22T00:00:51.304 -1.67150000E-04  4.53930000E-04  1.81270000E-04
2001-12-22T00:00:52.304 -1.40370000E-04  7.55890000E-04  8.91810000E-04
2001-12-22T00:00:53.304  9.20260000E-05  5.81080000E-04  2.86880000E-04
2001-12-22T00:00:54.304 -2.32030000E-04  5.27700000E-04  6.30340000E-04
2001-12-22T00:00:55.304 -1.16250000E-04  5.48000000E-04  5.25850000E-04
2001-12-22T00:00:56.304  5.47960000E-05  6.37580000E-04 -8.34560000E-05
2001-12-22T00:00:57.304 -5.10130000E-06  7.74490000E-04  8.70070000E-04
2001-12-22T00:00:58.304 -3.36790000E-04  3.92610000E-04  3.19180000E-04
2001-12-22T00:00:59.304  7.36290000E-05  7.05990000E-04  5.32380000E-04
2001-12-22T00:01:00.304 -2.34270000E-05  4.15480000E-04  5.60120000E-04
2001-12-22T00:01:01.304 -3.21640000E-05  7.12360000E-04  4.25960000E-04
2001-12-22T00:01:02.304  9.08100000E-05  9.01030000E-04  3.89110000E-04
2001-12-22T00:01:03.304 -2.41980000E-04  7.08920000E-04  2.22150000E-04
2001-12-22T00:01:04.304  7.43630000E-06  6.79210000E-04  8.44460000E-04
2001-12-22T00:01:05.304  1.23150000E-04  1.26700000E-03  3.66160000E-04
2001-12-22T00:01:06.304 -4.55640000E-04  1.29230000E-03  4.96950000E-04
2001-12-22T00:01:07.304 -2.00060000E-04  1.64970000E-03  5.84370000E-04
2001-12-22T00:01:08.304  3.04070000E-04  1.05480000E-03  4.45220000E-04
2001-12-22T00:01:09.304 -1.35340000E-04  6.69460000E-04  4.68650000E-04
2001-12-22T00:01:10.304  2.83610000E-05  1.73790000E-03  5.95260000E-04
2001-12-22T00:01:11.304 -6.49280000E-04  1.70770000E-03  3.48560000E-04
2001-12-22T00:01:12.304 -7.07450000E-05  1.35470000E-03  8.50480000E-04
2001-12-22T00:01:13.304  5.61240000E-04  1.33460000E-03  1.14000000E-04
2001-12-22T00:01:14.304 -6.40990000E-04  1.47840000E-03  6.61900000E-04
2001-12-22T00:01:15.304 -2.61920000E-04  1.83250000E-03  2.45710000E-04
2001-12-22T00:01:16.304  1.29610000E-04  1.15550000E-03  7.21610000E-04
2001-12-22T00:01:17.304 -4.88650000E-05  1.61620000E-03  1.93600000E-04
2001-12-22T00:01:18.304 -4.84650000E-04  1.90300000E-03  1.07050000E-03
2001-12-22T00:01:19.304 -1.01230000E-04  1.35690000E-03  2.48220000E-04
2001-12-22T00:01:20.304  2.00990000E-04  1.28030000E-03  5.10350000E-04
2001-12-22T00:01:21.304 -4.96490000E-04  2.21120000E-03  2.93320000E-04
2001-12-22T00:01:22.304 -3.38770000E-05  1.60440000E-03  4.23950000E-04
2001-12-22T00:01:23.304  5.59000000E-06  1.37000000E-03  6.43780000E-04
2001-12-22T00:01:24.304 -3.50090000E-04  2.29570000E-03  8.88950000E-04
2001-12-22T00:01:25.304  2.65690000E-04  1.75300000E-03  6.54970000E-05
2001-12-22T00:01:26.304 -5.74540000E-04  2.67890000E-03  9.54570000E-04
2001-12-22T00:01:27.304  7.61510000E-05  1.97140000E-03  7.68320000E-05
2001-12-22T00:01:28.304 -4.96550000E-04  2.72580000E-03  4.87300000E-04
2001-12-22T00:01:29.304  4.72300000E-04  2.20640000E-03  8.18760000E-04
2001-12-22T00:01:30.304 -3.62440000E-04  2.89970000E-03  6.02520000E-04
2001-12-22T00:01:31.304 -2.14140000E-04  1.61540000E-03  3.08860000E-04
2001-12-22T00:01:32.304 -2.23770000E-04  3.08790000E-03  5.02350000E-04
2001-12-22T00:01:33.304 -1.46310000E-04  3.45950000E-03  6.35800000E-04
2001-12-22T00:01:34.304 -7.01120000E-05  3.34540000E-03  4.20130000E-04
2001-12-22T00:01:35.304  7.87920000E-05  3.08150000E-03  3.86430000E-04
2001-12-22T00:01:36.304 -4.64440000E-04  3.17240000E-03  8.84480000E-04
2001-12-22T00:01:37.304 -1.77400000E-04  4.10770000E-03  5.57660000E-05
2001-12-22T00:01:38.304 -1.18800000E-04  3.96190000E-03  7.92010000E-04
2001-12-22T00:01:39.304  6.22980000E-05  4.16720000E-03  2.91020000E-04
2001-12-22T00:01:40.304 -2.94920000E-04  4.68370000E-03  6.74980000E-04
2001-12-22T00:01:41.304 -3.06850000E-04  4.43250000E-03  7.56510000E-04
2001-12-22T00:01:42.304 -2.76300000E-04  4.56170000E-03  1.96050000E-04
2001-12-22T00:01:43.304 -1.99430000E-04  4.61740000E-03  8.92930000E-04
2001-12-22T00:01:44.304  1.01950000E-04  4.91030000E-03  6.11190000E-04
2001-12-22T00:01:45.304 -9.34850000E-05  4.47370000E-03  5.31060000E-04
2001-12-22T00:01:46.304 -1.20350000E-04  5.07610000E-03  5.92590000E-04
2001-12-22T00:01:47.304 -7.35580000E-04  4.83290000E-03  4.82750000E-04
2001-12-22T00:01:48.304  2.97290000E-04  5.94390000E-03  8.64180000E-04
2001-12-22T00:01:49.304 -4.97800000E-04  6.18310000E-03  4.17590000E-04
2001-12-22T00:01:50.304  1.54970000E-04  7.95340000E-03  8.17050000E-04
2001-12-22T00:01:51.304 -2.23890000E-04  8.26800000E-03  5.40090000E-04
2001-12-22T00:01:52.304 -3.34860000E-04  8.56410000E-03  9.57620000E-04
2001-12-22T00:01:53.304  1.88040000E-04  7.69560000E-03  5.94140000E-04
2001-12-22T00:01:54.304 -8.84330000E-04  5.42700000E-03  2.61750000E-04
2001-12-22T00:01:55.304  2.74420000E-04  4.51200000E-03  9.23830000E-04
2001-12-22T00:01:56.304 -4.31780000E-04  5.25630000E-03  4.43390000E-04
2001-12-22T00:01:57.304  1.50300000E-04  4.96590000E-03  7.11830000E-04
2001-12-22T00:01:58.304 -1.70800000E-04  4.87830000E-03  3.15840000E-04
2001-12-22T00:01:59.304 -4.35900000E-04  5.13830000E-03  7.25100000E-04
2001-12-22T00:02:00.304  1.10450000E-04  6.78460000E-03  2.87680000E-05
2001-12-22T00:02:01.304 -4.29730000E-04  6.16470000E-03  1.13870000E-03
2001-12-22T00:02:02.304  8.48640000E-05  6.10730000E-03  4.96140000E-04
2001-12-22T00:02:03.304 -3.66750000E-04  5.40690000E-03  8.70700000E-04
2001-12-22T00:02:04.304  3.83160000E-04  6.37520000E-03  4.97560000E-04
2001-12-22T00:02:05.304 -8.75230000E-04  6.09210000E-03  1.05350000E-03
2001-12-22T00:02:06.304 -3.26620000E-04  7.45680000E-03  1.87130000E-04
2001-12-22T00:02:07.304 -9.21400000E-07  7.80320000E-03  1.05880000E-03
2001-12-22T00:02:08.304 -2.20630000E-04  9.20460000E-03  7.24780000E-04
2001-12-22T00:02:09.304  6.44940000E-04  1.00760000E-02  2.36680000E-04
2001-12-22T00:02:10.304 -8.50720000E-04  1.00310000E-02  1.17920000E-03
2001-12-22T00:02:11.304  2.76580000E-04  1.00750000E-02  5.81830000E-04
2001-12-22T00:02:12.304 -4.38450000E-04  1.14780000E-02  8.55570000E-04
2001-12-22T00:02:13.304 -1.53570000E-04  1.12740000E-02  8.21180000E-04
2001-12-22T00:02:14.304  3.98380000E-05  1.16740000E-02  9.64600000E-04
2001-12-22T00:02:15.304 -6.88700000E-04  1.06650000E-02  5.39470000E-04
2001-12-22T00:02:16.304  1.80270000E-05  1.16050000E-02  8.50280000E-04
2001-12-22T00:02:17.304  3.79580000E-05  1.15100000E-02  3.59280000E-04
2001-12-22T00:02:18.304 -2.37720000E-04  1.17210000E-02  1.06080000E-03
2001-12-22T00:02:19.304 -6.35430000E-04  1.10210000E-02  6.18830000E-04
2001-12-22T00:02:20.304  2.90340000E-05  1.16820000E-02  1.00230000E-03
2001-12-22T00:02:21.304 -3.36080000E-04  1.14910000E-02  7.69230000E-04
2001-12-22T00:02:22.304 -6.02360000E-04  1.24280000E-02  4.79320000E-04
2001-12-22T00:02:23.304 -2.48690000E-04  1.08950000E-02  9.42330000E-04
2001-12-22T00:02:24.304 -2.39480000E-04  1.27550000E-02  7.89130000E-04
2001-12-22T00:02:25.304 -5.20490000E-04  1.18510000E-02  7.05160000E-04
2001-12-22T00:02:26.304 -3.76530000E-04  1.27490000E-02  1.07900000E-03
2001-12-22T00:02:27.304 -3.00690000E-04  1.26070000E-02  8.72340000E-04
2001-12-22T00:02:28.304 -1.49000000E-04  1.38150000E-02  9.67310000E-04
2001-12-22T00:02:29.304 -3.33060000E-04  1.32580000E-02  4.26350000E-04
2001-12-22T00:02:30.304 -6.93340000E-04  1.37890000E-02  1.01210000E-03
2001-12-22T00:02:31.304 -1.42530000E-04  1.40770000E-02  4.34000000E-04
2001-12-22T00:02:32.304 -4.96320000E-04  1.50030000E-02  8.31270000E-04
2001-12-22T00:02:33.304 -7.04560000E-04  1.44020000E-02  9.98280000E-04
2001-12-22T00:02:34.304 -1.75330000E-04  1.57820000E-02  7.07290000E-04
2001-12-22T00:02:35.304 -1.45010000E-04  1.48760000E-02  4.86270000E-04
2001-12-22T00:02:36.304  5.89080000E-05  1.65840000E-02  1.02350000E-03
2001-12-22T00:02:37.304 -9.83770000E-04  1.54700000E-02  6.48120000E-04
2001-12-22T00:02:38.304 -4.17320000E-04  1.71610000E-02  3.92930000E-04
2001-12-22T00:02:39.304 -6.93490000E-06  1.67120000E-02  1.34600000E-03
2001-12-22T00:02:40.304 -7.05360000E-04  1.75720000E-02  2.64570000E-04
2001-12-22T00:02:41.304 -2.44370000E-04  1.83350000E-02  6.62510000E-04
2001-12-22T00:02:42.304 -1.19480000E-04  1.99400000E-02  1.18210000E-03
2001-12-22T00:02:43.304 -2.74410000E-04  1.86670000E-02  5.45000000E-04
2001-12-22T00:02:44.304 -5.02930000E-04  1.98990000E-02  1.16440000E-03
2001-12-22T00:02:45.304 -3.99520000E-04  1.93710000E-02  2.53040000E-04
2001-12-22T00:02:46.304 -7.06330000E-04  2.03150000E-02  1.19220000E-03
2001-12-22T00:02:47.304 -8.36000000E-04  1.96120000E-02  5.14050000E-04
2001-12-22T00:02:48.304  8.27570000E-05  2.14350000E-02  9.61890000E-04
2001-12-22T00:02:49.304 -3.05270000E-04  2.05430000E-02  6.37460000E-04
2001-12-22T00:02:50.304 -7.06890000E-04  2.03240000E-02  9.15130000E-04
2001-12-22T00:02:51.304 -9.86760000E-04  1.99280000E-02  5.16100000E-04
2001-12-22T00:02:52.304  4.14880000E-04  2.14860000E-02  1.01000000E-03
2001-12-22T00:02:53.304 -5.23800000E-04  2.01830000E-02  7.56190000E-04
2001-12-22T00:02:54.304 -7.01720000E-04  2.04540000E-02  6.09310000E-04
2001-12-22T00:02:55.304  1.34340000E-04  2.07930000E-02  1.23310000E-03
2001-12-22T00:02:56.304 -3.93410000E-04  2.08910000E-02  5.83470000E-04
2001-12-22T00:02:57.304 -9.63670000E-04  1.97910000E-02  8.03720000E-04
2001-12-22T00:02:58.304 -7.67740000E-04  2.04190000E-02  1.11870000E-03
2001-12-22T00:02:59.304  4.33390000E-04  2.11810000E-02  6.54620000E-04
2001-12-22T00:03:00.304 -8.11370000E-04  2.10400000E-02  8.98660000E-04
2001-12-22T00:03:01.304 -1.35470000E-05  2.07860000E-02  6.37420000E-04
2001-12-22T00:03:02.304 -3.86630000E-04  2.14860000E-02  9.05390000E-04
2001-12-22T00:03:03.304 -8.57260000E-04  1.95700000E-02  1.34700000E-03
2001-12-22T00:03:04.304 -5.46830000E-05  2.22070000E-02  8.22060000E-04
2001-12-22T00:03:05.304  5.35320000E-05  1.94330000E-02  5.44490000E-04
2001-12-22T00:03:06.304 -1.08760000E-03  1.80920000E-02  1.17270000E-03
2001-12-22T00:03:07.304 -4.02790000E-04  1.78050000E-02  7.16290000E-04
2001-12-22T00:03:08.304 -5.52090000E-04  1.85440000E-02  9.59060000E-04
2001-12-22T00:03:09.304  2.83030000E-04  1.64140000E-02  8.20690000E-04
2001-12-22T00:03:10.304 -3.00440000E-04  1.67780000E-02  1.09140000E-03
2001-12-22T00:03:11.304 -5.87630000E-04  1.56280000E-02  4.02140000E-04
2001-12-22T00:03:12.304 -3.47260000E-04  1.63730000E-02  1.07830000E-03
2001-12-22T00:03:13.304 -1.95610000E-04  1.47820000E-02  6.43200000E-04
2001-12-22T00:03:14.304 -4.78140000E-04  1.59370000E-02  1.06860000E-03
2001-12-22T00:03:15.304 -4.18440000E-04  1.52220000E-02  6.34990000E-04
2001-12-22T00:03:16.304 -3.44570000E-04  1.51100000E-02  1.01570000E-03
2001-12-22T00:03:17.304 -2.16910000E-04  1.52000000E-02  4.84930000E-04
2001-12-22T00:03:18.304 -5.73720000E-04  1.61770000E-02  8.47550000E-04
2001-12-22T00:03:19.304 -5.78570000E-04  1.62170000E-02  6.36710000E-04
2001-12-22T00:03:20.304 -3.78910000E-04  1.77580000E-02  7.96020000E-04
2001-12-22T00:03:21.304 -6.68240000E-04  1.60220000E-02  8.24000000E-04
2001-12-22T00:03:22.304  3.46020000E-05  1.81790000E-02  7.15470000E-04
2001-12-22T00:03:23.304 -8.16110000E-04  1.68770000E-02  7.06760000E-04
2001-12-22T00:03:24.304 -4.65520000E-04  1.77460000E-02  1.03140000E-03
2001-12-22T00:03:25.304  2.34560000E-05  1.81960000E-02  5.21240000E-04
2001-12-22T00:03:26.304 -9.09700000E-04  1.80290000E-02  8.88790000E-04
2001-12-22T00:03:27.304 -7.74080000E-04  1.80680000E-02  9.89580000E-05
2001-12-22T00:03:28.304  3.11090000E-07  1.95220000E-02  1.13050000E-03
2001-12-22T00:03:29.304 -1.11040000E-03  1.77520000E-02  1.12490000E-03
2001-12-22T00:03:30.304 -4.27860000E-06  1.91660000E-02  5.10280000E-04
2001-12-22T00:03:31.304 -7.12200000E-04  1.82380000E-02  1.06840000E-03
2001-12-22T00:03:32.304  8.81070000E-05  1.92440000E-02  6.63400000E-04
2001-12-22T00:03:33.304 -2.50380000E-04  1.88600000E-02  9.81520000E-04
2001-12-22T00:03:34.304 -4.17050000E-04  1.99600000E-02  7.31700000E-04
2001-12-22T00:03:35.304 -6.24490000E-04  1.95740000E-02  7.54010000E-04
2001-12-22T00:03:36.304  3.86230000E-04  2.14730000E-02  6.29080000E-04
2001-12-22T00:03:37.304 -2.92790000E-04  1.97660000E-02  6.96580000E-04
2001-12-22T00:03:38.304 -7.19490000E-04  2.03210000E-02  1.02210000E-03
2001-12-22T00:03:39.304 -4.88530000E-04  1.99810000E-02  8.20890000E-04
2001-12-22T00:03:40.304  4.84060000E-04  2.16130000E-02  7.44490000E-04
2001-12-22T00:03:41.304 -9.64970000E-04  1.97820000E-02  9.34750000E-04
2001-12-22T00:03:42.304 -5.93100000E-04  2.17570000E-02  8.36960000E-04
2001-12-22T00:03:43.304 -3.20900000E-04  2.12290000E-02  7.77210000E-04
2001-12-22T00:03:44.304 -3.44260000E-04  2.25260000E-02  7.87130000E-04
2001-12-22T00:03:45.304 -6.03350000E-04  2.10380000E-02  1.05130000E-03
2001-12-22T00:03:46.304 -1.21710000E-04  2.31910000E-02  1.05680000E-03
2001-12-22T00:03:47.304 -2.67720000E-04  2.21080000E-02  8.83380000E-04
2001-12-22T00:03:48.304 -6.51390000E-04  2.34950000E-02  7.36860000E-04
2001-12-22T00:03:49.304 -4.18100000E-04  2.25580000E-02  1.06310000E-03
2001-12-22T00:03:50.304 -4.81490000E-04  2.40490000E-02  6.24290000E-04
2001-12-22T00:03:51.304 -4.81530000E-04  2.26050000E-02  9.79020000E-04
2001-12-22T00:03:52.304 -3.16410000E-04  2.36020000E-02  1.21110000E-03
2001-12-22T00:03:53.304 -7.26520000E-04  2.25180000E-02  1.29050000E-03
2001-12-22T00:03:54.304 -1.50340000E-04  2.35450000E-02  5.89840000E-04
2001-12-22T00:03:55.304 -8.49190000E-04  2.24780000E-02  1.00950000E-03
2001-12-22T00:03:56.304 -4.38230000E-04  2.36400000E-02  7.35750000E-04
2001-12-22T00:03:57.304 -4.19440000E-04  2.26350000E-02  1.09470000E-03
2001-12-22T00:03:58.304 -7.64610000E-04  2.38140000E-02  9.25480000E-04
2001-12-22T00:03:59.304 -2.79960000E-04  2.33290000E-02  6.50830000E-04
2001-12-22T00:04:00.304 -7.15380000E-04  2.36900000E-02  1.07440000E-03
2001-12-22T00:04:01.304 -5.58150000E-04  2.27760000E-02  7.02180000E-04
2001-12-22T00:04:02.304 -4.77570000E-04  2.43680000E-02  1.14970000E-03
2001-12-22T00:04:03.304 -6.06950000E-04  2.29710000E-02  6.31520000E-04
2001-12-22T00:04:04.304 -3.25830000E-04  2.42940000E-02  1.19870000E-03
2001-12-22T00:04:05.304 -6.61540000E-04  2.28170000E-02  6.48440000E-04
2001-12-22T00:04:06.304 -1.63720000E-04  2.46140000E-02  7.80560000E-04
2001-12-22T00:04:07.304 -4.42580000E-04  2.36980000E-02  9.45080000E-04
2001-12-22T00:04:08.304 -9.82240000E-04  2.48110000E-02  7.19650000E-04
2001-12-22T00:04:09.304 -3.98330000E-04  2.38860000E-02  7.77590000E-04
2001-12-22T00:04:10.304 -2.65940000E-04  2.44760000E-02  8.36860000E-04
2001-12-22T00:04:11.304 -3.69690000E-04  2.30380000E-02  8.78830000E-04
2001-12-22T00:04:12.304 -6.19640000E-04  2.31710000E-02  8.49850000E-04
2001-12-22T00:04:13.304 -9.66730000E-05  2.22460000E-02  4.66820000E-04
2001-12-22T00:04:14.304 -6.69770000E-04  2.36040000E-02  1.30770000E-03
2001-12-22T00:04:15.304 -2.15170000E-04  2.26470000E-02  4.28010000E-04
2001-12-22T00:04:16.304 -3.59870000E-04  2.40360000E-02  1.25320000E-03
2001-12-22T00:04:17.304 -3.80140000E-04  2.25790000E-02  7.76730000E-04
2001-12-22T00:04:18.304 -5.74890000E-04  2.32590000E-02  9.20360000E-04
2001-12-22T00:04:19.304 -7.35690000E-04  2.12690000E-02  9.25270000E-04
2001-12-22T00:04:20.304  2.44490000E-04  2.26650000E-02  4.98070000E-04
2001-12-22T00:04:21.304 -2.27940000E-04  2.14450000E-02  8.68510000E-04
2001-12-22T00:04:22.304 -7.05640000E-04  2.15780000E-02  1.07560000E-03
2001-12-22T00:04:23.304 -7.13410000E-04  1.96220000E-02  4.62240000E-04
2001-12-22T00:04:24.304  2.73420000E-04  2.20590000E-02  1.14440000E-03
2001-12-22T00:04:25.304 -4.19100000E-04  1.96040000E-02  6.37040000E-04
2001-12-22T00:04:26.304 -1.15640000E-03  2.10640000E-02  9.62060000E-04
2001-12-22T00:04:27.304  5.89710000E-04  2.07460000E-02  5.44170000E-04
2001-12-22T00:04:28.304 -1.19490000E-03  2.15620000E-02  1.26470000E-03
2001-12-22T00:04:29.304  1.44520000E-04  2.18530000E-02  5.15570000E-04
2001-12-22T00:04:30.304 -7.64580000E-04  2.24900000E-02  1.23950000E-03
2001-12-22T00:04:31.304 -5.09120000E-04  2.23920000E-02  4.08490000E-04
2001-12-22T00:04:32.304 -4.15220000E-04  2.43270000E-02  1.33010000E-03
2001-12-22T00:04:33.304 -4.11090000E-04  2.37370000E-02  7.52130000E-04
2001-12-22T00:04:34.304 -5.28830000E-04  2.46320000E-02  8.00390000E-04
2001-12-22T00:04:35.304 -8.51630000E-04  2.35900000E-02  1.10520000E-03
2001-12-22T00:04:36.304 -3.69570000E-04  2.43920000E-02  9.11200000E-04
2001-12-22T00:04:37.304 -7.35430000E-04  2.25700000E-02  1.11430000E-03
2001-12-22T00:04:38.304 -2.09530000E-04  2.30480000E-02  8.61490000E-04
2001-12-22T00:04:39.304 -7.20790000E-04  2.27940000E-02  5.61390000E-04
2001-12-22T00:04:40.304 -2.16390000E-04  2.37050000E-02  1.14430000E-03
2001-12-22T00:04:41.304 -1.34180000E-04  2.20490000E-02  6.32770000E-04
2001-12-22T00:04:42.304 -9.96370000E-04  2.20700000E-02  8.56810000E-04
2001-12-22T00:04:43.304  3.14410000E-05  2.18040000E-02  8.24880000E-04
2001-12-22T00:04:44.304 -7.75490000E-04  2.19800000E-02  1.12840000E-03
2001-12-22T00:04:45.304 -3.38990000E-04  2.12100000E-02  7.06530000E-04
2001-12-22T00:04:46.304 -3.30690000E-04  2.18330000E-02  1.01940000E-03
2001-12-22T00:04:47.304 -3.68800000E-04  2.09620000E-02  7.97170000E-04
2001-12-22T00:04:48.304 -1.31230000E-04  2.24440000E-02  6.29520000E-04
2001-12-22T00:04:49.304 -6.33590000E-04  2.05460000E-02  8.09230000E-04
2001-12-22T00:04:50.304  7.72770000E-05  2.22940000E-02  1.26260000E-03
2001-12-22T00:04:51.304 -8.05250000E-04  2.03940000E-02  4.60750000E-04
2001-12-22T00:04:52.304  3.88600000E-04  2.27380000E-02  1.06210000E-03
2001-12-22T00:04:53.304 -1.38100000E-03  2.02360000E-02  4.84700000E-04
2001-12-22T00:04:54.304  2.68940000E-04  2.21160000E-02  1.36570000E-03
2001-12-22T00:04:55.304 -7.62470000E-04  2.03200000E-02  5.46420000E-04
2001-12-22T00:04:56.304  8.78610000E-05  2.19160000E-02  8.72740000E-04
2001-12-22T00:04:57.304 -4.68560000E-04  2.04990000E-02  8.88280000E-04
2001-12-22T00:04:58.304 -6.87130000E-04  2.16520000E-02  1.06490000E-03
2001-12-22T00:04:59.304 -3.31840000E-04  2.16060000E-02  6.53560000E-04
2001-12-22T00:05:00.304 -2.68050000E-04  2.20330000E-02  9.06020000E-04
2001-12-22T00:05:01.304 -6.30470000E-04  2.10350000E-02  5.87550000E-04
2001-12-22T00:05:02.304 -7.94420000E-04  2.11060000E-02  1.16660000E-03
2001-12-22T00:05:03.304  2.47400000E-04  2.05290000E-02  6.45340000E-04
2001-12-22T00:05:04.304 -2.17520000E-04  2.01680000E-02  1.13120000E-03
2001-12-22T00:05:05.304 -7.35370000E-04  1.94640000E-02  6.89850000E-04
2001-12-22T00:05:06.304 -6.59490000E-04  2.02410000E-02  5.59530000E-04
2001-12-22T00:05:07.304 -7.90800000E-04  1.94880000E-02  7.06670000E-04
2001-12-22T00:05:08.304 -7.03410000E-04  2.04620000E-02  7.76480000E-04
2001-12-22T00:05:09.304  1.20520000E-04  2.06760000E-02  8.23580000E-04
2001-12-22T00:05:10.304 -3.28120000E-04  2.09510000E-02  1.23670000E-03
2001-12-22T00:05:11.304 -3.96150000E-04  1.90840000E-02  6.31190000E-04
2001-12-22T00:05:12.304 -2.79340000E-04  1.97690000E-02  7.64280000E-04
2001-12-22T00:05:13.304 -3.89680000E-04  1.85930000E-02  8.82950000E-04
2001-12-22T00:05:14.304 -4.82000000E-04  1.90320000E-02  9.08750000E-04
2001-12-22T00:05:15.304 -6.81040000E-04  1.81040000E-02  9.93060000E-04
2001-12-22T00:05:16.304 -1.45490000E-03  1.82350000E-02  5.73540000E-04
2001-12-22T00:05:17.304  1.87170000E-05  1.79910000E-02  7.66860000E-04
2001-12-22T00:05:18.304 -4.82090000E-05  1.91710000E-02  8.35790000E-04
2001-12-22T00:05:19.304 -1.94130000E-04  1.71150000E-02  1.21720000E-03
2001-12-22T00:05:20.304 -7.75910000E-04  1.75650000E-02  6.29370000E-04
2001-12-22T00:05:21.304  8.09700000E-05  1.79500000E-02  9.26220000E-04
2001-12-22T00:05:22.304 -1.43610000E-04  1.87460000E-02  6.66310000E-04
2001-12-22T00:05:23.304 -7.46270000E-04  1.66590000E-02  7.06540000E-04
2001-12-22T00:05:24.304 -4.34090000E-04  1.84050000E-02  1.01730000E-03
2001-12-22T00:05:25.304  4.99340000E-04  1.77910000E-02  1.33540000E-03
2001-12-22T00:05:26.304 -9.74640000E-04  1.76610000E-02  3.92320000E-04
2001-12-22T00:05:27.304 -4.07740000E-05  1.67300000E-02  8.44660000E-04
2001-12-22T00:05:28.304 -3.30130000E-04  1.70340000E-02  9.37760000E-04
2001-12-22T00:05:29.304  1.43150000E-04  1.62250000E-02  4.70570000E-04
2001-12-22T00:05:30.304 -8.84490000E-04  1.63970000E-02  1.19080000E-03
2001-12-22T00:05:31.304  1.03590000E-04  1.61130000E-02  6.00340000E-04
2001-12-22T00:05:32.304 -3.27010000E-04  1.58700000E-02  1.06940000E-03
2001-12-22T00:05:33.304 -3.28530000E-04  1.39140000E-02  4.33490000E-04
2001-12-22T00:05:34.304 -1.10240000E-04  1.39060000E-02  8.36050000E-04
2001-12-22T00:05:35.304 -8.34070000E-04  1.23890000E-02  8.59980000E-04
2001-12-22T00:05:36.304  2.06980000E-04  1.36740000E-02  5.13870000E-04
2001-12-22T00:05:37.304 -3.26430000E-04  1.26330000E-02  8.09200000E-04
2001-12-22T00:05:38.304 -6.10300000E-04  1.32110000E-02  6.00910000E-04
2001-12-22T00:05:39.304 -2.63170000E-04  1.37340000E-02  7.76650000E-04
2001-12-22T00:05:40.304  1.55400000E-04  1.46060000E-02  7.21420000E-04
2001-12-22T00:05:41.304 -9.03090000E-04  1.22090000E-02  6.07410000E-04
2001-12-22T00:05:42.304  2.19610000E-05  1.38910000E-02  8.21870000E-04
2001-12-22T00:05:43.304 -1.23270000E-04  1.27220000E-02  6.60580000E-04
2001-12-22T00:05:44.304 -6.18050000E-04  1.28080000E-02  8.91830000E-04
2001-12-22T00:05:45.304  7.15620000E-05  1.27830000E-02  4.29180000E-04
2001-12-22T00:05:46.304 -7.07130000E-04  1.23990000E-02  8.30750000E-04
2001-12-22T00:05:47.304 -2.74620000E-04  1.21300000E-02  7.08330000E-04
2001-12-22T00:05:48.304  4.49720000E-05  1.29660000E-02  7.66550000E-04
2001-12-22T00:05:49.304 -7.18680000E-04  1.28360000E-02  7.71820000E-04
2001-12-22T00:05:50.304 -2.81740000E-04  1.39430000E-02  4.94990000E-04
2001-12-22T00:05:51.304 -3.65420000E-04  1.28030000E-02  5.78870000E-04
2001-12-22T00:05:52.304 -3.74310000E-04  1.24390000E-02  7.85440000E-04
2001-12-22T00:05:53.304 -4.12640000E-04  1.19330000E-02  6.66940000E-04
2001-12-22T00:05:54.304 -2.10750000E-04  1.24220000E-02  8.76530000E-04
2001-12-22T00:05:55.304  1.59780000E-04  1.14030000E-02  3.64780000E-04
2001-12-22T00:05:56.304 -5.68310000E-04  1.22150000E-02  4.94340000E-04
2001-12-22T00:05:57.304 -5.67640000E-04  1.08550000E-02  9.86070000E-04
2001-12-22T00:05:58.304 -1.92620000E-04  1.18600000E-02  4.38510000E-04
2001-12-22T00:05:59.304 -5.56080000E-06  1.02990000E-02  5.83060000E-04
2001-12-22T00:06:00.304 -7.07320000E-04  1.12630000E-02  1.07080000E-03
2001-12-22T00:06:01.304  3.12860000E-05  1.06020000E-02  4.63740000E-04
2001-12-22T00:06:02.304 -4.03400000E-04  1.02680000E-02  4.99160000E-04
2001-12-22T00:06:03.304  1.90330000E-04  1.02250000E-02  7.08670000E-04
2001-12-22T00:06:04.304 -5.53980000E-04  1.06320000E-02  7.31610000E-04
2001-12-22T00:06:05.304 -2.26070000E-04  1.00240000E-02  8.79460000E-04
2001-12-22T00:06:06.304  1.41070000E-04  1.02710000E-02  4.84480000E-04
2001-12-22T00:06:07.304 -7.45630000E-04  8.98740000E-03  6.49130000E-04
2001-12-22T00:06:08.304 -4.65100000E-04  9.94770000E-03  6.65300000E-04
2001-12-22T00:06:09.304  3.27580000E-04  9.68890000E-03  5.36620000E-04
2001-12-22T00:06:10.304 -3.82910000E-04  9.68800000E-03  9.12040000E-04
2001-12-22T00:06:11.304 -3.05810000E-04  8.91620000E-03  7.34390000E-04
2001-12-22T00:06:12.304 -4.36990000E-05  1.02190000E-02  8.42330000E-04
2001-12-22T00:06:13.304  2.40640000E-04  9.34780000E-03  7.18720000E-05
2001-12-22T00:06:14.304 -8.31220000E-04  9.21820000E-03  1.14040000E-03
2001-12-22T00:06:15.304 -5.17530000E-04  8.72650000E-03  1.24080000E-04
2001-12-22T00:06:16.304  4.27160000E-05  9.75940000E-03  1.11330000E-03
2001-12-22T00:06:17.304  4.95890000E-04  9.22670000E-03  7.55950000E-04
2001-12-22T00:06:18.304 -3.28770000E-04  9.09820000E-03  9.45240000E-04
2001-12-22T00:06:19.304 -2.23580000E-04  8.33310000E-03  4.76790000E-04
2001-12-22T00:06:20.304 -2.82460000E-04  8.52600000E-03  7.93230000E-04
2001-12-22T00:06:21.304 -2.35030000E-04  8.24120000E-03  5.14550000E-04
2001-12-22T00:06:22.304 -2.29610000E-04  8.51900000E-03  7.99010000E-04
2001-12-22T00:06:23.304 -5.51900000E-05  8.13090000E-03  8.75190000E-04
2001-12-22T00:06:24.304 -2.84140000E-04  8.45020000E-03  7.76720000E-04
2001-12-22T00:06:25.304 -9.35770000E-05  8.00040000E-03  4.91410000E-04
2001-12-22T00:06:26.304 -1.37470000E-04  8.36960000E-03  1.01250000E-03
2001-12-22T00:06:27.304 -1.40690000E-04  7.88780000E-03  1.75440000E-04
2001-12-22T00:06:28.304 -4.81020000E-04  7.63110000E-03  1.01160000E-03
2001-12-22T00:06:29.304 -1.10260000E-03  6.83610000E-03  3.11710000E-04
2001-12-22T00:06:30.304  2.95510000E-04  7.53400000E-03  6.70520000E-04
2001-12-22T00:06:31.304  2.11210000E-04  7.75650000E-03  4.72010000E-04
2001-12-22T00:06:32.304 -1.25570000E-04  7.55470000E-03  9.97840000E-04
2001-12-22T00:06:33.304 -1.03930000E-03  6.53460000E-03  7.58860000E-04
2001-12-22T00:06:34.304 -9.44470000E-05  7.46010000E-03  1.48350000E-04
2001-12-22T00:06:35.304  4.40150000E-04  7.47920000E-03  8.80690000E-04
2001-12-22T00:06:36.304 -2.32470000E-04  7.02330000E-03  8.97760000E-04
2001-12-22T00:06:37.304 -9.14350000E-04  6.26680000E-03  3.70230000E-05
2001-12-22T00:06:38.304  4.06100000E-04  7.58230000E-03  1.40190000E-03
2001-12-22T00:06:39.304 -7.30440000E-04  5.76640000E-03 -2.21110000E-04
2001-12-22T00:06:40.304  4.22990000E-04  6.60210000E-03  1.12680000E-03
2001-12-22T00:06:41.304 -6.19950000E-04  5.88870000E-03  6.39730000E-04
2001-12-22T00:06:42.304  2.28950000E-04  6.47720000E-03  7.33190000E-04
2001-12-22T00:06:43.304 -5.33390000E-04  6.36830000E-03  6.07410000E-04
2001-12-22T00:06:44.304  5.80550000E-05  6.09820000E-03  6.55910000E-04
2001-12-22T00:06:45.304 -3.44610000E-04  5.87930000E-03  4.77260000E-04
2001-12-22T00:06:46.304  1.29840000E-04  6.12260000E-03  6.63080000E-04
2001-12-22T00:06:47.304 -7.04220000E-04  5.26560000E-03  7.66990000E-04
2001-12-22T00:06:48.304  5.94630000E-05  5.88370000E-03  1.39460000E-04
2001-12-22T00:06:49.304 -3.77810000E-04  5.76410000E-03  8.85610000E-04
2001-12-22T00:06:50.304 -1.57550000E-04  4.95960000E-03  4.12120000E-04
2001-12-22T00:06:51.304  5.41650000E-05  5.46640000E-03  5.38820000E-04
2001-12-22T00:06:52.304 -1.42560000E-04  5.55720000E-03  5.96950000E-04
2001-12-22T00:06:53.304 -3.67330000E-04  4.38660000E-03  6.16760000E-04
2001-12-22T00:06:54.304  3.01250000E-05  5.27110000E-03  8.19160000E-04
2001-12-22T00:06:55.304 -1.59370000E-04  4.97240000E-03  2.32900000E-04
2001-12-22T00:06:56.304  2.47550000E-04  4.63640000E-03  9.72090000E-04
2001-12-22T00:06:57.304 -6.23760000E-04  4.16690000E-03  1.75360000E-04
2001-12-22T00:06:58.304  1.66990000E-04  4.31870000E-03  9.45550000E-04
2001-12-22T00:06:59.304 -2.46680000E-04  3.80630000E-03  2.86690000E-04
2001-12-22T00:07:00.304 -2.92110000E-04  4.10100000E-03  1.02020000E-03
2001-12-22T00:07:01.304 -3.53000000E-04  3.85120000E-03  2.26940000E-04
2001-12-22T00:07:02.304 -6.17380000E-05  3.62730000E-03  7.96440000E-04
2001-12-22T00:07:03.304 -2.64680000E-04  3.57710000E-03  4.66120000E-04
2001-12-22T00:07:04.304 -1.87530000E-04  3.71140000E-03  6.10250000E-04
2001-12-22T00:07:05.304 -1.43640000E-04  3.49300000E-03  1.07150000E-04
2001-12-22T00:07:06.304 -7.13130000E-05  3.31800000E-03  6.94250000E-04
2001-12-22T00:07:07.304 -1.46690000E-04  3.19320000E-03  5.15470000E-04
2001-12-22T00:07:08.304 -4.49010000E-04  2.88630000E-03  6.46620000E-04
2001-12-22T00:07:09.304  2.24580000E-04  2.65760000E-03  5.29040000E-04
2001-12-22T00:07:10.304 -2.24480000E-04  3.23230000E-03  4.93230000E-04
2001-12-22T00:07:11.304  1.23270000E-04  2.59650000E-03  6.41010000E-04
2001-12-22T00:07:12.304 -1.78590000E-04  2.48700000E-03  4.39220000E-04
2001-12-22T00:07:13.304 -8.81800000E-05  2.77180000E-03  4.73260000E-04
2001-12-22T00:07:14.304  2.58070000E-04  2.33610000E-03  7.21830000E-04
2001-12-22T00:07:15.304 -7.99500000E-04  2.31720000E-03  4.21230000E-04
2001-12-22T00:07:16.304  3.42530000E-04  2.28960000E-03  4.88010000E-04
2001-12-22T00:07:17.304 -3.27320000E-04  2.51070000E-03  8.61610000E-04
2001-12-22T00:07:18.304 -6.39080000E-05  1.91580000E-03  3.08530000E-05
2001-12-22T00:07:19.304 -3.34330000E-05  2.11140000E-03  6.43540000E-04
2001-12-22T00:07:20.304 -3.21170000E-04  2.17400000E-03  5.45500000E-04
2001-12-22T00:07:21.304  3.01970000E-04  1.40360000E-03  4.81180000E-04
2001-12-22T00:07:22.304 -6.29310000E-04  2.20130000E-03  6.61430000E-04
2001-12-22T00:07:23.304  1.39700000E-04  1.56570000E-03  1.17420000E-04
2001-12-22T00:07:24.304  1.52290000E-05  1.26010000E-03  7.38670000E-04
2001-12-22T00:07:25.304 -2.13710000E-04  1.69360000E-03  4.66940000E-04
2001-12-22T00:07:26.304 -4.06610000E-04  1.72560000E-03  8.86530000E-04
2001-12-22T00:07:27.304  3.33400000E-04  1.29440000E-03 -2.19200000E-05
2001-12-22T00:07:28.304 -2.77320000E-06  1.16870000E-03  7.37300000E-04
2001-12-22T00:07:29.304 -4.48610000E-04  1.51110000E-03  6.83540000E-04
2001-12-22T00:07:30.304 -1.12320000E-04  1.75690000E-03  3.30870000E-04
2001-12-22T00:07:31.304  5.26720000E-05  9.44450000E-04  7.50720000E-04
2001-12-22T00:07:32.304 -6.48600000E-05  8.76900000E-04  4.99820000E-04
2001-12-22T00:07:33.304  7.13630000E-05  1.07370000E-03  1.70740000E-04
2001-12-22T00:07:34.304 -2.26140000E-04  9.58030000E-04  5.51750000E-04
2001-12-22T00:07:35.304 -4.42020000E-04  1.29340000E-03  6.42970000E-04
2001-12-22T00:07:36.304 -4.36400000E-05  1.29210000E-03  5.62730000E-04
2001-12-22T00:07:37.304  6.97480000E-05  8.39990000E-04  5.08220000E-04
2001-12-22T00:07:38.304 -2.02360000E-04  7.13150000E-04  5.99970000E-04
2001-12-22T00:07:39.304  6.33630000E-05  7.54870000E-04  3.56190000E-04
2001-12-22T00:07:40.304  5.87190000E-05  8.43010000E-04  3.80260000E-04
2001-12-22T00:07:41.304 -4.81760000E-05  5.08620000E-04  5.33080000E-04
2001-12-22T00:07:42.304 -2.54350000E-04  1.12560000E-03  8.36430000E-04
2001-12-22T00:07:43.304 -2.26800000E-04  5.35370000E-04  2.35730000E-04
2001-12-22T00:07:44.304 -2.33810000E-05  9.21220000E-04  4.98080000E-04
2001-12-22T00:07:45.304 -2.55560000E-04  7.31850000E-04  5.21900000E-04
2001-12-22T00:07:46.304 -2.59900000E-05  1.01630000E-03  1.44130000E-04
2001-12-22T00:07:47.304 -4.25870000E-04  4.23910000E-04  9.95790000E-04
2001-12-22T00:07:48.304  2.02000000E-04  6.04130000E-04  2.57720000E-04
2001-12-22T00:07:49.304 -3.81290000E-04  5.39100000E-04  5.07560000E-04
2001-12-22T00:07:50.304 -9.07940000E-05  1.49980000E-04  5.03360000E-04
2001-12-22T00:07:51.304 -3.40550000E-04  4.43470000E-04  5.72180000E-04
2001-12-22T00:07:52.304  2.77670000E-04  3.05560000E-04  5.55710000E-04
2001-12-22T00:07:53.304 -4.40240000E-04  2.60230000E-04  6.78180000E-04
2001-12-22T00:07:54.304  2.11180000E-04  3.14860000E-04  5.60550000E-04
2001-12-22T00:07:55.304 -1.44640000E-04  3.64340000E-04  3.43870000E-04
2001-12-22T00:07:56.304 -2.17150000E-04 -5.96270000E-05  6.80300000E-04
2001-12-22T00:07:57.304  6.75360000E-05  4.44870000E-04 -2.12930000E-04
2001-12-22T00:07:58.304  7.93510000E-05  2.94130000E-04  8.97040000E-04
2001-12-22T00:07:59.304 -5.34710000E-04  5.40100000E-05  7.49540000E-04
2001-12-22T00:08:00.304  2.55600000E-04  4.94310000E-04  1.50590000E-04
2001-12-22T00:08:01.304 -1.25510000E-04  3.15560000E-04  3.58860000E-04
2001-12-22T00:08:02.304 -6.77230000E-04  7.87390000E-05  6.62860000E-04
2001-12-22T00:08:03.304  9.06780000E-05  4.99030000E-04  4.58620000E-04
2001-12-22T00:08:04.304 -4.47950000E-04  5.39720000E-05  1.09060000E-04
2001-12-22T00:08:05.304  8.27950000E-05  3.94470000E-04  1.03700000E-03
2001-12-22T00:08:06.304 -8.31240000E-05  3.15860000E-04  2.71310000E-04
2001-12-22T00:08:07.304 -3.24170000E-04 -3.81440000E-04  5.66540000E-04
2001-12-22T00:08:08.304  2.92900000E-04  3.08440000E-04  5.54130000E-04
2001-12-22T00:08:09.304 -3.41250000E-05 -3.51240000E-05  2.45670000E-04
2001-12-22T00:08:10.304 -2.23480000E-04 -1.87140000E-04  9.04800000E-04
2001-12-22T00:08:11.304 -7.37410000E-05  2.89130000E-04  6.19400000E-05
2001-12-22T00:08:12.304 -4.40880000E-04 -3.13410000E-05  9.85580000E-04
2001-12-22T00:08:13.304 -1.45920000E-05  4.97050000E-05  2.45520000E-04
2001-12-22T00:08:14.304 -6.12880000E-04  1.47760000E-04  7.21250000E-04
2001-12-22T00:08:15.304  3.63780000E-05  1.60570000E-04  2.82860000E-04
2001-12-22T00:08:16.304 -9.60150000E-05 -2.03860000E-04  1.51180000E-04
2001-12-22T00:08:17.304 -1.23510000E-04 -1.96680000E-04  5.24800000E-04
2001-12-22T00:08:18.304  4.11570000E-04 -1.50210000E-04  8.36950000E-04
2001-12-22T00:08:19.304 -3.83030000E-04 -1.43250000E-04  2.44400000E-04
2001-12-22T00:08:20.304 -9.99460000E-05  4.99760000E-04  8.34530000E-04
2001-12-22T00:08:21.304 -2.59790000E-04 -1.04520000E-04  4.32600000E-06
2001-12-22T00:08:22.304 -7.77010000E-05 -3.30300000E-05  4.85330000E-04
2001-12-22T00:08:23.304 -1.82290000E-04  5.37160000E-05  6.55970000E-04
2001-12-22T00:08:24.304 -1.58590000E-05 -6.07810000E-04  2.76020000E-04
2001-12-22T00:08:25.304  2.21290000E-04  2.41170000E-04  5.09330000E-04
2001-12-22T00:08:26.304 -4.01510000E-04 -1.81300000E-04  1.13310000E-03
2001-12-22T00:08:27.304 -5.59550000E-05  1.06610000E-04 -1.02200000E-04
2001-12-22T00:08:28.304 -4.94670000E-04  1.72100000E-04  5.98680000E-04
2001-12-22T00:08:29.304  5.27840000E-05  1.48840000E-05  4.66600000E-04
2001-12-22T00:08:30.304 -1.11610000E-04 -4.28970000E-04  3.08010000E-04
2001-12-22T00:08:31.304 -4.96170000E-05 -2.81210000E-04  8.25700000E-04
2001-12-22T00:08:32.304  8.15170000E-05 -8.10260000E-06  4.30330000E-04
2001-12-22T00:08:33.304 -3.03950000E-04 -2.25140000E-04  4.59420000E-04
2001-12-22T00:08:34.304 -1.10890000E-04  3.68780000E-04  3.82860000E-04
2001-12-22T00:08:35.304 -4.02340000E-04 -2.85590000E-04  4.97580000E-04
2001-12-22T00:08:36.304  2.43190000E-04 -2.20650000E-04  5.18530000E-04
2001-12-22T00:08:37.304 -3.17990000E-04 -3.00540000E-04  7.57730000E-04
2001-12-22T00:08:38.304  2.26050000E-04  3.20630000E-05  3.66360000E-04
2001-12-22T00:08:39.304 -5.29660000E-04 -3.77700000E-04  4.59100000E-04
2001-12-22T00:08:40.304 -3.72350000E-04  3.01880000E-04  4.35360000E-04
2001-12-22T00:08:41.304 -1.31710000E-04 -1.23210000E-04  5.35340000E-04
2001-12-22T00:08:42.304 -2.04930000E-04 -2.46110000E-04  3.23420000E-04
2001-12-22T00:08:43.304  2.49780000E-04 -2.63620000E-04  9.31170000E-04
2001-12-22T00:08:44.304 -2.03800000E-04 -4.07700000E-04  3.00910000E-04
2001-12-22T00:08:45.304 -6.21730000E-06 -3.13160000E-05  1.94320000E-04
2001-12-22T00:08:46.304 -5.81880000E-04 -1.03060000E-04  8.28170000E-04
2001-12-22T00:08:47.304  2.11750000E-06  3.58550000E-04  5.07320000E-04
2001-12-22T00:08:48.304 -4.87530000E-04 -4.90840000E-04  2.55640000E-04
2001-12-22T00:08:49.304  3.42270000E-04 -4.12330000E-05  8.05600000E-04
2001-12-22T00:08:50.304 -3.51600000E-04 -4.49470000E-04  6.05870000E-04
2001-12-22T00:08:51.304  2.98740000E-04 -7.65720000E-05 -1.79660000E-05
2001-12-22T00:08:52.304 -5.18970000E-04  8.80380000E-05  9.30160000E-04
2001-12-22T00:08:53.304 -1.45060000E-04 -8.47320000E-05  3.59180000E-04
2001-12-22T00:08:54.304 -2.89230000E-05 -1.81170000E-04  1.05660000E-04
2001-12-22T00:08:55.304 -2.99500000E-04  5.04850000E-07  8.68910000E-04
2001-12-22T00:08:56.304  1.68130000E-04 -6.09640000E-04  3.23330000E-04
2001-12-22T00:08:57.304 -3.52210000E-04 -3.20990000E-04  7.00670000E-04
2001-12-22T00:08:58.304 -9.03420000E-05  3.26010000E-04  1.32780000E-04
2001-12-22T00:08:59.304 -3.28440000E-04 -3.09660000E-04  3.10500000E-04
2001-12-22T00:09:00.304  3.72700000E-04  8.50650000E-05  4.99660000E-04
2001-12-22T00:09:01.304 -4.30070000E-04 -6.24990000E-04  7.52430000E-04
2001-12-22T00:09:02.304  1.31850000E-04 -3.25750000E-04  7.16410000E-04
2001-12-22T00:09:03.304 -3.87160000E-04 -3.66320000E-04  2.98760000E-04
2001-12-22T00:09:04.304 -1.41690000E-04  4.77220000E-04  1.38970000E-04
2001-12-22T00:09:05.304 -4.27850000E-04 -4.52120000E-04  5.89670000E-04
2001-12-22T00:09:06.304  3.63840000E-04 -2.00670000E-04  5.42030000E-04
2001-12-22T00:09:07.304 -1.03600000E-04 -4.75580000E-04  4.16430000E-04
2001-12-22T00:09:08.304 -5.63290000E-05 -2.17670000E-04  6.64550000E-04
2001-12-22T00:09:09.304 -3.20280000E-04 -2.05070000E-04 -2.10690000E-04
2001-12-22T00:09:10.304 -3.00650000E-04  6.59140000E-05  9.41170000E-04
2001-12-22T00:09:11.304  8.19940000E-05 -8.32530000E-05  1.80370000E-04
2001-12-22T00:09:12.304  1.17120000E-05 -7.49750000E-04  9.34100000E-04
2001-12-22T00:09:13.304 -2.78320000E-05 -7.51950000E-05  3.16440000E-04
2001-12-22T00:09:14.304 -4.59580000E-04 -2.52630000E-04  4.19530000E-04
2001-12-22T00:09:15.304 -1.60620000E-06  1.94730000E-04 -4.07650000E-05
2001-12-22T00:09:16.304 -4.15310000E-04 -3.27690000E-04  1.05190000E-03
2001-12-22T00:09:17.304  1.42320000E-04 -6.08640000E-05  2.91510000E-04
2001-12-22T00:09:18.304 -3.49380000E-05 -7.46750000E-04  7.37030000E-04
2001-12-22T00:09:19.304  1.57280000E-04  1.00350000E-04  3.30510000E-04
2001-12-22T00:09:20.304 -6.35000000E-04 -2.16270000E-04  3.85720000E-04
2001-12-22T00:09:21.304 -1.30850000E-04  7.89340000E-05  6.43660000E-04
2001-12-22T00:09:22.304 -1.99360000E-04 -4.18560000E-04  5.41860000E-04
2001-12-22T00:09:23.304  3.21260000E-04 -2.11930000E-04  3.52480000E-04
2001-12-22T00:09:24.304 -1.24240000E-04 -4.88700000E-04  3.75870000E-04
2001-12-22T00:09:25.304 -1.92980000E-04 -2.69170000E-04  8.03790000E-04
2001-12-22T00:09:26.304 -3.73160000E-04  2.16530000E-04  5.58910000E-04
2001-12-22T00:09:27.304 -2.06610000E-04 -3.50880000E-04  1.89450000E-04
2001-12-22T00:09:28.304  4.58150000E-05 -4.90340000E-04  4.12700000E-04
2001-12-22T00:09:29.304 -8.49930000E-05 -3.21950000E-04  6.93360000E-04
2001-12-22T00:09:30.304  1.55190000E-04  2.20700000E-04  7.19000000E-04
2001-12-22T00:09:31.304 -5.84720000E-04 -3.98260000E-04  5.21120000E-04
2001-12-22T00:09:32.304 -4.47040000E-04 -2.61520000E-05  2.68740000E-04
2001-12-22T00:09:33.304  1.08860000E-04 -6.23070000E-04  7.09160000E-04
2001-12-22T00:09:34.304  4.32690000E-04 -9.16990000E-05  3.29290000E-04
2001-12-22T00:09:35.304 -6.69910000E-04 -5.81640000E-04  7.53560000E-04
2001-12-22T00:09:36.304  1.98470000E-04  3.95820000E-04  1.53940000E-04
2001-12-22T00:09:37.304 -7.90040000E-04 -3.94500000E-04  4.48310000E-04
2001-12-22T00:09:38.304  4.00640000E-05  2.04230000E-04  4.40950000E-04
2001-12-22T00:09:39.304 -1.49610000E-04 -6.01880000E-04  3.70040000E-04
2001-12-22T00:09:40.304  2.34290000E-04 -2.77460000E-04  6.39080000E-04
2001-12-22T00:09:41.304 -6.06260000E-04 -6.39970000E-04  6.46360000E-04
2001-12-22T00:09:42.304  5.68930000E-05  4.32420000E-04  2.60020000E-04
2001-12-22T00:09:43.304 -4.97330000E-04 -3.58300000E-04  3.62540000E-04
2001-12-22T00:09:44.304  2.78980000E-04 -2.05490000E-04  7.80390000E-04
2001-12-22T00:09:45.304 -1.65810000E-04 -4.04490000E-04  5.80850000E-04
2001-12-22T00:09:46.304  2.03360000E-04 -2.68590000E-04  2.62720000E-04
2001-12-22T00:09:47.304 -2.94630000E-04  1.06810000E-05  7.98100000E-04
2001-12-22T00:09:48.304 -4.66430000E-04 -7.21150000E-06  3.23040000E-04
2001-12-22T00:09:49.304 -1.28890000E-04 -2.58160000E-04  5.79080000E-04
2001-12-22T00:09:50.304 -5.80390000E-06 -4.38720000E-04  2.57800000E-04
2001-12-22T00:09:51.304  1.91840000E-04 -3.90370000E-04  4.10440000E-04
2001-12-22T00:09:52.304 -6.18020000E-04 -8.38150000E-05  7.27430000E-04
2001-12-22T00:09:53.304 -1.65260000E-05  4.57250000E-05  3.64510000E-04
2001-12-22T00:09:54.304 -3.19620000E-04 -3.58710000E-04  1.88490000E-04
2001-12-22T00:09:55.304 -1.36350000E-05  1.83440000E-05  1.04670000E-03
2001-12-22T00:09:56.304 -3.37330000E-05 -9.12980000E-04  3.71160000E-04
2001-12-22T00:09:57.304 -1.09460000E-06  3.39420000E-05  6.86730000E-04
2001-12-22T00:09:58.304 -5.38030000E-04 -2.37040000E-04  2.63270000E-04
2001-12-22T00:09:59.304  1.78230000E-05  1.40120000E-04  5.96220000E-04
2001-12-22T00:10:00.304 -1.59010000E-04 -4.44940000E-04  3.17280000E-04
2001-12-22T00:10:01.304  8.53270000E-06 -2.54050000E-04  1.65760000E-04
2001-12-22T00:10:02.304 -2.98700000E-04 -7.10550000E-04  1.01690000E-03
2001-12-22T00:10:03.304  9.44640000E-05  5.87850000E-05  6.72810000E-05
2001-12-22T00:10:04.304 -5.64990000E-04 -1.55040000E-04  6.59440000E-04
2001-12-22T00:10:05.304  1.85270000E-04  5.50240000E-05  3.43950000E-04
2001-12-22T00:10:06.304 -2.93720000E-04 -6.40720000E-04  7.20150000E-04
2001-12-22T00:10:07.304  8.82610000E-05 -1.81310000E-04  1.47360000E-05
2001-12-22T00:10:08.304 -2.40900000E-04 -3.73820000E-04  8.38720000E-04
2001-12-22T00:10:09.304 -1.94930000E-04  1.76700000E-04  5.77650000E-04
2001-12-22T00:10:10.304 -5.82630000E-04 -2.09450000E-04  2.46910000E-04
2001-12-22T00:10:11.304  2.58980000E-04 -1.13130000E-04  4.18990000E-04
2001-12-22T00:10:12.304 -8.32240000E-05 -4.38530000E-04  8.36490000E-04
2001-12-22T00:10:13.304 -1.24280000E-05 -3.40710000E-04  3.49650000E-04
2001-12-22T00:10:14.304 -4.23730000E-04 -2.91240000E-04  3.81730000E-04
2001-12-22T00:10:15.304 -7.98140000E-05 -8.49040000E-05  8.13680000E-04
2001-12-22T00:10:16.304 -7.03320000E-05 -2.17920000E-04  2.00760000E-04
2001-12-22T00:10:17.304  1.51950000E-05 -5.07440000E-04  8.22500000E-04
2001-12-22T00:10:18.304  4.39010000E-05 -3.36400000E-04  1.94250000E-04
2001-12-22T00:10:19.304 -3.57000000E-04 -2.55570000E-04  4.59700000E-04
2001-12-22T00:10:20.304 -1.90960000E-04  2.72910000E-04  9.05890000E-04
2001-12-22T00:10:21.304 -6.06890000E-04 -4.12390000E-04  4.03770000E-04
2001-12-22T00:10:22.304  5.03310000E-04 -2.68160000E-04  3.63680000E-04
2001-12-22T00:10:23.304 -4.58810000E-04 -6.44030000E-04  4.73960000E-04
2001-12-22T00:10:24.304  1.37920000E-04  1.76830000E-04  1.84470000E-04
2001-12-22T00:10:25.304 -6.03380000E-04 -4.72050000E-04  9.39920000E-04
2001-12-22T00:10:26.304 -1.70580000E-04  5.34640000E-04  3.77030000E-04
2001-12-22T00:10:27.304 -2.21250000E-04 -5.69600000E-04  4.23080000E-04
2001-12-22T00:10:28.304  7.20850000E-05 -1.86780000E-04  5.38910000E-04
2001-12-22T00:10:29.304 -4.16790000E-04 -6.99200000E-04  4.79820000E-04
2001-12-22T00:10:30.304  1.93720000E-04  2.86220000E-05  3.80070000E-04
2001-12-22T00:10:31.304 -5.27150000E-04 -2.04800000E-04  3.55070000E-04
2001-12-22T00:10:32.304  5.89750000E-05  3.38570000E-04  7.04340000E-04
2001-12-22T00:10:33.304 -6.61150000E-04 -6.25670000E-04  2.98730000E-04
2001-12-22T00:10:34.304  2.94820000E-04 -1.84480000E-04  7.81810000E-04
2001-12-22T00:10:35.304 -1.41990000E-04 -6.08220000E-04  7.18120000E-05
2001-12-22T00:10:36.304  7.58910000E-05  2.13930000E-04  5.91380000E-04
2001-12-22T00:10:37.304 -4.74280000E-04 -2.96200000E-04  4.16610000E-04
2001-12-22T00:10:38.304 -6.22540000E-05  5.64020000E-05  4.37010000E-04
2001-12-22T00:10:39.304 -2.38890000E-04 -4.75690000E-04  7.49910000E-04
2001-12-22T00:10:40.304  3.61850000E-04 -5.40710000E-04  3.79580000E-04
2001-12-22T00:10:41.304 -2.88690000E-04 -2.28550000E-04  5.84350000E-04
2001-12-22T00:10:42.304 -3.33780000E-04  5.22950000E-06  3.19380000E-04
2001-12-22T00:10:43.304 -4.48430000E-04 -4.02230000E-04  4.73780000E-04
2001-12-22T00:10:44.304  1.62360000E-04 -8.89500000E-05  7.71850000E-04
2001-12-22T00:10:45.304 -3.66530000E-04 -2.25920000E-04  3.58820000E-04
2001-12-22T00:10:46.304  2.36370000E-04 -4.15870000E-04  3.71080000E-04
2001-12-22T00:10:47.304 -3.62660000E-04 -2.35570000E-04  6.81100000E-04
2001-12-22T00:10:48.304 -3.23190000E-04 -6.00170000E-05  2.04910000E-04
2001-12-22T00:10:49.304 -3.56770000E-05 -6.04840000E-05  4.06830000E-04
2001-12-22T00:10:50.304  1.73210000E-04 -1.95740000E-04  8.36620000E-04
2001-12-22T00:10:51.304  8.76090000E-05 -2.62880000E-04 -3.48160000E-04
2001-12-22T00:10:52.304 -3.03520000E-04 -3.24200000E-04  8.82670000E-04
2001-12-22T00:10:53.304  3.09990000E-04  2.54390000E-04  4.66730000E-04
2001-12-22T00:10:54.304 -8.47430000E-04 -5.27860000E-04  8.41740000E-04
2001-12-22T00:10:55.304  4.24210000E-04 -4.92080000E-04  1.87990000E-04
2001-12-22T00:10:56.304 -3.24540000E-04 -5.73860000E-04  5.96770000E-04
2001-12-22T00:10:57.304  3.62690000E-04  1.81850000E-04  1.30670000E-04
2001-12-22T00:10:58.304 -8.52930000E-04 -2.60790000E-05  5.89980000E-04
2001-12-22T00:10:59.304  6.16940000E-05 -1.39570000E-04  8.16040000E-04
2001-12-22T00:11:00.304 -3.33690000E-04 -6.65150000E-04  4.32710000E-04
2001-12-22T00:11:01.304  7.74140000E-05  2.96840000E-05  4.13760000E-04
2001-12-22T00:11:02.304 -2.12380000E-04 -6.28690000E-04  9.50170000E-04
2001-12-22T00:11:03.304 -8.60830000E-05  4.62780000E-05 -1.03530000E-04
2001-12-22T00:11:04.304 -4.81960000E-04  1.05000000E-04  9.64610000E-04
2001-12-22T00:11:05.304  2.87510000E-05 -3.48930000E-04  1.73250000E-04
2001-12-22T00:11:06.304 -2.13970000E-04 -6.22580000E-04  5.01380000E-04
2001-12-22T00:11:07.304  1.69810000E-04 -2.57430000E-04  8.60770000E-04
2001-12-22T00:11:08.304 -9.03440000E-05 -1.29710000E-05  1.40500000E-04
2001-12-22T00:11:09.304 -3.88180000E-04 -2.15200000E-04  5.44160000E-04
2001-12-22T00:11:10.304 -3.52770000E-04  2.06100000E-04  5.49780000E-04
2001-12-22T00:11:11.304 -4.47570000E-06 -5.54900000E-04  7.48830000E-04
2001-12-22T00:11:12.304  3.08710000E-04 -4.84620000E-04  2.66850000E-04
2001-12-22T00:11:13.304 -2.91780000E-04 -3.90580000E-04  8.07350000E-04
2001-12-22T00:11:14.304 -8.67040000E-05  5.28860000E-04  1.38670000E-04
2001-12-22T00:11:15.304 -5.00060000E-04 -5.04340000E-04  5.78000000E-04
2001-12-22T00:11:16.304  2.06560000E-04  6.06560000E-05  4.40230000E-04
2001-12-22T00:11:17.304 -2.72340000E-04 -7.93890000E-04  2.98450000E-04
2001-12-22T00:11:18.304  5.12280000E-05  1.09470000E-05  6.63900000E-04
2001-12-22T00:11:19.304 -2.71350000E-04 -1.78810000E-04  5.75200000E-04
2001-12-22T00:11:20.304 -2.79340000E-04  1.29910000E-04  5.94650000E-04
2001-12-22T00:11:21.304 -4.33600000E-04 -4.03600000E-04  4.69190000E-04
2001-12-22T00:11:22.304  1.45480000E-04  1.25970000E-04  2.79350000E-04
2001-12-22T00:11:23.304 -1.48430000E-04 -6.99200000E-04  4.67980000E-04
2001-12-22T00:11:24.304  1.89140000E-04 -2.30610000E-04  5.86560000E-04
2001-12-22T00:11:25.304 -7.67530000E-04 -4.57630000E-04  3.27760000E-04
2001-12-22T00:11:26.304 -4.61400000E-05  2.50940000E-04  7.51580000E-04
2001-12-22T00:11:27.304 -5.33300000E-04 -1.23130000E-04  1.89390000E-04
2001-12-22T00:11:28.304  3.68030000E-04 -4.37120000E-04  8.05690000E-04
2001-12-22T00:11:29.304 -1.34670000E-04 -2.33600000E-04  1.73490000E-05
2001-12-22T00:11:30.304 -1.07540000E-04 -3.94480000E-04  9.46520000E-04
2001-12-22T00:11:31.304 -3.48900000E-04 -1.63570000E-04  1.67440000E-04
2001-12-22T00:11:32.304 -3.48600000E-04  1.28840000E-04  6.67270000E-04
2001-12-22T00:11:33.304 -3.82760000E-05 -3.66140000E-04  3.51290000E-04
2001-12-22T00:11:34.304  1.61660000E-04 -5.62020000E-04  2.93210000E-04
2001-12-22T00:11:35.304  1.21930000E-04 -1.51490000E-05  2.94600000E-04
2001-12-22T00:11:36.304 -5.31450000E-04 -3.29980000E-04  9.60580000E-04
2001-12-22T00:11:37.304 -3.03740000E-04  1.89500000E-05  7.46940000E-04
2001-12-22T00:11:38.304 -3.43150000E-04 -1.28940000E-04  3.48630000E-05
2001-12-22T00:11:39.304  1.41570000E-04 -1.54600000E-04  5.88260000E-04
2001-12-22T00:11:40.304 -3.19380000E-04 -6.70330000E-04  8.40770000E-04
2001-12-22T00:13:18.104 -1.95590000E-04 -7.79280000E-05  3.97070000E-04
2001-12-22T00:13:19.104 -3.08250000E-04 -2.67160000E-04  8.11880000E-04
2001-12-22T00:13:20.104  6.88950000E-05 -4.32870000E-04  1.12860000E-04
2001-12-22T00:13:21.104 -1.13270000E-04 -4.17790000E-04  6.40840000E-04
2001-12-22T00:13:22.104 -1.80820000E-04 -1.39370000E-04  1.90710000E-04
2001-12-22T00:13:23.104 -5.08840000E-04 -1.54120000E-04  3.06760000E-04
