2001-10-29T12:05:53.289 -3.60060000E-04 -3.07770000E-04  3.70890000E-04
2001-10-29T12:05:54.289 -5.02140000E-05 -3.36750000E-04  3.10670000E-04
2001-10-29T12:05:55.289 -5.16380000E-05 -2.08150000E-04  4.56690000E-04
2001-10-29T12:05:56.289 -9.55600000E-05 -7.21090000E-05  4.06370000E-04
2001-10-29T12:05:57.289  2.77210000E-05 -2.49690000E-04  4.05130000E-04
2001-10-29T12:05:58.289 -6.06330000E-05 -3.39950000E-04  4.29700000E-04
2001-10-29T12:05:59.289 -1.28530000E-04 -1.28970000E-04  4.14100000E-04
2001-10-29T12:06:00.289 -2.36240000E-04 -2.44820000E-04  3.49170000E-04
2001-10-29T12:06:01.289 -4.33250000E-05 -2.47380000E-04  4.86790000E-04
2001-10-29T12:06:02.289 -1.72920000E-04 -2.69790000E-04  4.26440000E-04
2001-10-29T12:06:03.289  3.76500000E-05 -3.05130000E-04  4.12640000E-04
2001-10-29T12:06:04.289 -1.78080000E-04 -2.09430000E-04  4.28690000E-04
2001-10-29T12:06:05.289 -2.02860000E-05 -2.49960000E-04  5.46170000E-04
2001-10-29T12:06:06.289  6.67000000E-05 -1.14280000E-04  3.71730000E-04
2001-10-29T12:06:07.289 -1.89010000E-04 -4.51280000E-04  3.15930000E-04
2001-10-29T12:06:08.289 -1.07080000E-04 -1.60700000E-04  5.88710000E-04
2001-10-29T12:06:09.289 -9.22760000E-05 -3.14130000E-04  3.62070000E-04
2001-10-29T12:06:10.289 -2.62780000E-05 -2.63420000E-04  4.45300000E-04
2001-10-29T12:06:11.289 -1.17640000E-04 -2.96660000E-04  5.37630000E-04
2001-10-29T12:06:12.289 -1.43880000E-04 -2.75730000E-04  3.51000000E-04
2001-10-29T12:06:13.289 -1.30740000E-04 -3.42580000E-04  4.66940000E-04
2001-10-29T12:06:14.289 -1.68350000E-04 -2.42420000E-04  4.10590000E-04
2001-10-29T12:06:15.289 -1.21700000E-04 -2.68310000E-04  7.10070000E-04
2001-10-29T12:06:16.289  6.58140000E-05 -2.66010000E-04  4.09470000E-04
2001-10-29T12:06:17.289 -5.49940000E-05 -1.94650000E-04  2.78990000E-04
2001-10-29T12:06:18.289 -1.27900000E-04 -2.90400000E-04  5.08310000E-04
2001-10-29T12:06:19.289 -1.07010000E-04 -9.93700000E-05  4.35060000E-04
2001-10-29T12:06:20.289 -1.48420000E-04 -4.17340000E-04  5.49900000E-04
2001-10-29T12:06:21.289 -1.19290000E-04 -2.21230000E-04  4.23890000E-04
2001-10-29T12:06:22.289 -2.24000000E-04 -2.45820000E-04  4.68090000E-04
2001-10-29T12:06:23.289 -1.80260000E-04 -2.02310000E-04  3.94810000E-04
2001-10-29T12:06:24.289 -1.67620000E-04 -1.91090000E-04  4.74560000E-04
2001-10-29T12:06:25.289 -6.42810000E-05 -3.09460000E-04  6.48070000E-04
2001-10-29T12:06:26.289 -3.65660000E-05 -2.56110000E-04  3.90380000E-04
2001-10-29T12:06:27.289 -1.21610000E-04 -3.80890000E-04  4.26250000E-04
2001-10-29T12:06:28.289 -5.99260000E-05 -1.27120000E-04  5.25960000E-04
2001-10-29T12:06:29.289 -1.79300000E-04 -3.07220000E-04  3.69260000E-04
2001-10-29T12:06:30.289 -1.00890000E-04 -2.67790000E-04  4.67500000E-04
2001-10-29T12:06:31.289 -2.88560000E-05 -1.88700000E-04  5.99640000E-04
2001-10-29T12:06:32.289 -9.36030000E-05 -3.18900000E-04  2.87530000E-04
2001-10-29T12:06:33.289 -1.75780000E-04 -3.72570000E-04  5.68080000E-04
2001-10-29T12:06:34.289 -5.07010000E-05 -1.75070000E-04  4.66460000E-04
2001-10-29T12:06:35.289 -1.50100000E-04 -4.52600000E-04  4.26430000E-04
2001-10-29T12:06:36.289 -6.93130000E-05 -2.49300000E-04  4.56050000E-04
2001-10-29T12:06:37.289  4.06670000E-05 -2.25620000E-04  5.27040000E-04
2001-10-29T12:06:38.289 -8.78510000E-05 -3.31090000E-04  3.82390000E-04
2001-10-29T12:06:39.289 -9.30320000E-05 -2.72830000E-04  4.19280000E-04
2001-10-29T12:06:40.289 -1.50010000E-04 -1.91740000E-04  3.67550000E-04
2001-10-29T12:06:41.289 -8.14720000E-05 -2.40730000E-04  4.32760000E-04
2001-10-29T12:06:42.289 -1.64430000E-04 -4.02030000E-04  4.87470000E-04
2001-10-29T12:06:43.289  1.18660000E-04 -1.21130000E-04  4.10640000E-04
2001-10-29T12:06:44.289 -2.78530000E-04 -3.35420000E-04  5.08310000E-04
2001-10-29T12:06:45.289  2.60350000E-05 -2.71500000E-04  3.58460000E-04
2001-10-29T12:06:46.289 -2.53220000E-05 -2.48620000E-04  3.61710000E-04
2001-10-29T12:06:47.289 -2.83840000E-04 -2.66470000E-04  5.37660000E-04
2001-10-29T12:06:48.289 -1.85430000E-05 -2.25630000E-04  4.44490000E-04
2001-10-29T12:06:49.289 -1.92490000E-04 -3.45370000E-04  5.77930000E-04
2001-10-29T12:06:50.289  3.48180000E-05 -2.67000000E-04  3.20010000E-04
2001-10-29T12:06:51.289 -1.76550000E-04 -2.68910000E-04  4.33980000E-04
2001-10-29T12:06:52.289  7.22510000E-05 -1.81930000E-04  5.92370000E-04
2001-10-29T12:06:53.289 -2.10540000E-04 -3.69560000E-04  3.96560000E-04
2001-10-29T12:06:54.289 -5.28810000E-05 -1.87060000E-04  5.75660000E-04
2001-10-29T12:06:55.289 -3.86870000E-05 -1.62880000E-04  3.97110000E-04
2001-10-29T12:06:56.289 -2.02950000E-04 -4.16630000E-04  5.38110000E-04
2001-10-29T12:06:57.289  1.08750000E-04 -1.39410000E-04  4.78470000E-04
2001-10-29T12:06:58.289 -2.02220000E-04 -4.11940000E-04  4.89160000E-04
2001-10-29T12:06:59.289  7.84600000E-05 -1.76040000E-04  1.00620000E-04
2001-10-29T12:07:00.289 -1.83330000E-04 -2.78870000E-04  5.48480000E-04
2001-10-29T12:07:01.289 -9.09890000E-05 -2.01200000E-04  5.92420000E-04
2001-10-29T12:07:02.289 -9.02430000E-05 -3.45200000E-04  4.87830000E-04
2001-10-29T12:07:03.289 -9.47930000E-05 -2.89820000E-04  3.76370000E-04
2001-10-29T12:07:04.289 -1.65700000E-04 -2.68170000E-04  5.64200000E-04
2001-10-29T12:07:05.289 -6.38490000E-05 -3.22020000E-04  4.19920000E-04
2001-10-29T12:07:06.289 -9.91950000E-05 -2.72640000E-04  5.80450000E-04
2001-10-29T12:07:07.289 -1.09590000E-04 -2.15570000E-04  5.55620000E-04
2001-10-29T12:07:08.289 -1.27950000E-04 -3.04270000E-04  5.39940000E-04
2001-10-29T12:07:09.289 -1.73400000E-04 -3.44190000E-04  2.97720000E-04
2001-10-29T12:07:10.289  2.10510000E-05 -2.14690000E-04  5.76070000E-04
2001-10-29T12:07:11.289 -2.38620000E-04 -2.08950000E-04  1.69940000E-04
2001-10-29T12:07:12.289 -1.39000000E-04 -1.81100000E-04  7.89930000E-04
2001-10-29T12:07:13.289 -1.11390000E-04 -3.13850000E-04  4.96950000E-04
2001-10-29T12:07:14.289  2.91880000E-05 -1.71190000E-04  4.38210000E-04
2001-10-29T12:07:15.289 -1.82910000E-05 -3.09610000E-04  4.28730000E-04
2001-10-29T12:07:16.289 -2.50270000E-04 -3.02800000E-04  4.26830000E-04
2001-10-29T12:07:17.289  1.33840000E-05 -2.45120000E-04  4.50370000E-04
2001-10-29T12:07:18.289 -2.09110000E-04 -2.15260000E-04  3.12880000E-04
2001-10-29T12:07:19.289  9.22520000E-05 -1.67200000E-04  5.79470000E-04
2001-10-29T12:07:20.289 -2.27490000E-04 -3.50140000E-04  6.17260000E-04
2001-10-29T12:07:21.289 -4.20780000E-05 -1.45380000E-04  4.70920000E-04
2001-10-29T12:07:22.289 -1.11150000E-04 -1.85720000E-04  3.28950000E-04
2001-10-29T12:07:23.289 -5.58840000E-05 -2.91140000E-04  4.87630000E-04
2001-10-29T12:07:24.289 -4.09310000E-05 -3.27360000E-04  3.94960000E-04
2001-10-29T12:07:25.289 -4.47480000E-05 -2.35560000E-04  4.09990000E-04
2001-10-29T12:07:26.289 -5.93120000E-05 -1.74730000E-04  5.59870000E-04
2001-10-29T12:07:27.289 -1.82860000E-04 -3.39940000E-04  4.73960000E-04
2001-10-29T12:07:28.289 -1.13750000E-05 -2.34950000E-04  3.33020000E-04
2001-10-29T12:07:29.289 -1.30560000E-04 -2.60650000E-04  6.12220000E-04
2001-10-29T12:07:30.289 -7.12040000E-05 -1.69900000E-04  5.52400000E-04
2001-10-29T12:07:31.289 -7.46290000E-05 -2.03870000E-04  4.86920000E-04
2001-10-29T12:07:32.289 -9.61420000E-05 -2.66430000E-04  6.52720000E-04
2001-10-29T12:07:33.289 -8.53110000E-05 -2.32310000E-04  4.74940000E-04
2001-10-29T12:07:34.289 -7.52470000E-05 -2.11700000E-04  6.19460000E-04
2001-10-29T12:07:35.289 -7.01690000E-05 -2.05510000E-04  3.32530000E-04
2001-10-29T12:07:36.289 -1.99090000E-04 -3.38740000E-04  1.88650000E-04
2001-10-29T12:07:37.289 -9.43690000E-05 -2.17110000E-04  4.13980000E-04
2001-10-29T12:07:38.289 -1.49700000E-04 -3.13510000E-04  5.29510000E-04
2001-10-29T12:07:39.289  9.99150000E-06 -2.00540000E-04  3.40420000E-04
2001-10-29T12:07:40.289 -2.33700000E-04 -3.57110000E-04  5.71360000E-04
2001-10-29T12:07:41.289 -2.31690000E-05 -2.05960000E-04  4.42240000E-04
2001-10-29T12:07:42.289 -6.88640000E-05 -2.29930000E-04  6.26210000E-04
2001-10-29T12:07:43.289 -1.27260000E-05 -3.48080000E-04  4.28720000E-04
2001-10-29T12:07:44.289 -4.41020000E-05 -1.97050000E-04  4.78480000E-04
2001-10-29T12:07:45.289 -1.93050000E-04 -2.53440000E-04  4.88270000E-04
2001-10-29T12:07:46.289  2.39060000E-05 -6.10690000E-05  4.66780000E-04
2001-10-29T12:07:47.289 -2.87810000E-04 -3.43130000E-04  5.03090000E-04
2001-10-29T12:07:48.289  1.23710000E-04 -3.40280000E-04  4.09980000E-04
2001-10-29T12:07:49.289 -2.85160000E-04 -2.30070000E-04  4.58580000E-04
2001-10-29T12:07:50.289 -9.27100000E-05 -1.47620000E-04  5.47970000E-04
2001-10-29T12:07:51.289  4.09140000E-05 -2.85670000E-04  3.87010000E-04
2001-10-29T12:07:52.289 -1.50870000E-04 -4.22240000E-04  2.41930000E-04
2001-10-29T12:07:53.289 -2.34230000E-05 -2.74870000E-04  4.79180000E-04
2001-10-29T12:07:54.289 -1.59030000E-04 -2.42680000E-04  4.63250000E-04
2001-10-29T12:07:55.289 -7.08850000E-05 -1.68810000E-04  5.98330000E-04
2001-10-29T12:07:56.289 -1.07870000E-04 -3.96020000E-04  4.57820000E-04
2001-10-29T12:07:57.289  9.38750000E-05 -2.44950000E-04  5.07210000E-04
2001-10-29T12:07:58.289 -2.24130000E-04 -3.14720000E-04  5.29120000E-04
2001-10-29T12:07:59.289 -1.09780000E-04 -2.20430000E-04  4.96890000E-04
2001-10-29T12:08:00.289 -1.61330000E-04 -2.82210000E-04  2.93110000E-04
2001-10-29T12:08:01.289  4.57200000E-05 -2.05760000E-04  5.32270000E-04
2001-10-29T12:08:02.289 -1.48210000E-04 -3.02430000E-04  5.17450000E-04
2001-10-29T12:08:03.289 -1.19150000E-04 -3.22870000E-04  3.89310000E-04
2001-10-29T12:08:04.289 -1.24330000E-04 -2.00980000E-04  4.36710000E-04
2001-10-29T12:08:05.289 -1.43110000E-04 -3.29200000E-04  4.18800000E-04
2001-10-29T12:08:06.289 -6.95540000E-05 -1.48090000E-04  5.91530000E-04
2001-10-29T12:08:07.289 -1.39640000E-04 -3.22110000E-04  3.37450000E-04
2001-10-29T12:08:08.289 -2.21570000E-04 -1.30870000E-04  6.75090000E-04
2001-10-29T12:08:09.289 -1.04390000E-04 -2.75100000E-04  3.23700000E-04
2001-10-29T12:08:10.289 -6.88210000E-05 -2.02010000E-04  2.12040000E-04
2001-10-29T12:08:11.289 -2.91240000E-05 -2.50910000E-04  3.93350000E-04
2001-10-29T12:08:12.289 -1.54720000E-04 -2.21640000E-04  5.14420000E-04
2001-10-29T12:08:13.289 -8.93140000E-05 -2.38190000E-04  6.45140000E-04
2001-10-29T12:08:14.289 -1.59920000E-04 -3.48000000E-04  3.95550000E-04
2001-10-29T12:08:15.289  1.45990000E-04 -6.57090000E-05  5.91950000E-04
2001-10-29T12:08:16.289 -3.24210000E-04 -5.09360000E-04  4.37850000E-04
2001-10-29T12:08:17.289 -2.88250000E-05 -2.15810000E-04  2.30680000E-04
2001-10-29T12:08:18.289 -2.33190000E-04 -3.21570000E-04  3.32630000E-04
2001-10-29T12:08:19.289  1.94320000E-05 -1.26440000E-04  4.48020000E-04
2001-10-29T12:08:20.289 -8.13940000E-05 -3.88560000E-04  7.09190000E-04
2001-10-29T12:08:21.289 -1.51340000E-04 -2.20860000E-04  5.36250000E-04
2001-10-29T12:08:22.289 -5.78240000E-06 -1.75130000E-04  2.44850000E-04
2001-10-29T12:08:23.289 -1.49300000E-04 -2.75040000E-04  5.46810000E-04
2001-10-29T12:08:24.289 -1.32540000E-04 -2.17390000E-04  3.75760000E-04
2001-10-29T12:08:25.289 -3.97880000E-05 -1.93650000E-04  5.32680000E-04
2001-10-29T12:08:26.289 -8.67950000E-05 -2.94630000E-04  5.75880000E-04
2001-10-29T12:08:27.289 -1.92230000E-04 -3.07540000E-04  4.65710000E-04
2001-10-29T12:08:28.289 -2.98630000E-05 -2.52240000E-04  5.99680000E-04
2001-10-29T12:08:29.289  1.57490000E-05 -3.71100000E-04  3.38990000E-04
2001-10-29T12:08:30.289 -1.46010000E-04 -2.63140000E-04  4.47390000E-04
2001-10-29T12:08:31.289 -2.43890000E-05 -2.08610000E-04  3.49630000E-04
2001-10-29T12:08:32.289 -1.39940000E-04 -2.70910000E-04  1.88330000E-04
2001-10-29T12:08:33.289  2.27510000E-06 -8.24770000E-05  6.02440000E-04
2001-10-29T12:08:34.289 -2.02120000E-04 -5.06020000E-04  5.22340000E-04
2001-10-29T12:08:35.289 -5.97760000E-05 -1.18070000E-04  4.95840000E-04
2001-10-29T12:08:36.289 -2.10250000E-04 -3.32780000E-04  3.11440000E-04
2001-10-29T12:08:37.289 -5.88580000E-06 -1.47620000E-04  4.79030000E-04
2001-10-29T12:08:38.289 -1.47350000E-04 -1.47340000E-04  6.32570000E-04
2001-10-29T12:08:39.289 -1.01850000E-04 -3.69970000E-04  3.24490000E-04
2001-10-29T12:08:40.289 -2.94850000E-06 -1.37860000E-04  3.47230000E-04
2001-10-29T12:08:41.289 -4.97300000E-05 -2.82080000E-04  4.83080000E-04
2001-10-29T12:08:42.289 -9.76170000E-06 -2.80570000E-04  3.14210000E-04
2001-10-29T12:08:43.289 -2.18090000E-04 -2.65140000E-04  3.96530000E-04
2001-10-29T12:08:44.289 -4.96210000E-05 -1.46180000E-04  5.86160000E-04
2001-10-29T12:08:45.289  5.07330000E-05 -2.85880000E-04  5.43590000E-04
2001-10-29T12:08:46.289 -1.49700000E-04 -3.45650000E-04  4.74560000E-04
2001-10-29T12:08:47.289 -8.69140000E-05 -2.75540000E-04  4.08710000E-04
2001-10-29T12:08:48.289 -1.95870000E-05 -3.35160000E-04  4.23470000E-04
2001-10-29T12:08:49.289 -2.09850000E-05 -3.24810000E-04  4.92000000E-04
2001-10-29T12:08:50.289 -1.43490000E-04 -2.91640000E-04  5.13660000E-04
2001-10-29T12:08:51.289  3.10060000E-05 -1.61760000E-04  4.14100000E-04
2001-10-29T12:08:52.289 -3.03880000E-04 -2.70070000E-04  4.40620000E-04
2001-10-29T12:08:53.289  1.76440000E-04 -3.14090000E-04  4.24780000E-04
2001-10-29T12:08:54.289 -1.92910000E-04 -2.93760000E-04  2.83480000E-04
2001-10-29T12:08:55.289 -1.68860000E-05 -2.59890000E-04  5.52940000E-04
2001-10-29T12:08:56.289 -2.26530000E-04 -2.66050000E-04  3.25040000E-04
2001-10-29T12:08:57.289 -1.86850000E-04 -2.36400000E-04  4.52090000E-04
2001-10-29T12:08:58.289 -4.38610000E-06 -2.82510000E-04  4.69310000E-04
2001-10-29T12:08:59.289 -1.87050000E-04 -3.10360000E-04  2.62370000E-04
2001-10-29T12:09:00.289 -1.02960000E-05 -2.12770000E-04  6.92940000E-04
2001-10-29T12:09:01.289 -1.21530000E-04 -2.67460000E-04  5.07510000E-04
2001-10-29T12:09:02.289 -7.87970000E-05 -3.03860000E-04  6.36090000E-04
2001-10-29T12:09:03.289 -1.17300000E-04 -3.57330000E-04  3.17030000E-04
2001-10-29T12:09:04.289 -6.75650000E-06 -3.01670000E-04  3.40560000E-04
2001-10-29T12:09:05.289 -2.08240000E-04 -2.99800000E-04  3.23460000E-04
2001-10-29T12:09:06.289 -4.23720000E-05 -1.06350000E-04  4.44540000E-04
2001-10-29T12:09:07.289  2.59840000E-05 -2.35590000E-04  4.42780000E-04
2001-10-29T12:09:08.289 -1.98330000E-04 -3.61950000E-04  5.67430000E-04
2001-10-29T12:09:09.289 -8.71890000E-05 -7.33140000E-05  5.02720000E-04
2001-10-29T12:09:10.289 -2.81310000E-04 -4.55010000E-04  4.27820000E-04
2001-10-29T12:09:11.289  3.42190000E-05 -2.27150000E-04  5.49660000E-04
2001-10-29T12:09:12.289 -9.33170000E-05 -2.85040000E-04  4.81780000E-04
2001-10-29T12:09:13.289 -4.03940000E-05 -1.67050000E-04  3.43660000E-04
2001-10-29T12:09:14.289 -2.49000000E-04 -3.65460000E-04  4.38910000E-04
2001-10-29T12:09:15.289 -2.05010000E-05 -1.06750000E-04  4.41420000E-04
2001-10-29T12:09:16.289 -1.22170000E-04 -3.41670000E-04  5.63280000E-04
2001-10-29T12:09:17.289 -3.86340000E-05 -2.43740000E-04  2.79690000E-04
2001-10-29T12:09:18.289 -1.41340000E-04 -2.84270000E-04  5.99490000E-04
2001-10-29T12:09:19.289 -1.52410000E-04 -2.36940000E-04  3.96200000E-04
2001-10-29T12:09:20.289 -1.15490000E-04 -2.13060000E-04  3.93000000E-04
2001-10-29T12:09:21.289 -7.59090000E-05 -3.18050000E-04  6.17260000E-04
2001-10-29T12:09:22.289 -8.62760000E-05 -1.98610000E-04  4.10170000E-04
2001-10-29T12:09:23.289 -1.39950000E-04 -3.08700000E-04  3.52510000E-04
2001-10-29T12:09:24.289 -1.08230000E-04 -2.01360000E-04  4.56210000E-04
2001-10-29T12:09:25.289 -1.45260000E-04 -2.67470000E-04  4.64710000E-04
2001-10-29T12:09:26.289 -8.67470000E-05 -2.13980000E-04  4.94510000E-04
2001-10-29T12:09:27.289 -8.24980000E-05 -2.63100000E-04  4.22990000E-04
2001-10-29T12:09:28.289 -9.56560000E-05 -2.84870000E-04  4.36620000E-04
2001-10-29T12:09:29.289 -1.85970000E-04 -2.26440000E-04  3.33100000E-04
2001-10-29T12:09:30.289 -1.07990000E-04 -2.18970000E-04  5.08930000E-04
2001-10-29T12:09:31.289 -1.32600000E-05 -2.56570000E-04  4.64820000E-04
2001-10-29T12:09:32.289 -1.71430000E-04 -3.34110000E-04  4.04630000E-04
2001-10-29T12:09:33.289 -1.44400000E-05 -1.18910000E-04  6.00280000E-04
2001-10-29T12:09:34.289 -2.14200000E-04 -4.74540000E-04  4.12450000E-04
2001-10-29T12:09:35.289 -4.49210000E-05 -1.36440000E-04  5.99690000E-04
2001-10-29T12:09:36.289 -2.01000000E-04 -1.98220000E-04  4.50630000E-04
2001-10-29T12:09:37.289 -3.99820000E-05 -2.24130000E-04  5.16880000E-04
2001-10-29T12:09:38.289 -4.32200000E-05 -1.70280000E-04  5.97440000E-04
2001-10-29T12:09:39.289 -1.30550000E-04 -2.86490000E-04  4.37540000E-04
2001-10-29T12:09:40.289 -8.09290000E-05 -2.64410000E-04  3.28850000E-04
2001-10-29T12:09:41.289 -4.60480000E-05 -3.80600000E-04  6.80400000E-04
2001-10-29T12:09:42.289  6.89560000E-06 -1.25260000E-04  4.87230000E-04
2001-10-29T12:09:43.289 -2.82620000E-04 -2.60250000E-04  4.48800000E-04
2001-10-29T12:09:44.289 -7.88350000E-05 -1.75130000E-04  5.10270000E-04
2001-10-29T12:09:45.289 -1.80680000E-04 -3.45370000E-04  5.87660000E-04
2001-10-29T12:09:46.289 -6.35930000E-05 -3.43640000E-04  2.16610000E-04
2001-10-29T12:09:47.289 -1.34480000E-04 -2.54150000E-04  3.38140000E-04
2001-10-29T12:09:48.289 -1.19370000E-04 -2.35100000E-04  4.51010000E-04
2001-10-29T12:09:49.289 -9.37270000E-05 -1.95830000E-04  3.64270000E-04
2001-10-29T12:09:50.289 -1.06150000E-04 -3.89740000E-04  4.75130000E-04
2001-10-29T12:09:51.289  8.53890000E-06 -1.67310000E-04  2.94480000E-04
2001-10-29T12:09:52.289 -1.82480000E-04 -3.25400000E-04  6.11760000E-04
2001-10-29T12:09:53.289  4.88730000E-05 -2.65910000E-04  5.54880000E-04
2001-10-29T12:09:54.289 -1.83340000E-04 -2.48420000E-04  5.22860000E-04
2001-10-29T12:09:55.289  6.51430000E-05 -1.55590000E-04  6.14230000E-04
2001-10-29T12:09:56.289 -7.82030000E-05 -3.45810000E-04  4.45600000E-04
2001-10-29T12:09:57.289 -4.94570000E-05 -3.30780000E-04  4.66540000E-04
2001-10-29T12:09:58.289 -6.99860000E-05 -5.88820000E-05  4.69500000E-04
2001-10-29T12:09:59.289 -5.42310000E-05 -3.92410000E-04  4.25180000E-04
2001-10-29T12:10:00.289  6.80350000E-05 -1.62430000E-04  4.55330000E-04
2001-10-29T12:10:01.289 -1.71180000E-04 -3.59280000E-04  3.79790000E-04
2001-10-29T12:10:02.289  4.00280000E-05 -1.86630000E-04  4.29130000E-04
2001-10-29T12:10:03.289 -2.11860000E-04 -1.77310000E-04  5.74920000E-04
2001-10-29T12:10:04.289 -4.32620000E-05 -3.90190000E-04  4.40190000E-04
2001-10-29T12:10:05.289 -2.89100000E-04 -5.55420000E-05  3.16940000E-04
2001-10-29T12:10:06.289 -7.65510000E-05 -4.24610000E-04  3.99700000E-04
2001-10-29T12:10:07.289 -1.11300000E-05 -1.95440000E-04  2.98360000E-04
2001-10-29T12:10:08.289 -9.72210000E-05 -4.75110000E-04  3.99080000E-04
2001-10-29T12:10:09.289 -1.22960000E-04 -1.87590000E-04  5.79010000E-04
2001-10-29T12:10:10.289 -1.10150000E-04 -3.34930000E-04  3.77980000E-04
2001-10-29T12:10:11.289 -2.97320000E-06 -3.07130000E-04  5.65700000E-04
2001-10-29T12:10:12.289 -2.31720000E-04 -3.02710000E-04  6.12730000E-04
2001-10-29T12:10:13.289  7.21600000E-05 -2.53140000E-04  4.83980000E-04
2001-10-29T12:10:14.289 -1.32430000E-04 -1.19090000E-04  3.05680000E-04
2001-10-29T12:10:15.289 -1.03360000E-04 -3.76000000E-04  5.71490000E-04
2001-10-29T12:10:16.289 -1.90820000E-04 -1.87480000E-04  3.60970000E-04
2001-10-29T12:10:17.289 -1.78100000E-05 -3.35180000E-04  5.71810000E-04
2001-10-29T12:10:18.289 -1.29510000E-04 -3.61570000E-04  3.05800000E-04
2001-10-29T12:10:19.289  4.81840000E-05 -2.11600000E-04  2.64950000E-04
2001-10-29T12:10:20.289 -5.92420000E-05 -2.18620000E-04  5.20740000E-04
2001-10-29T12:10:21.289 -1.16610000E-04 -3.41710000E-04  4.98500000E-04
2001-10-29T12:10:22.289 -1.82360000E-04 -1.36790000E-04  4.88910000E-04
2001-10-29T12:10:23.289 -7.18990000E-05 -3.81050000E-04  5.38210000E-04
2001-10-29T12:10:24.289 -4.63900000E-05 -2.21040000E-04  3.47490000E-04
2001-10-29T12:10:25.289 -1.11340000E-04 -2.30460000E-04  4.74310000E-04
2001-10-29T12:10:26.289 -1.46930000E-04 -2.45380000E-04  4.75240000E-04
2001-10-29T12:10:27.289 -3.34370000E-05 -3.51960000E-04  5.32740000E-04
2001-10-29T12:10:28.289 -1.10050000E-04 -2.89340000E-04  5.31570000E-04
2001-10-29T12:10:29.289 -5.09570000E-06 -2.72510000E-04  2.41140000E-04
2001-10-29T12:10:30.289 -2.43920000E-04 -2.72940000E-04  3.98170000E-04
2001-10-29T12:10:31.289 -4.97530000E-05 -2.40920000E-04  4.72510000E-04
2001-10-29T12:10:32.289 -5.47050000E-05 -3.92240000E-04  5.46420000E-04
2001-10-29T12:10:33.289 -1.29230000E-04 -1.56770000E-04  3.53120000E-04
2001-10-29T12:10:34.289 -1.40070000E-04 -3.32020000E-04  5.49050000E-04
2001-10-29T12:10:35.289 -5.76790000E-05 -2.36930000E-04  5.27520000E-04
2001-10-29T12:10:36.289 -1.24030000E-04 -2.37910000E-04  4.23170000E-04
2001-10-29T12:10:37.289 -1.43770000E-04 -1.99680000E-04  4.83490000E-04
2001-10-29T12:10:38.289  8.85610000E-06 -8.85010000E-05  5.28620000E-04
2001-10-29T12:10:39.289 -3.26640000E-04 -3.62180000E-04  3.51930000E-04
2001-10-29T12:10:40.289  3.57130000E-05 -1.17780000E-04  4.44170000E-04
2001-10-29T12:10:41.289 -1.47630000E-04 -3.13710000E-04  5.18960000E-04
2001-10-29T12:10:42.289 -1.29260000E-04 -3.41580000E-04  5.33190000E-04
2001-10-29T12:10:43.289 -8.68950000E-05 -1.96360000E-04  4.61370000E-04
2001-10-29T12:10:44.289 -1.20720000E-04 -2.52460000E-04  6.12920000E-04
2001-10-29T12:10:45.289  1.32150000E-05 -1.76890000E-04  2.25940000E-04
2001-10-29T12:10:46.289 -1.16390000E-04 -3.64150000E-04  5.26370000E-04
2001-10-29T12:10:47.289 -6.35710000E-05 -1.38010000E-04  5.31260000E-04
2001-10-29T12:10:48.289 -1.37500000E-04 -3.12640000E-04  3.80360000E-04
2001-10-29T12:10:49.289 -4.13390000E-05 -3.30550000E-04  3.70870000E-04
2001-10-29T12:10:50.289 -6.62040000E-05 -1.10150000E-04  3.41500000E-04
2001-10-29T12:10:51.289 -5.84800000E-05 -3.38240000E-04  7.35410000E-04
2001-10-29T12:10:52.289  5.17650000E-06 -3.17610000E-04  4.57980000E-04
2001-10-29T12:10:53.289 -1.52540000E-04 -1.81930000E-04  3.23130000E-04
2001-10-29T12:10:54.289 -6.42510000E-05 -3.26900000E-04  3.17510000E-04
2001-10-29T12:10:55.289 -1.66520000E-04 -1.75640000E-04  5.20480000E-04
2001-10-29T12:10:56.289 -2.74670000E-05 -2.80980000E-04  4.21220000E-04
2001-10-29T12:10:57.289 -1.40740000E-04 -3.56670000E-04  4.35370000E-04
2001-10-29T12:10:58.289  4.15870000E-05 -1.43410000E-04  4.86320000E-04
2001-10-29T12:10:59.289 -1.09880000E-04 -3.41830000E-04  4.54040000E-04
2001-10-29T12:11:00.289 -1.12460000E-04 -3.40420000E-04  5.58720000E-04
2001-10-29T12:11:01.289 -1.63600000E-04 -2.53870000E-04  6.18400000E-04
2001-10-29T12:11:02.289 -4.51200000E-05 -2.53250000E-04  3.35450000E-04
2001-10-29T12:11:03.289 -4.06320000E-05 -9.20940000E-05  4.23440000E-04
2001-10-29T12:11:04.289 -2.19890000E-04 -2.12840000E-04  1.36720000E-04
2001-10-29T12:11:05.289  9.59460000E-05 -2.89050000E-04  4.43220000E-04
2001-10-29T12:11:06.289 -9.36100000E-05 -4.26630000E-04  5.60930000E-04
2001-10-29T12:11:07.289  3.13100000E-05 -3.37090000E-04  4.81960000E-04
2001-10-29T12:11:08.289 -9.98080000E-05 -1.72110000E-04  5.38980000E-04
2001-10-29T12:11:09.289 -1.73810000E-04 -2.65890000E-04  5.00990000E-04
2001-10-29T12:11:10.289 -7.13210000E-05 -1.58370000E-04  3.06910000E-04
2001-10-29T12:11:11.289 -1.04850000E-04 -4.50300000E-04  4.52570000E-04
2001-10-29T12:11:12.289 -7.33330000E-05 -1.55020000E-04  2.69270000E-04
2001-10-29T12:11:13.289 -1.38990000E-04 -3.86720000E-04  4.82060000E-04
2001-10-29T12:11:14.289 -2.08320000E-05 -2.13060000E-04  5.07750000E-04
2001-10-29T12:11:15.289 -1.37270000E-04 -2.89090000E-04  4.24020000E-04
2001-10-29T12:11:16.289 -5.20540000E-05 -2.70560000E-04  5.59140000E-04
2001-10-29T12:11:17.289 -1.01370000E-04 -3.11110000E-04  4.14070000E-04
2001-10-29T12:11:18.289  5.64160000E-05 -8.00810000E-05  4.73420000E-04
2001-10-29T12:11:19.289 -2.08800000E-04 -2.85790000E-04  3.85200000E-04
2001-10-29T12:11:20.289 -7.86290000E-05 -2.54280000E-04  5.04290000E-04
2001-10-29T12:11:21.289  8.90480000E-05 -2.88940000E-04  4.52290000E-04
2001-10-29T12:11:22.289 -1.15390000E-04 -1.35550000E-04  3.82410000E-04
2001-10-29T12:11:23.289 -2.37000000E-04 -2.07720000E-04  4.83940000E-04
2001-10-29T12:11:24.289 -6.66570000E-05 -2.89140000E-04  4.32710000E-04
2001-10-29T12:11:25.289 -7.04840000E-05 -2.39560000E-04  4.71860000E-04
2001-10-29T12:11:26.289 -8.44640000E-05 -3.23790000E-04  5.03600000E-04
2001-10-29T12:11:27.289 -1.33790000E-04 -1.27430000E-04  4.02830000E-04
2001-10-29T12:11:28.289 -6.37370000E-05 -1.48740000E-04  4.78550000E-04
2001-10-29T12:11:29.289 -1.76250000E-04 -2.64460000E-04  6.34280000E-04
2001-10-29T12:11:30.289 -6.62960000E-05 -2.82800000E-04  3.86770000E-04
2001-10-29T12:11:31.289 -1.39550000E-04 -3.40790000E-04  3.79630000E-04
2001-10-29T12:11:32.289 -6.49260000E-05 -7.17930000E-05  3.21140000E-04
2001-10-29T12:11:33.289 -6.16520000E-05 -4.67130000E-04  4.16220000E-04
2001-10-29T12:11:34.289 -1.17010000E-04 -1.44960000E-04  4.47180000E-04
2001-10-29T12:11:35.289 -1.80670000E-04 -4.24550000E-04  5.40270000E-04
2001-10-29T12:11:36.289 -7.00450000E-06 -2.30490000E-04  3.78930000E-04
2001-10-29T12:11:37.289 -4.79060000E-05 -2.37780000E-04  5.74910000E-04
2001-10-29T12:11:38.289 -6.82950000E-05 -2.41840000E-04  5.26070000E-04
2001-10-29T12:11:39.289 -2.54670000E-05 -1.73010000E-04  5.60460000E-04
2001-10-29T12:11:40.289 -1.19810000E-04 -2.86810000E-04  5.65500000E-04
2001-10-29T12:11:41.289 -5.50850000E-05 -2.46730000E-04  5.87000000E-04
2001-10-29T12:11:42.289 -1.40980000E-04 -2.25640000E-04  4.45840000E-04
2001-10-29T12:11:43.289 -2.21560000E-05 -1.96400000E-04  4.70850000E-04
2001-10-29T12:11:44.289 -1.07090000E-04 -3.94050000E-04  3.59930000E-04
2001-10-29T12:11:45.289 -1.68020000E-04 -1.70130000E-04  5.48350000E-04
2001-10-29T12:11:46.289  1.04860000E-05 -2.83450000E-04  3.54780000E-04
2001-10-29T12:11:47.289 -2.02890000E-04 -2.77180000E-04  4.50680000E-04
2001-10-29T12:11:48.289  2.16220000E-05 -1.40710000E-04  2.84610000E-04
2001-10-29T12:11:49.289 -2.92420000E-04 -3.79530000E-04  5.73160000E-04
2001-10-29T12:11:50.289  5.48900000E-05 -1.20150000E-04  3.62750000E-04
2001-10-29T12:11:51.289 -1.56480000E-04 -3.48680000E-04  5.67220000E-04
2001-10-29T12:11:52.289 -1.21420000E-04 -1.24220000E-04  4.68280000E-04
2001-10-29T12:11:53.289 -1.17790000E-04 -3.19780000E-04  3.90810000E-04
2001-10-29T12:11:54.289 -1.00910000E-04 -3.19030000E-04  5.51870000E-04
2001-10-29T12:11:55.289 -7.01890000E-05 -1.86180000E-04  4.05560000E-04
2001-10-29T12:11:56.289 -1.25740000E-04 -2.02600000E-04  2.83850000E-04
2001-10-29T12:11:57.289 -3.43350000E-05 -2.07150000E-04  3.66250000E-04
2001-10-29T12:11:58.289 -1.27460000E-04 -3.80240000E-04  5.33210000E-04
2001-10-29T12:11:59.289 -1.08240000E-04 -1.43830000E-04  2.46840000E-04
2001-10-29T12:12:00.289 -1.82600000E-04 -4.07330000E-04  4.77770000E-04
2001-10-29T12:12:01.289 -6.40660000E-05 -1.19790000E-04  5.25980000E-04
2001-10-29T12:12:02.289 -9.57850000E-05 -2.97480000E-04  6.51230000E-04
2001-10-29T12:12:03.289 -5.85080000E-05 -2.16650000E-04  4.13050000E-04
2001-10-29T12:12:04.289 -1.08980000E-04 -1.69090000E-04  5.75170000E-04
2001-10-29T12:12:05.289 -1.16740000E-04 -2.98240000E-04  6.44550000E-04
2001-10-29T12:12:06.289 -8.81530000E-05 -1.79690000E-04  4.38030000E-04
2001-10-29T12:12:07.289 -3.41460000E-05 -2.21620000E-04  3.47430000E-04
2001-10-29T12:12:08.289 -1.75970000E-04 -2.43440000E-04  2.90900000E-04
2001-10-29T12:12:09.289 -2.25550000E-04 -3.87330000E-04  5.06580000E-04
2001-10-29T12:12:10.289  5.34970000E-05 -5.20390000E-05  4.44050000E-04
2001-10-29T12:12:11.289 -1.11020000E-04 -2.70130000E-04  4.06560000E-04
2001-10-29T12:12:12.289 -5.12830000E-06 -1.52170000E-04  2.77220000E-04
2001-10-29T12:12:13.289 -1.41030000E-04 -2.63440000E-04  6.01730000E-04
2001-10-29T12:12:14.289 -4.88800000E-05 -7.15500000E-05  4.29490000E-04
2001-10-29T12:12:15.289 -1.13580000E-04 -1.91440000E-04  2.66470000E-04
2001-10-29T12:12:16.289 -1.84030000E-04 -3.01200000E-04  6.05730000E-04
2001-10-29T12:12:17.289  1.20260000E-04 -8.16870000E-05  4.36960000E-04
2001-10-29T12:12:18.289 -2.02240000E-04 -1.34500000E-04  4.25750000E-04
2001-10-29T12:12:19.289 -7.18500000E-05 -2.80440000E-04  6.33790000E-04
2001-10-29T12:12:20.289 -1.28740000E-04 -2.39040000E-04  4.67620000E-04
2001-10-29T12:12:21.289  2.51320000E-05 -1.85910000E-04  3.19260000E-04
2001-10-29T12:12:22.289 -1.70240000E-04 -1.67430000E-04  3.69140000E-04
2001-10-29T12:12:23.289 -3.25750000E-05 -1.94990000E-04  3.89570000E-04
2001-10-29T12:12:24.289 -2.28900000E-05 -5.34430000E-05  5.98030000E-04
2001-10-29T12:12:25.289 -2.97050000E-04 -3.09260000E-04  3.81880000E-04
2001-10-29T12:12:26.289  5.30070000E-05 -2.24510000E-04  6.26370000E-04
2001-10-29T12:12:27.289 -2.09190000E-04 -4.24090000E-05  4.49830000E-04
2001-10-29T12:12:28.289 -1.28990000E-04 -3.36300000E-04  4.88010000E-04
2001-10-29T12:12:29.289  8.36480000E-05 -1.46700000E-04  5.11720000E-04
2001-10-29T12:12:30.289 -9.46060000E-05 -1.97400000E-04  3.22100000E-04
2001-10-29T12:12:31.289 -1.12750000E-04 -2.01000000E-04  3.99750000E-04
2001-10-29T12:12:32.289 -1.23900000E-04 -2.87040000E-04  4.98500000E-04
2001-10-29T12:12:33.289 -1.13620000E-04 -1.71480000E-04  4.33630000E-04
2001-10-29T12:12:34.289 -1.65700000E-04 -3.51130000E-04  4.75390000E-04
2001-10-29T12:12:35.289 -7.43070000E-05 -1.56150000E-04  6.46530000E-04
2001-10-29T12:12:36.289 -1.78550000E-04 -4.79720000E-05  3.66850000E-04
2001-10-29T12:12:37.289 -5.75180000E-05 -2.40690000E-04  5.21500000E-04
2001-10-29T12:12:38.289 -1.29280000E-04 -2.60940000E-04  4.39020000E-04
2001-10-29T12:12:39.289 -2.74580000E-04 -2.01640000E-04  4.49480000E-04
2001-10-29T12:12:40.289 -2.15760000E-05  9.49290000E-06  5.61840000E-04
2001-10-29T12:12:41.289 -5.17330000E-05 -2.05430000E-04  4.96600000E-04
2001-10-29T12:12:42.289 -1.52720000E-04 -1.46030000E-04  3.78830000E-04
2001-10-29T12:12:43.289 -1.39570000E-04 -1.28460000E-04  4.44270000E-04
2001-10-29T12:12:44.289 -2.22930000E-04 -1.73250000E-04  4.18340000E-04
2001-10-29T12:12:45.289 -3.89780000E-06  6.53050000E-06  2.89920000E-04
2001-10-29T12:12:46.289 -3.18370000E-04 -1.71850000E-04  5.61120000E-04
2001-10-29T12:12:47.289  1.24990000E-05 -1.47540000E-04  6.32550000E-04
2001-10-29T12:12:48.289 -2.06390000E-04 -1.54890000E-04  5.07860000E-04
2001-10-29T12:12:49.289 -9.66310000E-05 -9.21680000E-05  5.66780000E-04
2001-10-29T12:12:50.289 -9.84510000E-05 -5.20440000E-05  4.23700000E-04
2001-10-29T12:12:51.289 -5.53860000E-06 -3.71020000E-06  5.90390000E-04
2001-10-29T12:12:52.289 -2.17090000E-05 -1.36080000E-04  4.15090000E-04
2001-10-29T12:12:53.289 -3.41450000E-04 -4.36770000E-05  4.35410000E-04
2001-10-29T12:12:54.289  1.10710000E-04  5.54900000E-05  3.97020000E-04
2001-10-29T12:12:55.289 -7.35600000E-05 -1.85220000E-05  4.02470000E-04
2001-10-29T12:12:56.289 -1.78520000E-04 -1.29030000E-04  5.84520000E-04
2001-10-29T12:12:57.289 -9.06410000E-05 -2.87420000E-05  3.80720000E-04
2001-10-29T12:12:58.289 -1.71010000E-04 -1.04080000E-04  5.58110000E-04
2001-10-29T12:12:59.289 -7.12720000E-05  2.87630000E-05  3.10570000E-04
2001-10-29T12:13:00.289 -9.59950000E-05 -1.39360000E-04  4.85480000E-04
2001-10-29T12:13:01.289 -3.34190000E-04 -6.28460000E-05  6.43210000E-04
2001-10-29T12:13:02.289 -3.79790000E-05 -3.48830000E-05  6.65110000E-04
2001-10-29T12:13:03.289 -1.58920000E-04 -4.16780000E-05  4.39040000E-04
2001-10-29T12:13:04.289  2.30730000E-05 -8.24070000E-06  2.86790000E-04
2001-10-29T12:13:05.289 -1.46790000E-04  3.62680000E-05  3.62890000E-04
2001-10-29T12:13:06.289 -1.41270000E-04  8.07560000E-05  4.43410000E-04
2001-10-29T12:13:07.289 -2.51240000E-05  4.71240000E-05  4.40600000E-04
2001-10-29T12:13:08.289 -2.99310000E-04 -4.65460000E-05  3.56890000E-04
2001-10-29T12:13:09.289 -1.40950000E-04 -2.58520000E-06  5.41340000E-04
2001-10-29T12:13:10.289 -7.83110000E-05  1.04470000E-04  5.19140000E-04
2001-10-29T12:13:11.289 -1.68230000E-04 -1.63220000E-04  4.85090000E-04
2001-10-29T12:13:12.289 -1.39840000E-04  1.04640000E-04  3.95950000E-04
2001-10-29T12:13:13.289 -1.03460000E-04 -3.70290000E-05  5.42690000E-04
2001-10-29T12:13:14.289 -4.20950000E-05 -1.51520000E-06  5.06980000E-04
2001-10-29T12:13:15.289 -1.06260000E-04  1.07370000E-04  3.21990000E-04
2001-10-29T12:13:16.289 -1.83170000E-04 -7.26140000E-05  4.31650000E-04
2001-10-29T12:13:17.289 -7.76080000E-05  1.78680000E-04  4.74670000E-04
2001-10-29T12:13:18.289 -5.93470000E-05  7.58190000E-05  3.37590000E-04
2001-10-29T12:13:19.289 -1.17940000E-04  9.79440000E-05  5.19340000E-04
2001-10-29T12:13:20.289 -9.86090000E-06  2.20130000E-04  5.42090000E-04
2001-10-29T12:13:21.289 -3.45820000E-05  1.03250000E-04  6.30380000E-04
2001-10-29T12:13:22.289 -1.65320000E-04  1.75850000E-04  2.99640000E-04
2001-10-29T12:13:23.289 -5.53400000E-05  2.69910000E-04  7.00410000E-04
2001-10-29T12:13:24.289 -2.69380000E-05  8.36870000E-05  4.79000000E-04
2001-10-29T12:13:25.289 -1.09950000E-04  3.06710000E-04  4.26560000E-04
2001-10-29T12:13:26.289 -4.78990000E-05  3.55950000E-04  2.72620000E-04
2001-10-29T12:13:27.289 -1.60070000E-04  2.60420000E-04  3.37970000E-04
2001-10-29T12:13:28.289 -4.08040000E-05  2.29440000E-04  6.01720000E-04
2001-10-29T12:13:29.289  4.06070000E-05  3.77350000E-04  3.69320000E-04
2001-10-29T12:13:30.289 -1.45650000E-04  2.38030000E-04  6.50420000E-04
2001-10-29T12:13:31.289 -1.64260000E-04  4.08240000E-04  2.07640000E-04
2001-10-29T12:13:32.289 -9.14280000E-05  2.17960000E-04  5.22150000E-04
2001-10-29T12:13:33.289 -3.71120000E-05  4.42380000E-04  5.37580000E-04
2001-10-29T12:13:34.289 -2.67910000E-04  1.42680000E-04  5.02720000E-04
2001-10-29T12:13:35.289 -7.65240000E-05  3.38000000E-04  5.56650000E-04
2001-10-29T12:13:36.289 -3.39490000E-05  1.98660000E-04  3.88600000E-04
2001-10-29T12:13:37.289 -1.95230000E-05  3.46170000E-04  5.79720000E-04
2001-10-29T12:13:38.289 -1.51650000E-04  3.87130000E-04  5.65270000E-04
2001-10-29T12:13:39.289 -1.17210000E-04  3.27790000E-04  5.17700000E-04
2001-10-29T12:13:40.289 -1.10180000E-04  4.41110000E-04  6.01180000E-04
2001-10-29T12:13:41.289 -6.83970000E-05  2.19570000E-04  4.99450000E-04
2001-10-29T12:13:42.289 -1.53840000E-04  4.55570000E-04  3.62680000E-04
2001-10-29T12:13:43.289 -4.79950000E-05  2.89560000E-04  1.82300000E-04
2001-10-29T12:13:44.289 -1.51310000E-04  2.78590000E-04  5.90930000E-04
2001-10-29T12:13:45.289  9.80660000E-05  5.51500000E-04  6.63370000E-04
2001-10-29T12:13:46.289 -2.54510000E-06  4.29870000E-04  2.90430000E-04
2001-10-29T12:13:47.289 -5.28800000E-05  4.39660000E-04  6.46840000E-04
2001-10-29T12:13:48.289 -9.94720000E-05  4.70610000E-04  5.97350000E-04
2001-10-29T12:13:49.289 -1.08580000E-04  4.99670000E-04  4.83670000E-04
2001-10-29T12:13:50.289 -8.22500000E-05  3.37800000E-04  3.69180000E-04
2001-10-29T12:13:51.289 -1.54130000E-04  3.96310000E-04  4.30490000E-04
2001-10-29T12:13:52.289  9.52030000E-05  4.06690000E-04  4.90270000E-04
2001-10-29T12:13:53.289 -2.29220000E-04  3.50940000E-04  5.78470000E-04
2001-10-29T12:13:54.289 -9.98460000E-05  2.25670000E-04  5.14660000E-04
2001-10-29T12:13:55.289 -3.33850000E-06  4.99110000E-04  4.75640000E-04
2001-10-29T12:13:56.289 -9.15160000E-05  3.01960000E-04  5.71810000E-04
2001-10-29T12:13:57.289 -2.32040000E-04  1.87450000E-04  4.37010000E-04
2001-10-29T12:13:58.289  1.23370000E-04  4.47080000E-04  6.87400000E-04
2001-10-29T12:13:59.289 -1.24060000E-04  3.73900000E-04  5.50080000E-04
2001-10-29T12:14:00.289 -3.67120000E-05  3.98310000E-04  3.47090000E-04
2001-10-29T12:14:01.289 -1.58600000E-04  4.42260000E-04  5.15570000E-04
2001-10-29T12:14:02.289  2.06370000E-05  3.71870000E-04  5.47130000E-04
2001-10-29T12:14:03.289 -1.55090000E-04  2.71240000E-04  3.89150000E-04
2001-10-29T12:14:04.289  3.71630000E-05  2.90670000E-04  5.26760000E-04
2001-10-29T12:14:05.289 -6.58530000E-05  3.94800000E-04  5.82170000E-04
2001-10-29T12:14:06.289 -5.74110000E-05  4.12480000E-04  3.31370000E-04
2001-10-29T12:14:07.289 -2.57520000E-04  3.06340000E-04  4.36310000E-04
2001-10-29T12:14:08.289 -2.35630000E-05  2.55640000E-04  5.74520000E-04
2001-10-29T12:14:09.289  6.86100000E-05  2.16510000E-04  3.60990000E-04
2001-10-29T12:14:10.289 -1.03860000E-04  4.21610000E-04  3.94090000E-04
2001-10-29T12:14:11.289 -3.39260000E-05  1.47420000E-04  4.80500000E-04
2001-10-29T12:14:12.289 -1.60700000E-04  2.60790000E-04  6.46710000E-04
2001-10-29T12:14:13.289 -9.27190000E-05  3.08990000E-05  4.80850000E-04
2001-10-29T12:14:14.289  4.06280000E-06  3.69880000E-04  2.49770000E-04
2001-10-29T12:14:15.289  6.74230000E-06  3.08840000E-04  4.13950000E-04
2001-10-29T12:14:16.289 -1.86970000E-04  1.02560000E-04  4.20270000E-04
2001-10-29T12:14:17.289 -6.58140000E-05  1.69650000E-04  5.42390000E-04
2001-10-29T12:14:18.289  2.01920000E-05  1.96030000E-04  5.79610000E-04
2001-10-29T12:14:19.289  1.50970000E-04  1.87050000E-04  3.70400000E-04
2001-10-29T12:14:20.289 -1.96740000E-04  2.81320000E-04  7.65850000E-04
2001-10-29T12:14:21.289  6.68280000E-05  2.15690000E-04  4.51360000E-04
2001-10-29T12:14:22.289 -2.27010000E-05  3.86580000E-04  5.94770000E-04
2001-10-29T12:14:23.289 -7.70240000E-05  8.38060000E-05  2.89480000E-04
2001-10-29T12:14:24.289  5.38100000E-05  3.19110000E-04  5.56030000E-04
2001-10-29T12:14:25.289  1.86120000E-05  2.68930000E-04  8.25890000E-05
2001-10-29T12:14:26.289 -1.77060000E-04  1.32180000E-04  4.70660000E-04
2001-10-29T12:14:27.289  1.29060000E-05  3.34490000E-04  4.28960000E-04
2001-10-29T12:14:28.289  9.21820000E-05  2.33720000E-04  4.88130000E-04
2001-10-29T12:14:29.289 -1.73160000E-04  1.09920000E-04  4.83450000E-04
2001-10-29T12:14:30.289  1.46450000E-05  3.27960000E-04  4.70370000E-04
2001-10-29T12:14:31.289  3.55150000E-05  3.10020000E-04  4.82330000E-04
2001-10-29T12:14:32.289 -1.15230000E-04  5.49990000E-04  4.77650000E-04
2001-10-29T12:14:33.289 -5.02370000E-05  2.41040000E-04  6.43180000E-04
2001-10-29T12:14:34.289 -7.78910000E-06  4.57260000E-04  4.58360000E-04
2001-10-29T12:14:35.289 -2.75630000E-05  5.61220000E-04  4.81740000E-04
2001-10-29T12:14:36.289 -5.96450000E-05  3.34750000E-04  4.58680000E-04
2001-10-29T12:14:37.289  1.17860000E-05  4.60180000E-04  3.58870000E-04
2001-10-29T12:14:38.289 -7.16930000E-05  4.78180000E-04  5.58810000E-04
2001-10-29T12:14:39.289 -4.25370000E-05  5.02070000E-04  3.83960000E-04
2001-10-29T12:14:40.289 -8.11660000E-05  3.29730000E-04  4.15110000E-04
2001-10-29T12:14:41.289  1.23420000E-04  6.39460000E-04  5.90910000E-04
2001-10-29T12:14:42.289 -7.11620000E-05  4.67310000E-04  4.30800000E-04
2001-10-29T12:14:43.289 -5.00340000E-05  5.87170000E-04  3.16930000E-04
2001-10-29T12:14:44.289 -1.78580000E-05  5.10580000E-04  4.62150000E-04
2001-10-29T12:14:45.289 -1.31770000E-04  5.84780000E-04  6.01210000E-04
2001-10-29T12:14:46.289  6.58030000E-05  5.01850000E-04  4.57980000E-04
2001-10-29T12:14:47.289 -7.06370000E-05  5.46560000E-04  5.88130000E-04
2001-10-29T12:14:48.289  4.34580000E-05  3.93830000E-04  5.37970000E-04
2001-10-29T12:14:49.289  4.93630000E-05  5.29500000E-04  4.03830000E-04
2001-10-29T12:14:50.289  8.67110000E-05  4.11660000E-04  4.08230000E-04
2001-10-29T12:14:51.289 -5.06770000E-05  3.64490000E-04  5.34680000E-04
2001-10-29T12:14:52.289 -9.70950000E-05  3.86840000E-04  4.62600000E-04
2001-10-29T12:14:53.289  1.17190000E-05  2.52880000E-04  5.14110000E-04
2001-10-29T12:14:54.289 -2.48770000E-05  3.66810000E-04  4.06540000E-04
2001-10-29T12:14:55.289 -2.37530000E-05  2.44270000E-04  4.17140000E-04
2001-10-29T12:14:56.289 -5.14590000E-05  3.74470000E-04  2.91450000E-04
2001-10-29T12:14:57.289 -2.42270000E-06  3.40220000E-04  4.68190000E-04
2001-10-29T12:14:58.289 -1.07270000E-04  1.68180000E-04  6.23160000E-04
2001-10-29T12:14:59.289  3.00550000E-06  3.29450000E-04  3.55970000E-04
2001-10-29T12:15:00.289 -1.07210000E-04  2.74460000E-04  5.00360000E-04
2001-10-29T12:15:01.289 -6.47770000E-05  2.57760000E-04  5.25010000E-04
2001-10-29T12:15:02.289 -1.03750000E-04  6.42100000E-06  6.56370000E-04
2001-10-29T12:15:03.289 -6.82620000E-07  3.17500000E-04  3.72560000E-04
2001-10-29T12:15:04.289 -1.77440000E-04  2.63610000E-04  3.32790000E-04
2001-10-29T12:15:05.289 -5.46520000E-05  2.06960000E-04  3.72890000E-04
2001-10-29T12:15:06.289  1.76180000E-05  1.82310000E-04  5.27670000E-04
2001-10-29T12:15:07.289 -3.54940000E-05  2.88180000E-04  4.75160000E-04
2001-10-29T12:15:08.289 -1.49930000E-04  1.66570000E-04  4.54690000E-04
2001-10-29T12:15:09.289  1.30750000E-04  1.84910000E-04  6.55890000E-04
2001-10-29T12:15:10.289 -4.04440000E-05  2.95640000E-04  5.27130000E-04
2001-10-29T12:15:11.289 -1.93100000E-04  4.85630000E-05  3.96240000E-04
2001-10-29T12:15:12.289 -1.95270000E-05  3.32090000E-04  4.01260000E-04
2001-10-29T12:15:13.289 -3.63160000E-06  4.79470000E-05  5.58720000E-04
2001-10-29T12:15:14.289 -2.37190000E-04 -6.11360000E-05  5.45610000E-04
2001-10-29T12:15:15.289  1.43170000E-04  1.41910000E-04  4.97720000E-04
2001-10-29T12:15:16.289 -7.61580000E-05  7.19250000E-05  2.51080000E-04
2001-10-29T12:15:17.289 -9.10930000E-05 -2.41560000E-05  6.45780000E-04
2001-10-29T12:15:18.289  1.69640000E-05  9.04660000E-05  5.84950000E-04
2001-10-29T12:15:19.289 -1.77020000E-04  9.31210000E-05  4.44320000E-04
2001-10-29T12:15:20.289 -1.06240000E-06  2.99420000E-05  4.34470000E-04
2001-10-29T12:15:21.289 -1.33690000E-05  7.12720000E-05  5.35410000E-04
2001-10-29T12:15:22.289 -2.11950000E-04 -2.17350000E-06  3.32350000E-04
2001-10-29T12:15:23.289  5.14870000E-05 -2.87240000E-05  5.83350000E-04
2001-10-29T12:15:24.289 -4.36940000E-05  2.45540000E-05  2.32120000E-04
2001-10-29T12:15:25.289 -1.57560000E-04 -1.09160000E-04  4.49620000E-04
2001-10-29T12:15:26.289 -1.34770000E-05  5.50810000E-05  3.75790000E-04
2001-10-29T12:15:27.289 -1.42020000E-05  1.07090000E-04  4.57840000E-04
2001-10-29T12:15:28.289 -7.30920000E-05 -1.42790000E-04  7.56450000E-04
2001-10-29T12:15:29.289 -6.17630000E-05  7.82980000E-05  4.55820000E-04
2001-10-29T12:15:30.289 -2.43630000E-04 -1.60120000E-04  4.23710000E-04
2001-10-29T12:15:31.289  5.09020000E-05 -2.16410000E-05  6.60910000E-04
2001-10-29T12:15:32.289 -2.18190000E-05  2.81560000E-05  4.88790000E-04
2001-10-29T12:15:33.289 -1.32440000E-04 -1.20560000E-04  4.41970000E-04
2001-10-29T12:15:34.289  2.16220000E-06  5.08430000E-06  4.66850000E-04
2001-10-29T12:15:35.289 -1.08870000E-04 -1.23080000E-04  6.12790000E-04
2001-10-29T12:15:36.289 -4.80910000E-05 -8.04040000E-06  3.84270000E-04
2001-10-29T12:15:37.289  6.83420000E-05  7.80730000E-05  3.85170000E-04
2001-10-29T12:15:38.289 -1.26940000E-04 -7.01940000E-05  5.16460000E-04
2001-10-29T12:15:39.289 -1.20750000E-04 -7.79360000E-06  3.92150000E-04
2001-10-29T12:15:40.289 -2.35320000E-05 -3.41910000E-05  5.42300000E-04
2001-10-29T12:15:41.289  8.18130000E-05 -6.38380000E-06  5.71140000E-04
2001-10-29T12:15:42.289 -8.72050000E-05 -2.90040000E-05  4.33420000E-04
2001-10-29T12:15:43.289 -3.45040000E-05 -4.46100000E-05  3.48080000E-04
2001-10-29T12:15:44.289 -2.12300000E-05 -1.71940000E-04  4.19630000E-04
2001-10-29T12:15:45.289 -3.51210000E-05 -6.86190000E-05  3.43580000E-04
2001-10-29T12:15:46.289 -1.99480000E-04 -2.00990000E-04  4.86770000E-04
2001-10-29T12:15:47.289  1.97420000E-04 -6.12810000E-05  6.41400000E-04
2001-10-29T12:15:48.289 -1.37410000E-04 -4.90520000E-05  3.82470000E-04
2001-10-29T12:15:49.289  3.71850000E-05 -1.76220000E-04  4.17840000E-04
2001-10-29T12:15:50.289  5.55220000E-05 -2.12070000E-04  4.66720000E-04
2001-10-29T12:15:51.289 -1.34350000E-04 -8.29570000E-05  4.41960000E-04
2001-10-29T12:15:52.289 -1.05790000E-04 -6.24810000E-05  5.41960000E-04
2001-10-29T12:15:53.289 -1.62400000E-05 -1.95760000E-04  5.77750000E-04
2001-10-29T12:15:54.289 -5.99370000E-05 -7.41920000E-05  5.16140000E-04
2001-10-29T12:15:55.289 -2.02040000E-06 -1.24120000E-04  2.77940000E-04
2001-10-29T12:15:56.289 -7.93510000E-05 -2.27700000E-04  2.91170000E-04
2001-10-29T12:15:57.289  4.47880000E-05  1.71810000E-05  4.27480000E-04
2001-10-29T12:15:58.289 -1.06220000E-04 -1.77190000E-04  7.49860000E-04
2001-10-29T12:15:59.289  1.64480000E-05 -1.19830000E-04  3.68210000E-04
2001-10-29T12:16:00.289 -1.32200000E-04 -1.74510000E-04  5.19560000E-04
2001-10-29T12:16:01.289 -4.64630000E-05 -1.25680000E-04  5.18370000E-04
2001-10-29T12:16:02.289  9.42300000E-05 -2.54490000E-05  2.90220000E-04
2001-10-29T12:16:03.289 -2.55320000E-04 -2.82130000E-04  3.16150000E-04
2001-10-29T12:16:04.289  5.21530000E-05 -8.07440000E-05  4.89250000E-04
2001-10-29T12:16:05.289 -1.38610000E-04 -1.61750000E-04  3.89310000E-04
2001-10-29T12:16:06.289 -1.40040000E-04 -6.88510000E-05  6.58090000E-04
2001-10-29T12:16:07.289  5.43660000E-05 -7.65100000E-05  6.47370000E-04
2001-10-29T12:16:08.289  2.43560000E-05 -2.03200000E-04  6.00150000E-04
2001-10-29T12:16:09.289 -2.05790000E-05 -1.22080000E-04  6.07090000E-04
2001-10-29T12:16:10.289 -2.52650000E-05 -6.88220000E-05  5.07690000E-04
2001-10-29T12:16:11.289 -1.68740000E-04 -1.48790000E-04  4.36140000E-04
2001-10-29T12:16:12.289  5.53880000E-05 -1.34590000E-04  4.07940000E-04
2001-10-29T12:16:13.289 -4.28380000E-06 -1.74960000E-04  5.55090000E-04
2001-10-29T12:16:14.289 -1.26950000E-04 -1.32370000E-04  3.62890000E-04
2001-10-29T12:16:15.289  2.06650000E-05 -2.46650000E-04  6.60430000E-04
2001-10-29T12:16:16.289 -1.18940000E-04 -1.37810000E-04  4.65260000E-04
2001-10-29T12:16:17.289 -5.74450000E-05 -3.54980000E-05  4.07680000E-04
2001-10-29T12:16:18.289 -1.63850000E-04 -2.47190000E-04  3.25480000E-04
2001-10-29T12:16:19.289  6.04580000E-05 -1.22070000E-04  5.57760000E-04
2001-10-29T12:16:20.289 -1.28890000E-04 -2.31710000E-04  2.95930000E-04
2001-10-29T12:16:21.289 -1.06110000E-05 -1.74790000E-04  6.82380000E-04
2001-10-29T12:16:22.289 -6.04290000E-05 -2.49620000E-04  4.19110000E-04
2001-10-29T12:16:23.289 -1.42770000E-04 -1.05060000E-04  5.57220000E-04
2001-10-29T12:16:24.289  1.97060000E-05 -1.30190000E-04  4.65340000E-04
2001-10-29T12:16:25.289 -9.54560000E-05 -8.55430000E-05  3.49910000E-04
2001-10-29T12:16:26.289  8.39070000E-05 -2.06110000E-04  4.74110000E-04
2001-10-29T12:16:27.289 -1.79650000E-04 -3.66480000E-04  4.23510000E-04
2001-10-29T12:16:28.289  4.06420000E-05 -1.32580000E-04  5.28490000E-04
2001-10-29T12:16:29.289  2.82590000E-05 -3.30710000E-04  1.68720000E-04
2001-10-29T12:16:30.289 -1.99100000E-04 -2.32450000E-04  6.11030000E-04
2001-10-29T12:16:31.289 -4.64680000E-06 -7.48090000E-05  6.85300000E-04
2001-10-29T12:16:32.289 -8.35730000E-05 -2.38850000E-04  5.16350000E-04
2001-10-29T12:16:33.289 -7.87820000E-05 -1.42570000E-04  4.56780000E-04
2001-10-29T12:16:34.289 -6.74640000E-06 -1.24200000E-04  2.97540000E-04
2001-10-29T12:16:35.289 -8.98760000E-05 -1.67280000E-04  3.98870000E-04
2001-10-29T12:16:36.289 -4.25110000E-04 -4.20550000E-04  3.32860000E-04
2001-10-29T12:16:37.289 -3.49910000E-04 -1.94740000E-04  4.41560000E-04
2001-10-29T12:16:38.289 -1.05380000E-04 -3.24330000E-04  7.25090000E-04
2001-10-29T12:16:39.289 -1.01080000E-04 -1.36340000E-04  3.71050000E-04
2001-10-29T12:16:40.289 -5.13960000E-05 -1.84180000E-04  3.83630000E-04
2001-10-29T12:16:41.289 -5.14340000E-04 -3.31540000E-04  4.31890000E-04
2001-10-29T12:16:42.289 -6.21970000E-06 -7.70910000E-05  3.99920000E-04
2001-10-29T12:16:43.289 -1.99860000E-04 -2.74340000E-04  3.59550000E-04
2001-10-29T12:16:44.289 -6.16470000E-05 -1.27290000E-04  7.28530000E-04
2001-10-29T12:16:45.289 -1.12640000E-04 -2.81640000E-04  5.12750000E-04
2001-10-29T12:16:46.289 -1.55130000E-04 -1.69400000E-04  3.23890000E-04
2001-10-29T12:16:47.289 -3.80390000E-04 -1.71960000E-04  1.14890000E-04
2001-10-29T12:16:48.289 -2.97650000E-04 -9.21550000E-05  3.47120000E-04
2001-10-29T12:16:49.289 -1.42380000E-04 -5.44360000E-05 -1.06960000E-04
2001-10-29T12:16:50.289 -1.00140000E-04 -7.28100000E-05  3.55950000E-04
2001-10-29T12:16:51.289  1.32900000E-05 -9.87510000E-05  3.10230000E-04
2001-10-29T12:16:52.289 -8.72780000E-05 -2.26860000E-04  4.06420000E-04
2001-10-29T12:16:53.289  1.31850000E-04 -1.82990000E-05  1.92900000E-04
2001-10-29T12:16:54.289 -7.76010000E-05 -2.21010000E-04  1.93270000E-04
2001-10-29T12:16:55.289 -1.23070000E-04 -2.44530000E-04  3.04200000E-04
2001-10-29T12:16:56.289  1.25840000E-04 -1.75400000E-04  2.69070000E-04
2001-10-29T12:16:57.289 -1.60640000E-04 -1.16420000E-04  3.91650000E-04
2001-10-29T12:16:58.289  6.84290000E-05 -1.73100000E-04  5.18590000E-04
2001-10-29T12:16:59.289 -7.43490000E-05 -1.13530000E-04  4.92140000E-04
2001-10-29T12:17:00.289 -2.98820000E-04 -2.73840000E-05  3.15460000E-04
2001-10-29T12:17:01.289 -1.29250000E-04 -2.13890000E-04  4.36740000E-04
2001-10-29T12:17:02.289 -2.24690000E-04 -3.61410000E-04  3.00230000E-04
2001-10-29T12:17:03.289 -1.78040000E-04 -1.59010000E-04  5.89050000E-04
2001-10-29T12:17:04.289 -1.70880000E-04 -3.36140000E-04  5.58990000E-04
2001-10-29T12:17:05.289 -5.85300000E-06 -7.28520000E-05  3.95400000E-04
2001-10-29T12:17:06.289 -2.99360000E-05 -1.24560000E-04  4.86660000E-04
2001-10-29T12:17:07.289 -4.96240000E-05 -1.88610000E-04  3.91910000E-04
2001-10-29T12:17:08.289 -1.31090000E-04 -2.40550000E-04  3.40380000E-04
2001-10-29T12:17:09.289 -6.90630000E-05 -1.32930000E-04  2.91820000E-04
2001-10-29T12:17:10.289  2.88640000E-05 -5.21530000E-05  2.14500000E-04
2001-10-29T12:17:11.289 -3.38490000E-04 -3.51890000E-04  4.73220000E-04
2001-10-29T12:17:12.289  4.49210000E-05 -2.16570000E-04  3.48550000E-04
2001-10-29T12:17:13.289 -5.22460000E-05 -2.64290000E-04  3.98740000E-04
2001-10-29T12:17:14.289 -5.99390000E-05 -3.83020000E-05  5.15160000E-05
2001-10-29T12:17:15.289 -4.35830000E-05 -2.60220000E-04  4.55170000E-04
2001-10-29T12:17:16.289 -6.32350000E-05 -3.12290000E-04  5.85570000E-04
2001-10-29T12:17:17.289 -2.54090000E-05 -1.88550000E-04  5.34870000E-04
2001-10-29T12:17:18.289 -2.75300000E-04 -2.93080000E-04  3.72730000E-04
2001-10-29T12:17:19.289 -4.66660000E-05 -1.74220000E-04  6.23060000E-04
2001-10-29T12:17:20.289 -1.81920000E-04 -3.92340000E-04  5.56070000E-04
2001-10-29T12:17:21.289 -1.82350000E-05 -8.82390000E-05  4.48930000E-04
2001-10-29T12:17:22.289 -1.13700000E-04 -3.00870000E-04  4.35210000E-04
2001-10-29T12:17:23.289 -1.12880000E-04 -1.47900000E-04  2.54780000E-05
2001-10-29T12:17:24.289 -1.54180000E-04 -2.53710000E-04  5.72420000E-04
2001-10-29T12:17:25.289 -1.16090000E-04 -2.81790000E-04  5.76020000E-04
2001-10-29T12:17:26.289 -1.55730000E-05 -2.04520000E-04  4.37690000E-04
2001-10-29T12:17:27.289 -1.28110000E-05 -3.26030000E-04  5.47680000E-04
2001-10-29T12:17:28.289 -1.12480000E-04 -2.63980000E-04  5.43610000E-04
2001-10-29T12:17:29.289 -1.12870000E-04 -1.44310000E-04  4.06500000E-04
2001-10-29T12:17:30.289 -1.47410000E-04 -6.41890000E-05  3.69720000E-04
2001-10-29T12:17:31.289 -4.27080000E-05 -2.13290000E-04  4.09960000E-04
2001-10-29T12:17:32.289 -1.72100000E-04 -2.43660000E-04  4.32440000E-04
2001-10-29T12:17:33.289 -1.25870000E-04 -3.06790000E-04  3.53190000E-04
2001-10-29T12:17:34.289 -1.19740000E-04 -6.04090000E-05  2.68680000E-04
2001-10-29T12:17:35.289  3.85700000E-05 -3.02290000E-04  6.62630000E-04
2001-10-29T12:17:36.289 -3.17330000E-04 -2.59970000E-04  2.29840000E-04
2001-10-29T12:17:37.289  1.39430000E-04 -2.76660000E-04  2.41950000E-04
2001-10-29T12:17:38.289 -1.06730000E-04 -2.63580000E-04  3.96750000E-04
2001-10-29T12:17:39.289 -4.13850000E-05 -3.34750000E-04  4.41650000E-04
2001-10-29T12:17:40.289 -1.35080000E-04 -2.66170000E-04  5.56520000E-04
2001-10-29T12:17:41.289 -2.57840000E-04 -2.79450000E-04  6.31670000E-04
2001-10-29T12:17:42.289 -1.19410000E-04 -1.91210000E-04  4.96160000E-04
2001-10-29T12:17:43.289 -2.04100000E-05 -3.51220000E-04  3.35390000E-04
2001-10-29T12:17:44.289 -8.76720000E-05 -2.07990000E-04  5.21620000E-04
2001-10-29T12:17:45.289 -2.19160000E-04 -2.30180000E-04  5.09470000E-04
2001-10-29T12:17:46.289  1.68410000E-04 -1.22560000E-04  3.31330000E-04
2001-10-29T12:17:47.289 -1.96880000E-04 -3.89530000E-04  3.92740000E-04
2001-10-29T12:17:48.289 -3.33950000E-05 -8.73290000E-05  5.03970000E-04
2001-10-29T12:17:49.289 -1.78480000E-04 -3.50200000E-04  2.45790000E-04
2001-10-29T12:17:50.289 -1.39420000E-04 -2.14970000E-04  5.67060000E-04
2001-10-29T12:17:51.289 -4.08680000E-05 -3.97280000E-04  5.17740000E-04
2001-10-29T12:17:52.289  1.72140000E-06 -1.74530000E-04  4.60930000E-04
2001-10-29T12:17:53.289 -4.42400000E-05 -2.23960000E-04  2.94010000E-04
2001-10-29T12:17:54.289 -2.70470000E-04 -3.17330000E-04  6.17450000E-04
2001-10-29T12:17:55.289 -4.52980000E-05 -2.06000000E-04  5.11630000E-04
2001-10-29T12:17:56.289 -9.32730000E-05 -2.77690000E-04  3.50000000E-04
2001-10-29T12:17:57.289  2.19180000E-05 -2.74880000E-04  3.44930000E-04
2001-10-29T12:17:58.289 -2.42570000E-04 -3.03450000E-04  4.83270000E-04
2001-10-29T12:17:59.289 -4.89340000E-07 -8.97020000E-05  6.09990000E-04
2001-10-29T12:18:00.289 -1.15090000E-04 -1.85930000E-04  2.92080000E-04
2001-10-29T12:18:01.289 -1.91810000E-04 -2.77260000E-04  3.09820000E-04
2001-10-29T12:18:02.289  4.51020000E-05 -3.05800000E-04  4.18630000E-04
2001-10-29T12:18:03.289 -1.76970000E-04 -2.82820000E-04  3.88060000E-04
2001-10-29T12:18:04.289 -1.27300000E-04 -2.04220000E-04  6.61120000E-04
2001-10-29T12:18:05.289 -9.19320000E-05 -2.76070000E-04  4.87800000E-04
2001-10-29T12:18:06.289  7.99550000E-06 -3.47760000E-04  5.06930000E-04
2001-10-29T12:18:07.289 -1.03690000E-04 -3.77310000E-04  3.02670000E-04
2001-10-29T12:18:08.289 -3.00430000E-06 -2.54430000E-04  3.32240000E-04
2001-10-29T12:18:09.289 -1.05540000E-04 -1.25260000E-04  3.43950000E-04
2001-10-29T12:18:10.289 -1.36620000E-04 -3.45730000E-04  5.27960000E-04
2001-10-29T12:18:11.289  1.86470000E-06 -2.36690000E-04  3.39730000E-04
2001-10-29T12:18:12.289 -2.66710000E-04 -3.04330000E-04  5.96340000E-04
2001-10-29T12:18:13.289  1.33650000E-05 -7.31220000E-05  2.82360000E-04
2001-10-29T12:18:14.289 -7.61540000E-05 -2.54020000E-04  4.57590000E-04
2001-10-29T12:18:15.289 -3.74010000E-05 -1.81640000E-04  4.66400000E-04
2001-10-29T12:18:16.289 -2.95060000E-04 -3.39060000E-04  6.99660000E-04
2001-10-29T12:18:17.289 -1.80530000E-05 -1.07760000E-04  1.89910000E-04
2001-10-29T12:18:18.289 -1.00660000E-04 -2.46560000E-04  3.32700000E-04
2001-10-29T12:18:19.289 -7.25830000E-05 -2.55730000E-04  6.78200000E-04
2001-10-29T12:18:20.289  4.88500000E-05 -1.64070000E-04  2.76210000E-04
2001-10-29T12:18:21.289 -2.35610000E-04 -3.80000000E-04  4.98340000E-04
2001-10-29T12:18:22.289 -3.37490000E-05 -2.12960000E-04  4.88230000E-04
2001-10-29T12:18:23.289 -1.15130000E-04 -3.30210000E-04  3.63690000E-04
2001-10-29T12:18:24.289 -2.30320000E-05 -1.66460000E-04  3.84990000E-04
2001-10-29T12:18:25.289 -2.13970000E-04 -2.25210000E-04  6.05070000E-04
2001-10-29T12:18:26.289 -5.42350000E-05 -2.70600000E-04  3.27220000E-04
2001-10-29T12:18:27.289 -9.17280000E-05 -2.81930000E-04  5.30720000E-04
2001-10-29T12:18:28.289 -1.81160000E-04 -2.99430000E-04  5.01800000E-04
2001-10-29T12:18:29.289  1.99380000E-05 -2.59130000E-04  4.11950000E-04
2001-10-29T12:18:30.289 -1.39760000E-04 -3.13730000E-04  1.52960000E-04
2001-10-29T12:18:31.289 -9.06690000E-05 -2.68170000E-04  4.88540000E-04
2001-10-29T12:18:32.289 -4.86900000E-05 -3.07800000E-04  5.22240000E-04
2001-10-29T12:18:33.289 -5.67100000E-05 -1.49880000E-04  5.16170000E-04
2001-10-29T12:18:34.289  2.56240000E-05 -3.39160000E-04  5.62570000E-04
2001-10-29T12:18:35.289 -1.45400000E-04 -1.95230000E-04  5.03820000E-04
2001-10-29T12:18:36.289 -6.20340000E-05 -3.72450000E-04  4.23700000E-04
2001-10-29T12:18:37.289 -4.87660000E-05 -2.50050000E-04  5.18450000E-04
2001-10-29T12:18:38.289 -6.67140000E-05 -2.25920000E-04  5.51650000E-04
2001-10-29T12:18:39.289 -1.42490000E-04 -3.64220000E-04  2.13240000E-04
2001-10-29T12:18:40.289 -9.36420000E-05 -1.78180000E-04  3.79320000E-04
2001-10-29T12:18:41.289 -9.27430000E-05 -2.67970000E-04  4.98340000E-04
2001-10-29T12:18:42.289 -1.31600000E-04 -2.03010000E-04  4.08880000E-04
2001-10-29T12:18:43.289 -1.21260000E-04 -3.32750000E-04  4.72910000E-04
2001-10-29T12:18:44.289 -1.76510000E-05 -2.29310000E-04  5.89820000E-04
2001-10-29T12:18:45.289 -1.11380000E-04 -2.24590000E-04  4.66780000E-04
2001-10-29T12:18:46.289 -9.04620000E-05 -2.27610000E-04  4.26020000E-04
2001-10-29T12:18:47.289  5.99860000E-07 -1.65420000E-04  3.87140000E-04
2001-10-29T12:18:48.289 -2.32350000E-04 -4.51480000E-04  4.24570000E-04
2001-10-29T12:18:49.289  1.29700000E-04 -2.19100000E-04  2.35190000E-04
2001-10-29T12:18:50.289 -2.27310000E-04 -3.21990000E-04  4.51580000E-04
2001-10-29T12:18:51.289 -1.91010000E-05 -2.31990000E-04  4.49770000E-04
2001-10-29T12:18:52.289 -2.11760000E-04 -2.48500000E-04  5.06430000E-04
2001-10-29T12:18:53.289 -3.39410000E-05 -1.27920000E-04  4.96470000E-04
2001-10-29T12:18:54.289 -8.77980000E-05 -2.52950000E-04  4.62160000E-04
2001-10-29T12:18:55.289 -1.68430000E-04 -2.68270000E-04  2.17830000E-04
2001-10-29T12:18:56.289 -1.55300000E-04 -1.80320000E-04  6.07780000E-04
2001-10-29T12:18:57.289 -6.69960000E-05 -2.95470000E-04  4.83170000E-04
2001-10-29T12:18:58.289  7.18940000E-06 -2.54600000E-04  5.66370000E-04
2001-10-29T12:18:59.289 -2.40990000E-04 -3.33300000E-04  7.13700000E-04
2001-10-29T12:19:00.289  6.42860000E-05 -1.53600000E-04  3.96610000E-04
2001-10-29T12:19:01.289 -3.15830000E-04 -3.32040000E-04  4.70080000E-04
2001-10-29T12:19:02.289  9.06230000E-05 -1.60650000E-04  5.60640000E-04
2001-10-29T12:19:03.289 -7.09130000E-05 -2.61030000E-04  3.46120000E-04
2001-10-29T12:19:04.289 -1.35620000E-04 -1.36640000E-04  6.45310000E-04
2001-10-29T12:19:05.289 -8.42860000E-05 -2.20240000E-04  3.46160000E-04
2001-10-29T12:19:06.289 -1.23110000E-04 -2.46000000E-04  4.35970000E-04
2001-10-29T12:19:07.289 -7.54080000E-05 -3.46560000E-04  4.85500000E-04
2001-10-29T12:19:08.289 -1.21820000E-04 -3.59490000E-04  4.18710000E-04
2001-10-29T12:19:09.289 -8.26790000E-06 -1.57120000E-04  3.86420000E-04
2001-10-29T12:19:10.289 -2.27670000E-04 -3.42410000E-04  3.19820000E-04
2001-10-29T12:19:11.289  3.39950000E-05 -1.88110000E-04  5.37590000E-04
2001-10-29T12:19:12.289 -1.97370000E-04 -1.96360000E-04  5.04830000E-04
2001-10-29T12:19:13.289 -2.15920000E-04 -2.74780000E-04  5.86290000E-04
2001-10-29T12:19:14.289  4.96830000E-05 -1.53480000E-04  2.47590000E-04
2001-10-29T12:19:15.289 -1.34840000E-04 -3.26630000E-04  5.34720000E-04
2001-10-29T12:19:16.289 -1.10390000E-04 -1.61470000E-04  5.82700000E-04
2001-10-29T12:19:17.289 -1.65840000E-04 -3.13770000E-04  4.00830000E-04
2001-10-29T12:19:18.289 -6.38350000E-05 -3.03330000E-04  4.00330000E-04
2001-10-29T12:19:19.289 -8.96440000E-05 -4.51200000E-04  4.07310000E-04
2001-10-29T12:19:20.289 -5.88930000E-05 -1.17780000E-04  3.39210000E-04
2001-10-29T12:19:21.289 -5.75870000E-05 -2.85010000E-04  5.73480000E-04
2001-10-29T12:19:22.289 -1.17580000E-04 -1.84510000E-04  4.14830000E-04
2001-10-29T12:19:23.289 -6.71490000E-05 -3.32870000E-04  4.96750000E-04
2001-10-29T12:19:24.289 -7.57600000E-05 -1.81720000E-04  6.08900000E-04
2001-10-29T12:19:25.289  1.08050000E-05 -1.95200000E-04  4.08190000E-04
2001-10-29T12:19:26.289 -1.25120000E-04 -3.64460000E-04  4.95540000E-04
2001-10-29T12:19:27.289 -1.64760000E-04 -2.38460000E-04  4.15090000E-04
2001-10-29T12:19:28.289 -5.55180000E-05 -4.41890000E-04  5.44940000E-04
2001-10-29T12:19:29.289 -2.29700000E-05 -2.00690000E-04  3.82750000E-04
2001-10-29T12:19:30.289 -2.53600000E-04 -1.87010000E-04  4.19250000E-04
2001-10-29T12:19:31.289 -1.21680000E-04 -2.11410000E-04  4.08080000E-04
2001-10-29T12:19:32.289 -1.53660000E-04 -2.96090000E-04  4.85850000E-04
2001-10-29T12:19:33.289 -2.56020000E-06 -2.61720000E-04  5.64920000E-04
2001-10-29T12:19:34.289 -7.95160000E-05 -2.17420000E-04  3.95080000E-04
2001-10-29T12:19:35.289 -1.13740000E-04 -2.60120000E-04  5.40600000E-04
2001-10-29T12:19:36.289 -7.61090000E-05 -4.24780000E-04  2.71690000E-04
2001-10-29T12:19:37.289 -6.73930000E-05 -2.85440000E-04  3.19760000E-04
2001-10-29T12:19:38.289  1.12370000E-04 -1.92160000E-04  4.57400000E-04
2001-10-29T12:19:39.289 -1.51100000E-04 -3.05890000E-04  5.37800000E-04
2001-10-29T12:19:40.289  7.02200000E-05 -1.21870000E-04  5.82560000E-04
2001-10-29T12:19:41.289 -2.11070000E-04 -2.67970000E-04  3.52070000E-04
2001-10-29T12:19:42.289 -1.37840000E-04 -3.16880000E-04  3.90900000E-04
2001-10-29T12:19:43.289  3.27220000E-05 -3.07750000E-04  5.50470000E-04
2001-10-29T12:19:44.289 -2.12990000E-04 -1.51190000E-04  3.98700000E-04
2001-10-29T12:19:45.289 -2.10800000E-05 -2.24850000E-04  4.58060000E-04
2001-10-29T12:19:46.289 -1.00430000E-04 -3.93550000E-04  4.01310000E-04
2001-10-29T12:19:47.289 -2.04230000E-04 -1.63280000E-04  3.37670000E-04
2001-10-29T12:19:48.289 -2.95190000E-04 -1.15830000E-04  4.20160000E-04
2001-10-29T12:19:49.289  6.88410000E-05 -3.08530000E-04  4.03450000E-04
2001-10-29T12:19:50.289 -9.84100000E-05 -3.15210000E-04  3.29720000E-04
2001-10-29T12:19:51.289 -4.82740000E-05 -3.21200000E-04  5.30530000E-04
2001-10-29T12:19:52.289  1.63630000E-05 -1.50710000E-04  4.94730000E-04
2001-10-29T12:19:53.289 -1.84060000E-04 -3.90270000E-04  2.94030000E-04
2001-10-29T12:19:54.289 -4.83830000E-05 -2.53790000E-04  5.58360000E-04
2001-10-29T12:19:55.289 -1.88590000E-04 -4.12580000E-04  5.55360000E-04
2001-10-29T12:19:56.289 -2.51360000E-06 -2.62990000E-04  3.75160000E-04
2001-10-29T12:19:57.289 -2.36050000E-04 -1.81160000E-04  3.98080000E-04
2001-10-29T12:19:58.289 -7.45280000E-05 -1.76360000E-04  2.04530000E-04
2001-10-29T12:19:59.289 -1.13430000E-04 -4.17400000E-04  4.87980000E-04
2001-10-29T12:20:00.289  2.45620000E-05 -2.34900000E-04  4.67630000E-04
2001-10-29T12:20:01.289 -4.42340000E-05 -2.47480000E-04  2.98540000E-04
2001-10-29T12:20:02.289 -1.62520000E-04 -2.13440000E-04  5.15960000E-04
2001-10-29T12:20:03.289 -1.88520000E-04 -2.14730000E-04  5.82350000E-04
2001-10-29T12:20:04.289 -3.16130000E-04 -1.56290000E-04  2.83240000E-04
2001-10-29T12:20:05.289 -9.92990000E-06 -2.14410000E-04  6.89170000E-04
2001-10-29T12:20:06.289  2.80500000E-05 -2.47550000E-04  4.32980000E-04
2001-10-29T12:20:07.289 -8.27160000E-05 -1.68400000E-04  4.64350000E-04
2001-10-29T12:20:08.289 -1.48740000E-04 -2.37810000E-04  3.97690000E-04
2001-10-29T12:20:09.289 -1.02910000E-04 -2.02700000E-04  1.41420000E-04
2001-10-29T12:20:10.289 -1.37930000E-04 -2.41900000E-04  5.01550000E-04
2001-10-29T12:20:11.289 -1.32360000E-04 -1.46170000E-04  5.02980000E-04
2001-10-29T12:20:12.289 -4.24710000E-06 -2.43840000E-04  6.52260000E-04
2001-10-29T12:20:13.289 -1.37520000E-04 -2.99200000E-04  4.54900000E-04
2001-10-29T12:20:14.289 -4.85050000E-06 -2.06110000E-04  3.62340000E-04
2001-10-29T12:20:15.289 -2.17670000E-04 -2.76860000E-04  4.85390000E-04
2001-10-29T12:20:16.289  4.28790000E-05 -1.86960000E-04  3.60590000E-04
2001-10-29T12:20:17.289 -1.18040000E-04 -2.14380000E-04  4.43460000E-04
2001-10-29T12:20:18.289 -1.32100000E-04 -2.48840000E-04  5.11320000E-04
2001-10-29T12:20:19.289 -1.10790000E-04 -2.85650000E-04  4.16360000E-04
2001-10-29T12:20:20.289 -1.53130000E-04 -2.58860000E-04  3.31460000E-04
2001-10-29T12:20:21.289 -5.24470000E-05 -2.09070000E-04  5.28980000E-04
2001-10-29T12:20:22.289 -1.45530000E-04 -3.51930000E-04  4.59480000E-04
2001-10-29T12:20:23.289  1.04730000E-05 -1.76960000E-04  4.36790000E-04
2001-10-29T12:20:24.289 -1.42550000E-04 -2.69910000E-04  4.05960000E-04
2001-10-29T12:20:25.289 -8.49910000E-05 -2.63360000E-04  4.65920000E-04
2001-10-29T12:20:26.289 -1.75690000E-04 -3.61020000E-04  3.65510000E-04
2001-10-29T12:20:27.289  3.12640000E-05 -2.04990000E-04  5.13520000E-04
2001-10-29T12:22:35.885 -6.74870000E-05 -3.61450000E-05  4.44620000E-04
2001-10-29T12:22:36.885 -4.25150000E-05 -4.67820000E-04  4.06340000E-04
2001-10-29T12:22:37.885 -1.14340000E-04 -2.05800000E-04  2.69490000E-04
2001-10-29T12:22:38.885 -8.08850000E-05 -4.17710000E-04  4.79540000E-04
2001-10-29T12:22:39.885 -5.84480000E-05 -2.36390000E-04  4.68030000E-04
2001-10-29T12:22:40.885 -1.21960000E-04 -2.81370000E-04  4.58580000E-04
2001-10-29T12:22:41.885 -1.35060000E-04 -1.33870000E-04  2.60520000E-04
2001-10-29T12:22:42.885 -4.63670000E-06 -2.73920000E-04  4.76080000E-04
2001-10-29T12:22:43.885 -2.11440000E-04 -3.84360000E-04  4.92950000E-04
2001-10-29T12:22:44.885  5.14160000E-05 -1.76190000E-04  1.50450000E-04
2001-10-29T12:22:45.885 -1.98860000E-04 -4.23560000E-04  4.08580000E-04
2001-10-29T12:22:46.885  4.20480000E-05 -1.19420000E-04  4.58450000E-04
2001-10-29T12:22:47.885 -5.41440000E-05 -4.81660000E-04  4.75680000E-04
2001-10-29T12:22:48.885 -1.22100000E-06 -2.18750000E-04  3.57060000E-04
2001-10-29T12:22:49.885 -1.40710000E-04 -2.59650000E-04  1.46910000E-04
2001-10-29T12:22:50.885 -1.41220000E-04 -4.02090000E-04  4.21090000E-04
2001-10-29T12:22:51.885  1.26090000E-04 -2.54550000E-04  2.72120000E-04
2001-10-29T12:22:52.885 -1.25570000E-04 -3.86350000E-04  4.86520000E-04
2001-10-29T12:22:53.885  8.91960000E-05 -2.75070000E-04  4.40990000E-04
2001-10-29T12:22:54.885 -1.70280000E-04 -3.47640000E-04  3.45140000E-04
2001-10-29T12:22:55.885 -7.02930000E-06 -3.04430000E-04  2.24600000E-04
2001-10-29T12:22:56.885 -8.48980000E-05 -3.99880000E-04  3.04850000E-04
2001-10-29T12:22:57.885  6.00390000E-05 -3.01690000E-04  5.56350000E-04
2001-10-29T12:22:58.885 -1.09540000E-04 -3.33180000E-04  5.82040000E-04
2001-10-29T12:22:59.885 -1.08280000E-04 -2.19420000E-04  5.69170000E-04
2001-10-29T12:23:00.885  1.39870000E-04 -1.74950000E-04  3.98520000E-04
2001-10-29T12:23:01.885 -1.06600000E-04 -4.12680000E-04  4.83430000E-04
2001-10-29T12:23:02.885 -1.43800000E-04 -6.71640000E-05  3.99070000E-04
2001-10-29T12:23:03.885  7.20910000E-06 -1.88220000E-04  6.40880000E-04
2001-10-29T12:23:04.885 -1.08640000E-04 -2.38790000E-04  4.16320000E-04
