2001-11-08T21:15:19.703 -9.26942800E-03 -1.35964300E-03 -2.57810000E-03
2001-11-08T21:15:20.710  8.79579000E-03  2.96121700E-03 -4.38170600E-03
2001-11-08T21:15:21.703 -5.05374900E-03 -7.60478200E-03 -2.36297100E-03
2001-11-08T21:15:22.706  4.25759400E-03  4.28806200E-03 -4.35981300E-03
2001-11-08T21:15:23.703 -6.61715900E-03  2.40816700E-03 -6.39107000E-04
2001-11-08T21:15:24.706 -1.01738500E-03  1.56681000E-04 -9.23200000E-05
2001-11-08T21:15:25.710  1.05150600E-03 -1.96822000E-04  8.81014000E-04
2001-11-08T21:15:26.706 -7.04398000E-04 -7.43698000E-04  9.03515000E-04
2001-11-08T21:15:27.702  7.72534000E-04  1.17364600E-03 -4.08494000E-04
2001-11-08T21:15:28.706 -2.06608700E-03  1.57668000E-04  1.66554400E-03
2001-11-08T21:15:29.702  7.50314000E-04 -1.74898000E-04 -5.84302000E-04
2001-11-08T21:15:30.706  5.40185000E-04 -4.22843000E-04 -1.78915000E-04
2001-11-08T21:15:31.702  2.06992000E-04 -6.12690000E-05  8.24156000E-04
2001-11-08T21:15:32.706  8.63770000E-05  3.69235000E-04 -3.46905000E-04
2001-11-08T21:15:33.702 -1.27339600E-03  1.65666000E-04 -1.25501000E-04
2001-11-08T21:15:34.702  1.42291200E-03  5.80840000E-04  1.58200000E-06
2001-11-08T21:15:35.702 -5.52405000E-04 -1.12667000E-03 -8.64080000E-04
2001-11-08T21:15:36.710  7.40229000E-04  6.23742000E-04  2.79980000E-04
2001-11-08T21:15:37.702 -9.31798000E-04  1.14889000E-04  1.38180000E-05
2001-11-08T21:15:38.706  3.15285000E-04 -6.71400000E-06 -8.96683000E-04
2001-11-08T21:15:39.702  4.24171000E-04 -1.38877000E-04  3.79181000E-04
2001-11-08T21:15:40.706 -3.53155000E-04 -4.06076000E-04  5.86398000E-04
2001-11-08T21:15:41.706  7.44333000E-04  1.34035800E-03 -6.65371000E-04
2001-11-08T21:15:42.706 -1.39413900E-03 -1.24017000E-04  5.52798000E-04
2001-11-08T21:15:43.702  7.67622000E-04  5.15965000E-04  1.15533300E-03
2001-11-08T21:15:44.706 -2.70982000E-04 -1.69134200E-03  3.59342000E-04
2001-11-08T21:15:45.702  6.88707000E-04  1.97034000E-04 -3.06400000E-06
2001-11-08T21:15:46.706 -8.31920000E-04  2.90178000E-04 -1.35585000E-04
2001-11-08T21:15:47.702 -3.12804000E-04  6.81840000E-05 -6.63227000E-04
2001-11-08T21:15:48.706  3.45901000E-04 -7.47263000E-04  2.41369000E-04
2001-11-08T21:15:49.702 -3.48931000E-04 -9.95320000E-04  5.46300000E-05
2001-11-08T21:15:50.702  8.13492000E-04  7.30457000E-04 -5.87213000E-04
2001-11-08T21:15:51.702 -1.20772600E-03 -2.73000000E-06 -5.30147000E-04
2001-11-08T21:15:52.710  7.66060000E-04  4.04311000E-04 -7.13288000E-04
2001-11-08T21:15:53.702 -1.05671000E-03 -1.08500900E-03 -5.07286000E-04
2001-11-08T21:15:54.706  4.07981000E-04  2.15142000E-04 -6.45580000E-05
2001-11-08T21:15:55.702 -4.22391000E-04  2.59663000E-04  3.67795000E-04
2001-11-08T21:15:56.706  1.75525000E-04  3.66906000E-04 -3.76425000E-04
2001-11-08T21:15:57.706 -4.40563000E-04 -4.67070000E-05 -3.34763000E-04
2001-11-08T21:15:58.706  2.40722000E-04 -8.48714000E-04 -6.96642000E-04
2001-11-08T21:15:59.702  3.25669000E-04  3.34098000E-04 -7.68474000E-04
2001-11-08T21:16:00.706 -1.13120600E-03  3.15830000E-05  6.73824000E-04
2001-11-08T21:16:01.702  4.87326000E-04  1.33618700E-03  1.48731000E-04
2001-11-08T21:16:02.706 -8.21090000E-04 -6.49695000E-04  5.82930000E-05
2001-11-08T21:16:03.702  1.36728500E-03 -3.67758000E-04  9.75309000E-04
2001-11-08T21:16:04.706  1.22518000E-04 -3.15197000E-04 -8.73880000E-05
2001-11-08T21:16:05.702 -4.54257000E-04  6.27756000E-04  1.50732000E-04
2001-11-08T21:16:06.702  1.65286000E-04  9.42581000E-04  1.17261000E-04
2001-11-08T21:16:07.702 -4.96070000E-05 -8.38192000E-04 -3.43586000E-04
2001-11-08T21:16:08.710  1.51313900E-03  4.50663000E-04 -5.67383000E-04
2001-11-08T21:16:09.702 -7.20275000E-04 -7.75282000E-04 -1.50253000E-04
2001-11-08T21:16:10.706  4.69239000E-04  1.41621000E-03 -2.59830000E-04
2001-11-08T21:16:11.702 -9.98816000E-04 -5.04371000E-04 -6.90855000E-04
2001-11-08T21:16:12.706  1.01336900E-03  2.24609000E-04 -2.30901000E-04
2001-11-08T21:16:13.706 -2.83760000E-04 -9.60798000E-04 -1.07451200E-03
2001-11-08T21:16:14.706 -7.81600000E-06 -1.76920000E-05 -4.43456000E-04
2001-11-08T21:16:15.702 -9.02194000E-04  3.19317000E-04  3.86040000E-04
2001-11-08T21:16:16.706 -2.23988000E-04 -2.95578000E-04 -2.77718000E-04
2001-11-08T21:16:17.702  7.08372000E-04 -5.64148000E-04 -4.60384000E-04
2001-11-08T21:16:18.706 -2.71253000E-04 -6.02964000E-04  3.16775000E-04
2001-11-08T21:16:19.702  1.04954000E-04  9.25475000E-04  8.22776000E-04
2001-11-08T21:16:20.706 -1.42584400E-03 -3.24397000E-04  5.17739000E-04
2001-11-08T21:16:21.702  7.10356000E-04  2.30080000E-05  4.88492000E-04
2001-11-08T21:16:22.702 -1.02027000E-04 -1.03059600E-03  6.97170000E-04
2001-11-08T21:16:23.702  2.66140000E-04  1.58248000E-04  6.94672000E-04
2001-11-08T21:16:24.710 -3.05795000E-04  5.57362000E-04 -3.79400000E-06
2001-11-08T21:16:25.702 -1.30067200E-03  4.64092000E-04  4.47895000E-04
2001-11-08T21:16:26.706  9.51496000E-04  1.24237000E-03  3.64960000E-04
2001-11-08T21:16:27.702 -2.37830000E-05 -1.09200800E-03 -1.17868000E-04
2001-11-08T21:16:28.706  6.93437000E-04  9.79589000E-04 -1.34307000E-04
2001-11-08T21:16:29.706 -1.45252400E-03  1.94613000E-04 -4.17732000E-04
2001-11-08T21:16:30.706  2.48011000E-04  5.13201000E-04 -9.94495000E-04
2001-11-08T21:16:31.702 -2.29030000E-04 -2.38610000E-04 -5.67685000E-04
2001-11-08T21:16:32.706  2.13338000E-04 -1.36042000E-04 -2.38838000E-04
2001-11-08T21:16:33.702  2.80645000E-04  4.90645000E-04 -1.01124900E-03
2001-11-08T21:16:34.706 -8.30921000E-04  6.83290000E-05 -1.26918500E-03
2001-11-08T21:16:35.702  7.72332000E-04  6.00074000E-04  3.79961000E-04
2001-11-08T21:16:36.706  3.69790000E-05 -1.08007700E-03  2.15758000E-04
2001-11-08T21:16:37.702  1.12802000E-03  6.86163000E-04 -3.60922000E-04
2001-11-08T21:16:38.702 -1.71651800E-03 -6.56508000E-04  6.50542000E-04
2001-11-08T21:16:39.702  6.61539000E-04  8.89310000E-04 -3.16060000E-04
2001-11-08T21:16:40.710 -2.82006000E-04 -1.62279000E-04  4.71212000E-04
2001-11-08T21:16:41.702  6.95580000E-04 -7.46574000E-04  4.03327000E-04
2001-11-08T21:16:42.706  4.36970000E-04  2.83304000E-04  2.07207000E-04
2001-11-08T21:16:43.702 -1.05409300E-03  2.48669000E-04  1.29587000E-04
2001-11-08T21:16:44.706  4.32309000E-04  9.98058000E-04 -1.40755000E-04
2001-11-08T21:16:45.706 -1.08170500E-03 -9.55085000E-04  4.72775000E-04
2001-11-08T21:16:46.706  1.33174500E-03  1.30075000E-04  3.72743000E-04
2001-11-08T21:16:47.702 -3.03227000E-04 -4.10284000E-04 -7.85083000E-04
2001-11-08T21:16:48.706  8.29850000E-05  7.76329000E-04 -7.29029000E-04
2001-11-08T21:16:49.702 -3.74896000E-04 -9.50190000E-05 -4.62432000E-04
2001-11-08T21:16:50.706  8.79640000E-05 -1.49804000E-04 -7.21880000E-05
2001-11-08T21:16:51.702  9.14445000E-04 -1.49735000E-04 -5.28303000E-04
2001-11-08T21:16:52.706 -4.60937000E-04 -4.92314000E-04 -9.07737000E-04
2001-11-08T21:16:53.702  2.73205000E-04  1.16612500E-03  5.73650000E-05
2001-11-08T21:16:54.702 -8.58750000E-04 -8.96809000E-04 -3.06076000E-04
2001-11-08T21:16:55.702  8.67766000E-04  6.64724000E-04  5.60202000E-04
2001-11-08T21:16:56.710 -6.64686000E-04 -8.58168000E-04  5.30548000E-04
2001-11-08T21:16:57.702  2.41709000E-04  6.18418000E-04  2.19743000E-04
2001-11-08T21:16:58.706 -7.05087000E-04  6.69150000E-04 -2.93211000E-04
2001-11-08T21:16:59.702  1.68647000E-04 -3.68639000E-04 -5.01010000E-05
2001-11-08T21:17:00.706  1.17820000E-04  1.09474000E-04  2.00945000E-04
2001-11-08T21:17:01.706 -3.53000000E-05 -7.73408000E-04 -2.93308000E-04
2001-11-08T21:17:02.706  9.28629000E-04  1.58354300E-03  1.21702000E-04
2001-11-08T21:17:03.702 -1.69182100E-03 -7.55890000E-05  3.69473000E-04
2001-11-08T21:17:04.706  8.46047000E-04  1.04773700E-03 -9.38423000E-04
2001-11-08T21:17:05.702 -1.87843000E-04 -9.92966000E-04  3.30459000E-04
2001-11-08T21:17:06.706  1.07727700E-03  2.16373000E-04 -9.45622000E-04
2001-11-08T21:17:07.702 -1.03994500E-03 -1.45760000E-05 -1.05991800E-03
2001-11-08T21:17:08.706 -5.67805000E-04  8.53504000E-04 -5.65993000E-04
2001-11-08T21:17:09.702 -4.62957000E-04 -1.56697000E-04 -4.70948000E-04
2001-11-08T21:17:10.702  9.77770000E-05 -6.87339000E-04 -6.21049000E-04
2001-11-08T21:17:11.702  1.13551400E-03  8.86200000E-04 -9.99910000E-05
2001-11-08T21:17:12.710 -7.69346000E-04 -4.99033000E-04  2.40170000E-04
2001-11-08T21:17:13.702  7.76900000E-04  1.06449800E-03  1.00384000E-04
2001-11-08T21:17:14.706 -6.25775000E-04 -9.37370000E-05  1.86430000E-05
2001-11-08T21:17:15.702  1.09673000E-03 -1.52719000E-04  6.76531000E-04
2001-11-08T21:17:16.706 -5.07084000E-04 -5.00913000E-04  4.95210000E-04
2001-11-08T21:17:17.706 -2.64005000E-04  3.68655000E-04 -1.14295000E-04
2001-11-08T21:17:18.706  9.20750000E-05  2.30731000E-04  2.13738000E-04
2001-11-08T21:17:19.702 -3.17846000E-04 -7.22787000E-04  1.08322600E-03
2001-11-08T21:17:20.706  1.46248500E-03  1.71948000E-04 -9.93679000E-04
2001-11-08T21:17:21.702 -1.16026900E-03 -3.53625000E-04  1.76818000E-04
2001-11-08T21:17:22.706  2.58434000E-04  1.45489300E-03  2.62978000E-04
2001-11-08T21:17:23.702 -3.56487000E-04 -7.74301000E-04 -9.39900000E-06
2001-11-08T21:17:24.706  1.05751400E-03  1.96260000E-05 -5.80278000E-04
2001-11-08T21:17:25.702 -7.28185000E-04 -5.94064000E-04 -1.16248900E-03
2001-11-08T21:17:26.702  2.11250000E-05  2.94907000E-04  3.81628000E-04
2001-11-08T21:17:27.702 -5.07637000E-04  7.73336000E-04 -8.58737000E-04
2001-11-08T21:17:28.710 -1.83295000E-04 -4.09749000E-04 -8.64983000E-04
2001-11-08T21:17:29.702  8.19891000E-04 -3.17929000E-04 -3.41554000E-04
2001-11-08T21:17:30.706 -3.53074000E-04 -5.31703000E-04 -3.36140000E-04
2001-11-08T21:17:31.702  4.97191000E-04  1.69407600E-03  1.96373000E-04
2001-11-08T21:17:32.706 -7.05055000E-04 -5.99654000E-04 -2.02322000E-04
2001-11-08T21:17:33.706  1.34812200E-03  2.85923000E-04 -1.87031000E-04
2001-11-08T21:17:34.706 -3.52770000E-04 -1.15385900E-03  2.22915000E-04
2001-11-08T21:17:35.702 -4.44250000E-05  8.10186000E-04  2.12843000E-04
2001-11-08T21:17:36.706 -6.75256000E-04 -1.37144000E-04  2.42766000E-04
2001-11-08T21:17:37.702  1.66895000E-04 -8.22943000E-04 -6.08150000E-05
2001-11-08T21:17:38.706  1.07082500E-03  2.32986000E-04  5.15685000E-04
2001-11-08T21:17:39.702 -8.02599000E-04 -2.52066000E-04 -6.21340000E-05
2001-11-08T21:17:40.706  2.25513000E-04  8.61510000E-04  3.28470000E-05
2001-11-08T21:17:41.702 -1.42740700E-03 -5.72768000E-04  1.10629500E-03
2001-11-08T21:17:42.702  1.79381200E-03  1.46574000E-04 -7.03128000E-04
2001-11-08T21:17:43.702 -3.10832000E-04 -9.91711000E-04  6.49743000E-04
2001-11-08T21:17:44.710  7.92381000E-04  6.04776000E-04 -8.85121000E-04
2001-11-08T21:17:45.702 -3.90606000E-04 -1.17188000E-04 -1.08182200E-03
2001-11-08T21:17:46.706  5.39080000E-04 -6.38058000E-04 -7.95527000E-04
2001-11-08T21:17:47.702  7.89971000E-04  3.81836000E-04 -2.15910000E-05
2001-11-08T21:17:48.706 -9.44776000E-04  1.93921000E-04 -6.87817000E-04
2001-11-08T21:17:49.706  5.22848000E-04  1.35342800E-03 -9.94820000E-05
2001-11-08T21:17:50.706 -1.02302300E-03 -7.21894000E-04  1.19146000E-04
2001-11-08T21:17:51.702  9.12664000E-04  3.89471000E-04 -3.22102000E-04
2001-11-08T21:17:52.706 -4.58914000E-04 -5.31941000E-04 -3.26719000E-04
2001-11-08T21:17:53.702  5.71390000E-05  7.99734000E-04 -5.59860000E-05
2001-11-08T21:17:54.706  5.83142000E-04  6.78568000E-04 -9.63310000E-04
2001-11-08T21:17:55.702  1.70832000E-04 -5.10624000E-04  1.57721300E-03
2001-11-08T21:17:56.706  4.04164000E-04 -1.43186000E-04  3.91244000E-04
2001-11-08T21:17:57.702 -4.92648000E-04 -4.81065000E-04  6.47962000E-04
2001-11-08T21:17:58.702  6.57774000E-04  1.56801100E-03 -1.63547000E-04
2001-11-08T21:17:59.702 -1.02212500E-03 -5.67036000E-04 -4.92122000E-04
2001-11-08T21:18:00.710  1.12622200E-03 -1.01386000E-04 -1.00543300E-03
2001-11-08T21:18:01.702 -4.89779000E-04 -8.68835000E-04 -1.05586000E-04
2001-11-08T21:18:02.706  2.23732000E-04  3.96568000E-04 -3.77509000E-04
2001-11-08T21:18:03.702 -4.50335000E-04 -1.38400000E-05 -2.71132000E-04
2001-11-08T21:18:04.706 -3.15570000E-04  4.00855000E-04 -5.55750000E-04
2001-11-08T21:18:05.706  7.13382000E-04 -5.37682000E-04 -5.67820000E-04
2001-11-08T21:18:06.706 -8.33310000E-05 -4.22915000E-04  6.05285000E-04
2001-11-08T21:18:07.702 -1.68480000E-04  5.78192000E-04 -4.80200000E-06
2001-11-08T21:18:08.706 -7.22443000E-04 -2.77639000E-04  6.46285000E-04
2001-11-08T21:18:09.702  5.41121000E-04  4.93660000E-05  3.46463000E-04
2001-11-08T21:18:10.706  1.13778000E-04 -9.08007000E-04  2.61682000E-04
2001-11-08T21:18:11.702  8.56176000E-04  2.85475000E-04  2.00050000E-05
2001-11-08T21:18:12.706 -9.44893000E-04  1.29062000E-04  1.07197300E-03
2001-11-08T21:18:13.702 -1.54750000E-04  8.51500000E-06  2.01731700E-03
2001-11-08T21:18:14.702  3.50846000E-04  5.20151000E-04 -1.68490000E-04
2001-11-08T21:18:15.702 -3.34941000E-04 -7.36718000E-04  3.69592000E-04
2001-11-08T21:18:16.710  7.65837000E-04  8.93296000E-04  1.09152200E-03
2001-11-08T21:18:17.702 -9.06039000E-04 -5.09910000E-05  1.75012000E-04
2001-11-08T21:18:18.737  3.46000000E-04  6.49450000E-04  8.85700000E-06
2001-11-08T21:18:19.702  7.10948000E-04 -2.78744000E-04  3.55430000E-04
2001-11-08T21:18:20.706  8.57422000E-04 -1.70892000E-04 -4.03904000E-04
2001-11-08T21:18:21.706 -2.44644000E-04  1.91920000E-05 -7.82350000E-04
2001-11-08T21:18:22.706 -2.16852000E-04  6.92007000E-04 -4.92608000E-04
2001-11-08T21:18:23.702  7.62163000E-04  5.75620000E-04 -2.44604000E-04
2001-11-08T21:18:24.706  7.67000000E-05 -8.55175000E-04 -9.18263000E-04
2001-11-08T21:18:25.702  4.71387000E-04  1.41363000E-04  7.61380000E-05
2001-11-08T21:18:26.706 -1.10977900E-03 -2.84631000E-04  1.05245200E-03
2001-11-08T21:18:27.702  3.75100000E-06  1.39466900E-03  6.79466000E-04
2001-11-08T21:18:28.706 -4.97220000E-04 -1.08247800E-03  5.37273000E-04
2001-11-08T21:18:29.702  1.23971100E-03 -1.66799000E-04  1.04012400E-03
2001-11-08T21:18:30.702 -6.54075000E-04 -7.69742000E-04 -2.89821000E-04
2001-11-08T21:18:31.702 -3.48835000E-04  7.20753000E-04 -1.89865000E-04
2001-11-08T21:18:32.710 -1.75700000E-04 -4.56400000E-06  9.35341000E-04
2001-11-08T21:18:33.702  4.61980000E-05 -5.08951000E-04  1.29088000E-04
2001-11-08T21:18:34.706  1.94090000E-04 -9.37430000E-05 -3.07574000E-04
2001-11-08T21:18:35.702 -4.69949000E-04 -6.03122000E-04  7.30132000E-04
2001-11-08T21:18:36.706  4.54358000E-04  1.84386600E-03 -5.52250000E-04
2001-11-08T21:18:37.706 -9.88065000E-04 -9.38018000E-04 -1.00372600E-03
2001-11-08T21:18:38.706  1.07576100E-03 -3.33154000E-04 -3.77899000E-04
2001-11-08T21:18:39.702 -3.35071000E-04 -3.71377000E-04 -4.78331000E-04
2001-11-08T21:18:40.706 -5.64374000E-04  8.20747000E-04 -3.81240000E-05
2001-11-08T21:18:41.702 -8.01342000E-04  2.40639000E-04 -1.24272000E-04
2001-11-08T21:18:42.706 -3.07579000E-04 -4.14854000E-04  1.04223000E-04
2001-11-08T21:18:43.702  1.51449400E-03 -3.88220000E-05  1.08216200E-03
2001-11-08T21:18:44.706 -7.41012000E-04 -1.02809700E-03  3.95950000E-04
2001-11-08T21:18:45.702  3.73900000E-04  1.39442000E-03  5.91960000E-05
2001-11-08T21:18:46.702 -8.19210000E-05  4.49050000E-04 -7.51843000E-04
2001-11-08T21:18:47.702  3.92928000E-04 -1.73568000E-04 -1.21043200E-03
2001-11-08T21:18:48.710 -4.33326000E-04 -8.62016000E-04 -5.58867000E-04
2001-11-08T21:18:49.702 -2.20073000E-04  1.94698000E-04  4.55044000E-04
2001-11-08T21:18:50.706 -5.02732000E-04  3.34872000E-04 -3.43118000E-04
2001-11-08T21:18:51.702 -3.20772000E-04 -2.83695000E-04  5.84820000E-05
2001-11-08T21:18:52.706  1.34689400E-03  7.28120000E-05 -4.38725000E-04
2001-11-08T21:18:53.706 -5.88110000E-04 -8.22276000E-04 -9.67737000E-04
2001-11-08T21:18:54.706  8.57038000E-04  1.23371300E-03 -8.45053000E-04
2001-11-08T21:18:55.702 -9.17109000E-04  5.37452000E-04 -2.35612000E-04
2001-11-08T21:18:56.706  9.98916000E-04 -1.13015000E-04 -4.32297000E-04
2001-11-08T21:18:57.702  7.09200000E-05 -5.71280000E-05 -7.49029000E-04
2001-11-08T21:18:58.706  1.90821000E-04 -2.32061000E-04 -1.79734000E-04
2001-11-08T21:18:59.702  4.93613000E-04  1.11499100E-03  8.39720000E-04
2001-11-08T21:19:00.706 -8.81836000E-04  8.73290000E-05  1.15766000E-03
2001-11-08T21:19:01.702  1.36098100E-03  1.92297000E-04  5.84779000E-04
2001-11-08T21:19:02.702 -4.93568000E-04 -9.71279000E-04  5.96236000E-04
2001-11-08T21:19:03.702  4.63453000E-04  7.09146000E-04  1.09501800E-03
2001-11-08T21:19:04.710 -1.25403200E-03  3.89821000E-04  3.94204000E-04
2001-11-08T21:19:05.702  5.18734000E-04  7.54752000E-04  1.96183000E-04
2001-11-08T21:19:06.706 -3.21579000E-04 -9.58746000E-04 -4.77731000E-04
2001-11-08T21:19:07.702  3.67666000E-04 -2.54776000E-04  8.72500000E-06
2001-11-08T21:19:08.706 -1.92156000E-04  7.00315000E-04 -1.79211000E-04
2001-11-08T21:19:09.706 -5.01189000E-04 -2.78358000E-04 -3.69347000E-04
2001-11-08T21:19:10.706  1.01507700E-03  5.93603000E-04 -7.02676000E-04
2001-11-08T21:19:11.702 -5.75535000E-04 -4.49331000E-04 -9.86675000E-04
2001-11-08T21:19:12.706  9.93249000E-04  8.51658000E-04  9.60710000E-05
2001-11-08T21:19:13.702 -1.14616200E-03 -5.80985000E-04  8.09741000E-04
2001-11-08T21:19:14.706  4.47520000E-04  1.06476200E-03 -3.53989000E-04
2001-11-08T21:19:15.702 -1.73242000E-04 -4.09670000E-04 -3.14180000E-05
2001-11-08T21:19:16.706  7.77193000E-04 -3.97509000E-04  1.49430600E-03
2001-11-08T21:19:17.702 -1.55749000E-04 -1.73682000E-04 -1.98097000E-04
2001-11-08T21:19:18.702 -5.24434000E-04  4.14825000E-04  9.18480000E-04
2001-11-08T21:19:19.702 -7.22582000E-04  3.18197000E-04  2.11000200E-03
2001-11-08T21:19:20.710  8.71780000E-05 -1.06958900E-03  2.34381000E-04
2001-11-08T21:19:21.702  1.24307800E-03  2.69796000E-04  1.21041000E-04
2001-11-08T21:19:22.706 -1.04806600E-03 -1.05445300E-03  5.24240000E-05
2001-11-08T21:19:23.702  3.91178000E-04  1.15937600E-03 -8.36584000E-04
2001-11-08T21:19:24.706 -5.25060000E-04 -1.23812000E-04  1.46797000E-04
2001-11-08T21:19:25.706  3.59558000E-04 -1.03682000E-04 -5.24547000E-04
2001-11-08T21:19:26.706  4.94390000E-05 -2.13941000E-04 -3.52357000E-04
2001-11-08T21:19:27.702 -5.48050000E-04  4.27649000E-04 -1.28050000E-04
2001-11-08T21:19:28.706  4.90810000E-04  1.47804900E-03 -7.95596000E-04
2001-11-08T21:19:29.702 -4.37031000E-04 -8.07874000E-04 -2.25135000E-04
2001-11-08T21:19:30.706  1.16604900E-03  3.03165000E-04  4.74600000E-06
2001-11-08T21:19:31.702 -1.00125700E-03 -7.53633000E-04  1.38990000E-04
2001-11-08T21:19:32.706  5.19901000E-04  1.04957900E-03  1.83860000E-04
2001-11-08T21:19:33.702  1.41075000E-04  3.95510000E-05  8.88903000E-04
2001-11-08T21:19:34.702  7.95555000E-04 -1.83592000E-04  4.07694000E-04
2001-11-08T21:19:35.702 -8.10100000E-06 -5.39236000E-04 -1.20916000E-04
2001-11-08T21:19:36.710 -2.78386000E-04  8.38710000E-05  5.99557000E-04
2001-11-08T21:19:37.702 -5.30219000E-04  1.16478900E-03 -5.76540000E-05
2001-11-08T21:19:38.706 -5.70960000E-04 -2.61963000E-04  2.67332000E-04
2001-11-08T21:19:39.702  1.71581100E-03  4.91456000E-04 -9.06220000E-04
2001-11-08T21:19:40.706 -6.41966000E-04 -8.50854000E-04 -6.29183000E-04
2001-11-08T21:19:41.706  4.77795000E-04  1.06745600E-03 -5.16055000E-04
2001-11-08T21:19:42.706 -1.22746500E-03 -8.69607000E-04  1.07175000E-04
2001-11-08T21:19:43.702  1.19509600E-03  3.36623000E-04 -4.30297000E-04
2001-11-08T21:19:44.706 -3.46687000E-04 -8.51197000E-04  4.62486000E-04
2001-11-08T21:19:45.702  3.84722000E-04  9.26970000E-05 -3.55200000E-06
2001-11-08T21:19:46.706 -8.29958000E-04  3.70259000E-04  3.21803000E-04
2001-11-08T21:19:47.702 -6.26497000E-04  2.56347000E-04 -5.59695000E-04
2001-11-08T21:19:48.706  8.34327000E-04  4.48559000E-04  4.52129000E-04
2001-11-08T21:19:49.702 -4.36459000E-04 -1.25293900E-03  9.99235000E-04
2001-11-08T21:19:50.702  7.38510000E-04  1.17259800E-03  2.38629000E-04
2001-11-08T21:19:51.702 -9.83037000E-04  1.06911000E-04  2.58527000E-04
2001-11-08T21:19:52.710  7.50049000E-04  2.60180000E-04  2.31304000E-04
2001-11-08T21:19:53.702 -7.47005000E-04 -3.44482000E-04 -3.43659000E-04
2001-11-08T21:19:54.706  1.03999000E-04 -1.81858000E-04  6.97208000E-04
2001-11-08T21:19:55.702  1.88358000E-04  1.22654000E-04 -6.66976000E-04
2001-11-08T21:19:56.706 -4.36862000E-04 -3.58192000E-04  1.53119000E-04
2001-11-08T21:19:57.706  8.34873000E-04  5.81324000E-04 -6.88481000E-04
2001-11-08T21:19:58.706 -4.68586000E-04 -1.66185100E-03 -7.21463000E-04
2001-11-08T21:19:59.702  8.15907000E-04  9.49608000E-04  6.92790000E-04
2001-11-08T21:20:00.706 -1.12071300E-03 -2.40256000E-04 -6.27791000E-04
2001-11-08T21:20:01.702  4.08971000E-04  5.49506000E-04 -5.17911000E-04
2001-11-08T21:20:02.706 -4.55210000E-05 -4.21058000E-04  2.42260000E-04
2001-11-08T21:20:03.702 -7.53960000E-05 -3.23608000E-04 -1.59988000E-04
2001-11-08T21:20:04.706  1.07755900E-03  8.17924000E-04  5.30008000E-04
2001-11-08T21:20:05.702 -1.33523100E-03  1.31651000E-04  9.31934000E-04
2001-11-08T21:20:06.702  5.81380000E-04  6.19597000E-04 -3.50960000E-04
2001-11-08T21:20:07.702 -1.04230000E-03 -1.33513500E-03  5.69542000E-04
2001-11-08T21:20:08.710  9.11039000E-04  3.20640000E-04  4.32918000E-04
2001-11-08T21:20:09.702 -3.52971000E-04 -3.97834000E-04 -9.95830000E-05
2001-11-08T21:20:10.706  3.60490000E-05  4.47613000E-04  2.95380000E-04
2001-11-08T21:20:11.702  2.00381000E-04  2.73914000E-04  9.29614000E-04
2001-11-08T21:20:12.706 -1.02479000E-04 -7.97144000E-04  3.81361000E-04
2001-11-08T21:20:13.706  8.97604000E-04  6.59237000E-04  2.73028000E-04
2001-11-08T21:20:14.706 -1.39047900E-03 -3.41987000E-04  3.21559000E-04
2001-11-08T21:20:15.702  6.66437000E-04  8.31947000E-04 -1.97918000E-04
2001-11-08T21:20:16.706  1.93169000E-04 -4.36869000E-04 -4.39794000E-04
2001-11-08T21:20:17.702  3.24364000E-04  5.10902000E-04  1.62048000E-04
2001-11-08T21:20:18.706  3.30798000E-04  5.62810000E-05 -4.60509000E-04
2001-11-08T21:20:19.702 -6.03264000E-04  3.65475000E-04 -5.22714000E-04
2001-11-08T21:20:20.706 -9.20310000E-05  1.36244100E-03 -4.39400000E-06
2001-11-08T21:20:21.702 -1.06926100E-03 -3.44870000E-04 -2.56919000E-04
2001-11-08T21:20:22.702  1.25036100E-03  3.43081000E-04  1.29329000E-04
2001-11-08T21:20:23.702 -4.20519000E-04 -5.63411000E-04  4.57793000E-04
2001-11-08T21:20:24.710 -2.36143000E-04  7.65237000E-04  2.46643000E-04
2001-11-08T21:20:25.702 -3.53668000E-04  2.63507000E-04  6.32477000E-04
2001-11-08T21:20:26.706 -2.48470000E-04  2.90476000E-04  9.39374000E-04
2001-11-08T21:20:27.702  1.21915400E-03 -2.14878000E-04  4.13456000E-04
2001-11-08T21:20:28.706 -3.82799000E-04 -1.15061700E-03  1.40571000E-04
2001-11-08T21:20:29.706  8.86880000E-04  9.36454000E-04  5.40218000E-04
2001-11-08T21:20:30.706 -8.14502000E-04  3.62488000E-04 -4.34986000E-04
2001-11-08T21:20:31.702 -2.06131000E-04  7.72386000E-04  2.24899000E-04
2001-11-08T21:20:32.706  7.84980000E-05 -3.11668000E-04 -5.76705000E-04
2001-11-08T21:20:33.702  1.27251000E-04 -8.97730000E-04 -4.84435000E-04
2001-11-08T21:20:34.706  1.37359000E-03  8.36994000E-04 -6.19630000E-04
2001-11-08T21:20:35.702 -1.06428200E-03 -4.87786000E-04 -4.46598000E-04
2001-11-08T21:20:36.706  3.19366000E-04  1.20918700E-03 -4.84181000E-04
2001-11-08T21:20:37.702 -7.88737000E-04 -2.85840000E-05 -4.47996000E-04
2001-11-08T21:20:38.702  4.07898000E-04  1.21975000E-04 -8.37500000E-06
2001-11-08T21:20:39.702  5.44172000E-04 -1.92924000E-04  4.85784000E-04
2001-11-08T21:20:40.710 -7.98152000E-04  4.04600000E-05  2.02651000E-04
2001-11-08T21:20:41.702  7.15751000E-04  1.53139300E-03  7.88453000E-04
2001-11-08T21:20:42.706 -1.20398800E-03 -2.23580000E-04  9.94474000E-04
2001-11-08T21:20:43.702 -7.90820000E-05  8.52586000E-04  1.31824500E-03
2001-11-08T21:20:44.706  4.04485000E-04 -5.06444000E-04  8.08997000E-04
2001-11-08T21:20:45.706  3.57311000E-04 -2.50328000E-04 -4.47191000E-04
2001-11-08T21:20:46.706 -3.08365000E-04  9.42320000E-05 -1.08433200E-03
2001-11-08T21:20:47.702 -1.39513200E-03 -3.26700000E-04 -2.60158000E-04
2001-11-08T21:20:48.706  4.77947000E-04  1.38252400E-03 -1.24792000E-04
2001-11-08T21:20:49.702 -1.30266900E-03 -1.11951900E-03 -1.03488400E-03
2001-11-08T21:20:50.706  8.49171000E-04 -1.93530000E-04 -2.82000000E-05
2001-11-08T21:20:51.702  9.76454000E-04  8.00707000E-04 -6.71480000E-04
2001-11-08T21:20:52.706 -8.58742000E-04 -4.91772000E-04 -4.62406000E-04
2001-11-08T21:20:53.702  4.10970000E-04  1.67036200E-03 -2.72770000E-04
2001-11-08T21:20:54.702 -6.41471000E-04 -2.94350000E-04 -2.96707000E-04
2001-11-08T21:20:55.702  2.84197000E-04 -1.40558000E-04  3.23227000E-04
2001-11-08T21:20:56.710  8.11344000E-04 -6.64210000E-05 -4.38560000E-04
2001-11-08T21:20:57.702 -5.91315000E-04 -1.09619900E-03  6.60346000E-04
2001-11-08T21:20:58.706  3.95348000E-04  4.69745000E-04  1.04027800E-03
2001-11-08T21:20:59.702 -5.70540000E-05  2.65473000E-04  6.20997000E-04
2001-11-08T21:21:00.706 -9.35759000E-04  5.75347000E-04  3.66660000E-04
2001-11-08T21:21:01.706  8.85750000E-04  1.28169600E-03  5.40268000E-04
2001-11-08T21:21:02.706 -1.44120000E-03  3.45052000E-04 -3.15300000E-04
2001-11-08T21:21:03.702 -4.87860000E-04  2.73347000E-04 -6.63132000E-04
2001-11-08T21:21:04.706  1.24679000E-04  8.88519000E-04 -5.21439000E-04
2001-11-08T21:21:05.702  3.53749000E-04 -1.78829000E-04 -3.04430000E-05
2001-11-08T21:21:06.706  2.48466000E-04  1.22179000E-04 -4.75085000E-04
2001-11-08T21:21:07.702  1.36942000E-03  1.15045400E-03 -2.49447000E-04
2001-11-08T21:21:08.706 -9.10802000E-04 -2.56162000E-04  5.75735000E-04
2001-11-08T21:21:09.702  3.67570000E-05  3.90969000E-04  2.32983000E-04
2001-11-08T21:21:10.702 -3.80822000E-04  5.55276000E-04 -6.12664000E-04
2001-11-08T21:21:11.702 -1.34365000E-03  2.22042000E-04  5.49959000E-04
2001-11-08T21:21:12.710 -2.41696000E-04  1.04391900E-03  1.55346000E-04
2001-11-08T21:21:13.702  2.62090000E-04  1.34024500E-03 -4.09960000E-05
2001-11-08T21:21:14.706 -7.09577000E-04  2.65105000E-04  1.48434400E-03
2001-11-08T21:21:15.702  1.31800000E-06  7.22837000E-04  1.20400300E-03
2001-11-08T21:21:16.706 -4.39760000E-05  2.08483000E-03  9.57185000E-04
2001-11-08T21:21:17.706 -1.22850100E-03  1.43575200E-03 -2.67865000E-04
2001-11-08T21:21:18.706 -1.28496400E-03  7.53529000E-04 -9.19750000E-05
2001-11-08T21:21:19.702  8.93040000E-05  1.93334900E-03  5.53936000E-04
2001-11-08T21:21:20.706  3.39997000E-04  1.63773200E-03 -4.07252000E-04
2001-11-08T21:21:21.702 -3.34790000E-05  1.08719300E-03 -3.71871000E-04
2001-11-08T21:21:22.706 -1.50806900E-03  4.26144000E-04 -7.93560000E-04
2001-11-08T21:21:23.702 -5.04483000E-04  1.21039400E-03  2.37300000E-06
2001-11-08T21:21:24.706  4.92651000E-04  2.21840900E-03 -6.47551000E-04
2001-11-08T21:21:25.702  1.07939600E-03  1.77523000E-03 -4.81603000E-04
2001-11-08T21:21:26.702 -2.46177000E-04  4.12829000E-04 -7.43687000E-04
2001-11-08T21:21:27.702 -4.95676000E-04  2.03890000E-05 -3.45538000E-04
2001-11-08T21:21:28.710 -1.90210000E-05  6.67094000E-04  4.06006000E-04
2001-11-08T21:21:29.702  2.78700000E-05  1.90032400E-03  3.38811000E-04
2001-11-08T21:21:30.706  1.27662400E-03  1.78319000E-03 -9.40290000E-05
2001-11-08T21:21:31.702  2.62472000E-04  2.63884000E-03  8.13620000E-05
2001-11-08T21:21:32.706 -7.37351000E-04  1.47341900E-03  9.56050000E-04
2001-11-08T21:21:33.706 -1.33730200E-03  6.55297000E-04  3.53494000E-04
2001-11-08T21:21:34.706  2.92950000E-05  1.34786400E-03  1.05596000E-04
2001-11-08T21:21:35.702  7.40155000E-04  1.80146900E-03 -4.90570000E-05
2001-11-08T21:21:36.706  1.14699000E-03  2.02808000E-03  3.87892000E-04
2001-11-08T21:21:37.702  2.53301000E-04  2.93034800E-03 -1.42239000E-04
2001-11-08T21:21:38.706  8.91553000E-04  2.87500600E-03  4.93062000E-04
2001-11-08T21:21:39.702  8.17839000E-04  2.01280300E-03  1.45229000E-04
2001-11-08T21:21:40.706  2.55106000E-04  2.59655400E-03  8.35770000E-05
2001-11-08T21:21:41.702  2.94550000E-04  2.79049900E-03 -9.52310000E-05
2001-11-08T21:21:42.702  1.05790900E-03  2.08552900E-03 -5.01078000E-04
2001-11-08T21:21:43.702 -6.83619000E-04  3.08379600E-03 -7.35088000E-04
2001-11-08T21:21:44.710 -1.52575000E-04  1.62906400E-03 -8.27592000E-04
2001-11-08T21:21:45.702 -1.24023100E-03  3.53834000E-03  5.91150000E-05
2001-11-08T21:21:46.706 -2.63025000E-04  4.68324500E-03 -4.51038000E-04
2001-11-08T21:21:47.702  2.04483000E-04  5.32230700E-03  2.76700000E-04
2001-11-08T21:21:48.706 -1.45006300E-03  3.84703100E-03 -1.01660000E-04
2001-11-08T21:21:49.706  2.09131000E-04  4.96975400E-03  8.76300000E-05
2001-11-08T21:21:50.706 -1.00454800E-03  2.63001600E-03  9.05314000E-04
2001-11-08T21:21:51.702  6.52501000E-04  3.62274600E-03  4.88594000E-04
2001-11-08T21:21:52.706  1.79577000E-04  3.81847300E-03  1.02346000E-03
2001-11-08T21:21:53.702 -1.95388000E-04  2.31474200E-03  5.75687000E-04
2001-11-08T21:21:54.706 -8.34688000E-04  2.86355400E-03 -2.49050000E-05
2001-11-08T21:21:55.702  2.18429000E-04  3.81387700E-03  6.37563000E-04
2001-11-08T21:21:56.706  6.42033000E-04  2.93568700E-03 -6.08821000E-04
2001-11-08T21:21:57.702 -3.66933000E-04  3.13901400E-03 -8.48000000E-05
2001-11-08T21:21:58.702  7.33400000E-06  4.11410500E-03 -7.91725000E-04
2001-11-08T21:21:59.702  2.45882000E-04  5.51929000E-03  2.92376000E-04
2001-11-08T21:22:00.710 -6.50693000E-04  5.95106600E-03  1.92429000E-04
2001-11-08T21:22:01.702 -1.06552300E-03  6.04614100E-03 -1.65388000E-04
2001-11-08T21:22:02.706 -4.43064000E-04  5.50518900E-03 -7.57526000E-04
2001-11-08T21:22:03.702  9.63661000E-04  8.44310900E-03  8.68582000E-04
2001-11-08T21:22:04.706 -4.75231000E-04  8.32261800E-03  3.69228000E-04
2001-11-08T21:22:05.706 -7.17958000E-04  7.55422700E-03 -4.69940000E-05
2001-11-08T21:22:06.706  1.08380400E-03  8.42320900E-03  3.93214000E-04
2001-11-08T21:22:07.702 -2.08729000E-04  6.92508700E-03 -1.10416000E-04
2001-11-08T21:22:08.706  8.89270000E-05  7.72102200E-03  3.03423000E-04
2001-11-08T21:22:09.702  9.52504000E-04  8.09910300E-03  1.17118400E-03
2001-11-08T21:22:10.706 -1.51571500E-03  7.51093900E-03  9.02359000E-04
2001-11-08T21:22:11.702  1.74888000E-04  9.41768800E-03  7.30571000E-04
2001-11-08T21:22:12.706 -1.82600000E-06  1.06419000E-02  4.93403000E-04
2001-11-08T21:22:13.702 -7.93769000E-04  1.06507100E-02  2.64958000E-04
2001-11-08T21:22:14.702 -9.28578000E-04  1.02245370E-02  2.47275000E-04
2001-11-08T21:22:15.702 -1.58483800E-03  1.04964560E-02  9.03750000E-05
2001-11-08T21:22:16.710  8.56327000E-04  1.20890100E-02 -1.77550000E-05
2001-11-08T21:22:17.702  6.05101000E-04  1.26354810E-02 -5.12449000E-04
2001-11-08T21:22:18.706 -1.00272300E-03  1.11163580E-02  1.98069000E-04
2001-11-08T21:22:19.702 -1.67748700E-03  1.11536200E-02  2.92465000E-04
2001-11-08T21:22:20.706  5.80620000E-05  1.29109950E-02  9.44762000E-04
2001-11-08T21:22:21.706  1.02312100E-03  1.41569830E-02  1.12676200E-03
2001-11-08T21:22:22.706 -5.14360000E-04  1.25901860E-02  7.06656000E-04
2001-11-08T21:22:23.702  1.25413500E-03  1.36278090E-02  1.02616000E-03
2001-11-08T21:22:24.706 -1.11220500E-03  1.22473110E-02  4.36143000E-04
2001-11-08T21:22:25.702  2.88103000E-04  1.45690430E-02  6.23065000E-04
2001-11-08T21:22:26.706  8.23210000E-04  1.55116680E-02  1.50782200E-03
2001-11-08T21:22:27.702  7.49290000E-04  1.63238630E-02  5.04290000E-04
2001-11-08T21:22:28.706 -4.47800000E-06  1.66106450E-02  1.48000200E-03
2001-11-08T21:22:29.702 -1.23815500E-03  1.58665140E-02  6.35123000E-04
2001-11-08T21:22:30.702 -3.62873000E-04  1.63562220E-02 -4.76701000E-04
2001-11-08T21:22:31.702 -1.89961000E-04  1.77631730E-02 -7.21390000E-05
2001-11-08T21:22:32.710 -9.27136000E-04  1.64364520E-02  9.19384000E-04
2001-11-08T21:22:33.702  4.14200000E-05  1.67283940E-02  1.10999800E-03
2001-11-08T21:22:34.737 -5.10556000E-04  1.77119390E-02  1.68897300E-03
2001-11-08T21:22:35.702 -1.43883000E-04  1.91928500E-02  4.55537000E-04
2001-11-08T21:22:36.706  1.51877000E-04  1.87125950E-02  9.74829000E-04
2001-11-08T21:22:37.706  7.72591000E-04  2.00549810E-02  1.28492600E-03
2001-11-08T21:22:38.706 -4.82811000E-04  1.71907860E-02  5.11825000E-04
2001-11-08T21:22:39.702 -8.28929000E-04  1.67038070E-02  1.48046900E-03
2001-11-08T21:22:40.706 -1.92105000E-04  1.75308040E-02  1.55733000E-03
2001-11-08T21:22:41.702  2.62084000E-04  1.82649330E-02  1.13916500E-03
2001-11-08T21:22:42.706 -1.57125000E-04  1.93659200E-02  1.67004900E-03
2001-11-08T21:22:43.702  5.23082000E-04  2.17584390E-02  7.50187000E-04
2001-11-08T21:22:44.706 -6.28400000E-05  2.07790210E-02  1.00929100E-03
2001-11-08T21:22:45.702  1.43527100E-03  2.29335690E-02  1.38866200E-03
2001-11-08T21:22:46.702 -7.85067000E-04  2.19153930E-02  2.57923000E-04
2001-11-08T21:22:47.702 -1.26409100E-03  2.22391620E-02 -2.61196000E-04
2001-11-08T21:22:48.710  9.86454000E-04  2.19864730E-02  5.62611000E-04
2001-11-08T21:22:49.702  2.65870000E-04  2.34029670E-02  4.10819000E-04
2001-11-08T21:22:50.706 -1.35900700E-03  2.14131740E-02  1.01924300E-03
2001-11-08T21:22:51.702 -1.16448500E-03  2.21964470E-02  9.57027000E-04
2001-11-08T21:22:52.706  2.47310000E-04  2.21496970E-02  1.21489900E-03
2001-11-08T21:22:53.706  1.40225000E-03  2.44459360E-02  6.68217000E-04
2001-11-08T21:22:54.706  9.07418000E-04  2.46810820E-02  9.82594000E-04
2001-11-08T21:22:55.702 -1.20236100E-03  2.15327740E-02  6.35240000E-04
2001-11-08T21:22:56.706  1.05012000E-04  2.24804580E-02  7.51788000E-04
2001-11-08T21:22:57.702 -9.87361000E-04  2.08775050E-02  1.25187000E-03
2001-11-08T21:22:58.706 -7.03347000E-04  2.01693610E-02  8.64903000E-04
2001-11-08T21:22:59.702 -5.34686000E-04  1.99007890E-02  1.51822900E-03
2001-11-08T21:23:00.706  1.76603000E-04  2.11939010E-02  1.82100000E-04
2001-11-08T21:23:01.702 -8.51033000E-04  2.22228080E-02  7.86096000E-04
2001-11-08T21:23:02.702  6.68767000E-04  2.35461030E-02  8.10540000E-04
2001-11-08T21:23:03.702  4.20569000E-04  2.32232960E-02 -4.61037000E-04
2001-11-08T21:23:04.710 -9.52297000E-04  2.19675410E-02  1.37611200E-03
2001-11-08T21:23:05.702 -1.17693500E-03  2.16888840E-02  5.88402000E-04
2001-11-08T21:23:06.706 -8.11783000E-04  2.17287340E-02  4.24239000E-04
2001-11-08T21:23:07.702  1.11661000E-04  2.24470050E-02  5.68701000E-04
2001-11-08T21:23:08.706 -4.45932000E-04  2.01870130E-02  6.59514000E-04
2001-11-08T21:23:09.706 -7.84373000E-04  2.04775020E-02  6.92876000E-04
2001-11-08T21:23:10.706 -3.25768000E-04  1.99872830E-02  1.55607600E-03
2001-11-08T21:23:11.702 -3.37041000E-04  1.86269170E-02  1.48995000E-03
2001-11-08T21:23:12.706  2.66510000E-05  2.03525310E-02  2.70751300E-03
2001-11-08T21:23:13.702 -4.47899000E-04  1.96622240E-02  6.18521000E-04
2001-11-08T21:23:14.706 -4.44734000E-04  2.06629470E-02  9.17435000E-04
2001-11-08T21:23:15.702 -3.47958000E-04  1.97601950E-02  7.84148000E-04
2001-11-08T21:23:16.706 -5.64596000E-04  1.99151990E-02  1.12275600E-03
2001-11-08T21:23:17.702  1.38697400E-03  2.17941850E-02  6.31370000E-05
2001-11-08T21:23:18.702  1.20343000E-04  2.05606590E-02  1.04659000E-03
2001-11-08T21:23:19.702 -1.00184000E-04  2.06498630E-02  6.98450000E-05
2001-11-08T21:23:20.710 -1.77790000E-03  1.86768420E-02  6.92544000E-04
2001-11-08T21:23:21.702 -9.41141000E-04  2.09152270E-02  1.30451500E-03
2001-11-08T21:23:22.706 -6.21016000E-04  2.15255130E-02  1.34053000E-03
2001-11-08T21:23:23.702 -1.35421000E-04  2.20058450E-02  1.85312600E-03
2001-11-08T21:23:24.706 -2.78880000E-04  2.17657590E-02  1.02372200E-03
2001-11-08T21:23:25.706 -8.70316000E-04  2.17345880E-02  1.55301100E-03
2001-11-08T21:23:26.706 -4.08090000E-05  2.14148720E-02  1.59766500E-03
2001-11-08T21:23:27.702 -1.11669800E-03  2.17573810E-02  1.47262800E-03
2001-11-08T21:23:28.706 -1.28841700E-03  2.20682080E-02  1.25024400E-03
2001-11-08T21:23:29.702 -3.03064000E-04  2.23403010E-02  2.11698800E-03
2001-11-08T21:23:30.706 -8.46612000E-04  2.26733780E-02  1.19533400E-03
2001-11-08T21:23:31.702  8.69730000E-05  2.29216110E-02  9.20470000E-04
2001-11-08T21:23:32.706  7.64637000E-04  2.33974480E-02  1.09467600E-03
2001-11-08T21:23:33.702 -2.19280000E-05  2.31353880E-02  1.37796000E-04
2001-11-08T21:23:34.706 -3.86544000E-04  2.07023100E-02 -5.65661000E-04
2001-11-08T21:23:35.702 -1.04997700E-03  2.05825380E-02  5.78200000E-04
2001-11-08T21:23:36.710 -1.11530400E-03  2.05767550E-02 -3.99661000E-04
2001-11-08T21:23:37.702 -5.54270000E-04  1.98263820E-02  1.20069400E-03
2001-11-08T21:23:38.706 -1.23319800E-03  2.07066980E-02  1.48230000E-04
2001-11-08T21:23:39.702  1.57889000E-04  1.98130830E-02  3.28055000E-04
2001-11-08T21:23:40.706 -8.49528000E-04  1.81303100E-02  7.46149000E-04
2001-11-08T21:23:41.706 -1.13340400E-03  1.77294840E-02  5.56597000E-04
2001-11-08T21:23:42.706  1.17958000E-03  2.08244900E-02  1.78538700E-03
2001-11-08T21:23:43.702  8.16774000E-04  2.07682920E-02  1.55974200E-03
2001-11-08T21:23:44.706 -2.96059000E-04  1.98728650E-02  1.30412300E-03
2001-11-08T21:23:45.702 -1.77673800E-03  2.16228660E-02  1.30808800E-03
2001-11-08T21:23:46.706 -2.19205000E-04  2.26406120E-02  2.51409000E-03
2001-11-08T21:23:47.702 -1.12282000E-04  1.93013940E-02 -2.24187000E-04
2001-11-08T21:23:48.706  7.85538000E-04  2.06202030E-02  4.43472000E-04
2001-11-08T21:23:49.702  2.95035000E-04  2.02343150E-02 -7.18695000E-04
2001-11-08T21:23:50.702 -9.31578000E-04  1.90284960E-02 -1.70835000E-04
2001-11-08T21:23:51.702  1.45754900E-03  2.15441550E-02  3.68267000E-04
2001-11-08T21:23:52.710 -1.00586800E-03  1.92673320E-02  2.55118000E-04
2001-11-08T21:23:53.702  6.78852000E-04  2.18852370E-02  4.00350000E-05
2001-11-08T21:23:54.706 -1.39993100E-03  2.12740880E-02 -1.22230000E-05
2001-11-08T21:23:55.702 -9.28274000E-04  2.20030230E-02  4.26636000E-04
2001-11-08T21:23:56.706 -5.03210000E-05  2.24483500E-02  2.83380000E-05
2001-11-08T21:23:57.706 -8.41662000E-04  2.10056030E-02  6.94378000E-04
2001-11-08T21:23:58.706 -9.21638000E-04  2.22189170E-02  1.48403100E-03
2001-11-08T21:23:59.702 -1.48018300E-03  1.93373650E-02  1.01159800E-03
2001-11-08T21:24:00.706 -6.93959000E-04  1.67988040E-02  1.35749000E-03
2001-11-08T21:24:01.702  1.68907300E-03  2.22259910E-02  1.64592300E-03
2001-11-08T21:24:02.706 -4.49046000E-04  2.03026760E-02  1.67175300E-03
2001-11-08T21:24:03.702  7.32918000E-04  1.99867280E-02  1.46309900E-03
2001-11-08T21:24:04.706 -1.15706000E-04  2.03531480E-02  1.41705500E-03
2001-11-08T21:24:05.702  3.13125000E-04  1.90663370E-02  1.81608400E-03
2001-11-08T21:24:06.702 -1.33146000E-04  1.89763400E-02  1.39192400E-03
2001-11-08T21:24:07.702  1.21928000E-04  1.90108600E-02  6.81636000E-04
2001-11-08T21:24:08.710 -2.26748700E-03  1.60068050E-02 -3.43980000E-04
2001-11-08T21:24:09.702  1.02718600E-03  1.65103660E-02 -1.95511000E-04
2001-11-08T21:24:10.706  1.35649100E-03  1.55266500E-02  4.75054000E-04
2001-11-08T21:24:11.702  4.35321000E-04  1.59176830E-02  7.05383000E-04
2001-11-08T21:24:12.706  1.05336700E-03  1.57062670E-02  3.13595000E-04
2001-11-08T21:24:13.706  9.27071000E-04  1.62424220E-02  1.49230900E-03
2001-11-08T21:24:14.706  1.00277900E-03  1.58637910E-02  7.11758000E-04
2001-11-08T21:24:15.702  8.98059000E-04  1.57869200E-02  5.84774000E-04
2001-11-08T21:24:16.706 -1.45930600E-03  1.19424740E-02  1.26323000E-04
2001-11-08T21:24:17.702  2.34691000E-04  1.48824990E-02  5.86548000E-04
2001-11-08T21:24:18.706 -8.57723000E-04  1.20796840E-02  1.54525500E-03
2001-11-08T21:24:19.702 -9.69176000E-04  9.71745800E-03  5.00417000E-04
2001-11-08T21:24:20.706 -4.06545000E-04  1.25244120E-02  6.57855000E-04
2001-11-08T21:24:21.702 -6.47565000E-04  9.22235400E-03  4.49933000E-04
2001-11-08T21:24:22.702 -3.34606000E-04  7.64456800E-03 -1.25088200E-03
2001-11-08T21:24:23.702  6.26846000E-04  8.38864800E-03 -1.19762500E-03
2001-11-08T21:24:24.710 -6.19151000E-04  7.16376700E-03  4.00629000E-04
2001-11-08T21:24:25.702 -1.08402100E-03  6.62644400E-03 -4.49827000E-04
2001-11-08T21:24:26.706 -6.22471000E-04  6.21200400E-03  7.28541000E-04
2001-11-08T21:24:27.702 -1.39083600E-03  5.72473600E-03 -3.66727000E-04
2001-11-08T21:24:28.706 -5.30584000E-04  5.33412200E-03  1.28921200E-03
2001-11-08T21:24:29.706 -8.91380000E-05  6.75189500E-03 -1.82285000E-04
2001-11-08T21:24:30.706 -1.47368000E-04  7.86341800E-03  1.66762000E-03
2001-11-08T21:24:31.702  2.93403000E-04  8.10966100E-03  8.89090000E-04
2001-11-08T21:24:32.706 -1.40673000E-04  6.79040700E-03  1.30170700E-03
2001-11-08T21:24:33.702 -4.11654000E-04  6.69236000E-03  8.63289000E-04
2001-11-08T21:24:34.706 -1.53705000E-03  7.00056000E-03  1.06658200E-03
2001-11-08T21:24:35.702  5.90750000E-04  9.18837800E-03  2.17176000E-04
2001-11-08T21:24:36.706  8.54311000E-04  1.04436020E-02  4.48836000E-04
2001-11-08T21:24:37.702 -1.24846100E-03  7.77497800E-03  1.28017000E-04
2001-11-08T21:24:38.702 -3.75395000E-04  6.49358900E-03  1.12327600E-03
2001-11-08T21:24:39.702 -1.38393800E-03  4.80916400E-03  2.14150000E-05
2001-11-08T21:24:40.710 -5.81580000E-04  4.68542400E-03  1.05847600E-03
2001-11-08T21:24:41.702  8.47210000E-05  5.85067300E-03  4.45500000E-06
2001-11-08T21:24:42.706 -3.70184000E-04  4.90134100E-03  1.85386000E-04
2001-11-08T21:24:43.702 -1.35164100E-03  4.56825400E-03 -6.51851000E-04
2001-11-08T21:24:44.706 -1.18052000E-04  5.44972200E-03  2.84563000E-04
2001-11-08T21:24:45.706  3.21542000E-04  5.12893000E-03 -4.04477000E-04
2001-11-08T21:24:46.706 -8.23841000E-04  4.18168800E-03  3.71703000E-04
2001-11-08T21:24:47.702  1.17846500E-03  4.43823100E-03 -4.84856000E-04
2001-11-08T21:24:48.706 -6.52173000E-04  3.24718700E-03 -1.22044000E-04
2001-11-08T21:24:49.702  2.12172700E-03  4.62265700E-03 -4.85409000E-04
2001-11-08T21:24:50.706 -4.22852000E-04  3.10863600E-03  5.33504000E-04
2001-11-08T21:24:51.702  7.33987000E-04  4.94688500E-03  9.18807000E-04
2001-11-08T21:24:52.706 -3.80612000E-04  4.21954000E-03  2.65545000E-04
2001-11-08T21:24:53.702 -8.64636000E-04  1.73788400E-03  5.29833000E-04
2001-11-08T21:24:54.702  6.16670000E-05  3.07589900E-03  5.25903000E-04
2001-11-08T21:24:55.702  1.60513200E-03  2.83289800E-03 -4.57865000E-04
2001-11-08T21:24:56.710  7.26163000E-04  3.62523400E-03 -6.00870000E-04
2001-11-08T21:24:57.702  8.67435000E-04  2.37246200E-03  7.09979000E-04
2001-11-08T21:24:58.706 -4.16381000E-04  3.04847900E-03  6.62580000E-05
2001-11-08T21:24:59.702 -2.47392000E-04  2.23252400E-03  2.92370000E-05
2001-11-08T21:25:00.706 -3.90674000E-04  1.72239800E-03 -1.49859000E-04
2001-11-08T21:25:01.706 -1.12880300E-03  2.33411500E-03 -8.15240000E-04
2001-11-08T21:25:02.706 -1.33717200E-03  1.58302300E-03 -5.47160000E-05
2001-11-08T21:25:03.702 -8.38229000E-04  5.21485000E-04 -1.22969000E-04
2001-11-08T21:25:04.706 -9.88675000E-04  1.13865100E-03  6.62539000E-04
2001-11-08T21:25:05.702 -1.13436700E-03  1.13289600E-03  9.95455000E-04
2001-11-08T21:25:06.706 -8.66970000E-04  1.02401400E-03  6.07310000E-04
2001-11-08T21:25:07.702 -5.02306000E-04  5.33940000E-05  6.19351000E-04
2001-11-08T21:25:08.706 -1.26154700E-03  1.98199100E-03 -1.10335000E-04
2001-11-08T21:25:09.702 -7.16366000E-04  1.68601700E-03 -1.94121000E-04
2001-11-08T21:25:10.702 -8.60328000E-04  1.22546800E-03  3.32374000E-04
2001-11-08T21:25:11.702  2.46995000E-04  1.00332700E-03  4.57402000E-04
2001-11-08T21:25:12.710 -5.76789000E-04  1.08392400E-03  4.23934000E-04
2001-11-08T21:25:13.702 -1.59974800E-03  1.49837900E-03  4.17475000E-04
2001-11-08T21:25:14.706 -8.11460000E-04  1.11647200E-03 -4.28100000E-06
2001-11-08T21:25:15.702 -3.07291000E-04  5.11798000E-04  1.92610000E-04
2001-11-08T21:25:16.706  1.24135000E-04  8.04407000E-04 -2.67805000E-04
2001-11-08T21:25:17.706  8.45763000E-04  1.09260600E-03  2.98100000E-04
2001-11-08T21:25:18.706  8.67701000E-04  1.81338300E-03 -4.32955000E-04
2001-11-08T21:25:19.702  1.29950200E-03  2.15730500E-03 -6.37281000E-04
2001-11-08T21:25:20.706 -1.30255000E-04  1.35353100E-03 -7.96322000E-04
2001-11-08T21:25:21.702 -1.02798100E-03  8.93220000E-04 -6.69436000E-04
2001-11-08T21:25:22.706 -3.50404000E-04  4.73418000E-04  3.73546000E-04
2001-11-08T21:25:23.702  8.54555000E-04  1.39257000E-03  1.27381000E-04
2001-11-08T21:25:24.706  4.90114000E-04  1.91537700E-03 -6.70635000E-04
2001-11-08T21:25:25.702 -7.48617000E-04  2.93665000E-04  5.34594000E-04
2001-11-08T21:25:26.702 -1.12740000E-04 -2.01397000E-04  1.08027000E-04
2001-11-08T21:25:27.702  3.74233000E-04  1.11996300E-03  2.54084000E-04
2001-11-08T21:25:28.710  4.41218000E-04  1.90813000E-04  5.99837000E-04
2001-11-08T21:25:29.702 -2.42358000E-04 -9.75056000E-04  7.25481000E-04
2001-11-08T21:25:30.706  4.32486000E-04  5.08727000E-04  3.00060000E-05
2001-11-08T21:25:31.702  1.10341000E-03  1.10562000E-03  1.03662000E-04
2001-11-08T21:25:32.706 -1.29607000E-04  3.31948000E-04  1.00814300E-03
2001-11-08T21:25:33.706 -5.93192000E-04  8.19676000E-04  1.72471000E-04
2001-11-08T21:25:34.706  2.89916000E-04  1.86454600E-03 -8.29160000E-05
2001-11-08T21:25:35.702 -7.54309000E-04  2.60044000E-04 -3.85641000E-04
2001-11-08T21:25:36.706 -6.75013000E-04  1.03222000E-04 -8.88590000E-05
2001-11-08T21:25:37.702  9.00696000E-04  9.97295000E-04  7.15240000E-05
2001-11-08T21:25:38.706  1.47099000E-04 -3.99302000E-04 -5.36695000E-04
2001-11-08T21:25:39.702 -5.41520000E-05 -6.93218000E-04 -2.24401000E-04
2001-11-08T21:25:40.706  8.50302000E-04  4.69753000E-04 -7.56336000E-04
2001-11-08T21:25:41.702 -5.93038000E-04 -7.50453000E-04  3.67198000E-04
2001-11-08T21:25:42.702 -8.81139000E-04  3.50055000E-04 -2.03047000E-04
2001-11-08T21:25:43.702  4.45226000E-04  1.48253000E-03  5.49289000E-04
2001-11-08T21:25:44.710 -2.67713000E-04  6.13414000E-04  2.47376000E-04
2001-11-08T21:25:45.702 -1.85931000E-04 -5.82011000E-04  1.28274700E-03
2001-11-08T21:25:46.706  1.01944200E-03  5.19069000E-04  3.73893000E-04
2001-11-08T21:25:47.702 -4.79670000E-05 -5.03343000E-04  5.64250000E-04
2001-11-08T21:25:48.706  2.17147000E-04  1.16666000E-04  7.53386000E-04
2001-11-08T21:25:49.706  2.01179000E-04  4.83953000E-04 -1.42414000E-04
2001-11-08T21:25:50.706 -1.35881600E-03 -1.20251000E-04  2.31086000E-04
2001-11-08T21:25:51.702  3.23091000E-04  1.12178200E-03  1.19322000E-03
2001-11-08T21:25:52.706  7.70793000E-04 -3.91078000E-04  1.31629000E-04
2001-11-08T21:25:53.702  1.87168000E-04 -9.99814000E-04 -2.82947000E-04
2001-11-08T21:25:54.706  1.03039800E-03  1.02335700E-03 -6.20501000E-04
2001-11-08T21:25:55.702 -7.91335000E-04 -1.21941000E-04 -1.45300000E-04
2001-11-08T21:25:56.706  4.85580000E-05  1.31936200E-03 -7.19238000E-04
2001-11-08T21:25:57.702 -6.84970000E-04 -1.55929000E-04 -4.13179000E-04
2001-11-08T21:25:58.702  1.66264000E-04 -6.55803000E-04  6.31850000E-05
2001-11-08T21:25:59.702  1.11307100E-03 -4.45450000E-05 -9.30580000E-05
2001-11-08T21:26:00.710  7.39600000E-05 -2.94970000E-05 -3.82200000E-04
2001-11-08T21:26:01.702  8.39860000E-05  8.09077000E-04 -1.25316000E-04
2001-11-08T21:26:02.706  7.69670000E-05  8.80009000E-04 -2.19770000E-04
2001-11-08T21:26:03.702 -3.53612000E-04 -2.68310000E-04 -3.12391000E-04
2001-11-08T21:26:04.706  9.01796000E-04 -2.28497000E-04 -3.70260000E-04
2001-11-08T21:26:05.706 -4.93706000E-04 -4.79947000E-04 -4.53675000E-04
2001-11-08T21:26:06.706  4.58528000E-04  2.19030000E-04  1.37419000E-04
2001-11-08T21:26:07.702  5.52680000E-05  4.38375000E-04  2.73794000E-04
2001-11-08T21:26:08.706 -1.27982900E-03  9.12600000E-05  1.04206400E-03
2001-11-08T21:26:09.702  3.32815000E-04  7.58792000E-04  2.08395000E-04
2001-11-08T21:26:10.706 -4.52729000E-04 -4.69497000E-04  2.20985000E-04
2001-11-08T21:26:11.702  5.37953000E-04 -2.39870000E-04  2.79190000E-04
2001-11-08T21:26:12.706  4.46214000E-04  5.72245000E-04 -5.41180000E-04
2001-11-08T21:26:13.702 -8.24897000E-04 -5.62300000E-06 -2.07648000E-04
2001-11-08T21:26:14.702  8.40048000E-04  1.15284100E-03 -1.97209000E-04
2001-11-08T21:26:15.702 -5.88397000E-04 -1.21338700E-03  2.37647000E-04
2001-11-08T21:26:16.710  9.25870000E-04 -2.98714000E-04 -7.22251000E-04
2001-11-08T21:26:17.702  7.16698000E-04  2.88019000E-04 -4.75330000E-05
2001-11-08T21:26:18.706 -1.17164800E-03 -1.01533000E-04 -5.44132000E-04
2001-11-08T21:26:19.702  4.82584000E-04  1.23178200E-03  3.72176000E-04
2001-11-08T21:26:20.706 -1.28487500E-03 -8.16282000E-04 -1.15299000E-04
2001-11-08T21:26:21.706  8.99163000E-04  6.63500000E-06  1.15136500E-03
2001-11-08T21:26:22.706 -5.55277000E-04 -7.41836000E-04 -2.94031000E-04
2001-11-08T21:26:23.702 -7.19054000E-04  5.75378000E-04  4.55267000E-04
2001-11-08T21:26:24.706  4.03945000E-04  1.33285700E-03  5.68094000E-04
2001-11-08T21:26:25.702 -1.37513500E-03 -4.29431000E-04  7.32701000E-04
2001-11-08T21:26:26.706  1.52383600E-03  1.28168000E-04 -2.54905000E-04
2001-11-08T21:26:27.702  3.11857000E-04 -4.14972000E-04  8.70563000E-04
2001-11-08T21:26:28.706 -4.14950000E-05  7.87829000E-04  9.54770000E-05
2001-11-08T21:26:29.702  7.59525000E-04  1.15809200E-03  1.34325000E-04
2001-11-08T21:26:30.702 -7.35921000E-04 -5.04525000E-04  2.59677000E-04
2001-11-08T21:26:31.702  1.03515300E-03  3.52973000E-04  4.18569000E-04
2001-11-08T21:26:32.709 -5.33437000E-04 -8.24898000E-04  6.45191000E-04
2001-11-08T21:26:33.702  4.58293000E-04  4.78278000E-04  8.51784000E-04
2001-11-08T21:26:34.706 -1.01156000E-04  6.16508000E-04 -1.14661800E-03
2001-11-08T21:26:35.702 -3.61165000E-04  3.42465000E-04 -3.80894000E-04
2001-11-08T21:26:36.706  2.13298700E-03  6.88195000E-04  4.00446000E-04
2001-11-08T21:26:37.706 -5.86459000E-04 -1.01604900E-03 -3.48845000E-04
2001-11-08T21:26:38.706  1.94633000E-04  9.58263000E-04 -6.05495000E-04
2001-11-08T21:26:39.702 -1.59746500E-03 -3.29565000E-04 -6.73725000E-04
2001-11-08T21:26:40.706  4.27690000E-04  7.11445000E-04 -1.99649000E-04
2001-11-08T21:26:41.702 -4.23330000E-05 -5.73155000E-04  3.82614000E-04
2001-11-08T21:26:42.706  6.09830000E-05 -4.88350000E-04 -5.12500000E-06
2001-11-08T21:26:43.702  1.18264700E-03  9.83065000E-04 -3.67817000E-04
2001-11-08T21:26:44.706 -1.41289300E-03  2.48280000E-05  4.52800000E-06
2001-11-08T21:26:45.702  3.87882000E-04  3.77924000E-04  4.23634000E-04
2001-11-08T21:26:46.702  2.34456000E-04 -9.59998000E-04  6.82823000E-04
2001-11-08T21:26:47.702  5.75463000E-04  4.16005000E-04  3.36051000E-04
2001-11-08T21:26:48.709 -1.46431600E-03 -7.68103000E-04  1.08406000E-03
2001-11-08T21:26:49.702 -1.36986000E-04  7.23708000E-04  5.65698000E-04
2001-11-08T21:26:50.737  2.82670000E-04 -2.96831000E-04  3.95601000E-04
2001-11-08T21:26:51.702  4.18662000E-04 -7.89816000E-04  1.30952600E-03
2001-11-08T21:26:52.706  8.46070000E-04  3.15447000E-04  5.81350000E-05
2001-11-08T21:26:53.706 -9.19845000E-04  3.02700000E-06 -3.08162000E-04
2001-11-08T21:26:54.706  6.90147000E-04  1.24900200E-03 -1.25406900E-03
2001-11-08T21:26:55.702 -1.04388700E-03 -1.11988300E-03 -2.42462000E-04
2001-11-08T21:26:56.706  7.07480000E-04  3.21671000E-04 -3.18741000E-04
2001-11-08T21:26:57.702 -3.02553000E-04 -5.77323000E-04 -4.70579000E-04
2001-11-08T21:26:58.706 -2.81860000E-04  9.18606000E-04 -5.27299000E-04
2001-11-08T21:26:59.702 -7.12280000E-04 -4.40029000E-04 -6.64803000E-04
2001-11-08T21:27:00.706 -6.57160000E-05 -4.62098000E-04 -1.17229600E-03
2001-11-08T21:27:01.702  6.94800000E-06 -1.25696000E-04  1.32969000E-04
2001-11-08T21:27:02.702 -7.96705000E-04 -6.60500000E-05  7.36254000E-04
2001-11-08T21:27:03.702 -2.34546000E-04  9.03790000E-04  9.16882000E-04
2001-11-08T21:27:04.709 -6.11386000E-04 -1.15707800E-03  1.41828000E-04
2001-11-08T21:27:05.702  9.42917000E-04  1.71969000E-04  7.26188000E-04
2001-11-08T21:27:06.706 -1.57021000E-04 -6.03421000E-04  7.32483000E-04
2001-11-08T21:27:07.702 -2.09050000E-04  1.07295200E-03  2.65949000E-04
2001-11-08T21:27:08.706  7.35400000E-05  6.80880000E-05  3.58342000E-04
2001-11-08T21:27:09.706 -3.67195000E-04  1.97271000E-04  8.49273000E-04
2001-11-08T21:27:10.706  7.35779000E-04  5.29770000E-05 -4.88873000E-04
2001-11-08T21:27:11.702 -3.09375000E-04 -7.99102000E-04  5.35189000E-04
2001-11-08T21:27:12.706 -4.86300000E-05  1.16253900E-03 -1.78722000E-04
2001-11-08T21:27:13.702 -7.03828000E-04 -3.05531000E-04  2.76100000E-04
2001-11-08T21:27:14.706  1.54308600E-03  2.06648000E-04 -9.75500000E-05
2001-11-08T21:27:15.702  1.71595000E-04 -5.17610000E-04 -5.54075000E-04
2001-11-08T21:27:16.706  7.00612000E-04  4.30113000E-04 -1.69019000E-04
2001-11-08T21:27:17.702 -8.21688000E-04  2.43034000E-04 -2.86270000E-04
2001-11-08T21:27:18.702 -2.08039000E-04  4.56570000E-04  7.14240000E-05
2001-11-08T21:27:19.702  2.78602000E-04  3.20642000E-04 -2.80946000E-04
2001-11-08T21:27:20.709  5.58932000E-04 -1.17258200E-03 -3.45218000E-04
2001-11-08T21:27:21.702  6.91650000E-04  2.58948000E-04 -1.18303000E-04
2001-11-08T21:27:22.706 -7.75604000E-04 -2.19900000E-04  1.35676600E-03
2001-11-08T21:27:23.702  3.90931000E-04  1.05295200E-03 -7.26492000E-04
2001-11-08T21:27:24.706 -3.26149000E-04 -1.23881300E-03  5.41590000E-04
2001-11-08T21:27:25.706  1.32141400E-03  2.04153000E-04  7.56412000E-04
2001-11-08T21:27:26.706 -1.12189400E-03 -1.05792000E-03  1.04501700E-03
2001-11-08T21:27:27.702 -7.20210000E-05  5.89064000E-04  9.73600000E-05
2001-11-08T21:27:28.706 -2.37122000E-04  5.69805000E-04  5.37988000E-04
2001-11-08T21:27:29.702 -1.77899000E-04  3.43580000E-05  3.20044000E-04
2001-11-08T21:27:30.706  4.43033000E-04 -3.73700000E-04  5.60223000E-04
2001-11-08T21:27:31.702 -3.45556000E-04 -5.97911000E-04 -4.99010000E-05
2001-11-08T21:27:32.705 -4.78070000E-05  1.43434000E-03  6.00419000E-04
2001-11-08T21:27:33.702 -8.48817000E-04  8.00020000E-05  3.80951000E-04
2001-11-08T21:27:34.702  1.04351000E-03  8.70553000E-04  1.06577000E-04
2001-11-08T21:27:35.702 -6.47863000E-04 -1.42842500E-03  1.06285100E-03
2001-11-08T21:27:36.709  5.52747000E-04  4.95443000E-04 -6.56769000E-04
2001-11-08T21:27:37.702 -1.34495900E-03 -4.76714000E-04 -3.81559000E-04
2001-11-08T21:27:38.705  2.95280000E-04  9.10124000E-04 -9.88424000E-04
2001-11-08T21:27:39.702  6.94410000E-05 -4.70571000E-04 -6.59306000E-04
2001-11-08T21:27:40.705  4.67148000E-04 -2.38103000E-04  6.10410000E-05
2001-11-08T21:27:41.705 -1.79380000E-04  3.31445000E-04 -4.02727000E-04
2001-11-08T21:27:42.705 -9.36499000E-04  5.92303000E-04 -6.72680000E-04
2001-11-08T21:27:43.702  8.61636000E-04  5.65919000E-04 -9.75976000E-04
2001-11-08T21:27:44.705 -9.18096000E-04 -3.31132000E-04  5.59293000E-04
2001-11-08T21:27:45.702  9.78641000E-04  4.14453000E-04 -4.91497000E-04
2001-11-08T21:27:46.705 -1.06221500E-03 -3.97369000E-04  1.18472500E-03
2001-11-08T21:27:47.702  1.78698000E-04  1.12947700E-03 -3.44500000E-05
2001-11-08T21:27:48.705 -1.09641300E-03 -3.86728000E-04  6.98703000E-04
2001-11-08T21:27:49.702  9.42180000E-04 -3.42050000E-05  4.57846000E-04
2001-11-08T21:27:50.702 -7.33829000E-04 -8.97326000E-04  4.24280000E-05
2001-11-08T21:27:51.702 -4.87824000E-04  6.41104000E-04  9.79668000E-04
2001-11-08T21:27:52.709 -7.37369000E-04  9.59154000E-04 -5.39600000E-05
2001-11-08T21:27:53.702 -5.99264000E-04 -5.74500000E-06  8.86901000E-04
2001-11-08T21:27:54.705  4.63479000E-04  4.52940000E-05  1.94546000E-04
2001-11-08T21:27:55.702 -4.75047000E-04 -9.01942000E-04  1.02513000E-04
2001-11-08T21:27:56.705  1.17604000E-03  1.43628800E-03 -1.18809600E-03
2001-11-08T21:27:57.705 -1.45872800E-03 -1.22052000E-04 -4.30911000E-04
2001-11-08T21:27:58.705  1.01988400E-03  7.35616000E-04 -5.50479000E-04
2001-11-08T21:27:59.702 -7.36132000E-04 -2.05848200E-03  3.18965000E-04
2001-11-08T21:28:00.705  8.31845000E-04  9.23840000E-05 -3.52571000E-04
2001-11-08T21:28:01.702 -7.94673000E-04  4.19793000E-04 -1.45010000E-03
2001-11-08T21:28:02.705 -7.81146000E-04  8.59905000E-04 -5.59486000E-04
2001-11-08T21:28:03.702 -8.59640000E-05 -4.38700000E-06 -7.50190000E-05
2001-11-08T21:28:04.705  3.02342000E-04 -6.54349000E-04 -1.40007000E-04
2001-11-08T21:28:05.702  9.57908000E-04 -3.09890000E-05  5.22849000E-04
2001-11-08T21:28:06.702 -8.41789000E-04 -5.82326000E-04 -1.52149000E-04
2001-11-08T21:28:07.702  6.15100000E-04  6.73706000E-04  4.00070000E-05
2001-11-08T21:28:08.709 -1.33805800E-03 -1.21417600E-03 -3.96947000E-04
2001-11-08T21:28:09.702  8.79776000E-04  3.76307000E-04  7.15269000E-04
2001-11-08T21:28:10.705 -1.13142000E-04 -1.79988000E-04  2.15256000E-04
2001-11-08T21:28:11.702 -4.18936000E-04  8.37921000E-04  1.21539000E-04
2001-11-08T21:28:12.705 -8.85866000E-04  4.15893000E-04 -1.27992000E-04
2001-11-08T21:28:13.705  3.85150000E-05 -5.39614000E-04 -1.07910000E-05
2001-11-08T21:28:14.705  1.27031100E-03  2.57588000E-04 -7.37167000E-04
2001-11-08T21:28:15.702 -6.88559000E-04 -6.98386000E-04 -3.56509000E-04
2001-11-08T21:28:16.705  2.28762000E-04  1.10694000E-03 -9.88537000E-04
2001-11-08T21:28:17.702 -1.27429300E-03 -8.20541000E-04 -7.42104000E-04
2001-11-08T21:28:18.705  1.52732400E-03  3.11435000E-04 -2.12034000E-04
2001-11-08T21:28:19.702 -2.98309000E-04 -1.38540300E-03 -9.78922000E-04
2001-11-08T21:28:20.705  3.26785000E-04  3.59833000E-04  2.82495000E-04
2001-11-08T21:28:21.702 -1.87090000E-05  9.50865000E-04 -2.49241000E-04
2001-11-08T21:28:22.702 -1.91646000E-04  3.12391000E-04 -4.32564000E-04
2001-11-08T21:28:23.702  7.65107000E-04 -1.74000000E-07  5.38070000E-04
2001-11-08T21:28:24.709 -1.45890000E-04 -8.91763000E-04  1.33717300E-03
2001-11-08T21:28:25.702  8.16898000E-04  1.08658000E-03  4.90653000E-04
2001-11-08T21:28:26.705 -1.49046000E-03  8.38480000E-05  3.66207000E-04
2001-11-08T21:28:27.702  5.42326000E-04  8.20858000E-04 -4.10376000E-04
2001-11-08T21:28:28.705 -6.40192000E-04 -1.04173200E-03 -7.01374000E-04
2001-11-08T21:28:29.705  1.15987500E-03 -2.86150000E-05 -3.44548000E-04
2001-11-08T21:28:30.705 -1.32679500E-03 -8.97307000E-04  4.59774000E-04
2001-11-08T21:28:31.702 -3.09881000E-04  8.13279000E-04 -5.87152000E-04
2001-11-08T21:28:32.705 -8.27433000E-04 -1.92717000E-04 -4.64132000E-04
2001-11-08T21:28:33.702  5.09920000E-04 -8.35566000E-04  2.49779000E-04
2001-11-08T21:28:34.705  1.15466500E-03  3.10466000E-04 -1.24982900E-03
2001-11-08T21:28:35.702 -6.47168000E-04 -3.01726000E-04 -6.19865000E-04
2001-11-08T21:28:36.705  1.74107000E-04  1.51018300E-03 -1.23791800E-03
2001-11-08T21:28:37.702 -9.06054000E-04 -4.08868000E-04 -6.11000000E-06
2001-11-08T21:28:38.702  1.25302600E-03  5.73110000E-05 -5.27412000E-04
2001-11-08T21:28:39.702  9.13800000E-06 -9.11619000E-04  1.36522000E-04
2001-11-08T21:28:40.709  2.07214000E-04  6.47276000E-04 -3.63950000E-05
2001-11-08T21:28:41.702 -9.09071000E-04  2.92965000E-04 -9.23875000E-04
2001-11-08T21:28:42.705 -7.84101000E-04  1.00933400E-03  3.44133000E-04
2001-11-08T21:28:43.702  2.43779000E-04  1.11200000E-06 -2.19355000E-04
2001-11-08T21:28:44.705 -1.97564000E-04 -1.00039000E-03  6.23060000E-05
2001-11-08T21:28:45.705  9.42399000E-04  8.10570000E-04 -6.72340000E-04
2001-11-08T21:28:46.705 -1.73660400E-03 -2.52682000E-04  9.52591000E-04
2001-11-08T21:28:47.701  9.78159000E-04  5.22454000E-04 -3.46611000E-04
2001-11-08T21:28:48.705 -1.03072800E-03 -8.53631000E-04  8.27425000E-04
2001-11-08T21:28:49.701  4.68291000E-04  2.27874000E-04  1.51509000E-03
2001-11-08T21:28:50.705 -3.62647000E-04  8.18192000E-04  5.19653000E-04
2001-11-08T21:28:51.701 -6.80122000E-04  8.08117000E-04  1.01035600E-03
2001-11-08T21:28:52.705  6.74480000E-04  2.38861000E-04 -1.82169000E-04
2001-11-08T21:28:53.701  1.22833000E-04 -8.45830000E-04 -6.30280000E-05
2001-11-08T21:28:54.701  6.61329000E-04  1.69410000E-04 -1.09146200E-03
2001-11-08T21:28:55.701 -1.25021100E-03 -5.49270000E-04 -2.94684000E-04
2001-11-08T21:28:56.709 -5.04980000E-05  1.32440200E-03 -7.53341000E-04
2001-11-08T21:28:57.701 -6.83175000E-04 -3.21587000E-04 -1.38696000E-04
2001-11-08T21:28:58.705  1.17465400E-03  1.15331000E-04 -6.90509000E-04
2001-11-08T21:28:59.701 -3.52447000E-04 -8.84823000E-04 -2.28104000E-04
2001-11-08T21:29:00.705 -2.77480000E-05  2.99028000E-04 -2.99720000E-05
2001-11-08T21:29:01.705 -1.03734800E-03  6.43662000E-04 -1.56129000E-04
2001-11-08T21:29:02.705 -5.50325000E-04 -2.83260000E-05 -3.30760000E-05
2001-11-08T21:29:03.701  7.10807000E-04  6.11770000E-05 -5.16754000E-04
2001-11-08T21:29:04.705 -8.77060000E-04 -1.00575400E-03  1.21240000E-04
2001-11-08T21:29:05.701  4.93521000E-04  1.19547800E-03  7.45328000E-04
2001-11-08T21:29:06.705  7.88131000E-04  4.71719000E-04 -1.27470000E-05
2001-11-08T21:29:07.701  1.21330000E-05 -1.88769000E-04  3.44380000E-04
2001-11-08T21:29:08.705  1.82833900E-03  9.26502000E-04  1.17435000E-04
2001-11-08T21:29:09.701 -3.76562000E-04 -3.88230000E-04  3.45800000E-06
2001-11-08T21:29:10.701  2.10351000E-04  6.42088000E-04  4.23347000E-04
2001-11-08T21:29:11.701  1.26309900E-03  1.04350700E-03  6.50694000E-04
2001-11-08T21:29:12.709 -5.00192000E-04 -9.87801000E-04 -1.10929000E-04
2001-11-08T21:29:13.701  1.00343900E-03  2.15341000E-04 -9.51240000E-04
2001-11-08T21:29:14.705 -1.32587000E-04  1.89867000E-04  9.32460000E-05
2001-11-08T21:29:15.705 -4.56291000E-04 -3.18297000E-04 -1.20533900E-03
2001-11-08T21:29:16.705  6.00927000E-04  2.63182000E-04 -2.11806000E-04
2001-11-08T21:29:17.705  6.46140000E-05 -1.11011700E-03 -5.93473000E-04
2001-11-08T21:29:18.705 -1.84285000E-04 -1.49715000E-04 -8.07656000E-04
2001-11-08T21:29:19.701  3.05491000E-04  1.25915000E-03 -3.32208000E-04
2001-11-08T21:29:20.705 -6.31281000E-04  3.31362000E-04 -1.05727000E-03
2001-11-08T21:29:21.701 -3.06263000E-04  2.18985000E-04 -6.25011000E-04
2001-11-08T21:29:22.705  1.74647700E-03  2.80452000E-04 -9.57430000E-05
2001-11-08T21:29:23.701 -3.11971000E-04 -6.56320000E-04  1.08145600E-03
2001-11-08T21:29:24.705  8.02666000E-04  1.09597200E-03  5.02383000E-04
2001-11-08T21:29:25.701 -9.24212000E-04  2.46486000E-04  4.46670000E-04
2001-11-08T21:29:26.705 -5.62147000E-04  1.39536600E-03  5.90237000E-04
2001-11-08T21:29:27.701 -5.83813000E-04  1.28628600E-03 -5.11880000E-05
2001-11-08T21:29:28.709 -1.11115000E-04 -5.33817000E-04  9.29133000E-04
2001-11-08T21:29:29.701  1.70679700E-03  4.33508000E-04  1.55862000E-04
2001-11-08T21:29:30.705 -7.76422000E-04 -6.84826000E-04 -6.47718000E-04
2001-11-08T21:29:31.701  9.09235000E-04  8.95987000E-04 -2.25925000E-04
2001-11-08T21:29:32.705 -5.57289000E-04 -3.71943000E-04 -1.48100000E-05
2001-11-08T21:29:33.705  7.38173000E-04  8.69779000E-04  2.15366000E-04
2001-11-08T21:29:34.705 -1.87086900E-03 -3.11834000E-04 -9.54248000E-04
2001-11-08T21:29:35.701  1.01544600E-03  5.79525000E-04  3.49870000E-05
2001-11-08T21:29:36.705 -6.45507000E-04 -1.02412800E-03 -4.01895000E-04
2001-11-08T21:29:37.701  6.88904000E-04  7.30256000E-04  4.06955000E-04
2001-11-08T21:29:38.705 -4.14305000E-04 -2.71787000E-04 -4.45301000E-04
2001-11-08T21:29:39.701  4.44155000E-04  4.33670000E-04 -2.49261000E-04
2001-11-08T21:29:40.705 -1.25541000E-04  6.30849000E-04 -8.10375000E-04
2001-11-08T21:29:41.701  1.73674000E-04 -4.55906000E-04  3.08669000E-04
2001-11-08T21:29:42.701 -8.81126000E-04 -4.29035000E-04  3.71437000E-04
2001-11-08T21:29:43.701 -1.74339000E-04  4.11087000E-04 -2.75330000E-04
2001-11-08T21:29:44.709 -1.14025300E-03 -8.18723000E-04  7.98327000E-04
2001-11-08T21:29:45.701 -5.75920000E-04 -4.02685000E-04 -7.70188000E-04
2001-11-08T21:29:46.705 -2.43472000E-04 -7.92656000E-04  8.65804000E-04
2001-11-08T21:29:47.701 -5.59444000E-04 -3.62499000E-04  6.05285000E-04
2001-11-08T21:29:48.705  8.23826000E-04  6.20905000E-04  1.43154000E-04
2001-11-08T21:29:49.705 -1.46263600E-03  2.17039000E-04 -9.30010000E-05
2001-11-08T21:29:50.705  4.07462000E-04  2.00557700E-03 -4.51639000E-04
2001-11-08T21:29:51.701 -6.67431000E-04 -1.58324700E-03 -1.22119800E-03
2001-11-08T21:29:52.705  1.35391200E-03  4.79783000E-04  3.22233000E-04
2001-11-08T21:29:53.701  1.79805000E-04 -2.82646000E-04  3.79270000E-05
2001-11-08T21:29:54.705  2.38866000E-04  9.52909000E-04  3.33084000E-04
2001-11-08T21:29:55.701 -1.90466900E-03  1.03299000E-04 -4.53966000E-04
2001-11-08T21:29:56.705  2.13120000E-04  1.38079300E-03 -9.16945000E-04
2001-11-08T21:29:57.701 -1.10210000E-03 -6.15941000E-04  2.59433000E-04
2001-11-08T21:29:58.701  7.49443000E-04  2.07380000E-04 -8.65041000E-04
2001-11-08T21:29:59.701  2.74723000E-04  9.10270000E-05  2.13022000E-04
2001-11-08T21:30:00.709 -6.41542000E-04  6.89198000E-04 -1.00290000E-05
2001-11-08T21:30:01.701  1.59525100E-03  8.80850000E-04 -5.15315000E-04
2001-11-08T21:30:02.705 -2.07629000E-04 -1.19128600E-03 -4.49302000E-04
2001-11-08T21:30:03.701  6.99845000E-04 -2.10507000E-04  4.73575000E-04
2001-11-08T21:30:04.701 -4.24157300E-03 -6.88151000E-03  8.03479000E-04
2001-11-08T21:30:05.705 -1.81495800E-03  4.04394200E-03  4.09461700E-03
2001-11-08T21:30:06.705 -1.37615530E-02  3.81673000E-04 -5.15160000E-04
2001-11-08T21:30:07.701  6.15679800E-03  5.39529000E-04  8.63933500E-03
2001-11-08T21:30:08.701 -2.01073000E-04 -9.09437100E-03  1.10024900E-03
2001-11-08T21:30:09.701  1.14864740E-02  2.39058300E-03  4.67308500E-03
2001-11-08T21:30:10.705 -6.89943400E-03 -4.79854500E-03  5.11526700E-03
2001-11-08T21:30:11.701  2.94669600E-03  7.91498200E-03  4.25115200E-03
2001-11-08T21:30:12.705 -4.75462700E-03 -7.15327400E-03 -3.06919300E-03
2001-11-08T21:30:13.701  3.64136700E-03 -2.46360900E-03 -6.15203700E-03
2001-11-08T21:30:14.701 -2.70349300E-03 -3.71000700E-03 -5.76550000E-03
2001-11-08T21:30:15.701 -2.31484700E-03  6.57185200E-03 -3.46202800E-03
2001-11-08T21:30:16.709 -1.83613800E-03  5.37001600E-03 -5.81216300E-03
2001-11-08T21:30:17.701 -1.43445600E-03  1.07704100E-03 -1.02928000E-03
2001-11-08T21:30:18.705  1.20119760E-02 -1.33619400E-03 -8.85901000E-03
2001-11-08T21:30:19.701  2.14577100E-03 -3.60133100E-03 -6.86173900E-03
2001-11-08T21:30:20.701  8.89245500E-03  4.47753400E-03 -2.05544600E-03
2001-11-08T21:30:21.705 -6.10936000E-03 -6.40924000E-03  4.52702000E-04
2001-11-08T21:30:22.705  6.57358000E-03  4.82191400E-03  7.08878700E-03
2001-11-08T21:30:23.701  9.28498000E-04 -1.24396610E-02  2.33500600E-03
2001-11-08T21:30:24.701  4.00107200E-03  5.46599600E-03  6.24059500E-03
2001-11-08T21:30:25.701 -5.17799700E-03 -1.46801000E-03  1.33576800E-03
2001-11-08T21:30:26.701  1.80546000E-03  9.12858500E-03  2.33259400E-03
2001-11-08T21:30:27.701 -2.78083200E-03 -1.13900700E-03  1.79017200E-03
2001-11-08T21:30:28.705  8.30571000E-03 -3.23823200E-03  1.50231500E-03
2001-11-08T21:30:29.701 -3.23917200E-03 -7.32439500E-03  8.46002000E-03
2001-11-08T21:30:30.701 -4.73480000E-05 -2.48757000E-04 -1.96653000E-03
2001-11-08T21:30:31.701 -8.85613400E-03  4.89528000E-04 -6.17653800E-03
2001-11-08T21:30:32.713  2.29351000E-04 -3.26896600E-03 -3.61936700E-03
2001-11-08T21:30:33.701  3.96198700E-03 -3.80899400E-03 -8.31135600E-03
2001-11-08T21:30:34.705 -5.87451300E-03 -4.42278900E-03  1.06389600E-03
2001-11-08T21:30:35.701  4.19862400E-03  6.59012000E-03 -5.85867800E-03
2001-11-08T21:30:36.701 -7.22814600E-03  4.46407200E-03 -3.67738000E-03
2001-11-08T21:30:37.705  5.20495700E-03  4.69568500E-03 -8.48275300E-03
2001-11-08T21:30:38.705 -3.13445800E-03 -7.73321300E-03 -5.51354000E-03
2001-11-08T21:30:39.701  6.51238600E-03  1.31382800E-03  3.91466400E-03
2001-11-08T21:30:40.701 -1.36912640E-02 -2.26367200E-03  2.67023000E-03
2001-11-08T21:30:41.701  9.15419000E-04  9.18150100E-03  2.72658900E-03
2001-11-08T21:30:42.701 -1.08657980E-02 -5.17838500E-03  5.38290900E-03
2001-11-08T21:30:43.701  1.09909340E-02  5.80512000E-04  3.05739400E-03
2001-11-08T21:30:44.705 -1.69667600E-03 -9.89466900E-03  4.56453000E-03
2001-11-08T21:30:45.701  2.48430400E-03  1.06511760E-02  1.23523000E-03
2001-11-08T21:30:46.701 -1.39647000E-03  3.60689600E-03  4.65068500E-03
2001-11-08T21:30:47.701  2.81231800E-03 -4.51022800E-03  2.51239300E-03
2001-11-08T21:30:48.709  4.79063700E-03 -7.14160000E-04 -4.14678600E-03
2001-11-08T21:30:49.701 -5.37841400E-03 -7.86063000E-03 -2.55531500E-03
2001-11-08T21:30:50.705 -2.69666500E-03  6.74425300E-03  2.41066600E-03
2001-11-08T21:30:51.701 -6.04975800E-03  1.93298400E-03 -6.29126600E-03
2001-11-08T21:30:52.701  6.21016600E-03  4.20898300E-03 -5.74330700E-03
2001-11-08T21:30:53.705 -2.60875500E-03 -1.14446570E-02 -2.35986200E-03
2001-11-08T21:30:54.705  1.01112880E-02  9.66644000E-04 -8.45433700E-03
2001-11-08T21:30:55.701 -5.30431500E-03  3.92323000E-04 -5.66976300E-03
2001-11-08T21:30:56.701  2.31695000E-03  8.98910500E-03  1.85690000E-05
2001-11-08T21:30:57.701 -5.96778000E-04 -5.20650000E-03 -5.14759500E-03
2001-11-08T21:30:58.701  3.73811000E-03 -2.79221900E-03  6.76011600E-03
2001-11-08T21:30:59.701  6.63239000E-03  4.04221100E-03  2.00057000E-03
2001-11-08T21:31:00.705 -4.81339600E-03 -1.95754100E-03  6.18418200E-03
2001-11-08T21:31:01.701  2.67336500E-03  9.15113900E-03 -2.05954500E-03
2001-11-08T21:31:02.701 -6.42623200E-03 -7.03096500E-03  3.78188000E-04
2001-11-08T21:31:03.701  9.41762800E-03  3.46926500E-03  5.53515300E-03
2001-11-08T21:31:04.701 -5.16357100E-03 -8.49521500E-03  4.84773000E-04
