2002-01-01T04:25:33.051 -1.17527000E-03 -8.12353000E-04  7.56522000E-04
2002-01-01T04:25:34.067  7.29400000E-05  9.16597000E-04 -2.86185000E-04
2002-01-01T04:25:35.055 -9.83858000E-04  4.33290000E-05  2.92657000E-04
2002-01-01T04:25:36.059  6.64836000E-04  1.66512000E-04  4.60253000E-04
2002-01-01T04:25:37.055 -5.78523000E-04 -9.55774000E-04 -4.16231000E-04
2002-01-01T04:25:38.059  6.42232000E-04  1.03766000E-04  5.82600000E-06
2002-01-01T04:25:39.051 -1.30037400E-03 -2.15811000E-04  1.15259200E-03
2002-01-01T04:25:40.059 -4.33420000E-05  1.38170000E-04 -4.46295000E-04
2002-01-01T04:25:41.055 -4.33319000E-04 -8.88334000E-04 -8.20163000E-04
2002-01-01T04:25:42.063  5.63136000E-04 -6.24030000E-05  1.00502600E-03
2002-01-01T04:25:43.051  6.35370000E-05  5.66500000E-06 -2.76060000E-04
2002-01-01T04:25:44.059 -3.84245000E-04  5.39760000E-04 -1.66183000E-04
2002-01-01T04:25:45.051 -1.06222600E-03  4.77359000E-04 -1.07985000E-04
2002-01-01T04:25:46.055  5.80500000E-06 -3.12301000E-04 -1.04100000E-06
2002-01-01T04:25:47.055 -2.51139000E-04 -5.89492000E-04  2.93134000E-04
2002-01-01T04:25:48.059  1.58039000E-04 -5.03746000E-04  6.31350000E-05
2002-01-01T04:25:49.051 -6.24146000E-04  5.43321000E-04 -1.38270000E-03
2002-01-01T04:25:50.067 -1.16198000E-03  3.65953000E-04  1.07354500E-03
2002-01-01T04:25:51.055  4.89148000E-04 -4.58422000E-04  5.17300000E-04
2002-01-01T04:25:52.063 -1.58880000E-05 -1.04879700E-03  1.54168000E-04
2002-01-01T04:25:53.051 -1.46685000E-04 -1.03849000E-04 -4.99621000E-04
2002-01-01T04:25:54.059 -8.46079000E-04  9.41350000E-05  5.48736000E-04
2002-01-01T04:25:55.051  1.28534000E-04  9.11421000E-04 -1.52558000E-04
2002-01-01T04:25:56.059 -4.65430000E-05 -1.24012400E-03  6.75731000E-04
2002-01-01T04:25:57.055  1.42407000E-03  4.16056000E-04 -4.86950000E-05
2002-01-01T04:25:58.059 -6.18388000E-04 -9.15493000E-04  1.27043000E-04
2002-01-01T04:25:59.051 -2.20985000E-04  7.29741000E-04  5.76051000E-04
2002-01-01T04:26:00.059 -9.01032000E-04 -2.42796000E-04 -5.87425000E-04
2002-01-01T04:26:01.051  1.78299000E-04  3.17301000E-04  2.84826000E-04
2002-01-01T04:26:02.059 -6.28748000E-04 -1.50995700E-03  3.51225000E-04
2002-01-01T04:26:03.055  6.11672000E-04  2.96602000E-04 -5.20869000E-04
2002-01-01T04:26:04.059 -1.18384100E-03 -1.23165000E-04  2.73421000E-04
2002-01-01T04:26:05.051  5.41190000E-04  1.46701400E-03  3.11762000E-04
2002-01-01T04:26:06.067 -1.71886400E-03 -9.76420000E-05 -2.40668000E-04
2002-01-01T04:26:07.059  9.15438000E-04  3.32726000E-04 -7.52460000E-05
2002-01-01T04:26:08.059 -6.59738000E-04 -9.59972000E-04  8.62286000E-04
2002-01-01T04:26:09.055  7.07175000E-04  9.45494000E-04 -7.00406000E-04
2002-01-01T04:26:10.059 -1.18424100E-03 -5.35822000E-04  3.61630000E-04
2002-01-01T04:26:11.051  6.45403000E-04  8.46004000E-04  9.90656000E-04
2002-01-01T04:26:12.059 -4.12896000E-04 -7.43620000E-04  9.00261000E-04
2002-01-01T04:26:13.055  1.00601100E-03  1.18174000E-04  3.93872000E-04
2002-01-01T04:26:14.059 -1.18059600E-03 -4.54843000E-04 -8.57167000E-04
2002-01-01T04:26:15.051  3.99327000E-04  7.88086000E-04  7.41607000E-04
2002-01-01T04:26:16.059 -1.36309500E-03 -7.01000000E-04  2.90113000E-04
2002-01-01T04:26:17.055  8.48703000E-04  7.03210000E-04 -8.09900000E-05
2002-01-01T04:26:18.055  3.24573000E-04 -7.65347000E-04  4.76757000E-04
2002-01-01T04:26:19.055  2.96636000E-04  9.57366000E-04  1.82695000E-04
2002-01-01T04:26:20.059 -8.49507000E-04 -5.11420000E-05 -6.79373000E-04
2002-01-01T04:26:21.051  3.35301000E-04  8.73784000E-04  7.24431000E-04
2002-01-01T04:26:22.067 -1.31802200E-03 -9.08024000E-04  7.56300000E-06
2002-01-01T04:26:23.055  7.01767000E-04  7.62560000E-05 -6.79544000E-04
2002-01-01T04:26:24.059 -1.72631000E-04  1.09201000E-04  1.44437000E-04
2002-01-01T04:26:25.051 -3.13826000E-04  4.81929000E-04 -5.05600000E-06
2002-01-01T04:26:26.059  2.17181000E-04  9.76800000E-05 -2.18920000E-04
2002-01-01T04:26:27.055  1.55621000E-04 -2.93970000E-04  8.72170000E-04
2002-01-01T04:26:28.059  4.86115000E-04 -1.22592000E-04 -4.04174000E-04
2002-01-01T04:26:29.055 -4.35643000E-04 -4.80360000E-05 -6.83825000E-04
2002-01-01T04:26:30.059 -2.74709000E-04  5.52838000E-04  6.62674000E-04
2002-01-01T04:26:31.051 -3.18352000E-04  1.25263000E-04  7.53527000E-04
2002-01-01T04:26:32.063  6.72520000E-04  5.19485000E-04  3.92283000E-04
2002-01-01T04:26:33.051  1.60993000E-04 -6.96851000E-04 -1.98691000E-04
2002-01-01T04:26:34.055 -1.27538000E-04  5.91235000E-04 -5.75293000E-04
2002-01-01T04:26:35.055 -3.97529000E-04  2.93532000E-04  1.63522000E-04
2002-01-01T04:26:36.059  6.54997000E-04  5.53666000E-04 -1.00870000E-03
2002-01-01T04:26:37.055  6.71916000E-04 -1.18958400E-03 -1.48563900E-03
2002-01-01T04:26:38.067  2.40150000E-05  1.39519000E-04 -1.19849000E-04
2002-01-01T04:26:39.055 -1.06922400E-03  1.15487000E-04  4.98730000E-04
2002-01-01T04:26:40.059  8.06926000E-04  1.00564100E-03 -6.07831000E-04
2002-01-01T04:26:41.055 -1.15615000E-03 -3.23441000E-04  3.82717000E-04
2002-01-01T04:26:42.063  1.16870700E-03  3.84034000E-04  3.06020000E-05
2002-01-01T04:26:43.051 -7.46096000E-04 -6.92230000E-04 -9.12784000E-04
2002-01-01T04:26:44.059  7.62310000E-05  8.33418000E-04  2.69002000E-04
2002-01-01T04:26:45.055 -1.06860200E-03 -1.42217000E-04  2.86420000E-05
2002-01-01T04:26:46.059  1.00327400E-03  3.73282000E-04 -3.75054000E-04
2002-01-01T04:26:47.051 -5.49271000E-04 -1.38142900E-03 -7.08064000E-04
2002-01-01T04:26:48.059  1.01853800E-03  8.03814000E-04 -5.93810000E-04
2002-01-01T04:26:49.051 -9.82797000E-04 -1.72048000E-04 -9.42082000E-04
2002-01-01T04:26:50.055 -2.01999000E-04  1.65686300E-03  9.38590000E-05
2002-01-01T04:26:51.055 -6.35466000E-04 -8.65980000E-05 -6.27958000E-04
2002-01-01T04:26:52.063  1.17221400E-03 -3.78865000E-04 -7.69023000E-04
2002-01-01T04:26:53.051 -7.43175000E-04 -6.58455000E-04  1.37687000E-03
2002-01-01T04:26:54.067  4.45183000E-04  1.05440000E-03  7.59680000E-05
2002-01-01T04:26:55.055 -1.22705700E-03 -1.70732000E-04 -1.48228000E-04
2002-01-01T04:26:56.059  5.84986000E-04  6.48874000E-04  3.64584000E-04
2002-01-01T04:26:57.055 -9.80110000E-05 -5.02158000E-04 -1.33442500E-03
2002-01-01T04:26:58.059  8.35478000E-04  5.29690000E-04 -1.69564000E-04
2002-01-01T04:26:59.051 -1.05595800E-03 -1.20787000E-04  4.72642000E-04
2002-01-01T04:27:00.059  9.59650000E-05  8.88747000E-04 -8.62620000E-05
2002-01-01T04:27:01.055 -6.66400000E-06 -4.39609000E-04 -1.30993000E-04
2002-01-01T04:27:02.059  7.34660000E-04 -3.00304000E-04  8.43317000E-04
2002-01-01T04:27:03.051 -3.57721000E-04 -2.03980000E-04 -1.21074500E-03
2002-01-01T04:27:04.059 -5.03780000E-05  4.45426000E-04  3.78277000E-04
2002-01-01T04:27:05.051 -1.62375700E-03  2.56677000E-04  4.18895000E-04
2002-01-01T04:27:06.055  5.14554000E-04 -3.68310000E-05  8.26379000E-04
2002-01-01T04:27:07.055 -3.16812000E-04 -9.02543000E-04  1.51693000E-04
2002-01-01T04:27:08.059  3.90232000E-04 -3.29878000E-04  7.46910000E-04
2002-01-01T04:27:09.051  8.99340000E-05  5.58498000E-04 -9.41244000E-04
2002-01-01T04:27:10.067 -3.01020000E-04  6.18889000E-04 -6.90490000E-05
2002-01-01T04:27:11.055 -3.02730000E-04 -5.76083000E-04  6.00550000E-05
2002-01-01T04:27:12.059  3.72808000E-04 -3.78816000E-04 -1.22722300E-03
2002-01-01T04:27:13.055  1.28999000E-04 -1.82871000E-04 -1.43861000E-04
2002-01-01T04:27:14.059 -6.19060000E-04  6.32783000E-04  2.47170000E-04
2002-01-01T04:27:15.051  7.27795000E-04  3.05489000E-04 -1.28743300E-03
2002-01-01T04:27:16.059 -2.57115000E-04 -1.20316000E-04  5.07983000E-04
2002-01-01T04:27:17.055  1.13904500E-03 -4.48514000E-04 -7.79596000E-04
2002-01-01T04:27:18.059 -3.47694000E-04 -2.01989000E-04 -3.89834000E-04
2002-01-01T04:27:19.051  6.56740000E-05  5.29545000E-04 -9.97860000E-05
2002-01-01T04:27:20.059 -7.68037000E-04  2.60051000E-04 -5.84559000E-04
2002-01-01T04:27:21.051  2.56954000E-04  9.16884000E-04 -4.83157000E-04
2002-01-01T04:27:22.059 -2.18470000E-05 -6.44062000E-04  3.31562000E-04
2002-01-01T04:27:23.055 -1.93380000E-04 -6.31608000E-04  4.42753000E-04
2002-01-01T04:27:24.059 -3.44433000E-04 -4.81492000E-04  2.26319000E-04
2002-01-01T04:27:25.051  4.36068000E-04  9.98291000E-04 -1.84428000E-04
2002-01-01T04:27:26.067 -9.88417000E-04 -2.37080000E-04 -7.17611000E-04
2002-01-01T04:27:27.055  9.05026000E-04  9.95625000E-04 -1.67970000E-04
2002-01-01T04:27:28.059 -3.62414000E-04 -1.27404700E-03  4.94260000E-04
2002-01-01T04:27:29.051  4.97131000E-04  7.19093000E-04 -2.35409000E-04
2002-01-01T04:27:30.059 -1.08440800E-03 -2.54799000E-04 -2.00927000E-04
2002-01-01T04:27:31.051  1.34314900E-03  9.27535000E-04 -7.11499000E-04
2002-01-01T04:27:32.059 -4.52685000E-04 -1.13392600E-03 -2.14870000E-05
2002-01-01T04:27:33.055  1.67619900E-03  5.09596000E-04 -7.96430000E-05
2002-01-01T04:27:34.059 -8.23876000E-04 -4.66881000E-04 -3.23162000E-04
2002-01-01T04:27:35.051  1.17453000E-04  1.42489100E-03  4.88020000E-05
2002-01-01T04:27:36.059 -1.05265100E-03 -6.28225000E-04  5.67871000E-04
2002-01-01T04:27:37.055  1.06096300E-03  2.49705000E-04 -6.85512000E-04
2002-01-01T04:27:38.055 -4.68322000E-04 -6.49742000E-04  1.07395000E-04
2002-01-01T04:27:39.055  7.69193000E-04  5.21327000E-04  6.15181000E-04
2002-01-01T04:27:40.059 -9.88981000E-04  3.04364000E-04  6.76387000E-04
2002-01-01T04:27:41.051  9.36750000E-04  1.11414000E-04  4.88633000E-04
2002-01-01T04:27:42.067 -3.14247000E-04 -7.37842000E-04  1.23376000E-04
2002-01-01T04:27:43.055  1.03588500E-03 -2.22476000E-04 -3.34024000E-04
2002-01-01T04:27:44.059 -3.28521000E-04 -2.74591000E-04  1.06004000E-03
2002-01-01T04:27:45.051 -7.85160000E-05  8.33556000E-04  9.57051000E-04
2002-01-01T04:27:46.059  2.81420000E-05 -2.88962000E-04 -2.90398000E-04
2002-01-01T04:27:47.055  7.17259000E-04 -2.10913000E-04  1.14729300E-03
2002-01-01T04:27:48.059  8.86750000E-05 -5.89399000E-04 -2.27817000E-04
2002-01-01T04:27:49.055 -2.13281000E-04  4.77373000E-04 -1.12288400E-03
2002-01-01T04:27:50.059 -2.64631000E-04  9.17101000E-04  9.23474000E-04
2002-01-01T04:27:51.051 -4.86340000E-05  3.56554000E-04  6.27810000E-05
2002-01-01T04:27:52.063  1.05813900E-03 -5.02180000E-04 -2.38649000E-04
2002-01-01T04:27:53.051  3.00340000E-05 -3.60344000E-04 -7.02952000E-04
2002-01-01T04:27:54.055  8.64640000E-05  2.34260000E-05 -6.40403000E-04
2002-01-01T04:27:55.055 -1.15506500E-03  8.02694000E-04  3.96928000E-04
2002-01-01T04:27:56.059  3.01821000E-04  4.69803000E-04  1.03506100E-03
2002-01-01T04:27:57.055 -4.71338000E-04 -6.18530000E-04 -8.99840000E-04
2002-01-01T04:27:58.067  1.07525500E-03  3.27193000E-04 -4.71846000E-04
2002-01-01T04:27:59.055 -8.59618000E-04 -4.59102000E-04  5.07103000E-04
2002-01-01T04:28:00.059  2.62706000E-04  9.14018000E-04 -4.26191000E-04
2002-01-01T04:28:01.051 -6.94579000E-04 -6.59915000E-04  4.16096000E-04
2002-01-01T04:28:02.063  1.40623700E-03  3.43517000E-04  5.83152000E-04
2002-01-01T04:28:03.051 -5.44360000E-04 -9.22385000E-04 -1.01837400E-03
2002-01-01T04:28:04.059  6.86493000E-04  1.14838000E-03  1.80044000E-04
2002-01-01T04:28:05.051 -1.81619000E-03 -1.31457000E-04  4.03725000E-04
2002-01-01T04:28:06.059  9.57841000E-04  6.62777000E-04  1.06506000E-04
2002-01-01T04:28:07.051 -4.53810000E-04 -1.37037700E-03  5.42035000E-04
2002-01-01T04:28:08.059  7.02252000E-04  4.45531000E-04  2.52585000E-04
2002-01-01T04:28:09.051 -5.10442000E-04 -4.33036000E-04  2.32300000E-06
2002-01-01T04:28:10.055  2.38101000E-04  1.45712900E-03 -3.65185000E-04
2002-01-01T04:28:11.055 -4.52012000E-04 -3.62360000E-05  1.20244000E-04
2002-01-01T04:28:12.063  8.75068000E-04  6.26809000E-04 -2.43924000E-04
2002-01-01T04:28:13.051 -9.39511000E-04 -1.70298200E-03 -1.07795000E-03
2002-01-01T04:28:14.067  5.17326000E-04  7.28050000E-04  1.97415000E-04
2002-01-01T04:28:15.055 -1.28789700E-03 -8.41380000E-04 -1.02307100E-03
2002-01-01T04:28:16.059  5.75777000E-04  3.08620000E-04  6.55100000E-04
2002-01-01T04:28:17.055  4.31300000E-04 -7.56761000E-04 -4.77608000E-04
2002-01-01T04:28:18.059  6.85807000E-04 -4.58814000E-04 -1.61837000E-04
2002-01-01T04:28:19.051 -1.01491100E-03 -2.93490000E-05 -4.47140000E-04
2002-01-01T04:28:20.059 -4.21660000E-04  6.00686000E-04 -2.89010000E-04
2002-01-01T04:28:21.051 -5.10151000E-04  7.19852000E-04  3.95566000E-04
2002-01-01T04:28:22.059  5.83419000E-04 -5.35048000E-04 -1.69401000E-04
2002-01-01T04:28:23.051 -3.24491000E-04 -3.68847000E-04 -7.59696000E-04
2002-01-01T04:28:24.059  1.14047000E-04  1.30213000E-04  4.85935000E-04
2002-01-01T04:28:25.051 -7.05578000E-04  1.17839500E-03 -8.20852000E-04
2002-01-01T04:28:26.055 -3.90343000E-04  3.46524000E-04 -5.27400000E-04
2002-01-01T04:28:27.055  2.15181000E-04 -7.83610000E-04  5.81810000E-05
2002-01-01T04:28:28.059  3.94191000E-04 -3.49976000E-04 -4.86395000E-04
2002-01-01T04:28:29.051  5.37484000E-04  6.55742000E-04 -2.01100000E-05
2002-01-01T04:28:30.067 -1.92319000E-04  5.14040000E-05  5.68808000E-04
2002-01-01T04:28:31.055 -9.17770000E-05  1.54870000E-05 -7.13505000E-04
2002-01-01T04:28:32.059  4.10648000E-04 -7.08217000E-04  7.52999000E-04
2002-01-01T04:28:33.051  3.65388000E-04 -3.89410000E-05 -5.61800000E-06
2002-01-01T04:28:34.059 -5.37974000E-04  5.49619000E-04 -1.21058000E-04
2002-01-01T04:28:35.051 -4.60096000E-04  1.15571000E-03  4.39567000E-04
2002-01-01T04:28:36.059 -5.45303000E-04  6.97250000E-05  5.10186000E-04
2002-01-01T04:28:37.055  8.55131000E-04 -5.92070000E-04 -3.80426000E-04
2002-01-01T04:28:38.059  1.63917000E-04 -5.86130000E-04  2.71416000E-04
2002-01-01T04:28:39.051  2.55700000E-06  4.12847000E-04  7.18760000E-05
2002-01-01T04:28:40.059 -1.02802400E-03  2.35270000E-05 -2.94500000E-06
2002-01-01T04:28:41.051  9.93650000E-05  7.92670000E-05 -4.29051000E-04
2002-01-01T04:28:42.059 -3.57610000E-04 -6.18949000E-04 -5.27880000E-04
2002-01-01T04:28:43.055  1.18168800E-03  7.02740000E-04 -2.11456000E-04
2002-01-01T04:28:44.059 -1.17354700E-03 -2.47225000E-04  3.06253000E-04
2002-01-01T04:28:45.051  6.40560000E-04  1.33762500E-03 -4.98259000E-04
2002-01-01T04:28:46.067  1.50390000E-05 -1.08174800E-03  7.06268000E-04
2002-01-01T04:28:47.055  1.60415900E-03  5.69881000E-04  1.20401800E-03
2002-01-01T04:28:48.059 -7.68750000E-04 -9.02119000E-04 -4.91146000E-04
2002-01-01T04:28:49.051  8.89790000E-04  1.63763400E-03 -4.12830000E-05
2002-01-01T04:28:50.059 -1.26156500E-03 -2.15472000E-04  4.88964000E-04
2002-01-01T04:28:51.051  1.12578900E-03  7.77698000E-04 -9.59469000E-04
2002-01-01T04:28:52.059 -3.93285000E-04 -1.96046100E-03 -1.44344000E-04
2002-01-01T04:28:53.051  1.48902400E-03  6.72438000E-04 -3.38916000E-04
2002-01-01T04:28:54.059 -8.28602000E-04 -7.27968000E-04 -8.91481000E-04
2002-01-01T04:28:55.051  1.72338000E-04  1.54268000E-03  1.00915800E-03
2002-01-01T04:28:56.059 -1.52899900E-03 -6.77741000E-04 -4.22098000E-04
2002-01-01T04:28:57.055  1.29981200E-03 -1.88865000E-04  1.88530000E-05
2002-01-01T04:28:58.055 -7.62070000E-05 -9.37531000E-04  2.17837000E-04
2002-01-01T04:28:59.055  3.09502000E-04  6.36229000E-04 -1.11158000E-04
2002-01-01T04:29:00.059 -9.51225000E-04 -2.24394000E-04 -1.23613000E-04
2002-01-01T04:29:01.051  7.48360000E-05  6.97466000E-04  1.48917900E-03
2002-01-01T04:29:02.067 -3.37350000E-04  1.26276000E-04 -2.85766000E-04
2002-01-01T04:29:03.055  5.30042000E-04 -3.09849000E-04  7.73970000E-05
2002-01-01T04:29:04.059 -4.70558000E-04 -3.33880000E-04 -3.55190000E-05
2002-01-01T04:29:05.051 -2.63727000E-04  5.81620000E-04 -4.84110000E-05
2002-01-01T04:29:06.059  6.57430000E-05  6.67654000E-04  9.29565000E-04
2002-01-01T04:29:07.055  6.04452000E-04 -9.66042000E-04 -5.56211000E-04
2002-01-01T04:29:08.059  3.27098000E-04 -3.87067000E-04  3.71887000E-04
2002-01-01T04:29:09.051 -3.82244000E-04 -4.86599000E-04  1.03549000E-04
2002-01-01T04:29:10.059  2.66507000E-04  1.07346000E-03 -1.56750000E-05
2002-01-01T04:29:11.051 -7.29843000E-04 -1.50186000E-04  5.45427000E-04
2002-01-01T04:29:12.063  1.30807100E-03  1.08303500E-03 -1.37837000E-04
2002-01-01T04:29:13.051 -5.91198000E-04 -1.25454600E-03 -5.76300000E-06
2002-01-01T04:29:14.055  1.36763500E-03  6.74687000E-04  4.55894000E-04
2002-01-01T04:29:15.051 -1.29776500E-03 -5.08613000E-04  8.11600000E-06
2002-01-01T04:29:16.059  2.04439000E-04  1.13908900E-03 -1.13841400E-03
2002-01-01T04:29:17.055 -1.13053200E-03 -1.51651800E-03  6.39157000E-04
2002-01-01T04:29:18.067  1.11260900E-03  4.94036000E-04  4.31950000E-05
2002-01-01T04:29:19.055  1.25180000E-05 -5.48438000E-04 -1.25439700E-03
2002-01-01T04:29:20.059  2.19877000E-04  7.52747000E-04  4.51014000E-04
2002-01-01T04:29:21.051 -1.26184800E-03 -1.04664000E-04 -6.64082000E-04
2002-01-01T04:29:22.063  2.20761000E-04  4.09075000E-04  3.69436000E-04
2002-01-01T04:29:23.051  2.89869000E-04 -9.75145000E-04  4.45482000E-04
2002-01-01T04:29:24.059  5.95337000E-04 -2.33127000E-04 -8.25610000E-04
2002-01-01T04:29:25.051  1.32105000E-04  9.33519000E-04 -2.63523000E-04
2002-01-01T04:29:26.059 -7.77214000E-04  5.74685000E-04  3.38610000E-05
2002-01-01T04:29:27.051  6.19315000E-04  7.85876000E-04 -1.02375000E-04
2002-01-01T04:29:28.059  1.79432000E-04 -1.09498500E-03 -6.62251000E-04
2002-01-01T04:29:29.051  4.32705000E-04 -5.20496000E-04 -1.78353000E-04
2002-01-01T04:29:30.055 -8.21156000E-04  9.18640000E-05 -3.00896000E-04
2002-01-01T04:29:31.051 -4.41040000E-05  6.90532000E-04 -9.76640000E-05
2002-01-01T04:29:32.063 -8.56336000E-04 -2.75614000E-04  9.12190000E-05
2002-01-01T04:29:33.051  1.36765200E-03  6.91811000E-04 -1.04703900E-03
2002-01-01T04:29:34.067 -7.28448000E-04 -1.23280200E-03 -3.08046000E-04
2002-01-01T04:29:35.055  1.03067200E-03  1.27150200E-03  2.30059000E-04
2002-01-01T04:29:36.059 -1.20523100E-03 -3.45445000E-04 -7.92480000E-05
2002-01-01T04:29:37.055  2.99556000E-04  7.58957000E-04 -1.82794000E-04
2002-01-01T04:29:38.059 -1.10939400E-03 -6.24846000E-04  7.24640000E-04
2002-01-01T04:29:39.051  8.85534000E-04  3.30950000E-05  6.62791000E-04
2002-01-01T04:29:40.059 -2.35241000E-04  1.34443000E-04  6.16404000E-04
2002-01-01T04:29:41.051  1.33462000E-04  1.01946700E-03 -3.86808000E-04
2002-01-01T04:29:42.059 -1.23782300E-03 -3.40560000E-04  7.29430000E-05
2002-01-01T04:29:43.047  4.11101000E-04  7.96353000E-04 -1.19505000E-04
2002-01-01T04:29:44.059 -2.77423000E-04 -7.87242000E-04 -2.63087000E-04
2002-01-01T04:29:45.051  4.50006000E-04  1.68598000E-04 -1.44261000E-04
2002-01-01T04:29:46.055 -1.02840500E-03 -5.24070000E-04  1.86155000E-04
2002-01-01T04:29:47.055 -5.91649000E-04  1.08420900E-03  8.53710000E-05
2002-01-01T04:29:48.059 -6.17976000E-04 -9.07580000E-05  2.12678000E-04
2002-01-01T04:29:49.051  4.82658000E-04 -8.25721000E-04 -4.51203000E-04
2002-01-01T04:29:50.067  2.38612000E-04 -3.26810000E-05  8.51778000E-04
2002-01-01T04:29:51.055 -4.46230000E-04  2.10980000E-05  1.98241000E-04
2002-01-01T04:29:52.059  1.15110000E-05  1.11368700E-03 -8.65595000E-04
2002-01-01T04:29:53.051 -4.82775000E-04  1.93353000E-04 -1.25408000E-04
2002-01-01T04:29:54.059  1.59888800E-03  1.18217000E-04  4.26604000E-04
2002-01-01T04:29:55.051 -7.68869000E-04 -1.11913000E-03 -1.16952000E-04
2002-01-01T04:29:56.059  2.63257000E-04  1.13557300E-03  3.57916000E-04
2002-01-01T04:29:57.055 -1.10055000E-03  1.28153000E-04 -7.84405000E-04
2002-01-01T04:29:58.059  4.20129000E-04  1.33782700E-03 -3.98255000E-04
2002-01-01T04:29:59.047 -3.75636000E-04 -1.89460000E-04  7.35482000E-04
2002-01-01T04:30:00.059  1.95131300E-03  1.42691000E-04  3.57681000E-04
2002-01-01T04:30:01.051 -1.03044200E-03 -6.87686000E-04 -6.62964000E-04
2002-01-01T04:30:02.059  2.59475000E-04  1.29589300E-03  8.72063000E-04
2002-01-01T04:30:03.051 -1.27748300E-03 -2.67643000E-04  5.24640000E-05
2002-01-01T04:30:04.059  2.51692000E-04  1.00657000E-03 -5.94372000E-04
2002-01-01T04:30:05.051 -3.15783000E-04 -9.21408000E-04  7.14388000E-04
2002-01-01T04:30:06.063  1.14055400E-03  1.00099000E-04 -5.34067000E-04
2002-01-01T04:30:07.055 -6.50758000E-04  2.41907000E-04 -2.30463000E-04
2002-01-01T04:30:08.059 -1.42323000E-04  5.02590000E-04  7.38310000E-05
2002-01-01T04:30:09.051  1.25390000E-04 -5.42824000E-04 -4.55792000E-04
2002-01-01T04:30:10.059  4.32945000E-04 -1.57932000E-04 -4.63728000E-04
2002-01-01T04:30:11.051  3.63197000E-04 -2.76525000E-04  3.69906000E-04
2002-01-01T04:30:12.059  6.37330000E-05 -1.43275000E-04 -4.87076000E-04
2002-01-01T04:30:13.051 -4.44322000E-04  8.57706000E-04  4.83159000E-04
2002-01-01T04:30:14.059 -1.17175600E-03  2.75023000E-04  1.03316700E-03
2002-01-01T04:30:15.047  3.80007000E-04  7.84934000E-04  1.67625000E-04
2002-01-01T04:30:16.059  2.97860000E-05 -7.25788000E-04  1.15602500E-03
2002-01-01T04:30:17.055  1.44660500E-03  5.54419000E-04  4.34441000E-04
2002-01-01T04:30:18.055 -7.41585000E-04 -1.04396000E-04 -1.08340200E-03
2002-01-01T04:30:19.051  2.83732000E-04  1.36115300E-03  1.10136000E-04
2002-01-01T04:30:20.059 -1.01102500E-03 -5.66690000E-05 -7.23612000E-04
2002-01-01T04:30:21.051  1.11166100E-03  4.12145000E-04 -4.03115000E-04
2002-01-01T04:30:22.067 -1.79508000E-04 -1.24814000E-03  5.69961000E-04
2002-01-01T04:30:23.055  1.05299100E-03  7.78730000E-04 -2.11760000E-05
2002-01-01T04:30:24.059 -1.58840000E-03 -4.76930000E-05 -7.00260000E-05
2002-01-01T04:30:25.051  2.89317000E-04  9.63403000E-04  1.11344400E-03
2002-01-01T04:30:26.059 -1.23490800E-03 -1.24116800E-03  1.65176000E-04
2002-01-01T04:30:27.055  1.46708300E-03 -5.46590000E-05  8.65450000E-05
2002-01-01T04:30:28.059 -8.95615000E-04 -1.23507900E-03  1.03135800E-03
2002-01-01T04:30:29.051  6.42322000E-04  8.27095000E-04  3.53780000E-05
2002-01-01T04:30:30.059 -3.34725000E-04  2.69415000E-04 -1.47123600E-03
2002-01-01T04:30:31.051  3.82207000E-04  4.72207000E-04  6.61510000E-04
2002-01-01T04:30:32.063 -3.43756000E-04 -1.69836000E-04  2.21844000E-04
2002-01-01T04:30:33.051  4.40235000E-04  1.72875000E-04 -5.05701000E-04
2002-01-01T04:30:34.055 -1.58266000E-04 -2.92101000E-04  2.79697000E-04
2002-01-01T04:30:35.051 -3.37406000E-04  5.53617000E-04  7.83400000E-06
2002-01-01T04:30:36.059 -2.80540000E-04  4.03660000E-04 -1.17354900E-03
2002-01-01T04:30:37.055 -5.58649000E-04  6.49390000E-05  2.90781000E-04
2002-01-01T04:30:38.067  4.62450000E-04  2.81342000E-04 -1.00035700E-03
2002-01-01T04:30:39.055  6.83800000E-06 -8.84777000E-04 -1.23244000E-04
2002-01-01T04:30:40.059  1.18125000E-04  3.67607000E-04  3.73052000E-04
2002-01-01T04:30:41.051 -9.53498000E-04 -5.41375000E-04 -1.19420400E-03
2002-01-01T04:30:42.063  7.12715000E-04  1.29938700E-03 -1.08273000E-04
2002-01-01T04:30:43.051 -1.81249000E-03  1.73163000E-04  8.39847000E-04
2002-01-01T04:30:44.059  1.18475500E-03  5.09237000E-04 -5.21746000E-04
2002-01-01T04:30:45.051 -1.49517000E-04 -9.25585000E-04  2.29547000E-04
2002-01-01T04:30:46.059  8.14942000E-04  1.99650000E-05  4.18046000E-04
2002-01-01T04:30:47.051  2.83580000E-05  4.55863000E-04 -8.21743000E-04
2002-01-01T04:30:48.059 -6.24237000E-04  9.56441000E-04  1.95753000E-04
2002-01-01T04:30:49.051 -8.95787000E-04  1.45549400E-03  1.74746000E-04
2002-01-01T04:30:50.055 -5.25251000E-04  2.02372000E-04 -5.71703000E-04
2002-01-01T04:30:51.051  1.24986300E-03  6.59330000E-04  7.26270000E-05
2002-01-01T04:30:52.063 -5.47230000E-05 -1.11737300E-03 -7.57120000E-04
2002-01-01T04:30:53.051  1.19083000E-03  9.27802000E-04 -7.98264000E-04
2002-01-01T04:30:54.067 -1.16456300E-03 -1.86042000E-04  4.25864000E-04
2002-01-01T04:30:55.055 -3.26905000E-04  1.34331300E-03 -4.22968000E-04
2002-01-01T04:30:56.059 -8.99255000E-04  2.10320000E-05  5.78842000E-04
2002-01-01T04:30:57.055 -1.54167000E-04  2.89643000E-04 -1.32592000E-04
2002-01-01T04:30:58.059  9.48832000E-04  2.63123000E-04 -5.56968000E-04
2002-01-01T04:30:59.051 -1.74403000E-04 -4.89783000E-04  1.17079000E-04
2002-01-01T04:31:00.059  8.46664000E-04  6.74807000E-04 -3.10270000E-05
2002-01-01T04:31:01.051 -4.93206000E-04  6.35950000E-05 -1.12058500E-03
2002-01-01T04:31:02.059  2.95309000E-04  1.07961400E-03  6.34798000E-04
2002-01-01T04:31:03.047 -7.81561000E-04  1.91263000E-04 -3.31898000E-04
2002-01-01T04:31:04.059 -2.60123000E-04  9.16886000E-04 -6.50476000E-04
2002-01-01T04:31:05.051 -1.85392000E-04 -3.46654000E-04  9.04238000E-04
2002-01-01T04:31:06.055  6.38370000E-05 -7.69236000E-04  3.46860000E-05
2002-01-01T04:31:07.055  9.94670000E-04  5.28921000E-04  6.29270000E-04
2002-01-01T04:31:08.059 -7.60138000E-04 -4.32877000E-04  2.83671000E-04
2002-01-01T04:31:09.051  3.88413000E-04  1.48929900E-03  3.49048000E-04
2002-01-01T04:31:10.063 -1.26205600E-03  1.13300000E-06  3.09875000E-04
2002-01-01T04:31:11.055  1.97294000E-04  1.08546700E-03  4.77493000E-04
2002-01-01T04:31:12.059 -8.43440000E-05  4.37090000E-04 -8.90127000E-04
2002-01-01T04:31:13.051 -4.96920000E-05 -4.69830000E-05  1.37809000E-04
2002-01-01T04:31:14.059  1.70788300E-03  5.96244000E-04  6.67608000E-04
2002-01-01T04:31:15.055 -5.88473000E-04 -8.25818000E-04 -3.54139000E-04
2002-01-01T04:31:16.059  1.00952900E-03  1.17838000E-03 -4.15379000E-04
2002-01-01T04:31:17.055 -9.33891000E-04 -4.28440000E-05 -3.48961000E-04
2002-01-01T04:31:18.059 -2.05264000E-04  9.46416000E-04  2.57945000E-04
2002-01-01T04:31:19.047 -8.96700000E-05  6.43173000E-04 -2.19835000E-04
2002-01-01T04:31:20.059 -1.10384800E-03  3.94586000E-04  7.05190000E-04
2002-01-01T04:31:21.051  4.42083000E-04  1.89167300E-03  4.99140000E-04
2002-01-01T04:31:22.059  8.38930000E-05 -8.95593000E-04 -6.09277000E-04
2002-01-01T04:31:23.051  8.86729000E-04 -1.70620000E-04  1.18972800E-03
2002-01-01T04:31:24.059  2.64302000E-04  2.46400000E-05  5.21710000E-04
2002-01-01T04:31:25.051 -5.22503000E-04 -1.68246000E-04 -4.77294000E-04
2002-01-01T04:31:26.063  8.57638000E-04  1.02653100E-03  7.06426000E-04
2002-01-01T04:31:27.055 -4.98830000E-04  2.52700000E-04  3.87183000E-04
2002-01-01T04:31:28.059  8.83420000E-05  7.78487000E-04 -9.68330000E-05
2002-01-01T04:31:29.051  7.83438000E-04  1.97610700E-03  3.65822000E-04
2002-01-01T04:31:30.059 -1.17862900E-03  5.16884000E-04  3.60591000E-04
2002-01-01T04:31:31.051  4.33519000E-04  1.62051300E-03 -2.62221000E-04
2002-01-01T04:31:32.059 -4.29357000E-04  9.10203000E-04  8.13613000E-04
2002-01-01T04:31:33.051 -5.39739000E-04  4.10938000E-04  1.68448100E-03
2002-01-01T04:31:34.059  1.51632000E-04  1.37971700E-03  2.33577000E-04
2002-01-01T04:31:35.047 -8.60935000E-04 -7.41550000E-04 -1.83469000E-04
2002-01-01T04:31:36.059  4.52104000E-04  3.83522000E-04  1.31828700E-03
2002-01-01T04:31:37.055  1.11329000E-03  1.05975900E-03  4.18293000E-04
2002-01-01T04:31:38.055 -7.89380000E-05 -2.38788000E-04 -7.48079000E-04
2002-01-01T04:31:39.051  3.97777000E-04  2.55751000E-04 -3.56954000E-04
2002-01-01T04:31:40.059  1.28752300E-03  7.85815000E-04 -6.81098000E-04
2002-01-01T04:31:41.051 -7.38583000E-04 -9.28769000E-04  1.46389000E-04
2002-01-01T04:31:42.066 -3.76750000E-05  5.41661000E-04 -3.49890000E-05
2002-01-01T04:31:43.055  1.12275700E-03  1.07254900E-03  7.00069000E-04
2002-01-01T04:31:44.059 -7.05000000E-05 -2.48409000E-04  1.78500000E-05
2002-01-01T04:31:45.051 -2.06606000E-04 -1.13498000E-04  7.05609000E-04
2002-01-01T04:31:46.059  1.14255000E-03  8.29414000E-04 -6.81360000E-05
2002-01-01T04:31:47.055 -7.16488000E-04  2.45146000E-04 -2.67760000E-05
2002-01-01T04:31:48.059 -9.54316000E-04  4.35516000E-04 -3.09523000E-04
2002-01-01T04:31:49.051  5.73463000E-04  2.07128300E-03 -1.74944000E-04
2002-01-01T04:31:50.059  5.79720000E-04  1.24532300E-03  9.78319000E-04
2002-01-01T04:31:51.047 -1.20321100E-03  2.59349000E-04 -1.17230000E-03
2002-01-01T04:31:52.063 -5.54606000E-04  1.74309800E-03 -2.34590000E-04
2002-01-01T04:31:53.051  4.34625000E-04  2.78509600E-03  3.11526000E-04
2002-01-01T04:31:54.055 -8.88020000E-04  2.00015600E-03 -1.41223200E-03
2002-01-01T04:31:55.051 -1.46028700E-03  8.10264000E-04  4.55640000E-04
2002-01-01T04:31:56.059  6.73260000E-05  1.17018500E-03  1.27341000E-03
2002-01-01T04:31:57.055  1.14973500E-03  2.26306500E-03 -7.90458000E-04
2002-01-01T04:31:58.066  3.37327000E-04  4.79989000E-04  3.63780000E-05
2002-01-01T04:31:59.055 -4.50692000E-04  8.71750000E-05  1.06595600E-03
2002-01-01T04:32:00.059 -6.94104000E-04  1.41435000E-03 -6.65070000E-04
2002-01-01T04:32:01.051 -1.07407000E-04  1.79829800E-03 -3.20596000E-04
2002-01-01T04:32:02.063  4.30999000E-04  2.63252800E-03  9.08512000E-04
2002-01-01T04:32:03.051 -1.34438000E-04  1.85950900E-03 -8.81712000E-04
2002-01-01T04:32:04.059 -3.54280000E-04  5.34163000E-04  2.44451000E-04
2002-01-01T04:32:05.051 -7.87546000E-04  2.63814000E-04  2.70409000E-04
2002-01-01T04:32:06.059 -3.38508000E-04  6.56381000E-04 -9.55768000E-04
2002-01-01T04:32:07.051 -9.44568000E-04  1.85645000E-03 -5.33356000E-04
2002-01-01T04:32:08.059 -1.02964000E-04  1.30380400E-03  3.95491000E-04
2002-01-01T04:32:09.051 -4.05740000E-05  2.17065200E-03 -6.05503000E-04
2002-01-01T04:32:10.055 -1.49840000E-04  3.15204800E-03  1.05970000E-05
2002-01-01T04:32:11.051  1.06375000E-03  2.24376300E-03  8.80476000E-04
2002-01-01T04:32:12.063  7.87484000E-04  2.29374200E-03 -1.17390500E-03
2002-01-01T04:32:13.051 -5.56781000E-04  2.72359700E-03  2.07412000E-04
2002-01-01T04:32:14.063  3.72023000E-04  2.44466600E-03  1.04102600E-03
2002-01-01T04:32:15.055  5.85995000E-04  2.63171200E-03 -2.01089000E-04
2002-01-01T04:32:16.059  3.18710000E-05  3.09408500E-03  1.09000000E-05
2002-01-01T04:32:17.055  1.44394300E-03  2.78461000E-03  4.93761000E-04
2002-01-01T04:32:18.059 -7.52037000E-04  2.13930800E-03  3.55805000E-04
2002-01-01T04:32:19.055  7.90257000E-04  2.58602600E-03  2.83324000E-04
2002-01-01T04:32:20.059  1.03367800E-03  3.32837700E-03  7.28252000E-04
2002-01-01T04:32:21.051  6.34659000E-04  3.55243900E-03 -3.19466000E-04
2002-01-01T04:32:22.059 -2.06135000E-04  3.45365000E-03  5.05130000E-04
2002-01-01T04:32:23.047 -3.64633000E-04  2.20538400E-03  5.61896000E-04
2002-01-01T04:32:24.059 -1.42428700E-03  2.57590700E-03  3.36469000E-04
2002-01-01T04:32:25.051 -5.94873000E-04  1.75903500E-03  1.70607000E-04
2002-01-01T04:32:26.055 -7.99977000E-04  2.77617600E-03 -6.39056000E-04
2002-01-01T04:32:27.055  1.18922400E-03  3.96221300E-03 -9.22660000E-05
2002-01-01T04:32:28.059  1.97119000E-04  3.33624200E-03 -3.09155000E-04
2002-01-01T04:32:29.051 -1.62084000E-04  3.29395300E-03 -2.40758000E-04
2002-01-01T04:32:30.066 -2.24664000E-04  2.00101500E-03 -8.07000000E-05
2002-01-01T04:32:31.055 -1.25920600E-03  2.74669700E-03  2.53641000E-04
2002-01-01T04:32:32.059  6.23350000E-05  3.23669000E-03 -2.71889000E-04
2002-01-01T04:32:33.051  9.14056000E-04  3.72120200E-03 -2.25470000E-05
2002-01-01T04:32:34.059 -7.61540000E-04  3.96893100E-03  5.89605000E-04
2002-01-01T04:32:35.055 -5.38168000E-04  1.92585600E-03 -9.15231000E-04
2002-01-01T04:32:36.059 -1.90659000E-04  3.63294300E-03  4.71673000E-04
2002-01-01T04:32:37.055  5.21942000E-04  3.51941300E-03  4.01569000E-04
2002-01-01T04:32:38.059  7.02659000E-04  3.08176300E-03  2.85673000E-04
2002-01-01T04:32:39.047 -1.03496200E-03  3.24023400E-03  3.18240000E-04
2002-01-01T04:32:40.059 -1.85276000E-04  3.47006700E-03  6.23002000E-04
2002-01-01T04:32:41.051  1.48608900E-03  3.55226300E-03 -9.45390000E-04
2002-01-01T04:32:42.059 -6.03850000E-04  2.98697100E-03  7.70024000E-04
2002-01-01T04:32:43.051 -1.34663000E-04  3.68510800E-03  3.35932000E-04
2002-01-01T04:32:44.059 -1.79180000E-05  4.80299600E-03 -6.56153000E-04
2002-01-01T04:32:45.051 -1.06859400E-03  3.19802500E-03  5.00727000E-04
2002-01-01T04:32:46.062  4.05668000E-04  4.53768500E-03  6.76096000E-04
2002-01-01T04:32:47.055  2.82192000E-04  3.07982900E-03 -3.87537000E-04
2002-01-01T04:32:48.059  5.94273000E-04  3.41138100E-03  6.70928000E-04
2002-01-01T04:32:49.051  5.12430000E-04  4.26549900E-03  9.63060000E-04
2002-01-01T04:32:50.059 -1.00168500E-03  3.26704200E-03 -1.33189000E-04
2002-01-01T04:32:51.051  6.39617000E-04  4.54558200E-03  1.45261000E-04
2002-01-01T04:32:52.059 -2.54741000E-04  3.95044800E-03 -3.87687000E-04
2002-01-01T04:32:53.051  1.17108000E-04  4.58620300E-03  1.71508000E-04
2002-01-01T04:32:54.059  9.81294000E-04  4.96534200E-03  1.67378000E-03
2002-01-01T04:32:55.047 -8.19895000E-04  4.06589900E-03 -1.69670000E-05
2002-01-01T04:32:56.059  2.87930000E-05  5.89818000E-03 -7.46075000E-04
2002-01-01T04:32:57.055  9.14610000E-05  6.14495200E-03  7.58494000E-04
2002-01-01T04:32:58.055 -1.52862900E-03  4.59677500E-03  1.59713000E-04
2002-01-01T04:32:59.051  6.51093000E-04  4.81895200E-03  2.11763000E-04
2002-01-01T04:33:00.059  1.24433500E-03  6.37506000E-03  1.52372000E-04
2002-01-01T04:33:01.051 -9.29077000E-04  4.26742700E-03 -9.28980000E-04
2002-01-01T04:33:02.066 -7.83536000E-04  5.25844300E-03 -6.92640000E-05
2002-01-01T04:33:03.055  8.76857000E-04  5.53406100E-03  1.48216900E-03
2002-01-01T04:33:04.059  7.32201000E-04  6.79189900E-03 -5.17613000E-04
2002-01-01T04:33:05.051  1.09310900E-03  6.28041800E-03  7.68512000E-04
2002-01-01T04:33:06.059 -1.12634900E-03  5.53501600E-03  1.01096800E-03
2002-01-01T04:33:07.055 -1.00871200E-03  5.54590100E-03  3.32617000E-04
2002-01-01T04:33:08.059 -1.63058700E-03  5.02323500E-03  6.31416000E-04
2002-01-01T04:33:09.051 -1.14726600E-03  5.12835400E-03  1.59932000E-04
2002-01-01T04:33:10.059 -1.37558300E-03  6.37851600E-03 -4.47714000E-04
2002-01-01T04:33:11.047 -5.13050000E-04  5.53818000E-03  8.06702000E-04
2002-01-01T04:33:12.062 -7.28279000E-04  6.09911400E-03  3.20435000E-04
2002-01-01T04:33:13.051  1.05229200E-03  8.48211700E-03  5.09548000E-04
2002-01-01T04:33:14.055  2.70832000E-04  8.09287800E-03  4.38037000E-04
2002-01-01T04:33:15.051 -4.71705000E-04  7.81724000E-03  5.45319000E-04
2002-01-01T04:33:16.059 -1.15135400E-03  6.75635900E-03 -3.18811000E-04
2002-01-01T04:33:17.055  4.20008000E-04  9.13459900E-03  1.21125500E-03
2002-01-01T04:33:18.062 -9.36510000E-05  8.84031700E-03  8.81813000E-04
2002-01-01T04:33:19.055 -1.89939200E-03  7.87064100E-03  2.95000000E-05
2002-01-01T04:33:20.059  6.43776000E-04  9.60318500E-03 -2.15917000E-04
2002-01-01T04:33:21.051 -1.21105100E-03  7.66710100E-03  1.14636300E-03
2002-01-01T04:33:22.062  9.41430000E-04  9.52912700E-03  8.73349000E-04
2002-01-01T04:33:23.055 -1.15984200E-03  8.19515900E-03  1.16352100E-03
2002-01-01T04:33:24.059  4.59294000E-04  9.26008200E-03  1.13407000E-04
2002-01-01T04:33:25.051  2.14977000E-04  9.98780900E-03  3.80261000E-04
2002-01-01T04:33:26.059 -1.40886900E-03  9.23864900E-03 -3.13717000E-04
2002-01-01T04:33:27.055  8.85510000E-04  9.64853600E-03  3.22795000E-04
2002-01-01T04:33:28.059 -7.01698000E-04  9.36488300E-03 -4.07698000E-04
2002-01-01T04:33:29.051 -1.19125700E-03  8.75337000E-03  1.39157000E-04
2002-01-01T04:33:30.055 -1.05133000E-04  1.03852460E-02  7.45740000E-05
2002-01-01T04:33:31.051  9.44886000E-04  1.07174930E-02 -2.54760000E-05
2002-01-01T04:33:32.062 -1.31903000E-03  8.93912800E-03  2.89998000E-04
2002-01-01T04:33:33.051 -5.85376000E-04  9.33177900E-03  1.83225000E-04
2002-01-01T04:33:34.062 -4.96216000E-04  9.99068900E-03  3.39258000E-04
2002-01-01T04:33:35.055 -2.20367000E-04  1.08933660E-02 -3.17331000E-04
2002-01-01T04:33:36.059  5.26218000E-04  1.08117160E-02  9.28330000E-04
2002-01-01T04:33:37.055  2.01499000E-04  1.12050580E-02  1.24826000E-04
2002-01-01T04:33:38.059 -4.35192000E-04  1.12536740E-02  1.26202600E-03
2002-01-01T04:33:39.055 -1.09866400E-03  1.09415090E-02  3.85701000E-04
2002-01-01T04:33:40.059 -1.50232500E-03  1.03680580E-02  3.34047000E-04
2002-01-01T04:33:41.051 -5.45367000E-04  1.13744610E-02  1.07225800E-03
2002-01-01T04:33:42.059  4.39631000E-04  1.31672450E-02  1.10525300E-03
2002-01-01T04:33:43.047 -1.73890000E-04  1.24056120E-02 -5.51785000E-04
2002-01-01T04:33:44.059 -1.19928000E-03  1.13289360E-02  4.80417000E-04
2002-01-01T04:33:45.051  3.36590000E-05  1.24971570E-02  5.77327000E-04
2002-01-01T04:33:46.055  2.91213000E-04  1.25767910E-02  4.39317000E-04
2002-01-01T04:33:47.055 -7.54791000E-04  1.21527490E-02  9.19983000E-04
2002-01-01T04:33:48.058  7.04031000E-04  1.36763590E-02  6.84127000E-04
2002-01-01T04:33:49.051 -9.13156000E-04  1.23718520E-02 -4.35118000E-04
2002-01-01T04:33:50.062  7.74370000E-04  1.36446040E-02  5.35284000E-04
2002-01-01T04:33:51.055 -4.47885000E-04  1.25242440E-02  7.64993000E-04
2002-01-01T04:33:52.058  3.92457000E-04  1.29188080E-02 -3.09724000E-04
2002-01-01T04:33:53.051 -4.89760000E-05  1.30821340E-02  6.91826000E-04
2002-01-01T04:33:54.058 -8.26631000E-04  1.17150220E-02 -2.27490000E-05
2002-01-01T04:33:55.055  4.60778000E-04  1.35900280E-02  2.90770000E-04
2002-01-01T04:33:56.058 -1.37973100E-03  1.20754430E-02  7.43926000E-04
2002-01-01T04:33:57.055  1.00449100E-03  1.33643190E-02  5.28718000E-04
2002-01-01T04:33:58.058 -1.36628500E-03  1.25763150E-02 -2.78089000E-04
2002-01-01T04:33:59.047  5.81598000E-04  1.38385900E-02 -1.17319000E-04
2002-01-01T04:34:00.058 -9.88616000E-04  1.24730170E-02  1.57567700E-03
2002-01-01T04:34:01.051  8.05116000E-04  1.46746160E-02 -6.31033000E-04
2002-01-01T04:34:02.058 -7.07064000E-04  1.26191550E-02 -5.46930000E-04
2002-01-01T04:34:03.051  5.42100000E-04  1.42718570E-02  8.22231000E-04
2002-01-01T04:34:04.058 -6.14977000E-04  1.21366210E-02 -6.39257000E-04
2002-01-01T04:34:05.051 -6.58730000E-05  1.45510690E-02  5.14044000E-04
2002-01-01T04:34:06.062 -3.11385000E-04  1.35326920E-02  3.62319000E-04
2002-01-01T04:34:07.055 -9.71620000E-04  1.36065350E-02 -2.82370000E-04
2002-01-01T04:34:08.058 -7.25400000E-05  1.50716980E-02  5.78916000E-04
2002-01-01T04:34:09.051  8.47371000E-04  1.52792870E-02  5.28299000E-04
2002-01-01T04:34:10.058  4.75332000E-04  1.51466830E-02  3.78736000E-04
2002-01-01T04:34:11.055 -8.18364000E-04  1.37693670E-02 -5.49748000E-04
2002-01-01T04:34:12.058 -1.03251900E-03  1.37825960E-02  6.84674000E-04
2002-01-01T04:34:13.051 -3.79986000E-04  1.50536840E-02 -1.64735000E-04
2002-01-01T04:34:14.058  5.00974000E-04  1.56313390E-02  1.78203000E-04
2002-01-01T04:34:15.047  7.86184000E-04  1.59486660E-02  8.42443000E-04
2002-01-01T04:34:16.058  3.80192000E-04  1.63854900E-02 -7.48934000E-04
2002-01-01T04:34:17.055  1.00974800E-03  1.60424370E-02  1.19458800E-03
2002-01-01T04:34:18.055  2.77055000E-04  1.65346640E-02  8.81301000E-04
2002-01-01T04:34:19.051 -8.60950000E-05  1.64590110E-02 -1.10458200E-03
2002-01-01T04:34:20.058 -6.34823000E-04  1.56717300E-02  8.83097000E-04
2002-01-01T04:34:21.051 -7.70505000E-04  1.53646300E-02  3.56411000E-04
2002-01-01T04:34:22.066 -1.41712800E-03  1.51270650E-02 -2.58933000E-04
2002-01-01T04:34:23.055  4.12490000E-05  1.70719180E-02  1.58201000E-04
2002-01-01T04:34:24.058  8.74789000E-04  1.69729160E-02  1.31605500E-03
2002-01-01T04:34:25.051  3.82149000E-04  1.66914840E-02 -4.73653000E-04
2002-01-01T04:34:26.058 -8.20456000E-04  1.60194360E-02  8.98194000E-04
2002-01-01T04:34:27.055 -2.18924700E-03  1.51675770E-02  2.51178000E-04
2002-01-01T04:34:28.058  4.12903000E-04  1.63468770E-02 -6.75845000E-04
2002-01-01T04:34:29.051  2.57477000E-04  1.76024140E-02  7.45011000E-04
2002-01-01T04:34:30.058  8.32230000E-05  1.65957990E-02  4.79420000E-04
2002-01-01T04:34:31.047 -9.51406000E-04  1.54613420E-02 -6.64930000E-04
2002-01-01T04:34:32.062 -1.61756900E-03  1.52583350E-02  6.48649000E-04
2002-01-01T04:34:33.051  8.58402000E-04  1.72108490E-02 -3.04110000E-05
2002-01-01T04:34:34.055  9.38950000E-05  1.61394250E-02  4.44202000E-04
2002-01-01T04:34:35.051 -1.11396800E-03  1.53864970E-02  1.61189800E-03
2002-01-01T04:34:36.058 -7.87871000E-04  1.54110800E-02  4.26406000E-04
2002-01-01T04:34:37.055  2.41863000E-04  1.57918200E-02  4.07082000E-04
2002-01-01T04:34:38.062  9.79833000E-04  1.63711940E-02  4.84966000E-04
2002-01-01T04:34:39.055  7.83655000E-04  1.66408100E-02  2.60100000E-05
2002-01-01T04:34:40.058 -3.50060000E-05  1.67305320E-02 -4.96774000E-04
2002-01-01T04:34:41.051  1.82549000E-04  1.63896850E-02 -3.09470000E-05
2002-01-01T04:34:42.062 -2.65173000E-04  1.59207840E-02  1.26003300E-03
2002-01-01T04:34:43.055 -1.25898600E-03  1.56648160E-02  7.12031000E-04
2002-01-01T04:34:44.058  5.33336000E-04  1.77526830E-02  6.54658000E-04
2002-01-01T04:34:45.051  5.85080000E-04  1.64412110E-02  1.60925000E-04
2002-01-01T04:34:46.058 -1.44327200E-03  1.65100880E-02 -4.25953000E-04
2002-01-01T04:34:47.051  3.55038000E-04  1.80333650E-02  1.48426600E-03
2002-01-01T04:34:48.058 -1.49171400E-03  1.69287320E-02  7.35348000E-04
2002-01-01T04:34:49.051 -3.24472000E-04  1.84725080E-02  2.40688000E-04
2002-01-01T04:34:50.055 -3.61750000E-05  1.86955800E-02  8.56010000E-04
2002-01-01T04:34:51.051  2.98420000E-05  1.93580540E-02  2.08014000E-04
2002-01-01T04:34:52.062 -1.59536000E-04  1.96700260E-02  1.91494000E-04
2002-01-01T04:34:53.051 -2.18350000E-04  1.97738070E-02  1.51661300E-03
2002-01-01T04:34:54.062 -1.74740000E-05  1.94720810E-02  4.50371000E-04
2002-01-01T04:34:55.054 -2.74599000E-04  1.96143590E-02  6.53553000E-04
2002-01-01T04:34:56.058  6.73880000E-05  1.81674060E-02  3.33198000E-04
2002-01-01T04:34:57.054 -5.18272000E-04  1.89276600E-02  5.28160000E-05
2002-01-01T04:34:58.058  2.12919000E-04  2.05684380E-02  2.32899000E-04
2002-01-01T04:34:59.054 -1.52078000E-04  2.02295540E-02  1.22662100E-03
2002-01-01T04:35:00.058 -1.66842000E-04  1.98171960E-02  3.08641000E-04
2002-01-01T04:35:01.051 -5.76729000E-04  2.01534310E-02  7.62184000E-04
2002-01-01T04:35:02.058  1.03000000E-05  1.91574080E-02  1.37290100E-03
2002-01-01T04:35:03.047  9.23510000E-05  1.89694020E-02  2.48270000E-04
2002-01-01T04:35:04.058 -3.90850000E-05  1.95444540E-02 -9.39370000E-05
2002-01-01T04:35:05.051 -2.14160000E-04  1.97131820E-02  1.34129200E-03
2002-01-01T04:35:06.058 -5.81140000E-04  2.00471650E-02 -3.77621000E-04
2002-01-01T04:35:07.054 -3.15304000E-04  1.97912380E-02  7.05610000E-05
2002-01-01T04:35:08.058 -4.46059000E-04  1.92864150E-02  1.32094700E-03
2002-01-01T04:35:09.051 -1.01942000E-04  1.97163950E-02  1.15957100E-03
2002-01-01T04:35:10.062 -1.01403900E-03  2.07250360E-02  1.28220000E-04
2002-01-01T04:35:11.054 -3.66416000E-04  1.98472790E-02  6.85788000E-04
2002-01-01T04:35:12.058 -5.08059000E-04  1.99836720E-02  1.07202400E-03
2002-01-01T04:35:13.051 -2.32981000E-04  1.97182950E-02 -4.37512000E-04
2002-01-01T04:35:14.058 -1.83897000E-04  1.96911430E-02  1.74377100E-03
2002-01-01T04:35:15.054 -3.55277000E-04  1.98864880E-02  3.97400000E-04
2002-01-01T04:35:16.058 -4.21148000E-04  1.99022910E-02 -2.93719000E-04
2002-01-01T04:35:17.054 -5.57468000E-04  2.00853460E-02  1.05375500E-03
2002-01-01T04:35:18.058 -3.75543000E-04  1.99118520E-02  8.45950000E-05
2002-01-01T04:35:19.047 -3.37378000E-04  1.98408330E-02 -6.72000000E-07
2002-01-01T04:35:20.058 -1.54800000E-04  1.96206830E-02  1.08146300E-03
2002-01-01T04:35:21.051  2.65530000E-05  1.94313530E-02 -6.81596000E-04
2002-01-01T04:35:22.058  1.02974000E-04  1.93146370E-02  9.32930000E-05
2002-01-01T04:35:23.051 -1.35244000E-04  1.95713140E-02  1.38941200E-03
2002-01-01T04:35:24.058 -3.75395000E-04  1.86090880E-02 -4.91936000E-04
2002-01-01T04:35:25.051 -2.58780600E-03  1.67095250E-02  5.71837000E-04
2002-01-01T04:35:26.062 -3.42459000E-04  1.82042760E-02  1.43659400E-03
2002-01-01T04:35:27.054  3.97207000E-04  1.87564420E-02 -2.55074000E-04
2002-01-01T04:35:28.058 -1.80940800E-03  1.66109090E-02  1.07165300E-03
2002-01-01T04:35:29.051  6.64320000E-05  1.82434710E-02  8.15727000E-04
2002-01-01T04:35:30.058 -9.30520000E-05  1.81463920E-02 -3.74550000E-04
2002-01-01T04:35:31.054  8.28230000E-05  1.74177920E-02  9.52461000E-04
2002-01-01T04:35:32.058 -1.67048400E-03  1.64485560E-02  6.09124000E-04
2002-01-01T04:35:33.051  3.37782000E-04  1.78119240E-02  2.06745000E-04
2002-01-01T04:35:34.058 -7.19735000E-04  1.70517020E-02  8.08670000E-05
2002-01-01T04:35:35.047  2.10491000E-04  1.78831800E-02  2.95163000E-04
2002-01-01T04:35:36.058 -1.83855000E-03  1.63845010E-02  5.51909000E-04
2002-01-01T04:35:37.054 -3.39290000E-04  1.78910380E-02  1.14530300E-03
2002-01-01T04:35:38.054  2.88874000E-04  1.84342810E-02  5.34625000E-04
2002-01-01T04:35:39.051 -7.75270000E-04  1.71980540E-02  6.27379000E-04
2002-01-01T04:35:40.058  2.59867000E-04  1.78904290E-02  3.64251000E-04
2002-01-01T04:35:41.051  5.71402000E-04  1.69852450E-02  1.69316600E-03
2002-01-01T04:35:42.066 -3.29889000E-04  1.64265730E-02  6.87430000E-05
2002-01-01T04:35:43.054 -7.34618000E-04  1.51256020E-02 -4.48900000E-06
2002-01-01T04:35:44.058 -1.06879800E-03  1.48564570E-02  1.22590800E-03
2002-01-01T04:35:45.051 -5.68117000E-04  1.41519730E-02 -1.64484000E-04
2002-01-01T04:35:46.058  7.66490000E-05  1.47788420E-02  9.16435000E-04
2002-01-01T04:35:47.054  7.23982000E-04  1.49171860E-02  1.16155000E-03
2002-01-01T04:35:48.058  5.13465000E-04  1.38808040E-02  6.72688000E-04
2002-01-01T04:35:49.051  4.83281000E-04  1.18600650E-02  3.34700000E-05
2002-01-01T04:35:50.058 -2.11525800E-03  1.11625680E-02  5.92385000E-04
2002-01-01T04:35:51.047 -1.61493900E-03  1.07386650E-02  2.24613000E-04
2002-01-01T04:35:52.058 -5.48537000E-04  1.35707430E-02  5.97995000E-04
2002-01-01T04:35:53.051  5.82875000E-04  1.36410320E-02  4.62841000E-04
2002-01-01T04:35:54.054  1.85810000E-05  1.24033750E-02 -8.95546000E-04
2002-01-01T04:35:55.051 -8.61673000E-04  1.17309920E-02  1.06744100E-03
2002-01-01T04:35:56.058  2.20910000E-05  1.44399700E-02  5.16427000E-04
2002-01-01T04:35:57.051 -1.70086000E-04  1.06291850E-02  4.23730000E-05
2002-01-01T04:35:58.062 -1.08270400E-03  1.11702980E-02  1.24356500E-03
2002-01-01T04:35:59.054 -8.57495000E-04  1.07951710E-02  1.38129000E-04
2002-01-01T04:36:00.058 -6.20698000E-04  1.02569510E-02 -5.12613000E-04
2002-01-01T04:36:01.050 -2.33245800E-03  8.50260000E-03  1.06989100E-03
2002-01-01T04:36:02.058  6.81498000E-04  1.16265890E-02  3.19733000E-04
2002-01-01T04:36:03.054 -1.61965900E-03  1.05287250E-02  3.83042000E-04
2002-01-01T04:36:04.058  8.89860000E-05  1.22418390E-02  7.16563000E-04
2002-01-01T04:36:05.050  5.53375000E-04  1.27623180E-02 -6.80964000E-04
2002-01-01T04:36:06.058 -1.28767100E-03  1.12510680E-02 -4.34490000E-05
2002-01-01T04:36:07.050  1.06803700E-03  1.35455160E-02  8.75636000E-04
2002-01-01T04:36:08.058 -1.67797000E-03  1.35368860E-02 -1.56420000E-05
2002-01-01T04:36:09.050 -1.89429200E-03  1.31071410E-02  1.28358100E-03
2002-01-01T04:36:10.054 -7.32853000E-04  1.45424530E-02  1.11519600E-03
2002-01-01T04:36:11.050 -1.06621000E-04  1.53138370E-02  1.35192200E-03
2002-01-01T04:36:12.062  9.36853000E-04  1.43011700E-02  6.79884000E-04
2002-01-01T04:36:13.050 -1.41379800E-03  1.30524360E-02  2.39323000E-04
2002-01-01T04:36:14.062  4.92664000E-04  1.35428150E-02 -2.59674000E-04
2002-01-01T04:36:15.054 -1.76553900E-03  1.14491030E-02 -1.07208500E-03
2002-01-01T04:36:16.058  8.77089000E-04  1.35022470E-02  1.63276200E-03
2002-01-01T04:36:17.054 -9.23462000E-04  1.18018410E-02  5.38261000E-04
2002-01-01T04:36:18.058 -3.96316000E-04  1.04525250E-02 -2.75724000E-04
2002-01-01T04:36:19.054  5.25697000E-04  1.09783610E-02  4.67167000E-04
2002-01-01T04:36:20.058  1.51545000E-04  1.06277660E-02 -5.39688000E-04
2002-01-01T04:36:21.050 -5.52147000E-04  8.51528000E-03 -1.76718000E-04
2002-01-01T04:36:22.058 -5.14769000E-04  8.00620400E-03  4.07088000E-04
2002-01-01T04:36:23.047  5.88324000E-04  9.13957900E-03 -3.62277000E-04
2002-01-01T04:36:24.058  5.09138000E-04  7.96112000E-03  4.55571000E-04
2002-01-01T04:36:25.050 -7.56345000E-04  7.70967400E-03 -1.96850000E-05
2002-01-01T04:36:26.054 -2.54206000E-04  5.69668300E-03 -1.42050000E-04
2002-01-01T04:36:27.050 -9.26595000E-04  6.26552500E-03 -5.70681000E-04
2002-01-01T04:36:28.058 -3.45610000E-04  5.77772300E-03  4.94297000E-04
2002-01-01T04:36:29.050 -1.16496800E-03  5.93649500E-03  2.34950000E-05
2002-01-01T04:36:30.062 -8.14491000E-04  7.35090100E-03 -4.07196000E-04
2002-01-01T04:36:31.054  1.95396000E-04  7.22596300E-03  1.23138000E-03
2002-01-01T04:36:32.058  8.06589000E-04  7.98132000E-03  1.18146000E-04
2002-01-01T04:36:33.050  3.66265000E-04  6.81436000E-03 -8.20616000E-04
2002-01-01T04:36:34.058 -1.35774800E-03  6.79671800E-03  3.67370000E-04
2002-01-01T04:36:35.054  1.40556600E-03  9.33880500E-03 -3.13952000E-04
2002-01-01T04:36:36.058 -2.72859000E-04  7.10122100E-03  1.67918000E-04
2002-01-01T04:36:37.054  6.55336000E-04  9.30326800E-03  9.98534000E-04
2002-01-01T04:36:38.058  5.13521000E-04  8.71328500E-03 -1.55860000E-05
2002-01-01T04:36:39.047 -6.04377000E-04  7.34257700E-03  1.05152000E-04
2002-01-01T04:36:40.058  2.40057000E-04  8.44542400E-03  9.30807000E-04
2002-01-01T04:36:41.050 -1.87447000E-04  8.24418100E-03 -6.24247000E-04
2002-01-01T04:36:42.058 -1.42271500E-03  7.71603700E-03  3.18751000E-04
2002-01-01T04:36:43.050 -2.13632000E-04  9.23133600E-03  1.15356500E-03
2002-01-01T04:36:44.058 -3.80831000E-04  8.72224400E-03  6.47398000E-04
2002-01-01T04:36:45.050  1.32548000E-04  8.42826200E-03  2.99168000E-04
2002-01-01T04:36:46.062 -1.21286000E-04  7.70498200E-03  5.29571000E-04
2002-01-01T04:36:47.054  1.22196900E-03  8.19246300E-03  5.20600000E-05
2002-01-01T04:36:48.058 -1.02273300E-03  7.35902800E-03  4.29353000E-04
2002-01-01T04:36:49.050 -3.57014000E-04  7.34999300E-03 -1.63040000E-04
2002-01-01T04:36:50.058  8.64485000E-04  8.36181700E-03 -7.29300000E-05
2002-01-01T04:36:51.054 -7.23625000E-04  7.25529300E-03  1.44598500E-03
2002-01-01T04:36:52.058 -8.92320000E-05  7.24124400E-03  9.76342000E-04
2002-01-01T04:36:53.050  1.26114700E-03  8.26217500E-03  7.76259000E-04
2002-01-01T04:36:54.058 -5.81546000E-04  7.55575400E-03  7.68104000E-04
2002-01-01T04:36:55.047 -1.20767200E-03  6.48789000E-03  4.91318000E-04
2002-01-01T04:36:56.058  1.36789700E-03  8.28010700E-03  4.63580000E-05
2002-01-01T04:36:57.054  1.50614000E-04  8.28142100E-03  6.92971000E-04
2002-01-01T04:36:58.054 -8.94211000E-04  7.22825100E-03  9.03100000E-05
2002-01-01T04:36:59.050 -1.43483200E-03  7.08400000E-03  7.04914000E-04
2002-01-01T04:37:00.058  1.05989900E-03  8.54822900E-03  1.56718000E-04
2002-01-01T04:37:01.050 -3.11266000E-04  8.52842300E-03  5.72059000E-04
2002-01-01T04:37:02.066 -1.48135400E-03  7.65830000E-03 -7.66440000E-04
2002-01-01T04:37:03.054 -1.39415000E-04  8.16819200E-03 -1.08511000E-04
2002-01-01T04:37:04.058  1.63529300E-03  7.90231200E-03  4.51244000E-04
2002-01-01T04:37:05.050  4.57198000E-04  7.42564700E-03 -1.57532900E-03
2002-01-01T04:37:06.058 -6.18709000E-04  6.70373000E-03  1.06850700E-03
2002-01-01T04:37:07.054 -1.77517200E-03  6.97660000E-03  7.24010000E-04
2002-01-01T04:37:08.058 -1.19619000E-03  6.44814100E-03 -2.60028000E-04
2002-01-01T04:37:09.050  1.09508400E-03  7.57731500E-03 -7.18150000E-05
2002-01-01T04:37:10.058  5.62562000E-04  8.10520400E-03  1.22828800E-03
2002-01-01T04:37:11.046 -2.07402000E-04  8.05119300E-03 -4.76066000E-04
2002-01-01T04:37:12.058 -5.91524000E-04  7.57512300E-03  3.42566000E-04
2002-01-01T04:37:13.050 -2.63660000E-05  5.85611000E-03  1.63261100E-03
2002-01-01T04:37:14.054 -2.37077000E-04  6.26435100E-03 -1.49163000E-04
2002-01-01T04:37:15.050  3.12263000E-04  6.13766100E-03  7.46676000E-04
2002-01-01T04:37:16.058  4.58028000E-04  6.84505100E-03  1.50553100E-03
2002-01-01T04:37:17.050  7.94613000E-04  6.97044900E-03 -4.52253000E-04
2002-01-01T04:37:18.062  8.80897000E-04  6.76100400E-03  2.88683000E-04
2002-01-01T04:37:19.054  2.77112000E-04  6.80544200E-03  2.67884000E-04
2002-01-01T04:37:20.058 -1.53637000E-04  5.14990100E-03 -4.61695000E-04
2002-01-01T04:37:21.050 -5.42867000E-04  4.61567500E-03 -9.63585000E-04
2002-01-01T04:37:22.058 -1.58873000E-04  6.02273500E-03 -1.03086000E-03
2002-01-01T04:37:23.054  2.05943000E-04  5.42836800E-03 -6.41800000E-05
2002-01-01T04:37:24.058 -8.59374000E-04  3.90218500E-03  4.55851000E-04
2002-01-01T04:37:25.050  8.30195000E-04  5.08845200E-03  2.34130000E-05
2002-01-01T04:37:26.058 -1.06103900E-03  3.45445100E-03 -2.30808000E-04
2002-01-01T04:37:27.050  6.17564000E-04  4.78158300E-03  7.86350000E-05
2002-01-01T04:37:28.058 -3.81571000E-04  3.89640900E-03  1.00805600E-03
2002-01-01T04:37:29.050 -3.05901000E-04  3.93278200E-03  2.10560000E-05
2002-01-01T04:37:30.054  1.06864800E-03  5.77676900E-03  4.09122000E-04
2002-01-01T04:37:31.050 -7.65413000E-04  4.59459100E-03  3.59130000E-05
2002-01-01T04:37:32.058 -8.47503000E-04  5.05947000E-03 -5.49908000E-04
2002-01-01T04:37:33.050  3.28293000E-04  5.66632200E-03  1.67181000E-04
2002-01-01T04:37:34.062 -5.83521000E-04  4.17038000E-03  3.87781000E-04
2002-01-01T04:37:35.054 -8.72760000E-05  4.31699500E-03  5.66620000E-04
2002-01-01T04:37:36.058  1.36080200E-03  4.71497700E-03  4.36930000E-05
2002-01-01T04:37:37.054 -1.30473900E-03  4.91851500E-03  4.78366000E-04
2002-01-01T04:37:38.058 -5.34909000E-04  4.96563000E-03 -1.79423000E-04
2002-01-01T04:37:39.054  9.40075000E-04  5.71000200E-03 -4.10350000E-05
2002-01-01T04:37:40.058 -3.82730000E-04  3.60082300E-03  1.03619000E-03
2002-01-01T04:37:41.050  1.95483000E-04  4.71246300E-03 -2.25281000E-04
2002-01-01T04:37:42.058 -4.42231000E-04  4.17453100E-03 -1.81511000E-04
2002-01-01T04:37:43.046  5.47505000E-04  4.15630300E-03  1.04416600E-03
2002-01-01T04:37:44.058 -4.13553000E-04  3.37638200E-03 -4.37476000E-04
2002-01-01T04:37:45.050  8.45717000E-04  4.28792300E-03  1.65960000E-04
2002-01-01T04:37:46.054 -3.27287000E-04  2.70196000E-03  5.52484000E-04
2002-01-01T04:37:47.050  9.69974000E-04  4.67449600E-03  4.23340000E-05
2002-01-01T04:37:48.058 -5.51851000E-04  3.78706800E-03  5.35834000E-04
2002-01-01T04:37:49.050 -4.39418000E-04  3.42729300E-03  4.54124000E-04
2002-01-01T04:37:50.062  1.02410000E-05  3.57903600E-03  7.04457000E-04
2002-01-01T04:37:51.054  7.35366000E-04  2.85801700E-03 -3.32284000E-04
2002-01-01T04:37:52.058 -1.78193800E-03  3.05808400E-03 -5.33410000E-05
2002-01-01T04:37:53.050 -1.22952000E-04  3.04485000E-03 -1.04600000E-04
2002-01-01T04:37:54.058  1.33843300E-03  3.48801100E-03 -5.37799000E-04
2002-01-01T04:37:55.054 -2.27266000E-04  3.99665100E-03  1.29754400E-03
2002-01-01T04:37:56.058 -3.84080000E-04  2.50670800E-03  7.91706000E-04
2002-01-01T04:37:57.054 -9.67442000E-04  1.75894200E-03 -6.09747000E-04
2002-01-01T04:37:58.058 -8.07774000E-04  3.15629800E-03  3.64338000E-04
2002-01-01T04:37:59.046  6.50856000E-04  2.95084600E-03  2.90056000E-04
2002-01-01T04:38:00.058  3.96594000E-04  3.94564700E-03 -3.46893000E-04
2002-01-01T04:38:01.050  7.80579000E-04  2.44096700E-03 -2.47440000E-04
2002-01-01T04:38:02.058 -3.91111000E-04  3.11175900E-03  5.90567000E-04
2002-01-01T04:38:03.050 -4.41005000E-04  2.21347200E-03 -7.08671000E-04
2002-01-01T04:38:04.058 -7.67810000E-04  2.32749400E-03 -9.08097000E-04
2002-01-01T04:38:05.050 -6.40510000E-04  1.08351000E-03  7.86264000E-04
2002-01-01T04:38:06.062 -1.12078000E-03  2.29527000E-03 -8.51547000E-04
2002-01-01T04:38:07.054 -3.72460000E-04  1.52413800E-03 -5.16096000E-04
2002-01-01T04:38:08.058 -1.55415000E-04  9.58644000E-04  1.33053600E-03
2002-01-01T04:38:09.050 -8.13979000E-04  2.00557200E-03 -3.83640000E-05
2002-01-01T04:38:10.058  1.57028000E-04  1.13263700E-03  7.37500000E-04
2002-01-01T04:38:11.054 -1.69264000E-04  1.69739400E-03  2.82313000E-04
2002-01-01T04:38:12.058 -4.78437000E-04  2.35898200E-03 -1.58245000E-04
2002-01-01T04:38:13.050  6.51205000E-04  2.02928900E-03  2.85972000E-04
2002-01-01T04:38:14.058  5.13252000E-04  2.94044000E-03  1.02906000E-04
2002-01-01T04:38:15.046  2.05491000E-04  3.27107100E-03 -7.36240000E-05
2002-01-01T04:38:16.058 -2.33200000E-06  1.37693200E-03  1.61075000E-04
2002-01-01T04:38:17.054  1.20305600E-03  1.81381000E-03  4.40531000E-04
2002-01-01T04:38:18.054 -1.34164900E-03  1.86222700E-03 -9.71750000E-05
2002-01-01T04:38:19.050 -8.38088000E-04  1.44698200E-03  4.34075000E-04
2002-01-01T04:38:20.058 -7.68078000E-04  5.34435000E-04  1.27980000E-04
2002-01-01T04:38:21.050 -4.96060000E-05  1.10176700E-03  2.29906000E-04
2002-01-01T04:38:22.066 -3.10250000E-04  2.48128800E-03 -6.95793000E-04
2002-01-01T04:38:23.054  2.25467000E-04  2.02391900E-03  5.37181000E-04
2002-01-01T04:38:24.058  1.31176400E-03  1.68633200E-03  7.96196000E-04
2002-01-01T04:38:25.050  9.07444000E-04  2.48068000E-03 -3.43838000E-04
2002-01-01T04:38:26.058 -8.07487000E-04  2.12275000E-03  1.54233000E-04
2002-01-01T04:38:27.058 -3.41569000E-04  1.74965700E-03 -3.31720000E-05
2002-01-01T04:38:28.058 -7.31457000E-04  9.51370000E-05 -2.95966000E-04
2002-01-01T04:38:29.050  5.07187000E-04  3.61079000E-04  7.47188000E-04
2002-01-01T04:38:30.058 -4.87293000E-04  2.32066600E-03  3.13925000E-04
2002-01-01T04:38:31.046  4.81758000E-04  2.70147900E-03 -1.65678000E-04
2002-01-01T04:38:32.058 -5.18721000E-04  1.57435700E-03 -2.27856000E-04
2002-01-01T04:38:33.050 -1.00194400E-03 -4.01570000E-05  8.26764000E-04
2002-01-01T04:38:34.054  1.88850000E-04  1.22292000E-04 -2.90118000E-04
2002-01-01T04:38:35.050  9.28661000E-04  1.29927400E-03  9.75763000E-04
2002-01-01T04:38:36.058  1.72171000E-04  4.88066000E-04  3.77403000E-04
2002-01-01T04:38:37.050 -4.25882000E-04 -9.01891000E-04  1.38240000E-05
2002-01-01T04:38:38.062  3.77842000E-04  1.11625500E-03  1.20648000E-04
2002-01-01T04:38:39.054  4.75560000E-04  1.02239300E-03  2.82898000E-04
2002-01-01T04:38:40.058 -8.02149000E-04  2.71386000E-04 -1.33604000E-04
2002-01-01T04:38:41.050 -7.36385000E-04  1.44172500E-03 -1.96090000E-05
2002-01-01T04:38:42.058  1.50013000E-04  1.78555900E-03  3.65897000E-04
2002-01-01T04:38:43.054 -7.88485000E-04  1.23548600E-03 -2.79899000E-04
2002-01-01T04:38:44.058 -1.60008500E-03  9.18953000E-04 -4.32930000E-04
2002-01-01T04:38:45.050  3.68081000E-04  1.78604100E-03  1.32079900E-03
2002-01-01T04:38:46.058  1.95739000E-04  1.61625300E-03  1.04722000E-04
2002-01-01T04:38:47.050 -1.55113800E-03  4.88102000E-04 -9.42571000E-04
2002-01-01T04:38:48.058  2.00661000E-04  1.59593900E-03  4.21261000E-04
2002-01-01T04:38:49.050  3.32403000E-04  1.97467300E-03 -5.39365000E-04
2002-01-01T04:38:50.054 -7.79277000E-04  1.72169000E-04 -6.75716000E-04
2002-01-01T04:38:51.050  1.91800000E-06  2.33294700E-03  5.50265000E-04
2002-01-01T04:38:52.058 -9.61525000E-04  4.51739000E-04  9.74110000E-04
2002-01-01T04:38:53.050  5.04130000E-05  1.27830500E-03  5.61483000E-04
2002-01-01T04:38:54.062  6.59209000E-04 -1.40318000E-04  8.86800000E-04
2002-01-01T04:38:55.054 -4.53518000E-04 -2.47760000E-05  3.45975000E-04
2002-01-01T04:38:56.058  1.15849600E-03  5.91355000E-04  1.39822000E-04
2002-01-01T04:38:57.054 -7.16676000E-04 -8.03024000E-04  5.71920000E-05
2002-01-01T04:38:58.058  6.84217000E-04  5.37722000E-04  4.64692000E-04
2002-01-01T04:38:59.054 -1.46876000E-04  2.13506000E-04  3.72658000E-04
2002-01-01T04:39:00.058 -7.83304000E-04  4.54448000E-04 -3.58071000E-04
2002-01-01T04:39:01.050 -1.39001000E-04  1.49172800E-03 -8.66010000E-05
2002-01-01T04:39:02.058 -1.03979200E-03 -3.86982000E-04 -1.41580000E-04
2002-01-01T04:39:03.046  4.87290000E-04  1.45054600E-03 -4.73260000E-05
2002-01-01T04:39:04.058 -5.16042000E-04  6.47380000E-05  4.62423000E-04
2002-01-01T04:39:05.050 -8.48610000E-05  4.04518000E-04  5.22853000E-04
2002-01-01T04:39:06.054 -2.23293000E-04  4.22160000E-05 -2.66822000E-04
2002-01-01T04:39:07.050 -3.83249000E-04 -5.49324000E-04  9.46280000E-05
2002-01-01T04:39:08.058  1.25910800E-03  7.23365000E-04  2.42757000E-04
2002-01-01T04:39:09.050 -3.98838000E-04 -4.83604000E-04 -1.00685400E-03
2002-01-01T04:39:10.062 -7.28670000E-05  6.86335000E-04  1.48362300E-03
2002-01-01T04:39:11.054  1.22318000E-04  1.22899400E-03 -3.96840000E-04
2002-01-01T04:39:12.058 -1.08024000E-03  4.28652000E-04 -9.59674000E-04
2002-01-01T04:39:13.050  4.75260000E-04  1.97440600E-03 -7.82814000E-04
2002-01-01T04:39:14.058 -7.66186000E-04  3.71744000E-04  1.46213000E-04
2002-01-01T04:39:15.054  2.70772000E-04  1.17104300E-03  4.85260000E-05
2002-01-01T04:39:16.058 -6.92070000E-05  3.14020000E-05  3.73109000E-04
2002-01-01T04:39:17.054 -3.48167000E-04  5.46320000E-05  6.16033000E-04
2002-01-01T04:39:18.058  1.10900200E-03  2.33348000E-04 -4.01249000E-04
2002-01-01T04:39:19.046 -3.77639000E-04 -7.11417000E-04 -7.20560000E-05
2002-01-01T04:39:20.058  3.24350000E-04  5.92103000E-04  2.80049000E-04
2002-01-01T04:39:21.050 -1.40800900E-03 -1.27010000E-05 -2.08289000E-04
2002-01-01T04:39:22.058  1.16456000E-04  1.06305600E-03 -6.97382000E-04
2002-01-01T04:39:23.050 -3.59615000E-04 -6.01865000E-04  7.72115000E-04
2002-01-01T04:39:24.058 -4.88982000E-04  2.03904000E-04  2.83554000E-04
2002-01-01T04:39:25.050  7.46078000E-04 -4.13134000E-04  2.43530000E-05
2002-01-01T04:39:26.062 -7.56918000E-04 -9.19563000E-04  1.58032100E-03
2002-01-01T04:39:27.054  1.37152800E-03  5.48942000E-04 -3.83480000E-05
2002-01-01T04:39:28.058 -7.17295000E-04 -5.65312000E-04 -5.26427000E-04
2002-01-01T04:39:29.050  2.07506000E-04  8.48037000E-04  1.32206000E-04
2002-01-01T04:39:30.058 -5.91750000E-04  9.40731000E-04 -4.78502000E-04
2002-01-01T04:39:31.054 -3.96610000E-05 -2.88325000E-04  9.98920000E-05
2002-01-01T04:39:32.058  1.39477100E-03  1.02422100E-03 -8.76259000E-04
2002-01-01T04:39:33.050  4.67970000E-05 -9.52435000E-04 -7.19707000E-04
2002-01-01T04:39:34.058  1.43271900E-03  5.00319000E-04 -1.14392200E-03
2002-01-01T04:39:35.046 -1.15376200E-03 -9.35156000E-04  7.04136000E-04
2002-01-01T04:39:36.058  6.81878000E-04  7.47752000E-04  2.11116000E-04
2002-01-01T04:39:37.054 -1.63793400E-03 -4.84380000E-05 -1.54465300E-03
2002-01-01T04:39:38.054  1.29210000E-04  7.95350000E-04  1.00453700E-03
2002-01-01T04:39:39.050 -7.36953000E-04  4.21605000E-04  1.84455000E-04
2002-01-01T04:39:40.058 -1.98166000E-04 -3.81215000E-04 -8.19069000E-04
2002-01-01T04:39:41.050  9.00345000E-04 -1.86621000E-04 -2.01771000E-04
2002-01-01T04:39:42.066 -9.80565000E-04 -5.46316000E-04 -7.32160000E-05
2002-01-01T04:39:43.054  7.13723000E-04  9.61310000E-04 -6.38440000E-05
2002-01-01T04:39:44.058 -1.08879900E-03 -3.65660000E-05 -1.35430000E-05
2002-01-01T04:39:45.050  2.66275000E-04  6.04350000E-04  6.86935000E-04
2002-01-01T04:39:46.058 -4.37310000E-04 -8.28720000E-05 -1.35653100E-03
2002-01-01T04:39:47.058  5.73851000E-04  4.80880000E-05  6.07280000E-04
2002-01-01T04:39:48.058  1.36544000E-04 -9.76610000E-04  1.29339100E-03
2002-01-01T04:39:49.050 -2.42189000E-04  3.13205000E-04  2.23928000E-04
2002-01-01T04:39:50.058 -5.43710000E-04  3.38651000E-04  1.65030000E-04
2002-01-01T04:39:51.046 -1.11695800E-03  8.85630000E-04  1.03167600E-03
2002-01-01T04:39:52.058  5.37068000E-04  4.43905000E-04  9.81892000E-04
2002-01-01T04:39:53.050 -1.09850000E-05 -1.71845100E-03 -4.46709000E-04
2002-01-01T04:39:54.054  1.39067800E-03  4.54466000E-04  1.02282700E-03
2002-01-01T04:39:55.050 -5.16659000E-04 -1.03425000E-03 -5.00567000E-04
2002-01-01T04:39:56.058  6.74376000E-04  1.30304600E-03 -1.10569000E-03
2002-01-01T04:39:57.050 -1.05091900E-03  2.69969000E-04  8.84750000E-04
2002-01-01T04:39:58.062  1.83281000E-04  1.29015600E-03 -3.64540000E-05
2002-01-01T04:39:59.054 -6.29490000E-05 -8.21225000E-04 -6.88363000E-04
2002-01-01T04:40:00.058  8.71162000E-04 -1.54042000E-04  8.98597000E-04
2002-01-01T04:40:01.050 -2.57075000E-04 -4.42645000E-04  5.19960000E-05
2002-01-01T04:40:02.058  1.06444000E-04 -7.16750000E-05 -1.66453000E-04
2002-01-01T04:40:03.054 -4.02860000E-05  1.00945700E-03  1.48610000E-04
2002-01-01T04:40:04.058 -5.63441000E-04  6.31353000E-04  1.37413000E-04
2002-01-01T04:40:05.050 -6.54832000E-04 -2.75831000E-04  6.70820000E-05
2002-01-01T04:40:06.058 -3.44161000E-04 -3.04457000E-04  9.22871000E-04
2002-01-01T04:40:07.050  1.42607500E-03  6.02673000E-04  1.86115000E-04
2002-01-01T04:40:08.058 -6.64360000E-04 -4.47713000E-04  9.30880000E-05
2002-01-01T04:40:09.050  4.15444000E-04  1.66349200E-03  1.19970000E-04
2002-01-01T04:40:10.054 -1.21767700E-03 -3.57366000E-04  1.06157000E-04
2002-01-01T04:40:11.050  7.64247000E-04  8.42430000E-04 -1.07793400E-03
2002-01-01T04:40:12.058 -1.02176100E-03 -7.67938000E-04  2.42570000E-04
2002-01-01T04:40:13.050  1.61276000E-03  2.08878000E-04  3.16500000E-06
2002-01-01T04:40:14.062 -7.83386000E-04 -4.18946000E-04 -9.62116000E-04
2002-01-01T04:40:15.054  4.90762000E-04  1.04932200E-03 -2.46343000E-04
2002-01-01T04:40:16.058 -7.55722000E-04 -9.35420000E-05  3.81966000E-04
2002-01-01T04:40:17.054  6.06811000E-04  4.23556000E-04 -6.61376000E-04
2002-01-01T04:40:18.058  3.00442000E-04 -1.90148000E-04  5.01849000E-04
2002-01-01T04:40:19.054  7.35664000E-04 -3.61775000E-04  1.19405300E-03
2002-01-01T04:40:20.058  1.46397000E-04  2.34994000E-04 -7.52119000E-04
2002-01-01T04:40:21.050 -2.43185000E-04  4.14717000E-04  4.94078000E-04
2002-01-01T04:40:22.058 -7.03201000E-04  6.07507000E-04  1.12175300E-03
2002-01-01T04:40:23.046 -5.06999000E-04  3.30703000E-04 -3.52480000E-04
2002-01-01T04:40:24.058  1.36287500E-03 -1.97818000E-04 -1.54030000E-04
2002-01-01T04:40:25.050 -1.95749000E-04 -1.04224100E-03 -7.13270000E-05
2002-01-01T04:40:26.054  6.73806000E-04  7.93883000E-04  8.06360000E-05
2002-01-01T04:40:27.050 -1.44886500E-03  7.73430000E-05 -1.08659000E-04
2002-01-01T04:40:28.058  1.61921000E-04  1.49725700E-03  9.14600000E-05
2002-01-01T04:40:29.050 -7.54800000E-04 -1.06187300E-03 -5.88738000E-04
2002-01-01T04:40:30.062  1.37032400E-03  2.84050000E-05 -4.98935000E-04
2002-01-01T04:40:31.054 -3.27079000E-04 -6.44705000E-04  1.08414600E-03
2002-01-01T04:40:32.058  6.29882000E-04  5.06762000E-04 -7.09032000E-04
2002-01-01T04:40:33.050 -1.19522500E-03 -2.99627000E-04 -4.18440000E-04
2002-01-01T04:40:34.058 -2.47925000E-04  1.49765400E-03  8.09710000E-04
2002-01-01T04:40:35.054 -6.78205000E-04 -1.33168900E-03  2.41370000E-04
2002-01-01T04:40:36.058  5.50667000E-04  2.11344000E-04 -1.13923700E-03
2002-01-01T04:40:37.054  2.11660000E-04 -4.42484000E-04  2.86712000E-04
2002-01-01T04:40:38.058 -4.31449000E-04  6.34098000E-04  6.28567000E-04
2002-01-01T04:40:39.046 -6.64064000E-04  6.75822000E-04 -4.36702000E-04
2002-01-01T04:40:40.058 -4.46786000E-04  1.77691000E-04  5.15076000E-04
2002-01-01T04:40:41.050  9.41689000E-04 -5.16233000E-04  2.71905000E-04
2002-01-01T04:40:42.058 -2.76665000E-04 -7.96844000E-04  1.56991000E-04
2002-01-01T04:40:43.050 -1.21694000E-04  2.91834000E-04  4.90098000E-04
2002-01-01T04:40:44.058 -1.25438000E-03  2.62271000E-04 -9.28000000E-07
2002-01-01T04:40:45.050  1.91062000E-04  1.18795800E-03 -6.63072000E-04
2002-01-01T04:40:46.062 -7.57414000E-04 -6.80130000E-04  1.17854000E-04
2002-01-01T04:40:47.054  1.64123400E-03  2.87187000E-04  1.11935000E-03
2002-01-01T04:40:48.058 -7.61219000E-04 -1.12171100E-03 -7.30204000E-04
2002-01-01T04:40:49.050  3.95685000E-04  1.31350000E-03 -1.99220000E-05
2002-01-01T04:40:50.058 -1.52700500E-03 -2.97471000E-04 -1.09211000E-04
2002-01-01T04:40:51.054  4.13590000E-04  1.09083500E-03 -5.73062000E-04
2002-01-01T04:40:52.058 -6.90730000E-04 -1.78924000E-04 -4.53665000E-04
2002-01-01T04:40:53.050  1.21305800E-03 -2.37461000E-04 -3.00043000E-04
2002-01-01T04:40:54.058 -9.20058000E-04 -5.50339000E-04 -5.24580000E-05
2002-01-01T04:40:55.046  3.81673000E-04  1.35328100E-03  3.81560000E-05
2002-01-01T04:40:56.058 -1.21899400E-03  1.91024000E-04 -3.16543000E-04
2002-01-01T04:40:57.054  8.84280000E-04  1.58062000E-04 -6.43743000E-04
2002-01-01T04:40:58.054  1.23940000E-05 -8.60697000E-04  2.21934000E-04
2002-01-01T04:40:59.050  7.70572000E-04  2.77477000E-04 -3.57347000E-04
2002-01-01T04:41:00.058 -7.32403000E-04  2.33086000E-04 -4.38535000E-04
2002-01-01T04:41:01.050 -4.35442000E-04  7.01611000E-04  5.28272000E-04
2002-01-01T04:41:02.066  2.16439000E-04  1.68689000E-04  8.15532000E-04
2002-01-01T04:41:03.054  5.73993000E-04 -4.61615000E-04 -1.89917000E-04
2002-01-01T04:41:04.058 -1.58811000E-04 -2.50130000E-04  7.42720000E-05
2002-01-01T04:41:05.050 -1.58836000E-04 -1.99182000E-04  1.97755000E-04
2002-01-01T04:41:06.058 -5.06893000E-04  1.36900100E-03 -9.76775000E-04
2002-01-01T04:41:07.058 -2.96080000E-04 -1.33314000E-04  5.71559000E-04
2002-01-01T04:41:08.058  3.58649000E-04  2.10848000E-04  1.04470000E-05
2002-01-01T04:41:09.050  2.54838000E-04 -7.34602000E-04 -1.27553000E-04
2002-01-01T04:41:10.058 -1.00652000E-04  2.73987000E-04  4.16328000E-04
2002-01-01T04:41:11.046 -1.16629200E-03  5.17289000E-04  6.78724000E-04
2002-01-01T04:41:12.058  6.66542000E-04  1.67142600E-03  3.00570000E-04
2002-01-01T04:41:13.050 -1.78504000E-04 -7.14276000E-04  4.01699000E-04
2002-01-01T04:41:14.054  1.29423700E-03  1.21359000E-04  4.79680000E-05
2002-01-01T04:41:15.050 -3.94795000E-04 -5.22200000E-04 -1.05977900E-03
2002-01-01T04:41:16.058  6.71011000E-04  1.39604100E-03  7.61599000E-04
2002-01-01T04:41:17.050 -1.37366400E-03 -4.29181000E-04  2.81582000E-04
2002-01-01T04:41:18.062  5.38189000E-04  1.01086700E-03 -3.68341000E-04
2002-01-01T04:41:19.054 -6.58982000E-04 -9.40918000E-04  5.96084000E-04
2002-01-01T04:41:20.058  1.21381000E-03  3.56126000E-04  6.22956000E-04
2002-01-01T04:41:21.050 -1.12004600E-03 -7.05993000E-04  5.15341000E-04
2002-01-01T04:41:22.058  9.34339000E-04  1.15458400E-03  6.26430000E-05
2002-01-01T04:41:23.054 -1.37056000E-03 -1.44062000E-04 -6.94498000E-04
2002-01-01T04:41:24.058  8.47981000E-04  6.88708000E-04 -2.96433000E-04
2002-01-01T04:41:25.050 -4.56067000E-04 -1.19798800E-03  8.78123000E-04
2002-01-01T04:41:26.058  9.89974000E-04  9.38477000E-04 -5.85052000E-04
2002-01-01T04:41:27.050 -1.03823400E-03 -1.88590000E-05  4.77115000E-04
2002-01-01T04:41:28.058  4.81637000E-04  1.35005400E-03  1.34714900E-03
2002-01-01T04:41:29.050 -9.44901000E-04 -5.41242000E-04 -5.56660000E-05
2002-01-01T04:41:30.054  1.15579700E-03  3.16126000E-04  9.15515000E-04
2002-01-01T04:41:31.050 -4.65781000E-04 -1.00809800E-03  1.71104000E-04
2002-01-01T04:41:32.058  5.78178000E-04  7.37859000E-04 -2.50240000E-05
2002-01-01T04:41:33.050 -1.43027900E-03 -6.89235000E-04  4.44107000E-04
2002-01-01T04:41:34.062  6.66880000E-05  2.97840000E-04  3.07016000E-04
2002-01-01T04:41:35.054 -5.47627000E-04 -7.86738000E-04 -1.04672300E-03
2002-01-01T04:41:36.058  1.36186900E-03 -3.95860000E-04 -2.61746000E-04
2002-01-01T04:41:37.054 -7.06546000E-04 -5.63881000E-04  5.27133000E-04
2002-01-01T04:41:38.058  1.68249000E-04  9.01442000E-04 -1.10325100E-03
2002-01-01T04:41:39.054 -1.25209300E-03  4.29248000E-04  5.34202000E-04
2002-01-01T04:41:40.058  2.75702000E-04  2.92100000E-04  5.04507000E-04
2002-01-01T04:41:41.050 -1.70848000E-04 -1.90110000E-04 -5.14369000E-04
2002-01-01T04:41:42.058  1.31292000E-04 -2.27420000E-04 -2.67582000E-04
2002-01-01T04:41:43.046 -5.52070000E-04  6.90430000E-05  1.86234000E-04
2002-01-01T04:41:44.058 -3.99170000E-04  4.63761000E-04 -5.97258000E-04
2002-01-01T04:41:45.050  3.28909000E-04 -1.00574000E-04 -2.57675000E-04
2002-01-01T04:41:46.054 -4.81809000E-04 -1.26023000E-04  4.32297000E-04
2002-01-01T04:41:47.054  1.32974400E-03  6.86583000E-04 -3.89248000E-04
2002-01-01T04:41:48.058 -8.90510000E-04  2.30106000E-04 -2.09542000E-04
2002-01-01T04:41:49.050 -3.91007000E-04  6.39195000E-04  1.50422400E-03
2002-01-01T04:41:50.062 -5.50875000E-04  1.25006000E-04 -1.25417000E-04
2002-01-01T04:41:51.050  2.31079000E-04  1.50617000E-04  9.61450000E-05
2002-01-01T04:41:52.058 -4.61689000E-04 -7.50397000E-04  7.60487000E-04
2002-01-01T04:41:53.050  1.02323000E-03  4.78729000E-04 -7.02113000E-04
2002-01-01T04:41:54.058 -8.42679000E-04 -3.14369000E-04  4.72444000E-04
2002-01-01T04:41:55.054  3.22688000E-04  1.02315700E-03  9.02836000E-04
2002-01-01T04:41:56.058 -7.22667000E-04 -4.44594000E-04 -4.86070000E-05
2002-01-01T04:41:57.054  1.76775200E-03  3.04939000E-04 -4.21832000E-04
2002-01-01T04:41:58.058 -3.78310000E-05 -6.38508000E-04  6.72638000E-04
2002-01-01T04:41:59.046  8.97259000E-04  1.29608400E-03  1.52404000E-04
2002-01-01T04:42:00.058 -6.72499000E-04 -5.62275000E-04 -3.71027000E-04
2002-01-01T04:42:01.050  1.03528100E-03  1.19207100E-03 -1.16200000E-05
2002-01-01T04:42:02.058 -7.32809000E-04 -9.33850000E-04 -4.09075000E-04
2002-01-01T04:42:03.050  1.37075400E-03  7.36465000E-04 -2.65939000E-04
2002-01-01T04:42:04.058 -1.02862700E-03 -5.44794000E-04  7.27876000E-04
2002-01-01T04:42:05.050  9.13669000E-04  1.24391800E-03  3.62084000E-04
2002-01-01T04:42:06.062 -1.26767000E-03 -6.77189000E-04 -4.80071000E-04
2002-01-01T04:42:07.054  9.40895000E-04 -9.60860000E-05 -2.77650000E-04
2002-01-01T04:42:08.058 -3.70901000E-04 -1.19086300E-03 -3.80530000E-04
2002-01-01T04:42:09.050  8.58040000E-04  7.12653000E-04  9.82050000E-05
2002-01-01T04:42:10.058 -1.84664800E-03  3.25407000E-04  3.10990000E-04
2002-01-01T04:42:11.054  6.76874000E-04  7.78313000E-04  8.34200000E-06
2002-01-01T04:42:12.058 -9.46959000E-04 -6.90057000E-04 -1.07410000E-04
2002-01-01T04:42:13.050  6.39629000E-04 -1.44843000E-04  3.71944000E-04
2002-01-01T04:42:14.058 -7.43092000E-04 -9.40212000E-04  7.58269000E-04
2002-01-01T04:42:15.046  6.91852000E-04  1.55525000E-03 -4.45436000E-04
2002-01-01T04:42:16.058 -1.99736400E-03 -6.54620000E-05  3.86726000E-04
2002-01-01T04:42:17.054  1.27119400E-03  3.86189000E-04  3.07851000E-04
2002-01-01T04:42:18.054 -1.03575400E-03 -1.61028200E-03 -9.78255000E-04
2002-01-01T04:42:19.050  1.04669300E-03  3.12972000E-04 -4.59261000E-04
2002-01-01T04:42:20.058 -1.78728900E-03 -7.92733000E-04  3.66306000E-04
2002-01-01T04:42:21.050  4.63327000E-04  1.45716700E-03 -5.02171000E-04
2002-01-01T04:42:22.066 -8.37537000E-04 -2.88736000E-04 -6.84890000E-05
2002-01-01T04:42:23.050  5.30661000E-04  5.51100000E-06 -1.70777000E-04
2002-01-01T04:42:24.058  5.29500000E-05 -1.03778200E-03 -3.56628000E-04
2002-01-01T04:42:25.050  5.92577000E-04  7.23487000E-04 -4.37718000E-04
2002-01-01T04:42:26.058 -1.40366000E-03 -4.65572000E-04  6.19934000E-04
2002-01-01T04:42:27.058  3.48580000E-05  1.34378000E-03 -3.41539000E-04
2002-01-01T04:42:28.058 -1.22348000E-03 -8.53300000E-05 -8.96501000E-04
2002-01-01T04:42:29.050  1.45330600E-03 -6.83560000E-05  4.04183000E-04
2002-01-01T04:42:30.054  3.40952000E-04 -6.23795000E-04 -8.25169000E-04
2002-01-01T04:42:31.046  6.60206000E-04  7.30906000E-04 -4.28575000E-04
2002-01-01T04:42:32.058 -1.52732200E-03 -6.55715000E-04  8.68700000E-05
2002-01-01T04:42:33.050  2.52692000E-04  1.20699500E-03 -5.08006000E-04
2002-01-01T04:42:34.054 -8.90932000E-04 -1.10175900E-03 -1.88613000E-04
2002-01-01T04:42:35.050  1.34775400E-03  6.01997000E-04 -3.64923000E-04
2002-01-01T04:42:36.058 -7.15062000E-04 -6.31500000E-04  6.73095000E-04
2002-01-01T04:42:37.050  5.11228000E-04  1.22486600E-03 -4.06990000E-04
2002-01-01T04:42:38.062 -1.70931500E-03  1.66088000E-04  5.32688000E-04
2002-01-01T04:42:39.050  4.87977000E-04  7.80034000E-04  3.18310000E-05
2002-01-01T04:42:40.058 -9.05142000E-04 -9.31073000E-04  4.04498000E-04
2002-01-01T04:42:41.050  4.43753000E-04  2.26208000E-04  3.08318000E-04
2002-01-01T04:42:42.058  1.72470000E-05 -2.76918000E-04 -2.43288000E-04
2002-01-01T04:42:43.054 -2.04218000E-04  1.23689100E-03  1.61355000E-04
2002-01-01T04:42:44.054 -1.07370000E-04  2.78620000E-04  3.05371000E-04
2002-01-01T04:42:45.050  2.62079000E-04 -1.41102000E-04 -6.91702000E-04
2002-01-01T04:42:46.054  5.62018000E-04 -8.63657000E-04 -2.20391000E-04
2002-01-01T04:42:47.050  6.05308000E-04 -7.49490000E-05  5.10492000E-04
2002-01-01T04:42:48.058 -9.23614000E-04 -1.35909000E-04 -8.22291000E-04
2002-01-01T04:42:49.050 -5.92698000E-04  8.81579000E-04  2.89020000E-04
2002-01-01T04:42:50.054 -2.47754000E-04 -2.63040000E-04  1.37767100E-03
2002-01-01T04:42:51.050  4.98152000E-04 -4.67891000E-04 -4.14544000E-04
2002-01-01T04:42:52.058 -1.06056000E-04 -5.48662000E-04 -2.55130000E-04
2002-01-01T04:42:53.050 -4.09730000E-05  1.36369000E-04  4.20532000E-04
2002-01-01T04:42:54.062 -7.14970000E-05  3.13992000E-04 -2.24800000E-06
2002-01-01T04:42:55.050 -5.41860000E-04  2.70391000E-04  9.55119000E-04
2002-01-01T04:42:56.054  9.76529000E-04  5.05987000E-04  9.73687000E-04
2002-01-01T04:42:57.054 -1.90431000E-04 -5.40226000E-04 -5.90073000E-04
2002-01-01T04:42:58.058  1.18215000E-04  7.46291000E-04 -3.05887000E-04
2002-01-01T04:42:59.054 -9.41201000E-04  4.32527000E-04  3.70989000E-04
2002-01-01T04:43:00.054  2.01709000E-04  1.21512500E-03  2.01729000E-04
2002-01-01T04:43:01.050 -1.45598000E-04 -3.50075000E-04  3.24096000E-04
2002-01-01T04:43:02.058  4.62009000E-04 -3.96803000E-04 -3.16970000E-04
2002-01-01T04:43:03.046  2.49915000E-04 -3.22350000E-04 -1.73629000E-04
2002-01-01T04:43:04.058 -5.16378000E-04 -3.17047000E-04  2.49445000E-04
2002-01-01T04:43:05.050 -3.19978000E-04  7.87380000E-04  4.98758000E-04
2002-01-01T04:43:06.054 -6.31197000E-04  2.81954000E-04 -3.92291000E-04
2002-01-01T04:43:07.054  2.27584000E-04 -1.21746000E-04  1.27259000E-04
2002-01-01T04:43:08.058  5.53300000E-04 -9.72215000E-04  1.30389200E-03
2002-01-01T04:43:09.050 -1.67710000E-05 -1.61958000E-04  2.23925000E-04
2002-01-01T04:43:10.062 -3.00364000E-04  2.81750000E-04  1.41197900E-03
2002-01-01T04:43:11.050 -3.27973000E-04  2.69226000E-04 -1.56487000E-04
2002-01-01T04:43:12.058  5.06306000E-04  3.45828000E-04 -7.14669000E-04
2002-01-01T04:43:13.050  2.75628000E-04 -9.03399000E-04  8.57336000E-04
2002-01-01T04:43:14.058  1.13204800E-03  2.27745000E-04  9.27019000E-04
2002-01-01T04:43:15.054 -7.26287000E-04 -1.14780000E-04 -1.35037300E-03
2002-01-01T04:43:16.054 -3.45438000E-04  6.71817000E-04  4.00850000E-04
2002-01-01T04:43:17.054 -3.20687000E-04 -3.30423000E-04 -1.51713000E-04
2002-01-01T04:43:18.058  1.55197500E-03  5.71205000E-04 -7.88001000E-04
2002-01-01T04:43:19.046  1.08950000E-05 -1.10854100E-03 -2.14831000E-04
2002-01-01T04:43:20.058  8.61225000E-04  3.59648000E-04  4.21303000E-04
2002-01-01T04:43:21.050 -1.02083100E-03  3.22327000E-04 -3.19306000E-04
2002-01-01T04:43:22.054 -5.00080000E-05  7.13335000E-04  2.79660000E-04
2002-01-01T04:43:23.050 -2.62974000E-04 -4.25285000E-04  8.13895000E-04
2002-01-01T04:43:24.058  1.01693200E-03 -5.53990000E-05 -3.62459000E-04
2002-01-01T04:43:25.050  9.70505000E-04 -3.63071300E-03 -2.17152500E-03
2002-01-01T04:43:26.062  4.51128100E-03  7.38693400E-03  2.05027300E-03
2002-01-01T04:43:27.054 -2.90417400E-03  3.37501300E-03 -7.64247300E-03
2002-01-01T04:43:28.054 -8.81429000E-04  9.56066600E-03 -5.93438300E-03
2002-01-01T04:43:29.050 -3.46146300E-03 -5.86825800E-03  4.70328000E-03
2002-01-01T04:43:30.054  8.03696100E-03  1.71513800E-03 -6.06457000E-03
2002-01-01T04:43:31.054 -1.69308800E-03 -2.56851300E-03 -4.87215300E-03
2002-01-01T04:43:32.058  2.17174400E-03  7.49339700E-03  1.77733200E-03
2002-01-01T04:43:33.050 -1.23174890E-02  7.77971000E-04 -2.00023600E-03
2002-01-01T04:43:34.054  4.90895200E-03  3.86692600E-03 -5.65389800E-03
2002-01-01T04:43:35.046 -3.82786300E-03 -8.50676200E-03  3.65678000E-03
2002-01-01T04:43:36.054  7.52008800E-03  7.70940000E-04 -6.99404000E-04
2002-01-01T04:43:37.054 -4.70816100E-03 -3.65147100E-03 -1.01970020E-02
2002-01-01T04:43:38.050  1.22353800E-03  1.07780870E-02  6.35460200E-03
2002-01-01T04:43:39.050 -5.12476900E-03 -4.04121700E-03  6.10917800E-03
2002-01-01T04:43:40.054  8.56442700E-03  5.40193900E-03 -3.08230600E-03
2002-01-01T04:43:41.050 -2.34250200E-03 -7.62387400E-03  4.19134000E-03
2002-01-01T04:43:42.062  1.07359890E-02  3.05337600E-03  5.73068600E-03
2002-01-01T04:43:43.050 -1.10401560E-02  4.53036000E-04 -3.98816500E-03
2002-01-01T04:43:44.054  1.05538400E-03  1.14289300E-02  9.85724000E-03
2002-01-01T04:43:45.050 -1.03265200E-02 -2.69151700E-03  1.04427170E-02
2002-01-01T04:43:46.054  8.78212100E-03  8.05937000E-04 -5.33880900E-03
2002-01-01T04:43:47.058 -2.04090300E-03 -1.01154220E-02  1.56789800E-03
2002-01-01T04:43:48.054  5.20515700E-03  6.97799400E-03  3.80230500E-03
2002-01-01T04:43:49.050 -1.02311700E-02 -1.95374000E-03 -1.73425200E-03
2002-01-01T04:43:50.054  2.66397100E-03  1.02468720E-02 -1.40090600E-03
2002-01-01T04:43:51.046 -4.70474700E-03 -6.30921200E-03  4.18572900E-03
2002-01-01T04:43:52.058  7.27369300E-03  8.16283000E-04  2.33908000E-04
2002-01-01T04:43:53.050 -3.00012200E-03 -6.82960400E-03 -4.78774600E-03
2002-01-01T04:43:54.050  3.88120000E-03  9.53541600E-03  6.96555700E-03
2002-01-01T04:43:55.050 -9.27313100E-03 -2.35294500E-03 -2.35939600E-03
2002-01-01T04:43:56.054  5.36703000E-03  2.84282200E-03 -1.48055200E-03
2002-01-01T04:43:57.050 -5.23997600E-03 -8.20998700E-03  7.57478200E-03
2002-01-01T04:43:58.062  6.91697200E-03  3.59341500E-03  6.92197000E-04
2002-01-01T04:43:59.050 -7.45199000E-03 -6.42222400E-03  1.77770000E-04
2002-01-01T04:44:00.054  2.38782400E-03  7.16204300E-03  8.76967500E-03
2002-01-01T04:44:01.050 -8.36142900E-03 -8.23974000E-04 -1.57177000E-04
2002-01-01T04:44:02.058  8.20955900E-03 -1.04207800E-03 -8.58831000E-04
2002-01-01T04:44:03.054  1.33065600E-03 -8.62181700E-03  7.04782800E-03
2002-01-01T04:44:04.054  4.73688800E-03  2.63783800E-03  3.92165100E-03
2002-01-01T04:44:05.050 -1.84683300E-03 -1.89016600E-03 -6.61844300E-03
2002-01-01T04:44:06.054 -4.51656900E-03  4.73607700E-03  4.70806500E-03
2002-01-01T04:44:07.050 -3.53232600E-03 -2.94711500E-03 -2.59050600E-03
2002-01-01T04:44:08.054  7.31863400E-03  3.01942000E-04 -6.65539600E-03
2002-01-01T04:44:09.050  1.35289700E-03 -5.83977900E-03  2.38852100E-03
2002-01-01T04:44:10.050  2.47639700E-03  2.93331300E-03  8.13721600E-03
2002-01-01T04:44:11.050 -7.79293600E-03  1.38607500E-03 -1.06597450E-02
2002-01-01T04:44:12.058  6.22135000E-04  4.37475900E-03  5.79317000E-03
2002-01-01T04:44:13.050  1.22579900E-03 -2.98597500E-03 -1.98028000E-04
2002-01-01T04:44:14.062  6.90287800E-03 -2.51353600E-03 -1.14258840E-02
2002-01-01T04:44:15.050  1.00345800E-03  4.86416000E-04 -1.33033000E-04
2002-01-01T04:44:16.054  7.11112000E-04  3.92563100E-03  9.14336400E-03
2002-01-01T04:44:17.054 -1.78782100E-03  4.89859300E-03 -2.89432600E-03
2002-01-01T04:44:18.054  2.72173000E-04  2.40011300E-03 -3.09229400E-03
2002-01-01T04:44:19.054 -7.50000000E-05 -7.05613600E-03  7.81007500E-03
2002-01-01T04:44:20.054  3.86505200E-03  8.48531000E-04 -3.63368000E-03
2002-01-01T04:44:21.050 -6.05175600E-03  9.76368000E-04 -2.49430000E-03
2002-01-01T04:44:22.058 -1.10355800E-03  8.34232200E-03  1.01478490E-02
2002-01-01T04:44:23.046 -4.37231200E-03  9.51408000E-04  4.37141000E-04
2002-01-01T04:44:24.054  3.96380200E-03  3.68348000E-04 -2.48437400E-03
2002-01-01T04:44:25.050 -5.01778100E-03 -3.91834300E-03  4.77693500E-03
2002-01-01T04:44:26.050  4.93055600E-03  3.28900000E-05 -1.87230800E-03
