2002-01-04T17:55:19.939  6.20888000E-04 -6.24606000E-04 -2.96353000E-04
2002-01-04T17:55:20.939 -2.16160000E-05  4.94882000E-04 -1.58350000E-04
2002-01-04T17:55:21.939  2.00296000E-04  5.46700000E-04 -8.74461000E-04
2002-01-04T17:55:22.935 -2.44754000E-04  5.38319000E-04  4.39162000E-04
2002-01-04T17:55:23.935 -5.19000000E-05 -1.31882000E-04  1.88987000E-04
2002-01-04T17:55:24.935  1.08793400E-03 -5.65287000E-04  4.59032000E-04
2002-01-04T17:55:25.938 -1.89897000E-04 -8.05045000E-04  5.10397000E-04
2002-01-04T17:55:26.935  3.72342000E-04  8.85059000E-04 -1.48844400E-03
2002-01-04T17:55:27.935 -1.22884100E-03  5.62880000E-05  6.65155000E-04
2002-01-04T17:55:28.935  1.88331000E-04  5.63227000E-04 -5.73846000E-04
2002-01-04T17:55:29.935 -4.04891000E-04 -1.68898800E-03  2.03112000E-04
2002-01-04T17:55:30.935  7.26749000E-04  2.02649000E-04 -7.14806000E-04
2002-01-04T17:55:31.938 -7.35291000E-04 -6.36927000E-04  2.86790000E-05
2002-01-04T17:55:32.935 -4.37120000E-05  1.40511700E-03  4.03197000E-04
2002-01-04T17:55:33.935 -5.98460000E-04 -1.02178100E-03  3.56280000E-05
2002-01-04T17:55:34.935  1.32109800E-03  5.01580000E-04 -2.26819000E-04
2002-01-04T17:55:35.938 -3.63749000E-04 -9.39722000E-04  4.50474000E-04
2002-01-04T17:55:36.938  6.17013000E-04  7.95099000E-04  7.08620000E-05
2002-01-04T17:55:37.938 -1.89859500E-03 -2.45680000E-05  9.14990000E-05
2002-01-04T17:55:38.935  3.94810000E-04  8.11117000E-04 -1.17262400E-03
2002-01-04T17:55:39.935 -4.15515000E-04 -1.26041900E-03  3.47005000E-04
2002-01-04T17:55:40.935  1.61136400E-03  5.23072000E-04 -3.95207000E-04
2002-01-04T17:55:41.938 -7.35606000E-04 -3.70929000E-04  3.14896000E-04
2002-01-04T17:55:42.935  5.71070000E-04  1.54257700E-03 -1.09436300E-03
2002-01-04T17:55:43.935 -7.24863000E-04 -2.24399000E-04  9.64300000E-06
2002-01-04T17:55:44.935  1.34653300E-03 -4.81567000E-04  3.83840000E-05
2002-01-04T17:55:45.935  3.09609000E-04 -7.09842000E-04  2.18459000E-04
2002-01-04T17:55:46.935  4.10309000E-04 -7.69180000E-05 -4.06552000E-04
2002-01-04T17:55:47.938 -8.87374000E-04  5.90247000E-04 -7.82152000E-04
2002-01-04T17:55:48.935 -4.21690000E-04  9.38506000E-04 -1.59336000E-04
2002-01-04T17:55:49.935  1.60641000E-04 -4.73108000E-04 -8.56683000E-04
2002-01-04T17:55:50.935 -9.63300000E-05 -5.71907000E-04  7.36584000E-04
2002-01-04T17:55:51.938  2.34036000E-04  1.52550000E-05  6.60284000E-04
2002-01-04T17:55:52.938 -3.40738000E-04  1.03527000E-04  6.51344000E-04
2002-01-04T17:55:53.938 -4.09463000E-04  8.24407000E-04 -6.78250000E-05
2002-01-04T17:55:54.935 -1.17139000E-04 -2.74300000E-05 -8.90670000E-04
2002-01-04T17:55:55.935  1.03167700E-03 -4.79429000E-04  1.03746900E-03
2002-01-04T17:55:56.935 -2.55141000E-04 -1.23581800E-03 -1.26608600E-03
2002-01-04T17:55:57.938  2.40490000E-04  7.62025000E-04 -2.62960000E-05
2002-01-04T17:55:58.931 -1.18075600E-03  1.64584000E-04 -3.86520000E-04
2002-01-04T17:55:59.935  5.78250000E-05  6.99884000E-04 -1.12790000E-05
2002-01-04T17:56:00.935 -1.38993000E-04 -2.83618000E-04  2.52065000E-04
2002-01-04T17:56:01.935  1.06367700E-03 -5.36875000E-04  2.02656000E-04
2002-01-04T17:56:02.935 -2.98869000E-04 -5.49760000E-05 -5.69416000E-04
2002-01-04T17:56:03.938  2.79867000E-04  1.01543800E-03  1.79298000E-04
2002-01-04T17:56:04.935 -6.18365000E-04  5.42816000E-04  4.95406000E-04
2002-01-04T17:56:05.935  1.05192700E-03 -1.47010000E-04 -9.18041000E-04
2002-01-04T17:56:06.935 -1.12962100E-03 -1.43474700E-03  1.12655900E-03
2002-01-04T17:56:07.938  6.63660000E-04  4.16898000E-04 -2.43010000E-05
2002-01-04T17:56:08.935 -8.61301000E-04 -3.69340000E-05 -5.55895000E-04
2002-01-04T17:56:09.938  5.85140000E-05  7.25507000E-04 -1.69596000E-04
2002-01-04T17:56:10.935 -9.13862000E-04 -1.20578000E-04  3.24740000E-05
2002-01-04T17:56:11.935  1.64096600E-03 -3.07617000E-04  5.04102000E-04
2002-01-04T17:56:12.935 -1.20227900E-03 -1.61895600E-03 -2.38392000E-04
2002-01-04T17:56:13.938  7.08579000E-04  7.32346000E-04  6.28132000E-04
2002-01-04T17:56:14.935 -1.52521300E-03 -3.90410000E-05  4.30957000E-04
2002-01-04T17:56:15.938  7.31208000E-04  1.03320900E-03  2.85752000E-04
2002-01-04T17:56:16.935 -1.05651000E-03 -9.27862000E-04  1.21648000E-04
2002-01-04T17:56:17.935  1.24118500E-03  8.10253000E-04 -1.35470000E-04
2002-01-04T17:56:18.935 -1.26662100E-03 -1.16387000E-03  4.65721000E-04
2002-01-04T17:56:19.938  2.78621000E-04  1.25737100E-03 -2.85819000E-04
2002-01-04T17:56:20.935 -1.64553700E-03 -4.63910000E-05  4.83629000E-04
2002-01-04T17:56:21.935  6.17357000E-04  6.93426000E-04 -5.04246000E-04
2002-01-04T17:56:22.935 -8.17390000E-04 -1.14178300E-03  8.32619000E-04
2002-01-04T17:56:23.938  1.41832500E-03  6.49417000E-04 -4.79707000E-04
2002-01-04T17:56:24.935 -1.17939000E-03 -7.52874000E-04 -1.28497600E-03
2002-01-04T17:56:25.938  7.70075000E-04  1.62546900E-03  2.07435000E-04
2002-01-04T17:56:26.935 -7.06829000E-04 -8.92290000E-05 -8.02851000E-04
2002-01-04T17:56:27.935  1.51350700E-03  5.43160000E-04  3.31421000E-04
2002-01-04T17:56:28.935 -2.26566000E-04 -9.42622000E-04 -4.45659000E-04
2002-01-04T17:56:29.938  6.39069000E-04  6.72173000E-04 -6.17861000E-04
2002-01-04T17:56:30.935 -8.82105000E-04  9.30890000E-05  4.58125000E-04
2002-01-04T17:56:31.934  3.29790000E-04  9.82462000E-04 -1.04449800E-03
2002-01-04T17:56:32.934 -6.15690000E-04  1.23072000E-04  1.20344200E-03
2002-01-04T17:56:33.934  7.26037000E-04 -4.65353000E-04  4.81810000E-05
2002-01-04T17:56:34.934 -3.84150000E-05 -2.32780000E-05  5.91431000E-04
2002-01-04T17:56:35.938  3.66730000E-04  1.16733500E-03 -1.74833000E-04
2002-01-04T17:56:36.934 -1.07724300E-03  6.45100000E-04 -3.31420000E-05
2002-01-04T17:56:37.934  5.70880000E-04  4.86085000E-04 -9.54822000E-04
2002-01-04T17:56:38.934  2.03666000E-04 -3.50197000E-04 -1.28847000E-04
2002-01-04T17:56:39.938  1.53991000E-04  1.77103000E-04  4.32245000E-04
2002-01-04T17:56:40.938 -4.60177000E-04  4.33529000E-04 -3.70700000E-06
2002-01-04T17:56:41.938  6.33647000E-04  8.76235000E-04  2.74036000E-04
2002-01-04T17:56:42.934  1.04385000E-04 -1.44530000E-04 -7.91545000E-04
2002-01-04T17:56:43.934 -2.33246000E-04 -1.02441300E-03  3.86472000E-04
2002-01-04T17:56:44.934  3.16240000E-04  1.03232000E-04  2.39867000E-04
2002-01-04T17:56:45.938 -7.76728000E-04  1.74755000E-04 -4.22504000E-04
2002-01-04T17:56:46.934 -7.93317000E-04  1.34069500E-03  1.73366000E-04
2002-01-04T17:56:47.934  2.40016000E-04  1.72050000E-04 -1.86280000E-05
2002-01-04T17:56:48.934  6.79929000E-04 -2.11098000E-04  1.41412000E-04
2002-01-04T17:56:49.934 -4.89900000E-05 -5.17763000E-04  1.72570000E-05
2002-01-04T17:56:50.934  2.24255000E-04  6.41539000E-04 -1.23784800E-03
2002-01-04T17:56:51.938 -1.20347300E-03  7.25170000E-05 -1.48026000E-04
2002-01-04T17:56:52.934  2.13058000E-04  8.70214000E-04  6.37895000E-04
2002-01-04T17:56:53.934  4.19241000E-04 -5.35868000E-04 -8.12687000E-04
2002-01-04T17:56:54.934  9.94774000E-04 -3.45507000E-04  1.42979000E-03
2002-01-04T17:56:55.938 -3.64110000E-04 -5.41431000E-04 -5.61000000E-06
2002-01-04T17:56:56.938 -2.03459000E-04  1.07595600E-03  3.37321000E-04
2002-01-04T17:56:57.938 -1.01038600E-03 -8.77518000E-04  1.01121000E-04
2002-01-04T17:56:58.934  5.27250000E-04  8.29518000E-04 -3.86086000E-04
2002-01-04T17:56:59.934 -1.22562000E-04 -8.60409000E-04 -1.36300000E-05
2002-01-04T17:57:00.934  7.98627000E-04  3.97826000E-04  3.18438000E-04
2002-01-04T17:57:01.938 -1.54587200E-03 -2.68540000E-05 -2.57701000E-04
2002-01-04T17:57:02.934  2.09605000E-04  9.50216000E-04 -1.16909800E-03
2002-01-04T17:57:03.934 -7.28796000E-04 -1.42124800E-03  5.07940000E-04
2002-01-04T17:57:04.934  1.41324200E-03 -1.76031000E-04 -4.60299000E-04
2002-01-04T17:57:05.934 -3.85155000E-04 -5.13658000E-04  1.01678500E-03
2002-01-04T17:57:06.934  1.42172000E-04  1.63318900E-03 -9.44762000E-04
2002-01-04T17:57:07.938 -7.29009000E-04  1.40610000E-04 -1.34440000E-04
2002-01-04T17:57:08.931  8.38643000E-04  3.69110000E-04  1.64289100E-03
2002-01-04T17:57:09.934  7.13968000E-04 -6.24017000E-04  2.96680000E-05
2002-01-04T17:57:10.934  9.09594000E-04  5.66278000E-04  9.57824000E-04
2002-01-04T17:57:11.938 -5.79122000E-04 -2.54428000E-04 -8.56813000E-04
2002-01-04T17:57:12.938 -1.08894000E-04  1.64667100E-03  6.41328000E-04
2002-01-04T17:57:13.938 -6.98578000E-04 -7.11639000E-04 -8.69200000E-06
2002-01-04T17:57:14.934  1.15831300E-03  3.39541000E-04 -1.37880000E-04
2002-01-04T17:57:15.934 -1.29302000E-04 -1.10395800E-03 -3.03800000E-04
2002-01-04T17:57:16.934  4.27280000E-04  8.79787000E-04 -1.13308000E-04
2002-01-04T17:57:17.938 -1.36069900E-03 -5.03185000E-04 -7.28850000E-05
2002-01-04T17:57:18.934  8.78281000E-04  7.94482000E-04 -1.21855000E-04
2002-01-04T17:57:19.934 -6.72739000E-04 -1.12739800E-03  2.49819000E-04
2002-01-04T17:57:20.934  1.00998000E-03  2.85946000E-04  7.18050000E-05
2002-01-04T17:57:21.934 -1.17384100E-03 -4.58820000E-05  3.68979000E-04
2002-01-04T17:57:22.934  3.92902000E-04  1.50220900E-03  2.13535000E-04
2002-01-04T17:57:23.938 -1.18961800E-03 -4.98398000E-04 -6.37686000E-04
2002-01-04T17:57:24.931  9.52297000E-04  6.47995000E-04  6.59220000E-05
2002-01-04T17:57:25.934 -3.69432000E-04 -1.67959100E-03 -4.92279000E-04
2002-01-04T17:57:26.934  1.15910200E-03  9.23790000E-04  3.02888000E-04
2002-01-04T17:57:27.938 -1.45051000E-03 -1.63689000E-04  1.61454000E-04
2002-01-04T17:57:28.938  8.13645000E-04  1.73106100E-03 -6.94521000E-04
2002-01-04T17:57:29.938 -7.43707000E-04 -8.41243000E-04 -3.47905000E-04
2002-01-04T17:57:30.934  1.46204000E-03  1.57281000E-04 -5.21483000E-04
2002-01-04T17:57:31.934 -5.91690000E-04 -4.82293000E-04  8.15993000E-04
2002-01-04T17:57:32.934  8.94739000E-04  1.15109900E-03 -1.83683600E-03
2002-01-04T17:57:33.938 -1.61998600E-03 -2.82570000E-05  4.03925000E-04
2002-01-04T17:57:34.934  4.22282000E-04  4.40943000E-04  5.09090000E-05
2002-01-04T17:57:35.938  1.95014000E-04 -1.70079700E-03 -1.80927000E-04
2002-01-04T17:57:36.934  1.78736600E-03  5.79405000E-04 -5.45909000E-04
2002-01-04T17:57:37.934 -3.79917000E-04 -3.70936000E-04 -1.06061000E-04
2002-01-04T17:57:38.934  6.18609000E-04  1.14321500E-03  4.06066000E-04
2002-01-04T17:57:39.938 -7.85751000E-04 -4.08138000E-04  5.40376000E-04
2002-01-04T17:57:40.934  7.75077000E-04  7.29026000E-04  5.91100000E-04
2002-01-04T17:57:41.934  1.09400000E-05 -1.29490700E-03  4.04990000E-05
2002-01-04T17:57:42.934  2.86930000E-04  6.61849000E-04 -6.22350000E-05
2002-01-04T17:57:43.938 -1.20377800E-03  9.21720000E-05 -2.37672000E-04
2002-01-04T17:57:44.934  6.72198000E-04  1.23734400E-03 -9.86763000E-04
2002-01-04T17:57:45.938 -6.14949000E-04 -8.34572000E-04  2.30526000E-04
2002-01-04T17:57:46.934  1.34603300E-03  9.09620000E-05 -1.35478700E-03
2002-01-04T17:57:47.934 -2.56455000E-04 -7.73566000E-04  9.77776000E-04
2002-01-04T17:57:48.934  1.46858000E-04  7.89376000E-04 -6.74284000E-04
2002-01-04T17:57:49.938 -1.10065900E-03  2.63548000E-04  5.91396000E-04
2002-01-04T17:57:50.934  4.89520000E-04  3.28975000E-04  7.13948000E-04
2002-01-04T17:57:51.934 -8.11747000E-04 -2.84800000E-05 -9.01510000E-04
2002-01-04T17:57:52.934  2.50743000E-04 -2.38524000E-04  6.88955000E-04
2002-01-04T17:57:53.934 -3.61489000E-04 -4.17346000E-04 -4.11130000E-05
2002-01-04T17:57:54.934 -8.35679000E-04  1.09604700E-03  1.10932300E-03
2002-01-04T17:57:55.938 -7.47926000E-04  7.25016000E-04 -1.51143000E-04
2002-01-04T17:57:56.934  1.75900000E-05 -4.00750000E-05 -6.78998000E-04
2002-01-04T17:57:57.934  6.66212000E-04 -6.72009000E-04  3.21866000E-04
2002-01-04T17:57:58.934 -2.67105000E-04 -2.80126000E-04  5.94570000E-04
2002-01-04T17:57:59.938 -5.39585000E-04  1.03203400E-03  1.14894600E-03
2002-01-04T17:58:00.938 -9.40990000E-04  7.52934000E-04 -2.11133000E-04
2002-01-04T17:58:01.938 -1.80686000E-04  4.81137000E-04  7.92877000E-04
2002-01-04T17:58:02.934 -1.75840000E-05 -9.71250000E-04 -7.33830000E-05
2002-01-04T17:58:03.934  4.08575000E-04  2.51251000E-04 -1.90926000E-04
2002-01-04T17:58:04.934 -1.81697000E-04  3.22510000E-04 -9.08450000E-04
2002-01-04T17:58:05.938 -7.80360000E-05  8.35458000E-04  1.05432300E-03
2002-01-04T17:58:06.934 -5.74608000E-04  1.89290000E-05  1.38745900E-03
2002-01-04T17:58:07.934  1.20351900E-03 -4.40920000E-04  6.58804000E-04
2002-01-04T17:58:08.934 -4.61191000E-04 -1.19470600E-03  3.63172000E-04
2002-01-04T17:58:09.934  6.76736000E-04  5.52303000E-04 -9.31410000E-05
2002-01-04T17:58:10.934 -1.22661300E-03 -2.09591000E-04  4.90718000E-04
2002-01-04T17:58:11.938  2.08486000E-04  8.66160000E-04  3.02981000E-04
2002-01-04T17:58:12.934 -5.53535000E-04 -7.07921000E-04 -4.92548000E-04
2002-01-04T17:58:13.934  1.26935100E-03 -2.04680000E-05  3.72969000E-04
2002-01-04T17:58:14.934 -2.06941000E-04 -4.19539000E-04 -3.02749000E-04
2002-01-04T17:58:15.938  3.52557000E-04  7.67772000E-04  2.05709000E-04
2002-01-04T17:58:16.938 -1.77084200E-03 -6.35997000E-04  8.39030000E-05
2002-01-04T17:58:17.938  3.65069000E-04  6.41639000E-04 -5.25607000E-04
2002-01-04T17:58:18.934 -4.06262000E-04 -9.22858000E-04  1.03928200E-03
2002-01-04T17:58:19.934  1.18504800E-03  2.76383000E-04 -5.94288000E-04
2002-01-04T17:58:20.934 -1.09952900E-03 -1.16141000E-03  5.84601000E-04
2002-01-04T17:58:21.938  5.25066000E-04  9.21208000E-04 -4.44312000E-04
2002-01-04T17:58:22.934 -1.66346400E-03 -2.61291000E-04  8.59067000E-04
2002-01-04T17:58:23.934  4.46283000E-04  1.00514300E-03 -1.34414100E-03
2002-01-04T17:58:24.934 -1.69459000E-04 -1.34804600E-03  6.49850000E-05
2002-01-04T17:58:25.934  1.09965300E-03  3.55041000E-04  3.75538000E-04
2002-01-04T17:58:26.934 -4.28933000E-04 -1.52080000E-05 -1.72330000E-05
2002-01-04T17:58:27.938  1.11779000E-04  1.41891300E-03 -3.98608000E-04
2002-01-04T17:58:28.930 -6.40685000E-04 -3.25815000E-04 -4.25610000E-05
2002-01-04T17:58:29.934  7.60192000E-04  6.35359000E-04  7.72118000E-04
2002-01-04T17:58:30.934 -9.55695000E-04 -1.75197600E-03 -3.13583000E-04
2002-01-04T17:58:31.938  1.16131700E-03  3.83893000E-04 -6.66903000E-04
2002-01-04T17:58:32.938 -9.97204000E-04 -7.16496000E-04 -2.32282000E-04
2002-01-04T17:58:33.938  6.18705000E-04  8.59022000E-04 -5.27620000E-04
2002-01-04T17:58:34.934 -5.71121000E-04 -6.35628000E-04  8.46396000E-04
2002-01-04T17:58:35.934  7.58127000E-04  7.46461000E-04 -8.81503000E-04
2002-01-04T17:58:36.934 -5.64956000E-04 -1.23366000E-03  1.59972000E-04
2002-01-04T17:58:37.942  6.73479000E-04  1.04117800E-03 -1.38166500E-03
2002-01-04T17:58:38.934 -8.56221000E-04  2.61429000E-04  8.36210000E-05
2002-01-04T17:58:39.934  4.96882000E-04  5.08996000E-04 -3.40834000E-04
2002-01-04T17:58:40.934 -9.95872000E-04 -1.06021200E-03 -3.76517000E-04
2002-01-04T17:58:41.934  1.11610200E-03  2.19452000E-04 -2.50077000E-04
2002-01-04T17:58:42.934 -9.12631000E-04 -6.84086000E-04 -2.29820000E-05
2002-01-04T17:58:43.938  3.14203000E-04  9.86555000E-04 -2.90165000E-04
2002-01-04T17:58:44.930 -2.01840000E-04  1.80119000E-04 -6.75639000E-04
2002-01-04T17:58:45.934  6.82804000E-04  9.97594000E-04  3.00600000E-05
2002-01-04T17:58:46.934 -7.30088000E-04 -8.05047000E-04 -3.06026000E-04
2002-01-04T17:58:47.938  1.36720500E-03  3.79553000E-04  8.68470000E-05
2002-01-04T17:58:48.934 -7.83421000E-04 -6.79065000E-04  8.67108000E-04
2002-01-04T17:58:49.938  4.27522000E-04  1.50992300E-03 -5.77198000E-04
2002-01-04T17:58:50.934 -1.13940100E-03  4.61669000E-04  2.68020000E-04
2002-01-04T17:58:51.934  1.72499000E-04  1.29763700E-03 -5.54208000E-04
2002-01-04T17:58:52.934 -7.79736000E-04 -1.24501100E-03  2.88810000E-04
2002-01-04T17:58:53.938  1.32970100E-03  3.75790000E-04 -1.04504300E-03
2002-01-04T17:58:54.934 -9.77915000E-04 -7.65002000E-04  4.62795000E-04
2002-01-04T17:58:55.934  5.86664000E-04  1.51012000E-03  3.48862000E-04
2002-01-04T17:58:56.934 -1.09112400E-03 -4.31787000E-04  8.95897000E-04
2002-01-04T17:58:57.934  1.11327300E-03  4.08022000E-04 -5.29936000E-04
2002-01-04T17:58:58.934 -2.46516000E-04 -1.17458700E-03  3.35282000E-04
2002-01-04T17:58:59.938  9.96948000E-04  5.83040000E-05  2.67369000E-04
2002-01-04T17:59:00.934 -1.42903900E-03 -1.09002200E-03 -5.91998000E-04
2002-01-04T17:59:01.934  1.26477000E-04  8.72204000E-04  1.06478100E-03
2002-01-04T17:59:02.934 -7.40836000E-04  7.19668000E-04 -7.88725000E-04
2002-01-04T17:59:03.938  1.91846000E-04  5.94894000E-04  3.86300000E-04
2002-01-04T17:59:04.934  3.09343000E-04  5.64991000E-04 -1.01495000E-04
2002-01-04T17:59:05.938  6.64122000E-04 -6.07601000E-04 -6.10100000E-05
2002-01-04T17:59:06.934  5.57753000E-04 -2.04950000E-04  1.01540000E-04
2002-01-04T17:59:07.934  1.37720000E-05  1.08331000E-04 -2.34839000E-04
2002-01-04T17:59:08.934 -7.42278000E-04  7.78005000E-04  2.19273000E-04
2002-01-04T17:59:09.942 -7.20270000E-05  2.07710000E-04  1.21994600E-03
2002-01-04T17:59:10.934  2.72160000E-04  3.22665000E-04 -9.45400000E-05
2002-01-04T17:59:11.934  6.07526000E-04 -6.04083000E-04  6.08671000E-04
2002-01-04T17:59:12.934  3.98155000E-04 -3.21100000E-05 -3.32060000E-05
2002-01-04T17:59:13.934 -2.93701000E-04  2.20110000E-04 -2.27649000E-04
2002-01-04T17:59:14.934  9.76860000E-05  1.14551500E-03  1.39297000E-04
2002-01-04T17:59:15.938 -2.54471000E-04 -8.67100000E-06  1.92531000E-04
2002-01-04T17:59:16.934  7.47033000E-04  1.58157000E-04 -1.03044100E-03
2002-01-04T17:59:17.934 -1.85342000E-04 -4.60380000E-04 -3.42351000E-04
2002-01-04T17:59:18.934  8.02419000E-04  2.59009000E-04 -6.57900000E-04
2002-01-04T17:59:19.938 -4.64872000E-04  2.07360000E-05 -7.01606000E-04
2002-01-04T17:59:20.938 -7.18322000E-04  9.47027000E-04  3.19890000E-04
2002-01-04T17:59:21.938 -5.90631000E-04  3.58291000E-04 -6.74719000E-04
2002-01-04T17:59:22.934  6.62070000E-04  4.44087000E-04  4.87520000E-04
2002-01-04T17:59:23.934 -5.75580000E-05 -6.80302000E-04  1.79443000E-04
2002-01-04T17:59:24.934  9.51201000E-04  2.70146000E-04 -3.41076000E-04
2002-01-04T17:59:25.942 -7.04995000E-04 -2.89529000E-04 -1.89344000E-04
2002-01-04T17:59:26.934  3.03458000E-04  1.25427100E-03 -6.09352000E-04
2002-01-04T17:59:27.934 -9.68363000E-04 -1.70840000E-05  4.01819000E-04
2002-01-04T17:59:28.934  1.22705400E-03  8.61444000E-04 -7.18009000E-04
2002-01-04T17:59:29.934 -7.48263000E-04 -4.97559000E-04  6.77099000E-04
2002-01-04T17:59:30.934  1.82960700E-03  2.94637000E-04  2.56935000E-04
2002-01-04T17:59:31.938  1.95750000E-05 -6.33773000E-04 -1.00726200E-03
2002-01-04T17:59:32.934  9.62559000E-04  1.00118000E-03  1.80700000E-05
2002-01-04T17:59:33.934 -1.39515300E-03 -3.93706000E-04 -4.33163000E-04
2002-01-04T17:59:34.934 -9.40220000E-05  1.88546300E-03  6.20167000E-04
2002-01-04T17:59:35.938 -1.61448000E-04 -6.75307000E-04 -5.52042000E-04
2002-01-04T17:59:36.938  6.16875000E-04  7.85972000E-04  4.75087000E-04
2002-01-04T17:59:37.938 -6.60992000E-04 -2.32728000E-04  6.07556000E-04
2002-01-04T17:59:38.934  7.77327000E-04 -2.24990000E-04  1.53480900E-03
2002-01-04T17:59:39.934 -2.55837000E-04 -4.43495000E-04  5.97711000E-04
2002-01-04T17:59:40.934  3.03293000E-04  4.76316000E-04 -7.36905000E-04
2002-01-04T17:59:41.942 -3.79625000E-04  6.39986000E-04  6.10140000E-04
2002-01-04T17:59:42.934 -7.57035000E-04  9.59874000E-04 -3.72870000E-04
2002-01-04T17:59:43.934  3.57797000E-04  8.06852000E-04  8.04210000E-04
2002-01-04T17:59:44.934 -6.60540000E-04  8.03599000E-04 -5.37124000E-04
2002-01-04T17:59:45.934  8.70635000E-04  2.77150000E-04  7.75442000E-04
2002-01-04T17:59:46.934  1.42709000E-04 -6.57423000E-04  7.37000000E-06
2002-01-04T17:59:47.938  1.52929000E-03  7.33002000E-04 -6.62185000E-04
2002-01-04T17:59:48.930 -8.81125000E-04 -9.99438000E-04  9.04554000E-04
2002-01-04T17:59:49.934  5.36890000E-04  1.10224700E-03 -3.86441000E-04
2002-01-04T17:59:50.934 -1.37333100E-03  3.56527000E-04  8.96727000E-04
2002-01-04T17:59:51.938  3.97445000E-04  7.47379000E-04 -7.22544000E-04
2002-01-04T17:59:52.938 -5.84010000E-05  1.14597200E-03 -2.94250000E-05
2002-01-04T17:59:53.938 -1.51842000E-04  2.42222000E-04  9.04783000E-04
2002-01-04T17:59:54.934  3.36191000E-04  1.13974800E-03 -3.63464000E-04
2002-01-04T17:59:55.934  1.05500000E-06 -1.27243400E-03  3.06425000E-04
2002-01-04T17:59:56.934  8.86012000E-04  1.10252300E-03 -7.67028000E-04
2002-01-04T17:59:57.942 -3.93960000E-04 -1.07873300E-03  2.00366000E-04
2002-01-04T17:59:58.930  6.49383000E-04  8.03545000E-04 -1.05100400E-03
2002-01-04T17:59:59.934 -6.46524000E-04 -1.50931000E-04 -3.86288000E-04
2002-01-04T18:00:00.934 -2.99505000E-04  9.44385000E-04 -2.88683000E-04
2002-01-04T18:00:01.934 -4.16774000E-04  1.05170900E-03  7.55133000E-04
2002-01-04T18:00:02.934 -9.75682000E-04  7.50285000E-04 -1.34676000E-04
2002-01-04T18:00:03.938  1.80731000E-04  1.52342600E-03 -7.32523000E-04
2002-01-04T18:00:04.930 -1.02109400E-03 -1.30116000E-04  6.01968000E-04
2002-01-04T18:00:05.934 -6.06060000E-05  1.60025100E-03  8.59710000E-05
2002-01-04T18:00:06.934  9.77700000E-06  2.13711000E-04  3.20180000E-05
2002-01-04T18:00:07.938  1.80536000E-04 -2.04100000E-05 -5.82783000E-04
2002-01-04T18:00:08.934  1.19693400E-03  9.05640000E-04  5.83091000E-04
2002-01-04T18:00:09.938 -3.63393000E-04 -1.05233400E-03 -5.32505000E-04
2002-01-04T18:00:10.934  8.35838000E-04  5.57960000E-04  5.31599000E-04
2002-01-04T18:00:11.934 -5.46283000E-04 -7.33620000E-05 -1.31396000E-04
2002-01-04T18:00:12.934 -9.28860000E-05  8.51564000E-04 -6.78105000E-04
2002-01-04T18:00:13.942 -3.72819000E-04  5.14066000E-04 -3.03470000E-05
2002-01-04T18:00:14.934 -1.00838400E-03  3.73864000E-04 -6.11889000E-04
2002-01-04T18:00:15.938  7.46802000E-04  1.96198700E-03  4.64172000E-04
2002-01-04T18:00:16.934 -7.14384000E-04  1.33967800E-03  4.23737000E-04
2002-01-04T18:00:17.934 -3.60186000E-04  8.73843000E-04 -9.78702000E-04
2002-01-04T18:00:18.934 -2.50219000E-04  1.71275000E-03  3.93477000E-04
2002-01-04T18:00:19.938 -1.10797800E-03  3.69921000E-04 -3.85718000E-04
2002-01-04T18:00:20.934 -1.40191000E-04  1.47871000E-03 -1.69293000E-04
2002-01-04T18:00:21.934 -6.57631000E-04  1.08387400E-03 -8.14810000E-05
2002-01-04T18:00:22.934 -2.91846000E-04  3.30972000E-04  5.74410000E-04
2002-01-04T18:00:23.938  1.20917700E-03  1.51788100E-03 -5.07255000E-04
2002-01-04T18:00:24.934 -1.27619800E-03 -3.26007000E-04 -6.75113000E-04
2002-01-04T18:00:25.938  1.61865000E-04  1.08988600E-03  8.06662000E-04
2002-01-04T18:00:26.934 -3.84574000E-04  1.15241700E-03 -7.33927000E-04
2002-01-04T18:00:27.934 -1.08751800E-03  1.33576000E-04 -1.93553000E-04
2002-01-04T18:00:28.934  7.62581000E-04  1.26947200E-03 -4.92435000E-04
2002-01-04T18:00:29.942 -7.67782000E-04  4.62203000E-04 -2.22615000E-04
2002-01-04T18:00:30.934  1.16811000E-04 -1.26510000E-05  4.87032000E-04
2002-01-04T18:00:31.934  5.86796000E-04  1.44950600E-03  3.10454000E-04
2002-01-04T18:00:32.934 -1.14737300E-03 -7.24160000E-05 -5.97231000E-04
2002-01-04T18:00:33.934 -8.29626000E-04  1.14082900E-03  2.08803000E-04
2002-01-04T18:00:34.934  1.02318900E-03  1.91734000E-03  6.02592000E-04
2002-01-04T18:00:35.938 -8.40572000E-04  9.92073000E-04 -1.07903800E-03
2002-01-04T18:00:36.930 -9.43670000E-04  8.08633000E-04  3.05247000E-04
2002-01-04T18:00:37.934  4.96141000E-04  1.97412800E-03  7.41797000E-04
2002-01-04T18:00:38.934 -5.32410000E-04  1.45237300E-03  4.00737000E-04
2002-01-04T18:00:39.938 -1.43245000E-03  8.31471000E-04  7.65504000E-04
2002-01-04T18:00:40.938  1.36998000E-04  1.97653700E-03 -6.93679000E-04
2002-01-04T18:00:41.938 -2.09910000E-05  1.83803400E-03  8.25499000E-04
2002-01-04T18:00:42.934 -1.07917100E-03  6.30313000E-04 -2.69616000E-04
2002-01-04T18:00:43.934  2.59000000E-05  1.57422800E-03  4.14807000E-04
2002-01-04T18:00:44.934 -3.89821000E-04  1.25030000E-03  7.88320000E-05
2002-01-04T18:00:45.942 -5.69942000E-04 -7.16430000E-05  8.58100000E-05
2002-01-04T18:00:46.934  4.90415000E-04  1.13566300E-03  1.08564700E-03
2002-01-04T18:00:47.934  9.38198000E-04  6.63056000E-04 -3.83848000E-04
2002-01-04T18:00:48.934 -1.13336700E-03 -5.44800000E-05  5.30740000E-05
2002-01-04T18:00:49.934 -3.32336000E-04  8.58403000E-04 -1.41953000E-04
2002-01-04T18:00:50.934  7.58363000E-04  1.60920500E-03 -8.24540000E-05
2002-01-04T18:00:51.938  5.52790000E-05  1.08440500E-03 -3.27475000E-04
2002-01-04T18:00:52.934 -1.12348800E-03  4.65621000E-04  4.66270000E-05
2002-01-04T18:00:53.934 -1.75951000E-04  1.67231300E-03 -2.67447000E-04
2002-01-04T18:00:54.934  1.11556000E-04  2.63262600E-03 -8.52310000E-05
2002-01-04T18:00:55.938 -3.61183000E-04  7.39104000E-04  9.16970000E-05
2002-01-04T18:00:56.934 -6.69848000E-04  3.36775000E-04 -5.60037000E-04
2002-01-04T18:00:57.938  7.03733000E-04  1.15868100E-03  6.90415000E-04
2002-01-04T18:00:58.934  7.18940000E-04  4.38780000E-04 -9.21112000E-04
2002-01-04T18:00:59.934 -1.77076000E-04  3.86640000E-04  5.50072000E-04
2002-01-04T18:01:00.934 -2.90098000E-04  6.64094000E-04  2.14451000E-04
2002-01-04T18:01:01.942  8.23235000E-04  1.77325600E-03 -8.96377000E-04
2002-01-04T18:01:02.934  3.05750000E-04  1.95558800E-03  7.62980000E-04
2002-01-04T18:01:03.934 -9.92892000E-04  1.33486800E-03 -1.09302300E-03
2002-01-04T18:01:04.934 -1.02546400E-03  3.11812000E-04  1.87840000E-04
2002-01-04T18:01:05.934  4.83150000E-05  9.56569000E-04 -1.32500000E-06
2002-01-04T18:01:06.934  9.10360000E-04  1.27003200E-03 -4.34800000E-05
2002-01-04T18:01:07.938  8.47802000E-04  2.24314500E-03  8.31442000E-04
2002-01-04T18:01:08.930 -7.32034000E-04  1.54621500E-03 -4.14410000E-05
2002-01-04T18:01:09.934 -1.32184400E-03  1.06980900E-03 -5.21100000E-05
2002-01-04T18:01:10.934 -4.78392000E-04  8.20067000E-04  2.31650000E-04
2002-01-04T18:01:11.938  1.02765500E-03  1.05355700E-03 -3.49184000E-04
2002-01-04T18:01:12.938  1.14272900E-03  1.71854100E-03 -1.80747000E-04
2002-01-04T18:01:13.938  3.65180000E-05  1.25280700E-03 -3.12726000E-04
2002-01-04T18:01:14.934 -1.02486900E-03  1.28695200E-03  8.13921000E-04
2002-01-04T18:01:15.934 -1.00296200E-03  3.61678000E-04 -1.69983000E-04
2002-01-04T18:01:16.934 -4.11293000E-04  9.37502000E-04  1.07381900E-03
2002-01-04T18:01:17.942  4.38165000E-04  1.55728400E-03 -1.15100000E-05
2002-01-04T18:01:18.934  2.56546000E-04  2.97577500E-03 -1.27674200E-03
2002-01-04T18:01:19.934  3.33411000E-04  1.68642700E-03  8.85816000E-04
2002-01-04T18:01:20.934  6.14510000E-05  6.95765000E-04 -2.88714000E-04
2002-01-04T18:01:21.934 -5.52576000E-04  1.23573500E-03  5.37222000E-04
2002-01-04T18:01:22.934 -1.44550300E-03  1.12829000E-03 -4.92245000E-04
2002-01-04T18:01:23.938 -1.07885900E-03  1.56831400E-03  2.04024000E-04
2002-01-04T18:01:24.930  1.33762000E-04  1.34356000E-03  8.92565000E-04
2002-01-04T18:01:25.934  2.91583000E-04  1.78222100E-03 -1.34935000E-04
2002-01-04T18:01:26.934  4.19080000E-05  2.59455000E-03  1.27038000E-04
2002-01-04T18:01:27.938  9.52309000E-04  1.93476700E-03 -8.97024000E-04
2002-01-04T18:01:28.934  8.69454000E-04  1.70463200E-03  5.26310000E-04
2002-01-04T18:01:29.938 -4.41376000E-04  2.27374200E-03 -2.43903000E-04
2002-01-04T18:01:30.934 -3.01285000E-04  1.84066700E-03  5.66126000E-04
2002-01-04T18:01:31.934 -4.34981000E-04  5.42929000E-04 -1.40067200E-03
2002-01-04T18:01:32.934 -4.19802000E-04  4.73321000E-04  1.54201000E-04
2002-01-04T18:01:33.942 -1.47677400E-03  1.62206600E-03  5.10407000E-04
2002-01-04T18:01:34.934 -4.38126000E-04  1.19972700E-03 -1.57386500E-03
2002-01-04T18:01:35.938 -1.23231000E-04  1.73589700E-03  2.62363000E-04
2002-01-04T18:01:36.934 -6.84861000E-04  2.25554500E-03  6.20756000E-04
2002-01-04T18:01:37.934  1.88558000E-04  1.30339300E-03  1.74914000E-04
2002-01-04T18:01:38.934 -1.33614300E-03  2.67731500E-03 -4.54276000E-04
2002-01-04T18:01:39.938 -5.33958000E-04  1.77796700E-03  1.22140000E-05
2002-01-04T18:01:40.934 -1.07600400E-03  2.24010200E-03  3.90767000E-04
2002-01-04T18:01:41.934 -1.07407700E-03  1.52704600E-03  5.16217000E-04
2002-01-04T18:01:42.934 -1.38438600E-03  1.53346500E-03  2.41150000E-04
2002-01-04T18:01:43.938 -3.55456000E-04  1.97640800E-03 -2.71554000E-04
2002-01-04T18:01:44.934 -3.32565000E-04  3.76536400E-03 -6.40920000E-05
2002-01-04T18:01:45.938  8.00118000E-04  3.27852000E-03  9.28190000E-05
2002-01-04T18:01:46.934  3.13230000E-04  3.73892000E-03 -7.26850000E-05
2002-01-04T18:01:47.934  1.09010000E-05  2.90420200E-03  9.16596000E-04
2002-01-04T18:01:48.934 -4.95937000E-04  2.48158900E-03 -6.36690000E-04
2002-01-04T18:01:49.942  2.68151000E-04  4.27537100E-03  6.36648000E-04
2002-01-04T18:01:50.934  6.72316000E-04  4.69114300E-03 -8.51100000E-05
2002-01-04T18:01:51.934 -2.14392000E-04  3.58631200E-03  3.27411000E-04
2002-01-04T18:01:52.934 -5.93071000E-04  2.39832800E-03  5.97915000E-04
2002-01-04T18:01:53.934  4.54665000E-04  3.86531200E-03 -1.40419000E-04
2002-01-04T18:01:54.934  3.20930000E-04  4.14356100E-03  2.73236000E-04
2002-01-04T18:01:55.938 -1.21691000E-04  2.73138000E-03  9.91250000E-05
2002-01-04T18:01:56.934 -1.13352100E-03  1.81935300E-03  5.20476000E-04
2002-01-04T18:01:57.934  3.67016000E-04  3.65538500E-03 -1.47775400E-03
2002-01-04T18:01:58.934  2.69935000E-04  4.12568500E-03  6.60381000E-04
2002-01-04T18:01:59.938 -9.03906000E-04  2.67342600E-03 -5.40348000E-04
2002-01-04T18:02:00.938 -2.38307000E-04  2.59288600E-03 -6.69780000E-05
2002-01-04T18:02:01.938  1.08837000E-03  3.73506000E-03 -3.02318000E-04
2002-01-04T18:02:02.934 -5.85946000E-04  3.86811100E-03  1.30493700E-03
2002-01-04T18:02:03.934 -1.02372300E-03  3.65114300E-03  6.16050000E-04
2002-01-04T18:02:04.934  1.56576000E-04  4.40378900E-03  2.71340000E-05
2002-01-04T18:02:05.942 -1.45531000E-04  3.64009800E-03  1.80553200E-03
2002-01-04T18:02:06.934 -3.27086000E-04  4.01592100E-03 -2.33275000E-04
2002-01-04T18:02:07.934 -5.65248000E-04  4.63087400E-03  2.44631000E-04
2002-01-04T18:02:08.934  1.57921000E-04  5.84446500E-03  4.17460000E-05
2002-01-04T18:02:09.934 -8.37396000E-04  4.56374000E-03  6.49441000E-04
2002-01-04T18:02:10.934  6.25722000E-04  5.42549800E-03 -1.99587000E-04
2002-01-04T18:02:11.938 -1.45550500E-03  3.80231200E-03  8.33230000E-05
2002-01-04T18:02:12.934 -1.09416000E-04  5.45952700E-03 -4.53360000E-05
2002-01-04T18:02:13.934 -9.79130000E-04  4.56280400E-03 -2.85047000E-04
2002-01-04T18:02:14.934 -9.06006000E-04  4.83140600E-03  8.11990000E-04
2002-01-04T18:02:15.938  9.71488000E-04  5.70481400E-03 -9.23072000E-04
2002-01-04T18:02:16.934 -7.97575000E-04  3.31098500E-03  4.67517000E-04
2002-01-04T18:02:17.938  3.81030000E-05  6.03684000E-03  2.91930000E-04
2002-01-04T18:02:18.934 -4.34820000E-05  6.33270100E-03 -4.37435000E-04
2002-01-04T18:02:19.934 -1.31907800E-03  4.29501200E-03  2.31045000E-04
2002-01-04T18:02:20.934  8.07138000E-04  4.98617600E-03  6.92366000E-04
2002-01-04T18:02:21.942 -7.46172000E-04  5.34588300E-03 -1.09701800E-03
2002-01-04T18:02:22.934 -1.25577200E-03  5.25653500E-03  4.16153000E-04
2002-01-04T18:02:23.934  9.98160000E-04  5.79836500E-03  5.33410000E-04
2002-01-04T18:02:24.934  3.85443000E-04  4.92219900E-03  7.79060000E-05
2002-01-04T18:02:25.934 -5.48821000E-04  4.92178300E-03  1.77573000E-04
2002-01-04T18:02:26.934 -2.39686000E-04  6.24864900E-03 -5.87442000E-04
2002-01-04T18:02:27.938  1.21294900E-03  6.31641800E-03  1.07241900E-03
2002-01-04T18:02:28.930 -2.03011000E-04  5.91769000E-03  4.71260000E-05
2002-01-04T18:02:29.934 -1.16166000E-03  5.02986600E-03 -1.68764000E-04
2002-01-04T18:02:30.934 -1.25881500E-03  4.92227300E-03  1.79970000E-05
2002-01-04T18:02:31.938 -6.13298000E-04  5.16668200E-03 -1.09509000E-04
2002-01-04T18:02:32.938 -6.03676000E-04  5.84730000E-03  4.90910000E-04
2002-01-04T18:02:33.938 -2.94930000E-05  6.21530400E-03  6.10600000E-06
2002-01-04T18:02:34.934  7.61139000E-04  6.01471300E-03  8.08275000E-04
2002-01-04T18:02:35.934  7.01909000E-04  6.95023900E-03 -9.42580000E-05
2002-01-04T18:02:36.934  1.11271000E-03  7.39250600E-03  2.41864000E-04
2002-01-04T18:02:37.942  1.11736900E-03  6.79413200E-03  4.91523000E-04
2002-01-04T18:02:38.930  6.81632000E-04  7.59282100E-03  1.99213000E-04
2002-01-04T18:02:39.934  1.14543400E-03  6.73540000E-03  1.36458400E-03
2002-01-04T18:02:40.934 -1.80990000E-04  6.12431800E-03 -4.60604000E-04
2002-01-04T18:02:41.934  5.78194000E-04  7.12921100E-03  1.70983000E-04
2002-01-04T18:02:42.934 -9.52582000E-04  6.34428700E-03 -7.10685000E-04
2002-01-04T18:02:43.938 -3.13310000E-05  5.83223300E-03 -9.45800000E-06
2002-01-04T18:02:44.930  1.53655000E-04  7.00913900E-03 -6.84400000E-06
2002-01-04T18:02:45.934  3.80390000E-05  6.97813800E-03 -2.62746000E-04
2002-01-04T18:02:46.934  4.95124000E-04  6.36729400E-03  1.95210000E-04
2002-01-04T18:02:47.938 -6.23272000E-04  6.64675100E-03 -1.11146800E-03
2002-01-04T18:02:48.934  7.62712000E-04  6.16614100E-03  9.51185000E-04
2002-01-04T18:02:49.938 -1.51651500E-03  5.67903900E-03  6.39012000E-04
2002-01-04T18:02:50.934 -9.96573000E-04  4.43704500E-03 -1.86039000E-04
2002-01-04T18:02:51.934 -8.84073000E-04  5.67808500E-03  5.44711000E-04
2002-01-04T18:02:52.934 -5.56685000E-04  5.47437000E-03 -4.42923000E-04
2002-01-04T18:02:53.942 -1.41505000E-03  6.16657100E-03  3.11413000E-04
2002-01-04T18:02:54.930 -8.47765000E-04  5.49734600E-03 -3.79190000E-05
2002-01-04T18:02:55.934 -7.23806000E-04  4.73781400E-03  3.20991000E-04
2002-01-04T18:02:56.934 -1.55572200E-03  6.20846200E-03  6.28010000E-04
2002-01-04T18:02:57.934 -6.82810000E-04  5.10329400E-03 -8.44910000E-04
2002-01-04T18:02:58.934 -1.05548200E-03  6.15691700E-03  5.43386000E-04
2002-01-04T18:02:59.938 -2.42203000E-04  7.62783400E-03 -1.18027400E-03
2002-01-04T18:03:00.934  8.23221000E-04  8.77026600E-03  7.96684000E-04
2002-01-04T18:03:01.934  9.14424000E-04  7.82576500E-03  3.44949000E-04
2002-01-04T18:03:02.934  6.90320000E-04  7.39591100E-03  9.43431000E-04
2002-01-04T18:03:03.938 -7.43819000E-04  7.01226400E-03  1.52629000E-04
2002-01-04T18:03:04.934 -1.20541700E-03  6.65105300E-03 -5.03080000E-04
2002-01-04T18:03:05.938  6.37806000E-04  8.61104400E-03  5.52274000E-04
2002-01-04T18:03:06.934  1.58738000E-04  8.68445700E-03 -6.19495000E-04
2002-01-04T18:03:07.934 -9.15436000E-04  8.11867100E-03  7.07404000E-04
2002-01-04T18:03:08.934 -1.90978900E-03  7.38488100E-03  2.22097000E-04
2002-01-04T18:03:09.942  4.53787000E-04  7.96743200E-03 -1.17462400E-03
2002-01-04T18:03:10.934  1.22832100E-03  7.74980000E-03  7.53168000E-04
2002-01-04T18:03:11.934  9.57736000E-04  7.81857700E-03  4.54623000E-04
2002-01-04T18:03:12.934 -1.16383000E-04  8.00435400E-03  1.24502700E-03
2002-01-04T18:03:13.934  2.83930000E-05  7.60029300E-03  3.91184000E-04
2002-01-04T18:03:14.934 -7.39481000E-04  6.91909000E-03  1.50317000E-04
2002-01-04T18:03:15.938 -1.18620500E-03  6.40894900E-03  2.56488000E-04
2002-01-04T18:03:16.934 -3.03742000E-04  6.94222300E-03  5.53598000E-04
2002-01-04T18:03:17.934  9.79210000E-04  8.40687000E-03  5.78444000E-04
2002-01-04T18:03:18.934  9.89630000E-05  8.03593500E-03  7.17400000E-06
2002-01-04T18:03:19.938 -1.07743400E-03  6.77223800E-03  1.13298900E-03
2002-01-04T18:03:20.938 -1.48355000E-04  8.08591500E-03 -1.25440000E-05
2002-01-04T18:03:21.938  6.61583000E-04  9.12773200E-03 -3.59795000E-04
2002-01-04T18:03:22.934 -1.80043000E-04  7.80267600E-03  1.24072700E-03
2002-01-04T18:03:23.934 -1.69270800E-03  7.11351700E-03 -3.05948000E-04
2002-01-04T18:03:24.934  5.47150000E-04  9.36760000E-03  9.75205000E-04
2002-01-04T18:03:25.942 -2.35098000E-04  8.35460700E-03 -1.33726000E-04
2002-01-04T18:03:26.934 -1.23885900E-03  7.39237200E-03 -1.06751000E-04
2002-01-04T18:03:27.934  7.83408000E-04  9.63749600E-03 -6.39011000E-04
2002-01-04T18:03:28.934 -4.84682000E-04  7.62723800E-03 -3.53425000E-04
2002-01-04T18:03:29.934  8.48490000E-05  8.04119100E-03  8.72917000E-04
2002-01-04T18:03:30.934  4.15313000E-04  9.27827500E-03 -6.56005000E-04
2002-01-04T18:03:31.938 -6.58381000E-04  7.77858900E-03  2.62135000E-04
2002-01-04T18:03:32.934  7.80733000E-04  8.72133000E-03 -2.06140000E-05
2002-01-04T18:03:33.934  2.32754000E-04  8.45500900E-03  6.74721000E-04
2002-01-04T18:03:34.934 -1.18631000E-03  7.65708600E-03 -1.47250600E-03
2002-01-04T18:03:35.938  5.72842000E-04  9.50083300E-03 -7.84289000E-04
2002-01-04T18:03:36.938 -1.10337400E-03  7.84116400E-03  1.72863000E-03
2002-01-04T18:03:37.938  4.47317000E-04  9.13900000E-03 -1.05103900E-03
2002-01-04T18:03:38.934  7.75890000E-05  8.33256400E-03 -5.47333000E-04
2002-01-04T18:03:39.934  1.63997000E-04  9.21957700E-03  2.25273000E-04
2002-01-04T18:03:40.934 -4.46669000E-04  8.87523100E-03  3.31359000E-04
2002-01-04T18:03:41.942  3.61298000E-04  9.45491300E-03  5.25764000E-04
2002-01-04T18:03:42.934  1.01814000E-04  8.40361000E-03  1.57324000E-04
2002-01-04T18:03:43.938  2.80325000E-04  9.13497100E-03  7.14630000E-04
2002-01-04T18:03:44.934  1.13663000E-04  8.24688500E-03 -5.61246000E-04
2002-01-04T18:03:45.938  1.80840000E-04  8.16897500E-03  9.34365000E-04
2002-01-04T18:03:46.934 -5.01270000E-05  8.78200500E-03  1.93242000E-04
2002-01-04T18:03:47.938 -1.22825800E-03  7.05366100E-03  6.31933000E-04
2002-01-04T18:03:48.934  4.87634000E-04  9.30341900E-03  1.05330000E-05
2002-01-04T18:03:49.934 -1.45407100E-03  8.02451300E-03  7.84360000E-04
2002-01-04T18:03:50.934  7.80162000E-04  9.74350400E-03  3.89242000E-04
2002-01-04T18:03:51.938 -5.35114000E-04  7.81054700E-03  1.60124000E-04
2002-01-04T18:03:52.938  1.28353000E-03  9.18539300E-03  8.33233000E-04
2002-01-04T18:03:53.938 -1.64658600E-03  8.03999000E-03 -7.83321000E-04
2002-01-04T18:03:54.934 -2.38800000E-05  9.91503100E-03  5.76833000E-04
2002-01-04T18:03:55.934 -1.13458400E-03  8.57466600E-03  2.08330000E-04
2002-01-04T18:03:56.934 -2.90804000E-04  8.83411900E-03 -9.32250000E-05
2002-01-04T18:03:57.942  9.19180000E-04  1.04277880E-02  1.03512400E-03
2002-01-04T18:03:58.934 -8.67559000E-04  8.08579600E-03 -3.24961000E-04
2002-01-04T18:03:59.934 -3.80719000E-04  9.67590000E-03  4.19685000E-04
2002-01-04T18:04:00.934  1.04189000E-03  1.02770250E-02  3.94142000E-04
2002-01-04T18:04:01.934 -8.53379000E-04  8.26383300E-03 -5.26858000E-04
2002-01-04T18:04:02.934  4.54137000E-04  9.61954100E-03 -2.70556000E-04
2002-01-04T18:04:03.938 -1.74106300E-03  7.97657400E-03  4.77716000E-04
2002-01-04T18:04:04.934  5.64684000E-04  9.60806800E-03 -1.95118000E-04
2002-01-04T18:04:05.934 -1.43741900E-03  7.66256400E-03  5.22654000E-04
2002-01-04T18:04:06.934 -6.56114000E-04  8.03115300E-03  5.30864000E-04
2002-01-04T18:04:07.938  9.44688000E-04  8.27660200E-03 -8.68865000E-04
2002-01-04T18:04:08.938 -1.24978000E-04  8.07384900E-03  1.41220800E-03
2002-01-04T18:04:09.938 -4.98119000E-04  7.34857300E-03 -5.21741000E-04
2002-01-04T18:04:10.934 -8.43332000E-04  6.53044500E-03 -2.70213000E-04
2002-01-04T18:04:11.934  7.44215000E-04  1.01613090E-02 -1.95923000E-04
2002-01-04T18:04:12.934 -1.32952100E-03  8.71724800E-03  6.43217000E-04
2002-01-04T18:04:13.942 -2.02750000E-04  9.89928500E-03  5.26432000E-04
2002-01-04T18:04:14.934  2.25815000E-04  1.03984210E-02  8.41384000E-04
2002-01-04T18:04:15.938 -1.20641900E-03  9.73942100E-03 -9.89710000E-05
2002-01-04T18:04:16.934 -9.75048000E-04  9.12172200E-03  4.97703000E-04
2002-01-04T18:04:17.934 -7.17203000E-04  1.04645960E-02  8.05843000E-04
2002-01-04T18:04:18.934 -6.56970000E-05  1.12669510E-02  7.70074000E-04
2002-01-04T18:04:19.938  1.19763100E-03  1.10684500E-02 -3.05815000E-04
2002-01-04T18:04:20.934 -1.88756700E-03  9.43990200E-03  2.83724000E-04
2002-01-04T18:04:21.934 -1.13555800E-03  9.20970600E-03  4.20620000E-05
2002-01-04T18:04:22.934 -2.56479000E-04  1.02765460E-02 -2.54179000E-04
2002-01-04T18:04:23.938  9.99774000E-04  1.11889140E-02  3.53341000E-04
2002-01-04T18:04:24.938 -1.93808900E-03  8.30153300E-03  3.17037000E-04
2002-01-04T18:04:25.938 -8.90569000E-04  9.91135400E-03 -1.01223000E-04
2002-01-04T18:04:26.934  9.30285000E-04  1.06314290E-02  7.58485000E-04
2002-01-04T18:04:27.938 -1.59410100E-03  9.39301900E-03 -8.37331000E-04
2002-01-04T18:04:28.934 -5.80589000E-04  9.24316500E-03  3.09081000E-04
2002-01-04T18:04:29.942  5.77434000E-04  1.07423970E-02 -3.82262000E-04
2002-01-04T18:04:30.934 -1.15590000E-04  9.15210200E-03  1.42771000E-04
2002-01-04T18:04:31.934 -1.05788500E-03  9.46142600E-03  1.05243700E-03
2002-01-04T18:04:32.934  5.76098000E-04  1.01556270E-02  3.22438000E-04
2002-01-04T18:04:33.934 -1.28578700E-03  8.75623300E-03 -5.90125000E-04
2002-01-04T18:04:34.934 -4.17366000E-04  9.83917000E-03  9.29090000E-05
2002-01-04T18:04:35.938  9.06070000E-05  9.13326900E-03  1.03182300E-03
2002-01-04T18:04:36.934 -4.01258000E-04  8.92258200E-03  3.86371000E-04
2002-01-04T18:04:37.934  1.11246700E-03  1.02286040E-02  9.91022000E-04
2002-01-04T18:04:38.934  2.78823000E-04  8.06766000E-03 -6.25105000E-04
2002-01-04T18:04:39.938 -1.81573700E-03  7.14652900E-03  2.99580000E-05
2002-01-04T18:04:40.938  3.08468000E-04  9.31985800E-03 -1.01663300E-03
2002-01-04T18:04:41.938  1.97613000E-04  8.20183100E-03  1.37441100E-03
2002-01-04T18:04:42.934  6.15332000E-04  6.45022000E-03 -2.91881000E-04
2002-01-04T18:04:43.934 -4.41312000E-04  7.95647900E-03  3.83806000E-04
2002-01-04T18:04:44.934 -5.98665000E-04  6.61728600E-03  1.04741400E-03
2002-01-04T18:04:45.942 -2.31338000E-04  6.51570600E-03 -6.84391000E-04
2002-01-04T18:04:46.934 -3.74451000E-04  6.33563200E-03  4.26119000E-04
2002-01-04T18:04:47.934 -1.81873000E-04  6.06620800E-03 -8.02283000E-04
2002-01-04T18:04:48.934 -3.50578000E-04  6.80254900E-03 -2.29214000E-04
2002-01-04T18:04:49.934  4.11492000E-04  6.01999400E-03  5.01623000E-04
2002-01-04T18:04:50.934  8.12941000E-04  6.20298500E-03  1.14195400E-03
2002-01-04T18:04:51.938  1.02907600E-03  6.69621300E-03  4.22600000E-06
2002-01-04T18:04:52.934  1.07367800E-03  5.70421100E-03  1.50994000E-04
2002-01-04T18:04:53.934 -9.21725000E-04  4.02485700E-03  3.40191000E-04
2002-01-04T18:04:54.934 -1.25447000E-03  5.44751900E-03 -5.09350000E-05
2002-01-04T18:04:55.938  4.69517000E-04  5.33479900E-03  3.93068000E-04
2002-01-04T18:04:56.938  2.59417000E-04  4.74095300E-03 -9.23292000E-04
2002-01-04T18:04:57.938 -5.21596000E-04  7.09939200E-03  6.11157000E-04
2002-01-04T18:04:58.934 -1.14766700E-03  4.93777400E-03  6.91580000E-05
2002-01-04T18:04:59.934  4.99976000E-04  4.16566400E-03 -1.97066000E-04
2002-01-04T18:05:00.938  5.70664000E-04  6.34946600E-03  5.29099000E-04
2002-01-04T18:05:01.942 -3.73322000E-04  5.83145400E-03 -5.10881000E-04
2002-01-04T18:05:02.934 -1.07854600E-03  4.14329300E-03  7.96926000E-04
2002-01-04T18:05:03.934  5.10727000E-04  5.13475200E-03 -8.93312000E-04
2002-01-04T18:05:04.934  5.82950000E-05  7.38457800E-03  1.02553600E-03
2002-01-04T18:05:05.938  7.33279000E-04  6.20960300E-03  3.42927000E-04
2002-01-04T18:05:06.934  8.55862000E-04  6.98475500E-03  4.36542000E-04
2002-01-04T18:05:07.938 -2.62034000E-04  6.24226900E-03  7.16625000E-04
2002-01-04T18:05:08.930  4.72250000E-05  3.72132300E-03 -7.77772000E-04
2002-01-04T18:05:09.934  4.52938000E-04  6.57530600E-03  7.40201000E-04
2002-01-04T18:05:10.934  3.77947000E-04  6.27252500E-03  4.72352000E-04
2002-01-04T18:05:11.938 -1.10719400E-03  4.44850500E-03 -5.88870000E-05
2002-01-04T18:05:12.938 -8.31088000E-04  6.72785500E-03 -1.34451000E-04
2002-01-04T18:05:13.938 -1.60583100E-03  6.59648700E-03  6.50205000E-04
2002-01-04T18:05:14.934 -1.39799600E-03  6.12062400E-03 -4.85079000E-04
2002-01-04T18:05:15.934 -6.79632000E-04  6.35223600E-03  4.22301000E-04
2002-01-04T18:05:16.934 -2.08960000E-04  7.29045800E-03  7.14070000E-05
2002-01-04T18:05:17.942  8.27784000E-04  7.65457800E-03 -8.51330000E-04
2002-01-04T18:05:18.934  4.98935000E-04  7.72390700E-03  6.72256000E-04
2002-01-04T18:05:19.934  9.26793000E-04  7.24624500E-03  9.06720000E-05
2002-01-04T18:05:20.934  3.96359000E-04  7.28242900E-03  9.10385000E-04
2002-01-04T18:05:21.934 -6.51830000E-05  7.87903100E-03 -6.00852000E-04
2002-01-04T18:05:22.934 -1.35773600E-03  6.99325700E-03  4.78782000E-04
2002-01-04T18:05:23.938 -3.25231000E-04  8.10649700E-03  4.15356000E-04
2002-01-04T18:05:24.934  7.31930000E-04  8.63488500E-03 -2.21284000E-04
2002-01-04T18:05:25.934 -1.22285000E-03  7.84719900E-03  5.15458000E-04
2002-01-04T18:05:26.934  5.17622000E-04  1.00413750E-02 -8.65790000E-05
2002-01-04T18:05:27.938 -5.99548000E-04  8.93737100E-03  2.31629000E-04
2002-01-04T18:05:28.934 -1.27887200E-03  7.35412900E-03 -8.79008000E-04
2002-01-04T18:05:29.938  3.99284000E-04  9.25173700E-03  9.94764000E-04
2002-01-04T18:05:30.934 -2.02952800E-03  8.39458300E-03  1.00297000E-04
2002-01-04T18:05:31.934  5.43820000E-04  9.26724700E-03  1.23199000E-04
2002-01-04T18:05:32.934 -9.04495000E-04  6.77762600E-03 -7.93090000E-05
2002-01-04T18:05:33.942 -1.67250700E-03  6.48772500E-03  7.38669000E-04
2002-01-04T18:05:34.934 -1.39071300E-03  6.54009100E-03  8.77629000E-04
2002-01-04T18:05:35.938 -1.01667000E-04  6.45338900E-03 -2.22567000E-04
2002-01-04T18:05:36.934 -1.37459800E-03  5.54906400E-03  1.00064700E-03
2002-01-04T18:05:37.934 -6.41436000E-04  6.92618600E-03  4.76300000E-06
2002-01-04T18:05:38.934  9.74231000E-04  8.05565500E-03 -2.22625000E-04
2002-01-04T18:05:39.938  3.20024000E-04  7.76981700E-03  5.36450000E-05
2002-01-04T18:05:40.934 -6.26461000E-04  6.47268600E-03  1.00291000E-03
2002-01-04T18:05:41.934 -1.36682800E-03  7.01735100E-03  2.42720000E-04
2002-01-04T18:05:42.934  7.67496000E-04  8.74524000E-03  3.50733000E-04
2002-01-04T18:05:43.938 -7.92191000E-04  7.95432600E-03  2.69747000E-04
2002-01-04T18:05:44.938 -5.88884000E-04  7.26191000E-03 -9.72151000E-04
2002-01-04T18:05:45.938  4.58882000E-04  9.30823100E-03  6.10001000E-04
2002-01-04T18:05:46.934 -6.30150000E-04  7.93008500E-03 -2.34335000E-04
2002-01-04T18:05:47.934 -1.62019100E-03  6.64270800E-03  8.52454000E-04
2002-01-04T18:05:48.934  1.32633700E-03  8.24296500E-03  2.26992000E-04
2002-01-04T18:05:49.942  9.74549000E-04  7.60188400E-03  6.68938000E-04
2002-01-04T18:05:50.934 -9.29720000E-05  7.90621500E-03  5.15475000E-04
2002-01-04T18:05:51.934 -2.82617000E-04  6.89768100E-03  7.13650000E-04
2002-01-04T18:05:52.934 -1.00692600E-03  5.97811700E-03  8.90475000E-04
2002-01-04T18:05:53.934 -1.00377200E-03  5.96778400E-03 -8.89090000E-04
2002-01-04T18:05:54.934 -5.04744000E-04  6.90985300E-03  7.71328000E-04
2002-01-04T18:05:55.938 -8.81516000E-04  5.32143600E-03  5.81562000E-04
2002-01-04T18:05:56.934 -1.17796700E-03  6.06404300E-03 -6.75971000E-04
2002-01-04T18:05:57.934 -3.32293000E-04  6.11914500E-03  9.85483000E-04
2002-01-04T18:05:58.934 -8.18635000E-04  5.94011200E-03 -7.82957000E-04
2002-01-04T18:05:59.938  3.61000000E-05  6.62484300E-03  7.38030000E-04
2002-01-04T18:06:00.938  5.48736000E-04  7.01607700E-03 -2.38669000E-04
2002-01-04T18:06:01.938  6.79403000E-04  7.16231000E-03  7.60813000E-04
2002-01-04T18:06:02.934  8.18177000E-04  7.96246000E-03 -3.99491000E-04
2002-01-04T18:06:03.934  8.40826000E-04  7.36373400E-03  3.40447000E-04
2002-01-04T18:06:04.934 -6.24563000E-04  7.86182100E-03  4.47219000E-04
2002-01-04T18:06:05.942 -1.88142000E-04  6.30848100E-03  1.06641500E-03
2002-01-04T18:06:06.934 -1.40876000E-04  5.83556300E-03 -4.32138000E-04
2002-01-04T18:06:07.934 -5.39969000E-04  6.56921900E-03  4.98539000E-04
2002-01-04T18:06:08.934 -5.87409000E-04  6.53826800E-03  4.74936000E-04
2002-01-04T18:06:09.934  9.67950000E-05  6.71934600E-03 -1.00710800E-03
2002-01-04T18:06:10.934  9.37296000E-04  6.23889400E-03  1.60440000E-03
2002-01-04T18:06:11.938  2.04656000E-04  7.02312000E-03 -5.08060000E-04
2002-01-04T18:06:12.934 -3.26073000E-04  4.95896000E-03  5.11530000E-04
2002-01-04T18:06:13.934  4.95796000E-04  4.64499100E-03  1.92778000E-04
2002-01-04T18:06:14.934 -1.22239000E-04  3.28751300E-03 -1.20932000E-04
2002-01-04T18:06:15.938 -3.08460000E-04  5.30334900E-03 -3.05350000E-05
2002-01-04T18:06:16.938  6.30757000E-04  6.98261600E-03 -1.07241300E-03
2002-01-04T18:06:17.938  4.47831000E-04  5.71439200E-03  5.17849000E-04
2002-01-04T18:06:18.934 -2.07107000E-03  5.70455000E-03  5.17742000E-04
2002-01-04T18:06:19.934 -8.30885000E-04  4.96188000E-03 -4.98610000E-05
2002-01-04T18:06:20.934 -1.64662800E-03  5.89831500E-03 -5.10003000E-04
2002-01-04T18:06:21.941 -5.03135000E-04  5.33679100E-03  7.44690000E-04
2002-01-04T18:06:22.934 -5.01586000E-04  6.08812700E-03  3.97449000E-04
2002-01-04T18:06:23.934  1.12432600E-03  6.19921700E-03  2.77829000E-04
2002-01-04T18:06:24.934  8.13154000E-04  7.54516900E-03 -3.00764000E-04
2002-01-04T18:06:25.938  4.83869000E-04  6.15152900E-03 -4.49358000E-04
2002-01-04T18:06:26.934 -2.03277500E-03  4.88243900E-03  8.30950000E-04
2002-01-04T18:06:27.938 -4.60576000E-04  5.37336800E-03 -3.90363000E-04
2002-01-04T18:06:28.934  1.81204000E-04  6.15397600E-03 -2.67510000E-04
2002-01-04T18:06:29.934  5.99402000E-04  7.14316000E-03 -3.76745000E-04
2002-01-04T18:06:30.934  1.41640000E-04  6.01247000E-03  9.58990000E-05
2002-01-04T18:06:31.938 -1.39139500E-03  5.14789700E-03 -1.39579900E-03
2002-01-04T18:06:32.938  3.51053000E-04  5.58637200E-03  7.51000000E-04
2002-01-04T18:06:33.938  7.76177000E-04  6.71245900E-03 -2.26500000E-04
2002-01-04T18:06:34.934 -1.13983600E-03  5.29577000E-03  6.28911000E-04
2002-01-04T18:06:35.934 -4.55773000E-04  4.24376900E-03 -5.25341000E-04
2002-01-04T18:06:36.934  3.47223000E-04  5.65123500E-03  1.78985000E-04
2002-01-04T18:06:37.941 -7.29691000E-04  5.62583300E-03  9.93400000E-05
2002-01-04T18:06:38.934 -1.16017900E-03  4.43360700E-03 -1.16579300E-03
2002-01-04T18:06:39.934 -6.66469000E-04  5.68410200E-03  1.25474000E-04
2002-01-04T18:06:40.934  4.82148000E-04  6.40083000E-03 -1.77230000E-04
2002-01-04T18:06:41.934  2.72961000E-04  6.34891300E-03  1.69027000E-04
2002-01-04T18:06:42.934 -1.54021900E-03  4.59903600E-03 -4.12658000E-04
2002-01-04T18:06:43.938  6.00500000E-06  5.99976100E-03  1.27014000E-03
2002-01-04T18:06:44.934  4.92259000E-04  7.09456300E-03  2.92995000E-04
2002-01-04T18:06:45.934 -7.73964000E-04  4.95372200E-03  8.61737000E-04
2002-01-04T18:06:46.934 -2.86023000E-04  4.41084000E-03  5.79110000E-05
2002-01-04T18:06:47.938  1.58351400E-03  5.49360800E-03  5.82383000E-04
2002-01-04T18:06:48.934 -1.14430100E-03  3.98611800E-03 -3.68917000E-04
2002-01-04T18:06:49.938 -7.99094000E-04  5.31014800E-03 -3.19458000E-04
2002-01-04T18:06:50.934  2.98715000E-04  6.38381500E-03  3.17427000E-04
2002-01-04T18:06:51.934  7.16078000E-04  5.15314600E-03 -7.87291000E-04
2002-01-04T18:06:52.934 -3.45845000E-04  4.29319800E-03  4.02365000E-04
2002-01-04T18:06:53.941  1.11691500E-03  5.93824100E-03  7.90517000E-04
2002-01-04T18:06:54.934 -2.08592900E-03  4.39034000E-03 -5.44673000E-04
2002-01-04T18:06:55.938 -5.22103000E-04  5.08805600E-03 -6.19880000E-05
2002-01-04T18:06:56.934  7.41199000E-04  6.04860700E-03 -3.22250000E-05
2002-01-04T18:06:57.934 -2.64063000E-04  4.07634600E-03  1.03637100E-03
2002-01-04T18:06:58.934 -6.62319000E-04  5.08230300E-03  3.47407000E-04
2002-01-04T18:06:59.938  2.25448000E-04  5.97418300E-03  1.83291000E-04
2002-01-04T18:07:00.934  1.00036600E-03  6.65739900E-03  1.62935000E-04
2002-01-04T18:07:01.934  4.15710000E-04  6.36873200E-03  8.72904000E-04
2002-01-04T18:07:02.934 -8.74411000E-04  5.92323700E-03 -1.44948000E-04
2002-01-04T18:07:03.938 -4.70991000E-04  5.05856900E-03  1.23223000E-04
2002-01-04T18:07:04.934 -6.21602000E-04  5.92491300E-03  2.12017000E-04
2002-01-04T18:07:05.938 -8.41666000E-04  5.29959800E-03 -1.79949000E-04
2002-01-04T18:07:06.934 -7.06389000E-04  5.75307700E-03 -3.13432000E-04
2002-01-04T18:07:07.934 -6.74732000E-04  6.48484600E-03  5.84750000E-05
2002-01-04T18:07:08.934 -7.56445000E-04  5.43370900E-03 -2.29916000E-04
2002-01-04T18:07:09.941 -1.05529700E-03  6.21310500E-03 -3.17739000E-04
2002-01-04T18:07:10.934 -2.00310000E-04  5.74090700E-03  7.25391000E-04
2002-01-04T18:07:11.934 -1.61951500E-03  5.29741500E-03 -4.04280000E-04
2002-01-04T18:07:12.934 -3.61292000E-04  4.99599700E-03  1.15952000E-03
2002-01-04T18:07:13.934 -5.16799000E-04  6.53127100E-03 -6.39631000E-04
2002-01-04T18:07:14.934  4.99627000E-04  6.12633700E-03 -1.34067000E-04
2002-01-04T18:07:15.938 -1.45622200E-03  3.59156100E-03 -1.20464000E-04
2002-01-04T18:07:16.934  3.45358000E-04  5.73022300E-03  7.65941000E-04
2002-01-04T18:07:17.934 -1.41284900E-03  3.80395100E-03 -2.95253000E-04
2002-01-04T18:07:18.934 -4.80149000E-04  2.05500300E-03  1.13583800E-03
2002-01-04T18:07:19.938  1.29765000E-03  3.48042000E-03  5.30880000E-04
2002-01-04T18:07:20.938  3.48152000E-04  4.64763300E-03 -2.62356000E-04
2002-01-04T18:07:21.938  6.59710000E-04  2.77764300E-03  9.82310000E-04
2002-01-04T18:07:22.934 -8.91070000E-05  3.21155800E-03 -6.56078000E-04
2002-01-04T18:07:23.934  1.12786600E-03  1.71554600E-03  4.39947000E-04
2002-01-04T18:07:24.934  8.38150000E-05  1.85305700E-03 -2.04618000E-04
2002-01-04T18:07:25.941 -7.72900000E-05  2.55393200E-03 -3.55466000E-04
2002-01-04T18:07:26.934 -9.01580000E-05  2.06573300E-03 -1.47866000E-04
2002-01-04T18:07:27.934 -8.90806000E-04  2.76715100E-03 -7.59257000E-04
2002-01-04T18:07:28.934  4.57070000E-04  1.92484100E-03 -5.08770000E-05
2002-01-04T18:07:29.934  2.49027000E-04  2.35672900E-03  5.35510000E-05
2002-01-04T18:07:30.934 -4.85180000E-04  2.06251500E-03  4.26775000E-04
2002-01-04T18:07:31.937 -1.84556000E-04  1.86719400E-03 -8.13166000E-04
2002-01-04T18:07:32.934 -5.55818000E-04  3.15975400E-03  4.37318000E-04
2002-01-04T18:07:33.934 -1.32795000E-04  3.24787500E-03 -1.34057000E-04
2002-01-04T18:07:34.934  8.70843000E-04  3.71945300E-03  4.05143000E-04
2002-01-04T18:07:35.937 -3.58602000E-04  3.92223300E-03 -4.35523000E-04
2002-01-04T18:07:36.937 -1.44501400E-03  3.17051500E-03  2.64134000E-04
2002-01-04T18:07:37.937 -5.79616000E-04  3.25009800E-03 -1.74670000E-04
2002-01-04T18:07:38.934  1.33097300E-03  4.15837600E-03 -3.45273000E-04
2002-01-04T18:07:39.934  1.70732000E-04  3.82778800E-03  1.18905000E-03
2002-01-04T18:07:40.934 -1.02304600E-03  3.55809600E-03  8.09031000E-04
2002-01-04T18:07:41.941 -7.38580000E-04  4.04116600E-03 -3.88009000E-04
2002-01-04T18:07:42.934  9.97868000E-04  4.90673600E-03 -5.09490000E-05
2002-01-04T18:07:43.934 -2.26036000E-04  3.62944400E-03 -1.20751400E-03
2002-01-04T18:07:44.934 -1.10702600E-03  2.08419200E-03  9.84896000E-04
2002-01-04T18:07:45.934  1.91544000E-04  3.90732600E-03  3.10069000E-04
2002-01-04T18:07:46.934  4.49815000E-04  4.12694900E-03  1.35672700E-03
2002-01-04T18:07:47.937  1.11232600E-03  2.84511900E-03 -2.53930000E-05
2002-01-04T18:07:48.930  6.07507000E-04  3.20482300E-03  9.36191000E-04
2002-01-04T18:07:49.934  3.90783000E-04  3.16472300E-03  1.22276300E-03
2002-01-04T18:07:50.934 -3.54411000E-04  3.23382500E-03 -5.51298000E-04
2002-01-04T18:07:51.937  6.77119000E-04  2.18307400E-03  1.16580000E-04
2002-01-04T18:07:52.937 -6.33230000E-04  3.67675400E-03  1.73863000E-04
2002-01-04T18:07:53.937  6.97225000E-04  2.15099600E-03  4.44317000E-04
2002-01-04T18:07:54.934 -8.71960000E-04  3.52400800E-03 -1.12577000E-04
2002-01-04T18:07:55.934 -5.50657000E-04  2.60623100E-03 -7.09417000E-04
2002-01-04T18:07:56.934 -8.68349000E-04  2.53669500E-03 -2.47113000E-04
2002-01-04T18:07:57.941  1.62280000E-05  1.57091100E-03  5.28658000E-04
2002-01-04T18:07:58.934 -8.63487000E-04  2.49161700E-03 -5.78843000E-04
2002-01-04T18:07:59.934  1.76157000E-04  2.01282500E-03  5.50881000E-04
2002-01-04T18:08:00.934  6.05358000E-04  1.97458900E-03  7.37773000E-04
2002-01-04T18:08:01.934  5.68995000E-04  2.99306400E-03 -1.60695000E-04
2002-01-04T18:08:02.934 -1.26581000E-04  2.42996200E-03  4.52571000E-04
2002-01-04T18:08:03.937 -7.75888000E-04  2.81656000E-04  9.33080000E-05
2002-01-04T18:08:04.930  1.09296000E-04  1.27834000E-04  1.66733000E-04
2002-01-04T18:08:05.934  1.17438900E-03  1.50378400E-03 -9.24231000E-04
2002-01-04T18:08:06.934  3.14157000E-04  1.70749100E-03 -4.78834000E-04
2002-01-04T18:08:07.937 -7.53088000E-04  9.16294000E-04  7.73040000E-05
2002-01-04T18:08:08.934  7.70660000E-05  1.10926900E-03  1.01854000E-04
2002-01-04T18:08:09.937  7.97734000E-04  1.98301700E-03 -8.24396000E-04
2002-01-04T18:08:10.934 -3.96699000E-04  1.39366900E-03 -1.97140000E-05
2002-01-04T18:08:11.934 -9.41230000E-04  7.63311000E-04 -3.67804000E-04
2002-01-04T18:08:12.934  3.55394000E-04  1.49539500E-03 -2.00672000E-04
2002-01-04T18:08:13.941  1.62443300E-03  1.80327000E-03  3.02916000E-04
2002-01-04T18:08:14.934  6.58960000E-04  8.02045000E-04 -4.91691000E-04
2002-01-04T18:08:15.934 -6.08506000E-04  2.21981000E-04  5.15807000E-04
2002-01-04T18:08:16.934  7.24687000E-04  1.48704800E-03 -4.70756000E-04
2002-01-04T18:08:17.934  6.45120000E-05  1.42111400E-03  2.07957000E-04
2002-01-04T18:08:18.934 -1.34107000E-03  4.66325000E-04 -6.92340000E-05
2002-01-04T18:08:19.937  3.08694000E-04  1.81136300E-03  7.04427000E-04
2002-01-04T18:08:20.934  3.34081000E-04  8.58553000E-04 -6.55829000E-04
2002-01-04T18:08:21.934 -9.23308000E-04  1.92552000E-04  1.66094000E-04
2002-01-04T18:08:22.934  1.24661000E-04  1.73854800E-03 -6.66494000E-04
2002-01-04T18:08:23.937 -3.30085000E-04  8.53099000E-04  3.59532000E-04
2002-01-04T18:08:24.934 -1.17440500E-03  3.30187000E-04  3.26270000E-04
2002-01-04T18:08:25.937  4.29557000E-04  2.22953400E-03 -5.21277000E-04
2002-01-04T18:08:26.934 -7.28378000E-04  2.70980000E-05  7.60735000E-04
2002-01-04T18:08:27.934 -8.44658000E-04  8.30947000E-04 -6.66340000E-05
2002-01-04T18:08:28.934  7.61074000E-04  1.79438900E-03  6.96670000E-04
2002-01-04T18:08:29.941 -1.15096400E-03  1.56470000E-05  5.51042000E-04
2002-01-04T18:08:30.934 -1.16353600E-03  1.45734300E-03 -4.76800000E-04
2002-01-04T18:08:31.934  4.08994000E-04  1.65090700E-03  1.65830000E-05
2002-01-04T18:08:32.934 -8.51221000E-04  4.81906000E-04 -1.63369000E-04
2002-01-04T18:08:33.934 -4.16350000E-05  9.63843000E-04  7.66482000E-04
2002-01-04T18:08:34.933  5.81382000E-04  1.51220700E-03 -3.57026000E-04
2002-01-04T18:08:35.937 -1.04978700E-03 -1.73220000E-04  9.59723000E-04
2002-01-04T18:08:36.930  7.73693000E-04  8.11439000E-04 -2.94983000E-04
2002-01-04T18:08:37.933  8.77250000E-05  1.42883600E-03  7.57930000E-05
2002-01-04T18:08:38.933 -9.84663000E-04 -1.51830000E-05  7.75554000E-04
2002-01-04T18:08:39.937  8.91492000E-04  1.01212600E-03  2.36824000E-04
2002-01-04T18:08:40.937 -4.55715000E-04  8.30700000E-05  9.58779000E-04
2002-01-04T18:08:41.937  4.68138000E-04 -1.18514000E-04 -4.56343000E-04
2002-01-04T18:08:42.933  1.38178000E-03  9.92959000E-04  1.04087200E-03
2002-01-04T18:08:43.933 -1.16334000E-04 -9.74341000E-04 -4.99875000E-04
2002-01-04T18:08:44.933  9.11177000E-04  8.64324000E-04  8.92053000E-04
2002-01-04T18:08:45.941 -7.55019000E-04 -3.85660000E-04 -1.15543000E-04
2002-01-04T18:08:46.933  2.97530000E-04  4.19362000E-04 -9.22882000E-04
2002-01-04T18:08:47.933  3.55880000E-04  1.27923900E-03  1.17951000E-04
2002-01-04T18:08:48.933 -1.08451200E-03  3.79570000E-05 -7.40710000E-05
2002-01-04T18:08:49.933  3.62293000E-04  1.88907800E-03  2.68800000E-04
2002-01-04T18:08:50.933 -1.23959900E-03 -4.91600000E-06 -4.34464000E-04
2002-01-04T18:08:51.937 -1.48586000E-04  8.59813000E-04 -1.94415000E-04
2002-01-04T18:08:52.933  2.56568000E-04  1.51103300E-03  8.27560000E-05
2002-01-04T18:08:53.933 -4.50310000E-04 -4.78033000E-04  1.34700000E-05
2002-01-04T18:08:54.933  5.38978000E-04  1.05604100E-03 -1.75885000E-04
2002-01-04T18:08:55.937 -5.57872000E-04 -5.27609000E-04 -1.10540000E-05
2002-01-04T18:08:56.933  6.47791000E-04  2.92318000E-04  5.53151000E-04
2002-01-04T18:08:57.937  2.46332000E-04 -3.10354000E-04 -6.27820000E-04
2002-01-04T18:08:58.933 -6.12900000E-06 -3.71957000E-04  3.99409000E-04
2002-01-04T18:08:59.933  1.04536600E-03  7.55709000E-04 -5.99722000E-04
2002-01-04T18:09:00.933 -1.20596400E-03 -3.05734000E-04  4.42347000E-04
2002-01-04T18:09:01.941  6.25303000E-04  5.75633000E-04  1.80316000E-04
2002-01-04T18:09:02.933 -8.76850000E-05  7.92937000E-04 -1.70667700E-03
2002-01-04T18:09:03.933 -3.95105000E-04  5.34488000E-04  6.40983000E-04
2002-01-04T18:09:04.933  4.03471000E-04  1.82176000E-03 -5.60234000E-04
2002-01-04T18:09:05.933 -2.08344700E-03  6.37287000E-04  5.99201000E-04
2002-01-04T18:09:06.933 -1.87998000E-04  1.54590800E-03 -5.92632000E-04
2002-01-04T18:09:07.937 -4.01410000E-05  1.57166100E-03 -5.89280000E-05
2002-01-04T18:09:08.930 -3.33159000E-04 -1.17276000E-04 -2.87795000E-04
2002-01-04T18:09:09.933  1.07404000E-03  1.17579300E-03 -1.66604000E-04
2002-01-04T18:09:10.933 -5.43046000E-04 -7.61256000E-04  4.39326000E-04
2002-01-04T18:09:11.937  7.38729000E-04 -4.12290000E-05 -1.82944500E-03
2002-01-04T18:09:12.937  7.21781000E-04  1.05723600E-03  1.76626700E-03
2002-01-04T18:09:13.937 -2.79188000E-04 -5.07626000E-04 -1.10557300E-03
2002-01-04T18:09:14.933  1.29462300E-03  7.35127000E-04 -3.33045000E-04
2002-01-04T18:09:15.933 -7.33959000E-04 -1.24557000E-04  1.05576900E-03
2002-01-04T18:09:16.933 -1.25820000E-05  1.06168200E-03 -7.31326000E-04
2002-01-04T18:09:17.941 -6.08457000E-04  9.22900000E-04 -5.51910000E-04
2002-01-04T18:09:18.930 -6.91768000E-04  6.60107000E-04  3.00580000E-05
2002-01-04T18:09:19.933 -4.38128000E-04  3.18303000E-04 -3.20021000E-04
2002-01-04T18:09:20.933 -3.72241000E-04  2.14423000E-04 -9.43670000E-05
2002-01-04T18:09:21.933  9.91814000E-04  6.17475000E-04  6.87357000E-04
2002-01-04T18:09:22.933 -1.59263000E-04 -7.78035000E-04 -5.55872000E-04
2002-01-04T18:09:23.937  1.20842900E-03  5.39265000E-04  7.18508000E-04
2002-01-04T18:09:24.930 -8.35619000E-04 -3.85073000E-04 -1.89791000E-04
2002-01-04T18:09:25.933  7.70800000E-06  1.19668600E-03  7.42350000E-05
2002-01-04T18:09:26.933  9.04640000E-05  9.10774000E-04 -1.28272000E-04
2002-01-04T18:09:27.937 -4.54882000E-04  7.96366000E-04 -4.36596000E-04
2002-01-04T18:09:28.933 -3.62880000E-04  6.89580000E-04 -2.65956000E-04
2002-01-04T18:09:29.937 -1.93099000E-04 -4.33055000E-04 -3.84174000E-04
2002-01-04T18:09:30.933  6.50670000E-04  8.35925000E-04  3.72975000E-04
2002-01-04T18:09:31.933 -1.49778000E-04 -8.58372000E-04 -7.71350000E-04
2002-01-04T18:09:32.933  7.99826000E-04  7.18975000E-04  8.45961000E-04
2002-01-04T18:09:33.941 -8.39127000E-04 -6.74039000E-04 -9.27572000E-04
2002-01-04T18:09:34.930  3.49647000E-04  1.04096100E-03  3.04827000E-04
2002-01-04T18:09:35.933 -5.59349000E-04  1.40792000E-04 -1.02197000E-04
2002-01-04T18:09:36.933 -3.41407000E-04  1.07847600E-03 -6.52030000E-05
2002-01-04T18:09:37.933  4.40783000E-04  9.49839000E-04 -3.17446000E-04
2002-01-04T18:09:38.933 -5.35770000E-04  4.77750000E-05 -4.12653000E-04
2002-01-04T18:09:39.937  1.07136800E-03  9.02940000E-05 -9.99009000E-04
2002-01-04T18:09:40.933 -6.44584000E-04 -7.97892000E-04 -8.23303000E-04
2002-01-04T18:09:41.933  1.00864400E-03  5.13663000E-04  5.30861000E-04
2002-01-04T18:09:42.933 -1.46641800E-03 -6.43955000E-04 -1.67625000E-04
2002-01-04T18:09:43.937  1.78755000E-04  1.25008500E-03 -3.68073000E-04
2002-01-04T18:09:44.933 -1.01667600E-03  3.54861000E-04  4.98526000E-04
2002-01-04T18:09:45.937  1.13682000E-04  9.25878000E-04 -3.26185000E-04
2002-01-04T18:09:46.933 -3.34082000E-04 -9.60540000E-04  2.54308000E-04
2002-01-04T18:09:47.933  1.68973000E-04  1.89580000E-04  2.87406000E-04
2002-01-04T18:09:48.933  6.33734000E-04 -3.69506000E-04  4.80319000E-04
2002-01-04T18:09:49.941 -1.62235000E-04 -2.81587000E-04  1.31574000E-04
2002-01-04T18:09:50.933 -2.53108000E-04  8.02519000E-04 -2.16881000E-04
2002-01-04T18:09:51.933 -9.02883000E-04  2.97232000E-04  2.37351000E-04
2002-01-04T18:09:52.933  1.61177000E-04  1.55851900E-03 -1.30270800E-03
2002-01-04T18:09:53.933 -7.70141000E-04  1.54965000E-04 -9.79670000E-05
2002-01-04T18:09:54.933  9.62247000E-04  1.21198900E-03 -5.24924000E-04
2002-01-04T18:09:55.937 -4.78537000E-04 -1.01842500E-03 -5.37590000E-04
2002-01-04T18:09:56.929  1.09116500E-03 -1.11199000E-04 -2.53428000E-04
2002-01-04T18:09:57.933 -3.93054000E-04 -4.09365000E-04 -3.56993000E-04
2002-01-04T18:09:58.933  4.66793000E-04  8.20947000E-04 -5.36322000E-04
2002-01-04T18:09:59.937 -1.00986100E-03  1.92546000E-04 -2.78916000E-04
2002-01-04T18:10:00.937 -5.06620000E-05  1.39160700E-03 -1.37348400E-03
2002-01-04T18:10:01.937 -7.40574000E-04  5.56230000E-04 -1.33245000E-04
2002-01-04T18:10:02.933 -1.11908000E-04  2.80962000E-04  4.56890000E-04
2002-01-04T18:10:03.933  7.36265000E-04 -5.54618000E-04  3.02490000E-05
2002-01-04T18:10:04.933 -3.42957000E-04 -1.52107000E-04  3.40667000E-04
2002-01-04T18:10:05.941  1.06281100E-03  2.62816000E-04 -3.34502000E-04
2002-01-04T18:10:06.933 -8.01922000E-04  3.14448000E-04  5.02961000E-04
2002-01-04T18:10:07.933 -3.44761000E-04  9.42775000E-04 -2.27777000E-04
2002-01-04T18:10:08.933 -1.05054900E-03 -9.90500000E-06  6.89179000E-04
2002-01-04T18:10:09.933  7.35980000E-04  7.00226000E-04  2.59938000E-04
2002-01-04T18:10:10.933 -5.93387000E-04 -6.50190000E-04 -4.97796000E-04
2002-01-04T18:10:11.937  1.03932100E-03  4.93346000E-04  3.20708000E-04
2002-01-04T18:10:12.933 -8.70392000E-04 -6.93160000E-04 -1.48594000E-04
2002-01-04T18:10:13.933  6.40475000E-04  1.11776700E-03 -4.07592000E-04
2002-01-04T18:10:14.933 -1.04813200E-03  2.82650000E-05 -2.49233000E-04
2002-01-04T18:10:15.937  4.48420000E-05  1.02981000E-03  1.39500000E-06
2002-01-04T18:10:16.933 -1.00976700E-03 -4.02080000E-04 -1.90137000E-04
2002-01-04T18:10:17.937  6.48998000E-04  5.01362000E-04  6.89861000E-04
2002-01-04T18:10:18.933  1.46827000E-04 -2.80389000E-04 -9.29450000E-05
2002-01-04T18:10:19.933  2.92457000E-04 -4.50360000E-05  1.42285600E-03
2002-01-04T18:10:20.933  5.41102000E-04  6.85097000E-04 -6.15902000E-04
2002-01-04T18:10:21.941 -7.96240000E-04  7.19146000E-04  2.73576000E-04
2002-01-04T18:10:22.933  2.43765000E-04  1.03723800E-03  4.23582000E-04
2002-01-04T18:10:23.933 -2.02268000E-04  1.34143000E-04  3.23308000E-04
2002-01-04T18:10:24.933  5.58142000E-04  3.49567000E-04  4.11126000E-04
2002-01-04T18:10:25.933  3.30513000E-04 -6.36021000E-04 -1.97780000E-03
2002-01-04T18:10:26.933  6.18047000E-04 -2.76655000E-04  1.18471300E-03
2002-01-04T18:10:27.937 -3.61992000E-04  9.58620000E-05  1.02507000E-04
2002-01-04T18:10:28.929  5.02790000E-04  1.30882800E-03  1.40833000E-04
2002-01-04T18:10:29.933 -1.13857900E-03  4.12416000E-04  3.41958000E-04
2002-01-04T18:10:30.933  4.98729000E-04  1.30931900E-03  1.98067000E-04
2002-01-04T18:10:31.937 -4.44877000E-04 -7.61270000E-04  1.48111800E-03
2002-01-04T18:10:32.937  1.01445000E-04  1.61611000E-04 -3.56930000E-04
2002-01-04T18:10:33.937 -3.59202000E-04 -8.09016000E-04  1.10839000E-04
2002-01-04T18:10:34.933  5.64382000E-04  1.17844800E-03  9.35160000E-05
2002-01-04T18:10:35.933 -1.13762800E-03  1.96577000E-04  5.33442000E-04
2002-01-04T18:10:36.933  5.52765000E-04  8.95144000E-04 -4.32076000E-04
2002-01-04T18:10:37.941 -5.95111000E-04  1.93383000E-04 -3.18160000E-04
2002-01-04T18:10:38.929  8.52869000E-04 -1.19347000E-04 -3.71635000E-04
2002-01-04T18:10:39.933 -2.84223000E-04 -4.63785000E-04  1.04881000E-04
2002-01-04T18:10:40.933  7.82108000E-04  3.10718000E-04  7.18064000E-04
2002-01-04T18:10:41.933 -1.26469300E-03 -1.36059000E-04 -1.45511900E-03
2002-01-04T18:10:42.933 -4.94750000E-05  7.41356000E-04  4.33771000E-04
2002-01-04T18:10:43.937 -7.31968000E-04 -5.90842000E-04 -3.85890000E-05
2002-01-04T18:10:44.929  1.54667200E-03  2.50743000E-04  9.91400000E-06
2002-01-04T18:10:45.933 -5.19433000E-04 -8.69328000E-04 -1.05071100E-03
2002-01-04T18:10:46.933  3.20768000E-04  4.71715000E-04  2.09255000E-04
2002-01-04T18:10:47.937 -1.26552900E-03  1.45304000E-04  3.81161000E-04
2002-01-04T18:10:48.933  4.77179000E-04  1.11612000E-03  3.62565000E-04
2002-01-04T18:10:49.937 -1.13252500E-03 -2.60939000E-04  1.19180000E-05
2002-01-04T18:10:50.933  1.25795300E-03  1.87241000E-04  4.55080000E-05
2002-01-04T18:10:51.933 -3.83670000E-04 -8.61062000E-04  4.55352000E-04
2002-01-04T18:10:52.933  1.18888300E-03  3.90946000E-04 -4.26924000E-04
2002-01-04T18:10:53.941 -1.25491500E-03 -2.83877000E-04  6.65243000E-04
2002-01-04T18:10:54.929  5.73999000E-04  1.24613900E-03 -1.55715200E-03
2002-01-04T18:10:55.933 -1.00395000E-03 -4.32742000E-04  1.40350500E-03
2002-01-04T18:10:56.933  1.29478100E-03  5.03810000E-05 -9.54707000E-04
2002-01-04T18:10:57.933 -1.31329000E-04 -1.27010100E-03  9.55946000E-04
2002-01-04T18:10:58.933  7.52309000E-04  5.52866000E-04  7.91684000E-04
2002-01-04T18:10:59.937 -7.79737000E-04 -5.58369000E-04  7.98646000E-04
2002-01-04T18:11:00.933  3.94014000E-04  1.60698500E-03  3.68969000E-04
2002-01-04T18:11:01.933 -5.61267000E-04  1.16600000E-06 -9.52368000E-04
2002-01-04T18:11:02.933  8.56564000E-04  1.54062000E-04  3.44372000E-04
2002-01-04T18:11:03.937 -3.39075000E-04 -1.43092300E-03 -1.39640000E-04
2002-01-04T18:11:04.933  8.95128000E-04 -1.25719000E-04  1.56763000E-04
2002-01-04T18:11:05.937 -6.75191000E-04 -5.79794000E-04 -5.83747000E-04
2002-01-04T18:11:06.933  2.48230000E-04  1.22151500E-03  1.07604800E-03
2002-01-04T18:11:07.933 -1.34432100E-03 -1.97746000E-04 -7.63185000E-04
2002-01-04T18:11:08.933  4.28487000E-04  1.44746700E-03  7.17000000E-07
2002-01-04T18:11:09.941 -3.66584000E-04 -6.15743000E-04 -7.57467000E-04
2002-01-04T18:11:10.933  1.14825300E-03  5.41753000E-04  8.98835000E-04
2002-01-04T18:11:11.933 -1.12637000E-03 -6.23644000E-04 -9.29638000E-04
2002-01-04T18:11:12.933 -2.12493000E-04  7.97063000E-04  4.83168000E-04
2002-01-04T18:11:13.933 -1.18230900E-03 -4.20738000E-04  3.94904000E-04
2002-01-04T18:11:14.933  5.80747000E-04  6.12179000E-04  5.66400000E-04
2002-01-04T18:11:15.937 -8.92195000E-04 -1.04779900E-03 -1.44168000E-04
2002-01-04T18:11:16.929  1.12208600E-03  5.61902000E-04 -3.40963000E-04
2002-01-04T18:11:17.933 -1.20671100E-03 -5.89430000E-04  5.14392000E-04
2002-01-04T18:11:18.933  3.17317000E-04  1.22011200E-03 -8.29190000E-04
2002-01-04T18:11:19.937 -1.62365200E-03 -3.41938000E-04  7.30245000E-04
2002-01-04T18:11:20.937  9.95127000E-04  7.24301000E-04 -2.31550000E-05
2002-01-04T18:11:21.937 -6.34640000E-05 -1.27195100E-03 -4.70144000E-04
2002-01-04T18:11:22.933  8.63476000E-04  3.58148000E-04  5.89311000E-04
2002-01-04T18:11:23.933 -3.40619000E-04  4.88490000E-05  4.23923000E-04
2002-01-04T18:11:24.933 -2.50067000E-04  1.14762600E-03  2.58072000E-04
2002-01-04T18:11:25.941 -6.44289000E-04  2.35150000E-05 -7.79890000E-05
2002-01-04T18:11:26.929  2.90990000E-04  6.60274000E-04 -8.60280000E-05
2002-01-04T18:11:27.933 -2.72880000E-05 -1.57864800E-03  1.62321000E-04
2002-01-04T18:11:28.933  1.37361400E-03  3.69110000E-04  2.36961000E-04
2002-01-04T18:11:29.933 -6.29007000E-04  1.26711000E-04 -1.65376500E-03
2002-01-04T18:11:30.933  2.54244000E-04  1.23606800E-03  1.30364900E-03
2002-01-04T18:11:31.933 -1.17642800E-03 -1.95647000E-04 -4.35756000E-04
2002-01-04T18:11:32.933  6.87622000E-04  1.26190900E-03 -1.37533000E-04
2002-01-04T18:11:33.933 -1.59406000E-04 -1.38052000E-03  6.56990000E-04
2002-01-04T18:11:34.933  1.28607000E-03  3.82383000E-04 -5.08983000E-04
2002-01-04T18:11:35.937 -9.53100000E-04 -8.93170000E-04  1.51476000E-04
2002-01-04T18:11:36.933  8.09545000E-04  9.91069000E-04 -2.65170000E-05
2002-01-04T18:11:37.937 -1.21498100E-03 -5.47901000E-04  4.05840000E-05
2002-01-04T18:11:38.933  7.85942000E-04  9.68277000E-04 -1.60016000E-04
2002-01-04T18:11:39.933 -4.71976000E-04 -1.23319800E-03  9.77662000E-04
2002-01-04T18:11:40.933  1.23097100E-03  2.97691000E-04 -3.27617000E-04
2002-01-04T18:11:41.941 -5.43951000E-04 -3.49640000E-04 -4.83251000E-04
2002-01-04T18:11:42.933  3.07100000E-06  1.14544100E-03  2.70116000E-04
2002-01-04T18:11:43.933 -1.09336600E-03  2.26700000E-05  1.68277000E-04
2002-01-04T18:11:44.933 -1.21724000E-04  4.43055000E-04 -3.11039000E-04
2002-01-04T18:11:45.933 -6.24645000E-04 -7.46052000E-04 -6.67290000E-05
2002-01-04T18:11:46.933  4.87736000E-04  5.47863000E-04  1.41100000E-05
2002-01-04T18:11:47.937 -7.14307000E-04 -7.32117000E-04 -7.41958000E-04
2002-01-04T18:11:48.929  1.02617600E-03  1.81861700E-03 -3.35799000E-04
2002-01-04T18:11:49.933 -1.09605400E-03  5.14933000E-04 -8.10688000E-04
2002-01-04T18:11:50.933  9.70433000E-04  2.46965000E-04  1.18203100E-03
2002-01-04T18:11:51.933 -6.82640000E-05 -1.00766600E-03 -1.75516000E-04
2002-01-04T18:11:52.933  7.97392000E-04  4.05289000E-04 -4.19172000E-04
2002-01-04T18:11:53.937 -6.29362000E-04 -3.97297000E-04  8.25739000E-04
2002-01-04T18:11:54.933  5.49340000E-04  9.40179000E-04 -3.44942000E-04
2002-01-04T18:11:55.933 -1.01528700E-03  3.11808000E-04  2.08381000E-04
2002-01-04T18:11:56.933  4.31263000E-04  1.77408000E-04  5.37375000E-04
2002-01-04T18:11:57.941 -4.12950000E-05 -4.52620000E-04  4.89040000E-04
2002-01-04T18:11:58.929  4.92003000E-04 -2.77381000E-04 -8.67797000E-04
2002-01-04T18:11:59.933 -5.82579000E-04 -8.14830000E-05  1.19182800E-03
2002-01-04T18:12:00.933 -5.79000000E-04  1.25194600E-03  1.51830000E-05
2002-01-04T18:12:01.937 -7.39916000E-04  4.02266000E-04  1.55307000E-03
2002-01-04T18:12:02.933  9.36345000E-04  5.97334000E-04  5.05061000E-04
2002-01-04T18:12:03.937 -2.33021000E-04 -1.35528300E-03 -6.04845000E-04
2002-01-04T18:12:04.929  1.45705700E-03  7.84110000E-05  1.27945000E-04
2002-01-04T18:12:05.933 -1.42291000E-04  2.89782000E-04 -4.23898000E-04
2002-01-04T18:12:06.933 -1.12682900E-03  5.36548000E-04  2.18420000E-04
2002-01-04T18:12:07.937  2.19921300E-03  7.60917000E-04 -1.03130000E-04
2002-01-04T18:12:08.933 -8.64730000E-05 -1.52480400E-03 -2.21791000E-04
2002-01-04T18:12:09.937  9.59224000E-04  1.11839000E-04 -1.83640000E-05
2002-01-04T18:12:10.933 -6.08354000E-04 -7.75120000E-04 -1.37551000E-04
2002-01-04T18:12:11.933 -2.83892000E-04  1.00653300E-03  1.12357000E-04
2002-01-04T18:12:12.933 -1.09569800E-03 -2.15100000E-06  6.95291000E-04
2002-01-04T18:12:13.941  1.63664500E-03  6.27717000E-04  1.08377000E-04
2002-01-04T18:12:14.929 -2.37944000E-04 -1.26183800E-03  6.98207000E-04
2002-01-04T18:12:15.933  1.27996600E-03  6.79194000E-04  6.56956000E-04
2002-01-04T18:12:16.933 -1.00934600E-03  1.51269000E-04 -1.09495800E-03
2002-01-04T18:12:17.933 -1.06245000E-04  1.02840800E-03  5.34285000E-04
2002-01-04T18:12:18.933 -4.22309000E-04 -5.52851000E-04 -7.94200000E-04
2002-01-04T18:12:19.937  1.40479800E-03 -3.37399000E-04 -5.45700000E-06
2002-01-04T18:12:20.933  2.23900000E-06 -2.46766000E-04  4.54213000E-04
2002-01-04T18:12:21.933  3.11652000E-04  3.97866000E-04 -3.13567000E-04
2002-01-04T18:12:22.933 -4.20225000E-04  5.54241000E-04 -8.54650000E-05
2002-01-04T18:12:23.937  6.53279000E-04  1.05536400E-03 -5.17150000E-04
2002-01-04T18:12:24.933  6.28059000E-04 -2.85292000E-04  3.93852000E-04
2002-01-04T18:12:25.937  1.54058000E-04 -8.38714000E-04  1.24529000E-04
2002-01-04T18:12:26.933  2.13100000E-06  4.41896000E-04  5.94645000E-04
2002-01-04T18:12:27.933 -6.40022000E-04  2.55333000E-04 -1.53741300E-03
2002-01-04T18:12:28.933 -1.98350000E-04  7.65120000E-04  7.41021000E-04
2002-01-04T18:12:29.941  9.16790000E-05  3.27443000E-04 -1.46348500E-03
2002-01-04T18:12:30.933  7.16921000E-04 -4.06380000E-04  9.40348000E-04
2002-01-04T18:12:31.933  4.99146000E-04 -5.30478000E-04 -4.24070000E-04
2002-01-04T18:12:32.933  2.08550000E-05  6.68466000E-04 -2.24900000E-05
2002-01-04T18:12:33.933 -5.56749000E-04  6.83349000E-04 -1.43515000E-04
2002-01-04T18:12:34.933  3.40977000E-04  2.42180000E-05 -1.17423400E-03
2002-01-04T18:12:35.937 -4.30980000E-04 -4.82055000E-04  1.92226000E-04
2002-01-04T18:12:36.929  5.16146000E-04 -3.29360000E-05 -6.72353000E-04
2002-01-04T18:12:37.933  6.35515000E-04  3.55867000E-04  2.03107000E-04
2002-01-04T18:12:38.933 -4.27007000E-04  6.53377000E-04 -2.95254000E-04
2002-01-04T18:12:39.933 -1.21291800E-03  3.46676000E-04  9.33068000E-04
2002-01-04T18:12:40.937  4.31734000E-04  1.87734000E-04 -7.73151000E-04
2002-01-04T18:12:41.937 -1.87505000E-04 -1.43455700E-03  1.65503600E-03
2002-01-04T18:12:42.933  3.63402000E-04  3.95636000E-04 -7.13768000E-04
2002-01-04T18:12:43.933 -8.96650000E-05  6.68512000E-04  1.36326000E-04
2002-01-04T18:12:44.933 -1.84033000E-04  7.03064000E-04  3.85739000E-04
2002-01-04T18:12:45.941 -5.17009000E-04  3.06363000E-04 -1.27639100E-03
2002-01-04T18:12:46.933  4.74869000E-04  5.13557000E-04  5.30883000E-04
2002-01-04T18:12:47.933  9.34450000E-05 -1.29747000E-03 -1.78608100E-03
2002-01-04T18:12:48.933  4.05415000E-04  1.62055000E-04 -1.97709000E-04
2002-01-04T18:12:49.933 -9.31237000E-04  4.42160000E-05 -4.08950000E-05
2002-01-04T18:12:50.933  3.69840000E-05  1.52438400E-03 -9.80929000E-04
2002-01-04T18:12:51.933 -6.21126000E-04 -1.04008200E-03  8.79448000E-04
2002-01-04T18:12:52.933  4.41967000E-04  5.90768000E-04 -6.56578000E-04
2002-01-04T18:12:53.933 -1.19359000E-04 -1.24147200E-03  3.43085000E-04
2002-01-04T18:12:54.933  6.58355000E-04  4.56163000E-04  3.51398000E-04
2002-01-04T18:12:55.937 -1.46547700E-03 -3.87316000E-04 -8.95000000E-05
2002-01-04T18:12:56.933  7.82921000E-04  1.27336900E-03 -3.52040000E-04
2002-01-04T18:12:57.937 -6.51846000E-04 -7.62415000E-04 -5.67095000E-04
2002-01-04T18:12:58.933  1.38265500E-03  6.47980000E-05  9.34503000E-04
2002-01-04T18:12:59.933 -4.74296000E-04 -1.34339600E-03  1.55537000E-04
2002-01-04T18:13:00.933  8.13462000E-04  9.65011000E-04  4.61710000E-04
2002-01-04T18:13:01.941 -4.38956000E-03 -1.10680000E-04 -2.97712200E-03
2002-01-04T18:13:02.933  3.07534200E-03  8.97979800E-03  5.98311100E-03
2002-01-04T18:13:03.933 -2.97257500E-03 -3.10862300E-03 -5.90637200E-03
2002-01-04T18:13:04.933  9.50526000E-03 -7.70726000E-04  6.71676000E-03
2002-01-04T18:13:05.933  2.38765300E-03 -4.72505700E-03 -7.67725100E-03
2002-01-04T18:13:06.933  9.33730100E-03  4.19347800E-03 -1.34768700E-03
2002-01-04T18:13:07.933 -2.98013300E-03 -3.85208000E-04  6.22636000E-04
2002-01-04T18:13:08.929 -4.84099800E-03  3.81066300E-03  1.31163500E-03
2002-01-04T18:13:09.929 -2.24607800E-03  7.19971000E-04 -8.65060000E-04
2002-01-04T18:13:10.933  5.32735500E-03 -9.79117000E-04  4.28761400E-03
2002-01-04T18:13:11.933  2.21384500E-03 -2.81775900E-03  8.33384000E-04
2002-01-04T18:13:12.933  3.59510400E-03  1.62769400E-03  5.20538900E-03
2002-01-04T18:13:13.933 -7.06062900E-03  8.91289000E-04  5.40867500E-03
2002-01-04T18:13:14.933 -4.87896500E-03  3.65904100E-03  1.08285000E-04
2002-01-04T18:13:15.933 -4.14318200E-03 -1.92309000E-04  4.26612800E-03
2002-01-04T18:13:16.933  3.54822300E-03 -4.74840400E-03 -1.04641780E-02
2002-01-04T18:13:17.941  1.72695500E-03  2.93037200E-03  8.18438400E-03
2002-01-04T18:13:18.929 -8.88781300E-03 -3.64155300E-03 -2.72411500E-03
2002-01-04T18:13:19.933 -5.34502000E-04  9.42182000E-03  3.79667200E-03
2002-01-04T18:13:20.933 -9.13200100E-03 -3.22286700E-03  7.19703200E-03
2002-01-04T18:13:21.933  7.36552900E-03  2.59587700E-03 -4.10884700E-03
2002-01-04T18:13:22.933 -3.32720200E-03 -9.30096000E-03  1.79961200E-03
2002-01-04T18:13:23.933  9.15902500E-03  3.05080600E-03 -7.24909900E-03
2002-01-04T18:13:24.929 -8.71887200E-03 -5.72011600E-03  4.52922100E-03
2002-01-04T18:13:25.929  1.40947000E-03  1.13487440E-02 -8.73406500E-03
2002-01-04T18:13:26.933 -6.44654400E-03 -4.52389800E-03 -3.99500000E-03
2002-01-04T18:13:27.933  9.19707900E-03  2.61201600E-03  2.78275900E-03
2002-01-04T18:13:28.933 -5.97137300E-03 -1.04604440E-02 -6.23027400E-03
2002-01-04T18:13:29.933  5.99349200E-03  4.98432900E-03  5.69721500E-03
2002-01-04T18:13:30.933 -7.10872600E-03 -4.84839600E-03 -5.75289000E-04
2002-01-04T18:13:31.929  5.10262600E-03  8.14127700E-03  2.37236200E-03
2002-01-04T18:13:32.933 -6.70441800E-03 -6.13874700E-03  7.88364000E-04
2002-01-04T18:13:33.937  1.23125620E-02  3.90594000E-04 -2.00900700E-03
2002-01-04T18:13:34.929 -4.80053500E-03 -9.71183400E-03 -3.16415300E-03
2002-01-04T18:13:35.933  7.56254500E-03  7.63002800E-03  1.10094900E-03
2002-01-04T18:13:36.933 -1.21948470E-02  7.90863000E-04 -3.53200100E-03
2002-01-04T18:13:37.933  5.59649200E-03  6.42383600E-03  1.68057800E-03
2002-01-04T18:13:38.929  5.20670000E-04 -6.72867500E-03 -2.21454600E-03
2002-01-04T18:13:39.933  6.77642800E-03 -2.85082100E-03  2.57351200E-03
2002-01-04T18:13:40.933 -4.62898300E-03 -3.64185100E-03  4.08184300E-03
2002-01-04T18:13:41.929  4.58004600E-03  6.66272500E-03 -3.96489400E-03
2002-01-04T18:13:42.933 -6.46565000E-03  9.56711000E-04  3.42936200E-03
2002-01-04T18:13:43.933  5.87094700E-03  2.11553100E-03 -5.01746100E-03
2002-01-04T18:13:44.933  2.82006000E-03 -3.68438300E-03  2.72335300E-03
2002-01-04T18:13:45.933  4.14345400E-03 -3.96430900E-03 -4.16440200E-03
2002-01-04T18:13:46.933 -2.92635200E-03  6.45180000E-04  6.07032500E-03
2002-01-04T18:13:47.933 -4.34363100E-03  2.27462500E-03  2.56855000E-04
2002-01-04T18:13:48.933 -2.31585000E-03  7.07162200E-03 -6.78890800E-03
2002-01-04T18:13:49.941  4.33033000E-04  3.46736600E-03  1.54856800E-03
2002-01-04T18:13:50.933  3.95842900E-03 -2.10891800E-03 -5.36094900E-03
2002-01-04T18:13:51.933  2.92175800E-03 -6.10919300E-03  5.61100000E-03
2002-01-04T18:13:52.933  3.12562200E-03  8.29514000E-04 -2.58819100E-03
2002-01-04T18:13:53.933 -5.65608800E-03  4.84850200E-03  5.48510000E-04
2002-01-04T18:13:54.929  1.81155200E-03  4.76239500E-03 -2.04458000E-03
2002-01-04T18:13:55.933 -2.85544000E-03 -4.07481100E-03  2.31907000E-04
2002-01-04T18:13:56.929  8.49548700E-03 -1.97765800E-03  5.77470000E-05
2002-01-04T18:13:57.929 -1.70728000E-04 -8.49422400E-03 -2.20339200E-03
2002-01-04T18:13:58.933  2.83957400E-03  7.62092900E-03 -3.28160000E-04
2002-01-04T18:13:59.933 -8.78626500E-03  1.41154000E-03  1.17549000E-04
2002-01-04T18:14:00.937 -7.30505000E-04  9.81914700E-03  2.12998700E-03
2002-01-04T18:14:01.937 -6.96815800E-03 -3.18836400E-03 -1.43388000E-03
2002-01-04T18:14:02.933  9.96952200E-03  1.58982700E-03  5.16077300E-03
