2001-12-04T03:10:49.208 -1.13405320E-02 -5.50542300E-03 -2.40187300E-03
2001-12-04T03:10:50.212  4.47777100E-03  8.43553900E-03  1.61791000E-03
2001-12-04T03:10:51.208 -6.14335200E-03 -8.47885200E-03  5.27159000E-04
2001-12-04T03:10:52.212  8.59323500E-03 -3.85604000E-04 -5.46226000E-04
2001-12-04T03:10:53.208 -4.67444000E-04  1.76960000E-05  3.11186000E-04
2001-12-04T03:10:54.212 -2.65391000E-04  7.31489000E-04  8.29496000E-04
2001-12-04T03:10:55.208 -6.89808000E-04  8.07061000E-04  5.00839000E-04
2001-12-04T03:10:56.208 -5.76069000E-04  1.21033000E-04 -3.71398000E-04
2001-12-04T03:10:57.208  1.74676300E-03  1.19786000E-04 -1.03110000E-05
2001-12-04T03:10:58.212 -3.13135000E-04 -5.43531000E-04  3.75216000E-04
2001-12-04T03:10:59.212 -3.50443000E-04  4.24693000E-04  6.64191000E-04
2001-12-04T03:11:00.212 -7.59451000E-04  1.69154000E-04 -8.08797000E-04
2001-12-04T03:11:01.208  2.57974000E-04  2.65169000E-04 -1.35664000E-03
2001-12-04T03:11:02.212  3.39610000E-05 -1.32621000E-03 -2.61950000E-05
2001-12-04T03:11:03.208  1.27362100E-03  6.44269000E-04  1.38863000E-04
2001-12-04T03:11:04.216 -9.69095000E-04 -6.30210000E-05 -2.44400000E-05
2001-12-04T03:11:05.208 -3.13957000E-04  9.34356000E-04 -5.98995000E-04
2001-12-04T03:11:06.212 -3.93140000E-05 -7.75446000E-04  5.05498000E-04
2001-12-04T03:11:07.208  1.05522700E-03  7.29060000E-05  1.72030000E-04
2001-12-04T03:11:08.212 -8.93251000E-04 -5.48611000E-04 -7.06854000E-04
2001-12-04T03:11:09.208  1.08396000E-04  1.28588600E-03  1.93504000E-04
2001-12-04T03:11:10.212 -1.59092200E-03 -3.96680000E-04  9.05450000E-05
2001-12-04T03:11:11.208  1.11407600E-03  7.96460000E-05  8.09475000E-04
2001-12-04T03:11:12.208 -1.96458000E-04 -6.60240000E-04 -2.23701000E-04
2001-12-04T03:11:13.208  4.60105000E-04  6.52112000E-04 -5.96418000E-04
2001-12-04T03:11:14.212 -5.18910000E-05  1.48354600E-03  6.43360000E-04
2001-12-04T03:11:15.212 -4.18900000E-05 -1.22785000E-04  8.40656000E-04
2001-12-04T03:11:16.212 -1.12514000E-04 -1.13853600E-03 -1.45490500E-03
2001-12-04T03:11:17.208 -3.47980000E-05 -1.50473000E-04  3.38289000E-04
2001-12-04T03:11:18.212 -9.32382000E-04 -9.48000000E-06  4.63661000E-04
2001-12-04T03:11:19.208 -7.91790000E-04  2.46626000E-04  1.40009500E-03
2001-12-04T03:11:20.216  1.08619900E-03  1.02193000E-03 -4.87513000E-04
2001-12-04T03:11:21.208 -4.91539000E-04 -6.26498000E-04 -4.41932000E-04
2001-12-04T03:11:22.212  1.33258600E-03  3.72511000E-04  1.44612000E-04
2001-12-04T03:11:23.208 -1.23673000E-03 -4.48645000E-04  9.57619000E-04
2001-12-04T03:11:24.212  2.09399000E-04  1.61525300E-03 -3.21682000E-04
2001-12-04T03:11:25.208 -8.30798000E-04 -9.09285000E-04 -3.67504000E-04
2001-12-04T03:11:26.212  1.48414300E-03 -8.87890000E-05  3.71466000E-04
2001-12-04T03:11:27.208 -3.23695000E-04 -1.03433500E-03  8.33420000E-04
2001-12-04T03:11:28.212  2.92623000E-04  1.18380700E-03  7.75560000E-05
2001-12-04T03:11:29.208 -1.53718900E-03 -1.06200000E-06  4.97380000E-05
2001-12-04T03:11:30.212  4.65244000E-04  5.88555000E-04  6.72408000E-04
2001-12-04T03:11:31.212  2.94538000E-04 -8.29501000E-04  1.03030700E-03
2001-12-04T03:11:32.212  4.25015000E-04 -2.25581000E-04 -8.52898000E-04
2001-12-04T03:11:33.212 -4.16129000E-04  5.04837000E-04  3.45580000E-05
2001-12-04T03:11:34.212 -8.35446000E-04  8.92775000E-04 -7.05471000E-04
2001-12-04T03:11:35.208  6.17980000E-04  5.51714000E-04  7.09122000E-04
2001-12-04T03:11:36.216  2.59835000E-04 -1.31493100E-03  1.05185200E-03
2001-12-04T03:11:37.208  9.43835000E-04  8.07050000E-04 -1.86563000E-04
2001-12-04T03:11:38.212 -8.32443000E-04 -7.32697000E-04  3.26605000E-04
2001-12-04T03:11:39.208  7.57502000E-04  1.31492300E-03  2.47039000E-04
2001-12-04T03:11:40.212 -1.03241300E-03 -3.58816000E-04  3.21806000E-04
2001-12-04T03:11:41.208  8.09899000E-04  8.09550000E-04 -1.62687200E-03
2001-12-04T03:11:42.212 -8.38678000E-04 -1.14971300E-03 -4.67934000E-04
2001-12-04T03:11:43.208  1.00621400E-03  6.45100000E-04  2.45167000E-04
2001-12-04T03:11:44.208 -1.11445400E-03 -4.33262000E-04  1.98860000E-04
2001-12-04T03:11:45.208  7.99347000E-04  3.13115000E-04 -4.37195000E-04
2001-12-04T03:11:46.212 -4.39680000E-05 -1.74448600E-03 -9.04000000E-07
2001-12-04T03:11:47.212  7.79144000E-04 -3.37480000E-05  9.67634000E-04
2001-12-04T03:11:48.216 -6.27579000E-04 -6.30470000E-05  2.62974000E-04
2001-12-04T03:11:49.208 -5.65506000E-04  8.60989000E-04 -8.10450000E-04
2001-12-04T03:11:50.212 -1.20505000E-04  8.13965000E-04  3.38660000E-04
2001-12-04T03:11:51.208  8.11713000E-04 -6.54305000E-04  1.31025200E-03
2001-12-04T03:11:52.216  7.00185000E-04  2.57727000E-04  1.04850000E-04
2001-12-04T03:11:53.208 -3.62920000E-04 -3.18022000E-04 -1.49896000E-04
2001-12-04T03:11:54.212  2.55166000E-04  1.32667300E-03 -1.50896000E-04
2001-12-04T03:11:55.208 -5.38613000E-04 -5.25554000E-04  3.95140000E-04
2001-12-04T03:11:56.212  1.63576300E-03  4.01872000E-04  3.11492000E-04
2001-12-04T03:11:57.208 -7.72526000E-04 -8.72461000E-04  1.40577000E-04
2001-12-04T03:11:58.212  1.14300500E-03  6.83197000E-04 -4.11631000E-04
2001-12-04T03:11:59.208 -1.36492800E-03  7.13695000E-04  6.66788000E-04
2001-12-04T03:12:00.208  6.65570000E-04  9.80719000E-04  8.91340000E-05
2001-12-04T03:12:01.208 -7.12180000E-05 -4.58686000E-04  4.06109000E-04
2001-12-04T03:12:02.212  1.24136700E-03 -1.43413000E-04  3.34480000E-05
2001-12-04T03:12:03.212 -9.24197000E-04 -4.15029000E-04  9.77691000E-04
2001-12-04T03:12:04.212  8.02700000E-06  7.98662000E-04  5.27415000E-04
2001-12-04T03:12:05.208 -6.55452000E-04 -4.44235000E-04 -1.27013000E-04
2001-12-04T03:12:06.212  3.13915000E-04  1.09476000E-04  2.35859000E-04
2001-12-04T03:12:07.208 -2.11008000E-04 -5.99380000E-05 -1.40939000E-04
2001-12-04T03:12:08.220 -8.74710000E-05  1.19328000E-04 -5.82081000E-04
2001-12-04T03:12:09.208 -4.08727000E-04  1.06973000E-03  1.92276000E-04
2001-12-04T03:12:10.212 -8.67181000E-04  3.59175000E-04  1.91134000E-04
2001-12-04T03:12:11.208  5.51293000E-04 -2.96632000E-04  7.68439000E-04
2001-12-04T03:12:12.212  4.41000000E-07 -5.31535000E-04 -1.09551000E-04
2001-12-04T03:12:13.208  9.26816000E-04  7.72042000E-04 -7.94934000E-04
2001-12-04T03:12:14.212 -6.34655000E-04 -1.56131000E-04 -1.65550000E-04
2001-12-04T03:12:15.208 -3.04183000E-04  4.30399000E-04  2.89395000E-04
2001-12-04T03:12:16.208 -1.01981000E-04 -1.21421500E-03 -1.86076000E-04
2001-12-04T03:12:17.208  1.09077600E-03  3.20700000E-06  3.13962000E-04
2001-12-04T03:12:18.212 -1.01900300E-03 -4.32407000E-04 -3.81000000E-05
2001-12-04T03:12:19.212  4.83910000E-05  9.84409000E-04  1.28114700E-03
2001-12-04T03:12:20.212 -8.60784000E-04 -7.11902000E-04  2.74723000E-04
2001-12-04T03:12:21.208  1.25239400E-03  5.58620000E-04 -1.30061200E-03
2001-12-04T03:12:22.212 -4.91428000E-04 -1.25690100E-03 -8.10722000E-04
2001-12-04T03:12:23.208  3.90497000E-04  1.05808300E-03 -6.23308000E-04
2001-12-04T03:12:24.216 -1.08946500E-03 -4.71410000E-04 -1.36938000E-04
2001-12-04T03:12:25.208  1.42729000E-04  9.58424000E-04 -6.55932000E-04
2001-12-04T03:12:26.212  2.22823000E-04 -8.08070000E-04 -6.47435000E-04
2001-12-04T03:12:27.208  5.69579000E-04 -1.93864000E-04  9.84000000E-06
2001-12-04T03:12:28.212 -4.04596000E-04 -5.55578000E-04  8.34109000E-04
2001-12-04T03:12:29.208 -3.08900000E-04  5.02411000E-04 -7.96503000E-04
2001-12-04T03:12:30.212 -4.74589000E-04  2.71082000E-04 -6.66934000E-04
2001-12-04T03:12:31.208  3.19727000E-04 -4.83445000E-04 -7.58890000E-04
2001-12-04T03:12:32.208  6.18536000E-04 -9.15170000E-05 -2.69985000E-04
2001-12-04T03:12:33.208 -4.18973000E-04 -1.73760000E-05 -3.20287000E-04
2001-12-04T03:12:34.212  1.27510000E-05  1.16285000E-03 -1.56103200E-03
2001-12-04T03:12:35.212 -5.84488000E-04 -4.73211000E-04  6.83260000E-05
2001-12-04T03:12:36.212  9.59501000E-04  4.62231000E-04  6.08337000E-04
2001-12-04T03:12:37.208 -2.59401000E-04 -6.05606000E-04 -9.76131000E-04
2001-12-04T03:12:38.212  2.81154000E-04  4.58542000E-04 -1.38274700E-03
2001-12-04T03:12:39.208 -1.24702300E-03 -5.33620000E-05  2.98612000E-04
2001-12-04T03:12:40.216 -7.02550000E-05  1.02699400E-03  1.12502900E-03
2001-12-04T03:12:41.208 -6.67881000E-04 -7.70301000E-04  9.52193000E-04
2001-12-04T03:12:42.212  1.32404400E-03  4.32146000E-04 -5.35324000E-04
2001-12-04T03:12:43.208 -1.20572000E-03 -8.88313000E-04 -3.40490000E-04
2001-12-04T03:12:44.212  2.32643000E-04  1.42558300E-03  5.05150000E-05
2001-12-04T03:12:45.208 -9.21618000E-04 -2.30604000E-04  8.00757000E-04
2001-12-04T03:12:46.212  1.03033900E-03  3.21306000E-04 -8.25855000E-04
2001-12-04T03:12:47.208 -2.69328000E-04 -7.47200000E-04  4.90639000E-04
2001-12-04T03:12:48.212 -8.78310000E-05  1.06257600E-03  1.39663700E-03
2001-12-04T03:12:49.208 -4.12679000E-04  3.11710000E-04  1.92596000E-04
2001-12-04T03:12:50.212  5.72695000E-04 -2.49452000E-04  6.47550000E-05
2001-12-04T03:12:51.212  3.29189000E-04 -9.81040000E-04 -1.55663200E-03
2001-12-04T03:12:52.212 -1.64171000E-04 -2.44703000E-04  1.63247000E-04
2001-12-04T03:12:53.212 -2.79067000E-04  6.12886000E-04 -4.18812000E-04
2001-12-04T03:12:54.212 -7.40075000E-04  3.45363000E-04 -8.26363000E-04
2001-12-04T03:12:55.208  3.30974000E-04 -1.29398000E-04 -3.87345000E-04
2001-12-04T03:12:56.216 -2.30504000E-04 -1.00870100E-03  1.87086000E-04
2001-12-04T03:12:57.208  1.23451500E-03  1.02747100E-03 -4.57558000E-04
2001-12-04T03:12:58.212 -7.29683000E-04 -1.28895000E-04  3.44316000E-04
2001-12-04T03:12:59.208  8.21060000E-04  1.39902300E-03 -1.92691000E-04
2001-12-04T03:13:00.212 -2.38861000E-04 -1.29740600E-03 -5.42380000E-04
2001-12-04T03:13:01.208  1.15679500E-03  3.83100000E-05  5.12916000E-04
2001-12-04T03:13:02.212 -5.97038000E-04 -7.16960000E-04  6.70980000E-05
2001-12-04T03:13:03.208  3.15120000E-05  1.31448800E-03  4.75992000E-04
2001-12-04T03:13:04.208 -1.40481900E-03 -1.05827700E-03  5.64496000E-04
2001-12-04T03:13:05.208  5.07262000E-04  7.14961000E-04  6.68248000E-04
2001-12-04T03:13:06.212 -8.24160000E-05 -7.28729000E-04 -5.33147000E-04
2001-12-04T03:13:07.212  2.72015000E-04  5.74543000E-04 -3.97901000E-04
2001-12-04T03:13:08.216 -5.05570000E-04  4.82820000E-05  3.08992000E-04
2001-12-04T03:13:09.208 -4.29003000E-04  1.00989400E-03 -4.25972000E-04
2001-12-04T03:13:10.212  4.37587000E-04 -3.30664000E-04 -1.49567700E-03
2001-12-04T03:13:11.208  3.75570000E-04 -7.36943000E-04  5.86622000E-04
2001-12-04T03:13:12.216  4.43971000E-04 -2.36285000E-04 -1.45233000E-04
2001-12-04T03:13:13.208 -7.22549000E-04  2.56061000E-04 -4.84555000E-04
2001-12-04T03:13:14.212  1.97993000E-04  1.12115000E-03 -4.26506000E-04
2001-12-04T03:13:15.208 -3.70183000E-04 -4.42455000E-04  7.81710000E-05
2001-12-04T03:13:16.212  1.46944200E-03  6.37891000E-04  1.08983700E-03
2001-12-04T03:13:17.208 -4.56554000E-04 -5.44099000E-04  2.66537000E-04
2001-12-04T03:13:18.212 -8.67990000E-05  6.41185000E-04 -6.50651000E-04
2001-12-04T03:13:19.208 -1.26039700E-03  4.26137000E-04  4.48119000E-04
2001-12-04T03:13:20.208  6.37200000E-04  1.23080400E-03  9.60549000E-04
2001-12-04T03:13:21.208 -8.79130000E-05 -1.23803800E-03 -6.35307000E-04
2001-12-04T03:13:22.212  1.11595200E-03  5.33279000E-04 -6.27960000E-04
2001-12-04T03:13:23.212 -1.17605400E-03 -2.48300000E-04  9.03385000E-04
2001-12-04T03:13:24.212  3.17495000E-04  8.60490000E-04  3.18995000E-04
2001-12-04T03:13:25.208 -1.47830500E-03 -5.45025000E-04 -8.52444000E-04
2001-12-04T03:13:26.212  1.12108500E-03  1.42179000E-04 -2.16902000E-04
2001-12-04T03:13:27.208 -2.56239000E-04 -8.85848000E-04 -4.85246000E-04
2001-12-04T03:13:28.220  2.25139000E-04  4.63860000E-04  7.09115000E-04
2001-12-04T03:13:29.208 -1.28898800E-03  3.40933000E-04 -3.28830000E-05
2001-12-04T03:13:30.212 -5.88822000E-04  2.67440000E-04 -2.86594000E-04
2001-12-04T03:13:31.208  7.12611000E-04  3.16864000E-04  7.91808000E-04
2001-12-04T03:13:32.212  4.13220000E-05 -9.70544000E-04  1.45601300E-03
2001-12-04T03:13:33.208  5.89056000E-04  6.03926000E-04 -6.83879000E-04
2001-12-04T03:13:34.212 -9.15061000E-04  2.18078000E-04 -9.53382000E-04
2001-12-04T03:13:35.208  1.56809000E-04  1.39299000E-03  1.69361000E-04
2001-12-04T03:13:36.208 -4.24320000E-05 -1.34274400E-03 -8.86980000E-05
2001-12-04T03:13:37.208  5.29413000E-04  7.19243000E-04  6.69469000E-04
2001-12-04T03:13:38.212 -5.07264000E-04 -9.68806000E-04 -2.46496000E-04
2001-12-04T03:13:39.212  4.18010000E-04  1.32888800E-03  1.33389000E-04
2001-12-04T03:13:40.212 -8.88257000E-04 -5.37819000E-04  8.31951000E-04
2001-12-04T03:13:41.208  6.22326000E-04  4.91609000E-04  4.57829000E-04
2001-12-04T03:13:42.212  1.55311000E-04 -8.69301000E-04 -2.95293000E-04
2001-12-04T03:13:43.208  4.44788000E-04  8.56100000E-06 -1.01001000E-03
2001-12-04T03:13:44.216 -7.16404000E-04  9.03933000E-04  6.89300000E-06
2001-12-04T03:13:45.208 -1.29196000E-04  2.86625000E-04 -1.36760000E-05
2001-12-04T03:13:46.212  7.77900000E-05 -3.94833000E-04 -1.30102000E-03
2001-12-04T03:13:47.208  6.17852000E-04 -1.07505700E-03 -5.16267000E-04
2001-12-04T03:13:48.212  4.26430000E-05 -5.91890000E-05  1.83900000E-06
2001-12-04T03:13:49.208 -7.24713000E-04 -1.89480000E-05  3.57864000E-04
2001-12-04T03:13:50.212 -1.20264000E-04  9.64064000E-04  2.77808000E-04
2001-12-04T03:13:51.208 -1.00692400E-03 -3.52993000E-04 -9.60648000E-04
2001-12-04T03:13:52.208  1.52349200E-03 -6.75100000E-06  7.30597000E-04
2001-12-04T03:13:53.208 -6.42716000E-04 -1.06844700E-03  8.91644000E-04
2001-12-04T03:13:54.212  6.62476000E-04  1.59051000E-03 -1.17776900E-03
2001-12-04T03:13:55.212 -1.20781400E-03 -5.21974000E-04 -1.37021400E-03
2001-12-04T03:13:56.212  1.36349300E-03  6.76633000E-04  3.08850000E-04
2001-12-04T03:13:57.208 -3.73190000E-04 -1.49943600E-03  3.21672000E-04
2001-12-04T03:13:58.212  9.65670000E-04  8.87826000E-04 -2.36293000E-04
2001-12-04T03:13:59.208 -1.06413300E-03 -3.60265000E-04  3.82490000E-05
2001-12-04T03:14:00.216  1.69510000E-05  1.06020600E-03 -9.45350000E-05
2001-12-04T03:14:01.208 -4.33691000E-04 -6.10225000E-04 -1.82334000E-04
2001-12-04T03:14:02.212  6.30883000E-04  2.11282000E-04 -4.85683000E-04
2001-12-04T03:14:03.208 -2.78707000E-04 -9.16983000E-04 -2.23559000E-04
2001-12-04T03:14:04.212  4.28510000E-04  5.62435000E-04  5.01194000E-04
2001-12-04T03:14:05.208 -7.21620000E-04  2.44810000E-04 -1.66262000E-04
2001-12-04T03:14:06.212  2.04391000E-04  4.93302000E-04  9.17154000E-04
2001-12-04T03:14:07.208  2.69498000E-04 -1.39844000E-04 -7.56329000E-04
2001-12-04T03:14:08.212  1.52882000E-04  9.40370000E-05 -7.43161000E-04
2001-12-04T03:14:09.208 -3.19656000E-04  4.63865000E-04  1.35299100E-03
2001-12-04T03:14:10.212 -6.64334000E-04  9.06270000E-05  4.55363000E-04
2001-12-04T03:14:11.212  7.78914000E-04  7.58230000E-04 -2.94752000E-04
2001-12-04T03:14:12.212  3.97235000E-04 -9.57064000E-04 -8.30700000E-06
2001-12-04T03:14:13.212  5.86329000E-04  5.89800000E-05  3.75832000E-04
2001-12-04T03:14:14.212 -9.43671000E-04  3.20421000E-04  4.33714000E-04
2001-12-04T03:14:15.208 -3.46740000E-05  1.15047200E-03 -5.45273000E-04
2001-12-04T03:14:16.216 -6.50402000E-04 -3.33085000E-04 -1.14106000E-04
2001-12-04T03:14:17.208  1.20694300E-03  1.73422000E-04 -1.40481000E-04
2001-12-04T03:14:18.212 -2.88577000E-04 -6.38451000E-04  3.88410000E-04
2001-12-04T03:14:19.208  7.72521000E-04  1.12198400E-03 -9.07380000E-05
2001-12-04T03:14:20.212 -9.01792000E-04 -2.74057000E-04 -6.47494000E-04
2001-12-04T03:14:21.208  9.23074000E-04  5.55351000E-04  8.56890000E-04
2001-12-04T03:14:22.212 -4.48557000E-04 -1.50965700E-03  7.10024000E-04
2001-12-04T03:14:23.208  7.62866000E-04  3.49105000E-04  1.03189200E-03
2001-12-04T03:14:24.208 -8.57485000E-04  2.64146000E-04 -1.39669600E-03
2001-12-04T03:14:25.208  3.04404000E-04  7.91827000E-04 -4.65703000E-04
2001-12-04T03:14:26.212 -1.19522400E-03 -9.49525000E-04 -1.99731000E-04
2001-12-04T03:14:27.212  1.06743300E-03  3.38178000E-04 -2.25507000E-04
2001-12-04T03:14:28.216 -3.92089000E-04 -4.51315000E-04 -1.11586100E-03
2001-12-04T03:14:29.208  7.06250000E-05  5.83297000E-04 -2.91922000E-04
2001-12-04T03:14:30.212 -1.04222000E-03 -1.16866000E-04  1.11828200E-03
2001-12-04T03:14:31.208  5.12023000E-04 -1.78179000E-04 -2.16120000E-04
2001-12-04T03:14:32.216  3.08942000E-04 -6.43080000E-04  1.54321000E-04
2001-12-04T03:14:33.208 -1.49248000E-04 -2.71988000E-04 -6.79369000E-04
2001-12-04T03:14:34.212  6.09580000E-04  1.25914700E-03  2.00906000E-04
2001-12-04T03:14:35.208 -6.96308000E-04  9.50250000E-05  2.89058000E-04
2001-12-04T03:14:36.212  1.60850500E-03  5.64177000E-04  4.67825000E-04
2001-12-04T03:14:37.208 -6.98215000E-04 -3.92753000E-04 -1.17680100E-03
2001-12-04T03:14:38.212  9.52481000E-04  7.26144000E-04  1.73108000E-04
2001-12-04T03:14:39.208 -1.02514300E-03 -3.62883000E-04  1.78646900E-03
2001-12-04T03:14:40.208  1.31963900E-03  4.10925000E-04  3.15730000E-05
2001-12-04T03:14:41.208 -1.08083400E-03 -1.30008400E-03 -9.18163000E-04
2001-12-04T03:14:42.212  1.52610500E-03 -2.19706000E-04  7.18197000E-04
2001-12-04T03:14:43.212 -7.51435000E-04 -5.69593000E-04  3.06824000E-04
2001-12-04T03:14:44.212  2.21311000E-04  7.99963000E-04 -5.76122000E-04
2001-12-04T03:14:45.208 -4.07156000E-04  1.79038000E-04  3.30839000E-04
2001-12-04T03:14:46.212  4.96918000E-04 -5.10347000E-04 -2.38800000E-04
2001-12-04T03:14:47.208  8.42323000E-04 -6.46590000E-05  4.92890000E-04
2001-12-04T03:14:48.220  4.84990000E-05 -3.22023000E-04 -1.15743100E-03
2001-12-04T03:14:49.208  4.41433000E-04  6.71970000E-04 -6.74939000E-04
2001-12-04T03:14:50.212 -4.88930000E-04 -1.64782000E-04  2.92605000E-04
2001-12-04T03:14:51.208  1.66118900E-03  3.97452000E-04  5.93210000E-05
2001-12-04T03:14:52.212 -4.90953000E-04 -8.57849000E-04 -6.66365000E-04
2001-12-04T03:14:53.208  8.05448000E-04  1.02549500E-03 -1.12277400E-03
2001-12-04T03:14:54.212 -1.14085500E-03 -6.67562000E-04  2.83021000E-04
2001-12-04T03:14:55.208  5.88412000E-04  7.05549000E-04  5.46800000E-04
2001-12-04T03:14:56.208  3.55750000E-04 -1.14749300E-03  1.51660000E-05
2001-12-04T03:14:57.208  6.99830000E-04  1.12431000E-04  6.26386000E-04
2001-12-04T03:14:58.212  1.29587000E-04  3.75166000E-04  2.12631000E-04
2001-12-04T03:14:59.212 -6.46292000E-04  1.37904600E-03 -4.32441000E-04
2001-12-04T03:15:00.212 -3.67235000E-04 -3.23060000E-05  2.03569000E-04
2001-12-04T03:15:01.208  1.63631000E-04  1.47390000E-04 -4.41820000E-05
2001-12-04T03:15:02.212  6.27687000E-04  1.21106000E-04 -2.39334000E-04
2001-12-04T03:15:03.208 -4.48410000E-05  7.06500000E-05  9.47081000E-04
2001-12-04T03:15:04.216 -8.14704000E-04  4.53602000E-04 -5.04721000E-04
2001-12-04T03:15:05.208 -9.51700000E-05 -2.34490000E-04 -5.06804000E-04
2001-12-04T03:15:06.212  3.45209000E-04 -5.03602000E-04  6.72264000E-04
2001-12-04T03:15:07.208 -2.31697000E-04 -4.70666000E-04 -1.73267000E-04
2001-12-04T03:15:08.212 -2.59470000E-04  2.99355000E-04  5.64063000E-04
2001-12-04T03:15:09.208 -1.31661200E-03  2.39636000E-04  2.10349000E-04
2001-12-04T03:15:10.212  6.50766000E-04  5.11046000E-04 -2.54243000E-04
2001-12-04T03:15:11.208  1.52578000E-04 -1.37232800E-03  1.18147000E-04
2001-12-04T03:15:12.208  1.56975300E-03  9.93075000E-04 -6.84758000E-04
2001-12-04T03:15:13.208 -5.40476000E-04  6.82610000E-05  4.56124000E-04
2001-12-04T03:15:14.212  9.42984000E-04  9.56837000E-04  8.81015000E-04
2001-12-04T03:15:15.212 -1.09248500E-03 -5.38290000E-04  4.07375000E-04
2001-12-04T03:15:16.212  1.34461900E-03  1.84230000E-04  1.05974000E-04
2001-12-04T03:15:17.208 -6.18991000E-04 -1.08181400E-03 -5.14800000E-05
2001-12-04T03:15:18.212  3.99685000E-04  7.35164000E-04  9.81047000E-04
2001-12-04T03:15:19.208 -8.45370000E-04  5.25820000E-04  1.24822500E-03
2001-12-04T03:15:20.216 -1.49756000E-04  7.16957000E-04 -4.41552000E-04
2001-12-04T03:15:21.208  2.46658000E-04 -4.28877000E-04 -4.67363000E-04
2001-12-04T03:15:22.212  6.53905000E-04 -6.47281000E-04 -3.86032000E-04
2001-12-04T03:15:23.208  1.22932000E-04 -3.57866000E-04  5.52329000E-04
2001-12-04T03:15:24.212 -4.30186000E-04  3.44835000E-04  2.37511000E-04
2001-12-04T03:15:25.208 -3.14469000E-04  4.01720000E-04 -6.63925000E-04
2001-12-04T03:15:26.212  9.13250000E-05 -5.75147000E-04 -4.23123000E-04
2001-12-04T03:15:27.208  4.60262000E-04 -4.91755000E-04  6.69605000E-04
2001-12-04T03:15:28.212 -3.64533000E-04 -5.23518000E-04 -5.77760000E-05
2001-12-04T03:15:29.208  3.61266000E-04  1.32609000E-03 -7.33551000E-04
2001-12-04T03:15:30.212 -9.21760000E-04 -3.36280000E-04 -7.42072000E-04
2001-12-04T03:15:31.212  7.83245000E-04  9.34133000E-04 -6.81190000E-05
2001-12-04T03:15:32.212 -6.64368000E-04 -1.40852400E-03 -4.40945000E-04
2001-12-04T03:15:33.212  1.14658900E-03  4.05779000E-04  2.29679000E-04
2001-12-04T03:15:34.212 -9.69827000E-04 -5.80404000E-04 -2.27190000E-05
2001-12-04T03:15:35.208  4.34885000E-04  1.14891000E-03 -5.72993000E-04
2001-12-04T03:15:36.216 -1.22313400E-03 -1.02384000E-04  8.61215000E-04
2001-12-04T03:15:37.208  1.30344000E-03 -1.81844000E-04 -2.40152000E-04
2001-12-04T03:15:38.212  6.16719000E-04 -4.14717000E-04 -2.90532000E-04
2001-12-04T03:15:39.208 -2.65380000E-05  4.92589000E-04 -1.61426000E-04
2001-12-04T03:15:40.212  1.87150000E-05  9.10550000E-04  3.74506000E-04
2001-12-04T03:15:41.208 -4.81540000E-04  2.29208000E-04  8.03591000E-04
2001-12-04T03:15:42.212  2.09605000E-04  3.77730000E-04 -1.98505000E-04
2001-12-04T03:15:43.208 -3.05165000E-04 -8.82565000E-04  4.20280000E-04
2001-12-04T03:15:44.208  1.07941900E-03  6.89979000E-04  2.66535000E-04
2001-12-04T03:15:45.208 -1.42033400E-03 -4.84407000E-04  1.06553100E-03
2001-12-04T03:15:46.212  3.49692000E-04  1.20791700E-03 -8.08635000E-04
2001-12-04T03:15:47.208 -7.72402000E-04 -4.94579000E-04 -1.61347000E-04
2001-12-04T03:15:48.216  5.50604000E-04  1.58861000E-04 -5.95170000E-05
2001-12-04T03:15:49.208 -1.66393000E-04 -8.04940000E-04 -5.67053000E-04
2001-12-04T03:15:50.212  3.48427000E-04 -1.44921000E-04 -4.07527000E-04
2001-12-04T03:15:51.208 -7.45719000E-04  2.17104000E-04  1.33181000E-04
2001-12-04T03:15:52.216 -8.34828000E-04  2.51270000E-04  2.78556000E-04
2001-12-04T03:15:53.208  3.56926000E-04  9.01923000E-04 -1.22020000E-05
2001-12-04T03:15:54.212 -3.32440000E-04 -7.29352000E-04 -6.59955000E-04
2001-12-04T03:15:55.208  1.57098100E-03 -3.12500000E-05 -2.01565000E-04
2001-12-04T03:15:56.212 -9.91853000E-04 -3.39258000E-04  1.72812200E-03
2001-12-04T03:15:57.208  3.22013000E-04  9.85548000E-04  5.21424000E-04
2001-12-04T03:15:58.212 -8.23335000E-04  9.82321000E-04 -3.04210000E-05
2001-12-04T03:15:59.208 -2.11288000E-04  6.47369000E-04 -1.12836000E-04
2001-12-04T03:16:00.208  7.40599000E-04  1.54318000E-04  6.93469000E-04
2001-12-04T03:16:01.208 -1.04490000E-05 -9.08267000E-04  2.96798000E-04
2001-12-04T03:16:02.212  1.04308600E-03  3.28382000E-04 -2.87827000E-04
2001-12-04T03:16:03.208 -1.20865400E-03 -8.12690000E-05  6.34465000E-04
2001-12-04T03:16:04.212  5.27279000E-04  1.29024800E-03  8.44346000E-04
2001-12-04T03:16:05.208 -4.60990000E-04 -3.70112000E-04 -3.34595000E-04
2001-12-04T03:16:06.212  7.69937000E-04  6.37664000E-04 -1.32540400E-03
2001-12-04T03:16:07.208 -1.30909000E-04 -1.34589500E-03 -5.59710000E-05
2001-12-04T03:16:08.219  4.66007000E-04  1.02873000E-04  7.07668000E-04
2001-12-04T03:16:09.208  6.92170000E-05  3.16838000E-04 -1.94689000E-04
2001-12-04T03:16:10.212 -7.08667000E-04  2.72998000E-04 -8.03392000E-04
2001-12-04T03:16:11.208 -2.04685000E-04  7.36472000E-04  7.64330000E-05
2001-12-04T03:16:12.212 -1.30343500E-03 -8.05850000E-05  1.31154000E-03
2001-12-04T03:16:13.208  8.78631000E-04  4.67928000E-04  1.00780600E-03
2001-12-04T03:16:14.212 -4.55217000E-04 -1.04717600E-03 -1.76540000E-05
2001-12-04T03:16:15.208  8.34893000E-04 -4.93100000E-06 -2.68494000E-04
2001-12-04T03:16:16.208  1.15504000E-04  2.56473000E-04 -5.83594000E-04
2001-12-04T03:16:17.208 -6.10112000E-04  1.54350000E-04  9.34116000E-04
2001-12-04T03:16:18.212  6.09036000E-04  1.51970700E-03  7.15959000E-04
2001-12-04T03:16:19.208 -1.29370900E-03  3.93260000E-04 -3.00699000E-04
2001-12-04T03:16:20.212  2.68323000E-04  6.56082000E-04 -6.07600000E-05
2001-12-04T03:16:21.208  4.92427000E-04  3.11823000E-04  4.31820000E-04
2001-12-04T03:16:22.212 -3.42800000E-05 -7.91701000E-04  9.87513000E-04
2001-12-04T03:16:23.208  1.36618200E-03  8.41332000E-04 -8.99156000E-04
2001-12-04T03:16:24.216 -6.26301000E-04 -8.04775000E-04  3.78668000E-04
2001-12-04T03:16:25.208  2.74830000E-05  2.90496000E-04  5.34660000E-04
2001-12-04T03:16:26.212  7.72551000E-04  1.95030900E-03 -3.99191000E-04
2001-12-04T03:16:27.208 -1.00469900E-03  1.30456000E-04 -8.30247000E-04
2001-12-04T03:16:28.212  1.44399000E-04  1.01959300E-03  2.92460000E-04
2001-12-04T03:16:29.208  9.99320000E-05  2.16148400E-03  3.43191000E-04
2001-12-04T03:16:30.212 -1.82502200E-03  5.35519000E-04 -1.07201000E-04
2001-12-04T03:16:31.208 -1.42595000E-04  1.41408600E-03 -1.48672400E-03
2001-12-04T03:16:32.208  2.00630000E-04  1.90032900E-03 -3.56673000E-04
2001-12-04T03:16:33.208 -1.21102400E-03  6.06260000E-05  2.35801000E-04
2001-12-04T03:16:34.212 -4.30570000E-04  1.43478300E-03 -4.71965000E-04
2001-12-04T03:16:35.208  6.26803000E-04  2.21818200E-03 -4.78006000E-04
2001-12-04T03:16:36.212 -8.02180000E-04  1.10292900E-03 -1.91207000E-04
2001-12-04T03:16:37.208 -1.15003300E-03  9.06636000E-04  4.79176000E-04
2001-12-04T03:16:38.212  2.46595000E-04  1.77709200E-03 -2.77026000E-04
2001-12-04T03:16:39.208  1.13636100E-03  2.17439900E-03 -1.22348200E-03
2001-12-04T03:16:40.216  7.53640000E-04  6.84055000E-04 -4.69196000E-04
2001-12-04T03:16:41.208 -3.94015000E-04  4.44068000E-04 -1.39609000E-04
2001-12-04T03:16:42.212 -2.94396000E-04  2.14265000E-04  1.24125000E-03
2001-12-04T03:16:43.208 -4.53364000E-04  1.42239400E-03 -3.08927000E-04
2001-12-04T03:16:44.212  3.46841000E-04  2.32585100E-03 -3.60822000E-04
2001-12-04T03:16:45.208  9.22372000E-04  1.92314500E-03 -7.09390000E-05
2001-12-04T03:16:46.212  1.52669900E-03  2.02445100E-03  2.71842000E-04
2001-12-04T03:16:47.208  3.57413000E-04  2.51991900E-03  5.61530000E-04
2001-12-04T03:16:48.212  1.54950000E-04  2.68230500E-03 -4.29323000E-04
2001-12-04T03:16:49.208  1.47133400E-03  2.24546800E-03  1.30641000E-04
2001-12-04T03:16:50.212  1.05161000E-04  3.14440300E-03 -2.82871000E-04
2001-12-04T03:16:51.208  3.22706000E-04  1.83748700E-03 -2.45537000E-04
2001-12-04T03:16:52.212  7.25621000E-04  3.49736100E-03 -4.59715000E-04
2001-12-04T03:16:53.212  8.30606000E-04  3.19280400E-03  4.78747000E-04
2001-12-04T03:16:54.212  4.68330000E-05  3.03079800E-03  1.76358000E-04
2001-12-04T03:16:55.208  1.79868000E-04  2.11926700E-03 -4.71829000E-04
2001-12-04T03:16:56.216 -1.23030800E-03  2.43547300E-03 -2.37085000E-04
2001-12-04T03:16:57.208 -6.31899000E-04  1.63333700E-03  2.05678000E-04
2001-12-04T03:16:58.212 -7.87550000E-04  3.19555900E-03  6.33476000E-04
2001-12-04T03:16:59.208  1.34075700E-03  3.09740800E-03  2.39970000E-05
2001-12-04T03:17:00.212  1.25943000E-04  3.23433700E-03 -5.51317000E-04
2001-12-04T03:17:01.208 -4.27258000E-04  2.89867600E-03 -2.67610000E-04
2001-12-04T03:17:02.212 -5.16225000E-04  2.04625000E-03 -5.73746000E-04
2001-12-04T03:17:03.208  9.88760000E-05  3.75623400E-03  3.65446000E-04
2001-12-04T03:17:04.208  1.00372700E-03  3.79994900E-03 -1.25701000E-03
2001-12-04T03:17:05.208  1.29054000E-04  2.32777500E-03  3.53170000E-05
2001-12-04T03:17:06.212 -3.77081000E-04  3.03692000E-03  2.95056000E-04
2001-12-04T03:17:07.208 -7.93381000E-04  3.25571900E-03 -4.53339000E-04
2001-12-04T03:17:08.216  9.79385000E-04  3.56626000E-03 -3.48407000E-04
2001-12-04T03:17:09.208 -8.06755000E-04  3.12356400E-03  4.70204000E-04
2001-12-04T03:17:10.212 -1.97717000E-04  4.17702200E-03  1.22911600E-03
2001-12-04T03:17:11.208  7.60652000E-04  4.05486300E-03  8.62002000E-04
2001-12-04T03:17:12.215 -1.80039000E-04  2.08130800E-03  3.94058000E-04
2001-12-04T03:17:13.208  3.38708000E-04  4.10037300E-03 -6.41198000E-04
2001-12-04T03:17:14.212 -2.66100000E-06  4.54219200E-03  1.02190500E-03
2001-12-04T03:17:15.208 -7.03288000E-04  4.33313200E-03  5.05656000E-04
2001-12-04T03:17:16.212 -5.33599000E-04  4.73483000E-03 -5.59420000E-04
2001-12-04T03:17:17.208  3.02622000E-04  5.20763700E-03 -2.46099000E-04
2001-12-04T03:17:18.212 -8.03683000E-04  3.79938900E-03  1.38218300E-03
2001-12-04T03:17:19.208  7.90210000E-04  5.35930700E-03  2.13178000E-04
2001-12-04T03:17:20.208 -1.17937000E-03  4.13539800E-03 -2.24210000E-04
2001-12-04T03:17:21.208  6.44700000E-06  4.71771300E-03  3.33882000E-04
2001-12-04T03:17:22.212  1.45951700E-03  5.61488800E-03  1.50157000E-04
2001-12-04T03:17:23.208 -4.87174000E-04  5.70568100E-03  1.22031900E-03
2001-12-04T03:17:24.212 -5.61809000E-04  4.46486100E-03 -5.24193000E-04
2001-12-04T03:17:25.208 -4.05088000E-04  5.82912800E-03 -1.62986000E-04
2001-12-04T03:17:26.212  1.18064000E-04  6.47855500E-03 -4.71382000E-04
2001-12-04T03:17:27.208  7.53066000E-04  6.73152200E-03  1.08581100E-03
2001-12-04T03:17:28.219  6.24530000E-04  7.22961600E-03 -3.16527000E-04
2001-12-04T03:17:29.208  1.27341400E-03  7.07984900E-03 -4.14109000E-04
2001-12-04T03:17:30.212  8.32451000E-04  7.36895500E-03  5.11386000E-04
2001-12-04T03:17:31.208  4.68099000E-04  7.31209000E-03  5.20314000E-04
2001-12-04T03:17:32.212  9.66604000E-04  6.78585200E-03 -6.88000000E-05
2001-12-04T03:17:33.208  2.96313000E-04  7.16326100E-03  5.62054000E-04
2001-12-04T03:17:34.212  1.41728000E-04  6.74235600E-03  8.18012000E-04
2001-12-04T03:17:35.208 -6.25554000E-04  6.84783000E-03  1.41633600E-03
2001-12-04T03:17:36.208 -7.35500000E-04  6.17390100E-03  4.27743000E-04
2001-12-04T03:17:37.208 -1.06119000E-03  6.48912700E-03  4.49754000E-04
2001-12-04T03:17:38.212 -1.30810400E-03  6.73136000E-03  1.14940500E-03
2001-12-04T03:17:39.208  1.29167000E-04  7.64618000E-03  6.04226000E-04
2001-12-04T03:17:40.212  6.15405000E-04  7.89085900E-03 -7.95002000E-04
2001-12-04T03:17:41.208 -8.83222000E-04  8.02466800E-03  2.24678000E-04
2001-12-04T03:17:42.212 -6.61621000E-04  6.40918300E-03  1.04406700E-03
2001-12-04T03:17:43.208 -1.31340200E-03  5.52588700E-03  5.22880000E-04
2001-12-04T03:17:44.215 -4.31192000E-04  7.05761000E-03 -6.01782000E-04
2001-12-04T03:17:45.208  1.08040600E-03  8.82432300E-03  2.04799000E-04
2001-12-04T03:17:46.212 -4.72292000E-04  8.17818500E-03  2.34537000E-04
2001-12-04T03:17:47.208 -7.55278000E-04  7.41116700E-03  1.08899700E-03
2001-12-04T03:17:48.212  9.72470000E-04  8.69538500E-03  1.08425700E-03
2001-12-04T03:17:49.208 -3.91001000E-04  8.30088400E-03 -1.45218000E-04
2001-12-04T03:17:50.212  3.62964000E-04  9.71590600E-03  6.30305000E-04
2001-12-04T03:17:51.208 -5.81753000E-04  8.25702700E-03  5.93415000E-04
2001-12-04T03:17:52.208  1.31689400E-03  9.55985800E-03 -1.25522000E-04
2001-12-04T03:17:53.208 -7.17298000E-04  8.53136000E-03 -2.97387000E-04
2001-12-04T03:17:54.212 -7.17372000E-04  9.09756500E-03 -3.30055000E-04
2001-12-04T03:17:55.208  7.25995000E-04  1.05240320E-02  5.05597000E-04
2001-12-04T03:17:56.212  8.88848000E-04  1.14541010E-02  9.99344000E-04
2001-12-04T03:17:57.208  3.08716000E-04  1.13407490E-02  6.56637000E-04
2001-12-04T03:17:58.212 -7.09334000E-04  9.80971900E-03 -7.93087000E-04
2001-12-04T03:17:59.208 -1.90834500E-03  9.94643300E-03 -5.70444000E-04
2001-12-04T03:18:00.215 -1.71352700E-03  1.01796350E-02  9.63070000E-04
2001-12-04T03:18:01.208 -7.59733000E-04  1.11599030E-02  7.78772000E-04
2001-12-04T03:18:02.212 -1.02556900E-03  1.01435610E-02 -1.02660000E-05
2001-12-04T03:18:03.208 -2.98088000E-04  9.81828500E-03  1.21084000E-04
2001-12-04T03:18:04.212  5.57905000E-04  1.02502210E-02  8.47041000E-04
2001-12-04T03:18:05.208  4.86289000E-04  1.10526760E-02  7.72700000E-04
2001-12-04T03:18:06.212 -7.23505000E-04  9.55949400E-03  5.20794000E-04
2001-12-04T03:18:07.208 -1.00300600E-03  1.05775980E-02 -3.44567000E-04
2001-12-04T03:18:08.212 -1.55788800E-03  1.07787340E-02  1.28448500E-03
2001-12-04T03:18:09.208 -1.58179300E-03  8.59199800E-03  1.05035900E-03
2001-12-04T03:18:10.212 -2.69088000E-04  1.16000440E-02  4.62967000E-04
2001-12-04T03:18:11.208  1.48170000E-04  1.18390260E-02 -6.98995000E-04
2001-12-04T03:18:12.212  1.04027700E-03  1.20046150E-02  3.98068000E-04
2001-12-04T03:18:13.212 -2.31595000E-04  1.18785420E-02  1.04558300E-03
2001-12-04T03:18:14.212 -1.43756400E-03  1.06843710E-02 -3.42997000E-04
2001-12-04T03:18:15.208  4.52942000E-04  1.35358940E-02  7.64100000E-05
2001-12-04T03:18:16.215  8.93945000E-04  1.26491940E-02  4.72338000E-04
2001-12-04T03:18:17.208 -3.76837000E-04  1.24748450E-02  1.09358300E-03
2001-12-04T03:18:18.212 -1.56929900E-03  1.23097860E-02  1.49081200E-03
2001-12-04T03:18:19.208  1.03639900E-03  1.38427220E-02 -1.22419700E-03
2001-12-04T03:18:20.212 -1.74750500E-03  1.29539570E-02  3.55463000E-04
2001-12-04T03:18:21.208  3.07120000E-05  1.44642330E-02  1.76677600E-03
2001-12-04T03:18:22.212 -1.59864500E-03  1.24107130E-02 -1.56085000E-04
2001-12-04T03:18:23.208  5.80125000E-04  1.34772400E-02 -4.62056000E-04
2001-12-04T03:18:24.208 -3.97597000E-04  1.37278750E-02 -1.34925000E-03
2001-12-04T03:18:25.208 -1.06978200E-03  1.31127210E-02  1.30292800E-03
2001-12-04T03:18:26.211  7.86374000E-04  1.44852650E-02  2.65519000E-04
2001-12-04T03:18:27.208  6.16072000E-04  1.54231400E-02 -4.57948000E-04
2001-12-04T03:18:28.215 -1.71574900E-03  1.34061770E-02 -9.02939000E-04
2001-12-04T03:18:29.208 -1.14705000E-03  1.43910130E-02  1.27703400E-03
2001-12-04T03:18:30.211 -3.17661000E-04  1.45675420E-02  1.29527100E-03
2001-12-04T03:18:31.208  3.74841000E-04  1.45061230E-02 -4.70839000E-04
2001-12-04T03:18:32.215 -1.59558000E-04  1.55167840E-02  3.29656000E-04
2001-12-04T03:18:33.208  4.92569000E-04  1.54715840E-02  1.23939500E-03
2001-12-04T03:18:34.211  7.54302000E-04  1.56469160E-02  3.37851000E-04
2001-12-04T03:18:35.208  5.10022000E-04  1.59834550E-02 -7.92207000E-04
2001-12-04T03:18:36.211 -2.46806000E-04  1.61919350E-02  8.50707000E-04
2001-12-04T03:18:37.208  1.28850000E-05  1.54012780E-02  1.75505700E-03
2001-12-04T03:18:38.211 -4.43165000E-04  1.58614940E-02  2.69301000E-04
2001-12-04T03:18:39.208 -3.69347000E-04  1.48811840E-02 -8.64793000E-04
2001-12-04T03:18:40.208 -1.29663000E-03  1.52183920E-02 -6.09080000E-05
2001-12-04T03:18:41.208 -2.69822400E-03  1.38535470E-02  1.14267400E-03
2001-12-04T03:18:42.211 -1.39417300E-03  1.43779530E-02  6.56710000E-05
2001-12-04T03:18:43.208  1.00243800E-03  1.70340740E-02 -5.24653000E-04
2001-12-04T03:18:44.211 -4.90097000E-04  1.66767650E-02 -2.20503000E-04
2001-12-04T03:18:45.208 -3.83899000E-04  1.54080790E-02  5.29856000E-04
2001-12-04T03:18:46.211  2.11423000E-04  1.66882950E-02 -1.16994000E-04
2001-12-04T03:18:47.208  9.72796000E-04  1.67276930E-02 -5.91815000E-04
2001-12-04T03:18:48.219 -3.58769000E-04  1.66250340E-02  3.45510000E-04
2001-12-04T03:18:49.208  3.76337000E-04  1.63650510E-02  1.90440000E-04
2001-12-04T03:18:50.211  4.18553000E-04  1.66219100E-02  5.59456000E-04
2001-12-04T03:18:51.208  3.13022000E-04  1.69491340E-02 -1.15864300E-03
2001-12-04T03:18:52.211  1.18830000E-05  1.56444220E-02 -2.14479000E-04
2001-12-04T03:18:53.208 -6.65789000E-04  1.61982740E-02  5.96426000E-04
2001-12-04T03:18:54.211 -1.86138200E-03  1.52169100E-02  4.42148000E-04
2001-12-04T03:18:55.208  9.37100000E-05  1.77706090E-02 -1.46693000E-04
2001-12-04T03:18:56.208 -1.13102000E-04  1.66918100E-02 -3.62620000E-05
2001-12-04T03:18:57.208 -1.25083200E-03  1.50596630E-02  8.88647000E-04
2001-12-04T03:18:58.215 -6.65141000E-04  1.57346870E-02  6.40481000E-04
2001-12-04T03:18:59.208 -1.58374700E-03  1.39545620E-02  3.48455000E-04
2001-12-04T03:19:00.211 -8.56971000E-04  1.42149430E-02 -6.26295000E-04
2001-12-04T03:19:01.208 -6.80708000E-04  1.43016660E-02  1.18708500E-03
2001-12-04T03:19:02.211 -3.10720000E-04  1.46178410E-02  4.84528000E-04
2001-12-04T03:19:03.208  5.49013000E-04  1.55341760E-02  4.82830000E-05
2001-12-04T03:19:04.219  5.21156000E-04  1.56751650E-02 -1.31881000E-04
2001-12-04T03:19:05.208  2.92076000E-04  1.61986570E-02  9.19966000E-04
2001-12-04T03:19:06.211  5.68978000E-04  1.54700300E-02 -5.12812000E-04
2001-12-04T03:19:07.208  8.70936000E-04  1.62103790E-02  7.04672000E-04
2001-12-04T03:19:08.211  6.87533000E-04  1.66239400E-02 -4.43713000E-04
2001-12-04T03:19:09.208 -1.91355000E-03  1.62691620E-02  5.74816000E-04
2001-12-04T03:19:10.211 -3.90804000E-04  1.85136570E-02 -5.55625000E-04
2001-12-04T03:19:11.208 -9.15756000E-04  1.62136850E-02 -5.51695000E-04
2001-12-04T03:19:12.208  1.39753600E-03  2.16565910E-02  1.72278000E-04
2001-12-04T03:19:13.208 -2.25051900E-03  1.83395630E-02  8.37193000E-04
2001-12-04T03:19:14.211 -1.03160000E-04  2.11149900E-02  7.03571000E-04
2001-12-04T03:19:15.208 -1.12658700E-03  2.10025240E-02  8.09287000E-04
2001-12-04T03:19:16.211  1.08216200E-03  2.33655610E-02 -2.21515000E-04
2001-12-04T03:19:17.208 -1.77022800E-03  2.20492070E-02  6.79230000E-05
2001-12-04T03:19:18.211 -6.13189000E-04  2.42573620E-02  1.12350200E-03
2001-12-04T03:19:19.208 -3.80966000E-04  2.58698370E-02  2.19410000E-04
2001-12-04T03:19:20.215 -4.09122000E-04  2.46415400E-02  1.23049300E-03
2001-12-04T03:19:21.208  7.25018000E-04  2.42734810E-02  6.15152000E-04
2001-12-04T03:19:22.211 -8.45572000E-04  2.20775230E-02  1.52440900E-03
2001-12-04T03:19:23.208 -1.47383800E-03  2.32807580E-02  7.01146000E-04
2001-12-04T03:19:24.211  7.70309000E-04  2.64579490E-02 -1.38302000E-04
2001-12-04T03:19:25.208 -2.03559000E-04  2.46833250E-02  8.68500000E-05
2001-12-04T03:19:26.211 -1.56974800E-03  2.43776220E-02  2.12707000E-04
2001-12-04T03:19:27.208 -1.26665000E-03  2.40048540E-02  4.93408000E-04
2001-12-04T03:19:28.211 -1.29795300E-03  2.26961000E-02  8.37875000E-04
2001-12-04T03:19:29.208 -1.56388000E-03  2.35381550E-02  9.93542000E-04
2001-12-04T03:19:30.211 -1.15717700E-03  2.30211390E-02 -3.33381000E-04
2001-12-04T03:19:31.208 -1.23253800E-03  2.28049140E-02  9.82400000E-04
2001-12-04T03:19:32.211 -4.87444000E-04  2.31966840E-02  7.30097000E-04
2001-12-04T03:19:33.211  1.06763000E-03  2.41336620E-02 -1.70998000E-04
2001-12-04T03:19:34.211 -7.33470000E-05  2.02374400E-02  1.53029200E-03
2001-12-04T03:19:35.207 -6.42715000E-04  2.02922730E-02  1.22346400E-03
2001-12-04T03:19:36.215 -5.97950000E-04  2.01458410E-02  1.39731000E-03
2001-12-04T03:19:37.207 -7.91264000E-04  2.03247410E-02  9.16773000E-04
2001-12-04T03:19:38.211  1.52723800E-03  2.18485890E-02  1.47133000E-04
2001-12-04T03:19:39.207 -3.79809000E-04  2.05675140E-02  6.69220000E-05
2001-12-04T03:19:40.211 -2.50272000E-04  1.98096470E-02  4.46428000E-04
2001-12-04T03:19:41.207 -3.48245000E-04  1.96201540E-02  4.82253000E-04
2001-12-04T03:19:42.211 -4.93081000E-04  1.81391220E-02  1.67671000E-04
2001-12-04T03:19:43.207 -8.82250000E-04  1.81435380E-02  1.05713900E-03
2001-12-04T03:19:44.207  4.67110000E-05  1.90339980E-02  8.41261000E-04
2001-12-04T03:19:45.207 -3.58011000E-04  1.98585890E-02  4.21331000E-04
2001-12-04T03:19:46.211 -7.81476000E-04  1.75310880E-02 -9.42915000E-04
2001-12-04T03:19:47.207 -3.58170000E-05  1.80744010E-02  1.16338300E-03
2001-12-04T03:19:48.215 -1.33165400E-03  1.73158070E-02  1.63168500E-03
2001-12-04T03:19:49.207 -1.95234000E-04  1.78941040E-02  2.25190000E-05
2001-12-04T03:19:50.211  3.23073000E-04  1.80078780E-02  1.12603000E-04
2001-12-04T03:19:51.207 -6.06578000E-04  1.69614630E-02  1.43818000E-03
2001-12-04T03:19:52.215  5.00115000E-04  1.84552670E-02  9.32796000E-04
2001-12-04T03:19:53.207 -1.40851700E-03  1.73274990E-02 -4.46472000E-04
2001-12-04T03:19:54.211  3.10855000E-04  1.84149220E-02 -1.40550000E-04
2001-12-04T03:19:55.207 -1.97023200E-03  1.57161090E-02  5.66804000E-04
2001-12-04T03:19:56.211  9.81446000E-04  1.74745690E-02 -1.75494000E-04
2001-12-04T03:19:57.207 -2.39452000E-04  1.45775320E-02 -4.11843000E-04
2001-12-04T03:19:58.215 -1.09383900E-03  1.35371420E-02 -7.15353000E-04
2001-12-04T03:19:59.207 -1.12062300E-03  1.39594440E-02  7.74477000E-04
2001-12-04T03:20:00.207 -1.52408100E-03  1.44059950E-02 -5.43801000E-04
2001-12-04T03:20:01.207 -1.26200800E-03  1.45394080E-02 -7.91699000E-04
2001-12-04T03:20:02.211 -3.72097000E-04  1.46742400E-02 -1.00548000E-04
2001-12-04T03:20:03.207  1.22830000E-04  1.51390860E-02  1.35488900E-03
2001-12-04T03:20:04.211  1.15939300E-03  1.45885580E-02  3.35974000E-04
2001-12-04T03:20:05.207 -1.11359300E-03  1.33367170E-02 -3.03701000E-04
2001-12-04T03:20:06.211  3.27267000E-04  1.43810910E-02  2.48605000E-04
2001-12-04T03:20:07.207 -1.07573400E-03  1.30523620E-02  1.49601200E-03
2001-12-04T03:20:08.219  5.40297000E-04  1.34794340E-02  6.42303000E-04
2001-12-04T03:20:09.207 -9.64729000E-04  1.16110750E-02  6.25698000E-04
2001-12-04T03:20:10.211  1.48209000E-03  1.36523160E-02 -9.51360000E-05
2001-12-04T03:20:11.207 -1.12736900E-03  1.24308260E-02  7.84457000E-04
2001-12-04T03:20:12.211  6.38370000E-04  1.39300530E-02  5.06724000E-04
2001-12-04T03:20:13.207 -1.84285400E-03  1.28109700E-02  7.98122000E-04
2001-12-04T03:20:14.211 -3.51149000E-04  1.37807850E-02 -1.80964000E-04
2001-12-04T03:20:15.207  7.01106000E-04  1.42328740E-02  2.91984000E-04
2001-12-04T03:20:16.207 -5.68937000E-04  1.23645830E-02  8.80241000E-04
2001-12-04T03:20:17.207  5.93862000E-04  1.37078740E-02  7.12895000E-04
2001-12-04T03:20:18.215 -4.12636000E-04  1.29751160E-02 -1.55081000E-04
2001-12-04T03:20:19.207 -1.03012400E-03  1.14017550E-02  6.26683000E-04
2001-12-04T03:20:20.211 -1.52094200E-03  1.03607620E-02  8.77759000E-04
2001-12-04T03:20:21.207 -1.63650000E-04  1.04162840E-02 -8.55360000E-05
2001-12-04T03:20:22.211 -5.53724000E-04  6.35813700E-03 -1.57409000E-04
2001-12-04T03:20:23.207  1.49270000E-05  6.45141100E-03  1.06637900E-03
2001-12-04T03:20:24.215  1.77613700E-03  8.64531300E-03  8.51811000E-04
2001-12-04T03:20:25.207  1.37972100E-03  7.48197700E-03 -5.83110000E-05
2001-12-04T03:20:26.211  3.31957000E-04  8.13597200E-03 -3.88492000E-04
2001-12-04T03:20:27.207 -9.75413000E-04  7.47308600E-03 -1.43383000E-04
2001-12-04T03:20:28.211 -5.73835000E-04  8.31504800E-03  3.30800000E-06
2001-12-04T03:20:29.207 -1.02074000E-03  8.62171000E-03  2.33676000E-04
2001-12-04T03:20:30.211  5.60550000E-05  9.84566600E-03  1.18804000E-04
2001-12-04T03:20:31.207  1.13503800E-03  1.04731690E-02  3.73885000E-04
2001-12-04T03:20:32.211  4.62260000E-04  1.01749510E-02  1.47605100E-03
2001-12-04T03:20:33.207 -1.07849400E-03  8.46747900E-03  9.79943000E-04
2001-12-04T03:20:34.211  3.23489000E-04  9.91813800E-03 -2.26750000E-05
2001-12-04T03:20:35.207 -1.85670400E-03  7.66251800E-03  2.37978000E-04
2001-12-04T03:20:36.211 -1.88996200E-03  6.58767300E-03  8.98804000E-04
2001-12-04T03:20:37.207  8.77243000E-04  8.80762900E-03  1.09070100E-03
2001-12-04T03:20:38.211 -1.29166600E-03  7.66321300E-03 -3.23715000E-04
2001-12-04T03:20:39.207 -2.90138000E-04  5.08142000E-03 -1.20543000E-04
2001-12-04T03:20:40.219 -8.52220000E-05  4.98975300E-03  5.88092000E-04
2001-12-04T03:20:41.207  3.28361000E-04  6.19830700E-03  5.46222000E-04
2001-12-04T03:20:42.211 -4.68188000E-04  4.41101400E-03 -4.06650000E-05
2001-12-04T03:20:43.207 -6.70200000E-06  7.25933300E-03  2.38345000E-04
2001-12-04T03:20:44.211  1.02980900E-03  8.25988200E-03  1.52510000E-04
2001-12-04T03:20:45.207  3.82543000E-04  7.10939800E-03  1.32457000E-03
2001-12-04T03:20:46.211 -3.56077000E-04  6.68951300E-03  1.10423000E-04
2001-12-04T03:20:47.207 -7.66204000E-04  6.56944800E-03  6.54496000E-04
2001-12-04T03:20:48.211  3.90664000E-04  6.33684800E-03 -3.86500000E-05
2001-12-04T03:20:49.207  1.46657400E-03  6.72064800E-03  2.55730000E-05
2001-12-04T03:20:50.211 -3.85216000E-04  4.43525800E-03  6.74900000E-05
2001-12-04T03:20:51.207 -2.63470000E-04  4.62729700E-03 -3.97380000E-05
2001-12-04T03:20:52.211  3.07666000E-04  6.67477600E-03  5.53896000E-04
2001-12-04T03:20:53.211 -1.15822100E-03  3.16948300E-03  6.17817000E-04
2001-12-04T03:20:54.211 -3.86481000E-04  3.52092500E-03  2.94727000E-04
2001-12-04T03:20:55.207  1.08801100E-03  3.56991700E-03  6.65063000E-04
2001-12-04T03:20:56.215 -5.22366000E-04  3.32053300E-03 -3.19792000E-04
2001-12-04T03:20:57.207  9.52077000E-04  4.57767600E-03  5.40954000E-04
2001-12-04T03:20:58.211 -2.37715000E-04  4.36343500E-03  1.02351000E-04
2001-12-04T03:20:59.207 -7.28096000E-04  2.01148700E-03  4.57121000E-04
2001-12-04T03:21:00.211 -6.69190000E-04  2.89984700E-03 -6.63379000E-04
2001-12-04T03:21:01.207  1.16666000E-04  4.57633800E-03 -8.53560000E-05
2001-12-04T03:21:02.211 -1.01049800E-03  3.41817600E-03 -1.61833000E-04
2001-12-04T03:21:03.207  2.33526000E-04  3.21855800E-03  4.22490000E-05
2001-12-04T03:21:04.207  7.00595000E-04  3.99587500E-03 -4.88500000E-04
2001-12-04T03:21:05.207 -8.58252000E-04  2.32417000E-03  2.82661000E-04
2001-12-04T03:21:06.211  4.40250000E-04  4.56601400E-03  6.22591000E-04
2001-12-04T03:21:07.207 -7.41388000E-04  4.08893500E-03  6.28049000E-04
2001-12-04T03:21:08.215 -7.75629000E-04  2.73345000E-03 -7.72326000E-04
2001-12-04T03:21:09.207  8.89849000E-04  4.05084300E-03  5.39685000E-04
2001-12-04T03:21:10.211 -3.25063000E-04  2.68146700E-03  4.88646000E-04
2001-12-04T03:21:11.207 -4.75823000E-04  2.87506800E-03  9.42874000E-04
2001-12-04T03:21:12.215  1.45293500E-03  3.95681700E-03 -6.67685000E-04
2001-12-04T03:21:13.207  2.14016000E-04  3.40642200E-03  3.88630000E-04
2001-12-04T03:21:14.211 -1.60214000E-03  2.99996900E-03  7.28708000E-04
2001-12-04T03:21:15.207  1.01376000E-04  4.37130900E-03  8.59749000E-04
2001-12-04T03:21:16.211  6.79049000E-04  3.38908000E-03 -6.55391000E-04
2001-12-04T03:21:17.207 -7.75182000E-04  2.59553500E-03 -9.39230000E-04
2001-12-04T03:21:18.215 -3.65994000E-04  4.15071500E-03 -7.68940000E-05
2001-12-04T03:21:19.207  1.34686600E-03  3.60336600E-03  7.17341000E-04
2001-12-04T03:21:20.207  5.65667000E-04  3.00772400E-03  2.40069000E-04
2001-12-04T03:21:21.207 -2.31437000E-04  2.22493200E-03 -7.45160000E-05
2001-12-04T03:21:22.211 -6.71648000E-04  1.84707600E-03 -1.24900000E-04
2001-12-04T03:21:23.207 -1.02751200E-03  1.91779200E-03  6.03894000E-04
2001-12-04T03:21:24.211 -7.48878000E-04  1.81124600E-03  1.27016000E-04
2001-12-04T03:21:25.207 -2.60952000E-04  1.21266900E-03 -4.58250000E-04
2001-12-04T03:21:26.211  7.01953000E-04  8.39316000E-04 -2.75743000E-04
2001-12-04T03:21:27.207 -1.82204000E-04  2.48721200E-03  4.40801000E-04
2001-12-04T03:21:28.219  4.74833000E-04  2.33243900E-03 -1.54052000E-04
2001-12-04T03:21:29.207  1.32350700E-03  2.23194200E-03 -3.46221000E-04
2001-12-04T03:21:30.211  7.08832000E-04  1.14348200E-03 -4.04845000E-04
2001-12-04T03:21:31.207 -1.30534800E-03  1.31537000E-04  1.38480400E-03
2001-12-04T03:21:32.211 -2.53405000E-04  1.05860700E-03 -8.69400000E-05
2001-12-04T03:21:33.207  5.90667000E-04  1.78898800E-03 -1.22922000E-04
2001-12-04T03:21:34.211  1.11881700E-03  1.69215900E-03 -5.71200000E-06
2001-12-04T03:21:35.207 -4.11525000E-04  1.86787900E-03  1.04880000E-05
2001-12-04T03:21:36.207 -1.68787300E-03  1.40142200E-03  1.30971000E-04
2001-12-04T03:21:37.207 -2.69724000E-04  1.08823200E-03 -6.19790000E-05
2001-12-04T03:21:38.215  5.36383000E-04  1.31601000E-03 -1.23573500E-03
2001-12-04T03:21:39.207  6.93325000E-04  1.20808900E-03 -3.04670000E-04
2001-12-04T03:21:40.211  2.60284000E-04  1.23295500E-03  3.10854000E-04
2001-12-04T03:21:41.207 -1.27908900E-03  5.00661000E-04  5.45648000E-04
2001-12-04T03:21:42.211 -5.59869000E-04  1.01091900E-03  6.92800000E-06
2001-12-04T03:21:43.207  4.10455000E-04  1.69632700E-03  1.06237400E-03
2001-12-04T03:21:44.219  6.18926000E-04  1.52874700E-03 -7.70740000E-05
2001-12-04T03:21:45.207 -1.13094700E-03  8.45750000E-04  1.01376200E-03
2001-12-04T03:21:46.211  1.78352000E-04  1.63149800E-03 -3.63508000E-04
2001-12-04T03:21:47.207 -9.18630000E-05  2.14390600E-03 -5.55325000E-04
2001-12-04T03:21:48.211 -1.52461600E-03  2.81206000E-04 -7.69308000E-04
2001-12-04T03:21:49.207 -2.00857000E-04  1.36120300E-03 -1.78065000E-04
2001-12-04T03:21:50.211  2.00528000E-04  1.85874600E-03 -3.56915000E-04
2001-12-04T03:21:51.207 -1.08153800E-03  8.31872000E-04 -7.16828000E-04
2001-12-04T03:21:52.207  4.21480000E-05  1.32478200E-03  1.60533000E-04
2001-12-04T03:21:53.207  4.87387000E-04  2.18817300E-03  1.15261000E-04
2001-12-04T03:21:54.211 -1.69264900E-03  7.02580000E-05  1.41438800E-03
2001-12-04T03:21:55.207 -1.93166000E-04  1.05880500E-03 -1.63364000E-04
2001-12-04T03:21:56.211  6.33680000E-04  1.87251200E-03 -6.38690000E-04
2001-12-04T03:21:57.207 -9.52368000E-04 -4.49630000E-05 -4.92510000E-04
2001-12-04T03:21:58.211 -2.09620000E-05  9.10494000E-04  4.11546000E-04
2001-12-04T03:21:59.207  4.81829000E-04  9.08211000E-04 -6.00654000E-04
2001-12-04T03:22:00.215 -4.39979000E-04 -7.46714000E-04 -6.76767000E-04
2001-12-04T03:22:01.207  1.46520800E-03  1.19059000E-04 -1.26614000E-04
2001-12-04T03:22:02.211  2.26053000E-04 -5.43333000E-04  4.78720000E-04
2001-12-04T03:22:03.207 -2.12310000E-05 -1.17246000E-04 -1.19342700E-03
2001-12-04T03:22:04.211  8.45308000E-04  6.77109000E-04 -4.81848000E-04
2001-12-04T03:22:05.207 -1.12474600E-03  1.39341000E-04  3.39209000E-04
2001-12-04T03:22:06.211  9.20340000E-05  1.61925400E-03 -2.61658000E-04
2001-12-04T03:22:07.207 -9.37918000E-04 -2.49445000E-04 -7.94279000E-04
2001-12-04T03:22:08.211  3.30244000E-04  3.51314000E-04 -1.87893000E-04
2001-12-04T03:22:09.207  1.93721000E-04 -1.21722600E-03  7.10515000E-04
2001-12-04T03:22:10.211  6.67420000E-05 -4.72448000E-04  9.98660000E-05
2001-12-04T03:22:11.207 -9.73590000E-05  5.35632000E-04 -5.85603000E-04
2001-12-04T03:22:12.211 -9.34347000E-04  1.40748000E-04  1.56796000E-04
2001-12-04T03:22:13.211  1.06401900E-03  1.33569300E-03  8.40311000E-04
2001-12-04T03:22:14.211 -1.27895900E-03 -2.35259000E-04  1.91766000E-04
2001-12-04T03:22:15.207  4.96199000E-04  4.36809000E-04 -3.35833000E-04
2001-12-04T03:22:16.219 -2.71230000E-05 -7.32003000E-04 -7.35440000E-05
2001-12-04T03:22:17.207  1.73362000E-04  3.34600000E-05  1.05213700E-03
2001-12-04T03:22:18.211  4.48393000E-04  1.37030400E-03 -1.16271000E-04
2001-12-04T03:22:19.207 -1.05633900E-03  1.63303000E-04  5.11285000E-04
2001-12-04T03:22:20.211  2.80030000E-04  7.90559000E-04 -7.51131000E-04
2001-12-04T03:22:21.207 -7.58386000E-04 -6.86088000E-04  1.20308700E-03
2001-12-04T03:22:22.211  1.43095200E-03  8.65439000E-04  5.71967000E-04
2001-12-04T03:22:23.207 -4.08035000E-04 -6.01768000E-04  5.41509000E-04
2001-12-04T03:22:24.207  2.46560000E-04  6.05512000E-04 -9.73693000E-04
2001-12-04T03:22:25.207 -1.05119500E-03  3.70453000E-04  5.36712000E-04
2001-12-04T03:22:26.211 -5.79580000E-05  5.86363000E-04  4.15194000E-04
2001-12-04T03:22:27.207  2.17000000E-04  5.95725000E-04 -5.08074000E-04
2001-12-04T03:22:28.215  1.80399000E-04 -9.53897000E-04 -5.89338000E-04
2001-12-04T03:22:29.207  5.89281000E-04  2.36730000E-04  7.34211000E-04
2001-12-04T03:22:30.211 -6.97609000E-04 -3.95502000E-04  4.12937000E-04
2001-12-04T03:22:31.207  2.45647000E-04  1.06089100E-03  8.45890000E-05
2001-12-04T03:22:32.215 -1.39676000E-03  1.94751000E-04 -5.84072000E-04
2001-12-04T03:22:33.207  1.38009900E-03  5.95649000E-04 -6.86421000E-04
2001-12-04T03:22:34.211 -2.49382000E-04 -7.71065000E-04  2.31628000E-04
2001-12-04T03:22:35.207  8.12148000E-04  2.86670000E-04  1.09966400E-03
2001-12-04T03:22:36.211 -1.23526000E-03 -6.48628000E-04 -6.53453000E-04
2001-12-04T03:22:37.207 -6.57720000E-05  7.62980000E-04 -2.66535000E-04
2001-12-04T03:22:38.215 -7.27510000E-05  7.11410000E-05 -2.71347000E-04
2001-12-04T03:22:39.207  2.36802000E-04  3.09760000E-04 -4.48820000E-04
2001-12-04T03:22:40.207  1.51662000E-04 -1.02901500E-03 -9.25201000E-04
2001-12-04T03:22:41.207  3.12792000E-04 -4.20876000E-04 -5.76656000E-04
2001-12-04T03:22:42.211  5.27078000E-04  1.28337400E-03  8.27930000E-05
2001-12-04T03:22:43.207 -9.38753000E-04  2.03059000E-04  8.54092000E-04
2001-12-04T03:22:44.211  1.28166500E-03  1.06400100E-03 -1.36916000E-04
2001-12-04T03:22:45.207 -4.63153000E-04 -7.02430000E-04 -4.73550000E-04
2001-12-04T03:22:46.211  8.52727000E-04  9.61725000E-04 -5.85434000E-04
2001-12-04T03:22:47.207 -1.07060900E-03 -5.30332000E-04  2.72370000E-05
2001-12-04T03:22:48.219  5.79930000E-04  8.22404000E-04  5.31538000E-04
2001-12-04T03:22:49.207 -1.54939800E-03 -1.24427000E-04 -5.23068000E-04
2001-12-04T03:22:50.211  8.84958000E-04  8.06278000E-04 -2.63423000E-04
2001-12-04T03:22:51.207 -6.62541000E-04 -1.27426000E-03  5.33107000E-04
2001-12-04T03:22:52.211  8.32533000E-04  3.81625000E-04 -7.82260000E-05
2001-12-04T03:22:53.207 -1.57089800E-03 -3.58240000E-04  8.65324000E-04
2001-12-04T03:22:54.211  5.25765000E-04  4.43598000E-04 -3.77253000E-04
2001-12-04T03:22:55.207 -4.62071000E-04 -5.45985000E-04  6.26104000E-04
2001-12-04T03:22:56.207  1.04573300E-03 -7.34731000E-04 -5.03610000E-05
2001-12-04T03:22:57.207 -6.12060000E-05 -5.09507000E-04 -1.07590400E-03
2001-12-04T03:22:58.215 -2.78482000E-04  3.09820000E-04 -7.82780000E-05
2001-12-04T03:22:59.207 -7.24115000E-04  6.09324000E-04  2.62164000E-04
2001-12-04T03:23:00.211 -2.71775000E-04  7.76880000E-05  3.59708000E-04
2001-12-04T03:23:01.207  8.18879000E-04 -8.63780000E-05  9.68600000E-06
2001-12-04T03:23:02.211 -7.31190000E-05 -6.03966000E-04 -1.66730000E-05
2001-12-04T03:23:03.207  4.25883000E-04  8.31153000E-04  4.87069000E-04
2001-12-04T03:23:04.215 -9.37815000E-04 -1.34340000E-04  1.19032300E-03
2001-12-04T03:23:05.207  6.50899000E-04  1.38843000E-03 -3.86121000E-04
2001-12-04T03:23:06.211 -5.94979000E-04 -1.14391900E-03 -1.36476000E-04
2001-12-04T03:23:07.207  4.36341000E-04 -1.66540000E-05  1.23259100E-03
2001-12-04T03:23:08.211 -1.01756000E-03 -8.15412000E-04 -2.44762000E-04
2001-12-04T03:23:09.207  4.47501000E-04  1.69825600E-03  2.62270000E-05
2001-12-04T03:23:10.211 -1.88015600E-03  1.26520000E-04 -1.15354000E-04
2001-12-04T03:23:11.207  5.56502000E-04  1.36721800E-03  6.28806000E-04
2001-12-04T03:23:12.207 -7.75113000E-04 -1.09148900E-03 -2.56152000E-04
2001-12-04T03:23:13.207  9.05713000E-04  1.26315000E-04  3.39690000E-05
2001-12-04T03:23:14.211 -7.59726000E-04 -2.44165000E-04  2.20863000E-04
2001-12-04T03:23:15.207 -1.97097000E-04  7.92065000E-04 -5.25743000E-04
2001-12-04T03:23:16.211 -3.03474000E-04  5.38194000E-04  2.54785000E-04
2001-12-04T03:23:17.207  7.80020000E-05 -2.38477000E-04  7.61031000E-04
2001-12-04T03:23:18.211  7.66630000E-05 -3.86522000E-04  4.66180000E-05
2001-12-04T03:23:19.207 -1.80856000E-04 -3.85810000E-04 -4.88842000E-04
2001-12-04T03:23:20.215  2.03795000E-04  6.19047000E-04 -6.66980000E-04
2001-12-04T03:23:21.207 -7.08580000E-04  2.43470000E-04  6.46390000E-05
2001-12-04T03:23:22.211  5.81950000E-04  8.22596000E-04  7.04577000E-04
2001-12-04T03:23:23.207 -5.54836000E-04 -2.03822000E-04 -1.21187000E-04
2001-12-04T03:23:24.211  1.49936700E-03  3.08279000E-04  1.12789500E-03
2001-12-04T03:23:25.207 -1.01082400E-03 -2.89640000E-04  1.60374400E-03
2001-12-04T03:23:26.211  8.46524000E-04  1.85554800E-03 -8.66848000E-04
2001-12-04T03:23:27.207 -4.57072000E-04 -9.51108000E-04 -9.66956000E-04
2001-12-04T03:23:28.211  1.39397600E-03 -1.28494000E-04 -5.06254000E-04
2001-12-04T03:23:29.207 -1.37391000E-04 -8.28517000E-04  2.12006000E-04
2001-12-04T03:23:30.211  6.19591000E-04  9.05829000E-04  5.41480000E-05
2001-12-04T03:23:31.207 -1.66396400E-03 -1.25168000E-04 -8.95829000E-04
2001-12-04T03:23:32.211  5.42131000E-04  8.46902000E-04 -5.70000000E-06
2001-12-04T03:23:33.211 -1.33707000E-04 -8.56010000E-04  6.97725000E-04
2001-12-04T03:23:34.211  9.33790000E-04 -1.43578000E-04  3.20646000E-04
2001-12-04T03:23:35.207 -1.26427400E-03 -6.34230000E-05 -7.44033000E-04
2001-12-04T03:23:36.215  4.40663000E-04  7.94864000E-04  1.06647300E-03
2001-12-04T03:23:37.207 -1.79975300E-03 -1.10962200E-03 -5.15990000E-05
2001-12-04T03:23:38.211  6.90664000E-04  5.38193000E-04 -6.83130000E-05
2001-12-04T03:23:39.207 -7.70030000E-04 -1.07298100E-03 -9.59594000E-04
2001-12-04T03:23:40.211  4.85186000E-04  3.10979000E-04 -1.01525200E-03
2001-12-04T03:23:41.207 -1.56978900E-03 -7.76260000E-05 -4.36602000E-04
2001-12-04T03:23:42.211 -5.08569000E-04  8.87644000E-04  1.11478300E-03
2001-12-04T03:23:43.207 -3.24871000E-04 -9.68920000E-05  3.09730000E-05
2001-12-04T03:23:44.207  7.78408000E-04 -4.69100000E-04 -1.20346000E-04
2001-12-04T03:23:45.207  9.50766000E-04 -1.59825000E-04  5.06122000E-04
2001-12-04T03:23:46.211 -1.42661000E-04  2.50624000E-04 -1.59687000E-04
2001-12-04T03:23:47.207  2.04033000E-04  2.82618000E-04 -6.52231000E-04
2001-12-04T03:23:48.215 -4.26983000E-04  1.18500000E-04 -1.95070000E-04
2001-12-04T03:23:49.207  1.14174100E-03 -2.91442000E-04  1.13367700E-03
2001-12-04T03:23:50.211  1.61482000E-04 -6.36567000E-04  2.69700000E-04
2001-12-04T03:23:51.207 -2.65972000E-04 -1.74666000E-04 -4.84494000E-04
2001-12-04T03:23:52.215 -1.71391000E-04 -1.04206000E-04 -3.55233000E-04
2001-12-04T03:23:53.207  4.19602000E-04  1.09099400E-03  3.29513000E-04
2001-12-04T03:23:54.211 -7.05137000E-04 -3.30982000E-04  5.20964000E-04
2001-12-04T03:23:55.207  8.67343000E-04 -3.11870000E-05 -8.83690000E-04
2001-12-04T03:23:56.211 -8.79372000E-04 -4.09269000E-04 -1.07092500E-03
2001-12-04T03:23:57.207  5.76478000E-04  1.42307900E-03  3.21758000E-04
2001-12-04T03:23:58.215 -9.49164000E-04 -5.84200000E-06 -4.45190000E-05
2001-12-04T03:23:59.207  9.70599000E-04  3.53448000E-04 -5.58239000E-04
2001-12-04T03:24:00.207 -5.29727000E-04 -1.29441200E-03 -1.13332000E-03
2001-12-04T03:24:01.207  1.01226400E-03 -3.17520000E-05 -2.84987000E-04
2001-12-04T03:24:02.211 -1.25547900E-03 -6.59936000E-04  7.11100000E-04
2001-12-04T03:24:03.207  6.33363000E-04  1.00227500E-03  5.11010000E-05
2001-12-04T03:24:04.211 -1.47495100E-03 -4.39600000E-04 -1.08642000E-03
2001-12-04T03:24:05.207  1.26698200E-03 -5.66540000E-05  3.52421000E-04
2001-12-04T03:24:06.211  3.22070000E-05 -5.39126000E-04 -1.80905000E-04
2001-12-04T03:24:07.207  3.57430000E-04  2.06709000E-04 -3.54403000E-04
2001-12-04T03:24:08.219 -8.90396000E-04  3.25234000E-04 -8.78356000E-04
2001-12-04T03:24:09.207 -9.82790000E-05  7.51456000E-04  5.46160000E-05
2001-12-04T03:24:10.211  6.10440000E-05  9.87880000E-05 -3.85010000E-05
2001-12-04T03:24:11.207  5.30100000E-04 -4.31974000E-04  1.80807000E-04
2001-12-04T03:24:12.211  5.74192000E-04 -3.60817000E-04 -5.05560000E-04
2001-12-04T03:24:13.207 -2.58428000E-04  1.90690000E-04 -5.19853000E-04
2001-12-04T03:24:14.211  6.35484000E-04  9.13606000E-04  4.01523000E-04
2001-12-04T03:24:15.207 -6.40281000E-04 -3.18624000E-04 -1.13870700E-03
2001-12-04T03:24:16.207  1.60218700E-03  1.62395000E-04 -2.46841000E-04
2001-12-04T03:24:17.207 -3.19884000E-04 -1.20033400E-03  1.97469000E-04
2001-12-04T03:24:18.215  5.02481000E-04  4.35147000E-04  9.14077000E-04
2001-12-04T03:24:19.207 -1.26437000E-03 -3.40015000E-04  1.43279000E-04
2001-12-04T03:24:20.211  2.91747000E-04  1.22754400E-03 -7.11394000E-04
2001-12-04T03:24:21.207 -2.06503000E-04 -5.12642000E-04  2.13201000E-04
2001-12-04T03:24:22.211  9.63102000E-04  8.22140000E-05  5.31489000E-04
2001-12-04T03:24:23.207 -7.41515000E-04 -1.18093300E-03  7.50670000E-04
2001-12-04T03:24:24.215  4.41917000E-04  7.45693000E-04 -1.30191300E-03
2001-12-04T03:24:25.207 -1.56407100E-03  6.33527000E-04  2.65022000E-04
2001-12-04T03:24:26.211  4.01182000E-04  4.92908000E-04 -6.87700000E-05
2001-12-04T03:24:27.207  1.37023000E-04 -2.94247000E-04 -7.04700000E-06
2001-12-04T03:24:28.211  9.08885000E-04 -5.42193000E-04 -5.00093000E-04
2001-12-04T03:24:29.207 -6.47973000E-04 -3.68295000E-04  9.51579000E-04
2001-12-04T03:24:30.211 -3.24475000E-04  6.82835000E-04  8.72034000E-04
2001-12-04T03:24:31.207 -2.57281000E-04 -5.89280000E-05 -5.49370000E-04
2001-12-04T03:24:32.207  8.19490000E-05  2.05863000E-04  2.54535000E-04
2001-12-04T03:24:33.207  4.48500000E-06 -1.20095300E-03 -6.76294000E-04
2001-12-04T03:24:34.211  1.42065000E-04 -3.18480000E-04  2.62206000E-04
2001-12-04T03:24:35.207 -6.35986000E-04  4.28823000E-04  1.96801000E-04
2001-12-04T03:24:36.211 -9.70574000E-04  1.29691000E-04  4.85921000E-04
2001-12-04T03:24:37.207  1.15144200E-03  1.14640600E-03  9.48588000E-04
2001-12-04T03:24:38.211 -5.26192000E-04 -1.01656100E-03  7.98767000E-04
2001-12-04T03:24:39.207  1.35687000E-03  6.39449000E-04 -9.94422000E-04
2001-12-04T03:24:40.215 -8.51146000E-04 -2.09605000E-04 -1.58439900E-03
2001-12-04T03:24:41.207  4.66612000E-04  1.27453000E-03 -7.65372000E-04
2001-12-04T03:24:42.211 -1.19972900E-03 -6.03125000E-04  1.65789000E-04
2001-12-04T03:24:43.207  7.44027000E-04  1.71543000E-04 -2.15067000E-04
2001-12-04T03:24:44.211 -3.26611000E-04 -1.21800400E-03 -4.76939000E-04
2001-12-04T03:24:45.207  5.64773000E-04  1.42101800E-03 -7.44320000E-04
2001-12-04T03:24:46.211 -1.95597900E-03 -5.38608000E-04 -4.29788000E-04
2001-12-04T03:24:47.207 -7.90300000E-06  7.43254000E-04  7.61714000E-04
2001-12-04T03:24:48.211 -9.00727000E-04 -1.00506700E-03 -2.72902000E-04
2001-12-04T03:24:49.207  1.10137600E-03  7.19870000E-05 -7.97119000E-04
2001-12-04T03:24:50.211 -1.58658600E-03 -6.06266000E-04 -1.89690000E-04
2001-12-04T03:24:51.207  8.97360000E-05  1.08175500E-03  6.73233000E-04
2001-12-04T03:24:52.211 -1.23517900E-03 -5.11129000E-04 -3.83781000E-04
2001-12-04T03:24:53.211  1.12163000E-03 -4.85187000E-04  1.67736000E-04
2001-12-04T03:24:54.211  1.02287000E-04 -8.04113000E-04 -7.51183000E-04
2001-12-04T03:24:55.207  2.97300000E-05  8.18619000E-04  4.39236000E-04
2001-12-04T03:24:56.215 -5.95441000E-04  1.03386000E-04  1.56007000E-04
2001-12-04T03:24:57.207 -5.61345000E-04  1.02416600E-03 -1.10242100E-03
2001-12-04T03:24:58.211  1.02907000E-04 -1.25121000E-03 -7.19523000E-04
2001-12-04T03:24:59.207  4.13645000E-04 -1.83110000E-04  1.10052900E-03
2001-12-04T03:25:00.211 -1.17233000E-04 -4.31371000E-04 -4.56802000E-04
2001-12-04T03:25:01.207 -8.20485000E-04  4.95474000E-04 -6.01824000E-04
2001-12-04T03:25:02.211 -1.89739000E-04  6.85235000E-04  6.90786000E-04
2001-12-04T03:25:03.207 -8.22590000E-05 -5.42608000E-04 -1.86163000E-04
2001-12-04T03:25:04.207  9.25131000E-04  3.84388000E-04  6.35400000E-06
2001-12-04T03:25:05.207 -2.22444000E-04 -9.10295000E-04 -7.50962000E-04
2001-12-04T03:25:06.211  3.33997000E-04  1.11731000E-03  5.38394000E-04
2001-12-04T03:25:07.207 -1.07649500E-03 -4.76167000E-04  9.43849000E-04
2001-12-04T03:25:08.215  1.37870500E-03  1.00347100E-03 -1.15045000E-04
2001-12-04T03:25:09.207 -7.89061000E-04 -8.09432000E-04 -1.17047800E-03
2001-12-04T03:25:10.211  1.28862000E-03  7.37000000E-07 -1.08173100E-03
2001-12-04T03:25:11.207 -1.16052000E-03 -8.76573000E-04  1.23338000E-04
2001-12-04T03:25:12.215  4.76972000E-04  1.47644200E-03  3.46865000E-04
2001-12-04T03:25:13.207 -1.35809200E-03 -1.27595000E-04 -6.69127000E-04
2001-12-04T03:25:14.211  7.93940000E-04  6.70596000E-04 -1.84620000E-04
2001-12-04T03:25:15.207 -4.69446000E-04 -1.23218900E-03  4.10859000E-04
2001-12-04T03:25:16.211  1.25341400E-03  4.77146000E-04  2.94296000E-04
2001-12-04T03:25:17.207 -9.14291000E-04  2.56830000E-04 -5.10250000E-04
2001-12-04T03:25:18.215  3.32649000E-04  1.05707700E-03  1.80820000E-04
2001-12-04T03:25:19.207 -4.63759000E-04 -3.83536000E-04 -2.80799000E-04
2001-12-04T03:25:20.207  8.54629000E-04  5.14230000E-04  6.07500000E-06
2001-12-04T03:25:21.207  1.73967000E-04 -1.25036600E-03 -1.57579000E-04
2001-12-04T03:25:22.211  4.71263000E-04  6.27109000E-04  4.80086000E-04
2001-12-04T03:25:23.207 -1.40179100E-03  5.53900000E-05 -6.61246000E-04
2001-12-04T03:25:24.211 -7.85660000E-05  7.18270000E-04  7.69386000E-04
2001-12-04T03:25:25.207 -2.16915000E-04  4.09898000E-04  6.11777000E-04
2001-12-04T03:25:26.211  8.56839000E-04 -1.95832000E-04 -1.06946100E-03
2001-12-04T03:25:27.207  6.07730000E-05 -7.38360000E-05 -1.03684700E-03
2001-12-04T03:25:28.219 -5.05020000E-05  5.24881000E-04  1.49133000E-04
2001-12-04T03:25:29.207 -3.98437000E-04  9.61140000E-04 -2.55008000E-04
2001-12-04T03:25:30.211 -1.59463000E-04 -2.72544000E-04  4.55140000E-05
2001-12-04T03:25:31.207  1.24317000E-03  5.57650000E-04 -7.42400000E-06
2001-12-04T03:25:32.211 -1.31390000E-05 -1.08695100E-03  3.02864000E-04
2001-12-04T03:25:33.207  6.30851000E-04  5.71141000E-04  2.52263000E-04
2001-12-04T03:25:34.211 -1.40704300E-03  4.99667000E-04 -2.25082000E-04
2001-12-04T03:25:35.207  1.21254800E-03  7.86419000E-04 -1.26197000E-03
2001-12-04T03:25:36.207 -6.29110000E-04 -7.10027000E-04  3.78457000E-04
2001-12-04T03:25:37.207  1.11380900E-03  7.07546000E-04  1.47360000E-04
2001-12-04T03:25:38.215 -5.72849000E-04 -7.13626000E-04 -6.69551000E-04
2001-12-04T03:25:39.207  4.14623000E-04  9.97682000E-04  2.49253000E-04
2001-12-04T03:25:40.211 -8.68429000E-04 -7.50552000E-04  4.80683000E-04
2001-12-04T03:25:41.207  5.66580000E-04  8.66726000E-04  4.43730000E-04
2001-12-04T03:25:42.211 -4.26901000E-04 -1.22950100E-03 -7.04016000E-04
2001-12-04T03:25:43.207  1.30667700E-03 -5.70860000E-05 -2.67366000E-04
2001-12-04T03:25:44.219 -1.14973900E-03 -1.54653000E-04  1.03281700E-03
2001-12-04T03:25:45.207  7.61950000E-05  6.36088000E-04  2.46998000E-04
2001-12-04T03:25:46.211 -4.49999000E-04  1.11398000E-04 -5.26300000E-06
2001-12-04T03:25:47.207  1.02884100E-03 -7.70882000E-04  3.06974000E-04
2001-12-04T03:25:48.211  3.72710000E-05 -5.28601000E-04  2.81000000E-05
2001-12-04T03:25:49.207 -2.86680000E-04  2.84240000E-04  1.32005500E-03
2001-12-04T03:25:50.211 -1.02163000E-04  8.33926000E-04 -1.23797000E-04
2001-12-04T03:25:51.207 -4.53362000E-04  3.41997000E-04 -3.30283000E-04
2001-12-04T03:25:52.207 -5.81383000E-04  2.67120000E-05  6.87326000E-04
2001-12-04T03:25:53.207 -4.01610000E-05 -9.66897000E-04  6.15967000E-04
2001-12-04T03:25:54.211  9.68886000E-04  1.91082000E-04  2.12294000E-04
2001-12-04T03:25:55.207 -5.65814000E-04 -8.07530000E-05  1.59091000E-04
2001-12-04T03:25:56.211  2.09387000E-04  1.13829100E-03  8.78265000E-04
2001-12-04T03:25:57.207 -1.11297300E-03  2.67806000E-04  8.75274000E-04
2001-12-04T03:25:58.211  9.92724000E-04  5.20645000E-04  3.41076000E-04
2001-12-04T03:25:59.207  4.64193500E-03 -7.95205300E-03 -4.50570600E-03
2001-12-04T03:26:00.215  8.77571600E-03  4.62069300E-03 -1.95331000E-04
2001-12-04T03:26:01.207 -4.32897100E-03  5.24973000E-04  8.65343900E-03
2001-12-04T03:26:02.207  6.62160000E-05  9.45757700E-03 -3.07410000E-03
2001-12-04T03:26:03.207 -3.96561300E-03 -6.49009000E-04 -4.59901500E-03
2001-12-04T03:26:04.207  7.70641000E-03  2.83937400E-03 -4.53016200E-03
2001-12-04T03:26:05.207 -5.02456700E-03 -7.90623300E-03  4.48476400E-03
2001-12-04T03:26:06.207  7.52811900E-03  2.74593800E-03 -1.24181900E-03
2001-12-04T03:26:07.207 -8.74115200E-03 -7.87290000E-04 -6.38501000E-04
2001-12-04T03:26:08.207  5.21501900E-03  9.93654500E-03  4.09875000E-03
2001-12-04T03:26:09.207 -6.00721300E-03 -6.42672200E-03  9.97153900E-03
2001-12-04T03:26:10.207  1.07592940E-02 -2.77938200E-03 -1.10188000E-03
2001-12-04T03:26:11.207 -6.25733000E-03 -9.47747500E-03  3.14460900E-03
2001-12-04T03:26:12.211  4.86485500E-03  8.62096700E-03  2.44973600E-03
2001-12-04T03:26:13.207 -1.06332860E-02  1.82990000E-05  2.15365600E-03
2001-12-04T03:26:14.207  4.17337200E-03  7.22839600E-03 -4.63507200E-03
2001-12-04T03:26:15.207 -4.01425300E-03 -2.68175800E-03 -1.10414040E-02
2001-12-04T03:26:16.215  6.58254800E-03  1.93594200E-03  3.05537000E-04
2001-12-04T03:26:17.207 -2.05547200E-03 -6.53155800E-03  5.49027200E-03
2001-12-04T03:26:18.211  4.42827000E-04  1.00315430E-02 -1.49022200E-03
2001-12-04T03:26:19.207 -7.57636100E-03 -2.75923300E-03 -2.86169000E-03
2001-12-04T03:26:20.207  2.68331300E-03  4.30398900E-03 -5.79028700E-03
2001-12-04T03:26:21.207  2.59776900E-03 -9.27826500E-03 -1.51446100E-03
2001-12-04T03:26:22.207  3.24509000E-04  3.31772400E-03  3.14949000E-04
2001-12-04T03:26:23.207  2.30956500E-03  4.02868700E-03  8.09407000E-04
2001-12-04T03:26:24.207 -2.50389500E-03  4.42833500E-03 -7.60247400E-03
2001-12-04T03:26:25.207 -2.22010300E-03 -7.15836000E-04  6.74395300E-03
2001-12-04T03:26:26.207  5.81471700E-03 -4.58735200E-03  2.81626700E-03
2001-12-04T03:26:27.207  2.38849100E-03 -3.29947200E-03 -2.96121300E-03
2001-12-04T03:26:28.211 -4.20365000E-03 -3.10712800E-03  7.89200000E-05
2001-12-04T03:26:29.207  1.56598500E-03  7.65252300E-03  4.47421700E-03
2001-12-04T03:26:30.207 -8.92874500E-03 -2.98522200E-03  2.39053200E-03
2001-12-04T03:26:31.207  4.14357600E-03  6.74023300E-03 -3.84385600E-03
2001-12-04T03:26:32.215 -2.48344600E-03 -6.94833600E-03 -3.44349100E-03
2001-12-04T03:26:33.207  6.97286400E-03  4.97205500E-03  1.51921900E-03
2001-12-04T03:26:34.207 -1.32366940E-02 -2.77041500E-03  6.66294900E-03
2001-12-04T03:26:35.207  3.56422000E-03  8.26326500E-03 -3.86429300E-03
2001-12-04T03:26:36.207 -5.89671700E-03 -5.29634500E-03 -5.39327300E-03
2001-12-04T03:26:37.207  1.13062170E-02  1.04716000E-04  1.15649900E-03
2001-12-04T03:26:38.211 -3.83814500E-03 -6.88553700E-03  1.06146620E-02
2001-12-04T03:26:39.207  6.83138900E-03  3.52153600E-03 -1.79628000E-03
2001-12-04T03:26:40.207 -1.21680740E-02  2.01504400E-03 -8.80060300E-03
2001-12-04T03:26:41.207  1.59499400E-03  9.17384200E-03  1.39624300E-03
2001-12-04T03:26:42.207 -2.27304100E-03 -6.81248300E-03  2.23450400E-03
2001-12-04T03:26:43.207  1.00265060E-02 -1.87876000E-04 -2.50453600E-03
2001-12-04T03:26:44.211 -4.56926000E-03 -5.66502400E-03 -7.17697100E-03
2001-12-04T03:26:45.207 -7.95671000E-04  6.46516500E-03  4.23104000E-04
2001-12-04T03:26:46.207 -5.41892700E-03  3.16286800E-03  7.26238500E-03
2001-12-04T03:26:47.207  3.67462000E-04  2.61780600E-03  4.89457300E-03
2001-12-04T03:26:48.219  2.44782900E-03 -3.77661500E-03 -3.07211100E-03
2001-12-04T03:26:49.207  1.98501100E-03 -2.31826000E-04 -1.81679600E-03
2001-12-04T03:26:50.207  1.40077300E-03  4.89674000E-04 -1.05494500E-03
2001-12-04T03:26:51.207 -4.10051700E-03  3.31601300E-03  2.20983600E-03
2001-12-04T03:26:52.207  5.88518900E-03  7.20229800E-03 -1.23182700E-03
2001-12-04T03:26:53.207 -1.80592800E-03 -4.91203700E-03 -4.05875000E-03
2001-12-04T03:26:54.211  5.97575400E-03 -4.48691800E-03  2.86424200E-03
2001-12-04T03:26:55.207 -2.71830100E-03 -5.75154200E-03  5.15628000E-04
2001-12-04T03:26:56.207  2.85082800E-03  1.06500840E-02 -6.88703300E-03
2001-12-04T03:26:57.207 -7.72760100E-03  1.38166500E-03 -2.26078900E-03
2001-12-04T03:26:58.211  3.70301400E-03  9.28940300E-03  2.30280000E-04
2001-12-04T03:26:59.207 -1.96902000E-03 -5.01615800E-03 -8.04170000E-05
