2002-01-11T03:10:57.451 -2.89545000E-04 -8.68117000E-04 -9.12360000E-05
2002-01-11T03:10:58.451  1.80931000E-04 -5.10940000E-05  2.22895000E-04
2002-01-11T03:10:59.451 -2.24224000E-04  3.58867000E-04 -1.45220000E-04
2002-01-11T03:11:00.451 -3.24268000E-04  5.72542000E-04  1.61269000E-04
2002-01-11T03:11:01.451  1.88642000E-04  3.62792000E-04 -1.52895100E-03
2002-01-11T03:11:02.451  8.54486000E-04 -6.93955000E-04  8.90334000E-04
2002-01-11T03:11:03.451 -5.86510000E-04 -6.64888000E-04  1.87808000E-04
2002-01-11T03:11:04.459 -2.22519000E-04  4.86690000E-04 -4.07089000E-04
2002-01-11T03:11:05.451 -8.86409000E-04 -3.52940000E-05  9.70960000E-04
2002-01-11T03:11:06.451 -1.51385000E-04  5.30986000E-04 -3.77710000E-04
2002-01-11T03:11:07.451 -8.38885000E-04 -5.33196000E-04  2.80841000E-04
2002-01-11T03:11:08.451  8.52723000E-04 -2.93955000E-04 -9.83535000E-04
2002-01-11T03:11:09.451 -1.11441200E-03 -5.09242000E-04  6.62322000E-04
2002-01-11T03:11:10.451 -1.31912000E-04  5.12482000E-04  2.71782000E-04
2002-01-11T03:11:11.451 -9.45209000E-04  6.38670000E-04 -2.67435000E-04
2002-01-11T03:11:12.451  1.27547000E-04  4.65454000E-04 -3.19307000E-04
2002-01-11T03:11:13.451 -7.28822000E-04 -1.41935600E-03  8.38781000E-04
2002-01-11T03:11:14.451  8.59535000E-04  7.81370000E-05  4.29070000E-04
2002-01-11T03:11:15.451  1.26554000E-04  1.04807000E-04 -7.96244000E-04
2002-01-11T03:11:16.451 -2.73138000E-04  7.90623000E-04  3.33109000E-04
2002-01-11T03:11:17.451 -1.26153000E-03 -9.79310000E-05  3.91450000E-05
2002-01-11T03:11:18.451  6.96869000E-04  5.43670000E-04 -4.83540000E-04
2002-01-11T03:11:19.451 -7.11298000E-04 -1.45064300E-03  1.01616300E-03
2002-01-11T03:11:20.459  1.00814200E-03  5.25954000E-04 -4.76947000E-04
2002-01-11T03:11:21.451 -1.70862800E-03 -6.15866000E-04  1.20159400E-03
2002-01-11T03:11:22.451  1.33608000E-04  9.98069000E-04 -1.30494000E-04
2002-01-11T03:11:23.451 -9.30590000E-04  1.76243000E-04  9.27370000E-04
2002-01-11T03:11:24.451  1.00246900E-03  3.70219000E-04 -4.66870000E-05
2002-01-11T03:11:25.451  2.91912000E-04  9.17100000E-06  2.18244000E-04
2002-01-11T03:11:26.451  8.13908000E-04  6.13320000E-04  2.16850000E-04
2002-01-11T03:11:27.451 -1.80525400E-03 -4.75076000E-04  5.32677000E-04
2002-01-11T03:11:28.451  4.82506000E-04  1.25081300E-03 -7.96294000E-04
2002-01-11T03:11:29.451 -1.17174300E-03 -1.26198700E-03  5.94767000E-04
2002-01-11T03:11:30.451  1.16583500E-03  5.26507000E-04 -1.83814000E-04
2002-01-11T03:11:31.451 -5.02416000E-04 -1.10548200E-03  3.70021000E-04
2002-01-11T03:11:32.451  7.79591000E-04  1.04138300E-03 -1.34108000E-03
2002-01-11T03:11:33.451 -1.40002500E-03 -2.39150000E-05  2.04512000E-04
2002-01-11T03:11:34.451  8.21953000E-04  1.40018100E-03 -1.41395700E-03
2002-01-11T03:11:35.451 -9.82764000E-04 -5.33276000E-04 -1.00860000E-05
2002-01-11T03:11:36.459  1.74282300E-03  1.53008000E-04 -6.23120000E-05
2002-01-11T03:11:37.451 -6.33342000E-04 -8.56330000E-04 -1.97509000E-04
2002-01-11T03:11:38.451  7.14456000E-04  1.31723400E-03  4.01315000E-04
2002-01-11T03:11:39.451 -1.08220000E-03  9.76810000E-05 -8.00695000E-04
2002-01-11T03:11:40.451  1.15123700E-03  8.85328000E-04  3.54542000E-04
2002-01-11T03:11:41.451 -5.63796000E-04 -1.18893200E-03 -5.45033000E-04
2002-01-11T03:11:42.451  1.75653000E-03  5.00688000E-04  4.10089000E-04
2002-01-11T03:11:43.451 -1.03816900E-03 -5.73051000E-04  1.10360000E-05
2002-01-11T03:11:44.451  5.38711000E-04  1.41296800E-03 -5.52498000E-04
2002-01-11T03:11:45.451 -1.61518100E-03 -1.21721000E-04  6.36491000E-04
2002-01-11T03:11:46.451  1.03996700E-03  7.85134000E-04 -7.06102000E-04
2002-01-11T03:11:47.451 -6.61657000E-04 -1.51373700E-03 -1.29932000E-04
2002-01-11T03:11:48.451  1.21637600E-03  1.85477000E-04 -5.70880000E-04
2002-01-11T03:11:49.451 -1.32098000E-03 -6.21830000E-04  1.15287000E-04
2002-01-11T03:11:50.451  3.30163000E-04  1.37126700E-03 -4.20100000E-04
2002-01-11T03:11:51.451 -7.89313000E-04 -1.12788100E-03  1.46420000E-05
2002-01-11T03:11:52.459  8.39832000E-04  6.23978000E-04 -3.76881000E-04
2002-01-11T03:11:53.451 -2.70911000E-04 -1.09031100E-03 -1.96983000E-04
2002-01-11T03:11:54.451  1.24432300E-03  9.41365000E-04 -5.11180000E-05
2002-01-11T03:11:55.451 -9.82199000E-04  3.61460000E-05 -2.90273000E-04
2002-01-11T03:11:56.451  2.12025000E-04  1.67982700E-03 -1.53548000E-04
2002-01-11T03:11:57.451 -1.16958100E-03 -5.53411000E-04 -1.23481800E-03
2002-01-11T03:11:58.451  7.42555000E-04 -4.02590000E-04  6.88214000E-04
2002-01-11T03:11:59.451 -4.61727000E-04 -1.27547300E-03 -3.18357000E-04
2002-01-11T03:12:00.451  9.94395000E-04  1.26382200E-03  9.47869000E-04
2002-01-11T03:12:01.451 -8.84543000E-04 -4.64187000E-04  4.78406000E-04
2002-01-11T03:12:02.451  6.66366000E-04  1.19540500E-03 -1.54239000E-04
2002-01-11T03:12:03.451 -1.37677100E-03 -5.67616000E-04  7.06310000E-04
2002-01-11T03:12:04.451  1.48589800E-03  5.42168000E-04 -4.40776000E-04
2002-01-11T03:12:05.451 -8.00377000E-04 -9.06857000E-04 -3.17842000E-04
2002-01-11T03:12:06.451  8.05309000E-04  1.16886300E-03 -6.00992000E-04
2002-01-11T03:12:07.451 -9.97223000E-04  6.83860000E-05 -5.47720000E-04
2002-01-11T03:12:08.459  4.28719000E-04  1.43057900E-03 -2.45692000E-04
2002-01-11T03:12:09.451 -5.31408000E-04 -1.01582600E-03 -9.49448000E-04
2002-01-11T03:12:10.451  1.79322300E-03  3.86641000E-04 -1.22254000E-04
2002-01-11T03:12:11.451 -7.17643000E-04 -8.19922000E-04 -7.56360000E-04
2002-01-11T03:12:12.451 -4.59120000E-04  5.87305000E-04  8.71274000E-04
2002-01-11T03:12:13.451 -1.26292700E-03  6.74620000E-05 -1.08443200E-03
2002-01-11T03:12:14.451  7.07644000E-04  5.47353000E-04  1.12440300E-03
2002-01-11T03:12:15.451 -1.16018000E-04 -1.20396800E-03 -5.87207000E-04
2002-01-11T03:12:16.451  1.32050200E-03  1.61990000E-04  4.03870000E-05
2002-01-11T03:12:17.451 -8.15798000E-04 -3.12164000E-04  2.60811000E-04
2002-01-11T03:12:18.451  2.73647000E-04  1.20436700E-03 -1.23007900E-03
2002-01-11T03:12:19.451 -1.59782900E-03  1.92307000E-04  9.85931000E-04
2002-01-11T03:12:20.451  1.03857800E-03  1.18389000E-03 -1.48872100E-03
2002-01-11T03:12:21.451 -5.14083000E-04 -1.34665500E-03 -6.40360000E-05
2002-01-11T03:12:22.451  5.88555000E-04  1.17092000E-04 -1.35156300E-03
2002-01-11T03:12:23.451 -1.04470900E-03 -3.13061000E-04 -5.48700000E-06
2002-01-11T03:12:24.459  4.52957000E-04  1.69432200E-03  1.79800000E-04
2002-01-11T03:12:25.451 -1.23159400E-03 -4.16246000E-04 -6.40185000E-04
2002-01-11T03:12:26.451  1.22743400E-03  5.76692000E-04 -2.00818000E-04
2002-01-11T03:12:27.451 -5.78197000E-04 -1.24851100E-03 -8.18410000E-05
2002-01-11T03:12:28.451  1.10478300E-03  8.96000000E-04  3.38798000E-04
2002-01-11T03:12:29.451 -1.19621000E-03 -2.34490000E-04 -2.21218000E-04
2002-01-11T03:12:30.451  2.97256000E-04  1.38419400E-03 -6.28686000E-04
2002-01-11T03:12:31.451 -9.52378000E-04 -5.50873000E-04 -3.15472000E-04
2002-01-11T03:12:32.451  2.16240700E-03  2.17026000E-04 -2.47685000E-04
2002-01-11T03:12:33.451 -7.53412000E-04 -8.09153000E-04  8.37872000E-04
2002-01-11T03:12:34.451  6.57920000E-04  1.19424100E-03 -1.15709900E-03
2002-01-11T03:12:35.451 -1.65232300E-03  1.13353000E-04  2.88239000E-04
2002-01-11T03:12:36.451  4.43159000E-04  3.58770000E-04 -1.70212200E-03
2002-01-11T03:12:37.451 -3.41515000E-04 -1.15941300E-03  8.04821000E-04
2002-01-11T03:12:38.451  1.59991400E-03 -3.19496000E-04 -8.00744000E-04
2002-01-11T03:12:39.451 -1.02938700E-03 -7.15133000E-04  2.58350000E-05
2002-01-11T03:12:40.459  5.17019000E-04  1.30215200E-03 -6.23953000E-04
2002-01-11T03:12:41.451 -1.99854200E-03  2.62887000E-04  1.30030000E-05
2002-01-11T03:12:42.451  3.30060000E-04  7.17369000E-04  7.46553000E-04
2002-01-11T03:12:43.451 -5.52609000E-04 -1.41898400E-03  7.72630000E-04
2002-01-11T03:12:44.451  1.25223200E-03 -1.96614000E-04 -3.58411000E-04
2002-01-11T03:12:45.451 -7.35830000E-04 -6.83043000E-04 -2.64070000E-05
2002-01-11T03:12:46.451  3.28904000E-04  1.14370100E-03 -4.30357000E-04
2002-01-11T03:12:47.451 -1.82237300E-03 -1.37803000E-04  4.22110000E-04
2002-01-11T03:12:48.451  9.27647000E-04  9.32499000E-04  2.55949000E-04
2002-01-11T03:12:49.451 -4.51340000E-04 -9.85143000E-04  1.04067000E-03
2002-01-11T03:12:50.451  8.08693000E-04  4.56366000E-04 -1.00608800E-03
2002-01-11T03:12:51.451 -1.54922900E-03 -1.15333000E-03 -1.10943100E-03
2002-01-11T03:12:52.451 -5.63700000E-06  1.09622500E-03  1.33083000E-04
2002-01-11T03:12:53.451 -7.76095000E-04  4.62170000E-04 -8.45184000E-04
2002-01-11T03:12:54.451  6.36838000E-04  3.59049000E-04  8.74333000E-04
2002-01-11T03:12:55.451  2.06492000E-04 -1.31113600E-03 -1.19886100E-03
2002-01-11T03:12:56.459  8.48608000E-04 -1.25846000E-04  6.59604000E-04
2002-01-11T03:12:57.451 -1.55323000E-04  8.27000000E-07  4.11444000E-04
2002-01-11T03:12:58.451 -4.57270000E-04  9.51897000E-04  3.22186000E-04
2002-01-11T03:12:59.451 -4.64331000E-04  5.81305000E-04  6.26500000E-06
2002-01-11T03:13:00.451 -6.88450000E-05 -1.34910000E-04  3.65287000E-04
2002-01-11T03:13:01.451  7.72627000E-04 -2.16445000E-04  5.87265000E-04
2002-01-11T03:13:02.451  2.81260000E-05 -3.47518000E-04 -5.65387000E-04
2002-01-11T03:13:03.451  2.06576000E-04 -1.93490000E-04  5.62352000E-04
2002-01-11T03:13:04.451 -6.46096000E-04  1.60415000E-04 -2.03013000E-04
2002-01-11T03:13:05.451 -6.71363000E-04  1.04216600E-03 -1.39804000E-04
2002-01-11T03:13:06.451 -8.16653000E-04 -1.48101000E-04 -1.34786000E-04
2002-01-11T03:13:07.451  1.20645500E-03  3.79557000E-04 -1.77930000E-04
2002-01-11T03:13:08.451 -6.42679000E-04 -1.22674900E-03  1.29751700E-03
2002-01-11T03:13:09.451  1.38638700E-03  6.95201000E-04 -1.10053100E-03
2002-01-11T03:13:10.451 -1.07210500E-03 -2.91505000E-04  3.74222000E-04
2002-01-11T03:13:11.451  4.45880000E-04  1.38397300E-03 -1.20091900E-03
2002-01-11T03:13:12.459 -1.73672800E-03  2.18513000E-04  6.31651000E-04
2002-01-11T03:13:13.451  8.19266000E-04  5.19271000E-04 -1.10635000E-04
2002-01-11T03:13:14.451 -6.44762000E-04 -1.01695500E-03  6.14906000E-04
2002-01-11T03:13:15.451  1.04139300E-03  3.46530000E-05 -6.27670000E-05
2002-01-11T03:13:16.451 -5.28015000E-04 -6.51567000E-04  5.27710000E-05
2002-01-11T03:13:17.451  3.44625000E-04  9.47230000E-04  2.19488000E-04
2002-01-11T03:13:18.451 -1.21027300E-03  2.29268000E-04  4.17835000E-04
2002-01-11T03:13:19.451  1.84993000E-04  7.20459000E-04 -3.94930000E-04
2002-01-11T03:13:20.451  5.61500000E-06 -2.70940000E-04 -7.53760000E-04
2002-01-11T03:13:21.451  7.42291000E-04 -5.50242000E-04 -2.22952000E-04
2002-01-11T03:13:22.451  4.94568000E-04 -1.72008000E-04 -7.34990000E-05
2002-01-11T03:13:23.451 -1.76167000E-04  1.32560000E-05 -1.00200900E-03
2002-01-11T03:13:24.451 -1.43115000E-04  5.57587000E-04  8.65578000E-04
2002-01-11T03:13:25.451 -9.02060000E-04  2.23920000E-04 -9.10576000E-04
2002-01-11T03:13:26.451  7.98493000E-04  6.51023000E-04  1.04672400E-03
2002-01-11T03:13:27.451 -2.00074000E-04 -6.34365000E-04 -7.39914000E-04
2002-01-11T03:13:28.459  9.75787000E-04  3.63661000E-04  4.26979000E-04
2002-01-11T03:13:29.451 -6.13563000E-04 -6.85187000E-04  9.59600000E-05
2002-01-11T03:13:30.451  3.22147000E-04  1.19116700E-03  8.62441000E-04
2002-01-11T03:13:31.451 -1.58572200E-03  2.25580000E-04  5.39349000E-04
2002-01-11T03:13:32.451  8.28122000E-04  9.91279000E-04  3.38084000E-04
2002-01-11T03:13:33.451 -5.08352000E-04 -1.04925300E-03  8.92114000E-04
2002-01-11T03:13:34.451  1.24624200E-03  3.35932000E-04 -1.21266200E-03
2002-01-11T03:13:35.451 -7.84372000E-04 -1.20046900E-03  5.26989000E-04
2002-01-11T03:13:36.451  7.60320000E-05  9.59053000E-04 -3.36228000E-04
2002-01-11T03:13:37.451 -1.69152000E-03 -8.83720000E-05 -2.01222000E-04
2002-01-11T03:13:38.451  7.18678000E-04  1.16322000E-03 -9.25840000E-04
2002-01-11T03:13:39.451 -1.03116300E-03 -3.99286000E-04 -2.39800000E-06
2002-01-11T03:13:40.451  1.27965200E-03  5.74980000E-05  3.41021000E-04
2002-01-11T03:13:41.451  1.15696000E-04 -8.02274000E-04 -3.36917000E-04
2002-01-11T03:13:42.451  7.98746000E-04  8.46576000E-04  4.21370000E-04
2002-01-11T03:13:43.451 -1.66086000E-03 -1.33229000E-04  2.68513000E-04
2002-01-11T03:13:44.459 -5.05190000E-05  1.23802200E-03 -8.31400000E-05
2002-01-11T03:13:45.451 -1.28624800E-03 -6.21338000E-04  4.05373000E-04
2002-01-11T03:13:46.451  1.27343800E-03 -1.14181000E-04 -3.52604000E-04
2002-01-11T03:13:47.451 -4.17043000E-04 -8.56313000E-04  4.92289000E-04
2002-01-11T03:13:48.451  5.23101000E-04 -2.10669000E-04 -3.39125000E-04
2002-01-11T03:13:49.451 -1.88117000E-04  4.79288000E-04  4.90290000E-04
2002-01-11T03:13:50.451 -4.34193000E-04  6.64860000E-04 -1.36719000E-04
2002-01-11T03:13:51.451  7.89709000E-04  1.86578500E-03  3.10201000E-04
2002-01-11T03:13:52.451 -4.85635000E-04 -2.98642000E-04  6.37042000E-04
2002-01-11T03:13:53.451  2.17785000E-04  3.86683000E-04 -7.77629000E-04
2002-01-11T03:13:54.451 -2.12404000E-04 -7.05900000E-04  4.37313000E-04
2002-01-11T03:13:55.451  1.24645100E-03  5.79490000E-04 -8.97349000E-04
2002-01-11T03:13:56.451 -5.80382000E-04 -7.03648000E-04 -5.09594000E-04
2002-01-11T03:13:57.451  3.40449000E-04  1.02865600E-03 -2.17780000E-05
2002-01-11T03:13:58.451 -1.20741300E-03 -7.67310000E-05 -1.19981000E-04
2002-01-11T03:13:59.451  1.95022000E-04  1.04454600E-03  3.98050000E-04
2002-01-11T03:14:00.459 -5.15142000E-04 -3.56300000E-05 -2.94512000E-04
2002-01-11T03:14:01.451  1.44060100E-03 -1.87253000E-04 -7.81640000E-05
2002-01-11T03:14:02.451 -5.42582000E-04 -7.13869000E-04  6.96838000E-04
2002-01-11T03:14:03.451  2.01196000E-04  7.10452000E-04 -7.89437000E-04
2002-01-11T03:14:04.451 -2.51622000E-04  1.07602600E-03  1.12309400E-03
2002-01-11T03:14:05.451 -4.32771000E-04  8.29273000E-04 -1.25230000E-04
2002-01-11T03:14:06.451 -1.84910000E-04  1.01711900E-03  9.73324000E-04
2002-01-11T03:14:07.451 -9.07400000E-05 -7.00763000E-04 -4.58698000E-04
2002-01-11T03:14:08.451  6.04053000E-04  4.37900000E-06 -9.00500000E-06
2002-01-11T03:14:09.451 -9.07920000E-05 -7.11285000E-04 -8.58745000E-04
2002-01-11T03:14:10.451  4.69931000E-04  3.38066000E-04 -2.92551000E-04
2002-01-11T03:14:11.451 -7.93105000E-04 -2.21986000E-04  1.57716700E-03
2002-01-11T03:14:12.451  6.88247000E-04  1.62979100E-03 -6.06583000E-04
2002-01-11T03:14:13.451 -1.28688500E-03 -2.36549000E-04  4.37049000E-04
2002-01-11T03:14:14.451  7.93767000E-04  1.24475100E-03 -8.41234000E-04
2002-01-11T03:14:15.451 -7.83379000E-04 -6.79757000E-04  9.38566000E-04
2002-01-11T03:14:16.459  1.06702900E-03  2.28648000E-04  2.43374000E-04
2002-01-11T03:14:17.451 -5.36276000E-04 -3.94461000E-04 -3.08090000E-04
2002-01-11T03:14:18.451  4.96438000E-04  4.42537000E-04  5.43966000E-04
2002-01-11T03:14:19.451 -2.28915000E-04  1.61111000E-04 -3.81846000E-04
2002-01-11T03:14:20.451 -4.21639000E-04  1.07046500E-03  2.14090000E-04
2002-01-11T03:14:21.451 -5.37250000E-04  1.44029800E-03 -2.02440000E-04
2002-01-11T03:14:22.494  4.02940000E-05 -1.27550000E-04 -4.01000000E-07
2002-01-11T03:14:23.451 -2.06144000E-04  2.37315000E-04 -3.65348000E-04
2002-01-11T03:14:24.451 -8.09320000E-05 -8.54559000E-04  5.55100000E-06
2002-01-11T03:14:25.451  1.24097600E-03  6.31335000E-04 -1.54444000E-04
2002-01-11T03:14:26.451 -9.55030000E-04 -6.43635000E-04 -3.90387000E-04
2002-01-11T03:14:27.451  4.65888000E-04  1.57525200E-03  7.16466000E-04
2002-01-11T03:14:28.451 -1.16541100E-03 -1.54650000E-04 -9.88664000E-04
2002-01-11T03:14:29.451  2.50874000E-04  1.05052100E-03  3.26333000E-04
2002-01-11T03:14:30.451  9.90000000E-05  4.39622000E-04 -2.17534000E-04
2002-01-11T03:14:31.451  1.75531000E-04  8.27970000E-05  2.51286000E-04
2002-01-11T03:14:32.459  5.38260000E-04  6.17511000E-04 -3.45587000E-04
2002-01-11T03:14:33.451  6.49790000E-05 -8.11264000E-04 -3.46465000E-04
2002-01-11T03:14:34.451  8.64433000E-04  6.17193000E-04  2.19105000E-04
2002-01-11T03:14:35.451 -7.43747000E-04 -3.21486000E-04 -8.71001000E-04
2002-01-11T03:14:36.451  5.02202000E-04  1.76158700E-03  7.22650000E-05
2002-01-11T03:14:37.451 -1.57457800E-03  7.38065000E-04 -7.19697000E-04
2002-01-11T03:14:38.451  4.96216000E-04  4.05771000E-04 -2.80835000E-04
2002-01-11T03:14:39.451 -2.38991000E-04  9.65757000E-04 -2.00091000E-04
2002-01-11T03:14:40.451  4.47039000E-04 -8.03236000E-04 -1.49522000E-04
2002-01-11T03:14:41.451  6.48874000E-04 -1.78871000E-04  9.94705000E-04
2002-01-11T03:14:42.451 -6.70574000E-04 -6.34216000E-04  3.68133000E-04
2002-01-11T03:14:43.451  9.57119000E-04  1.07390100E-03 -2.08636000E-04
2002-01-11T03:14:44.451 -3.95339000E-04 -2.62245000E-04 -7.72180000E-05
2002-01-11T03:14:45.451  5.03820000E-05  1.18713700E-03  2.26691000E-04
2002-01-11T03:14:46.451 -5.39196000E-04  9.42852000E-04  3.27500000E-04
2002-01-11T03:14:47.451 -8.72724000E-04  1.40662900E-03  2.99190000E-05
2002-01-11T03:14:48.459 -3.55861000E-04  5.39349000E-04  1.43715000E-04
2002-01-11T03:14:49.451 -2.69535000E-04 -8.41308000E-04 -2.86871000E-04
2002-01-11T03:14:50.451  1.17542600E-03  8.66005000E-04  1.09020900E-03
2002-01-11T03:14:51.451 -6.29245000E-04 -8.91774000E-04  1.52688000E-04
2002-01-11T03:14:52.451  1.17932500E-03  8.30184000E-04  5.22610000E-05
2002-01-11T03:14:53.451 -4.25131000E-04 -7.75130000E-05 -4.30330000E-04
2002-01-11T03:14:54.451  1.45788000E-04  7.40949000E-04 -6.02752000E-04
2002-01-11T03:14:55.451 -4.09770000E-05  1.52923600E-03  1.31342000E-04
2002-01-11T03:14:56.451 -8.72253000E-04  9.04768000E-04  1.39987000E-04
2002-01-11T03:14:57.451  2.85573000E-04  1.73387800E-03 -3.66054000E-04
2002-01-11T03:14:58.451 -1.24596500E-03 -1.16495000E-04 -7.51005000E-04
2002-01-11T03:14:59.451  9.11764000E-04  6.80759000E-04 -3.99015000E-04
2002-01-11T03:15:00.451 -1.99870000E-04 -6.50792000E-04 -4.05939000E-04
2002-01-11T03:15:01.451  6.90797000E-04  4.29971000E-04 -1.58362000E-04
2002-01-11T03:15:02.451 -4.14772000E-04 -2.85795000E-04  6.23477000E-04
2002-01-11T03:15:03.451  1.85720000E-04 -1.00745000E-04  3.07160000E-05
2002-01-11T03:15:04.459  7.72391000E-04  9.72000000E-04  3.05083000E-04
2002-01-11T03:15:05.451 -1.14941600E-03 -1.65599000E-04 -8.03936000E-04
2002-01-11T03:15:06.451  3.68724000E-04  1.78564700E-03  2.94276000E-04
2002-01-11T03:15:07.451 -1.23664200E-03  2.46550000E-04 -3.77689000E-04
2002-01-11T03:15:08.451 -2.05603000E-04  1.69812500E-03  6.25606000E-04
2002-01-11T03:15:09.451 -3.78390000E-05  6.01439000E-04  3.26205000E-04
2002-01-11T03:15:10.451 -6.74285000E-04  3.92725000E-04 -7.54457000E-04
2002-01-11T03:15:11.451  1.04894200E-03  1.29875000E-03 -4.43232000E-04
2002-01-11T03:15:12.451 -8.25389000E-04 -5.27427000E-04  6.19410000E-05
2002-01-11T03:15:13.451  8.93324000E-04  3.28734000E-04 -4.30067000E-04
2002-01-11T03:15:14.451  5.37814000E-04  1.64820000E-05  2.78503000E-04
2002-01-11T03:15:15.451 -6.82124000E-04 -2.41762000E-04 -1.27349000E-04
2002-01-11T03:15:16.451  9.06064000E-04  5.80629000E-04 -1.50173000E-04
2002-01-11T03:15:17.451 -7.96001000E-04 -1.01562400E-03 -1.85720000E-05
2002-01-11T03:15:18.451  6.06512000E-04  7.47678000E-04 -8.07053000E-04
2002-01-11T03:15:19.451 -1.28874900E-03  4.90400000E-05  2.37681000E-04
2002-01-11T03:15:20.459 -4.65587000E-04  9.61050000E-05 -1.39461000E-04
2002-01-11T03:15:21.451  5.56305000E-04  1.34380200E-03  1.09974000E-03
2002-01-11T03:15:22.451 -1.46257600E-03  7.31440000E-05 -1.05675600E-03
2002-01-11T03:15:23.451 -4.51390000E-05  1.10948800E-03  6.96500000E-04
2002-01-11T03:15:24.451  7.46363000E-04  1.44085200E-03 -6.04858000E-04
2002-01-11T03:15:25.451 -1.12780600E-03  8.27949000E-04  3.13530000E-04
2002-01-11T03:15:26.451  3.04790000E-05  1.41701500E-03 -8.47660000E-05
2002-01-11T03:15:27.451 -5.24837000E-04  1.29085800E-03 -2.94277000E-04
2002-01-11T03:15:28.451 -1.30720600E-03  8.83533000E-04 -4.40226000E-04
2002-01-11T03:15:29.451  3.15710000E-04  2.10826100E-03 -2.46925000E-04
2002-01-11T03:15:30.451 -7.17961000E-04  6.23115000E-04  7.65250000E-05
2002-01-11T03:15:31.451 -5.03906000E-04  8.11070000E-04 -3.42059000E-04
2002-01-11T03:15:32.451  3.23341000E-04  1.59852400E-03 -9.21689000E-04
2002-01-11T03:15:33.451 -1.03496700E-03  1.16048400E-03 -1.36098000E-04
2002-01-11T03:15:34.451 -8.78187000E-04  1.18001900E-03 -4.80262000E-04
2002-01-11T03:15:35.451  4.73672000E-04  2.30237200E-03 -5.32987000E-04
2002-01-11T03:15:36.459 -9.02298000E-04  7.41210000E-04 -5.24100000E-04
2002-01-11T03:15:37.451 -6.64542000E-04  1.32567200E-03  7.46036000E-04
2002-01-11T03:15:38.451  4.70207000E-04  2.03252500E-03 -9.60000000E-05
2002-01-11T03:15:39.451 -1.11392000E-03  4.65572000E-04  1.21699300E-03
2002-01-11T03:15:40.451 -3.32195000E-04  1.08848200E-03 -2.30776000E-04
2002-01-11T03:15:41.451  5.21528000E-04  2.90009300E-03 -7.49560000E-05
2002-01-11T03:15:42.451 -4.65052000E-04  7.65889000E-04  2.68705000E-04
2002-01-11T03:15:43.451 -3.85995000E-04  1.03221600E-03 -6.23892000E-04
2002-01-11T03:15:44.451  6.82350000E-04  1.71794900E-03  1.40039000E-04
2002-01-11T03:15:45.451 -6.60192000E-04  5.21066000E-04 -3.17255000E-04
2002-01-11T03:15:46.451 -4.09454000E-04  9.43430000E-04 -1.58624000E-04
2002-01-11T03:15:47.451  5.86865000E-04  1.81091200E-03 -7.94984000E-04
2002-01-11T03:15:48.451 -1.15402200E-03 -1.38745000E-04  1.84375000E-04
2002-01-11T03:15:49.451 -2.32196000E-04  1.32526900E-03  1.46988000E-04
2002-01-11T03:15:50.451  2.81647000E-04  1.80395200E-03 -2.79841000E-04
2002-01-11T03:15:51.451 -1.68059100E-03  2.98541000E-04  9.72868000E-04
2002-01-11T03:15:52.459  4.50920000E-04  1.88674400E-03 -3.74587000E-04
2002-01-11T03:15:53.451 -1.55190200E-03  6.78248000E-04 -3.76181000E-04
2002-01-11T03:15:54.451 -6.70545000E-04  7.51528000E-04 -4.78706000E-04
2002-01-11T03:15:55.451  9.01585000E-04  1.71785800E-03  3.88622000E-04
2002-01-11T03:15:56.451 -1.04673500E-03  1.33618500E-03  7.28679000E-04
2002-01-11T03:15:57.451 -7.14265000E-04  8.75733000E-04 -5.29209000E-04
2002-01-11T03:15:58.451  1.36876000E-04  1.83138500E-03  7.08520000E-05
2002-01-11T03:15:59.451 -1.16598300E-03  3.24467000E-04 -5.57179000E-04
2002-01-11T03:16:00.451 -3.31218000E-04  1.19708900E-03  1.44613000E-04
2002-01-11T03:16:01.451  6.64872000E-04  1.56786100E-03  1.98264000E-04
2002-01-11T03:16:02.451 -4.54444000E-04  7.43184000E-04 -5.39205000E-04
2002-01-11T03:16:03.451 -1.47720000E-04  2.06258000E-04  8.87450000E-04
2002-01-11T03:16:04.451  9.52527000E-04  1.85052700E-03 -9.18873000E-04
2002-01-11T03:16:05.451 -6.87915000E-04 -1.27745000E-04  7.54093000E-04
2002-01-11T03:16:06.451  1.38820000E-05  3.61367000E-04 -4.54616000E-04
2002-01-11T03:16:07.451  1.06449800E-03  1.74020300E-03  6.69460000E-05
2002-01-11T03:16:08.459 -8.27290000E-05  5.21744000E-04  1.82350000E-05
2002-01-11T03:16:09.451 -3.56979000E-04  5.01985000E-04 -2.74769000E-04
2002-01-11T03:16:10.451  7.85281000E-04  9.61150000E-04 -4.02148000E-04
2002-01-11T03:16:11.451  1.01217000E-04  8.24367000E-04 -2.60928000E-04
2002-01-11T03:16:12.451  1.58348000E-04 -1.71466000E-04  2.12813000E-04
2002-01-11T03:16:13.451  1.12484700E-03  7.96216000E-04 -5.38316000E-04
2002-01-11T03:16:14.451  1.64178000E-04 -4.72692000E-04 -4.84641000E-04
2002-01-11T03:16:15.451 -2.46070000E-05 -1.15815000E-04  1.61523000E-04
2002-01-11T03:16:16.451  1.68766600E-03  1.14088200E-03 -6.78955000E-04
2002-01-11T03:16:17.451  8.51605000E-04  8.71200000E-04  1.65985500E-03
2002-01-11T03:16:18.451 -1.51127000E-04 -7.01010000E-04 -8.13375000E-04
2002-01-11T03:16:19.451  2.30192000E-04  1.24001400E-03  1.10883300E-03
2002-01-11T03:16:20.451  7.07876000E-04  2.19015900E-03 -1.17144600E-03
2002-01-11T03:16:21.451 -8.51246000E-04  1.03614600E-03 -3.99610000E-04
2002-01-11T03:16:22.451 -8.94867000E-04  1.43546200E-03 -3.99685000E-04
2002-01-11T03:16:23.451  9.61790000E-05  2.08110100E-03  7.78056000E-04
2002-01-11T03:16:24.459 -5.02086000E-04  8.75702000E-04  4.08866000E-04
2002-01-11T03:16:25.451 -1.45680300E-03  2.77466000E-04 -1.54667000E-04
2002-01-11T03:16:26.451  2.75663000E-04  9.84698000E-04  1.25001000E-04
2002-01-11T03:16:27.451  1.21406300E-03  1.48660700E-03 -4.23748000E-04
2002-01-11T03:16:28.451 -4.57830000E-04  1.26405000E-04  3.70083000E-04
2002-01-11T03:16:29.451  2.00900000E-06  2.75155000E-04 -9.03250000E-05
2002-01-11T03:16:30.451  1.15856500E-03  1.44101000E-03  2.30527000E-04
2002-01-11T03:16:31.451 -6.59578000E-04  1.36545900E-03 -3.79268000E-04
2002-01-11T03:16:32.451 -7.02231000E-04  5.94465000E-04 -8.10111000E-04
2002-01-11T03:16:33.451 -8.37063000E-04  1.46357800E-03  1.10686400E-03
2002-01-11T03:16:34.451  5.61358000E-04  2.08223300E-03 -4.65107000E-04
2002-01-11T03:16:35.451  7.02168000E-04  1.78618200E-03  3.35393000E-04
2002-01-11T03:16:36.451 -1.01527300E-03  1.19434000E-04  1.96356000E-04
2002-01-11T03:16:37.451 -2.20659000E-04  4.44609000E-04  6.21432000E-04
2002-01-11T03:16:38.451  8.23640000E-04  1.72131800E-03 -1.38487000E-04
2002-01-11T03:16:39.451  6.26498000E-04  1.42528500E-03  3.90225000E-04
2002-01-11T03:16:40.459 -1.46147700E-03  8.66147000E-04  6.45462000E-04
2002-01-11T03:16:41.451 -8.03835000E-04  1.02478800E-03 -1.42139000E-04
2002-01-11T03:16:42.451  1.41388000E-04  2.08937500E-03  2.88616000E-04
2002-01-11T03:16:43.451 -5.53564000E-04  1.12954800E-03 -1.06922700E-03
2002-01-11T03:16:44.451 -1.10466400E-03 -1.02620000E-05 -7.90450000E-05
2002-01-11T03:16:45.451  1.38194000E-04  5.28157000E-04 -3.56588000E-04
2002-01-11T03:16:46.451  1.44150500E-03  1.04154900E-03  5.75850000E-04
2002-01-11T03:16:47.451  1.01328400E-03  1.08915300E-03 -2.57025000E-04
2002-01-11T03:16:48.451 -4.30449000E-04  3.01045000E-04  2.32394000E-04
2002-01-11T03:16:49.451 -7.62865000E-04  1.54654200E-03 -2.59812000E-04
2002-01-11T03:16:50.451  2.93023000E-04  2.63462200E-03 -3.72557000E-04
2002-01-11T03:16:51.451 -4.41309000E-04  1.31156300E-03  1.22662400E-03
2002-01-11T03:16:52.451 -1.04395800E-03  1.15774000E-04 -3.63250000E-04
2002-01-11T03:16:53.451  1.75682000E-04  5.40025000E-04  6.13510000E-04
2002-01-11T03:16:54.451  1.33905300E-03  1.18632900E-03 -2.47469000E-04
2002-01-11T03:16:55.451  7.31080000E-05  6.96387000E-04  7.63649000E-04
2002-01-11T03:16:56.459 -7.26552000E-04  3.82335000E-04 -9.14560000E-05
2002-01-11T03:16:57.451 -6.62937000E-04  1.58313200E-03  2.89830000E-05
2002-01-11T03:16:58.451  5.53682000E-04  2.56068400E-03 -3.58404000E-04
2002-01-11T03:16:59.451 -1.12145700E-03  1.28336900E-03 -8.10110000E-05
2002-01-11T03:17:00.451 -4.71869000E-04 -5.89740000E-05  1.59290000E-04
2002-01-11T03:17:01.451 -1.06197000E-04  1.03806400E-03  4.24015000E-04
2002-01-11T03:17:02.451  1.58280300E-03  1.53147200E-03 -2.51957000E-04
2002-01-11T03:17:03.451  5.26481000E-04  5.25307000E-04  2.77423000E-04
2002-01-11T03:17:04.451 -7.70504000E-04  5.20803000E-04 -2.23764000E-04
2002-01-11T03:17:05.451 -9.10209000E-04  2.07344000E-03  4.09773000E-04
2002-01-11T03:17:06.451  1.88136000E-04  2.20822100E-03 -5.36214000E-04
2002-01-11T03:17:07.451  8.87192000E-04  1.83659400E-03 -1.99660000E-04
2002-01-11T03:17:08.451 -8.16480000E-05  4.52449000E-04 -1.16433300E-03
2002-01-11T03:17:09.451 -1.10931400E-03  8.28565000E-04  7.88430000E-05
2002-01-11T03:17:10.451  5.19080000E-05  1.33290100E-03  1.00747600E-03
2002-01-11T03:17:11.451  2.44270000E-04  2.73145100E-03 -1.16906600E-03
2002-01-11T03:17:12.459  3.00749000E-04  1.88761700E-03  9.69593000E-04
2002-01-11T03:17:13.451 -1.06478000E-03  8.09651000E-04  1.30814000E-04
2002-01-11T03:17:14.451 -6.43116000E-04  1.00464000E-04  6.17291000E-04
2002-01-11T03:17:15.451 -3.07605000E-04  1.48246400E-03  2.34057000E-04
2002-01-11T03:17:16.451 -1.04097000E-04  2.91851500E-03 -1.96820000E-05
2002-01-11T03:17:17.451  6.03418000E-04  2.69047100E-03 -1.59205000E-04
2002-01-11T03:17:18.451 -3.80779000E-04 -1.67930000E-05  8.99357000E-04
2002-01-11T03:17:19.451 -7.62830000E-04  2.90937000E-04  5.06516000E-04
2002-01-11T03:17:20.451 -5.28046000E-04  1.60856900E-03 -1.16417800E-03
2002-01-11T03:17:21.451  2.21593000E-04  1.91071100E-03  6.74473000E-04
2002-01-11T03:17:22.451  5.20171000E-04  2.23733500E-03 -7.52681000E-04
2002-01-11T03:17:23.451  1.22785400E-03  1.86746300E-03  3.82112000E-04
2002-01-11T03:17:24.451 -2.37929000E-04  2.82146000E-04  1.25255000E-04
2002-01-11T03:17:25.451 -4.13245000E-04  1.36441500E-03  6.32370000E-05
2002-01-11T03:17:26.451 -1.36600000E-05  2.35045700E-03 -8.04495000E-04
2002-01-11T03:17:27.451  6.53464000E-04  1.87033600E-03  6.97749000E-04
2002-01-11T03:17:28.458  3.44384000E-04  1.25052300E-03 -2.33262000E-04
2002-01-11T03:17:29.451 -3.39526000E-04 -7.53880000E-05  6.50200000E-06
2002-01-11T03:17:30.451 -2.27731000E-04  1.36922500E-03 -6.65850000E-04
2002-01-11T03:17:31.451  2.45581000E-04  2.54353500E-03 -2.85161000E-04
2002-01-11T03:17:32.451  8.82456000E-04  2.57174800E-03  5.36783000E-04
2002-01-11T03:17:33.451 -7.08696000E-04  9.53090000E-04 -7.61876000E-04
2002-01-11T03:17:34.451 -2.96278000E-04 -4.34338000E-04  4.66889000E-04
2002-01-11T03:17:35.451 -1.30880000E-05  1.30712600E-03 -2.85826000E-04
2002-01-11T03:17:36.451  3.04112000E-04  2.30679200E-03 -1.80527000E-04
2002-01-11T03:17:37.451 -7.31010000E-05  2.53767200E-03 -6.12690000E-04
2002-01-11T03:17:38.451  6.22960000E-05  1.09107300E-03 -1.29812500E-03
2002-01-11T03:17:39.451 -7.58397000E-04  4.95090000E-05  9.09695000E-04
2002-01-11T03:17:40.451  7.00712000E-04  8.49255000E-04 -3.54618000E-04
2002-01-11T03:17:41.451  1.21586900E-03  1.63489900E-03  4.64165000E-04
2002-01-11T03:17:42.451  2.35923000E-04  1.23294000E-03 -8.72902000E-04
2002-01-11T03:17:43.451 -1.02562100E-03  1.58038800E-03 -6.00086000E-04
2002-01-11T03:17:44.458 -2.75831000E-04  7.81391000E-04  6.98520000E-04
2002-01-11T03:17:45.451  6.14177000E-04  1.37583100E-03 -9.06561000E-04
2002-01-11T03:17:46.451  7.62643000E-04  1.20064400E-03  4.56188000E-04
2002-01-11T03:17:47.451 -6.29979000E-04  5.98005000E-04 -1.01619000E-03
2002-01-11T03:17:48.451 -1.33539600E-03  5.69574000E-04  8.13473000E-04
2002-01-11T03:17:49.451 -9.10006000E-04  2.27513300E-03 -1.14108700E-03
2002-01-11T03:17:50.451  2.60800000E-04  2.21265800E-03  6.43948000E-04
2002-01-11T03:17:51.451  6.39121000E-04  1.56601700E-03  1.52215000E-04
2002-01-11T03:17:52.451  9.13331000E-04  1.26078900E-03  2.61270000E-04
2002-01-11T03:17:53.451 -9.11676000E-04  6.19253000E-04  1.67165000E-04
2002-01-11T03:17:54.451 -1.35059800E-03  1.48590900E-03 -1.70205000E-04
2002-01-11T03:17:55.451  2.98226000E-04  1.28986400E-03  3.15316000E-04
2002-01-11T03:17:56.451  1.12770200E-03  1.45819900E-03 -5.80119000E-04
2002-01-11T03:17:57.451  1.27100200E-03  2.12580100E-03  3.02460000E-05
2002-01-11T03:17:58.451 -2.04422000E-04  1.95201400E-03  7.60811000E-04
2002-01-11T03:17:59.451 -1.14033100E-03  7.47878000E-04  2.32398000E-04
2002-01-11T03:18:00.458 -4.36104000E-04  1.45321000E-04  7.19514000E-04
2002-01-11T03:18:01.451 -6.88150000E-04  1.43594400E-03  7.52124000E-04
2002-01-11T03:18:02.451 -7.20500000E-06  2.68683600E-03 -6.41806000E-04
2002-01-11T03:18:03.451  4.42620000E-04  2.22602800E-03 -4.97320000E-04
2002-01-11T03:18:04.451  1.22332000E-03  2.00245600E-03  4.71483000E-04
2002-01-11T03:18:05.451  3.74600000E-05  1.62009700E-03  9.25788000E-04
2002-01-11T03:18:06.451 -1.63091800E-03  1.28241000E-03 -1.70275500E-03
2002-01-11T03:18:07.451 -9.33415000E-04  1.26008800E-03  1.20296900E-03
2002-01-11T03:18:08.451 -2.95799000E-04  9.87274000E-04 -1.32180000E-04
2002-01-11T03:18:09.451 -1.68325000E-04  1.97292100E-03  8.97264000E-04
2002-01-11T03:18:10.451 -1.14472000E-04  2.81164800E-03  4.53213000E-04
2002-01-11T03:18:11.451  9.53569000E-04  2.24914400E-03  1.36026000E-04
2002-01-11T03:18:12.451  1.06337600E-03  1.74819700E-03  6.99310000E-05
2002-01-11T03:18:13.451 -4.28130000E-05  2.23004600E-03 -1.53125900E-03
2002-01-11T03:18:14.451 -4.13606000E-04  1.66913000E-03  4.57677000E-04
2002-01-11T03:18:15.451 -1.59710000E-04  9.42524000E-04 -5.84215000E-04
2002-01-11T03:18:16.458 -1.59529600E-03  8.91111000E-04  1.04648800E-03
2002-01-11T03:18:17.451 -1.40330600E-03  1.64966900E-03  6.58673000E-04
2002-01-11T03:18:18.451 -7.53100000E-06  1.26953700E-03 -2.49871000E-04
2002-01-11T03:18:19.451  6.40700000E-05  1.96505300E-03  1.00162900E-03
2002-01-11T03:18:20.451 -1.33455000E-04  2.76321500E-03 -8.95880000E-04
2002-01-11T03:18:21.451  1.22738900E-03  2.15564300E-03  5.42705000E-04
2002-01-11T03:18:22.451  1.02687200E-03  2.59402600E-03  1.07334000E-04
2002-01-11T03:18:23.451 -5.27775000E-04  2.69985800E-03  4.18053000E-04
2002-01-11T03:18:24.451  1.06429000E-04  1.16833900E-03 -5.40790000E-04
2002-01-11T03:18:25.451 -9.30536000E-04  9.63168000E-04 -2.44297000E-04
2002-01-11T03:18:26.451 -1.06555500E-03  1.75942300E-03  2.57390000E-05
2002-01-11T03:18:27.451 -3.98600000E-04  9.47560000E-04  7.54560000E-05
2002-01-11T03:18:28.451 -2.88290000E-04  3.56978000E-04  5.02510000E-04
2002-01-11T03:18:29.451 -1.02885300E-03  1.50246600E-03  1.34422000E-04
2002-01-11T03:18:30.451 -1.46641000E-04  1.62495500E-03  1.07765100E-03
2002-01-11T03:18:31.451  1.06731000E-04  1.89258200E-03 -3.89808000E-04
2002-01-11T03:18:32.458  1.91770000E-04  3.18204300E-03 -5.46576000E-04
2002-01-11T03:18:33.451  1.01550800E-03  2.74727500E-03 -8.50780000E-05
2002-01-11T03:18:34.451  8.01636000E-04  2.29585900E-03 -7.66270000E-05
2002-01-11T03:18:35.451  3.95191000E-04  3.34731100E-03 -4.52708000E-04
2002-01-11T03:18:36.451  1.09179500E-03  3.20026900E-03 -6.73243000E-04
2002-01-11T03:18:37.451  4.42300000E-05  1.48132500E-03  2.33458000E-04
2002-01-11T03:18:38.482 -3.15673000E-04  2.21834400E-03 -5.08991000E-04
2002-01-11T03:18:39.451  3.33874000E-04  1.46210100E-03  1.11280600E-03
2002-01-11T03:18:40.451  1.01400000E-04  1.74801500E-03 -5.85139000E-04
2002-01-11T03:18:41.451 -9.07772000E-04  2.33584500E-03 -1.62447000E-04
2002-01-11T03:18:42.451  3.20112000E-04  1.40351800E-03  5.31224000E-04
2002-01-11T03:18:43.451 -9.29718000E-04  1.96081500E-03 -4.59544000E-04
2002-01-11T03:18:44.451 -1.23671100E-03  1.08476800E-03  4.40981000E-04
2002-01-11T03:18:45.451 -6.41922000E-04  9.19624000E-04 -2.52186000E-04
2002-01-11T03:18:46.451 -1.12950800E-03  2.11197800E-03  4.33154000E-04
2002-01-11T03:18:47.451 -5.86950000E-04  1.47898900E-03  6.02533000E-04
2002-01-11T03:18:48.458 -9.31726000E-04  1.67853600E-03 -2.94024000E-04
2002-01-11T03:18:49.451 -1.81695000E-04  1.23868600E-03 -1.47816800E-03
2002-01-11T03:18:50.451 -2.56735000E-04  2.81879100E-03  5.31415000E-04
2002-01-11T03:18:51.451 -1.01991200E-03  1.69658100E-03  3.09511000E-04
2002-01-11T03:18:52.451 -4.52118000E-04  1.42934500E-03 -8.39430000E-05
2002-01-11T03:18:53.451 -9.49188000E-04  2.23806500E-03 -2.31968000E-04
2002-01-11T03:18:54.451  5.01234000E-04  1.71269900E-03  9.36962000E-04
2002-01-11T03:18:55.451 -8.12267000E-04  2.80846600E-03 -3.28150000E-04
2002-01-11T03:18:56.451  7.30565000E-04  1.61367800E-03  1.92770000E-04
2002-01-11T03:18:57.451 -1.82801000E-04  2.26764900E-03 -2.15074000E-04
2002-01-11T03:18:58.451  5.68148000E-04  2.19479400E-03  1.19374700E-03
2002-01-11T03:18:59.451  5.06971000E-04  3.46411500E-03 -6.62428000E-04
2002-01-11T03:19:00.451  1.00424200E-03  3.03117200E-03 -2.49390000E-05
2002-01-11T03:19:01.451  6.54916000E-04  2.61311000E-03  2.56890000E-05
2002-01-11T03:19:02.451  3.32163000E-04  3.05928900E-03 -4.22310000E-04
2002-01-11T03:19:03.451  1.04924600E-03  2.86460200E-03  2.09379000E-04
2002-01-11T03:19:04.454  1.06409800E-03  3.60711200E-03 -6.78561000E-04
2002-01-11T03:19:05.451  9.95585000E-04  2.91963000E-03  1.61138000E-03
2002-01-11T03:19:06.451  2.08610000E-04  3.61894700E-03 -5.78939000E-04
2002-01-11T03:19:07.451  7.69742000E-04  2.72371200E-03  6.38463000E-04
2002-01-11T03:19:08.451  1.82255000E-04  3.17362700E-03 -7.08621000E-04
2002-01-11T03:19:09.451  6.64310000E-04  1.87410600E-03 -6.96362000E-04
2002-01-11T03:19:10.451 -7.19863000E-04  2.98700200E-03  6.36135000E-04
2002-01-11T03:19:11.451 -1.23916000E-04  1.97393900E-03  3.58165000E-04
2002-01-11T03:19:12.451 -1.93828000E-04  2.00610300E-03 -2.67145000E-04
2002-01-11T03:19:13.451 -5.84257000E-04  2.16270400E-03 -9.52165000E-04
2002-01-11T03:19:14.451 -3.81790000E-05  1.54400200E-03  5.21998000E-04
2002-01-11T03:19:15.451 -1.03733000E-03  2.65962800E-03 -5.72034000E-04
2002-01-11T03:19:16.451 -4.99157000E-04  1.95015300E-03  4.05493000E-04
2002-01-11T03:19:17.451 -7.88347000E-04  1.95550000E-03 -3.64353000E-04
2002-01-11T03:19:18.451 -2.36145000E-04  1.66640200E-03  5.74722000E-04
2002-01-11T03:19:19.451 -8.79293000E-04  1.73488400E-03  6.80354000E-04
2002-01-11T03:19:20.458 -4.66525000E-04  2.05289500E-03 -1.48443700E-03
2002-01-11T03:19:21.451 -5.70607000E-04  1.56189500E-03  5.53978000E-04
2002-01-11T03:19:22.451 -1.68479000E-04  2.08372300E-03 -2.29904000E-04
2002-01-11T03:19:23.451 -3.95198000E-04  1.78955900E-03  4.87522000E-04
2002-01-11T03:19:24.451 -1.04656100E-03  2.33343000E-03  1.14963000E-04
2002-01-11T03:19:25.451 -5.14737000E-04  1.45859300E-03 -3.00623000E-04
2002-01-11T03:19:26.451 -9.28968000E-04  2.20252500E-03  3.28990000E-04
2002-01-11T03:19:27.451 -5.13125000E-04  1.31744500E-03 -6.35846000E-04
2002-01-11T03:19:28.451 -1.16503900E-03  1.40889300E-03  4.78322000E-04
2002-01-11T03:19:29.451 -6.50914000E-04  8.54885000E-04 -1.94800000E-05
2002-01-11T03:19:30.451 -1.03407000E-03  2.11305300E-03 -4.18642000E-04
2002-01-11T03:19:31.451 -4.64558000E-04  1.58475100E-03 -5.94186000E-04
2002-01-11T03:19:32.451 -5.41500000E-04  2.32516600E-03 -4.79364000E-04
2002-01-11T03:19:33.451 -4.12265000E-04  1.36694500E-03  8.63369000E-04
2002-01-11T03:19:34.451 -1.20761400E-03  2.90042700E-03 -3.95845000E-04
2002-01-11T03:19:35.451  1.37226000E-04  2.05471200E-03  7.08151000E-04
2002-01-11T03:19:36.454  2.61610000E-05  2.96276700E-03  5.41520000E-04
2002-01-11T03:19:37.450  6.53340000E-04  2.75306600E-03  1.89340000E-05
2002-01-11T03:19:38.450  9.54270000E-05  2.53049400E-03  1.23878800E-03
2002-01-11T03:19:39.450  1.26026300E-03  3.02862900E-03 -7.99601000E-04
2002-01-11T03:19:40.450  5.19420000E-05  3.90568900E-03  1.74375000E-04
2002-01-11T03:19:41.450  1.04531400E-03  2.99856600E-03  3.99584000E-04
2002-01-11T03:19:42.450 -4.47450000E-05  3.90060700E-03  3.02850000E-04
2002-01-11T03:19:43.450  1.52420000E-04  2.56442300E-03  5.80100000E-05
2002-01-11T03:19:44.450 -1.52658000E-04  2.78237400E-03 -9.72880000E-05
2002-01-11T03:19:45.450 -3.54572000E-04  1.74440000E-03  2.70578000E-04
2002-01-11T03:19:46.450 -8.76053000E-04  2.10375200E-03 -6.25041000E-04
2002-01-11T03:19:47.450 -6.43579000E-04  1.66205200E-03  8.01871000E-04
2002-01-11T03:19:48.450 -1.33074000E-03  2.03646900E-03  1.09522000E-04
2002-01-11T03:19:49.450 -1.10164300E-03  1.24236200E-03  5.01917000E-04
2002-01-11T03:19:50.450 -1.48255000E-03  2.35830600E-03  2.71510000E-04
2002-01-11T03:19:51.450 -2.04955000E-04  1.60227400E-03  2.07785000E-04
2002-01-11T03:19:52.458 -1.52810000E-04  2.56094300E-03 -2.83632000E-04
2002-01-11T03:19:53.450  3.74557000E-04  2.45514800E-03 -1.17309000E-03
2002-01-11T03:19:54.450  7.90098000E-04  3.82150800E-03  2.97060000E-05
2002-01-11T03:19:55.450  1.13294800E-03  3.01046900E-03  1.17599000E-04
2002-01-11T03:19:56.450 -1.88356000E-04  3.70667000E-03 -1.46940000E-05
2002-01-11T03:19:57.450  3.74565000E-04  2.08482900E-03  4.23819000E-04
2002-01-11T03:19:58.450 -6.78462000E-04  2.32708000E-03  1.26404000E-04
2002-01-11T03:19:59.450 -9.18124000E-04  1.74114100E-03  9.07684000E-04
2002-01-11T03:20:00.450 -1.28199800E-03  1.82711800E-03  1.56950000E-04
2002-01-11T03:20:01.450 -3.63420000E-04  2.76888000E-03 -3.17099000E-04
2002-01-11T03:20:02.450  5.11288000E-04  2.89202200E-03  1.24251200E-03
2002-01-11T03:20:03.450  5.91713000E-04  3.79703200E-03 -2.08241000E-04
2002-01-11T03:20:04.450  5.43276000E-04  3.10808100E-03  1.04760400E-03
2002-01-11T03:20:05.450 -3.52064000E-04  3.58938000E-03  6.10380000E-05
2002-01-11T03:20:06.450  3.97210000E-05  2.36277400E-03  5.76070000E-05
2002-01-11T03:20:07.450 -1.34505800E-03  2.48108900E-03 -5.54463000E-04
2002-01-11T03:20:08.454 -3.85854000E-04  2.26203900E-03  9.60564000E-04
2002-01-11T03:20:09.450 -4.68465000E-04  2.97564700E-03  1.62383000E-04
2002-01-11T03:20:10.450 -6.56840000E-04  3.33964800E-03  1.11728000E-04
2002-01-11T03:20:11.450  8.93701000E-04  2.84741000E-03  4.77467000E-04
2002-01-11T03:20:12.450  7.88754000E-04  3.39358600E-03 -6.27706000E-04
2002-01-11T03:20:13.450  8.38013000E-04  2.19618600E-03  3.75840000E-04
2002-01-11T03:20:14.450 -1.05801000E-03  3.08395900E-03 -7.25799000E-04
2002-01-11T03:20:15.450 -6.63958000E-04  1.37427800E-03  1.24677000E-04
2002-01-11T03:20:16.450 -9.45950000E-04  2.61452100E-03  1.18080000E-05
2002-01-11T03:20:17.450  1.00302600E-03  3.41517100E-03 -1.49930500E-03
2002-01-11T03:20:18.450  1.11637000E-03  3.58337700E-03  7.45263000E-04
2002-01-11T03:20:19.450 -2.91983000E-04  3.96499900E-03 -5.62330000E-04
2002-01-11T03:20:20.450  4.92460000E-05  1.96330900E-03  9.02544000E-04
2002-01-11T03:20:21.450 -1.30184000E-03  2.47600900E-03 -1.80467000E-04
2002-01-11T03:20:22.450 -4.25746000E-04  2.32171000E-03 -1.90521000E-04
2002-01-11T03:20:23.450  7.20110000E-04  3.06535200E-03  4.43900000E-04
2002-01-11T03:20:24.458  3.99915000E-04  3.27752700E-03 -1.79940500E-03
2002-01-11T03:20:25.450  1.30781300E-03  2.75274000E-03  9.44833000E-04
2002-01-11T03:20:26.450  3.86190000E-05  3.59468400E-03 -7.22191000E-04
2002-01-11T03:20:27.450  8.36490000E-05  2.30235800E-03  8.65235000E-04
2002-01-11T03:20:28.450 -1.31342800E-03  2.04423000E-03 -8.70927000E-04
2002-01-11T03:20:29.450 -8.31941000E-04  2.86221600E-03  1.60400000E-04
2002-01-11T03:20:30.450  8.54129000E-04  3.02404300E-03  2.69852000E-04
2002-01-11T03:20:31.450  5.49184000E-04  4.55139800E-03 -2.75637000E-04
2002-01-11T03:20:32.450  7.01704000E-04  3.46107000E-03  1.82808000E-04
2002-01-11T03:20:33.450 -2.64048000E-04  3.04479100E-03 -9.99028000E-04
2002-01-11T03:20:34.450 -1.07619000E-03  2.41636800E-03  1.21636100E-03
2002-01-11T03:20:35.450 -3.66347000E-04  1.61717500E-03  2.62636000E-04
2002-01-11T03:20:36.450 -1.00387000E-04  3.13440400E-03  5.44164000E-04
2002-01-11T03:20:37.450  8.52685000E-04  3.46848200E-03  7.79870000E-05
2002-01-11T03:20:38.450  8.06479000E-04  3.21152200E-03  7.20300000E-05
2002-01-11T03:20:39.450 -2.76791000E-04  3.10793400E-03  1.20328000E-04
2002-01-11T03:20:40.458 -8.16504000E-04  1.92972800E-03  8.60835000E-04
2002-01-11T03:20:41.450 -9.15243000E-04  2.19923500E-03  1.41909000E-04
2002-01-11T03:20:42.450  2.89376000E-04  3.43571100E-03 -1.49268000E-04
2002-01-11T03:20:43.450  9.61275000E-04  3.73490000E-03  1.08729000E-04
2002-01-11T03:20:44.450 -1.39949000E-04  3.58495900E-03 -1.34673000E-04
2002-01-11T03:20:45.450  4.02541000E-04  2.02729300E-03 -2.75079000E-04
2002-01-11T03:20:46.450 -1.17851900E-03  2.29970400E-03  7.33062000E-04
2002-01-11T03:20:47.450 -6.04362000E-04  2.81489000E-03 -8.15212000E-04
2002-01-11T03:20:48.450  4.52100000E-06  2.35792000E-03  2.34260000E-04
2002-01-11T03:20:49.450  1.05671200E-03  3.95503700E-03 -1.27850100E-03
2002-01-11T03:20:50.450  6.24591000E-04  2.88027500E-03  2.86469000E-04
2002-01-11T03:20:51.450 -1.13797000E-04  2.32424900E-03  1.32808000E-04
2002-01-11T03:20:52.450 -1.75295100E-03  2.43213300E-03  2.72430000E-05
2002-01-11T03:20:53.450 -1.83610000E-04  1.78543600E-03  1.96284000E-04
2002-01-11T03:20:54.450  1.97462000E-04  3.69814600E-03 -8.17969000E-04
2002-01-11T03:20:55.450  1.08986200E-03  3.23690000E-03 -1.10345000E-04
2002-01-11T03:20:56.454  8.74731000E-04  1.93717500E-03 -4.07844000E-04
2002-01-11T03:20:57.450 -9.16935000E-04  2.47694300E-03 -2.31796000E-04
2002-01-11T03:20:58.450 -5.26317000E-04  2.54378200E-03 -7.36895000E-04
2002-01-11T03:20:59.450  9.52218000E-04  2.85817000E-03  1.21137000E-04
2002-01-11T03:21:00.450  4.16723000E-04  3.28807500E-03  6.04823000E-04
2002-01-11T03:21:01.450  1.30015600E-03  3.11148900E-03  9.23542000E-04
2002-01-11T03:21:02.450  6.66130000E-05  3.79940300E-03  4.49287000E-04
2002-01-11T03:21:03.450  8.29421000E-04  2.35075900E-03 -6.57351000E-04
2002-01-11T03:21:04.450 -6.03550000E-04  2.86840100E-03  7.72511000E-04
2002-01-11T03:21:05.450  1.14097000E-04  1.56563400E-03 -3.82396000E-04
2002-01-11T03:21:06.450 -7.20541000E-04  2.11478900E-03 -1.36812000E-04
2002-01-11T03:21:07.450 -5.45777000E-04  1.17642100E-03 -3.87192000E-04
2002-01-11T03:21:08.450 -1.67619400E-03  1.68820000E-03 -7.92601000E-04
2002-01-11T03:21:09.450 -2.82611000E-04  1.47205700E-03 -2.71690000E-05
2002-01-11T03:21:10.450 -6.17199000E-04  2.08655500E-03 -1.43411500E-03
2002-01-11T03:21:11.450  3.49121000E-04  1.16767100E-03  1.03637000E-03
2002-01-11T03:21:12.454 -1.10240000E-03  2.68292600E-03 -4.46537000E-04
2002-01-11T03:21:13.450  9.60340000E-05  1.92992500E-03  3.73501000E-04
2002-01-11T03:21:14.450 -6.23522000E-04  3.47996900E-03 -5.13762000E-04
2002-01-11T03:21:15.450  8.73541000E-04  2.58293400E-03 -6.10273000E-04
2002-01-11T03:21:16.450  1.56635000E-04  3.99611300E-03 -2.57189000E-04
2002-01-11T03:21:17.450  1.58928700E-03  3.03066800E-03 -1.20399800E-03
2002-01-11T03:21:18.450  1.04754000E-03  3.49018700E-03  1.31428300E-03
2002-01-11T03:21:19.450  1.46960400E-03  3.16355700E-03  4.98951000E-04
2002-01-11T03:21:20.450  1.34130600E-03  2.77731100E-03  7.82160000E-05
2002-01-11T03:21:21.450  4.48365000E-04  3.44074900E-03  1.96707000E-04
2002-01-11T03:21:22.450  1.36183700E-03  2.60094500E-03 -7.23014000E-04
2002-01-11T03:21:23.450  3.27220000E-04  3.27742700E-03  6.50231000E-04
2002-01-11T03:21:24.450  1.01560600E-03  2.48055200E-03  2.01614000E-04
2002-01-11T03:21:25.450  7.74589000E-04  3.23511200E-03  5.23020000E-05
2002-01-11T03:21:26.450  9.00266000E-04  2.93550600E-03 -7.89360000E-05
2002-01-11T03:21:27.450  1.14065800E-03  2.63855600E-03 -2.38613000E-04
2002-01-11T03:21:28.454  3.68461000E-04  3.91358700E-03  1.06586700E-03
2002-01-11T03:21:29.450  1.29882900E-03  2.93551700E-03 -1.50110800E-03
2002-01-11T03:21:30.450  7.46560000E-04  2.85684300E-03  9.84115000E-04
2002-01-11T03:21:31.450  4.85088000E-04  2.01259900E-03  1.46634000E-04
2002-01-11T03:21:32.450 -1.82070000E-05  1.57901800E-03 -2.62346000E-04
2002-01-11T03:21:33.450 -1.40647000E-04  3.04941900E-03  2.94973000E-04
2002-01-11T03:21:34.450  8.26919000E-04  1.52300500E-03 -4.19994000E-04
2002-01-11T03:21:35.450 -7.74582000E-04  1.42123900E-03  6.25744000E-04
2002-01-11T03:21:36.450 -6.57626000E-04  1.71776200E-03 -4.07299000E-04
2002-01-11T03:21:37.450 -8.64060000E-05  8.71337000E-04  7.95872000E-04
2002-01-11T03:21:38.450 -1.29514800E-03  1.77764700E-03 -1.25585000E-03
2002-01-11T03:21:39.450 -7.69536000E-04  1.00055200E-03 -3.03167000E-04
2002-01-11T03:21:40.450 -3.15570000E-04  1.17448800E-03 -7.60640000E-05
2002-01-11T03:21:41.450 -1.48213900E-03  1.56432300E-03 -3.41063000E-04
2002-01-11T03:21:42.450 -2.88071000E-04  8.55943000E-04  9.28266000E-04
2002-01-11T03:21:43.450 -4.76579000E-04  1.55862300E-03  5.86341000E-04
2002-01-11T03:21:44.454 -5.93664000E-04  1.96177700E-03 -1.67943000E-04
2002-01-11T03:21:45.450  3.19300000E-06  1.72986300E-03 -6.10557000E-04
2002-01-11T03:21:46.450  2.00210000E-04  2.11354200E-03 -1.47598000E-04
2002-01-11T03:21:47.450  5.94794000E-04  2.27482600E-03  1.28171000E-04
2002-01-11T03:21:48.450  4.32543000E-04  3.05143400E-03 -5.61662000E-04
2002-01-11T03:21:49.450  2.29672000E-04  2.76799900E-03  4.34125000E-04
2002-01-11T03:21:50.450  1.10376600E-03  2.12117200E-03 -6.06000000E-04
2002-01-11T03:21:51.450  1.14145300E-03  3.15867900E-03  4.63824000E-04
2002-01-11T03:21:52.450 -1.08668700E-03  2.15306300E-03 -7.86059000E-04
2002-01-11T03:21:53.450  5.31175000E-04  2.05134700E-03  2.94610000E-04
2002-01-11T03:21:54.450 -1.03182100E-03  1.74936200E-03 -9.23770000E-05
2002-01-11T03:21:55.450 -9.31588000E-04  1.98928300E-03 -2.00997000E-04
2002-01-11T03:21:56.450 -1.13016400E-03  8.47965000E-04 -1.03380000E-05
2002-01-11T03:21:57.450 -7.76828000E-04  1.09573100E-03 -7.07593000E-04
2002-01-11T03:21:58.450 -9.08914000E-04  1.41632100E-03  3.74306000E-04
2002-01-11T03:21:59.450  8.99040000E-05  1.20479100E-03  4.37265000E-04
2002-01-11T03:22:00.454  2.64462000E-04  1.72872800E-03  9.57720000E-05
2002-01-11T03:22:01.450 -2.83809000E-04  2.82337000E-03 -1.19500000E-06
2002-01-11T03:22:02.450  9.28330000E-04  2.23928600E-03  5.36926000E-04
2002-01-11T03:22:03.450  1.84677400E-03  2.27196700E-03 -8.62164000E-04
2002-01-11T03:22:04.450  3.59609000E-04  2.98381100E-03 -2.23700000E-05
2002-01-11T03:22:05.450  3.11024000E-04  2.48144400E-03  7.84254000E-04
2002-01-11T03:22:06.450  2.91353000E-04  1.91069000E-03 -1.22403000E-04
2002-01-11T03:22:07.450 -1.12876800E-03  1.37841000E-03  8.16782000E-04
2002-01-11T03:22:08.450 -1.00968700E-03  1.43595200E-03 -3.52451000E-04
2002-01-11T03:22:09.450 -1.05085800E-03  5.49474000E-04  9.70944000E-04
2002-01-11T03:22:10.450 -1.27322300E-03  1.32688600E-03 -4.38804000E-04
2002-01-11T03:22:11.450 -1.10079300E-03  1.59309800E-03  1.48685500E-03
2002-01-11T03:22:12.450  7.97880000E-05  1.46644500E-03 -3.78112000E-04
2002-01-11T03:22:13.450  3.80051000E-04  2.20887000E-03  5.86065000E-04
2002-01-11T03:22:14.450  5.16920000E-05  3.25134200E-03 -6.12985000E-04
2002-01-11T03:22:15.450  1.31369100E-03  3.08430600E-03 -1.74931000E-04
2002-01-11T03:22:16.454  6.64608000E-04  6.33349000E-04 -8.21532000E-04
2002-01-11T03:22:17.450 -1.33941600E-03  1.05434300E-03  6.07513000E-04
2002-01-11T03:22:18.450 -1.48104000E-03  1.03784000E-03  1.62693400E-03
2002-01-11T03:22:19.450 -5.52087000E-04  9.69400000E-04 -1.65762000E-04
2002-01-11T03:22:20.450  2.96586000E-04  1.34168000E-03  1.61435000E-04
2002-01-11T03:22:21.450  2.75219000E-04  2.03498900E-03  1.31561000E-04
2002-01-11T03:22:22.450  2.26164000E-04  2.86669200E-03 -1.81273000E-04
2002-01-11T03:22:23.450  1.26223200E-03  2.27491800E-03 -3.85370000E-05
2002-01-11T03:22:24.450  7.32793000E-04  3.09120300E-03 -1.00752400E-03
2002-01-11T03:22:25.450 -7.14220000E-04  1.73359200E-03  4.39834000E-04
2002-01-11T03:22:26.450 -1.08707600E-03  1.12821700E-03  2.85948000E-04
2002-01-11T03:22:27.450 -3.15107000E-04  2.76298000E-04 -2.10904000E-04
2002-01-11T03:22:28.450 -9.40535000E-04  1.02775100E-03  5.81479000E-04
2002-01-11T03:22:29.450 -5.81683000E-04  1.89744300E-03 -3.86867000E-04
2002-01-11T03:22:30.450  8.65260000E-05  1.69228700E-03  8.70372000E-04
2002-01-11T03:22:31.450  1.19299400E-03  1.69325200E-03 -6.37361000E-04
2002-01-11T03:22:32.458  3.74340000E-04  2.79754200E-03  2.27547000E-04
2002-01-11T03:22:33.450  3.08453000E-04  2.20736100E-03 -5.03141000E-04
2002-01-11T03:22:34.450  4.71852000E-04  1.52515400E-03  1.19291300E-03
2002-01-11T03:22:35.450 -2.97868000E-04  1.30599100E-03  3.68550000E-04
2002-01-11T03:22:36.450 -1.07868900E-03  1.85072200E-03 -7.26727000E-04
2002-01-11T03:22:37.450 -5.86869000E-04  8.76189000E-04  6.28000000E-04
2002-01-11T03:22:38.450 -1.61332000E-04  7.24668000E-04 -2.11060000E-04
2002-01-11T03:22:39.450 -2.83841000E-04  1.70813200E-03  2.09552000E-04
2002-01-11T03:22:40.450  4.96772000E-04  2.21614200E-03 -2.35290000E-04
2002-01-11T03:22:41.450  1.33424300E-03  2.44536000E-03 -4.18750000E-05
2002-01-11T03:22:42.450  6.90836000E-04  2.42601400E-03 -2.37740000E-04
2002-01-11T03:22:43.450 -3.09721000E-04  2.72871200E-03 -1.61837000E-04
2002-01-11T03:22:44.450 -9.06534000E-04  5.65929000E-04  3.10532000E-04
2002-01-11T03:22:45.450 -1.94770000E-04 -4.76500000E-06 -3.70903000E-04
2002-01-11T03:22:46.450 -7.55928000E-04  8.01126000E-04  6.34138000E-04
2002-01-11T03:22:47.450 -5.03162000E-04  1.66443300E-03  2.47148000E-04
2002-01-11T03:22:48.454  5.66855000E-04  1.47577000E-03  6.59541000E-04
2002-01-11T03:22:49.450  1.43183900E-03  1.73653500E-03 -9.49854000E-04
2002-01-11T03:22:50.450  7.70254000E-04  2.29805800E-03  7.69855000E-04
2002-01-11T03:22:51.450 -2.81827000E-04  2.19509200E-03  3.84857000E-04
2002-01-11T03:22:52.450 -7.27510000E-04  8.87189000E-04 -1.79200000E-06
2002-01-11T03:22:53.450 -6.34228000E-04  1.54545000E-04  2.22239000E-04
2002-01-11T03:22:54.481 -9.21615000E-04  1.43959700E-03 -4.86561000E-04
2002-01-11T03:22:55.450 -4.77600000E-05  1.97706900E-03  5.13910000E-05
2002-01-11T03:22:56.450  4.80699000E-04  2.17331000E-03 -4.60987000E-04
2002-01-11T03:22:57.450  1.68729500E-03  1.69401600E-03  1.35905200E-03
2002-01-11T03:22:58.450  4.75289000E-04  1.85896000E-03  1.90471000E-04
2002-01-11T03:22:59.450 -9.04955000E-04  1.67919100E-03  1.74886000E-04
2002-01-11T03:23:00.450 -3.41304000E-04  2.13364300E-03  8.54656000E-04
2002-01-11T03:23:01.450 -8.70329000E-04  4.51973000E-04 -3.83420000E-05
2002-01-11T03:23:02.450 -1.82017000E-04  1.27704500E-03  7.68973000E-04
2002-01-11T03:23:03.450  2.01956000E-04  2.20661700E-03 -7.57487000E-04
2002-01-11T03:23:04.454  6.42496000E-04  2.49871000E-03  5.67747000E-04
2002-01-11T03:23:05.450  1.87904000E-04  1.66090400E-03 -4.77773000E-04
2002-01-11T03:23:06.450 -2.88042000E-04  4.77624000E-04 -8.78781000E-04
2002-01-11T03:23:07.450 -1.30874200E-03  6.68322000E-04  8.39151000E-04
2002-01-11T03:23:08.450 -7.52600000E-04  1.50822500E-03  7.71270000E-05
2002-01-11T03:23:09.450  3.68380000E-05  2.15998000E-03  8.31151000E-04
2002-01-11T03:23:10.450  1.09504100E-03  1.83850300E-03 -1.36767000E-04
2002-01-11T03:23:11.450  1.37433100E-03  1.56227200E-03  2.80200000E-04
2002-01-11T03:23:12.450 -4.44677000E-04  2.31734900E-03 -7.52179000E-04
2002-01-11T03:23:13.450 -1.46345000E-03  9.03253000E-04 -1.10451000E-04
2002-01-11T03:23:14.450 -6.28479000E-04  6.95224000E-04 -3.46226000E-04
2002-01-11T03:23:15.450  7.34336000E-04  9.34949000E-04 -2.74743000E-04
2002-01-11T03:23:16.450  9.40922000E-04  1.91213600E-03  8.76018000E-04
2002-01-11T03:23:17.450  9.77793000E-04  2.73191300E-03 -1.51357000E-04
2002-01-11T03:23:18.450 -2.37310000E-04  2.26056000E-03  3.38103000E-04
2002-01-11T03:23:19.450  1.05024000E-04  6.57130000E-04  1.94409000E-04
2002-01-11T03:23:20.454 -5.45056000E-04  8.54668000E-04  7.43395000E-04
2002-01-11T03:23:21.450 -7.08808000E-04  1.18881100E-03  1.03705000E-04
2002-01-11T03:23:22.450  4.85490000E-05  2.14558600E-03 -1.95855000E-04
2002-01-11T03:23:23.450  4.31930000E-04  2.29765600E-03  2.97984000E-04
2002-01-11T03:23:24.450  8.59261000E-04  1.36060500E-03 -2.61025000E-04
2002-01-11T03:23:25.450  3.94876000E-04  1.92003100E-03  3.23081000E-04
2002-01-11T03:23:26.450 -6.06128000E-04  8.09652000E-04 -3.24094000E-04
2002-01-11T03:23:27.450 -6.20257000E-04  8.33829000E-04  1.16431100E-03
2002-01-11T03:23:28.450  1.22650000E-04  1.18544100E-03 -5.63396000E-04
2002-01-11T03:23:29.450  1.01098000E-03  1.70908400E-03 -2.37078000E-04
2002-01-11T03:23:30.450  5.96690000E-04  1.71822500E-03 -7.35440000E-05
2002-01-11T03:23:31.450 -5.81690000E-04  2.23927200E-03 -2.95016000E-04
2002-01-11T03:23:32.450 -1.41816400E-03  4.66160000E-04 -9.89922000E-04
2002-01-11T03:23:33.450 -8.87290000E-05  3.47441000E-04 -3.37409000E-04
2002-01-11T03:23:34.450  2.84260000E-05  1.25103400E-03 -1.92795000E-04
2002-01-11T03:23:35.450  4.86511000E-04  2.33794100E-03 -2.48981000E-04
2002-01-11T03:23:36.454  9.50224000E-04  3.00146100E-03  3.21192000E-04
2002-01-11T03:23:37.450  3.05196000E-04  1.22160900E-03  6.59070000E-04
2002-01-11T03:23:38.450 -2.25841000E-04  3.28599000E-04 -6.54275000E-04
2002-01-11T03:23:39.450 -9.42630000E-04  9.40030000E-04  3.49900000E-04
2002-01-11T03:23:40.450 -1.70851000E-04  1.84534700E-03  1.73543000E-04
2002-01-11T03:23:41.450  1.63024000E-04  2.04909200E-03 -6.66133000E-04
2002-01-11T03:23:42.450  8.52447000E-04  1.07927700E-03  1.08665700E-03
2002-01-11T03:23:43.450 -4.48411000E-04  2.71497000E-04 -4.44565000E-04
2002-01-11T03:23:44.450 -1.00157400E-03  5.77118000E-04 -2.73940000E-05
2002-01-11T03:23:45.450 -4.64240000E-05  1.02758600E-03 -1.60260000E-04
2002-01-11T03:23:46.450  2.74480000E-04  2.56180800E-03  8.96886000E-04
2002-01-11T03:23:47.450 -2.02364000E-04  1.97732400E-03 -5.05268000E-04
2002-01-11T03:23:48.450  8.89300000E-05  7.10630000E-04 -7.54490000E-05
2002-01-11T03:23:49.450 -3.83314000E-04  3.37934000E-04 -1.64070000E-04
2002-01-11T03:23:50.450 -1.89220000E-04  9.64584000E-04  3.66240000E-05
2002-01-11T03:23:51.450  6.65713000E-04  2.13587100E-03  2.29560000E-05
2002-01-11T03:23:52.454 -3.57518000E-04  1.95876900E-03 -2.04026000E-04
2002-01-11T03:23:53.450 -1.46632000E-04  8.50231000E-04  3.72613000E-04
2002-01-11T03:23:54.450 -7.95435000E-04  1.61198000E-04 -6.11535000E-04
2002-01-11T03:23:55.450  3.50498000E-04  1.03645100E-03  6.63334000E-04
2002-01-11T03:23:56.450  1.42716800E-03  1.77174900E-03 -2.35935000E-04
2002-01-11T03:23:57.450 -2.68530000E-05  3.26561000E-04 -2.46095000E-04
2002-01-11T03:23:58.450 -8.04290000E-04  6.76863000E-04  5.03875000E-04
2002-01-11T03:23:59.450  4.06493000E-04  1.55161800E-03 -2.09347000E-04
2002-01-11T03:24:00.450  2.89929000E-04  2.42203300E-03  8.87299000E-04
2002-01-11T03:24:01.450 -1.46425100E-03  8.59803000E-04 -7.34449000E-04
2002-01-11T03:24:02.450 -8.45344000E-04  1.06452300E-03  7.64738000E-04
2002-01-11T03:24:03.450  7.47086000E-04  1.83039600E-03 -7.78547000E-04
2002-01-11T03:24:04.450  4.97127000E-04  1.68820400E-03 -7.76419000E-04
2002-01-11T03:24:05.450 -8.99698000E-04  3.39706000E-04 -6.24565000E-04
2002-01-11T03:24:06.450  5.01517000E-04  6.89193000E-04  3.07173000E-04
2002-01-11T03:24:07.450  1.12964200E-03  7.25640000E-04 -1.05594000E-04
2002-01-11T03:24:08.454 -2.26229000E-04  3.27573000E-04 -1.72501000E-04
2002-01-11T03:24:09.450 -1.86250000E-05 -1.12096000E-04  1.50859100E-03
2002-01-11T03:24:10.450  8.79301000E-04  1.66471100E-03  2.30009000E-04
2002-01-11T03:24:11.450  3.23692000E-04  1.73270600E-03  4.37070000E-05
2002-01-11T03:24:12.450 -1.05830200E-03  1.14232000E-04  2.39590000E-04
2002-01-11T03:24:13.450 -4.77360000E-04  2.18712300E-03  3.08761000E-04
2002-01-11T03:24:14.450 -2.06026000E-04  1.11062300E-03 -6.31653000E-04
2002-01-11T03:24:15.450 -1.28936000E-03  4.99350000E-04  6.27675000E-04
2002-01-11T03:24:16.450 -1.26737000E-04  1.02824200E-03  1.05368900E-03
2002-01-11T03:24:17.450  7.04327000E-04  2.04274600E-03  2.62311000E-04
2002-01-11T03:24:18.450 -3.78600000E-06  8.97793000E-04  4.59592000E-04
2002-01-11T03:24:19.450 -1.83022000E-04 -1.51651000E-04  5.41536000E-04
2002-01-11T03:24:20.450  1.06254900E-03  1.02265400E-03 -3.90253000E-04
2002-01-11T03:24:21.450  5.00909000E-04  1.03029600E-03  2.05942000E-04
2002-01-11T03:24:22.450 -7.91099000E-04 -2.09530000E-05 -6.96952000E-04
2002-01-11T03:24:23.450  3.74998000E-04  5.77221000E-04  7.48578000E-04
2002-01-11T03:24:24.454  9.48410000E-04  1.76939000E-03  8.10290000E-05
2002-01-11T03:24:25.450 -4.74395000E-04  5.28687000E-04 -3.88702000E-04
2002-01-11T03:24:26.450 -1.30421100E-03  9.75142000E-04  2.92000000E-05
2002-01-11T03:24:27.450  2.73261000E-04  1.59140500E-03 -1.75205000E-04
2002-01-11T03:24:28.450  4.05710000E-05  2.19964700E-03  4.24265000E-04
2002-01-11T03:24:29.454 -1.45832300E-03  3.76663000E-04 -7.70254000E-04
2002-01-11T03:24:30.450 -3.89609000E-04  1.45307600E-03  8.67210000E-04
2002-01-11T03:24:31.450  8.14335000E-04  1.68920400E-03 -3.57991000E-04
2002-01-11T03:24:32.450 -7.74322000E-04 -1.31124000E-04 -9.36923000E-04
2002-01-11T03:24:33.450 -2.88830000E-04  1.81472000E-04  1.46596400E-03
2002-01-11T03:24:34.450  7.57009000E-04  1.10266800E-03 -3.93836000E-04
2002-01-11T03:24:35.450  1.20525100E-03  7.65945000E-04  6.27645000E-04
2002-01-11T03:24:36.450 -7.47983000E-04  1.11016000E-04 -3.15410000E-04
2002-01-11T03:24:37.450  5.34730000E-05  9.37712000E-04 -5.63355000E-04
2002-01-11T03:24:38.450  8.02885000E-04  1.84250100E-03  5.81973000E-04
2002-01-11T03:24:39.450 -2.23770000E-04  9.32082000E-04 -6.55975000E-04
2002-01-11T03:24:40.454 -7.97872000E-04  1.11441600E-03  6.99712000E-04
2002-01-11T03:24:41.450  5.77146000E-04  1.93510200E-03  3.68307000E-04
2002-01-11T03:24:42.450 -6.23076000E-04  1.25778000E-03 -7.90589000E-04
2002-01-11T03:24:43.450 -7.77418000E-04  7.41280000E-04 -1.40600000E-06
2002-01-11T03:24:44.450  2.17442000E-04  2.13617200E-03 -9.52170000E-05
2002-01-11T03:24:45.450 -4.80114000E-04  1.05047400E-03  4.42407000E-04
2002-01-11T03:24:46.450 -8.67241000E-04  1.76163000E-04 -7.52797000E-04
2002-01-11T03:24:47.450  5.98697000E-04  1.71904200E-03  6.72650000E-04
2002-01-11T03:24:48.450 -2.85650000E-04  7.74565000E-04 -5.58779000E-04
2002-01-11T03:24:49.450 -5.21508000E-04  2.30774000E-04  1.99321000E-04
2002-01-11T03:24:50.450  8.20300000E-04  1.17921500E-03  1.35169900E-03
2002-01-11T03:24:51.450 -2.93476000E-04  7.42620000E-05 -9.05414000E-04
2002-01-11T03:24:52.450 -2.99073000E-04  3.66091000E-04  2.71467000E-04
2002-01-11T03:24:53.450  1.34257100E-03  1.59385900E-03 -3.78714000E-04
2002-01-11T03:24:54.450 -5.22190000E-05  3.58059000E-04  2.91493000E-04
2002-01-11T03:24:55.450 -1.96984000E-04 -4.06440000E-04  1.98905000E-04
2002-01-11T03:24:56.454  1.07504100E-03  8.80202000E-04  2.34135000E-04
2002-01-11T03:24:57.450  5.64104000E-04  2.31467000E-04 -9.69908000E-04
2002-01-11T03:24:58.450 -1.42272000E-04  1.98075500E-03  5.03194200E-03
2002-01-11T03:24:59.450  5.01931000E-04  1.50626900E-03  8.18025000E-04
2002-01-11T03:25:00.450 -8.98100000E-06  6.92104000E-04 -7.98645000E-04
2002-01-11T03:25:01.450 -5.07458000E-04 -7.39470000E-05  8.79167000E-04
2002-01-11T03:25:02.450  1.10134000E-03  8.88274000E-04 -5.07234000E-04
2002-01-11T03:25:03.450 -5.97249000E-04  3.29640000E-04  7.08340000E-05
2002-01-11T03:25:04.450 -6.71535000E-04  1.09767000E-04 -3.83342000E-04
2002-01-11T03:25:05.450  2.26430000E-04  2.12854200E-03 -2.41459000E-04
2002-01-11T03:25:06.450 -3.25989000E-04  5.45890000E-04  4.38017000E-04
2002-01-11T03:25:07.450 -1.22079600E-03  1.06437600E-03 -6.57675000E-04
2002-01-11T03:25:08.450  9.83270000E-04  1.72654400E-03  1.94348000E-04
2002-01-11T03:25:09.450 -8.56417000E-04  7.35010000E-04  4.54880000E-04
2002-01-11T03:25:10.450 -5.72601000E-04  8.71650000E-04 -7.10259000E-04
2002-01-11T03:25:11.450  1.16587700E-03  5.14049000E-04  1.95835000E-04
2002-01-11T03:25:12.454 -5.44073000E-04 -5.55947000E-04  4.13640000E-05
2002-01-11T03:25:13.450  6.33037000E-04  9.69305000E-04 -5.84326000E-04
2002-01-11T03:25:14.450  5.66515000E-04  8.01610000E-04 -3.16514000E-04
2002-01-11T03:25:15.450 -6.59099000E-04 -2.35572000E-04 -7.34751000E-04
2002-01-11T03:25:16.450  1.18593800E-03  3.19062000E-04 -6.15642000E-04
2002-01-11T03:25:17.450  2.97110000E-04 -7.06186000E-04 -8.10664000E-04
2002-01-11T03:25:18.450  3.45419000E-04 -1.12880000E-05  5.16322000E-04
2002-01-11T03:25:19.450  1.48826700E-03  4.54332000E-04 -1.38783700E-03
2002-01-11T03:25:20.450 -7.17241000E-04 -6.57539000E-04  9.99160000E-04
2002-01-11T03:25:21.450  4.53497000E-04  3.15610000E-04 -3.63950000E-04
2002-01-11T03:25:22.450  1.29050800E-03  8.72915000E-04  1.08979000E-03
2002-01-11T03:25:23.450 -1.04851300E-03 -6.36305000E-04 -4.35676000E-04
2002-01-11T03:25:24.450  1.21057400E-03  7.31860000E-04 -4.99270000E-04
2002-01-11T03:25:25.450  3.01212000E-04 -2.45722000E-04  3.47514000E-04
2002-01-11T03:25:26.450 -5.85010000E-05 -1.39787000E-04 -1.29223000E-04
2002-01-11T03:25:27.450  7.07986000E-04  8.94185000E-04  5.66110000E-05
2002-01-11T03:25:28.454  7.17150000E-05 -4.62590000E-04 -6.04239000E-04
2002-01-11T03:25:29.450  4.12404000E-04  1.46966000E-04 -1.52113000E-04
2002-01-11T03:25:30.450  2.42915000E-04  2.97176000E-04 -7.76185000E-04
2002-01-11T03:25:31.450 -8.51455000E-04  1.91578000E-04 -2.92941000E-04
2002-01-11T03:25:32.450  3.95747000E-04  1.26559500E-03  3.51002000E-04
2002-01-11T03:25:33.450  3.53900000E-05  4.64705000E-04  5.47006000E-04
2002-01-11T03:25:34.450 -5.29572000E-04  9.83590000E-04 -2.79061000E-04
2002-01-11T03:25:35.450  2.80370000E-05  1.69953900E-03  1.83947000E-04
2002-01-11T03:25:36.450 -1.49588300E-03  1.25551000E-04  4.66030000E-05
2002-01-11T03:25:37.450  2.44834000E-04  1.55205200E-03  1.29224000E-04
2002-01-11T03:25:38.450 -9.13614000E-04  7.11215000E-04  2.38272000E-04
2002-01-11T03:25:39.450 -1.34149000E-04  1.15120800E-03  6.10953000E-04
2002-01-11T03:25:40.450  3.57885000E-04  2.00148300E-03 -3.18202000E-04
2002-01-11T03:25:41.450 -1.23024600E-03  6.06050000E-04 -8.86146000E-04
2002-01-11T03:25:42.450  1.23767200E-03  7.61327000E-04 -1.26650000E-05
2002-01-11T03:25:43.450 -3.61536000E-04  9.32300000E-06  6.81879000E-04
2002-01-11T03:25:44.454 -2.59050000E-05  9.21330000E-05  1.26906800E-03
2002-01-11T03:25:45.450  1.05234100E-03  3.11150000E-04 -6.73783000E-04
2002-01-11T03:25:46.450 -5.95871000E-04 -4.83876000E-04  7.78302000E-04
2002-01-11T03:25:47.450  1.21853300E-03  7.62596000E-04  5.97400000E-06
2002-01-11T03:25:48.450 -3.04038000E-04 -3.62590000E-04  1.20284500E-03
2002-01-11T03:25:49.450  2.89446000E-04  4.41455000E-04  5.64460000E-05
2002-01-11T03:25:50.450  8.01110000E-05  9.90340000E-04 -4.45092000E-04
2002-01-11T03:25:51.450 -1.03339800E-03  3.30620000E-04 -1.74320000E-04
2002-01-11T03:25:52.450  3.38943000E-04  1.79271700E-03  6.46281000E-04
2002-01-11T03:25:53.450 -1.10818900E-03  2.28197000E-04  5.19831000E-04
2002-01-11T03:25:54.450  7.30750000E-05  1.67759600E-03 -1.29929000E-04
2002-01-11T03:25:55.450 -4.01170000E-05  6.27234000E-04  1.27760000E-04
2002-01-11T03:25:56.450 -4.48052000E-04  3.07582000E-04 -3.15112000E-04
2002-01-11T03:25:57.450  2.99676000E-04  1.04258600E-03  5.33369000E-04
2002-01-11T03:25:58.450 -4.20257000E-04 -9.95293000E-04  2.84370000E-04
2002-01-11T03:25:59.450  1.22149500E-03  3.96317000E-04 -1.31156000E-04
2002-01-11T03:26:00.454 -5.29743000E-04 -1.62782000E-03  1.23102000E-04
2002-01-11T03:26:01.450  2.86590000E-04  4.72771000E-04 -5.13481000E-04
2002-01-11T03:26:02.450 -1.05797000E-04 -1.59564000E-04 -1.20575200E-03
2002-01-11T03:26:03.450 -1.82354000E-04  4.01585000E-04  3.89502000E-04
2002-01-11T03:26:04.450  1.05268700E-03  2.00048800E-03 -6.94302000E-04
2002-01-11T03:26:05.450 -1.59804700E-03  2.68192000E-04  3.80403000E-04
2002-01-11T03:26:06.450  3.11528000E-04  1.85368800E-03 -5.02971000E-04
2002-01-11T03:26:07.450 -6.08969000E-04  3.13682000E-04  8.87163000E-04
2002-01-11T03:26:08.450 -7.51442000E-04  8.98787000E-04  1.28589000E-04
2002-01-11T03:26:09.450 -4.47100000E-05  1.73604500E-03  3.66999000E-04
2002-01-11T03:26:10.450 -1.50135100E-03 -1.48071000E-04  1.62964000E-04
2002-01-11T03:26:11.450  9.20681000E-04  1.05257200E-03 -3.20685000E-04
2002-01-11T03:26:12.450 -3.80189000E-04  4.29407000E-04  2.18988000E-04
2002-01-11T03:26:13.450  3.34380000E-04 -2.14860000E-05 -1.12078100E-03
2002-01-11T03:26:14.450  2.52770000E-05  7.70838000E-04  5.66736000E-04
2002-01-11T03:26:15.450 -5.60601000E-04 -5.47612000E-04 -3.41564000E-04
2002-01-11T03:26:16.454  1.65567800E-03  7.68180000E-04 -1.13650000E-04
2002-01-11T03:26:17.450 -1.32321800E-03 -8.81745000E-04  5.52043000E-04
2002-01-11T03:26:18.450  9.53881000E-04  4.78886000E-04  7.01776000E-04
2002-01-11T03:26:19.450 -5.59575000E-04 -6.67860000E-05  8.08490000E-05
2002-01-11T03:26:20.450 -3.21344000E-04  7.87655000E-04 -1.99700000E-05
2002-01-11T03:26:21.450  2.77585000E-04  7.47309000E-04  3.45413000E-04
2002-01-11T03:26:22.450 -1.21124400E-03  7.31149000E-04  5.47524000E-04
2002-01-11T03:26:23.450  5.49144000E-04  2.06757700E-03 -1.39811500E-03
2002-01-11T03:26:24.450 -1.64078500E-03  2.65701000E-04  3.04541000E-04
2002-01-11T03:26:25.450  6.55788000E-04  8.80462000E-04  6.28302000E-04
2002-01-11T03:26:26.450  1.70058000E-04  5.45749000E-04 -1.31555000E-04
2002-01-11T03:26:27.450  4.07865000E-04 -2.45926000E-04 -7.76864000E-04
2002-01-11T03:26:28.450  1.58061500E-03  7.67491000E-04  1.21110200E-03
2002-01-11T03:26:29.450 -3.84212000E-04 -5.88097000E-04 -4.00558000E-04
2002-01-11T03:26:30.450  1.00251900E-03  9.64037000E-04  7.50190000E-05
2002-01-11T03:26:31.450 -1.15066600E-03 -8.65130000E-05  5.16901000E-04
2002-01-11T03:26:32.454  4.15262000E-04  9.96678000E-04 -3.57352000E-04
2002-01-11T03:26:33.450 -2.22018000E-04  9.17703000E-04  1.08185100E-03
2002-01-11T03:26:34.450 -7.74692000E-04  6.03882000E-04 -1.59082800E-03
2002-01-11T03:26:35.450  1.40034000E-04  1.20359600E-03  1.31389600E-03
2002-01-11T03:26:36.450 -1.24512500E-03 -3.86759000E-04 -1.03996100E-03
2002-01-11T03:26:37.450  1.03723200E-03  1.14194900E-03  5.90448000E-04
2002-01-11T03:26:38.450 -5.23390000E-05 -4.86545000E-04 -6.59823000E-04
2002-01-11T03:26:39.450  1.01003200E-03  7.06500000E-05  5.93232000E-04
2002-01-11T03:26:40.450 -3.33236000E-04 -1.06820000E-04 -2.04642000E-04
2002-01-11T03:26:41.450 -4.33130000E-05  7.82033000E-04  2.82906000E-04
2002-01-11T03:26:42.450 -7.10957000E-04  6.25808000E-04  5.27135000E-04
2002-01-11T03:26:43.450 -8.87838000E-04  5.91638000E-04  9.22340000E-05
2002-01-11T03:26:44.450 -3.20497000E-04  1.20717100E-03  5.49277000E-04
2002-01-11T03:26:45.446 -1.53100000E-05 -6.01440000E-04  1.39132000E-04
2002-01-11T03:26:46.450  9.31818000E-04  1.01297300E-03  5.16538000E-04
2002-01-11T03:26:47.450 -7.54075000E-04 -1.18219000E-03  2.48840000E-04
2002-01-11T03:26:48.454  1.21799200E-03  6.69411000E-04  6.22211000E-04
2002-01-11T03:26:49.450 -8.78985000E-04 -3.77593000E-04 -1.22800000E-06
2002-01-11T03:26:50.450 -5.70130000E-05  1.34321100E-03  6.45630000E-05
2002-01-11T03:26:51.450 -6.41857000E-04 -4.70866000E-04  3.65580000E-04
2002-01-11T03:26:52.450 -1.10085000E-04  1.12289700E-03 -1.64718000E-04
2002-01-11T03:26:53.450 -9.39733000E-04  3.49770000E-04 -2.64205000E-04
2002-01-11T03:26:54.450 -1.27679000E-04  4.88790000E-05 -1.90059000E-04
2002-01-11T03:26:55.450  8.33550000E-05 -7.19178000E-04 -1.13523300E-03
2002-01-11T03:26:56.450  1.34478000E-04 -4.58671000E-04  1.06982300E-03
2002-01-11T03:26:57.450  3.76746000E-04  7.74844000E-04  6.10033000E-04
2002-01-11T03:26:58.450 -4.31701000E-04  5.12220000E-05  4.95060000E-04
2002-01-11T03:26:59.446 -3.18622000E-04  1.38909600E-03  1.79882000E-04
2002-01-11T03:27:00.450 -6.52584000E-04 -3.06269000E-04  3.61475000E-04
2002-01-11T03:27:01.450  4.45909000E-04  3.32377000E-04  1.38619000E-04
2002-01-11T03:27:02.450 -8.49190000E-04 -1.22806200E-03  3.85500000E-04
2002-01-11T03:27:03.450  5.97424000E-04  3.01404000E-04  1.23717200E-03
2002-01-11T03:27:04.454 -9.60838000E-04 -9.12174000E-04 -5.03650000E-04
2002-01-11T03:27:05.446  1.99354000E-04  1.17051800E-03  2.76875000E-04
2002-01-11T03:27:06.450 -7.08210000E-04  3.29456000E-04 -1.38496400E-03
2002-01-11T03:27:07.450 -1.11371000E-04  1.16984300E-03  9.33070000E-05
2002-01-11T03:27:08.450 -1.82121000E-04 -6.26381000E-04  1.66861000E-04
2002-01-11T03:27:09.450  6.29472000E-04 -1.03319000E-04 -9.32669000E-04
2002-01-11T03:27:10.481  6.74794000E-04  2.39346000E-04  1.10947000E-03
2002-01-11T03:27:11.446  4.97365000E-04  2.23071000E-04  1.32121000E-04
2002-01-11T03:27:12.450 -4.72449000E-04  4.78890000E-04  1.12159800E-03
2002-01-11T03:27:13.450 -5.14667000E-04  7.86858000E-04 -4.47750000E-05
2002-01-11T03:27:14.450  4.59280000E-04  7.13721000E-04 -3.79777000E-04
2002-01-11T03:27:15.446 -1.78904000E-04 -1.94603000E-04  3.33165000E-04
2002-01-11T03:27:16.450  8.55213000E-04 -5.52280000E-05 -7.07335000E-04
2002-01-11T03:27:17.446 -3.26459000E-04 -3.31357000E-04  8.11502000E-04
2002-01-11T03:27:18.450  1.93400000E-05  5.81548000E-04 -1.48732200E-03
2002-01-11T03:27:19.446 -1.37210900E-03  7.69391000E-04  1.24242000E-03
2002-01-11T03:27:20.454  8.59536000E-04  9.40069000E-04 -7.95629000E-04
2002-01-11T03:27:21.446 -1.71224000E-04 -1.00404100E-03  1.01700400E-03
2002-01-11T03:27:22.450  1.23628000E-03  1.11215900E-03 -8.70214000E-04
2002-01-11T03:27:23.446 -1.10467700E-03 -6.94318000E-04  1.09109000E-04
2002-01-11T03:27:24.450  9.85086000E-04  1.02548700E-03 -1.84380000E-05
2002-01-11T03:27:25.450 -8.93896000E-04  2.96043000E-04 -1.24354500E-03
2002-01-11T03:27:26.450  6.58874000E-04  1.25768700E-03  5.28800000E-05
2002-01-11T03:27:27.446 -8.92516000E-04 -2.11071000E-04 -8.02844000E-04
2002-01-11T03:27:28.450  1.02223400E-03  5.68496000E-04  3.58625000E-04
2002-01-11T03:27:29.446 -4.71560000E-04 -1.05322500E-03 -7.87920000E-05
2002-01-11T03:27:30.450  6.40587000E-04  5.47208000E-04  9.76318000E-04
2002-01-11T03:27:31.446 -9.03099000E-04  5.60031000E-04  8.84904000E-04
2002-01-11T03:27:32.450 -4.80183000E-04  1.19486900E-03  6.47370000E-05
2002-01-11T03:27:33.446 -5.89914000E-04 -9.07080000E-05  1.40597000E-04
2002-01-11T03:27:34.450  3.41021000E-04 -6.03202000E-04 -4.21581000E-04
2002-01-11T03:27:35.446  6.16305000E-04 -3.56106000E-04  1.06802200E-03
2002-01-11T03:27:36.454  1.23337000E-04 -4.36909000E-04 -1.36738000E-04
2002-01-11T03:27:37.446  7.70958000E-04  1.05775200E-03 -5.40498000E-04
2002-01-11T03:27:38.450 -1.41321000E-03  5.97523000E-04  1.01340800E-03
2002-01-11T03:27:39.446  5.60889000E-04  8.76574000E-04  1.24737000E-04
2002-01-11T03:27:40.450 -2.47713000E-04 -1.08388100E-03 -8.27769000E-04
2002-01-11T03:27:41.450  1.52214200E-03  4.26191000E-04  5.06517000E-04
2002-01-11T03:27:42.450 -5.89631000E-04 -1.47796600E-03 -2.11554000E-04
2002-01-11T03:27:43.446  9.60880000E-04  8.51394000E-04  3.54320000E-05
2002-01-11T03:27:44.450 -1.42584100E-03 -5.46763000E-04 -4.72391000E-04
2002-01-11T03:27:45.446  5.73009000E-04  1.18464500E-03  9.65163000E-04
2002-01-11T03:27:46.450 -9.99619000E-04 -1.17415000E-04 -9.76633000E-04
2002-01-11T03:27:47.446  7.17786000E-04  6.09809000E-04  1.14185200E-03
2002-01-11T03:27:48.450 -5.43245000E-04 -8.93764000E-04 -6.76850000E-05
2002-01-11T03:27:49.446  6.44032000E-04  2.78588000E-04  4.48356000E-04
2002-01-11T03:27:50.450 -8.57721000E-04 -7.21374000E-04  1.43529000E-04
2002-01-11T03:27:51.446 -6.13430000E-05  8.60071000E-04  4.41118000E-04
2002-01-11T03:27:52.454 -1.60819400E-03  5.43756000E-04 -1.77165000E-04
2002-01-11T03:27:53.446  1.62180000E-04  6.86103000E-04  3.45400000E-06
2002-01-11T03:27:54.450 -3.08715000E-04 -8.75021000E-04  9.26980000E-05
2002-01-11T03:27:55.446  6.04740000E-04 -3.55428000E-04 -3.97309000E-04
2002-01-11T03:27:56.450 -4.81580000E-04  1.62100000E-05  8.60500000E-05
2002-01-11T03:27:57.450  2.65200000E-05  5.95084000E-04 -3.09631000E-04
2002-01-11T03:27:58.450 -8.40955000E-04  1.65354000E-04  6.19531000E-04
2002-01-11T03:27:59.446  7.14825000E-04 -4.68524000E-04  2.86209000E-04
2002-01-11T03:28:00.450  2.76773000E-04 -8.11648000E-04 -1.07938500E-03
2002-01-11T03:28:01.446  2.81821000E-04 -6.39371000E-04  7.83940000E-04
2002-01-11T03:28:02.450  2.88759000E-04  6.77186000E-04  5.68857000E-04
2002-01-11T03:28:03.446 -7.07738000E-04 -5.13190000E-05  1.75954000E-04
2002-01-11T03:28:04.450  7.16407000E-04  1.58663600E-03  6.46845000E-04
2002-01-11T03:28:05.446 -4.21032000E-04  1.90113000E-04 -5.45668000E-04
2002-01-11T03:28:06.450  9.36263000E-04  2.78815000E-04  1.73031000E-04
2002-01-11T03:28:07.446 -5.22016000E-04 -3.87226000E-04  3.21979000E-04
2002-01-11T03:28:08.454  1.54096000E-04  7.02100000E-05  3.32430000E-05
2002-01-11T03:28:09.446 -8.26651000E-04 -9.28000000E-06  2.28678000E-04
2002-01-11T03:28:10.450 -4.62086000E-04  5.23822000E-04  8.53375000E-04
2002-01-11T03:28:11.446 -7.31140000E-04 -2.01252000E-04 -1.80932000E-04
2002-01-11T03:28:12.450 -8.51800000E-05  2.27379000E-04  5.23535000E-04
2002-01-11T03:28:13.450 -1.40283000E-04 -1.98504000E-04 -4.00750000E-04
2002-01-11T03:28:14.450  9.67969000E-04  7.32200000E-05 -4.23500000E-04
2002-01-11T03:28:15.446 -7.91511000E-04 -1.43707000E-04  7.30821000E-04
2002-01-11T03:28:16.450 -5.28050000E-04  5.18365000E-04  4.58363000E-04
2002-01-11T03:28:17.446 -1.06996700E-03  1.43647000E-04  8.62803000E-04
2002-01-11T03:28:18.450  8.88734000E-04  1.17559500E-03 -4.51714000E-04
2002-01-11T03:28:19.446 -4.67410000E-04 -1.09331400E-03  4.61826000E-04
2002-01-11T03:28:20.450  1.18170500E-03  1.09780000E-05 -6.27122000E-04
2002-01-11T03:28:21.446 -1.07685100E-03 -4.13995000E-04 -1.18704000E-04
2002-01-11T03:28:22.450  6.42470000E-04  1.25313000E-03 -2.27435000E-04
2002-01-11T03:28:23.446 -9.80852000E-04  1.32094000E-04 -2.81804000E-04
2002-01-11T03:28:24.454  1.19982100E-03  1.10186900E-03  3.01559000E-04
2002-01-11T03:28:25.446 -6.49936000E-04 -1.37938900E-03 -3.01443000E-04
2002-01-11T03:28:26.450  9.82886000E-04  1.68348000E-04  1.20776600E-03
2002-01-11T03:28:27.446 -5.94321000E-04 -5.42039000E-04 -1.52408900E-03
2002-01-11T03:28:28.450  7.26977000E-04  9.41528000E-04 -1.86739000E-04
2002-01-11T03:28:29.450 -7.10435000E-04  1.10640700E-03 -2.44463000E-04
2002-01-11T03:28:30.450  2.94093000E-04  1.46029500E-03  1.69064000E-04
2002-01-11T03:28:31.446 -1.14008000E-04 -1.25165000E-03 -7.02226000E-04
2002-01-11T03:28:32.450  8.48884000E-04  1.51232000E-04 -1.17515000E-03
2002-01-11T03:28:33.446  1.51490000E-05 -5.23644000E-04  1.52532000E-04
2002-01-11T03:28:34.450  2.79991000E-04  1.08764700E-03  1.13169600E-03
2002-01-11T03:28:35.446 -1.43680100E-03  3.12060000E-04 -6.74200000E-05
2002-01-11T03:28:36.450  3.75352000E-04  1.07097000E-03 -3.56160000E-05
2002-01-11T03:28:37.446  7.32940000E-05 -7.23649000E-04  6.75272000E-04
2002-01-11T03:28:38.450  9.27041000E-04  4.95658000E-04 -5.26302000E-04
2002-01-11T03:28:39.446 -6.42937000E-04 -3.58100000E-04 -3.49925000E-04
2002-01-11T03:28:40.454 -1.49699000E-04  1.21326300E-03 -1.82534000E-04
2002-01-11T03:28:41.446 -1.11341200E-03  1.23987000E-04  5.83726000E-04
2002-01-11T03:28:42.450  7.95057000E-04  3.77730000E-04  5.58680000E-05
2002-01-11T03:28:43.446 -3.79194000E-04 -9.85897000E-04  1.96590000E-05
2002-01-11T03:28:44.450  1.05353200E-03  2.26242000E-04 -1.05067000E-03
2002-01-11T03:28:45.450 -4.76576000E-04 -3.98854000E-04 -4.34909000E-04
2002-01-11T03:28:46.450  4.64750000E-05  1.06404200E-03  1.14184400E-03
2002-01-11T03:28:47.446 -8.80208000E-04  2.17238000E-04  2.19596000E-04
2002-01-11T03:28:48.450  9.00031000E-04  4.24319000E-04  8.79364000E-04
2002-01-11T03:28:49.446 -4.42820000E-05 -7.21490000E-04 -4.72120000E-05
2002-01-11T03:28:50.450  1.08591000E-03  6.03015000E-04  1.75020000E-05
2002-01-11T03:28:51.446 -1.06942600E-03 -3.02263000E-04 -5.39690000E-05
2002-01-11T03:28:52.450 -1.80210000E-05  1.08148000E-03  2.93774000E-04
2002-01-11T03:28:53.446 -4.68056000E-04  2.17063000E-04  6.85726000E-04
2002-01-11T03:28:54.450  5.81173000E-04  2.72504000E-04 -3.62325000E-04
2002-01-11T03:28:55.446 -4.60680000E-05 -9.49798000E-04  5.25816000E-04
2002-01-11T03:28:56.454  6.34761000E-04  4.30866000E-04  6.87400000E-06
2002-01-11T03:28:57.446 -5.24056000E-04 -2.98711000E-04  4.85420000E-04
2002-01-11T03:28:58.450 -3.03034000E-04  1.13898800E-03  1.34015000E-04
2002-01-11T03:28:59.446 -5.65438000E-04  3.08915000E-04  4.65071000E-04
2002-01-11T03:29:00.450  2.71125000E-04  6.47032000E-04  1.41189600E-03
2002-01-11T03:29:01.450 -1.66368000E-04 -1.13111200E-03 -9.24494000E-04
2002-01-11T03:29:02.450  3.10518000E-04  4.96614000E-04  7.33028000E-04
2002-01-11T03:29:03.446 -4.47947000E-04 -2.32561000E-04 -8.15378000E-04
2002-01-11T03:29:04.450 -1.52575000E-04  5.19250000E-04  1.45306600E-03
2002-01-11T03:29:05.446 -4.87465000E-04  2.69312000E-04 -4.47726000E-04
2002-01-11T03:29:06.450  8.30512000E-04 -3.19112000E-04  3.88724000E-04
2002-01-11T03:29:07.446 -3.71955000E-04 -1.26220000E-03  2.94191000E-04
2002-01-11T03:29:08.450  1.81742000E-04 -1.23318000E-04  1.96279000E-04
2002-01-11T03:29:09.446 -3.24752000E-04  5.68408000E-04 -7.54413000E-04
2002-01-11T03:29:10.450 -1.97479000E-04  5.67170000E-04 -2.90801000E-04
2002-01-11T03:29:11.446 -3.09783000E-04  3.04972000E-04  1.52924000E-04
2002-01-11T03:29:12.454  6.40762000E-04 -2.45362000E-04 -7.39402000E-04
2002-01-11T03:29:13.446  1.02841600E-03 -1.00546000E-04  3.35228000E-04
2002-01-11T03:29:14.446  1.39269000E-04 -1.53198000E-04  5.46750000E-05
2002-01-11T03:29:15.446 -4.32400000E-05  3.73466000E-04 -1.95238000E-04
2002-01-11T03:29:16.450 -6.63688000E-04  7.72635000E-04 -3.03290000E-04
2002-01-11T03:29:17.450  7.62440000E-05 -9.12170000E-05  6.76259000E-04
2002-01-11T03:29:18.450  6.09319000E-04 -6.38156000E-04  1.89634000E-04
2002-01-11T03:29:19.446  6.20356000E-04  2.74375000E-04 -8.14309000E-04
2002-01-11T03:29:20.450 -3.41300000E-06  1.89489000E-04 -3.59910000E-05
2002-01-11T03:29:21.446 -1.01683100E-03  2.32227000E-04 -1.86667000E-04
2002-01-11T03:29:22.450 -6.48230000E-05  2.53403000E-04 -3.68970000E-05
2002-01-11T03:29:23.446  1.76527000E-04 -6.12914000E-04  5.01177000E-04
2002-01-11T03:29:24.450  4.88101000E-04 -4.84894000E-04  3.56900000E-06
2002-01-11T03:29:25.446  4.19400000E-04 -5.59020000E-05 -9.24531000E-04
2002-01-11T03:29:26.450 -4.69891000E-04  2.21613000E-04  1.57804000E-04
2002-01-11T03:29:27.446 -4.67796000E-04  1.20774100E-03  9.79185000E-04
2002-01-11T03:29:28.454 -1.40363000E-04  1.25180000E-05 -1.22058500E-03
2002-01-11T03:29:29.446  7.54753000E-04 -4.18111000E-04  1.82831000E-04
2002-01-11T03:29:30.450 -4.61170000E-05 -3.93267000E-04 -3.44308000E-04
2002-01-11T03:29:31.446  5.36495000E-04  3.22741000E-04  3.54000000E-06
2002-01-11T03:29:32.450 -4.62318000E-04 -4.76060000E-05  6.08284000E-04
2002-01-11T03:29:33.450 -4.39475000E-04  5.42636000E-04 -7.04642000E-04
2002-01-11T03:29:34.450 -3.22482000E-04  1.44490000E-05  5.99430000E-05
2002-01-11T03:29:35.446  2.70102000E-04  2.62239000E-04 -2.94655000E-04
2002-01-11T03:29:36.450  3.22496000E-04 -5.37998000E-04  6.70117000E-04
2002-01-11T03:29:37.446 -6.02730000E-05 -2.11647000E-04 -3.61627000E-04
2002-01-11T03:29:38.450 -3.55713000E-04  4.45174000E-04  4.26288000E-04
2002-01-11T03:29:39.446 -3.24669000E-04  1.72320000E-04 -4.90980000E-05
2002-01-11T03:29:40.450  1.16101000E-04 -7.89113000E-04 -3.09138000E-04
2002-01-11T03:29:41.446  2.06901000E-04 -2.51716000E-04  5.04172000E-04
2002-01-11T03:29:42.450  9.80960000E-05 -5.41404000E-04 -8.99987000E-04
2002-01-11T03:29:43.446  7.74491000E-04  7.26736000E-04  1.05594600E-03
2002-01-11T03:29:44.454 -6.07495000E-04  6.72113000E-04 -7.04039000E-04
2002-01-11T03:29:45.446  5.27679000E-04  1.41105000E-04 -4.73300000E-06
2002-01-11T03:29:46.450 -3.73150000E-04  2.78510000E-05 -4.10194000E-04
2002-01-11T03:29:47.446  2.72679000E-04 -3.68334000E-04  2.65138000E-04
2002-01-11T03:29:48.450 -2.39002000E-04  1.33295000E-04  3.98723000E-04
2002-01-11T03:29:49.450  1.90737000E-04  4.85787000E-04 -4.70017000E-04
2002-01-11T03:29:50.450 -2.58663000E-04  3.64510000E-05  5.94988000E-04
2002-01-11T03:29:51.446 -3.47660000E-05 -4.52894000E-04 -1.64230000E-04
2002-01-11T03:29:52.450  3.99073000E-04 -5.09498000E-04  3.79944000E-04
2002-01-11T03:29:53.446  2.20189000E-04 -6.16100000E-06 -7.05308000E-04
2002-01-11T03:29:54.450 -6.78643000E-04  1.79516000E-04  9.71066000E-04
2002-01-11T03:29:55.446 -4.74202000E-04  4.08486000E-04  9.37520000E-05
2002-01-11T03:29:56.450 -1.22721000E-04 -1.59798000E-04 -5.42375000E-04
2002-01-11T03:29:57.446 -1.90720000E-04 -3.28517000E-04  5.43946000E-04
2002-01-11T03:29:58.450  3.27123000E-04 -3.65560000E-04 -2.54034000E-04
2002-01-11T03:29:59.446 -9.93108000E-04 -3.79093000E-04  2.48908000E-04
2002-01-11T03:30:00.454 -5.56880000E-05  6.43701000E-04 -5.74020000E-04
2002-01-11T03:30:01.446 -8.76668000E-04  1.02367400E-03  3.67008000E-04
2002-01-11T03:30:02.446  4.23609000E-04  8.29220000E-05 -7.97061000E-04
2002-01-11T03:30:03.446  5.91982000E-04 -7.81024000E-04 -3.21380000E-05
2002-01-11T03:30:04.450  8.36841000E-04  9.42420000E-05  1.36750000E-04
2002-01-11T03:30:05.450 -4.16769000E-04 -2.94955000E-04 -1.85436000E-04
2002-01-11T03:30:06.450 -2.91550000E-05  7.01700000E-04  9.96273000E-04
2002-01-11T03:30:07.446 -4.95544000E-04  1.55603000E-04 -6.80687000E-04
2002-01-11T03:30:08.450  2.49732000E-04  2.60072000E-04  1.42141500E-03
2002-01-11T03:30:09.446 -1.43203000E-04 -7.34513000E-04 -8.98958000E-04
2002-01-11T03:30:10.450  5.30749000E-04  4.04332000E-04  5.02896000E-04
2002-01-11T03:30:11.446 -3.73876000E-04 -4.42550000E-05 -1.80440000E-04
2002-01-11T03:30:12.450 -2.12127000E-04  1.51933200E-03  1.22309600E-03
2002-01-11T03:30:13.446 -5.80997000E-04 -3.00634000E-04 -4.49200000E-04
2002-01-11T03:30:14.450  1.39971700E-03 -3.67376000E-04  5.93029000E-04
2002-01-11T03:30:15.446 -8.52350000E-05 -1.42202800E-03 -2.42070000E-04
2002-01-11T03:30:16.454  6.69488000E-04  7.04865000E-04 -2.49742000E-04
2002-01-11T03:30:17.446 -1.11132900E-03 -8.70310000E-05  1.36021700E-03
2002-01-11T03:30:18.446 -1.34920000E-05  2.16634500E-03 -1.05795500E-03
2002-01-11T03:30:19.446 -1.91003100E-03 -3.50040000E-05  1.15883000E-04
2002-01-11T03:30:20.450  1.14975000E-04  7.61049000E-04 -8.34000000E-05
2002-01-11T03:30:21.450 -3.82272000E-04 -1.32794200E-03 -8.71650000E-05
2002-01-11T03:30:22.450  1.11740100E-03  2.24511000E-04 -3.86170000E-04
2002-01-11T03:30:23.446 -1.51738700E-03 -5.23063000E-04 -1.56588000E-04
2002-01-11T03:30:24.450 -1.42867000E-04  8.70107000E-04 -4.11741000E-04
2002-01-11T03:30:25.446 -6.58195000E-04 -6.97025000E-04  6.11477000E-04
2002-01-11T03:30:26.450  1.17824700E-03 -5.13390000E-05  2.94726000E-04
2002-01-11T03:30:27.446 -5.38838000E-04 -8.63312000E-04 -4.16912000E-04
2002-01-11T03:30:28.450  9.93189000E-04  8.81769000E-04 -6.83900000E-06
2002-01-11T03:30:29.446 -9.67884000E-04 -4.29127000E-04  5.68576000E-04
2002-01-11T03:30:30.450  3.55726000E-04  1.58697800E-03 -5.65158000E-04
2002-01-11T03:30:31.446 -4.99109000E-04 -5.89553000E-04  7.98916000E-04
2002-01-11T03:30:32.453  1.61206800E-03  5.34472000E-04 -6.83013000E-04
2002-01-11T03:30:33.446 -8.80204000E-04 -6.85593000E-04  1.21921500E-03
2002-01-11T03:30:34.446  1.98960000E-04  8.50401000E-04 -6.95963000E-04
2002-01-11T03:30:35.446 -1.21398700E-03  4.79400000E-04 -3.53210000E-05
2002-01-11T03:30:36.450  5.05944000E-04  3.64773000E-04  8.34270000E-05
2002-01-11T03:30:37.450 -5.42251000E-04 -1.14147200E-03  6.51150000E-04
2002-01-11T03:30:38.450  1.69804500E-03  3.69537000E-04 -2.48220000E-05
2002-01-11T03:30:39.446 -9.36483000E-04 -2.33732000E-04 -1.47215000E-04
2002-01-11T03:30:40.450  4.96175000E-04  1.50509500E-03  7.89319000E-04
2002-01-11T03:30:41.446 -1.12024000E-03 -1.48353000E-04 -7.83990000E-04
2002-01-11T03:30:42.450  1.43503500E-03  4.38845000E-04  6.16279000E-04
2002-01-11T03:30:43.446  4.30770000E-05 -1.37118700E-03  5.62089000E-04
2002-01-11T03:30:44.450  5.36591000E-04  1.93530000E-04  5.24599000E-04
2002-01-11T03:30:45.446 -7.91547000E-04  1.11827000E-04  9.94520000E-04
2002-01-11T03:30:46.450  5.86082000E-04  1.15744300E-03 -5.73525000E-04
2002-01-11T03:30:47.446 -4.77156000E-04 -5.60589000E-04  5.47758000E-04
2002-01-11T03:30:48.453  1.58970000E-05 -7.82446000E-04 -1.71006000E-04
2002-01-11T03:30:49.446 -2.70636000E-04 -8.23543000E-04  7.65558000E-04
2002-01-11T03:30:50.446  2.49516000E-04  2.25065000E-04 -1.12111600E-03
2002-01-11T03:30:51.446 -1.10243500E-03  1.78824000E-04  3.75397000E-04
2002-01-11T03:30:52.450 -5.20434000E-04  1.17531200E-03  1.17146900E-03
2002-01-11T03:30:53.450 -1.75961000E-04 -3.18055000E-04 -8.91506000E-04
2002-01-11T03:30:54.450  7.47741000E-04  3.62090000E-05  1.22380500E-03
2002-01-11T03:30:55.446  9.03030000E-05 -3.00104000E-04 -3.32311000E-04
2002-01-11T03:30:56.450 -4.81596000E-04  1.58730000E-04  6.76288000E-04
