2002-01-01T19:39:49.671 -1.10094300E-03  1.21520000E-04 -2.00161000E-04
2002-01-01T19:39:50.671  2.72558000E-04 -5.25204000E-04 -2.30341000E-04
2002-01-01T19:39:51.679 -1.59383000E-04 -8.66593000E-04 -4.95429000E-04
2002-01-01T19:39:52.675  1.19862400E-03  1.09320200E-03 -1.63050000E-05
2002-01-01T19:39:53.675 -9.40235000E-04  4.67942000E-04 -6.57464000E-04
2002-01-01T19:39:54.675  4.71342000E-04  4.81271000E-04 -2.42843000E-04
2002-01-01T19:39:55.671 -1.49952000E-04 -7.95147000E-04  6.59555000E-04
2002-01-01T19:39:56.679  7.45621000E-04  4.02120000E-04  1.97988000E-04
2002-01-01T19:39:57.671 -6.41612000E-04 -7.23045000E-04  9.89847000E-04
2002-01-01T19:39:58.675  3.70591000E-04  1.02884200E-03 -1.14400000E-03
2002-01-01T19:39:59.671 -8.47057000E-04  3.67030000E-05  1.01232000E-04
2002-01-01T19:40:00.671  1.03137300E-03  9.50784000E-04 -1.02174000E-04
2002-01-01T19:40:01.679 -3.53340000E-04 -1.33211900E-03  5.09343000E-04
2002-01-01T19:40:02.671  9.89169000E-04  5.24118000E-04  4.93723000E-04
2002-01-01T19:40:03.671 -1.14982400E-03 -5.38840000E-05 -7.49410000E-05
2002-01-01T19:40:04.679  8.63654000E-04  8.61507000E-04  3.04407000E-04
2002-01-01T19:40:05.671 -1.11706600E-03  7.00790000E-05 -4.60686000E-04
2002-01-01T19:40:06.675  7.51457000E-04 -3.91831000E-04  9.58127000E-04
2002-01-01T19:40:07.671 -5.22699000E-04 -1.01319700E-03 -4.63283000E-04
2002-01-01T19:40:08.675  4.00618000E-04  9.42857000E-04 -5.50146000E-04
2002-01-01T19:40:09.675 -1.23622300E-03 -2.67745000E-04 -2.79678000E-04
2002-01-01T19:40:10.675  1.33600400E-03  6.18143000E-04 -1.08970700E-03
2002-01-01T19:40:11.679 -7.62473000E-04 -1.12999800E-03 -2.25509000E-04
2002-01-01T19:40:12.671  1.07354100E-03  2.82828000E-04  6.58739000E-04
2002-01-01T19:40:13.671 -1.26638100E-03 -1.33560000E-04  4.44460000E-04
2002-01-01T19:40:14.675  9.49062000E-04  9.60324000E-04  1.14013100E-03
2002-01-01T19:40:15.671 -7.37740000E-04 -4.80797000E-04 -1.29019700E-03
2002-01-01T19:40:16.683  9.70201000E-04  3.79033000E-04  4.22409000E-04
2002-01-01T19:40:17.671 -1.05980000E-04 -6.63764000E-04 -2.92511000E-04
2002-01-01T19:40:18.675  6.32754000E-04  5.63238000E-04  4.26289000E-04
2002-01-01T19:40:19.671 -8.47014000E-04  1.69030000E-05  7.41990000E-04
2002-01-01T19:40:20.679  2.78650000E-05  1.03819300E-03 -3.82559000E-04
2002-01-01T19:40:21.675  3.67000000E-05 -1.69390900E-03  3.58750000E-05
2002-01-01T19:40:22.671  1.07700300E-03  1.71137000E-04 -2.71279000E-04
2002-01-01T19:40:23.671 -5.10247000E-04 -1.18631000E-04  1.57791000E-04
2002-01-01T19:40:24.671  2.78188000E-04  9.97503000E-04  4.20130000E-05
2002-01-01T19:40:25.675 -1.38427000E-03 -6.38008000E-04 -1.30206600E-03
2002-01-01T19:40:26.679  1.03953600E-03 -6.51070000E-05  3.29641000E-04
2002-01-01T19:40:27.671 -7.58838000E-04 -1.24064200E-03 -2.68222000E-04
2002-01-01T19:40:28.675  5.40672000E-04  7.98898000E-04 -4.67143000E-04
2002-01-01T19:40:29.671 -1.10977600E-03  2.39031000E-04  4.81981000E-04
2002-01-01T19:40:30.671  4.27481000E-04  6.20963000E-04 -9.80817000E-04
2002-01-01T19:40:31.675 -7.28105000E-04 -1.91183100E-03  1.19506700E-03
2002-01-01T19:40:32.671  3.97325000E-04  5.26897000E-04  2.03378000E-04
2002-01-01T19:40:33.671 -4.86386000E-04 -2.43409000E-04 -6.27511000E-04
2002-01-01T19:40:34.671 -4.63538000E-04  1.19160500E-03  7.53700000E-06
2002-01-01T19:40:35.671  1.21829000E-04 -6.97013000E-04 -1.12641000E-03
2002-01-01T19:40:36.686  7.45900000E-04 -2.27557000E-04  6.82615000E-04
2002-01-01T19:40:37.671 -2.66663000E-04 -8.01733000E-04 -8.04439000E-04
2002-01-01T19:40:38.671 -1.06901000E-04  6.33243000E-04  2.41269000E-04
2002-01-01T19:40:39.671 -7.35352000E-04  1.61684000E-04  5.42091000E-04
2002-01-01T19:40:40.671  4.15941000E-04  4.59897000E-04 -9.00620000E-05
2002-01-01T19:40:41.683 -2.37168000E-04 -9.54910000E-04 -5.98190000E-05
2002-01-01T19:40:42.675  4.98489000E-04  4.75336000E-04 -4.55440000E-05
2002-01-01T19:40:43.671 -8.14109000E-04 -2.26274000E-04  3.09300000E-04
2002-01-01T19:40:44.671  2.79194000E-04  7.52183000E-04 -4.37170000E-05
2002-01-01T19:40:45.671  6.88600000E-06 -1.13817000E-04 -2.44289000E-04
2002-01-01T19:40:46.679  3.93584000E-04 -6.67310000E-05  2.84554000E-04
2002-01-01T19:40:47.671  1.90895000E-04 -4.20821000E-04  9.01830000E-05
2002-01-01T19:40:48.675 -4.89920000E-05  3.48430000E-05  3.65330000E-05
2002-01-01T19:40:49.671 -9.68875000E-04  4.61203000E-04 -6.10680000E-05
2002-01-01T19:40:50.671 -1.58739000E-04  4.38349000E-04 -6.60518000E-04
2002-01-01T19:40:51.675  3.58011000E-04 -2.13580000E-04  2.44560000E-05
2002-01-01T19:40:52.679  5.12611000E-04 -5.56870000E-04 -4.28581000E-04
2002-01-01T19:40:53.671  4.74969000E-04  3.68566000E-04 -7.26458000E-04
2002-01-01T19:40:54.671 -9.23405000E-04  2.39318000E-04  5.14880000E-05
2002-01-01T19:40:55.671 -1.75566000E-04  8.32557000E-04  5.54130000E-05
2002-01-01T19:40:56.679 -1.97799000E-04 -2.67190000E-04  6.87809000E-04
2002-01-01T19:40:57.675  1.03415200E-03 -2.75428000E-04 -3.40178000E-04
2002-01-01T19:40:58.675 -1.41316000E-04 -8.21426000E-04  2.78053000E-04
2002-01-01T19:40:59.671  5.16360000E-04  9.84890000E-04 -8.01309000E-04
2002-01-01T19:41:00.671 -1.33043100E-03  5.04124000E-04 -5.97740000E-04
2002-01-01T19:41:01.679  1.40482200E-03  6.34689000E-04  1.31489000E-04
2002-01-01T19:41:02.675 -2.51460000E-05 -9.12730000E-04  1.58938000E-04
2002-01-01T19:41:03.671  9.61569000E-04  4.07641000E-04  9.47770000E-05
2002-01-01T19:41:04.671 -8.98780000E-04 -9.80870000E-05 -1.41350800E-03
2002-01-01T19:41:05.671  1.99817000E-04  1.42201200E-03 -5.98825000E-04
2002-01-01T19:41:06.682 -5.94799000E-04 -5.49918000E-04  7.17055000E-04
2002-01-01T19:41:07.671  1.54966200E-03  5.06616000E-04 -8.88354000E-04
2002-01-01T19:41:08.679 -5.56110000E-04 -9.06404000E-04  4.12137000E-04
2002-01-01T19:41:09.671  1.29548300E-03  1.00642500E-03 -1.34537300E-03
2002-01-01T19:41:10.671 -1.37253600E-03 -1.00610000E-05 -2.70027000E-04
2002-01-01T19:41:11.679  3.98109000E-04  1.10413000E-03 -2.15738000E-04
2002-01-01T19:41:12.671 -6.06507000E-04 -6.28037000E-04 -6.43664000E-04
2002-01-01T19:41:13.675  6.52515000E-04  3.83250000E-05  1.51380900E-03
2002-01-01T19:41:14.675 -5.24868000E-04 -3.38887000E-04 -3.52150000E-04
2002-01-01T19:41:15.671  3.26995000E-04  1.05112400E-03  1.58317000E-04
2002-01-01T19:41:16.679 -5.53997000E-04 -9.31830000E-05  9.66034000E-04
2002-01-01T19:41:17.671  7.41227000E-04  7.81865000E-04 -1.72424000E-04
2002-01-01T19:41:18.675 -8.34345000E-04 -1.06898300E-03  4.93688000E-04
2002-01-01T19:41:19.671  8.86957000E-04  6.05490000E-04 -2.07757000E-04
2002-01-01T19:41:20.671 -8.87322000E-04 -2.87849000E-04 -3.11910000E-04
2002-01-01T19:41:21.679 -2.35678000E-04  1.21522500E-03  6.79763000E-04
2002-01-01T19:41:22.671 -7.62961000E-04 -6.82141000E-04 -1.08598700E-03
2002-01-01T19:41:23.671  1.12709200E-03  2.00218000E-04 -2.48067000E-04
2002-01-01T19:41:24.679 -2.70990000E-04 -3.69732000E-04 -8.61120000E-05
2002-01-01T19:41:25.671  5.85393000E-04  5.49965000E-04  1.59118000E-04
2002-01-01T19:41:26.675 -4.29251000E-04 -4.25739000E-04  4.80179000E-04
2002-01-01T19:41:27.671 -1.59731000E-04  3.95674000E-04 -4.28814000E-04
2002-01-01T19:41:28.675  5.89240000E-04 -7.48574000E-04  8.54994000E-04
2002-01-01T19:41:29.675  2.81383000E-04  4.31140000E-04 -5.85670000E-04
2002-01-01T19:41:30.675 -5.63130000E-04  2.81230000E-04 -6.11974000E-04
2002-01-01T19:41:31.679 -7.52810000E-05  8.93393000E-04 -2.34420000E-05
2002-01-01T19:41:32.671 -3.62751000E-04 -4.05088000E-04 -2.92609000E-04
2002-01-01T19:41:33.671  2.07373000E-04  1.42599000E-04  6.20088000E-04
2002-01-01T19:41:34.671  1.78263000E-04 -2.54248000E-04 -7.34094000E-04
2002-01-01T19:41:35.671  7.50110000E-05  4.34723000E-04  1.18362000E-04
2002-01-01T19:41:36.679 -1.03166900E-03  5.20258000E-04 -5.86515000E-04
2002-01-01T19:41:37.671 -3.84712000E-04  5.69649000E-04 -7.74227000E-04
2002-01-01T19:41:38.675  1.17819500E-03 -2.90666000E-04 -4.06727000E-04
2002-01-01T19:41:39.671  3.57416000E-04 -4.15243000E-04 -2.49748000E-04
2002-01-01T19:41:40.679 -6.86596000E-04 -6.48101000E-04  2.57533000E-04
2002-01-01T19:41:41.675 -3.27289000E-04  5.53618000E-04 -2.10764000E-04
2002-01-01T19:41:42.671 -1.49343000E-04  5.11492000E-04  1.68670000E-05
2002-01-01T19:41:43.671  8.27050000E-05 -3.55262000E-04  4.00665000E-04
2002-01-01T19:41:44.671  7.90058000E-04 -3.20822000E-04 -5.77925000E-04
2002-01-01T19:41:45.675 -1.68441000E-04 -1.50264000E-04  5.07514000E-04
2002-01-01T19:41:46.679 -1.96741000E-04  8.33213000E-04 -5.44349000E-04
2002-01-01T19:41:47.671 -7.69454000E-04 -2.99700000E-06  3.25765000E-04
2002-01-01T19:41:48.675  1.27549400E-03  6.60841000E-04  1.28687000E-03
2002-01-01T19:41:49.671  8.02560000E-05 -8.86417000E-04 -1.15982100E-03
2002-01-01T19:41:50.671  5.44810000E-05  4.25013000E-04  1.07090600E-03
2002-01-01T19:41:51.675 -9.32216000E-04 -1.83246000E-04 -1.04031900E-03
2002-01-01T19:41:52.671  8.41436000E-04  5.80209000E-04 -1.18340000E-05
2002-01-01T19:41:53.671 -5.88381000E-04 -6.66617000E-04  3.02934000E-04
2002-01-01T19:41:54.671  1.19081000E-03 -1.44287000E-04 -1.00391700E-03
2002-01-01T19:41:55.671 -5.31897000E-04 -9.20219000E-04  3.08191000E-04
2002-01-01T19:41:56.690  2.67819000E-04  1.45350000E-03  4.69428000E-04
2002-01-01T19:41:57.671 -9.91834000E-04 -2.16492000E-04  5.78612000E-04
2002-01-01T19:41:58.671  9.12384000E-04  4.42698000E-04 -1.22593000E-04
2002-01-01T19:41:59.671 -2.72428000E-04 -1.00698900E-03 -4.15323000E-04
2002-01-01T19:42:00.671  5.12168000E-04 -2.50928000E-04  1.44731000E-04
2002-01-01T19:42:01.678 -7.04721000E-04 -1.12029000E-04 -7.18630000E-04
2002-01-01T19:42:02.675  1.86162000E-04  1.23578700E-03  1.55375000E-04
2002-01-01T19:42:03.671 -5.83677000E-04 -5.66893000E-04  1.23421400E-03
2002-01-01T19:42:04.671  7.02305000E-04  8.10914000E-04 -3.04212000E-04
2002-01-01T19:42:05.671 -2.25478000E-04 -1.10512600E-03  5.77308000E-04
2002-01-01T19:42:06.678  5.98322000E-04  1.20198400E-03 -3.78905000E-04
2002-01-01T19:42:07.671 -1.10567700E-03 -3.77322000E-04  8.11716000E-04
2002-01-01T19:42:08.671  1.53801000E-04  5.37423000E-04 -1.08629000E-04
2002-01-01T19:42:09.671 -7.69975000E-04 -8.93325000E-04  1.81536000E-04
2002-01-01T19:42:10.671  9.76791000E-04  4.70431000E-04  3.33748000E-04
2002-01-01T19:42:11.675 -1.28243200E-03 -6.14285000E-04  1.02538000E-04
2002-01-01T19:42:12.678  2.06129000E-04  1.08074000E-03  4.54052000E-04
2002-01-01T19:42:13.671 -7.44662000E-04 -9.88370000E-05 -1.26252200E-03
2002-01-01T19:42:14.671  1.05413700E-03 -1.93558000E-04 -2.15658000E-04
2002-01-01T19:42:15.671 -2.17377000E-04 -7.82897000E-04 -1.29551000E-04
2002-01-01T19:42:16.678  9.81617000E-04  1.14720100E-03 -2.82221000E-04
2002-01-01T19:42:17.675 -1.26264700E-03 -1.48105000E-04  1.74930000E-04
2002-01-01T19:42:18.675  7.84594000E-04  1.02007500E-03  6.73148000E-04
2002-01-01T19:42:19.671 -1.12275700E-03 -1.09424200E-03  7.86040000E-05
2002-01-01T19:42:20.671  8.98169000E-04  1.08575000E-04  4.80860000E-04
2002-01-01T19:42:21.675 -4.46384000E-04 -2.62555000E-04 -6.76463000E-04
2002-01-01T19:42:22.675  8.78500000E-05  1.44087000E-03  7.54783000E-04
2002-01-01T19:42:23.671 -9.35586000E-04 -2.45390000E-05 -5.31058000E-04
2002-01-01T19:42:24.671  1.42925300E-03 -4.06226000E-04  1.18986000E-04
2002-01-01T19:42:25.671 -9.57120000E-05 -7.95194000E-04  1.03324700E-03
2002-01-01T19:42:26.678  3.49222000E-04  4.64232000E-04 -4.73207000E-04
2002-01-01T19:42:27.671 -1.19728800E-03 -6.28870000E-04  3.38008000E-04
2002-01-01T19:42:28.678 -3.55570000E-05  1.40983300E-03 -1.02226200E-03
2002-01-01T19:42:29.671 -1.22987000E-04 -6.58444000E-04 -2.47353000E-04
2002-01-01T19:42:30.671  8.63493000E-04 -3.10780000E-04  7.49362000E-04
2002-01-01T19:42:31.678 -6.47450000E-05 -1.38857000E-04 -7.23490000E-04
2002-01-01T19:42:32.671  5.14572000E-04  7.34783000E-04 -4.93862000E-04
2002-01-01T19:42:33.675 -6.94988000E-04  5.15395000E-04  7.73563000E-04
2002-01-01T19:42:34.675  7.82471000E-04 -8.03370000E-05 -1.76835000E-04
2002-01-01T19:42:35.671 -4.39716000E-04 -1.47611900E-03 -1.52489000E-04
2002-01-01T19:42:36.678  7.06389000E-04  1.44516000E-04  6.91311000E-04
2002-01-01T19:42:37.671 -1.09421400E-03  2.94754000E-04  9.88630000E-04
2002-01-01T19:42:38.675  3.06040000E-05  6.43578000E-04 -1.97648000E-04
2002-01-01T19:42:39.671 -3.63103000E-04 -6.28177000E-04  4.20436000E-04
2002-01-01T19:42:40.671  6.11859000E-04 -1.43690000E-05 -6.43543000E-04
2002-01-01T19:42:41.675  1.30854000E-04 -8.62516000E-04  8.00915000E-04
2002-01-01T19:42:42.671  6.30740000E-05  1.77530000E-04  1.93320000E-04
2002-01-01T19:42:43.671 -1.16724400E-03  4.48151000E-04 -6.87039000E-04
2002-01-01T19:42:44.678 -2.50205000E-04 -8.42300000E-06  9.68330000E-04
2002-01-01T19:42:45.671  5.40040000E-04 -7.34127000E-04  3.01013000E-04
2002-01-01T19:42:46.678  4.27156000E-04 -3.13599000E-04 -1.26722000E-04
2002-01-01T19:42:47.671  7.75721000E-04  9.41637000E-04  2.41200000E-04
2002-01-01T19:42:48.675 -5.00973000E-04  5.64687000E-04 -9.60701000E-04
2002-01-01T19:42:49.675  5.53002000E-04  7.14030000E-05 -1.26185000E-04
2002-01-01T19:42:50.671  3.79246000E-04 -6.48877000E-04  9.14670000E-05
2002-01-01T19:42:51.678  1.15761400E-03  4.29475000E-04  4.31510000E-04
2002-01-01T19:42:52.671 -1.03469000E-04 -2.72498000E-04  4.71860000E-04
2002-01-01T19:42:53.671 -3.05077000E-04  8.52129000E-04 -6.50126000E-04
2002-01-01T19:42:54.671 -1.13607800E-03  4.97072000E-04  1.00725000E-04
2002-01-01T19:42:55.671  3.88152000E-04  2.03277000E-04 -9.11503000E-04
2002-01-01T19:42:56.678  6.60620000E-05 -9.52329000E-04  3.76771000E-04
2002-01-01T19:42:57.671  1.05178300E-03  8.13353000E-04 -2.27931000E-04
2002-01-01T19:42:58.675 -8.61549000E-04 -3.48557000E-04  5.30500000E-04
2002-01-01T19:42:59.671 -1.11100000E-04  9.81850000E-04  3.20235000E-04
2002-01-01T19:43:00.678 -1.02701200E-03 -4.29750000E-04 -1.32835400E-03
2002-01-01T19:43:01.675  1.59850500E-03  4.81877000E-04  9.49240000E-05
2002-01-01T19:43:02.671 -5.25369000E-04 -6.55010000E-04 -1.22856100E-03
2002-01-01T19:43:03.671  3.75938000E-04  1.04514400E-03  5.12399000E-04
2002-01-01T19:43:04.671 -1.47563100E-03 -4.08881000E-04  3.07890000E-05
2002-01-01T19:43:05.675  1.03281100E-03  7.54918000E-04 -3.57990000E-04
2002-01-01T19:43:06.678 -2.98624000E-04 -1.40353500E-03  5.24702000E-04
2002-01-01T19:43:07.671  1.35889000E-03  7.76167000E-04 -1.04926800E-03
2002-01-01T19:43:08.674 -1.10640900E-03 -2.35501000E-04  3.16089000E-04
2002-01-01T19:43:09.671  3.14327000E-04  1.16811800E-03  3.76075000E-04
2002-01-01T19:43:10.671 -8.28842000E-04 -1.24552600E-03 -3.52093000E-04
2002-01-01T19:43:11.674  1.56935400E-03  4.88685000E-04 -6.20340000E-05
2002-01-01T19:43:12.671 -6.95108000E-04 -1.33838800E-03 -4.97301000E-04
2002-01-01T19:43:13.671  3.44245000E-04  1.27823300E-03  2.41569000E-04
2002-01-01T19:43:14.671 -1.68250000E-03 -2.28770000E-05  7.55391000E-04
2002-01-01T19:43:15.671  4.24574000E-04  8.47752000E-04 -4.28469000E-04
2002-01-01T19:43:16.686 -4.06304000E-04 -7.51546000E-04  3.10940000E-04
2002-01-01T19:43:17.671  9.41815000E-04  3.47605000E-04 -5.60620000E-05
2002-01-01T19:43:18.671 -9.02700000E-05 -4.59040000E-04  6.58146000E-04
2002-01-01T19:43:19.671 -1.49052000E-04  1.30330500E-03 -6.30777000E-04
2002-01-01T19:43:20.671 -1.00272600E-03 -4.11298000E-04 -3.56505000E-04
2002-01-01T19:43:21.678  1.54591000E-04  1.83717000E-04  5.16800000E-05
2002-01-01T19:43:22.674  9.25370000E-04 -4.84281000E-04 -6.03858000E-04
2002-01-01T19:43:23.671  8.81246000E-04 -3.30779000E-04  2.79454000E-04
2002-01-01T19:43:24.671 -8.74175000E-04 -7.82900000E-06 -8.02710000E-05
2002-01-01T19:43:25.671 -3.50574000E-04  9.65122000E-04  5.14876000E-04
2002-01-01T19:43:26.678 -6.97020000E-05 -2.27860000E-05  9.67650000E-05
2002-01-01T19:43:27.671  8.75397000E-04 -9.14232000E-04 -7.65621000E-04
2002-01-01T19:43:28.671  3.09727000E-04 -7.93457000E-04  5.61376000E-04
2002-01-01T19:43:29.671 -5.94952000E-04  1.58080000E-04 -6.93522000E-04
2002-01-01T19:43:30.671 -4.34485000E-04  9.46360000E-04 -1.59105000E-04
2002-01-01T19:43:31.674 -8.31205000E-04 -7.67400000E-06 -1.05906000E-04
2002-01-01T19:43:32.678  6.63006000E-04  6.53207000E-04  4.92311000E-04
2002-01-01T19:43:33.671 -6.20180000E-05 -1.12541800E-03 -4.56704000E-04
2002-01-01T19:43:34.671  9.25972000E-04  5.74343000E-04  3.97050000E-04
2002-01-01T19:43:35.671 -1.17041900E-03 -1.25125000E-04  1.58361100E-03
2002-01-01T19:43:36.682  4.12926000E-04  1.28056300E-03 -8.06123000E-04
2002-01-01T19:43:37.674 -5.55959000E-04 -4.52407000E-04 -4.46294000E-04
2002-01-01T19:43:38.674  1.09989200E-03  3.95860000E-05 -9.96000000E-05
2002-01-01T19:43:39.671 -5.82363000E-04 -9.26273000E-04 -5.48387000E-04
2002-01-01T19:43:40.671  6.74617000E-04  9.12044000E-04  2.20270000E-04
2002-01-01T19:43:41.674 -1.33372300E-03  5.79550000E-05 -5.11274000E-04
2002-01-01T19:43:42.671  7.00213000E-04  1.18659900E-03  1.16706400E-03
2002-01-01T19:43:43.671 -8.71200000E-04 -8.22691000E-04  3.39850000E-05
2002-01-01T19:43:44.671  9.41976000E-04 -2.44272000E-04 -5.56288000E-04
2002-01-01T19:43:45.671 -7.44965000E-04 -6.66681000E-04  1.03367000E-04
2002-01-01T19:43:46.678  3.15647000E-04  5.56080000E-04  1.03372000E-04
2002-01-01T19:43:47.671 -9.80075000E-04  3.29138000E-04  8.11224000E-04
2002-01-01T19:43:48.678  1.33264000E-04  9.23509000E-04 -8.50790000E-05
2002-01-01T19:43:49.671 -2.61710000E-05 -7.23770000E-05 -2.73791000E-04
2002-01-01T19:43:50.671  6.18319000E-04 -5.66231000E-04  5.68024000E-04
2002-01-01T19:43:51.678 -3.01170000E-04 -1.25307000E-04 -7.79961000E-04
2002-01-01T19:43:52.671 -6.37066000E-04  7.63567000E-04  2.43710000E-05
2002-01-01T19:43:53.674 -1.62490000E-05  7.71523000E-04 -1.52780000E-04
2002-01-01T19:43:54.671 -4.84553000E-04 -4.30553000E-04 -5.17632000E-04
2002-01-01T19:43:55.671  1.28654000E-03  1.04143200E-03 -3.71574000E-04
2002-01-01T19:43:56.678 -5.65494000E-04 -7.08163000E-04 -5.74618000E-04
2002-01-01T19:43:57.671  6.71800000E-05  4.28225000E-04  8.70590000E-04
2002-01-01T19:43:58.674 -1.38997100E-03  2.32810000E-05 -6.21964000E-04
2002-01-01T19:43:59.671  4.06070000E-05  6.30380000E-04  3.15029000E-04
2002-01-01T19:44:00.671 -9.61538000E-04 -5.45339000E-04 -1.05576700E-03
2002-01-01T19:44:01.674  1.15280900E-03  1.52270000E-04 -1.93895000E-04
2002-01-01T19:44:02.671 -4.70122000E-04 -1.22347300E-03  5.11282000E-04
2002-01-01T19:44:03.671  5.25047000E-04  7.91730000E-04 -5.49394000E-04
2002-01-01T19:44:04.678 -7.26823000E-04  1.70184000E-04 -1.52130000E-05
2002-01-01T19:44:05.671  1.45279000E-04  1.12619200E-03  1.24845800E-03
2002-01-01T19:44:06.674 -7.44343000E-04 -8.90609000E-04  3.06893000E-04
2002-01-01T19:44:07.671  1.07098400E-03  1.46040000E-05  2.82300000E-06
2002-01-01T19:44:08.674 -3.70116000E-04 -3.35261000E-04 -2.88768000E-04
2002-01-01T19:44:09.674  1.75999000E-04  5.83215000E-04  4.48449000E-04
2002-01-01T19:44:10.671 -9.60569000E-04  6.97080000E-04 -5.60330000E-05
2002-01-01T19:44:11.678 -1.24356000E-04  1.21793000E-04 -5.57933000E-04
2002-01-01T19:44:12.671  5.79090000E-04  3.10220000E-04  1.98756000E-04
2002-01-01T19:44:13.671  2.66832000E-04 -1.02086900E-03  5.03174000E-04
2002-01-01T19:44:14.671  6.83489000E-04  2.40266000E-04  4.97725000E-04
2002-01-01T19:44:15.670 -5.28182000E-04 -1.89337000E-04 -3.01832000E-04
2002-01-01T19:44:16.678  3.71378000E-04  1.04458500E-03 -1.36426400E-03
2002-01-01T19:44:17.670 -5.41654000E-04 -9.88916000E-04  2.80080000E-04
2002-01-01T19:44:18.670  1.62424700E-03  7.45516000E-04 -8.88043000E-04
2002-01-01T19:44:19.670 -2.38072000E-04 -7.98961000E-04  2.79306000E-04
2002-01-01T19:44:20.678  9.33760000E-04  6.49134000E-04 -7.31339000E-04
2002-01-01T19:44:21.674 -1.14152300E-03 -3.03266000E-04 -7.53828000E-04
2002-01-01T19:44:22.670  6.42525000E-04  1.29679800E-03  6.62928000E-04
2002-01-01T19:44:23.670 -4.24433000E-04  3.75471000E-04  1.14937000E-04
2002-01-01T19:44:24.670  9.64940000E-04  4.97625000E-04  2.32945000E-04
2002-01-01T19:44:25.674 -8.49974000E-04 -7.82336000E-04 -1.60680000E-04
2002-01-01T19:44:26.682  4.86070000E-05  2.29414000E-04  1.12497700E-03
2002-01-01T19:44:27.670 -6.13864000E-04 -7.16800000E-06 -3.42632000E-04
2002-01-01T19:44:28.670 -5.65652000E-04  3.48533000E-04 -6.42080000E-05
2002-01-01T19:44:29.670 -2.11711000E-04  2.91655000E-04 -3.19019000E-04
2002-01-01T19:44:30.670 -5.76513000E-04 -4.98862000E-04  7.56760000E-05
2002-01-01T19:44:31.674  7.71416000E-04  4.63625000E-04  1.09746000E-03
2002-01-01T19:44:32.670 -8.01367000E-04 -6.74154000E-04 -1.32180000E-05
2002-01-01T19:44:33.670  5.00374000E-04  1.33526200E-03  1.66013000E-04
2002-01-01T19:44:34.670 -8.47695000E-04 -7.77000000E-05 -4.70090000E-04
2002-01-01T19:44:35.670  1.21731000E-04  1.78610100E-03 -3.73296000E-04
2002-01-01T19:44:36.686 -9.12669000E-04  3.55031000E-04 -6.05870000E-05
2002-01-01T19:44:37.670  3.91053000E-04  6.56609000E-04  1.16962000E-04
2002-01-01T19:44:38.670  7.28250000E-04 -2.14943000E-04 -3.87259000E-04
2002-01-01T19:44:39.670  4.83067000E-04 -6.38009000E-04  5.65611000E-04
2002-01-01T19:44:40.670  4.96987000E-04  8.27284000E-04  1.62271000E-04
2002-01-01T19:44:41.678 -8.03429000E-04 -3.70298000E-04  1.99558000E-04
2002-01-01T19:44:42.674  2.74360000E-04  1.57380800E-03  3.82283000E-04
2002-01-01T19:44:43.670 -9.95914000E-04 -3.45071000E-04 -1.09711300E-03
2002-01-01T19:44:44.670  1.27548300E-03  7.56438000E-04  5.79010000E-05
2002-01-01T19:44:45.670 -5.49330000E-05 -4.46784000E-04 -4.76115000E-04
2002-01-01T19:44:46.678  8.83121000E-04  1.03029000E-04  6.67868000E-04
2002-01-01T19:44:47.670  1.02943000E-04  1.09949000E-04 -1.20580000E-04
2002-01-01T19:44:48.670 -2.96786000E-04 -2.95835000E-04 -5.28940000E-05
2002-01-01T19:44:49.670  5.67681000E-04  1.29491400E-03  6.18766000E-04
2002-01-01T19:44:50.670 -9.71641000E-04  5.45954000E-04 -6.45682000E-04
2002-01-01T19:44:51.674 -2.28197000E-04  9.26806000E-04  2.68447000E-04
2002-01-01T19:44:52.678 -1.27200700E-03 -1.84397000E-04 -2.04051000E-04
2002-01-01T19:44:53.670  3.80642000E-04  3.10553000E-04  4.54353000E-04
2002-01-01T19:44:54.670  4.61266000E-04 -7.57761000E-04  1.56109000E-04
2002-01-01T19:44:55.670 -3.66896000E-04 -1.59287000E-04  4.51293000E-04
2002-01-01T19:44:56.678  8.45249000E-04  9.65855000E-04  1.81151000E-04
2002-01-01T19:44:57.674 -3.26131000E-04  1.74128000E-04 -3.46633000E-04
2002-01-01T19:44:58.674  1.97010000E-05  1.40533200E-03 -2.38883000E-04
2002-01-01T19:44:59.670 -1.46103800E-03  7.43752000E-04  8.23776000E-04
2002-01-01T19:45:00.670 -9.31880000E-04  8.33738000E-04 -4.91652000E-04
2002-01-01T19:45:01.674 -2.02279000E-04  1.89181900E-03  9.40730000E-04
2002-01-01T19:45:02.670 -5.23300000E-04 -8.80753000E-04 -6.27627000E-04
2002-01-01T19:45:03.670  8.95988000E-04  7.29243000E-04 -8.84824000E-04
2002-01-01T19:45:04.670 -1.37384000E-04  1.73424000E-04  7.11519000E-04
2002-01-01T19:45:05.670 -1.40886000E-04 -1.50530000E-05 -3.77807000E-04
2002-01-01T19:45:06.678  1.00574900E-03  3.38753000E-04  1.08066300E-03
2002-01-01T19:45:07.670 -7.65005000E-04 -3.68378000E-04 -4.44351000E-04
2002-01-01T19:45:08.678  9.72014000E-04  6.31959000E-04  2.11410000E-04
2002-01-01T19:45:09.670  7.44040000E-05  9.72951000E-04  2.48979000E-04
2002-01-01T19:45:10.670 -4.40153000E-04  5.80346000E-04 -1.07590300E-03
2002-01-01T19:45:11.678  3.30527000E-04  1.61130200E-03  8.31404000E-04
2002-01-01T19:45:12.670 -1.32442800E-03  1.42009000E-04  1.20921000E-04
2002-01-01T19:45:13.674 -5.28160000E-04  6.60950000E-04 -7.02074000E-04
2002-01-01T19:45:14.670  4.61514000E-04  9.87193000E-04  4.04501000E-04
2002-01-01T19:45:15.670 -9.52534000E-04  1.07036800E-03 -6.62952000E-04
2002-01-01T19:45:16.682 -1.25454000E-04  1.01055500E-03  8.25275000E-04
2002-01-01T19:45:17.670 -4.89168000E-04  4.83200000E-06 -3.65663000E-04
2002-01-01T19:45:18.674 -6.03526000E-04  1.51890000E-04 -2.36475000E-04
2002-01-01T19:45:19.670  9.24366000E-04  1.32928600E-03 -2.85161000E-04
2002-01-01T19:45:20.670 -4.17933000E-04  3.34448000E-04 -6.87043000E-04
2002-01-01T19:45:21.674  6.89846000E-04 -2.19312000E-04 -3.85535000E-04
2002-01-01T19:45:22.670  5.82134000E-04  8.26670000E-05 -6.52580000E-04
2002-01-01T19:45:23.670 -3.61529000E-04 -4.62600000E-04 -3.45447000E-04
2002-01-01T19:45:24.678  9.56139000E-04  1.01057200E-03  1.68725000E-04
2002-01-01T19:45:25.670 -1.12068000E-04  3.44154000E-04 -1.31583600E-03
2002-01-01T19:45:26.674 -7.14847000E-04  6.41318000E-04 -6.59484000E-04
2002-01-01T19:45:27.670 -3.36470000E-05  1.81446300E-03 -7.52310000E-04
2002-01-01T19:45:28.674 -1.17242300E-03 -2.95290000E-04 -6.38835000E-04
2002-01-01T19:45:29.674  5.10100000E-06  1.31045900E-03 -6.15154000E-04
2002-01-01T19:45:30.670 -5.89337000E-04  6.97900000E-04 -2.12841000E-04
2002-01-01T19:45:31.678 -1.57254800E-03  9.90590000E-05  9.60180000E-05
2002-01-01T19:45:32.670  8.30260000E-05  1.82738700E-03 -5.24991000E-04
2002-01-01T19:45:33.670  2.14500000E-04  3.61879000E-04  5.22322000E-04
2002-01-01T19:45:34.670 -9.47907000E-04  5.63339000E-04 -3.20114000E-04
2002-01-01T19:45:35.670  5.93299000E-04  1.36292600E-03  1.17577000E-03
2002-01-01T19:45:36.678 -9.75563000E-04  8.28137000E-04  4.18647000E-04
2002-01-01T19:45:37.670 -9.75464000E-04  1.65538000E-04 -2.92821000E-04
2002-01-01T19:45:38.670 -4.49420000E-05  2.31115200E-03  2.70456000E-04
2002-01-01T19:45:39.670 -2.98078000E-04  1.57581900E-03 -1.25621000E-04
2002-01-01T19:45:40.678 -1.63293400E-03  3.63796000E-04  4.58280000E-04
2002-01-01T19:45:41.674 -3.58915000E-04  1.65406000E-03  1.30178600E-03
2002-01-01T19:45:42.670 -1.62126000E-04  1.08699400E-03 -3.30938000E-04
2002-01-01T19:45:43.670 -1.44640800E-03  1.81658000E-04  3.04665000E-04
2002-01-01T19:45:44.670  2.16051000E-04  1.17152000E-03  5.60575000E-04
2002-01-01T19:45:45.674  4.41218000E-04  1.86974800E-03 -3.03889000E-04
2002-01-01T19:45:46.678 -7.85118000E-04  6.66150000E-04  3.77045000E-04
2002-01-01T19:45:47.670 -2.87897000E-04  1.24317200E-03 -8.89184000E-04
2002-01-01T19:45:48.670  2.78825000E-04  1.35532000E-03 -6.15109000E-04
2002-01-01T19:45:49.670 -7.66693000E-04  6.93936000E-04  7.56637000E-04
2002-01-01T19:45:50.670 -1.28439000E-04  4.03280000E-04 -1.08342200E-03
2002-01-01T19:45:51.674  9.59820000E-04  1.52586100E-03 -1.59210000E-04
2002-01-01T19:45:52.670  8.21244000E-04  9.23963000E-04  2.85618000E-04
2002-01-01T19:45:53.670 -1.09169500E-03  5.67480000E-04  8.82766000E-04
2002-01-01T19:45:54.670 -1.65232500E-03  9.46570000E-04 -4.44744000E-04
2002-01-01T19:45:55.670 -8.59584000E-04  1.94964000E-03 -5.81634000E-04
2002-01-01T19:45:56.686  6.09085000E-04  2.12835300E-03  6.83972000E-04
2002-01-01T19:45:57.670  8.42632000E-04  1.98757500E-03 -5.39806000E-04
2002-01-01T19:45:58.670  3.98275000E-04  1.37237000E-03  6.84544000E-04
2002-01-01T19:45:59.670 -4.88159000E-04  1.41709200E-03 -9.38788000E-04
2002-01-01T19:46:00.670 -1.24624000E-03  9.87399000E-04 -1.04951000E-04
2002-01-01T19:46:01.678 -6.56965000E-04  8.86233000E-04 -1.13131000E-04
2002-01-01T19:46:02.670  3.31872000E-04  8.51049000E-04 -3.68934000E-04
2002-01-01T19:46:03.670 -4.28585000E-04  2.70490800E-03  5.29191000E-04
2002-01-01T19:46:04.670  7.41836000E-04  1.94351000E-03  1.05882800E-03
2002-01-01T19:46:05.670  7.16688000E-04  2.58938300E-03 -1.17302000E-04
2002-01-01T19:46:06.682  2.14773000E-04  2.88728500E-03  8.52633000E-04
2002-01-01T19:46:07.670  9.80175000E-04  2.44508500E-03 -8.20634000E-04
2002-01-01T19:46:08.670  4.85838000E-04  3.10031000E-03  5.27660000E-04
2002-01-01T19:46:09.670 -2.84845000E-04  2.74629900E-03  6.48460000E-04
2002-01-01T19:46:10.670  1.32303300E-03  2.44629000E-03 -4.52030000E-05
2002-01-01T19:46:11.674  3.00137000E-04  3.05054800E-03  3.49420000E-04
2002-01-01T19:46:12.678  1.11421000E-04  2.37731100E-03  6.12766000E-04
2002-01-01T19:46:13.670  5.00967000E-04  2.49483900E-03  1.19136000E-04
2002-01-01T19:46:14.670  1.27186500E-03  3.55503300E-03 -7.14122000E-04
2002-01-01T19:46:15.670  9.10773000E-04  2.41814400E-03 -1.59728000E-04
2002-01-01T19:46:16.678  1.24711000E-04  3.77525900E-03  1.02353000E-04
2002-01-01T19:46:17.674  1.05440200E-03  2.48006600E-03  4.12075000E-04
2002-01-01T19:46:18.674  2.49290000E-04  3.75172600E-03 -1.21465000E-03
2002-01-01T19:46:19.670  1.07301900E-03  3.06852900E-03 -2.17116000E-04
2002-01-01T19:46:20.670  6.76740000E-04  3.35405800E-03  5.96002000E-04
2002-01-01T19:46:21.674  5.60792000E-04  2.71561100E-03 -4.57890000E-05
2002-01-01T19:46:22.670 -5.96490000E-05  3.01212500E-03 -8.40608000E-04
2002-01-01T19:46:23.670 -1.08221000E-04  2.46939700E-03  4.88262000E-04
2002-01-01T19:46:24.670 -4.52477000E-04  2.24452500E-03 -1.37760000E-05
2002-01-01T19:46:25.670 -9.38628000E-04  1.81388800E-03 -5.20647000E-04
2002-01-01T19:46:26.678 -1.35712600E-03  1.93924300E-03  2.01171000E-04
2002-01-01T19:46:27.670 -9.20759000E-04  1.93231000E-03 -4.15832000E-04
2002-01-01T19:46:28.678 -8.81948000E-04  2.87453500E-03  4.47667000E-04
2002-01-01T19:46:29.670  1.05555700E-03  2.98689400E-03  7.66909000E-04
2002-01-01T19:46:30.670  3.61385000E-04  4.11939200E-03  5.75630000E-05
2002-01-01T19:46:31.678  3.58800000E-06  2.92454600E-03  4.19681000E-04
2002-01-01T19:46:32.670 -8.36985000E-04  2.14235800E-03 -3.98487000E-04
2002-01-01T19:46:33.674  1.03023800E-03  4.41157200E-03 -1.11639800E-03
2002-01-01T19:46:34.670 -3.98781000E-04  4.61289000E-03  1.21234100E-03
2002-01-01T19:46:35.670 -8.95220000E-04  2.75374400E-03 -2.59763000E-04
2002-01-01T19:46:36.678  1.37419700E-03  3.94228100E-03  3.49296000E-04
2002-01-01T19:46:37.670  1.38858000E-04  3.71577200E-03 -7.20230000E-05
2002-01-01T19:46:38.674  2.02142000E-04  3.49616900E-03  5.87863000E-04
2002-01-01T19:46:39.670  3.27084000E-04  4.53145500E-03  2.89280000E-04
2002-01-01T19:46:40.670 -9.09123000E-04  3.39023700E-03  2.20331000E-04
2002-01-01T19:46:41.674  2.94441000E-04  5.03419200E-03  4.76492000E-04
2002-01-01T19:46:42.670 -1.49553400E-03  3.87505500E-03  7.74223000E-04
2002-01-01T19:46:43.670  5.04486000E-04  5.77327200E-03  8.91956000E-04
2002-01-01T19:46:44.678 -1.66066000E-03  4.20202100E-03  4.14556000E-04
2002-01-01T19:46:45.670  3.93601000E-04  5.81780300E-03 -1.04136700E-03
2002-01-01T19:46:46.674 -1.48237700E-03  3.76590900E-03  7.99544000E-04
2002-01-01T19:46:47.670  5.43660000E-04  5.15438500E-03  6.83332000E-04
2002-01-01T19:46:48.674 -1.05873400E-03  3.65870000E-03  4.40095000E-04
2002-01-01T19:46:49.674 -1.36666000E-04  5.11631100E-03  4.95306000E-04
2002-01-01T19:46:50.670 -1.29979000E-04  4.45764700E-03 -1.00958000E-03
2002-01-01T19:46:51.678 -3.01291000E-04  4.37676900E-03  8.33331000E-04
2002-01-01T19:46:52.670  7.93847000E-04  5.28743800E-03 -5.69410000E-05
2002-01-01T19:46:53.670 -1.99044800E-03  4.52564200E-03  9.62220000E-05
2002-01-01T19:46:54.670 -1.15520000E-04  5.22662100E-03  1.66046000E-04
2002-01-01T19:46:55.670  7.66614000E-04  6.29809400E-03 -2.27848000E-04
2002-01-01T19:46:56.682 -9.68478000E-04  4.05160200E-03  3.67864000E-04
2002-01-01T19:46:57.670 -8.00227000E-04  4.94367300E-03  4.26371000E-04
2002-01-01T19:46:58.670 -4.48269000E-04  6.50206400E-03  3.65236000E-04
2002-01-01T19:46:59.670  1.63136700E-03  5.97035100E-03  1.41826000E-04
2002-01-01T19:47:00.678 -9.47986000E-04  4.28624700E-03  2.09687000E-04
2002-01-01T19:47:01.674 -6.55359000E-04  5.69601100E-03  3.06580000E-04
2002-01-01T19:47:02.670 -1.72671000E-04  6.22002900E-03  2.17110000E-04
2002-01-01T19:47:03.670  2.94340000E-05  7.09625600E-03 -3.47656000E-04
2002-01-01T19:47:04.670  9.59470000E-04  6.07318900E-03  1.44837300E-03
2002-01-01T19:47:05.674  8.81585000E-04  6.11254500E-03 -5.33060000E-04
2002-01-01T19:47:06.678  7.26832000E-04  6.81227400E-03 -5.87267000E-04
2002-01-01T19:47:07.670  2.57414000E-04  7.56193300E-03  9.78808000E-04
2002-01-01T19:47:08.670  8.72140000E-04  7.69449600E-03 -1.03572800E-03
2002-01-01T19:47:09.670  1.36373000E-04  6.35604000E-03 -3.54530000E-05
2002-01-01T19:47:10.670  9.70606000E-04  8.33285000E-03  9.00615000E-04
2002-01-01T19:47:11.674  7.30328000E-04  8.33151400E-03  3.94157000E-04
2002-01-01T19:47:12.670 -5.47882000E-04  7.94636600E-03 -3.60565000E-04
2002-01-01T19:47:13.670 -1.02056300E-03  7.61842100E-03 -4.66075000E-04
2002-01-01T19:47:14.670  1.69574000E-04  8.87341000E-03 -4.34100000E-05
2002-01-01T19:47:15.670 -1.03443700E-03  7.79697200E-03 -3.52977000E-04
2002-01-01T19:47:16.686  2.87421000E-04  8.17989100E-03  1.44772000E-04
2002-01-01T19:47:17.670  3.27199000E-04  8.38443400E-03  1.60594000E-03
2002-01-01T19:47:18.670 -7.89540000E-04  7.15820800E-03 -4.72944000E-04
2002-01-01T19:47:19.670  8.88518000E-04  9.07008300E-03  3.21518000E-04
2002-01-01T19:47:20.670 -6.50589000E-04  7.57092400E-03  4.28547000E-04
2002-01-01T19:47:21.678  7.57920000E-04  1.00349730E-02 -8.75780000E-05
2002-01-01T19:47:22.670 -1.27945700E-03  8.33297300E-03  4.20593000E-04
2002-01-01T19:47:23.670 -1.29844000E-04  9.94270200E-03  3.03893000E-04
2002-01-01T19:47:24.670  8.21437000E-04  1.01152720E-02  1.40025900E-03
2002-01-01T19:47:25.670 -7.98130000E-04  8.22109900E-03  1.06474400E-03
2002-01-01T19:47:26.678  4.99780000E-04  1.00664170E-02 -6.28617000E-04
2002-01-01T19:47:27.670  2.91019000E-04  9.03793200E-03  6.48402000E-04
2002-01-01T19:47:28.670 -1.64355500E-03  8.81194700E-03  1.19372800E-03
2002-01-01T19:47:29.670 -3.23956000E-04  9.36429200E-03  8.01943000E-04
2002-01-01T19:47:30.670 -6.57420000E-05  1.06608030E-02  4.52373000E-04
2002-01-01T19:47:31.674  3.51235000E-04  1.11884180E-02  2.82240000E-05
2002-01-01T19:47:32.678  8.25954000E-04  1.12248150E-02  3.00220000E-04
2002-01-01T19:47:33.670  3.77722000E-04  1.17112980E-02  1.28338700E-03
2002-01-01T19:47:34.670  3.95417000E-04  1.24469840E-02  1.15100100E-03
2002-01-01T19:47:35.670  4.59997000E-04  1.22679430E-02  5.89955000E-04
2002-01-01T19:47:36.678  1.65994000E-04  1.17497680E-02 -1.66412000E-04
2002-01-01T19:47:37.674 -4.91832000E-04  1.13519300E-02  1.14111300E-03
2002-01-01T19:47:38.674 -1.28651100E-03  1.08235610E-02  3.05899000E-04
2002-01-01T19:47:39.670  7.96574000E-04  1.32482810E-02 -3.32559000E-04
2002-01-01T19:47:40.670  2.84114000E-04  1.25611600E-02  5.06224000E-04
2002-01-01T19:47:41.674 -1.29141100E-03  1.19162640E-02  2.47614000E-04
2002-01-01T19:47:42.670  1.18424000E-03  1.31782160E-02  1.28317500E-03
2002-01-01T19:47:43.670 -1.17885100E-03  1.28120480E-02  4.39861000E-04
2002-01-01T19:47:44.670  5.13708000E-04  1.41656040E-02  7.87795000E-04
2002-01-01T19:47:45.670  9.28781000E-04  1.46001400E-02 -1.63120000E-05
2002-01-01T19:47:46.682 -1.56076700E-03  1.34098700E-02  2.58431000E-04
2002-01-01T19:47:47.670 -1.94828000E-04  1.41436310E-02  2.87370000E-05
2002-01-01T19:47:48.678  4.70486000E-04  1.45358420E-02  7.71981000E-04
2002-01-01T19:47:49.670 -3.40354000E-04  1.55642080E-02  1.02312000E-04
2002-01-01T19:47:50.670 -1.86456000E-04  1.56759400E-02  1.01924200E-03
2002-01-01T19:47:51.678 -7.75379000E-04  1.50690270E-02 -3.74130000E-05
2002-01-01T19:47:52.670 -1.68347100E-03  1.44134490E-02  3.83153000E-04
2002-01-01T19:47:53.674  7.95475000E-04  1.72202550E-02  5.39823000E-04
2002-01-01T19:47:54.674  4.29239000E-04  1.73400530E-02 -1.41907100E-03
2002-01-01T19:47:55.670 -1.26410900E-03  1.65384060E-02  1.56985800E-03
2002-01-01T19:47:56.678  5.08882000E-04  1.68623330E-02 -1.18488000E-04
2002-01-01T19:47:57.670 -4.54811000E-04  1.69619900E-02  1.64159000E-04
2002-01-01T19:47:58.674  1.08380000E-05  1.82947540E-02  1.42472600E-03
2002-01-01T19:47:59.670 -1.66241300E-03  1.74628050E-02  3.50815000E-04
2002-01-01T19:48:00.670  5.68820000E-05  1.89443210E-02  1.63613400E-03
2002-01-01T19:48:01.678 -4.39285000E-04  1.92118450E-02 -3.46469000E-04
2002-01-01T19:48:02.670  3.09332000E-04  1.90270250E-02  3.04805000E-04
2002-01-01T19:48:03.670  1.91271000E-04  1.97714360E-02  1.20630700E-03
2002-01-01T19:48:04.678 -3.71170000E-04  2.02860780E-02  3.60504000E-04
2002-01-01T19:48:05.670 -1.25089400E-03  2.09367440E-02 -5.57764000E-04
2002-01-01T19:48:06.674 -7.38783000E-04  2.07903630E-02  3.34676000E-04
2002-01-01T19:48:07.670  6.09604000E-04  2.32754540E-02  4.28798000E-04
2002-01-01T19:48:08.674 -9.62734000E-04  2.12942100E-02  1.15291400E-03
2002-01-01T19:48:09.674  1.88686000E-04  2.34203020E-02 -3.49751000E-04
2002-01-01T19:48:10.670 -7.47013000E-04  2.14698650E-02  5.34615000E-04
2002-01-01T19:48:11.678 -8.62031000E-04  2.22681540E-02  1.12216400E-03
2002-01-01T19:48:12.670 -6.08735000E-04  2.18959000E-02  1.77280000E-04
2002-01-01T19:48:13.670 -7.13896000E-04  2.15466750E-02  5.91993000E-04
2002-01-01T19:48:14.670  4.99590000E-05  2.24935620E-02  2.33573000E-04
2002-01-01T19:48:15.670 -8.59503000E-04  2.13655420E-02  5.65583000E-04
2002-01-01T19:48:16.678 -3.92410000E-04  2.03817690E-02  7.25460000E-05
2002-01-01T19:48:17.670 -2.78951000E-04  2.15782990E-02  8.66490000E-04
2002-01-01T19:48:18.674 -1.00970000E-03  2.08467510E-02  2.83490000E-04
2002-01-01T19:48:19.670  6.38908000E-04  2.19774120E-02  7.53767000E-04
2002-01-01T19:48:20.678 -5.48461000E-04  2.06381720E-02  1.10738900E-03
2002-01-01T19:48:21.674 -9.36219000E-04  2.06313560E-02  2.26062000E-04
2002-01-01T19:48:22.670 -4.96148000E-04  2.00654640E-02 -6.16111000E-04
2002-01-01T19:48:23.670  8.30136000E-04  2.14557240E-02  2.05036000E-03
2002-01-01T19:48:24.670 -6.76796000E-04  2.12307760E-02  7.57583000E-04
2002-01-01T19:48:25.674 -1.21110200E-03  2.10227890E-02 -6.01189000E-04
2002-01-01T19:48:26.678  1.25258200E-03  2.21604090E-02  1.47321300E-03
2002-01-01T19:48:27.674 -9.59496000E-04  2.13887230E-02  6.91042000E-04
2002-01-01T19:48:28.674  1.43906300E-03  2.34199480E-02  8.07570000E-04
2002-01-01T19:48:29.670 -1.62282400E-03  2.21149250E-02  2.93447000E-04
2002-01-01T19:48:30.670 -5.29983000E-04  2.21070540E-02  1.10237700E-03
2002-01-01T19:48:31.674  6.34025000E-04  2.32186000E-02  1.32493600E-03
2002-01-01T19:48:32.670 -1.13619700E-03  2.24051890E-02  8.78000000E-04
2002-01-01T19:48:33.670 -1.51542500E-03  2.36055180E-02  1.43113700E-03
2002-01-01T19:48:34.670 -1.49313700E-03  2.34816520E-02  5.06585000E-04
2002-01-01T19:48:35.670 -1.06755400E-03  2.38704980E-02  3.73886000E-04
2002-01-01T19:48:36.686 -2.19175000E-03  2.34124230E-02  9.44586000E-04
2002-01-01T19:48:37.670  1.85522300E-03  2.58499510E-02  2.14582000E-04
2002-01-01T19:48:38.670  9.04000000E-07  2.61943120E-02  1.25651300E-03
2002-01-01T19:48:39.670 -1.40234700E-03  2.55568490E-02  1.16106000E-04
2002-01-01T19:48:40.670  1.13342000E-04  2.73903760E-02  5.29766000E-04
2002-01-01T19:48:41.678 -1.11145000E-03  2.58922450E-02  4.52763000E-04
2002-01-01T19:48:42.670 -3.01923000E-04  2.67530310E-02 -2.90135000E-04
2002-01-01T19:48:43.670  3.70882000E-04  2.70377920E-02  8.40398000E-04
2002-01-01T19:48:44.670 -2.15002000E-04  2.62634880E-02 -3.32834000E-04
2002-01-01T19:48:45.670 -1.73761500E-03  2.46429670E-02  1.10928200E-03
2002-01-01T19:48:46.678  5.86138000E-04  2.64449380E-02  9.86750000E-04
2002-01-01T19:48:47.670  1.04980000E-05  2.60695410E-02  8.18476000E-04
2002-01-01T19:48:48.670 -6.53582000E-04  2.46428750E-02  8.54061000E-04
2002-01-01T19:48:49.670 -6.33968000E-04  2.39955930E-02 -3.23511000E-04
2002-01-01T19:48:50.670 -1.36275600E-03  2.37644910E-02  9.53682000E-04
2002-01-01T19:48:51.674 -1.36108800E-03  2.36788500E-02  4.41378000E-04
2002-01-01T19:48:52.678 -6.25145000E-04  2.26650950E-02  4.62560000E-04
2002-01-01T19:48:53.670 -1.52060300E-03  2.37382910E-02  3.25723000E-04
2002-01-01T19:48:54.670 -6.71926000E-04  2.31702250E-02  4.15777000E-04
2002-01-01T19:48:55.670 -1.10610100E-03  2.36489100E-02  2.43377000E-04
2002-01-01T19:48:56.678 -1.53439000E-04  2.34727880E-02 -6.18600000E-05
2002-01-01T19:48:57.674  7.91552000E-04  2.32358650E-02  4.79506000E-04
2002-01-01T19:48:58.674 -1.17045400E-03  2.19455860E-02  5.69061000E-04
2002-01-01T19:48:59.670 -7.64487000E-04  2.35611540E-02 -5.39930000E-05
2002-01-01T19:49:00.674 -1.25963400E-03  2.41120400E-02  3.12407000E-04
2002-01-01T19:49:01.674 -1.05118800E-03  2.38356390E-02  3.75587000E-04
2002-01-01T19:49:02.670  3.01309000E-04  2.52819140E-02 -3.29255000E-04
2002-01-01T19:49:03.670  6.11183000E-04  2.55161260E-02  8.46977000E-04
2002-01-01T19:49:04.670 -1.05540200E-03  2.59682500E-02  3.77990000E-05
2002-01-01T19:49:05.670  1.08865500E-03  2.79614250E-02  1.11761000E-03
2002-01-01T19:49:06.678 -1.40746600E-03  2.65240500E-02  6.86338000E-04
2002-01-01T19:49:07.670 -2.23853000E-04  2.79616100E-02 -3.41889000E-04
2002-01-01T19:49:08.678  5.48373000E-04  2.86399610E-02  4.83327000E-04
2002-01-01T19:49:09.670  8.41699000E-04  2.94882660E-02  1.63436000E-04
2002-01-01T19:49:10.670 -9.51319000E-04  2.95313450E-02  8.57842000E-04
2002-01-01T19:49:11.678 -7.26950000E-04  3.01093850E-02 -3.93294000E-04
2002-01-01T19:49:12.670 -1.27899800E-03  3.08658240E-02  1.52606400E-03
2002-01-01T19:49:13.674  4.67693000E-04  3.06642740E-02  4.00823000E-04
2002-01-01T19:49:14.670 -6.06747000E-04  3.04649770E-02  4.25230000E-05
2002-01-01T19:49:15.670 -1.58189300E-03  2.90656650E-02  1.05604500E-03
2002-01-01T19:49:16.678  4.22977000E-04  3.06659600E-02  3.31970000E-04
2002-01-01T19:49:17.670  3.94029000E-04  2.97084300E-02 -1.19680000E-05
2002-01-01T19:49:18.674 -6.90653000E-04  2.90350150E-02  8.01124000E-04
2002-01-01T19:49:19.670 -9.54392000E-04  2.94028260E-02  5.18080000E-05
2002-01-01T19:49:20.670 -7.45941000E-04  3.10247520E-02  2.68245000E-04
2002-01-01T19:49:21.674 -5.39483000E-04  3.06247850E-02  1.18617600E-03
2002-01-01T19:49:22.674 -8.44755000E-04  3.09671410E-02  4.41662000E-04
2002-01-01T19:49:23.670 -1.17710000E-05  3.06596270E-02  1.22595600E-03
2002-01-01T19:49:24.678 -2.22623500E-03  3.08275910E-02  1.73682700E-03
2002-01-01T19:49:25.670 -1.13293300E-03  3.17127030E-02  4.18850000E-04
2002-01-01T19:49:26.678  2.26719000E-04  3.26148310E-02  1.22547000E-04
2002-01-01T19:49:27.670 -1.83788000E-04  3.15984080E-02 -1.30859000E-04
2002-01-01T19:49:28.674 -1.52182100E-03  3.09746100E-02  1.27206700E-03
2002-01-01T19:49:29.674 -1.63885000E-04  3.14030610E-02  8.97270000E-04
2002-01-01T19:49:30.670 -5.37420000E-05  3.29738110E-02  1.17435000E-04
2002-01-01T19:49:31.678 -3.57122000E-04  3.37414330E-02  1.04765200E-03
2002-01-01T19:49:32.670 -3.88710000E-05  3.36502830E-02  8.20720000E-05
2002-01-01T19:49:33.670  4.67514000E-04  3.29023790E-02  1.39865900E-03
2002-01-01T19:49:34.670  4.23932000E-04  3.31473280E-02  5.38198000E-04
2002-01-01T19:49:35.670 -2.43954000E-04  3.31421490E-02 -7.17520000E-04
2002-01-01T19:49:36.678 -1.08222000E-04  3.33804670E-02  1.12010600E-03
2002-01-01T19:49:37.670 -7.68618000E-04  3.29783260E-02  2.20434000E-04
2002-01-01T19:49:38.674 -1.14439600E-03  3.24430880E-02 -4.10583000E-04
2002-01-01T19:49:39.670 -1.21489400E-03  3.21409400E-02  1.28188800E-03
2002-01-01T19:49:40.678 -1.57797100E-03  3.23393010E-02 -6.72002000E-04
2002-01-01T19:49:41.674 -1.13355300E-03  3.20650450E-02  1.12102800E-03
2002-01-01T19:49:42.670 -6.39081000E-04  3.29831430E-02 -8.79029000E-04
2002-01-01T19:49:43.670 -1.01328000E-04  3.27329860E-02  3.72372000E-04
2002-01-01T19:49:44.674  6.31291000E-04  3.32960410E-02  1.27489100E-03
2002-01-01T19:49:45.674  2.41349000E-04  3.31164300E-02 -3.20510000E-04
2002-01-01T19:49:46.678 -1.66440900E-03  3.01422160E-02  2.00942700E-03
2002-01-01T19:49:47.670 -2.90130000E-05  3.10200960E-02  4.12208000E-04
2002-01-01T19:49:48.670 -6.16712000E-04  2.89128240E-02  5.66770000E-04
2002-01-01T19:49:49.670 -2.84974000E-04  3.04827520E-02  1.25440000E-03
2002-01-01T19:49:50.670 -1.38891700E-03  3.06772790E-02  1.45395000E-04
2002-01-01T19:49:51.674 -8.39242000E-04  2.86181400E-02  1.46781100E-03
2002-01-01T19:49:52.670  2.71171000E-04  3.08076960E-02  1.08994500E-03
2002-01-01T19:49:53.670 -1.19817200E-03  2.95728220E-02 -5.29519000E-04
2002-01-01T19:49:54.670 -1.90938700E-03  2.80907920E-02  1.77002400E-03
2002-01-01T19:49:55.670  6.69638000E-04  3.00457350E-02 -2.63470000E-04
2002-01-01T19:49:56.686  1.80602000E-04  2.96981870E-02  8.10256000E-04
2002-01-01T19:49:57.670  5.09913000E-04  2.98645890E-02  2.25649000E-04
2002-01-01T19:49:58.670 -4.98690000E-05  2.95152110E-02  8.33650000E-05
2002-01-01T19:49:59.670 -1.29619900E-03  2.87970490E-02  8.73698000E-04
2002-01-01T19:50:00.670  4.92800000E-05  2.99968530E-02 -8.73381000E-04
2002-01-01T19:50:01.678  1.09489000E-04  3.02628650E-02  1.39858600E-03
2002-01-01T19:50:02.670 -1.46422100E-03  2.89904490E-02  4.49092000E-04
2002-01-01T19:50:03.670 -6.59573000E-04  2.87735240E-02  3.49861000E-04
2002-01-01T19:50:04.670 -1.87863900E-03  2.82367990E-02  2.88723000E-04
2002-01-01T19:50:05.670  1.77133000E-04  2.99738140E-02  2.50277000E-04
2002-01-01T19:50:06.682  1.34138500E-03  2.93530020E-02 -6.76220000E-05
2002-01-01T19:50:07.670  4.59061000E-04  2.94601560E-02  1.03258000E-04
2002-01-01T19:50:08.670 -1.20434800E-03  2.98055340E-02  1.13574700E-03
2002-01-01T19:50:09.670  8.13803000E-04  3.17743830E-02  2.84470000E-05
2002-01-01T19:50:10.670 -1.10602000E-03  2.98724660E-02 -8.63292000E-04
2002-01-01T19:50:11.674 -1.33068400E-03  2.88077410E-02  3.63291000E-04
2002-01-01T19:50:12.678  6.15610000E-05  3.07991520E-02 -1.49953000E-04
2002-01-01T19:50:13.670 -7.61090000E-04  2.99323130E-02 -8.27380000E-04
2002-01-01T19:50:14.670  2.33884000E-04  3.03045810E-02  1.14618400E-03
2002-01-01T19:50:15.670 -1.60049000E-04  2.94680890E-02 -5.62058000E-04
2002-01-01T19:50:16.682 -7.81843000E-04  2.84156150E-02  1.52694400E-03
2002-01-01T19:50:17.674 -1.41770100E-03  2.86155440E-02  7.70641000E-04
2002-01-01T19:50:18.674 -7.47738000E-04  2.77881940E-02  5.40456000E-04
2002-01-01T19:50:19.670 -8.15666000E-04  2.80907450E-02  7.01315000E-04
2002-01-01T19:50:20.670 -2.24851000E-04  2.85676680E-02  6.15440000E-05
2002-01-01T19:50:21.674  9.08640000E-04  2.86989920E-02  5.59103000E-04
2002-01-01T19:50:22.670 -1.40231600E-03  2.65471040E-02  1.29417700E-03
2002-01-01T19:50:23.670 -1.78768000E-03  2.66433790E-02 -1.53218000E-04
2002-01-01T19:50:24.670 -3.69020000E-05  2.70529170E-02  5.33509000E-04
2002-01-01T19:50:25.670 -1.08090600E-03  2.56973540E-02 -5.98498000E-04
2002-01-01T19:50:26.678  5.33850000E-05  2.66937760E-02  6.93880000E-04
2002-01-01T19:50:27.670 -1.50131600E-03  2.54446510E-02  6.33713000E-04
2002-01-01T19:50:28.678 -2.59940000E-04  2.56138800E-02 -6.09953000E-04
2002-01-01T19:50:29.670  8.60966000E-04  2.56200860E-02  2.01150000E-05
2002-01-01T19:50:30.670 -1.78541000E-03  2.33047250E-02 -2.25070000E-05
2002-01-01T19:50:31.678 -1.35691600E-03  2.27810850E-02  7.61890000E-05
2002-01-01T19:50:32.670 -3.34503000E-04  2.19642220E-02  1.40875300E-03
2002-01-01T19:50:33.674 -1.21766000E-04  2.37280070E-02 -2.50725000E-04
2002-01-01T19:50:34.670 -1.74016700E-03  2.20462380E-02  5.47255000E-04
2002-01-01T19:50:35.670 -7.77360000E-05  2.24704630E-02 -2.03087000E-04
2002-01-01T19:50:36.678 -7.91869000E-04  2.07811760E-02  3.13550000E-04
2002-01-01T19:50:37.670  3.19590000E-05  2.16552450E-02  1.49553700E-03
2002-01-01T19:50:38.674  2.95481000E-04  2.04669670E-02  3.61793000E-04
2002-01-01T19:50:39.670  8.58230000E-05  1.90382840E-02  1.30315100E-03
2002-01-01T19:50:40.670 -6.06317000E-04  1.79491880E-02  1.25790000E-05
2002-01-01T19:50:41.674  1.54642000E-04  1.88351910E-02 -2.90355000E-04
2002-01-01T19:50:42.670  7.38120000E-05  1.88421810E-02  1.17785600E-03
2002-01-01T19:50:43.670 -1.54858900E-03  1.66744810E-02 -6.90002000E-04
2002-01-01T19:50:44.678 -4.26606000E-04  1.82280650E-02  5.83440000E-04
2002-01-01T19:50:45.670  4.60871000E-04  1.87631580E-02  8.85412000E-04
2002-01-01T19:50:46.674 -1.00194000E-03  1.80070680E-02 -7.77650000E-05
2002-01-01T19:50:47.670 -7.28981000E-04  1.77536530E-02  9.56610000E-05
2002-01-01T19:50:48.674  1.00794900E-03  1.80139820E-02  2.61297000E-04
2002-01-01T19:50:49.674 -1.48225800E-03  1.71761830E-02  4.03777000E-04
2002-01-01T19:50:50.670  2.48801000E-04  1.73565340E-02  7.76033000E-04
2002-01-01T19:50:51.678 -6.59238000E-04  1.68961450E-02 -8.13702000E-04
2002-01-01T19:50:52.670  4.56660000E-05  1.79515220E-02  7.09956000E-04
2002-01-01T19:50:53.670 -8.51527000E-04  1.76781840E-02  1.01497300E-03
2002-01-01T19:50:54.670  6.27134000E-04  1.84157700E-02 -1.46844000E-04
2002-01-01T19:50:55.670 -1.13474400E-03  1.63970090E-02  6.31845000E-04
2002-01-01T19:50:56.678  4.47963000E-04  1.83779860E-02 -6.22155000E-04
2002-01-01T19:50:57.670 -9.05185000E-04  1.72978880E-02  7.86072000E-04
2002-01-01T19:50:58.674  4.60145000E-04  1.76880900E-02  6.84820000E-04
2002-01-01T19:50:59.670 -1.97637000E-04  1.71398000E-02 -2.13920000E-04
2002-01-01T19:51:00.678 -1.82685900E-03  1.60901880E-02  1.37393500E-03
2002-01-01T19:51:01.678  3.71394000E-04  1.75915380E-02  3.85034000E-04
2002-01-01T19:51:02.670 -6.47864000E-04  1.65922570E-02 -1.64129000E-04
2002-01-01T19:51:03.670  7.40564000E-04  1.75526480E-02  9.76065000E-04
2002-01-01T19:51:04.670 -2.19214000E-04  1.69432850E-02 -4.68606000E-04
2002-01-01T19:51:05.674 -9.04942000E-04  1.57352240E-02  4.95390000E-04
2002-01-01T19:51:06.682 -1.18782400E-03  1.58898790E-02  2.90358000E-04
2002-01-01T19:51:07.670  2.39043000E-04  1.70108250E-02 -1.81012000E-04
2002-01-01T19:51:08.670  1.31927000E-04  1.72734130E-02  1.24767100E-03
2002-01-01T19:51:09.670 -3.88591000E-04  1.56815070E-02  4.86408000E-04
2002-01-01T19:51:10.670 -1.57187800E-03  1.44513260E-02  3.38002000E-04
2002-01-01T19:51:11.674  2.71800000E-04  1.65470580E-02  3.70491000E-04
2002-01-01T19:51:12.670  9.56521000E-04  1.66656300E-02 -5.97785000E-04
2002-01-01T19:51:13.670  5.83023000E-04  1.62770710E-02  1.40204900E-03
2002-01-01T19:51:14.670 -7.69030000E-05  1.64931570E-02  6.58692000E-04
2002-01-01T19:51:15.670  1.17771900E-03  1.54732980E-02  4.80576000E-04
2002-01-01T19:51:16.682  5.84477000E-04  1.57601070E-02  5.84487000E-04
2002-01-01T19:51:17.670 -2.06508000E-04  1.45937600E-02 -2.18562000E-04
2002-01-01T19:51:18.670 -1.59926000E-04  1.31780540E-02 -6.78431000E-04
2002-01-01T19:51:19.670  7.87616000E-04  1.38916390E-02  4.24236000E-04
2002-01-01T19:51:20.670  3.47179000E-04  1.29367090E-02  6.02646000E-04
2002-01-01T19:51:21.678 -9.20900000E-06  1.20201620E-02  1.32291400E-03
2002-01-01T19:51:22.670  2.75107000E-04  1.10303200E-02 -1.52546000E-04
2002-01-01T19:51:23.670  1.15412400E-03  1.09549430E-02 -4.89939000E-04
2002-01-01T19:51:24.670 -6.62640000E-04  9.59755100E-03  2.46100000E-05
2002-01-01T19:51:25.670 -7.38677000E-04  8.76737100E-03  4.33378000E-04
2002-01-01T19:51:26.678  1.20195200E-03  9.50270100E-03  4.40766000E-04
2002-01-01T19:51:27.670 -1.03582500E-03  8.09987200E-03  3.26722000E-04
2002-01-01T19:51:28.670  1.32535000E-03  9.50704300E-03 -4.57785000E-04
2002-01-01T19:51:29.670  2.44343000E-04  7.85851400E-03 -3.02687000E-04
2002-01-01T19:51:30.670 -6.66893000E-04  7.26619500E-03  5.89516000E-04
2002-01-01T19:51:31.674 -1.43284500E-03  7.04616600E-03 -6.35449000E-04
2002-01-01T19:51:32.678 -3.11960000E-04  7.11716200E-03  5.84145000E-04
2002-01-01T19:51:33.670  9.78753000E-04  8.32644300E-03 -7.23480000E-05
2002-01-01T19:51:34.670  3.11360000E-05  7.40093000E-03 -6.91484000E-04
2002-01-01T19:51:35.670 -1.31937000E-03  6.45832500E-03  1.98474000E-04
2002-01-01T19:51:36.678 -1.45672100E-03  6.92288200E-03 -1.76192000E-04
2002-01-01T19:51:37.674  8.36493000E-04  8.86015700E-03  4.35391000E-04
2002-01-01T19:51:38.674  2.52844000E-04  7.98168100E-03  5.87260000E-05
2002-01-01T19:51:39.670  9.44502000E-04  7.54538800E-03  6.18141000E-04
2002-01-01T19:51:40.670  6.24766000E-04  7.29419100E-03 -2.35693000E-04
2002-01-01T19:51:41.674 -7.40425000E-04  7.41831000E-03 -5.15726000E-04
2002-01-01T19:51:42.670 -1.66353600E-03  6.83983900E-03 -3.04303000E-04
2002-01-01T19:51:43.670 -4.74361000E-04  5.44015100E-03  6.85565000E-04
2002-01-01T19:51:44.670  4.50871000E-04  5.59217900E-03  3.78725000E-04
2002-01-01T19:51:45.670  3.72203000E-04  7.28143600E-03  4.95324000E-04
2002-01-01T19:51:46.678  2.69060000E-05  5.30569000E-03  8.19780000E-05
2002-01-01T19:51:47.670 -1.31844000E-03  5.82409300E-03 -3.72448000E-04
2002-01-01T19:51:48.678 -1.43465200E-03  4.91179500E-03  2.19065000E-04
2002-01-01T19:51:49.670 -1.12964700E-03  5.38219600E-03 -1.15997000E-04
2002-01-01T19:51:50.670 -2.57930000E-05  5.01950700E-03 -6.17067000E-04
2002-01-01T19:51:51.678  1.83268000E-04  6.20281000E-03 -6.15101000E-04
2002-01-01T19:51:52.670  7.36185000E-04  6.51672900E-03  4.78214000E-04
2002-01-01T19:51:53.674  9.96345000E-04  5.75006400E-03  3.11847000E-04
2002-01-01T19:51:54.670 -7.99153000E-04  4.89265900E-03  4.89170000E-05
2002-01-01T19:51:55.670 -5.77650000E-05  5.40437400E-03 -1.72682000E-04
2002-01-01T19:51:56.682  4.86488000E-04  5.38121000E-03  5.18701000E-04
2002-01-01T19:51:57.670 -1.22655100E-03  3.86355800E-03 -4.54220000E-05
2002-01-01T19:51:58.674  6.85429000E-04  5.09581900E-03  5.27719000E-04
2002-01-01T19:51:59.670  1.59373000E-04  4.53327900E-03 -7.58591000E-04
2002-01-01T19:52:00.670  1.71340900E-03  3.94609300E-03  5.87995000E-04
2002-01-01T19:52:01.674 -4.86879000E-04  3.72025600E-03  6.61070000E-05
2002-01-01T19:52:02.670 -5.62178000E-04  3.52001000E-03 -4.62589000E-04
2002-01-01T19:52:03.670 -2.90248000E-04  5.08515700E-03  2.76734000E-04
2002-01-01T19:52:04.678 -8.35455000E-04  2.58724300E-03  4.90878000E-04
2002-01-01T19:52:05.670  9.72094000E-04  4.25916000E-03  1.31804000E-04
2002-01-01T19:52:06.674  4.60296000E-04  3.52932000E-03  1.79934000E-04
2002-01-01T19:52:07.670 -8.33354000E-04  3.26938400E-03 -3.17211000E-04
2002-01-01T19:52:08.674  3.54209000E-04  4.61515300E-03 -1.79313000E-04
2002-01-01T19:52:09.674  1.69468000E-04  3.90536900E-03  5.25286000E-04
2002-01-01T19:52:10.670 -2.48611000E-04  2.05030900E-03 -6.78409000E-04
2002-01-01T19:52:11.678 -6.89362000E-04  2.85220200E-03 -1.51340000E-05
2002-01-01T19:52:12.670  5.54423000E-04  4.18348200E-03 -1.62276000E-04
2002-01-01T19:52:13.670  1.06833200E-03  2.99953600E-03 -1.02463100E-03
2002-01-01T19:52:14.670 -5.56350000E-05  3.50243000E-03  1.53561100E-03
2002-01-01T19:52:15.670  3.68753000E-04  1.45353600E-03 -7.73160000E-05
2002-01-01T19:52:16.678 -1.03796000E-03  2.49093500E-03  5.73997000E-04
2002-01-01T19:52:17.670 -2.22447000E-04  1.15106800E-03  4.66562000E-04
2002-01-01T19:52:18.670 -9.53088000E-04  2.08959100E-03 -5.12710000E-04
2002-01-01T19:52:19.670 -1.30290100E-03  1.27240900E-03  3.97475000E-04
2002-01-01T19:52:20.678 -1.00598900E-03  1.59846200E-03  4.23572000E-04
2002-01-01T19:52:21.674 -1.63954200E-03  1.73927300E-03 -6.10523000E-04
2002-01-01T19:52:22.670 -7.01209000E-04  7.71568000E-04  1.26669900E-03
2002-01-01T19:52:23.670 -1.40968300E-03  1.72549800E-03 -9.20240000E-05
2002-01-01T19:52:24.670 -9.18189000E-04  1.08079600E-03  1.70415000E-04
2002-01-01T19:52:25.674 -6.41950000E-04  8.68110000E-04  7.71690000E-05
2002-01-01T19:52:26.678 -7.40078000E-04  2.16067300E-03 -6.73450000E-04
2002-01-01T19:52:27.670  2.74437000E-04  1.88430300E-03  9.77808000E-04
2002-01-01T19:52:28.670  9.81548000E-04  1.55254300E-03  5.37098000E-04
2002-01-01T19:52:29.670  1.61502500E-03  2.33016500E-03 -1.07761000E-03
2002-01-01T19:52:30.670 -1.58758000E-04  1.91460700E-03  1.10914600E-03
2002-01-01T19:52:31.674 -7.31288000E-04  1.72601200E-03 -5.07590000E-04
2002-01-01T19:52:32.670 -8.89037000E-04  1.81778000E-04  8.21329000E-04
2002-01-01T19:52:33.670 -1.13135000E-04  2.82647000E-04  2.53470000E-04
2002-01-01T19:52:34.670 -9.14400000E-06  1.48135900E-03 -1.02923500E-03
2002-01-01T19:52:35.670  1.49069000E-04  2.81424500E-03  1.18167000E-03
2002-01-01T19:52:36.682  3.04995000E-04  2.29955300E-03  1.57320000E-04
2002-01-01T19:52:37.670 -5.08800000E-05  6.37537000E-04 -3.32862000E-04
2002-01-01T19:52:38.670 -8.72168000E-04 -2.29070000E-04  2.72721000E-04
2002-01-01T19:52:39.670 -9.04215000E-04  7.78488000E-04 -3.42676000E-04
2002-01-01T19:52:40.670  2.73520000E-05  2.00479000E-03 -7.36840000E-05
2002-01-01T19:52:41.678  2.10291000E-04  2.40640700E-03  4.92434000E-04
2002-01-01T19:52:42.670 -6.41878000E-04  1.31499500E-03 -2.55389000E-04
2002-01-01T19:52:43.670 -3.58043000E-04 -2.92770000E-05  5.34178000E-04
2002-01-01T19:52:44.670  3.72743000E-04  1.64918000E-04 -1.75002000E-04
2002-01-01T19:52:45.670  6.90451000E-04  1.75896500E-03 -1.24700000E-04
2002-01-01T19:52:46.682  1.04211100E-03  1.21132600E-03  7.70350000E-05
2002-01-01T19:52:47.670 -9.54116000E-04  1.19600000E-03 -1.91916000E-04
2002-01-01T19:52:48.670 -1.08092400E-03  7.56714000E-04  6.74092000E-04
2002-01-01T19:52:49.670 -3.75120000E-04  1.72644900E-03  2.08580000E-04
2002-01-01T19:52:50.670  7.13751000E-04  1.89360900E-03 -4.13308000E-04
2002-01-01T19:52:51.674  2.12608000E-04  6.30355000E-04  8.26454000E-04
2002-01-01T19:52:52.678 -6.14817000E-04 -6.19190000E-05 -1.99602000E-04
2002-01-01T19:52:53.670  4.89322000E-04  6.97551000E-04 -1.11645000E-04
2002-01-01T19:52:54.670  9.24144000E-04  1.78934700E-03  9.44432000E-04
2002-01-01T19:52:55.670 -1.14954000E-04  8.41743000E-04 -4.04193000E-04
2002-01-01T19:52:56.678 -1.19578000E-03  5.22272000E-04 -3.50695000E-04
2002-01-01T19:52:57.674 -4.51748000E-04  1.82379100E-03  1.03612900E-03
2002-01-01T19:52:58.674  6.34799000E-04  2.10826700E-03 -2.72702000E-04
2002-01-01T19:52:59.670 -8.77406000E-04  1.11579700E-03  4.92888000E-04
2002-01-01T19:53:00.670 -8.42060000E-04  4.68508000E-04  2.14026000E-04
2002-01-01T19:53:01.674  4.51798000E-04  1.18273600E-03  4.39346000E-04
2002-01-01T19:53:02.670  4.92883000E-04 -1.38120000E-05  3.19245000E-04
2002-01-01T19:53:03.670 -5.68910000E-05 -3.25463000E-04  2.84880000E-04
2002-01-01T19:53:04.670  3.93320000E-05  7.21512000E-04 -9.47000000E-06
2002-01-01T19:53:05.670  1.23796400E-03  1.44188100E-03  4.36217000E-04
2002-01-01T19:53:06.678 -4.71270000E-04 -2.43695000E-04 -7.56194000E-04
2002-01-01T19:53:07.670 -6.64603000E-04  6.41412000E-04 -1.06238000E-04
2002-01-01T19:53:08.678  4.69984000E-04  1.97870500E-03  5.94888000E-04
2002-01-01T19:53:09.670 -1.43990000E-05  1.32271900E-03 -6.03250000E-04
2002-01-01T19:53:10.670 -1.34095600E-03  5.27464000E-04  2.18776000E-04
2002-01-01T19:53:11.674 -5.76760000E-05  2.01480400E-03 -6.45153000E-04
2002-01-01T19:53:12.670  1.66034000E-04  1.85663900E-03  5.18487000E-04
2002-01-01T19:53:13.674 -1.13758900E-03  1.50754000E-04  6.19856000E-04
2002-01-01T19:53:14.670  2.17762000E-04  1.91806700E-03 -1.53007000E-04
2002-01-01T19:53:15.670 -1.85340000E-05  1.54433700E-03  4.44270000E-05
2002-01-01T19:53:16.678 -1.13518200E-03  3.80618000E-04  7.88247000E-04
2002-01-01T19:53:17.670  6.10101000E-04  1.78610000E-03  2.70336000E-04
2002-01-01T19:53:18.674 -1.85579300E-03  6.65704000E-04  5.14684000E-04
2002-01-01T19:53:19.670 -2.12436000E-04  1.02619900E-03  5.53870000E-05
2002-01-01T19:53:20.670  5.66380000E-05  1.74726900E-03 -3.48130000E-04
2002-01-01T19:53:21.674 -1.19856500E-03 -8.99760000E-05  6.02432000E-04
2002-01-01T19:53:22.670  1.44890000E-04  1.78717300E-03 -4.96080000E-04
2002-01-01T19:53:23.670 -8.87650000E-05  1.23320100E-03  5.28559000E-04
2002-01-01T19:53:24.678 -6.58864000E-04  4.54508000E-04  3.81896000E-04
2002-01-01T19:53:25.670  6.34424000E-04  1.07235000E-03 -6.11581000E-04
2002-01-01T19:53:26.674 -1.74937100E-03 -6.15677000E-04  1.14216100E-03
2002-01-01T19:53:27.670  5.47317000E-04  3.87589000E-04 -4.32518000E-04
2002-01-01T19:53:28.670  3.46727000E-04  9.83668000E-04  7.79757000E-04
2002-01-01T19:53:29.670 -5.89037000E-04 -5.48411000E-04  6.53633000E-04
2002-01-01T19:53:30.670  1.42343300E-03  3.27407000E-04 -6.27793000E-04
2002-01-01T19:53:31.678 -2.35339000E-04 -6.05627000E-04  6.66291000E-04
2002-01-01T19:53:32.670  5.05724000E-04  1.35443000E-04  4.06921000E-04
2002-01-01T19:53:33.670  8.49507000E-04  9.18212000E-04 -9.01431000E-04
2002-01-01T19:53:34.670 -9.77679000E-04  2.47560000E-05  3.91093000E-04
2002-01-01T19:53:35.670  5.31525000E-04  1.03875300E-03  1.68134000E-04
2002-01-01T19:53:36.681 -1.44101600E-03  2.88960000E-05 -3.17999000E-04
2002-01-01T19:53:37.670  1.48055000E-04  1.11416800E-03  1.28110500E-03
2002-01-01T19:53:38.670 -4.93865000E-04  9.93566000E-04 -1.34855000E-04
2002-01-01T19:53:39.666 -6.33131000E-04  3.50627000E-04 -3.84929000E-04
2002-01-01T19:53:40.678  7.53286000E-04  9.78688000E-04 -4.70240000E-05
2002-01-01T19:53:41.674 -1.28260000E-04 -3.77495000E-04 -7.79677000E-04
2002-01-01T19:53:42.670  8.87259000E-04  4.51444000E-04  1.44894000E-04
2002-01-01T19:53:43.670  9.03900000E-06 -6.05858000E-04  9.15860000E-04
2002-01-01T19:53:44.670  9.68542000E-04 -3.98495000E-04 -1.20245000E-04
2002-01-01T19:53:45.670  7.83841000E-04 -1.44945000E-04  7.94259000E-04
2002-01-01T19:53:46.678 -1.93223000E-04 -5.08520000E-04  8.53132000E-04
2002-01-01T19:53:47.670  9.42144000E-04  1.04051600E-03  2.97020000E-05
2002-01-01T19:53:48.670 -1.37792500E-03 -3.11791000E-04  7.76101000E-04
2002-01-01T19:53:49.666  2.86699000E-04  1.76632900E-03 -3.17136000E-04
2002-01-01T19:53:50.670 -9.99189000E-04  4.91643000E-04  6.03720000E-04
2002-01-01T19:53:51.674 -6.50958000E-04  1.25379300E-03  8.70363000E-04
2002-01-01T19:53:52.670 -1.72046000E-04  5.11286000E-04  5.93450000E-05
2002-01-01T19:53:53.670 -1.09714300E-03  2.44624000E-04  5.88000000E-06
2002-01-01T19:53:54.670  1.44081300E-03  8.14456000E-04 -2.25023000E-04
2002-01-01T19:53:55.670 -3.67469000E-04 -6.10513000E-04 -7.52500000E-05
2002-01-01T19:53:56.681  8.22833000E-04  5.39143000E-04  7.60310000E-04
2002-01-01T19:53:57.670 -2.86189000E-04 -9.53526000E-04 -1.31362000E-04
2002-01-01T19:53:58.670  8.74640000E-05 -2.07480000E-04 -1.45150000E-05
2002-01-01T19:53:59.670  9.24055000E-04  1.05422600E-03 -3.09666000E-04
2002-01-01T19:54:00.670 -9.80050000E-04 -3.79465000E-04  4.78853000E-04
2002-01-01T19:54:01.678  7.40344000E-04  1.20218100E-03  9.51047000E-04
2002-01-01T19:54:02.670 -1.40344800E-03  2.39658000E-04 -3.47378000E-04
2002-01-01T19:54:03.670 -9.64980000E-05  1.51433800E-03 -1.13749200E-03
2002-01-01T19:54:04.670 -8.07980000E-04  1.02675000E-03  7.69897000E-04
2002-01-01T19:54:05.670 -4.02571000E-04  6.41044000E-04 -1.12390000E-04
2002-01-01T19:54:06.677  9.59106000E-04 -4.11720000E-05  5.87647000E-04
2002-01-01T19:54:07.666  7.69460000E-05 -8.22511000E-04  5.36831000E-04
2002-01-01T19:54:08.670  1.04661400E-03  1.33990800E-03 -1.11168300E-03
2002-01-01T19:54:09.670 -6.35462000E-04 -6.19758000E-04  9.60200000E-05
2002-01-01T19:54:10.670  4.62469000E-04  1.31527500E-03 -5.65068000E-04
2002-01-01T19:54:11.670 -9.38126000E-04  1.09440000E-04  2.13770000E-05
2002-01-01T19:54:12.677  2.43130000E-05  9.32372000E-04  6.93658000E-04
2002-01-01T19:54:13.666 -6.45458000E-04 -6.78432000E-04  2.46035000E-04
2002-01-01T19:54:14.670  1.61536000E-04  1.57802000E-04 -4.86110000E-05
2002-01-01T19:54:15.670  5.70361000E-04  3.37677000E-04  1.50651000E-04
2002-01-01T19:54:16.677  2.86895000E-04 -8.58757000E-04 -3.32524000E-04
2002-01-01T19:54:17.674  1.08799100E-03  7.93371000E-04  6.17629000E-04
2002-01-01T19:54:18.674 -5.33530000E-04 -5.68780000E-05 -1.94348000E-04
2002-01-01T19:54:19.670  2.26895000E-04  1.20961800E-03  3.34316000E-04
2002-01-01T19:54:20.670 -1.43039200E-03  1.21152000E-04  5.80177000E-04
2002-01-01T19:54:21.674  6.11479000E-04  1.54482900E-03  4.36524000E-04
2002-01-01T19:54:22.670 -9.09899000E-04 -1.02892800E-03  6.63472000E-04
2002-01-01T19:54:23.666  7.76637000E-04  6.94495000E-04  2.14068000E-04
2002-01-01T19:54:24.670  1.33584000E-04 -6.82289000E-04 -3.89784000E-04
2002-01-01T19:54:25.670  3.17074000E-04  5.03829000E-04  3.22546000E-04
2002-01-01T19:54:26.681 -3.85778000E-04  3.67880000E-05 -7.43873000E-04
2002-01-01T19:54:27.666 -8.33838000E-04  8.17223000E-04  1.09985900E-03
2002-01-01T19:54:28.677 -9.23754000E-04  1.39994000E-04  8.40150000E-04
2002-01-01T19:54:29.666 -5.45819000E-04  1.98011000E-04 -5.37971000E-04
2002-01-01T19:54:30.670  1.00203900E-03  2.11510000E-05  4.49227000E-04
2002-01-01T19:54:31.674  4.40540000E-05 -1.03037200E-03  5.83929000E-04
2002-01-01T19:54:32.670  7.80532000E-04  4.51520000E-04  2.27384000E-04
2002-01-01T19:54:33.674 -1.09773900E-03 -6.06035000E-04  9.51863000E-04
2002-01-01T19:54:34.670  4.73624000E-04  1.59074600E-03 -9.71560000E-05
2002-01-01T19:54:35.670 -1.41856400E-03 -4.40320000E-04 -2.14585000E-04
2002-01-01T19:54:36.677  8.21231000E-04  3.57342000E-04 -2.55797000E-04
2002-01-01T19:54:37.670 -6.62497000E-04 -9.55359000E-04  1.39068000E-04
2002-01-01T19:54:38.674  1.16386200E-03 -3.57484000E-04 -4.35160000E-05
2002-01-01T19:54:39.666 -2.63992000E-04 -2.79316000E-04 -2.77773000E-04
2002-01-01T19:54:40.670  1.39926000E-04  6.23044000E-04 -5.43790000E-04
2002-01-01T19:54:41.674 -3.24486000E-04  7.65412000E-04  1.23711400E-03
2002-01-01T19:54:42.670 -2.81759000E-04  9.45035000E-04  9.28240000E-05
2002-01-01T19:54:43.666 -2.65865000E-04 -7.29890000E-05  3.84456000E-04
2002-01-01T19:54:44.681  5.45936000E-04 -2.44492000E-04  4.23430000E-05
2002-01-01T19:54:45.670  7.59899000E-04 -2.27370000E-05 -1.86617000E-04
2002-01-01T19:54:46.674 -1.44564000E-04  4.53046000E-04  6.01625000E-04
2002-01-01T19:54:47.670 -4.91479000E-04  7.42880000E-04  1.13719200E-03
2002-01-01T19:54:48.670 -4.16727000E-04  3.41541000E-04 -2.87863000E-04
2002-01-01T19:54:49.670 -4.84382000E-04  5.33829000E-04 -8.08067000E-04
2002-01-01T19:54:50.670 -1.59878000E-04 -5.53719000E-04  8.25930000E-05
2002-01-01T19:54:51.677  4.24944000E-04 -3.84909000E-04 -6.32876000E-04
2002-01-01T19:54:52.670 -2.11423000E-04 -6.56973000E-04 -1.75174000E-04
2002-01-01T19:54:53.670 -2.34049000E-04  3.27109000E-04  7.01640000E-05
2002-01-01T19:54:54.670 -1.10388400E-03  1.50005000E-04 -8.30139000E-04
2002-01-01T19:54:55.670 -1.35948000E-04  7.08774000E-04  2.00968000E-04
2002-01-01T19:54:56.677 -3.78802000E-04 -5.58789000E-04 -4.31834000E-04
2002-01-01T19:54:57.670  8.24535000E-04  8.07100000E-06  4.41920000E-05
2002-01-01T19:54:58.670 -7.78044000E-04 -3.73047000E-04 -1.04373000E-04
2002-01-01T19:54:59.666  1.64355000E-04  6.58213000E-04  2.78576000E-04
2002-01-01T19:55:00.677 -1.11711100E-03 -8.81760000E-05  1.19920900E-03
2002-01-01T19:55:01.674  6.19480000E-04  6.13369000E-04  7.17459000E-04
2002-01-01T19:55:02.670 -5.93919000E-04 -1.04211100E-03 -3.52105000E-04
2002-01-01T19:55:03.670  1.49040700E-03  1.07991100E-03 -3.66560000E-04
2002-01-01T19:55:04.670 -7.90634000E-04 -7.96363000E-04  2.93136000E-04
2002-01-01T19:55:05.674  8.78437000E-04  1.32896000E-03 -5.77802000E-04
2002-01-01T19:55:06.677 -1.19437800E-03 -5.29331000E-04  3.10746000E-04
2002-01-01T19:55:07.670  1.09666800E-03  3.48375000E-04  2.93560000E-05
2002-01-01T19:55:08.670 -3.91084000E-04 -1.02326100E-03 -8.03410000E-04
2002-01-01T19:55:09.666  1.35942800E-03  2.64185000E-04  2.21703000E-04
2002-01-01T19:55:10.670 -7.89187000E-04 -6.41828000E-04  5.11475000E-04
2002-01-01T19:55:11.673  4.82176000E-04  1.80045300E-03  9.98310000E-05
2002-01-01T19:55:12.670 -1.04087200E-03 -1.28858400E-03  5.70227000E-04
2002-01-01T19:55:13.670  5.86782000E-04  1.04813300E-03 -8.29821000E-04
2002-01-01T19:55:14.670  3.78920000E-05 -1.24070700E-03  7.22623000E-04
2002-01-01T19:55:15.670  1.15994400E-03  5.51626000E-04  4.51083000E-04
2002-01-01T19:55:16.685 -9.27375000E-04 -6.95399000E-04 -7.01810000E-05
2002-01-01T19:55:17.666  1.66608000E-04  1.74256000E-03  2.90652000E-04
2002-01-01T19:55:18.670 -9.27627000E-04 -1.11270400E-03  3.58870000E-05
2002-01-01T19:55:19.666  1.39138700E-03  2.46253000E-04 -5.48950000E-05
2002-01-01T19:55:20.670 -3.38302000E-04 -1.29990800E-03  6.22866000E-04
2002-01-01T19:55:21.681  1.18356000E-03  8.32274000E-04 -3.26959000E-04
2002-01-01T19:55:22.670 -1.18415000E-03 -8.19900000E-04  2.83486000E-04
2002-01-01T19:55:23.670  4.18369000E-04  1.89638400E-03 -3.43583000E-04
2002-01-01T19:55:24.670 -8.13009000E-04 -6.59418000E-04 -5.26000000E-04
2002-01-01T19:55:25.670  7.07826000E-04  6.27148000E-04  1.59254000E-04
2002-01-01T19:55:26.677 -7.89080000E-05 -1.22150100E-03 -1.63733000E-04
2002-01-01T19:55:27.666  5.14261000E-04  5.36529000E-04 -4.28440000E-05
2002-01-01T19:55:28.670 -9.72129000E-04  2.26280000E-05  5.70310000E-05
2002-01-01T19:55:29.666  4.72560000E-04  1.63423300E-03 -3.55140000E-05
2002-01-01T19:55:30.670 -1.58664900E-03 -2.99145000E-04  7.00305000E-04
2002-01-01T19:55:31.670  9.40726000E-04  2.53564000E-04  2.98060000E-05
2002-01-01T19:55:32.677  4.40680000E-05 -9.98960000E-04 -3.30837000E-04
2002-01-01T19:55:33.666  7.86106000E-04  2.67124000E-04  1.01197000E-04
2002-01-01T19:55:34.666 -8.53368000E-04 -4.93109000E-04  3.17401000E-04
2002-01-01T19:55:35.670  4.32369000E-04  1.37174100E-03 -3.69646000E-04
2002-01-01T19:55:36.677 -8.97705000E-04 -3.07496000E-04  8.20881000E-04
2002-01-01T19:55:37.673  8.41780000E-04  9.30748000E-04 -4.49174000E-04
2002-01-01T19:55:38.673 -6.99478000E-04 -1.23707600E-03 -3.11460000E-05
2002-01-01T19:55:39.670  4.15276000E-04  6.23648000E-04  3.78869000E-04
2002-01-01T19:55:40.670 -1.15525000E-03 -8.96082000E-04  1.32140000E-04
2002-01-01T19:55:41.673 -9.02190000E-05  1.49468200E-03 -1.49951000E-04
2002-01-01T19:55:42.670 -1.43388100E-03 -1.10703000E-04  6.03179000E-04
2002-01-01T19:55:43.666 -3.50542000E-04  5.53752000E-04 -6.59220000E-04
2002-01-01T19:55:44.670 -6.92938000E-04 -1.00793800E-03  1.00640400E-03
2002-01-01T19:55:45.670  1.42702600E-03  8.70758000E-04  3.55282000E-04
2002-01-01T19:55:46.677 -6.82383000E-04 -8.92236000E-04 -5.81133000E-04
2002-01-01T19:55:47.666  3.93016000E-04  1.28315600E-03  1.08141000E-03
2002-01-01T19:55:48.677 -1.44619500E-03 -6.71450000E-05  3.39039000E-04
2002-01-01T19:55:49.666  3.46281000E-04  1.11275600E-03 -8.16825000E-04
2002-01-01T19:55:50.670 -6.24648000E-04 -1.84676900E-03  3.87382000E-04
2002-01-01T19:55:51.673  7.94441000E-04  6.90504000E-04  1.35174000E-04
2002-01-01T19:55:52.670 -8.13372000E-04 -9.21961000E-04  1.01153200E-03
2002-01-01T19:55:53.673  3.76725000E-04  1.29506400E-03  2.73639000E-04
2002-01-01T19:55:54.670 -8.63368000E-04 -6.87335000E-04  1.90791000E-04
2002-01-01T19:55:55.670  1.37583600E-03  4.37754000E-04  5.17300000E-06
2002-01-01T19:55:56.677 -8.95612000E-04 -1.10075900E-03 -7.96011000E-04
2002-01-01T19:55:57.670  8.00323000E-04 -1.71550000E-05 -7.21900000E-06
2002-01-01T19:55:58.670 -1.50942200E-03 -4.28594000E-04 -1.00217000E-04
2002-01-01T19:55:59.666  3.66893000E-04  1.19983700E-03 -3.53869000E-04
2002-01-01T19:56:00.670 -1.20191400E-03 -6.88327000E-04  1.00947300E-03
2002-01-01T19:56:01.673  6.91129000E-04  5.26045000E-04 -1.04257600E-03
2002-01-01T19:56:02.670 -6.84086000E-04 -9.55334000E-04 -2.87879000E-04
2002-01-01T19:56:03.666  7.80088000E-04  1.84114000E-04  3.27377000E-04
2002-01-01T19:56:04.677 -1.08857500E-03 -3.96783000E-04  2.51420000E-04
2002-01-01T19:56:05.670  3.70865000E-04  1.32273400E-03 -5.91313000E-04
2002-01-01T19:56:06.677 -9.37335000E-04 -2.00247000E-04  1.59353700E-03
2002-01-01T19:56:07.670  1.30491000E-03  3.80572000E-04 -1.24364500E-03
2002-01-01T19:56:08.670  7.49230000E-05 -8.83127000E-04  1.08550900E-03
2002-01-01T19:56:09.670  6.70138000E-04  4.51763000E-04  2.83300000E-05
2002-01-01T19:56:10.670 -8.27880000E-04 -6.77250000E-05 -1.50380700E-03
2002-01-01T19:56:11.677  3.10917000E-04  1.26470800E-03  3.20253000E-04
2002-01-01T19:56:12.670 -8.00607000E-04 -1.76856000E-04  2.78350000E-05
2002-01-01T19:56:13.670  1.70846600E-03  2.99346000E-04 -5.22211000E-04
2002-01-01T19:56:14.670 -5.18244000E-04 -8.88162000E-04  3.82233000E-04
2002-01-01T19:56:15.670  9.46732000E-04  6.18642000E-04 -8.75880000E-05
2002-01-01T19:56:16.677 -1.00849500E-03 -8.44530000E-05  1.49875000E-04
2002-01-01T19:56:17.670  3.38345000E-04  1.61413300E-03  2.41512000E-04
2002-01-01T19:56:18.670 -5.79727000E-04 -1.37131000E-04 -3.60297000E-04
2002-01-01T19:56:19.666  1.61114100E-03  4.33972000E-04 -2.62395000E-04
2002-01-01T19:56:20.677 -1.35193000E-04 -8.03578000E-04  2.28280000E-04
2002-01-01T19:56:21.673  4.10236000E-04  3.07220000E-04 -6.19124000E-04
2002-01-01T19:56:22.666 -1.06987500E-03 -2.64832000E-04  6.88892000E-04
2002-01-01T19:56:23.669  4.66314000E-04  9.33868000E-04 -9.46460000E-05
2002-01-01T19:56:24.669 -5.62040000E-04 -1.16712000E-04 -1.15776000E-04
2002-01-01T19:56:25.669  1.37466900E-03  4.87120000E-05 -7.65710000E-05
2002-01-01T19:56:26.677 -4.25340000E-05 -8.00400000E-04  2.30099000E-04
2002-01-01T19:56:27.669  4.27416000E-04  2.78940000E-05  1.59248000E-04
2002-01-01T19:56:28.669 -7.26213000E-04  4.24907400E-03  4.31000000E-03
2002-01-01T19:56:29.666 -3.57078100E-03  2.23648300E-03  8.98900000E-05
2002-01-01T19:56:30.669 -5.30121000E-04  2.66741500E-03 -5.75430900E-03
2002-01-01T19:56:31.673  1.96197400E-03 -3.74750700E-03  2.02288400E-03
2002-01-01T19:56:32.669  2.98428200E-03 -2.53273200E-03 -1.06996600E-03
2002-01-01T19:56:33.666 -2.36563400E-03 -3.23172300E-03 -1.80276100E-03
2002-01-01T19:56:34.669  2.09953300E-03  5.58442900E-03  2.88665700E-03
2002-01-01T19:56:35.666 -5.66823100E-03  3.32011800E-03  8.53596000E-04
2002-01-01T19:56:36.681  3.54804000E-04  4.66899400E-03  5.13183100E-03
2002-01-01T19:56:37.666 -5.93910000E-04 -5.09233600E-03  4.53808300E-03
2002-01-01T19:56:38.669  3.19358000E-03 -1.81157900E-03 -9.69363000E-04
2002-01-01T19:56:39.666  7.58560000E-04 -5.18969800E-03  4.28161000E-04
2002-01-01T19:56:40.669 -2.05323100E-03  8.08592000E-03  2.92094800E-03
2002-01-01T19:56:41.677 -5.42829700E-03  4.80472000E-03  1.54863100E-03
2002-01-01T19:56:42.669  1.81533800E-03  5.91217100E-03  3.08093900E-03
2002-01-01T19:56:43.666  4.32789200E-03 -4.53500900E-03 -1.72406600E-03
2002-01-01T19:56:44.669  4.44164700E-03  9.36905000E-04 -1.09298000E-03
2002-01-01T19:56:45.669  5.73299000E-04 -6.81119000E-04  3.94817000E-03
2002-01-01T19:56:46.677 -1.52488700E-03  8.30166300E-03 -4.09072400E-03
2002-01-01T19:56:47.666 -4.93532300E-03  4.20974600E-03  4.07371100E-03
2002-01-01T19:56:48.669  2.36443000E-03  3.10355300E-03 -7.61834400E-03
2002-01-01T19:56:49.666  1.87388300E-03 -6.20214200E-03 -3.42692100E-03
2002-01-01T19:56:50.669  3.34457200E-03  1.72091000E-04  6.74343600E-03
2002-01-01T19:56:51.669 -2.39103100E-03 -4.81882600E-03  7.13355000E-04
2002-01-01T19:56:52.677 -4.38762000E-04  7.81165500E-03  2.79397000E-03
2002-01-01T19:56:53.666 -1.06441510E-02  3.33796000E-04  6.33157000E-03
2002-01-01T19:56:54.666  4.94800000E-04  1.14710940E-02 -1.48583100E-03
2002-01-01T19:56:55.666 -6.76771000E-03 -5.48416500E-03  3.12893900E-03
2002-01-01T19:56:56.681  7.31565000E-03 -1.58556300E-03  5.75067200E-03
2002-01-01T19:56:57.669 -3.63567700E-03 -7.87887800E-03 -7.55510500E-03
2002-01-01T19:56:58.673  3.75432500E-03  7.57688900E-03  5.10602400E-03
2002-01-01T19:56:59.666 -7.00384000E-03 -1.77326900E-03 -1.60641900E-03
2002-01-01T19:57:00.669  4.69626000E-03  6.38078500E-03 -7.98255300E-03
2002-01-01T19:57:01.673 -6.42195900E-03 -6.36118800E-03  9.08116700E-03
2002-01-01T19:57:02.669  9.24191800E-03  1.23686800E-03 -2.31296100E-03
2002-01-01T19:57:03.666 -7.36767200E-03 -6.39032400E-03 -8.81227300E-03
2002-01-01T19:57:04.669  2.12261000E-04  7.78220700E-03  1.88152800E-03
2002-01-01T19:57:05.666 -8.46466200E-03 -1.86939300E-03 -4.31698700E-03
2002-01-01T19:57:06.677  1.01530440E-02  1.77274500E-03 -3.84189700E-03
2002-01-01T19:57:07.666 -4.19254300E-03 -8.32077500E-03  4.64311400E-03
2002-01-01T19:57:08.677  1.04719670E-02  4.24944000E-03 -3.84992200E-03
2002-01-01T19:57:09.666 -1.00623510E-02 -5.89710200E-03  7.66252000E-03
2002-01-01T19:57:10.666  4.12568600E-03  8.62717400E-03  7.49009800E-03
2002-01-01T19:57:11.673 -5.46048700E-03 -5.74510000E-03 -1.02740900E-03
2002-01-01T19:57:12.669  5.88618800E-03  4.00910200E-03  2.01679000E-03
2002-01-01T19:57:13.669 -3.47326200E-03 -9.91260300E-03  2.08750300E-03
2002-01-01T19:57:14.669  9.80899200E-03  3.62014100E-03 -7.72652900E-03
2002-01-01T19:57:15.666 -9.14545600E-03 -7.22498000E-03  3.72386000E-03
2002-01-01T19:57:16.677  1.77229500E-03  5.73412800E-03 -4.58933400E-03
2002-01-01T19:57:17.666 -7.31484400E-03 -5.26059000E-03  4.54565700E-03
2002-01-01T19:57:18.669  9.17496300E-03  1.99315700E-03  3.36634300E-03
2002-01-01T19:57:19.666 -6.83315100E-03 -6.53120700E-03 -5.18164300E-03
2002-01-01T19:57:20.669  9.23506100E-03  2.20105400E-03  7.21650900E-03
2002-01-01T19:57:21.673 -1.19540510E-02 -4.05064100E-03 -2.29430900E-03
2002-01-01T19:57:22.669  4.75266300E-03  6.17167200E-03 -1.10085630E-02
2002-01-01T19:57:23.666 -5.62217500E-03 -7.08736600E-03  1.70650000E-04
2002-01-01T19:57:24.677  7.77647600E-03 -7.50348000E-04  2.13451200E-03
2002-01-01T19:57:25.666 -2.94100200E-03 -5.76024900E-03 -3.01112900E-03
2002-01-01T19:57:26.673  4.03027900E-03  5.42428300E-03  1.95390900E-03
2002-01-01T19:57:27.665 -8.90400000E-03 -3.55163000E-04 -5.39275000E-03
2002-01-01T19:57:28.669  1.76916400E-03  9.00448900E-03  2.68746000E-03
