2001-11-15T05:18:02.653  3.08809200E-03 -5.30818000E-03  6.34938900E-03
2001-11-15T05:18:03.653  4.10858300E-03  1.09408000E-04  1.93802000E-04
2001-11-15T05:18:04.657 -8.74112900E-03 -3.68805000E-04  1.03234790E-02
2001-11-15T05:18:05.653  4.90739600E-03  6.34934800E-03  6.48657500E-03
2001-11-15T05:18:06.653  2.29823000E-04 -9.11996000E-04 -3.29170000E-04
2001-11-15T05:18:07.653  7.11717000E-04  5.42031000E-04  7.29458000E-04
2001-11-15T05:18:08.665 -2.66802000E-04  4.28986000E-04  2.88959000E-04
2001-11-15T05:18:09.653 -6.78289000E-04  1.20145200E-03  1.93065000E-04
2001-11-15T05:18:10.653 -3.32080000E-05 -6.78322000E-04  1.25580000E-03
2001-11-15T05:18:11.653 -1.63387000E-04 -8.92261000E-04  5.48083000E-04
2001-11-15T05:18:12.653  3.69693000E-04  7.65907000E-04 -4.79555000E-04
2001-11-15T05:18:13.653 -1.46283700E-03 -1.54708000E-04 -2.95131000E-04
2001-11-15T05:18:14.653  8.62840000E-05  1.38677900E-03 -2.91087000E-04
2001-11-15T05:18:15.653 -2.86515000E-04 -6.77627000E-04 -1.12225500E-03
2001-11-15T05:18:16.653  1.23369800E-03 -2.03447000E-04 -2.83281000E-04
2001-11-15T05:18:17.657 -3.27669000E-04  1.41070000E-05 -1.34262000E-04
2001-11-15T05:18:18.653 -4.70540000E-04  9.35737000E-04 -4.47393000E-04
2001-11-15T05:18:19.653  5.47409000E-04  6.60070000E-05 -8.38423000E-04
2001-11-15T05:18:20.653  7.21432000E-04 -1.30173800E-03 -6.59042000E-04
2001-11-15T05:18:21.653  7.68969000E-04  1.86236000E-04  5.85129000E-04
2001-11-15T05:18:22.653 -8.55353000E-04 -4.50550000E-05 -2.13735000E-04
2001-11-15T05:18:23.653  7.82804000E-04  1.01005800E-03  2.35928000E-04
2001-11-15T05:18:24.661 -5.78523000E-04 -6.45986000E-04 -8.95657000E-04
2001-11-15T05:18:25.653  1.24668800E-03  1.83866000E-04  1.19169000E-04
2001-11-15T05:18:26.653 -4.61358000E-04 -2.89727000E-04  5.38237000E-04
2001-11-15T05:18:27.653 -4.72165000E-04  7.30480000E-04  6.50695000E-04
2001-11-15T05:18:28.653  6.48707000E-04  6.25599000E-04  1.59235000E-04
2001-11-15T05:18:29.653 -5.14487000E-04 -2.43302000E-04  8.51818000E-04
2001-11-15T05:18:30.653  4.71059000E-04  1.94562000E-04 -2.56785000E-04
2001-11-15T05:18:31.653 -7.96154000E-04 -2.49106000E-04 -2.30858000E-04
2001-11-15T05:18:32.653  5.72023000E-04  1.31647300E-03 -7.99657000E-04
2001-11-15T05:18:33.657 -1.42066200E-03 -1.07162800E-03 -6.76461000E-04
2001-11-15T05:18:34.653  8.96769000E-04  2.70993000E-04 -1.78539000E-04
2001-11-15T05:18:35.653 -3.99610000E-05 -1.24642000E-04 -6.77058000E-04
2001-11-15T05:18:36.653 -2.69086000E-04  8.37236000E-04 -3.84124000E-04
2001-11-15T05:18:37.653 -4.19009000E-04  9.35626000E-04 -3.15880000E-05
2001-11-15T05:18:38.653 -5.12823000E-04 -2.55950000E-05 -1.91981000E-04
2001-11-15T05:18:39.653  5.17595000E-04 -2.54869000E-04  3.04607000E-04
2001-11-15T05:18:40.661 -1.02596400E-03 -1.33246000E-04 -1.31210000E-05
2001-11-15T05:18:41.653  8.70690000E-05  1.67398000E-03  7.07208000E-04
2001-11-15T05:18:42.653 -1.28522900E-03 -7.60017000E-04  1.11269000E-04
2001-11-15T05:18:43.653  1.16321800E-03  4.69123000E-04  7.11280000E-05
2001-11-15T05:18:44.653 -9.24139000E-04 -1.08204200E-03  9.74419000E-04
2001-11-15T05:18:45.653  1.73533000E-04  7.79067000E-04 -1.00832000E-04
2001-11-15T05:18:46.653 -8.32882000E-04  1.98803000E-04  2.72281000E-04
2001-11-15T05:18:47.653 -5.60340000E-04  8.75760000E-05  2.84580000E-04
2001-11-15T05:18:48.653  1.28597400E-03  8.85107000E-04  5.14640000E-05
2001-11-15T05:18:49.657 -7.37497000E-04 -7.86132000E-04  3.33435000E-04
2001-11-15T05:18:50.653  7.98450000E-05  1.24032100E-03  2.58625000E-04
2001-11-15T05:18:51.653 -1.40517300E-03 -8.33240000E-04 -4.28044000E-04
2001-11-15T05:18:52.653  9.98411000E-04  4.12822000E-04 -4.00800000E-06
2001-11-15T05:18:53.653  1.10571000E-04 -8.69016000E-04 -3.81310000E-04
2001-11-15T05:18:54.653 -4.83930000E-05  3.65790000E-04  3.00981000E-04
2001-11-15T05:18:55.653 -7.71248000E-04  3.76828000E-04 -3.41177000E-04
2001-11-15T05:18:56.661 -5.57962000E-04  9.01800000E-06 -3.28335000E-04
2001-11-15T05:18:57.653  1.52480000E-03  7.79514000E-04 -5.54209000E-04
2001-11-15T05:18:58.653 -3.40991000E-04 -1.03106800E-03 -3.57110000E-04
2001-11-15T05:18:59.653  5.10117000E-04  1.35905100E-03 -8.80908000E-04
2001-11-15T05:19:00.653 -7.73924000E-04  7.05050000E-05 -4.46031000E-04
2001-11-15T05:19:01.653  3.28100000E-04  5.70208000E-04 -5.59094000E-04
2001-11-15T05:19:02.653 -2.97101000E-04 -1.60825100E-03 -2.12122000E-04
2001-11-15T05:19:03.653  2.93240000E-04  6.67000000E-07 -4.91592000E-04
2001-11-15T05:19:04.653 -7.11037000E-04  4.09951000E-04 -3.12596000E-04
2001-11-15T05:19:05.657 -5.46182000E-04 -9.49420000E-05 -2.15341000E-04
2001-11-15T05:19:06.653 -4.79970000E-05  1.93099000E-04  3.38733000E-04
2001-11-15T05:19:07.653 -5.69318000E-04 -1.21508800E-03  6.90578000E-04
2001-11-15T05:19:08.653  5.38880000E-04  6.78150000E-04 -1.60007000E-04
2001-11-15T05:19:09.653 -1.57019000E-03 -4.37293000E-04  5.91573000E-04
2001-11-15T05:19:10.653  2.62631000E-04  7.96865000E-04 -8.88500000E-06
2001-11-15T05:19:11.653 -5.92192000E-04 -7.61630000E-04 -3.21840000E-04
2001-11-15T05:19:12.661  4.36835000E-04 -2.01095000E-04 -7.99220000E-05
2001-11-15T05:19:13.653 -1.11884000E-04  5.14058000E-04  4.00700000E-05
2001-11-15T05:19:14.653 -1.25152200E-03  4.94892000E-04  2.12967000E-04
2001-11-15T05:19:15.653  2.20830000E-05  4.54632000E-04 -3.14343000E-04
2001-11-15T05:19:16.653 -3.18894000E-04 -1.24487600E-03 -2.40818000E-04
2001-11-15T05:19:17.653  1.27374300E-03  3.98440000E-04 -7.23678000E-04
2001-11-15T05:19:18.653 -1.56668400E-03 -9.04810000E-05 -5.23073000E-04
2001-11-15T05:19:19.653  1.30412000E-04  1.16975700E-03 -2.43549000E-04
2001-11-15T05:19:20.653 -1.33190000E-05 -4.91720000E-05 -8.00856000E-04
2001-11-15T05:19:21.657  8.12426000E-04 -7.02389000E-04 -6.62118000E-04
2001-11-15T05:19:22.653 -1.42106000E-04 -5.05363000E-04  1.10164000E-04
2001-11-15T05:19:23.653 -9.46234000E-04  3.29848000E-04 -2.25756000E-04
2001-11-15T05:19:24.653  2.85581000E-04  4.84913000E-04  1.02701000E-04
2001-11-15T05:19:25.653 -2.55976000E-04 -1.21996800E-03  5.65633000E-04
2001-11-15T05:19:26.653  1.48642000E-03  6.04280000E-04  1.79226000E-04
2001-11-15T05:19:27.653 -1.47068500E-03 -7.35214000E-04  1.30533000E-03
2001-11-15T05:19:28.661  3.87717000E-04  3.94840000E-04  7.63145000E-04
2001-11-15T05:19:29.653 -8.23482000E-04 -2.88214000E-04  3.28236000E-04
2001-11-15T05:19:30.653  4.30951000E-04 -4.61448000E-04  3.34931000E-04
2001-11-15T05:19:31.653  7.85277000E-04  9.99526000E-04 -7.42050000E-05
2001-11-15T05:19:32.653 -1.12016500E-03 -1.56915000E-04 -4.95379000E-04
2001-11-15T05:19:33.653  8.98997000E-04  1.34361000E-03 -1.48213900E-03
2001-11-15T05:19:34.653 -7.15228000E-04 -6.02132000E-04 -5.69017000E-04
2001-11-15T05:19:35.653  1.36099800E-03  1.20774000E-04 -3.72540000E-05
2001-11-15T05:19:36.653 -7.61226000E-04 -1.56071000E-04  1.09995000E-04
2001-11-15T05:19:37.657 -2.29559000E-04  8.31054000E-04 -1.85580000E-04
2001-11-15T05:19:38.653  1.62335000E-04 -1.31630000E-04 -8.23326000E-04
2001-11-15T05:19:39.653  8.73200000E-05 -4.49751000E-04 -2.30300000E-05
2001-11-15T05:19:40.653  1.13326600E-03  9.68465000E-04  6.16310000E-05
2001-11-15T05:19:41.653 -1.22088300E-03 -2.79593000E-04 -3.46113000E-04
2001-11-15T05:19:42.653  5.98284000E-04  1.25060000E-03  9.81706000E-04
2001-11-15T05:19:43.653 -5.76576000E-04 -5.27710000E-04  6.87738000E-04
2001-11-15T05:19:44.661  8.61062000E-04  5.67880000E-05  8.99662000E-04
2001-11-15T05:19:45.653 -8.20519000E-04 -8.57170000E-05  6.25060000E-04
2001-11-15T05:19:46.653 -8.15960000E-05  5.42552000E-04  4.36699000E-04
2001-11-15T05:19:47.653 -8.93168000E-04 -3.71987000E-04  9.57943000E-04
2001-11-15T05:19:48.653  7.65100000E-06 -4.43190000E-04  6.40270000E-04
2001-11-15T05:19:49.653  5.63785000E-04 -1.51008000E-04  4.45776000E-04
2001-11-15T05:19:50.653 -9.10242000E-04 -4.03145000E-04  8.91792000E-04
2001-11-15T05:19:51.653  6.26266000E-04  1.13719600E-03 -2.47308000E-04
2001-11-15T05:19:52.653 -9.96677000E-04 -6.41885000E-04  8.17994000E-04
2001-11-15T05:19:53.657  1.09269700E-03  1.98358000E-04 -3.96950000E-04
2001-11-15T05:19:54.653 -2.11535000E-04 -5.96606000E-04 -5.32110000E-05
2001-11-15T05:19:55.653 -9.75620000E-05  5.59777000E-04  2.25940000E-04
2001-11-15T05:19:56.653 -5.72830000E-04  7.18058000E-04 -6.43698000E-04
2001-11-15T05:19:57.653 -7.52090000E-05 -1.10856000E-04 -4.93134000E-04
2001-11-15T05:19:58.653  8.22718000E-04 -2.24732000E-04 -2.71125000E-04
2001-11-15T05:19:59.653 -4.69242000E-04 -6.70452000E-04 -6.90249000E-04
2001-11-15T05:20:00.661  5.23485000E-04  1.62125700E-03 -9.51188000E-04
2001-11-15T05:20:01.653 -8.44055000E-04 -5.70343000E-04  2.36370000E-04
2001-11-15T05:20:02.653  9.55421000E-04  6.35464000E-04 -1.57792000E-04
2001-11-15T05:20:03.653 -3.11427000E-04 -9.27560000E-04  5.27280000E-05
2001-11-15T05:20:04.653  5.24321000E-04  7.13811000E-04  8.23990000E-05
2001-11-15T05:20:05.653 -3.54025000E-04  3.19356000E-04  2.39740000E-05
2001-11-15T05:20:06.653 -9.07430000E-05  3.38270000E-04  6.11152000E-04
2001-11-15T05:20:07.653  8.26061000E-04 -4.26210000E-04  4.39657000E-04
2001-11-15T05:20:08.653 -1.89163000E-04 -3.14879000E-04  1.34397900E-03
2001-11-15T05:20:09.657  6.02422000E-04  9.48201000E-04  1.41565500E-03
2001-11-15T05:20:10.653 -1.20913800E-03  1.08573000E-04  5.19441000E-04
2001-11-15T05:20:11.653  1.07105500E-03  3.15298000E-04  1.38237300E-03
2001-11-15T05:20:12.653 -2.74854000E-04 -1.46442000E-03  6.40659000E-04
2001-11-15T05:20:13.653  2.98711000E-04  7.17997000E-04 -2.81062000E-04
2001-11-15T05:20:14.653 -4.71110000E-04  4.36542000E-04 -1.68669000E-04
2001-11-15T05:20:15.653 -4.37151000E-04  3.66712000E-04  2.86102000E-04
2001-11-15T05:20:16.661 -2.41650000E-05  3.57080000E-05  2.42015000E-04
2001-11-15T05:20:17.653  2.78000000E-05 -6.17597000E-04  2.91006000E-04
2001-11-15T05:20:18.653  7.39920000E-04  9.33968000E-04 -8.68861000E-04
2001-11-15T05:20:19.653 -1.99786300E-03  1.26074000E-04  7.28492000E-04
2001-11-15T05:20:20.653  7.67024000E-04  1.45117800E-03 -9.13080000E-05
2001-11-15T05:20:21.653 -3.50177000E-04 -9.97417000E-04 -4.99912000E-04
2001-11-15T05:20:22.653  7.75431000E-04  2.50039000E-04 -1.56460300E-03
2001-11-15T05:20:23.653 -6.10915000E-04  7.43130000E-05 -8.41975000E-04
2001-11-15T05:20:24.653 -7.63510000E-05  8.38521000E-04 -6.90650000E-05
2001-11-15T05:20:25.657  6.71599000E-04  1.10875900E-03 -9.28433000E-04
2001-11-15T05:20:26.653 -7.38550000E-05 -9.08035000E-04 -4.36944000E-04
2001-11-15T05:20:27.653  4.14686000E-04  2.92919000E-04 -8.03324000E-04
2001-11-15T05:20:28.653 -1.44945500E-03 -2.44615000E-04 -1.54465000E-04
2001-11-15T05:20:29.653  4.66009000E-04  8.42149000E-04  9.66930000E-05
2001-11-15T05:20:30.653 -5.08876000E-04 -1.42205600E-03 -2.21101000E-04
2001-11-15T05:20:31.653  8.14618000E-04 -3.75597000E-04  7.45670000E-05
2001-11-15T05:20:32.657  2.25608000E-04  2.10354000E-04 -1.85182000E-04
2001-11-15T05:20:33.653 -7.54352000E-04  4.06017000E-04  6.06427000E-04
2001-11-15T05:20:34.653  1.17189000E-04  7.45529000E-04  1.14320200E-03
2001-11-15T05:20:35.653 -2.62040000E-04 -8.92213000E-04  1.07987700E-03
2001-11-15T05:20:36.653  9.61620000E-04  2.06892000E-04 -2.18550000E-04
2001-11-15T05:20:37.653 -1.35372400E-03 -8.52766000E-04 -3.19716000E-04
2001-11-15T05:20:38.653  4.22090000E-04  9.80736000E-04 -3.89794000E-04
2001-11-15T05:20:39.653 -1.09071800E-03 -7.26689000E-04 -2.72180000E-05
2001-11-15T05:20:40.653  8.20102000E-04 -6.57862000E-04  1.35808000E-04
2001-11-15T05:20:41.657  1.14747000E-03  1.37566000E-04 -5.14544000E-04
2001-11-15T05:20:42.653 -1.24180000E-04 -2.10882000E-04  1.27367000E-04
2001-11-15T05:20:43.653  7.45688000E-04  1.28162300E-03  6.31486000E-04
2001-11-15T05:20:44.653 -7.80737000E-04 -9.46731000E-04 -5.47991000E-04
2001-11-15T05:20:45.653  1.02509700E-03  3.49046000E-04  3.89557000E-04
2001-11-15T05:20:46.653 -7.43186000E-04 -9.67152000E-04 -5.56722000E-04
2001-11-15T05:20:47.653  4.62631000E-04  6.69928000E-04 -8.33718000E-04
2001-11-15T05:20:48.661 -2.52580000E-04  4.94183000E-04 -5.41540000E-05
2001-11-15T05:20:49.653  6.07758000E-04 -9.88731000E-04 -2.79806000E-04
2001-11-15T05:20:50.653  7.81388000E-04  3.97570000E-05 -1.04600800E-03
2001-11-15T05:20:51.653 -1.13550300E-03  1.36090000E-05 -1.08919800E-03
2001-11-15T05:20:52.653  3.32610000E-05  1.92462800E-03 -8.78426000E-04
2001-11-15T05:20:53.653 -1.10337700E-03 -1.93107000E-04 -4.11380000E-05
2001-11-15T05:20:54.653  1.27922300E-03  2.51762000E-04 -8.16328000E-04
2001-11-15T05:20:55.653 -3.39110000E-04 -8.05661000E-04  1.67509000E-04
2001-11-15T05:20:56.653  1.30921000E-04  9.97532000E-04  1.29475000E-04
2001-11-15T05:20:57.657 -5.05487000E-04  2.34656000E-04 -3.81077000E-04
2001-11-15T05:20:58.653  5.71788000E-04 -5.92682000E-04  8.71145000E-04
2001-11-15T05:20:59.653  7.94631000E-04 -3.23104000E-04  2.53271000E-04
2001-11-15T05:21:00.653 -3.84836000E-04 -4.04772000E-04  2.11565000E-04
2001-11-15T05:21:01.653 -1.65100000E-06  8.87710000E-04  5.57663000E-04
2001-11-15T05:21:02.653 -6.00466000E-04 -5.67808000E-04  8.26589000E-04
2001-11-15T05:21:03.653  9.54771000E-04  5.95364000E-04 -8.26430000E-05
2001-11-15T05:21:04.661  1.78160000E-05 -1.13775300E-03  9.38416000E-04
2001-11-15T05:21:05.653  1.32400000E-04  5.29365000E-04 -4.56748000E-04
2001-11-15T05:21:06.653 -9.18555000E-04 -1.98515000E-04 -8.98921000E-04
2001-11-15T05:21:07.653 -2.46170000E-04  2.40392000E-04 -4.13189000E-04
2001-11-15T05:21:08.653  3.46467000E-04 -5.68785000E-04  7.76820000E-05
2001-11-15T05:21:09.653 -4.59591000E-04 -3.83847000E-04 -8.29130000E-05
2001-11-15T05:21:10.653  4.13405000E-04  1.14535500E-03 -1.29590600E-03
2001-11-15T05:21:11.653 -9.00536000E-04  8.53150000E-05 -6.62780000E-05
2001-11-15T05:21:12.653  9.30711000E-04  8.64375000E-04  4.36464000E-04
2001-11-15T05:21:13.657  5.48545000E-04 -7.20857000E-04  9.85270000E-05
2001-11-15T05:21:14.653  6.26991000E-04  6.40523000E-04 -9.24998000E-04
2001-11-15T05:21:15.653 -1.48309500E-03  5.32950000E-05 -2.69298000E-04
2001-11-15T05:21:16.653  1.40370000E-05  5.26477000E-04 -9.94900000E-06
2001-11-15T05:21:17.653  2.17779000E-04 -1.60459000E-04 -4.38990000E-05
2001-11-15T05:21:18.653  4.93390000E-05 -5.05673000E-04 -1.07969000E-04
2001-11-15T05:21:19.653  3.08989000E-04  1.60370300E-03 -4.78976000E-04
2001-11-15T05:21:20.661 -8.92449000E-04 -2.69354000E-04  2.45260000E-04
2001-11-15T05:21:21.653  9.87426000E-04  9.88565000E-04  6.52442000E-04
2001-11-15T05:21:22.653 -2.15595000E-04 -1.15332800E-03  2.80536000E-04
2001-11-15T05:21:23.653  3.21800000E-04  2.18573000E-04  5.11964000E-04
2001-11-15T05:21:24.653 -2.88756000E-04  6.99714000E-04  1.53280400E-03
2001-11-15T05:21:25.653 -7.45080000E-05  5.47938000E-04  2.19891000E-04
2001-11-15T05:21:26.653  1.54999000E-04 -1.52399000E-04  5.44160000E-04
2001-11-15T05:21:27.653 -5.01170000E-05 -1.47655000E-04 -1.87370000E-05
2001-11-15T05:21:28.653  4.11203000E-04  4.05324000E-04 -9.53621000E-04
2001-11-15T05:21:29.657 -1.15779400E-03 -2.44994000E-04 -2.75581000E-04
2001-11-15T05:21:30.653  7.75485000E-04  7.67453000E-04  7.03023000E-04
2001-11-15T05:21:31.653 -2.97199000E-04 -9.07125000E-04 -5.16511000E-04
2001-11-15T05:21:32.653  8.38216000E-04  1.60455000E-04 -5.41837000E-04
2001-11-15T05:21:33.653 -3.81188000E-04  3.55091000E-04  2.42476000E-04
2001-11-15T05:21:34.653 -9.49511000E-04  1.08690700E-03  2.18643000E-04
2001-11-15T05:21:35.653 -4.73088000E-04  1.23779000E-03 -1.71870000E-05
2001-11-15T05:21:36.661 -9.16790000E-05 -1.18220400E-03  8.09643000E-04
2001-11-15T05:21:37.653  9.58975000E-04  2.12215000E-04  7.11024000E-04
2001-11-15T05:21:38.653 -1.50475200E-03  6.88950000E-05  2.36712000E-04
2001-11-15T05:21:39.653  1.38705000E-04  8.96887000E-04  5.34424000E-04
2001-11-15T05:21:40.653 -1.60670000E-05 -1.33508400E-03  1.59078000E-04
2001-11-15T05:21:41.653  1.00317100E-03 -1.94732000E-04  4.63828000E-04
2001-11-15T05:21:42.653 -7.91418000E-04 -1.00552800E-03  1.84771000E-04
2001-11-15T05:21:43.653 -6.20197000E-04  1.43945000E-04 -4.88728000E-04
2001-11-15T05:21:44.653 -2.30720000E-04  9.53107000E-04 -1.12170700E-03
2001-11-15T05:21:45.657 -2.84544000E-04 -8.40645000E-04 -1.10102600E-03
2001-11-15T05:21:46.653  9.40817000E-04  6.99061000E-04 -1.18383800E-03
2001-11-15T05:21:47.653 -1.45158000E-03 -4.04153000E-04 -7.61485000E-04
2001-11-15T05:21:48.653  3.75864000E-04  1.54522700E-03 -1.09388600E-03
2001-11-15T05:21:49.653 -5.47895000E-04 -2.95567000E-04 -3.16715000E-04
2001-11-15T05:21:50.653  6.16029000E-04  6.05943000E-04  3.62339000E-04
2001-11-15T05:21:51.653 -5.78589000E-04 -2.43348000E-04 -7.39440000E-04
2001-11-15T05:21:52.661 -4.54025000E-04  7.55550000E-04 -4.34796000E-04
2001-11-15T05:21:53.653  1.06922000E-04  1.36622200E-03 -3.12957000E-04
2001-11-15T05:21:54.653 -9.56467000E-04 -1.57696000E-04 -3.19188000E-04
2001-11-15T05:21:55.653  1.50139000E-03  1.14761000E-04 -1.14584000E-04
2001-11-15T05:21:56.653 -3.51356000E-04 -4.14340000E-04 -3.28773000E-04
2001-11-15T05:21:57.653 -1.25758000E-04  1.13943700E-03 -7.47651000E-04
2001-11-15T05:21:58.657 -1.39775000E-04  5.00237000E-04 -6.22230000E-05
2001-11-15T05:21:59.653  2.67577000E-04  1.03027000E-04  1.86504000E-04
2001-11-15T05:22:00.653  1.19630000E-04 -4.78427000E-04 -1.32261000E-04
2001-11-15T05:22:01.657 -2.69847000E-04  3.46178000E-04  2.26916000E-04
2001-11-15T05:22:02.653  8.06739000E-04  1.34524400E-03  2.59459000E-04
2001-11-15T05:22:03.653  4.96900000E-05 -1.00755800E-03  1.56434000E-04
2001-11-15T05:22:04.653  2.14937000E-03 -1.70484000E-04  1.07322000E-04
2001-11-15T05:22:05.653 -5.73209000E-04 -1.06669500E-03  7.58011000E-04
2001-11-15T05:22:06.653  7.25335000E-04  1.18877000E-03  4.80450000E-04
2001-11-15T05:22:07.653 -4.86511000E-04 -6.29764000E-04  4.20360000E-05
2001-11-15T05:22:08.661  5.79487000E-04  4.42195000E-04  1.12470300E-03
2001-11-15T05:22:09.653 -2.12717000E-04 -9.24268000E-04  6.96041000E-04
2001-11-15T05:22:10.653  2.60592000E-04  1.25723000E-04  9.67074000E-04
2001-11-15T05:22:11.653 -5.97243000E-04  8.47369000E-04 -6.04804000E-04
2001-11-15T05:22:12.653 -7.02208000E-04 -1.57472000E-04  1.01878800E-03
2001-11-15T05:22:13.653  1.28583100E-03  1.01935900E-03  3.72452000E-04
2001-11-15T05:22:14.653 -5.32719000E-04 -1.30227500E-03  2.73029000E-04
2001-11-15T05:22:15.653  8.76508000E-04  1.01369000E-03  5.05191000E-04
2001-11-15T05:22:16.653 -3.29819000E-04  5.45234000E-04  8.10000000E-08
2001-11-15T05:22:17.657  3.93449000E-04  4.43546000E-04 -5.94646000E-04
2001-11-15T05:22:18.653 -2.34792000E-04 -5.94764000E-04 -1.65288000E-04
2001-11-15T05:22:19.653  2.59330000E-05 -3.50979000E-04 -6.33650000E-05
2001-11-15T05:22:20.653  3.93080000E-05  8.92920000E-04 -4.34557000E-04
2001-11-15T05:22:21.653 -1.24910600E-03  2.36840000E-04 -1.34033000E-04
2001-11-15T05:22:22.653  1.11421100E-03  8.53620000E-04  5.10724000E-04
2001-11-15T05:22:23.653  5.50630000E-05 -1.90423300E-03 -4.18189000E-04
2001-11-15T05:22:24.661  8.66952000E-04  4.78356000E-04  3.69345000E-04
2001-11-15T05:22:25.653 -1.04609500E-03  2.93607000E-04  4.12851000E-04
2001-11-15T05:22:26.653  2.91870000E-05  8.54655000E-04 -2.33328000E-04
2001-11-15T05:22:27.653 -3.09785000E-04  2.94510000E-05  5.56280000E-05
2001-11-15T05:22:28.653  2.14355000E-04 -3.87401000E-04 -8.83400000E-06
2001-11-15T05:22:29.653  2.35516000E-04  7.12849000E-04  3.54522000E-04
2001-11-15T05:22:30.653 -9.49468000E-04 -6.17216000E-04  6.33341000E-04
2001-11-15T05:22:31.653  5.03950000E-04  1.54758700E-03  6.30640000E-05
2001-11-15T05:22:32.653 -1.27714000E-03 -1.30447700E-03  1.13518300E-03
2001-11-15T05:22:33.657  6.71432000E-04  1.18442000E-04  5.64319000E-04
2001-11-15T05:22:34.653  6.44871000E-04 -1.04897000E-04  1.98510000E-05
2001-11-15T05:22:35.653 -7.60328000E-04  3.98252000E-04  9.94630000E-05
2001-11-15T05:22:36.653  1.71647000E-04  3.54434000E-04  3.24438000E-04
2001-11-15T05:22:37.653 -2.98012000E-04 -8.84152000E-04  1.51982000E-04
2001-11-15T05:22:38.653  1.25427100E-03  4.21580000E-04 -6.00652000E-04
2001-11-15T05:22:39.653 -9.68511000E-04 -3.17310000E-04  3.57740000E-05
2001-11-15T05:22:40.661  3.35825000E-04  1.18262100E-03 -4.24747000E-04
2001-11-15T05:22:41.653 -1.00227900E-03  3.29561000E-04 -8.28074000E-04
2001-11-15T05:22:42.653  5.04341000E-04  2.26370000E-04 -4.33966000E-04
2001-11-15T05:22:43.653  4.87355000E-04 -2.31122000E-04 -1.23801800E-03
2001-11-15T05:22:44.653 -3.52864000E-04  2.19956000E-04 -8.24804000E-04
2001-11-15T05:22:45.653  1.76894000E-04  1.04698500E-03 -9.28322000E-04
2001-11-15T05:22:46.653 -2.45508000E-04 -5.35942000E-04 -1.05285000E-03
2001-11-15T05:22:47.653  1.12262900E-03  2.97918000E-04 -3.18764000E-04
2001-11-15T05:22:48.653 -7.36644000E-04 -1.21862900E-03 -9.06100000E-04
2001-11-15T05:22:49.657  4.56348000E-04  1.28931000E-03 -7.58467000E-04
2001-11-15T05:22:50.653 -1.10284600E-03 -1.22320000E-05  1.13675000E-04
2001-11-15T05:22:51.653  9.98971000E-04  8.58560000E-05 -1.63890000E-04
2001-11-15T05:22:52.653  4.82559000E-04 -1.13853600E-03  1.88141000E-04
2001-11-15T05:22:53.653 -2.95307000E-04  4.56820000E-05  4.14824000E-04
2001-11-15T05:22:54.653 -1.13928000E-04  6.81595000E-04  3.00963000E-04
2001-11-15T05:22:55.653 -1.04499500E-03  1.60774000E-04  7.04983000E-04
2001-11-15T05:22:56.661  9.55983000E-04  7.36059000E-04 -4.35507000E-04
2001-11-15T05:22:57.653 -5.60461000E-04 -1.23126000E-03 -8.72273000E-04
2001-11-15T05:22:58.653  9.43737000E-04  1.14227000E-03 -6.58630000E-05
2001-11-15T05:22:59.653 -1.35751800E-03 -5.25740000E-05 -3.34078000E-04
2001-11-15T05:23:00.653 -1.34340000E-05  7.35482000E-04 -8.15372000E-04
2001-11-15T05:23:01.657  7.24477000E-04  7.33553000E-04 -1.00865700E-03
2001-11-15T05:23:02.653 -3.71400000E-05 -6.66788000E-04 -6.06384000E-04
2001-11-15T05:23:03.653  9.77759000E-04  6.24389000E-04 -8.65378000E-04
2001-11-15T05:23:04.653 -1.44770400E-03 -5.98874000E-04 -7.49375000E-04
2001-11-15T05:23:05.657 -3.78483000E-04  1.53695300E-03 -8.62367000E-04
2001-11-15T05:23:06.653 -4.31822000E-04 -5.34630000E-05 -9.65836000E-04
2001-11-15T05:23:07.653 -5.83490000E-05 -6.10177000E-04 -9.31524000E-04
2001-11-15T05:23:08.653  6.85037000E-04  3.44220000E-04 -7.72003000E-04
2001-11-15T05:23:09.653 -1.27970800E-03 -1.40950000E-05  2.59340000E-05
2001-11-15T05:23:10.653 -2.00919000E-04  1.81286100E-03 -7.00114000E-04
2001-11-15T05:23:11.653 -1.00731200E-03  5.04169000E-04 -3.88902000E-04
2001-11-15T05:23:12.661 -2.70200000E-05  1.84736000E-04 -3.13500000E-05
2001-11-15T05:23:13.653  1.45843000E-04 -6.31809000E-04  1.63317700E-03
2001-11-15T05:23:14.653 -4.80167000E-04 -2.24493000E-04 -3.98481000E-04
2001-11-15T05:23:15.653  6.89856000E-04  1.44279200E-03  4.02402000E-04
2001-11-15T05:23:16.653 -5.74107000E-04 -1.10890800E-03  5.37514000E-04
2001-11-15T05:23:17.653  1.15329700E-03 -1.90652000E-04 -1.62250000E-05
2001-11-15T05:23:18.653  6.02260000E-04 -1.42988000E-04 -2.45093000E-04
2001-11-15T05:23:19.653 -2.67405000E-04 -4.61010000E-04  1.25141000E-04
2001-11-15T05:23:20.653  8.29841000E-04  1.76253000E-03 -2.86520000E-05
2001-11-15T05:23:21.657 -1.26110500E-03 -1.27818000E-04  1.43923000E-04
2001-11-15T05:23:22.653  3.39968000E-04  4.35369000E-04  5.93210000E-05
2001-11-15T05:23:23.653  3.14778000E-04 -3.62403000E-04 -5.19400000E-04
2001-11-15T05:23:24.653 -1.07024000E-04 -7.26457000E-04 -6.97208000E-04
2001-11-15T05:23:25.653  6.27716000E-04  1.48844500E-03 -3.57425000E-04
2001-11-15T05:23:26.653 -1.58751500E-03 -4.85706000E-04 -6.46106000E-04
2001-11-15T05:23:27.653  2.93583000E-04  1.03409100E-03 -2.94710000E-04
2001-11-15T05:23:28.657  2.88027000E-04  1.63974000E-04 -9.25250000E-04
2001-11-15T05:23:29.653 -5.05925000E-04 -6.82555000E-04 -3.30983000E-04
2001-11-15T05:23:30.653  1.16929800E-03  6.24524000E-04 -9.07510000E-05
2001-11-15T05:23:31.653 -1.21664000E-03 -6.27788000E-04 -4.65927000E-04
2001-11-15T05:23:32.653  2.59408000E-04  7.30540000E-04  1.13189000E-03
2001-11-15T05:23:33.653 -7.47536000E-04  1.02102800E-03  2.73806000E-04
2001-11-15T05:23:34.653 -9.13803000E-04  3.14683000E-04  1.03081000E-04
2001-11-15T05:23:35.653 -1.38052000E-04  1.27336900E-03  5.87077000E-04
2001-11-15T05:23:36.653 -8.51492000E-04  1.28584000E-04  2.79120000E-04
2001-11-15T05:23:37.657  4.35057000E-04 -5.55911000E-04  1.09594600E-03
2001-11-15T05:23:38.653  1.14805000E-03  6.38058000E-04  4.95879000E-04
2001-11-15T05:23:39.653 -4.91943000E-04 -5.69573000E-04 -3.54364000E-04
2001-11-15T05:23:40.653  4.87789000E-04  9.08065000E-04  2.66738000E-04
2001-11-15T05:23:41.653  3.29605000E-04  1.93846500E-03  1.67503000E-04
2001-11-15T05:23:42.653 -1.49154300E-03  2.88315000E-04 -9.12580000E-05
2001-11-15T05:23:43.653  4.52800000E-04  8.96551000E-04  1.26353000E-04
2001-11-15T05:23:44.661 -6.26198000E-04  1.02168600E-03 -3.64520000E-05
2001-11-15T05:23:45.653 -8.50494000E-04 -2.60747000E-04 -3.77082000E-04
2001-11-15T05:23:46.653  6.63529000E-04  1.03806100E-03  2.26266000E-04
2001-11-15T05:23:47.653  3.10758000E-04  1.22635300E-03 -8.20735000E-04
2001-11-15T05:23:48.653 -3.69000000E-04 -4.79737000E-04 -5.09572000E-04
2001-11-15T05:23:49.653  8.85004000E-04  2.38337000E-04 -4.00460000E-05
2001-11-15T05:23:50.653  9.65340000E-04  7.16979000E-04 -7.00596000E-04
2001-11-15T05:23:51.653 -2.53260000E-04 -1.57997000E-04  3.91930000E-05
2001-11-15T05:23:52.653 -1.41395000E-04  5.61791000E-04 -2.38852000E-04
2001-11-15T05:23:53.657  6.59019000E-04  8.09581000E-04 -4.83408000E-04
2001-11-15T05:23:54.657 -4.85505000E-04  1.39399000E-04 -1.15483900E-03
2001-11-15T05:23:55.653 -7.45832000E-04  5.96960000E-05  1.20938100E-03
2001-11-15T05:23:56.653  2.22830000E-05  1.85750400E-03 -4.78785000E-04
2001-11-15T05:23:57.653 -9.09165000E-04  8.87012000E-04  4.76780000E-05
2001-11-15T05:23:58.653 -1.46142500E-03  3.67896000E-04  1.97806000E-04
2001-11-15T05:23:59.653 -2.97664000E-04  1.08220800E-03  3.89609000E-04
2001-11-15T05:24:00.661  5.22176000E-04  1.93255600E-03  6.48160000E-05
2001-11-15T05:24:01.653  4.66906000E-04  1.33562500E-03  2.22620000E-04
2001-11-15T05:24:02.653 -7.28522000E-04 -8.38480000E-05  6.80216000E-04
2001-11-15T05:24:03.653  4.83398000E-04  6.37944000E-04  2.94996000E-04
2001-11-15T05:24:04.653  8.54357000E-04  9.09576000E-04  5.32187000E-04
2001-11-15T05:24:05.653  2.02403300E-03  1.87437200E-03  4.77361000E-04
2001-11-15T05:24:06.653  1.62357000E-04  9.59349000E-04  3.22718000E-04
2001-11-15T05:24:07.653 -1.20679800E-03  2.33038000E-04 -7.72670000E-04
2001-11-15T05:24:08.653 -3.72979000E-04  1.00135100E-03 -7.53100000E-06
2001-11-15T05:24:09.657 -2.56265000E-04  2.43573400E-03 -6.37209000E-04
2001-11-15T05:24:10.653  1.04788000E-03  2.39009500E-03 -1.11799100E-03
2001-11-15T05:24:11.653  4.07596000E-04  1.51032900E-03 -1.66507700E-03
2001-11-15T05:24:12.653  2.44945000E-04  9.46873000E-04 -8.82455000E-04
2001-11-15T05:24:13.653 -1.12391000E-04  6.32235000E-04 -1.31495700E-03
2001-11-15T05:24:14.653 -6.59745000E-04  3.75663000E-04 -8.18725000E-04
2001-11-15T05:24:15.653 -1.24232600E-03  1.27968200E-03  9.58523000E-04
2001-11-15T05:24:16.661 -6.33877000E-04  1.80107600E-03  3.99309000E-04
2001-11-15T05:24:17.653  8.06060000E-05  1.39557300E-03  1.58627900E-03
2001-11-15T05:24:18.653  1.28865000E-04  2.06576600E-03  3.48683000E-04
2001-11-15T05:24:19.653 -3.39727000E-04  2.71109600E-03  1.31700500E-03
2001-11-15T05:24:20.653  5.32665000E-04  1.80102600E-03  1.61651000E-04
2001-11-15T05:24:21.653  5.37612000E-04  1.63959000E-03 -2.60250000E-05
2001-11-15T05:24:22.653 -7.47365000E-04  2.96754000E-03  7.39877000E-04
2001-11-15T05:24:23.653 -1.93794000E-04  1.83593800E-03 -5.74231000E-04
2001-11-15T05:24:24.653 -9.42470000E-05  1.35946200E-03 -6.92630000E-04
2001-11-15T05:24:25.657 -1.58773100E-03  2.02728600E-03  1.32429900E-03
2001-11-15T05:24:26.653 -7.49880000E-05  1.44972900E-03  3.78796000E-04
2001-11-15T05:24:27.653 -4.26033000E-04  2.61386000E-03  1.59955000E-04
2001-11-15T05:24:28.653  1.73406000E-03  3.02860700E-03  2.93951000E-04
2001-11-15T05:24:29.653 -2.96514000E-04  3.95764600E-03 -1.80544000E-04
2001-11-15T05:24:30.653 -4.85628000E-04  2.67188100E-03  3.91930000E-05
2001-11-15T05:24:31.653 -1.05632400E-03  2.28959900E-03 -8.35795000E-04
2001-11-15T05:24:32.665 -2.26616000E-04  3.16508200E-03 -8.86669000E-04
2001-11-15T05:24:33.653  1.29884400E-03  3.60481300E-03  1.71825000E-04
2001-11-15T05:24:34.653 -6.38444000E-04  3.28269900E-03 -6.57878000E-04
2001-11-15T05:24:35.653  3.11900000E-04  3.75546300E-03 -3.39393000E-04
2001-11-15T05:24:36.653  5.65418000E-04  3.70464600E-03 -7.78685000E-04
2001-11-15T05:24:37.653 -1.40054300E-03  2.89472500E-03  1.15716400E-03
2001-11-15T05:24:38.657  7.95705000E-04  5.12957600E-03 -5.86890000E-04
2001-11-15T05:24:39.653 -4.56692000E-04  3.33096400E-03 -1.40286000E-04
2001-11-15T05:24:40.653  6.82590000E-04  3.17402900E-03 -3.50243000E-04
2001-11-15T05:24:41.657  4.83383000E-04  4.10475400E-03  6.72404000E-04
2001-11-15T05:24:42.653 -6.80809000E-04  3.32920400E-03  8.14948000E-04
2001-11-15T05:24:43.653 -2.12585000E-04  5.32848800E-03  1.04996500E-03
2001-11-15T05:24:44.653 -4.03006000E-04  5.25199900E-03  2.69012000E-04
2001-11-15T05:24:45.653 -5.69782000E-04  4.72538800E-03  4.56520000E-05
2001-11-15T05:24:46.653  1.72792000E-04  6.09410500E-03 -7.01470000E-05
2001-11-15T05:24:47.653 -6.86225000E-04  5.37643600E-03 -2.21592000E-04
2001-11-15T05:24:48.661 -1.25927300E-03  4.51014700E-03 -4.50330000E-05
2001-11-15T05:24:49.653  6.33796000E-04  5.68389900E-03  1.35820000E-04
2001-11-15T05:24:50.653 -3.99371000E-04  4.85765500E-03 -6.66421000E-04
2001-11-15T05:24:51.653 -9.90620000E-04  3.76026400E-03  4.73190000E-05
2001-11-15T05:24:52.653  3.99906000E-04  4.65678000E-03 -2.59753000E-04
2001-11-15T05:24:53.657  3.50651000E-04  5.93937900E-03 -7.92037000E-04
2001-11-15T05:24:54.653  6.01435000E-04  6.49836700E-03 -6.89238000E-04
2001-11-15T05:24:55.653  1.33608300E-03  6.57273700E-03 -7.47446000E-04
2001-11-15T05:24:56.653  3.57315000E-04  5.02612200E-03 -1.22789500E-03
2001-11-15T05:24:57.657 -7.49543000E-04  6.52433300E-03 -7.07981000E-04
2001-11-15T05:24:58.653 -5.93269000E-04  4.77911200E-03 -1.44532700E-03
2001-11-15T05:24:59.653 -1.28661700E-03  5.17846200E-03  3.87500000E-05
2001-11-15T05:25:00.653 -1.23651700E-03  5.54164100E-03 -8.70016000E-04
2001-11-15T05:25:01.653 -7.75818000E-04  5.10432400E-03  8.47635000E-04
2001-11-15T05:25:02.653 -1.34176900E-03  5.77864800E-03  1.13208700E-03
2001-11-15T05:25:03.653 -1.09278800E-03  5.28744900E-03  4.50905000E-04
2001-11-15T05:25:04.661 -9.27727000E-04  6.35217500E-03  1.57334600E-03
2001-11-15T05:25:05.653  8.18001000E-04  8.30962600E-03  6.12286000E-04
2001-11-15T05:25:06.653  8.12344000E-04  7.84588400E-03 -3.89175000E-04
2001-11-15T05:25:07.653 -1.92640000E-04  6.55558100E-03  4.93340000E-05
2001-11-15T05:25:08.653 -1.24255100E-03  6.48551900E-03  2.61774000E-04
2001-11-15T05:25:09.657  1.04925600E-03  8.98027000E-03  1.24422000E-04
2001-11-15T05:25:10.653 -5.36694000E-04  8.07604000E-03  2.27610000E-04
2001-11-15T05:25:11.653 -4.83635000E-04  7.60522000E-03 -1.11665000E-04
2001-11-15T05:25:12.653  8.74480000E-05  8.95341100E-03  1.27130000E-04
2001-11-15T05:25:13.657 -1.67828900E-03  7.53579600E-03 -1.55520000E-05
2001-11-15T05:25:14.653  7.42502000E-04  9.60395600E-03  1.03736000E-04
2001-11-15T05:25:15.653 -1.32552100E-03  7.70322700E-03  9.18255000E-04
2001-11-15T05:25:16.653  1.02551100E-03  8.83451400E-03  7.73369000E-04
2001-11-15T05:25:17.653 -1.03067000E-03  7.23201500E-03  4.52801000E-04
2001-11-15T05:25:18.653 -8.73421000E-04  9.10211100E-03  4.12560000E-04
2001-11-15T05:25:19.653  8.51543000E-04  9.94047100E-03  1.34631000E-03
2001-11-15T05:25:20.661 -5.48996000E-04  9.37829700E-03  1.35330900E-03
2001-11-15T05:25:21.653 -1.19284600E-03  8.87838600E-03  9.86775000E-04
2001-11-15T05:25:22.653  3.72202000E-04  9.83753900E-03 -2.00516000E-04
2001-11-15T05:25:23.653 -4.99723000E-04  9.83942100E-03  5.08660000E-05
2001-11-15T05:25:24.653 -1.61021000E-03  9.05316800E-03  2.93606000E-04
2001-11-15T05:25:25.657 -1.35955200E-03  9.47942100E-03  6.79096000E-04
2001-11-15T05:25:26.657 -1.75806900E-03  1.02997540E-02  2.25904000E-04
2001-11-15T05:25:27.653 -1.81558200E-03  9.98087400E-03 -1.62702000E-04
2001-11-15T05:25:28.653 -5.78688000E-04  8.85365000E-03 -2.67881000E-04
2001-11-15T05:25:29.657  8.66153000E-04  1.04753090E-02  7.79331000E-04
2001-11-15T05:25:30.653 -2.33500000E-06  9.54785700E-03 -5.99024000E-04
2001-11-15T05:25:31.653  2.74390000E-05  1.09397920E-02  3.29360000E-05
2001-11-15T05:25:32.653  1.11874500E-03  1.27415420E-02 -1.90883000E-04
2001-11-15T05:25:33.653  6.22630000E-04  1.17242470E-02  1.87136000E-04
2001-11-15T05:25:34.653  1.18409600E-03  1.16616000E-02  9.17250000E-04
2001-11-15T05:25:35.653 -2.51682000E-04  1.06085650E-02 -1.63341000E-04
2001-11-15T05:25:36.661  2.02300000E-04  1.23451220E-02  3.81072000E-04
2001-11-15T05:25:37.653 -1.37627000E-03  1.12180870E-02  1.75739000E-03
2001-11-15T05:25:38.653  7.77752000E-04  1.26536530E-02  9.00725000E-04
2001-11-15T05:25:39.653 -1.76950900E-03  1.18393490E-02  1.25870800E-03
2001-11-15T05:25:40.653  4.31284000E-04  1.34030320E-02  1.68203000E-04
2001-11-15T05:25:41.657  1.88176000E-04  1.36151430E-02  7.35785000E-04
2001-11-15T05:25:42.657 -1.14543800E-03  1.26066490E-02  8.16788000E-04
2001-11-15T05:25:43.653  9.81830000E-04  1.37078640E-02  5.81755000E-04
2001-11-15T05:25:44.653  8.07723000E-04  1.53760760E-02 -1.19457000E-04
2001-11-15T05:25:45.657  1.05308000E-04  1.35973180E-02 -3.88660000E-04
2001-11-15T05:25:46.653  4.31949000E-04  1.44449200E-02 -7.97918000E-04
2001-11-15T05:25:47.653 -1.95506900E-03  1.37316990E-02 -2.15078000E-04
2001-11-15T05:25:48.653 -1.36371800E-03  1.33432040E-02 -8.56118000E-04
2001-11-15T05:25:49.653 -1.11869900E-03  1.48372870E-02 -1.35880000E-04
2001-11-15T05:25:50.653 -1.14987000E-03  1.41276710E-02 -5.17507000E-04
2001-11-15T05:25:51.653 -3.89347000E-04  1.36136850E-02  4.12577000E-04
2001-11-15T05:25:52.661 -7.94611000E-04  1.55346260E-02 -1.02052000E-04
2001-11-15T05:25:53.653  1.06738700E-03  1.61667040E-02  3.67495000E-04
2001-11-15T05:25:54.653  6.43460000E-05  1.57676230E-02  1.08038000E-04
2001-11-15T05:25:55.653  4.18670000E-04  1.65305320E-02  9.53279000E-04
2001-11-15T05:25:56.653  1.70005000E-04  1.63654070E-02  2.90780000E-04
2001-11-15T05:25:57.657 -3.42047000E-04  1.45811570E-02  1.55356000E-04
2001-11-15T05:25:58.657 -1.00198000E-04  1.76299720E-02  2.96326000E-04
2001-11-15T05:25:59.653 -3.58529000E-04  1.73920190E-02  7.12204000E-04
2001-11-15T05:26:00.653  1.76645000E-04  1.76265220E-02  1.50729000E-04
2001-11-15T05:26:01.657 -2.54830000E-05  1.77165510E-02  4.31706000E-04
2001-11-15T05:26:02.653 -1.98269500E-03  1.63975360E-02 -3.46867000E-04
2001-11-15T05:26:03.653 -3.68195000E-04  1.80441500E-02 -2.79740000E-05
2001-11-15T05:26:04.653  1.52214000E-04  1.88640600E-02  2.04020000E-04
2001-11-15T05:26:05.653 -1.16708200E-03  1.67171430E-02 -8.85919000E-04
2001-11-15T05:26:06.657  1.58227000E-04  1.85315700E-02  4.93160000E-05
2001-11-15T05:26:07.653  1.03127600E-03  1.86605120E-02 -2.55247000E-04
2001-11-15T05:26:08.661 -6.93891000E-04  1.88763890E-02  4.15350000E-05
2001-11-15T05:26:09.653 -5.71130000E-05  1.81447530E-02  5.31107000E-04
2001-11-15T05:26:10.653 -6.68438000E-04  1.74853930E-02  1.27181600E-03
2001-11-15T05:26:11.653  2.48585000E-04  1.83073900E-02  7.12038000E-04
2001-11-15T05:26:12.653 -2.50470800E-03  1.75666810E-02  1.37977900E-03
2001-11-15T05:26:13.653 -6.41610000E-04  1.85573770E-02  9.95199000E-04
2001-11-15T05:26:14.653  4.82538000E-04  1.85805730E-02  1.66055800E-03
2001-11-15T05:26:15.653 -4.27445000E-04  1.78631380E-02  2.61530000E-04
2001-11-15T05:26:16.653 -1.52164000E-04  1.79074890E-02  1.24657000E-03
2001-11-15T05:26:17.657  7.81890000E-05  1.52562310E-02  3.95194000E-04
2001-11-15T05:26:18.653 -1.08678200E-03  1.53858850E-02  7.58746000E-04
2001-11-15T05:26:19.653 -1.16504500E-03  1.62033100E-02 -5.00111000E-04
2001-11-15T05:26:20.653 -1.65367000E-04  1.73044650E-02  2.36082000E-04
2001-11-15T05:26:21.653 -1.80654100E-03  1.43301800E-02  4.14773000E-04
2001-11-15T05:26:22.653  4.78230000E-05  1.52804490E-02  9.99330000E-05
2001-11-15T05:26:23.653  4.73244000E-04  1.67341880E-02 -1.16518000E-04
2001-11-15T05:26:24.657  1.74174000E-04  1.65240170E-02  9.74930000E-04
2001-11-15T05:26:25.653 -7.14888000E-04  1.51541120E-02 -3.35516000E-04
2001-11-15T05:26:26.653  1.08170000E-04  1.44749770E-02  2.58827000E-04
2001-11-15T05:26:27.653  4.33619000E-04  1.42045500E-02 -1.19081000E-04
2001-11-15T05:26:28.653  8.39738000E-04  1.45040360E-02  6.43531000E-04
2001-11-15T05:26:29.657  1.18744100E-03  1.37756950E-02  6.14187000E-04
2001-11-15T05:26:30.653 -7.76125000E-04  1.27487830E-02  1.52956100E-03
2001-11-15T05:26:31.653  8.83180000E-05  1.38258230E-02  1.09251300E-03
2001-11-15T05:26:32.653 -6.29247000E-04  1.17583720E-02  1.35567100E-03
2001-11-15T05:26:33.657 -7.51322000E-04  1.16608500E-02  4.94407000E-04
2001-11-15T05:26:34.653 -1.14930000E-05  1.26009830E-02  5.49002000E-04
2001-11-15T05:26:35.653 -1.00313700E-03  1.05679790E-02  9.68138000E-04
2001-11-15T05:26:36.653 -2.82223000E-04  9.54545800E-03  3.66165000E-04
2001-11-15T05:26:37.653 -6.60369000E-04  9.88844000E-03  5.95993000E-04
2001-11-15T05:26:38.653  4.87735000E-04  9.33969300E-03 -2.56480000E-05
2001-11-15T05:26:39.653  8.20612000E-04  1.08959810E-02  4.78019000E-04
2001-11-15T05:26:40.660  1.30441700E-03  9.31796400E-03  1.23612000E-04
2001-11-15T05:26:41.653  1.24318600E-03  1.20884010E-02 -6.92871000E-04
2001-11-15T05:26:42.653  1.75226000E-04  1.19781890E-02  2.55192000E-04
2001-11-15T05:26:43.653 -1.67188900E-03  8.15340800E-03 -1.39484000E-03
2001-11-15T05:26:44.653 -1.76471100E-03  9.14264100E-03 -1.18464000E-03
2001-11-15T05:26:45.657  8.48422000E-04  1.04039210E-02 -9.26756000E-04
2001-11-15T05:26:46.653 -1.12079600E-03  9.26871200E-03 -1.15612300E-03
2001-11-15T05:26:47.653  4.04961000E-04  9.18668500E-03 -1.28018400E-03
2001-11-15T05:26:48.653 -2.04044000E-04  1.03078370E-02 -1.06456000E-04
2001-11-15T05:26:49.657  8.10750000E-05  1.01805560E-02  4.10380000E-05
2001-11-15T05:26:50.653 -3.29950000E-05  9.77515300E-03  1.52126000E-04
2001-11-15T05:26:51.653 -1.17177000E-04  1.01982530E-02  7.68271000E-04
2001-11-15T05:26:52.653 -1.53569600E-03  8.95508000E-03  3.16590000E-05
2001-11-15T05:26:53.653 -1.93106200E-03  9.71681300E-03 -4.00443000E-04
2001-11-15T05:26:54.653 -1.67046700E-03  9.98770500E-03  4.49242000E-04
2001-11-15T05:26:55.653 -1.82569400E-03  1.02895700E-02  7.59779000E-04
2001-11-15T05:26:56.660 -2.40712800E-03  1.05949630E-02  2.58194000E-04
2001-11-15T05:26:57.653  5.71203000E-04  1.37088010E-02  4.51593000E-04
2001-11-15T05:26:58.653 -1.84086000E-04  1.21980460E-02  3.98911000E-04
2001-11-15T05:26:59.653  1.56780000E-04  1.16852280E-02  6.38755000E-04
2001-11-15T05:27:00.653  4.48934000E-04  1.11841480E-02 -1.77634000E-04
2001-11-15T05:27:01.657  3.16880000E-04  1.15974370E-02 -3.38372000E-04
2001-11-15T05:27:02.653  4.34241000E-04  1.16904100E-02  4.94761000E-04
2001-11-15T05:27:03.653 -4.35748000E-04  8.96067600E-03 -2.12090000E-04
2001-11-15T05:27:04.653  5.01109000E-04  1.15594720E-02 -4.77800000E-06
2001-11-15T05:27:05.657  1.19494200E-03  1.15984380E-02 -1.05325000E-04
2001-11-15T05:27:06.653 -5.54654000E-04  1.07057330E-02 -2.81295000E-04
2001-11-15T05:27:07.653  3.19085000E-04  1.12495300E-02 -9.81852000E-04
2001-11-15T05:27:08.653  4.71000000E-05  1.01121500E-02  1.41454400E-03
2001-11-15T05:27:09.653 -1.64943400E-03  8.83190900E-03  5.42228000E-04
2001-11-15T05:27:10.653 -1.07261000E-04  9.07813400E-03  8.57554000E-04
2001-11-15T05:27:11.653  4.29405000E-04  9.98387700E-03  2.01777400E-03
2001-11-15T05:27:12.660 -1.14490700E-03  7.91522000E-03  3.78649000E-04
2001-11-15T05:27:13.653  1.28945400E-03  9.69260000E-03  1.49384400E-03
2001-11-15T05:27:14.653 -6.81390000E-04  7.42303300E-03  1.23253200E-03
2001-11-15T05:27:15.653  8.91279000E-04  8.94145900E-03  1.09367300E-03
2001-11-15T05:27:16.653  9.36233000E-04  1.09837070E-02 -2.86435000E-04
2001-11-15T05:27:17.657 -1.30212700E-03  7.87040700E-03  1.05406400E-03
2001-11-15T05:27:18.657  6.89360000E-05  7.04212500E-03  6.03970000E-05
2001-11-15T05:27:19.653 -1.82275000E-04  8.03069600E-03  7.30611000E-04
2001-11-15T05:27:20.653 -9.59203000E-04  6.04979300E-03  1.04718400E-03
2001-11-15T05:27:21.657  6.09902000E-04  9.30706800E-03  4.53185000E-04
2001-11-15T05:27:22.653 -1.05371700E-03  7.45220400E-03  1.93098000E-04
2001-11-15T05:27:23.653  8.97945000E-04  8.58944000E-03  3.16387000E-04
2001-11-15T05:27:24.653  2.02065000E-04  7.28809500E-03 -3.32691000E-04
2001-11-15T05:27:25.653  1.79560300E-03  6.49409400E-03 -7.38190000E-05
2001-11-15T05:27:26.653  8.67151000E-04  5.43492100E-03 -9.58973000E-04
2001-11-15T05:27:27.653 -4.23888000E-04  4.20327000E-03 -9.46194000E-04
2001-11-15T05:27:28.660  1.10123400E-03  4.10181400E-03 -2.57264000E-04
2001-11-15T05:27:29.653  3.17265000E-04  4.36275100E-03 -8.27629000E-04
2001-11-15T05:27:30.653  1.61463000E-04  4.18054900E-03  2.81227000E-04
2001-11-15T05:27:31.653 -1.96750000E-04  5.09283100E-03  5.07679000E-04
2001-11-15T05:27:32.653 -1.00909000E-03  4.28443200E-03 -7.72258000E-04
2001-11-15T05:27:33.657 -5.31997000E-04  4.32709700E-03  8.10880000E-04
2001-11-15T05:27:34.653  1.17302000E-04  7.59623500E-03  4.11538000E-04
2001-11-15T05:27:35.653  1.49913900E-03  7.77913100E-03  1.84396000E-04
2001-11-15T05:27:36.653  5.71269000E-04  6.91604900E-03 -6.10070000E-05
2001-11-15T05:27:37.657  1.92774000E-04  6.79062800E-03  3.66317000E-04
2001-11-15T05:27:38.657 -3.35821000E-04  6.13175600E-03 -5.43900000E-06
2001-11-15T05:27:39.653 -1.47714500E-03  5.99929500E-03  8.94587000E-04
2001-11-15T05:27:40.653  5.50355000E-04  6.74006300E-03  3.52542000E-04
2001-11-15T05:27:41.653  1.12853700E-03  7.74802000E-03  5.20652000E-04
2001-11-15T05:27:42.653  1.04346000E-04  7.76832400E-03  1.20636900E-03
2001-11-15T05:27:43.653  5.99148000E-04  6.19864400E-03  7.52600000E-05
2001-11-15T05:27:44.660 -2.99938000E-04  7.04486600E-03 -2.71148000E-04
2001-11-15T05:27:45.653  9.99390000E-05  5.56491500E-03  1.82162000E-04
2001-11-15T05:27:46.653 -1.01295200E-03  6.33159700E-03 -5.49024000E-04
2001-11-15T05:27:47.653 -6.62927000E-04  5.37053400E-03  1.12611000E-04
2001-11-15T05:27:48.653 -3.91023000E-04  5.94500800E-03 -3.57628000E-04
2001-11-15T05:27:49.656  7.28246000E-04  5.85397700E-03 -6.34162000E-04
2001-11-15T05:27:50.656 -1.17946300E-03  3.61059000E-03  2.99590000E-05
2001-11-15T05:27:51.653  7.50558000E-04  3.92176400E-03 -3.92871000E-04
2001-11-15T05:27:52.653  1.16699800E-03  3.33199300E-03 -1.17622000E-04
2001-11-15T05:27:53.656  5.27070000E-04  3.11392300E-03  1.67667000E-04
2001-11-15T05:27:54.653  7.05010000E-05  2.42235300E-03  1.70215000E-04
2001-11-15T05:27:55.653  3.54860000E-04  2.19406600E-03  2.13267000E-04
2001-11-15T05:27:56.653 -4.09572000E-04  2.73244200E-03  4.15446000E-04
2001-11-15T05:27:57.653  3.31702000E-04  1.61508500E-03  4.22668000E-04
2001-11-15T05:27:58.653  3.90717000E-04  1.43129500E-03  1.17289100E-03
2001-11-15T05:27:59.653 -1.26431000E-04  2.43613200E-03  9.45990000E-04
2001-11-15T05:28:00.660  7.74363000E-04  2.18624500E-03  2.24277000E-04
2001-11-15T05:28:01.653  8.09744000E-04  2.07841100E-03  1.46535300E-03
2001-11-15T05:28:02.653  8.19321000E-04  2.62183000E-03  6.32136000E-04
2001-11-15T05:28:03.653  6.37905000E-04  2.02736700E-03 -3.97556000E-04
2001-11-15T05:28:04.653  1.10811100E-03  1.70586100E-03  4.40033000E-04
2001-11-15T05:28:05.656  5.18460000E-05  1.53185200E-03 -2.25208000E-04
2001-11-15T05:28:06.653 -1.20797700E-03  1.85070400E-03 -2.89725000E-04
2001-11-15T05:28:07.653 -1.10579000E-03  1.32341500E-03 -1.41259000E-04
2001-11-15T05:28:08.653 -4.41567000E-04  4.28393000E-04  4.03421000E-04
2001-11-15T05:28:09.656  3.11610000E-05  1.00173800E-03  3.34699000E-04
2001-11-15T05:28:10.653  8.48664000E-04  1.33885200E-03  1.50100000E-06
2001-11-15T05:28:11.653  9.60942000E-04  1.40532700E-03  3.62225000E-04
2001-11-15T05:28:12.653 -5.23419000E-04  1.76907000E-03  4.99192000E-04
2001-11-15T05:28:13.653 -7.13759000E-04  1.76733000E-04  2.40140000E-04
2001-11-15T05:28:14.653 -2.57642000E-04  2.00465800E-03  5.41272000E-04
2001-11-15T05:28:15.653 -7.29758000E-04  1.95598900E-03  1.09530200E-03
2001-11-15T05:28:16.660 -8.47788000E-04  9.23947000E-04  8.89357000E-04
2001-11-15T05:28:17.653 -1.19049400E-03  9.39291000E-04  6.27093000E-04
2001-11-15T05:28:18.653 -1.16640000E-05  2.00071600E-03  1.13436800E-03
2001-11-15T05:28:19.653 -5.74884000E-04  1.66555200E-03  1.80137000E-04
2001-11-15T05:28:20.653 -1.14959200E-03  3.12277000E-04 -2.86194000E-04
2001-11-15T05:28:21.656  6.71560000E-05  1.21690800E-03  8.67987000E-04
2001-11-15T05:28:22.653  7.56440000E-04  2.51543800E-03  4.90130000E-04
2001-11-15T05:28:23.653 -1.07975900E-03  3.86671000E-04 -5.44004000E-04
2001-11-15T05:28:24.653 -8.31073000E-04  1.06275900E-03 -2.87810000E-04
2001-11-15T05:28:25.656  2.13842000E-04  1.69103900E-03  6.03876000E-04
2001-11-15T05:28:26.653 -3.16310000E-04  1.98402300E-03  5.14125000E-04
2001-11-15T05:28:27.653 -6.74293000E-04  4.23258000E-04 -3.54755000E-04
2001-11-15T05:28:28.653  4.47264000E-04  1.39517900E-03  5.45826000E-04
2001-11-15T05:28:29.653 -1.26381000E-04  3.68160000E-05  8.17178000E-04
2001-11-15T05:28:30.653 -6.43534000E-04 -2.29218000E-04 -4.46194000E-04
2001-11-15T05:28:31.653  7.16479000E-04  1.18168200E-03  1.33228800E-03
2001-11-15T05:28:32.660  3.70274000E-04  6.99773000E-04  1.09278000E-03
2001-11-15T05:28:33.653  1.31400000E-06 -3.30853000E-04  2.87120000E-05
2001-11-15T05:28:34.653  1.63064000E-03  5.05742000E-04  1.67682900E-03
2001-11-15T05:28:35.653 -1.86079000E-04 -2.81275000E-04  5.98979000E-04
2001-11-15T05:28:36.653 -1.73409000E-04  8.34370000E-05  3.96551000E-04
2001-11-15T05:28:37.656  7.59264000E-04  1.68164800E-03  1.44556700E-03
2001-11-15T05:28:38.656 -1.05678000E-03  6.45901000E-04  8.82640000E-05
2001-11-15T05:28:39.653 -4.20532000E-04  8.47819000E-04  2.32462900E-03
2001-11-15T05:28:40.653  6.99718000E-04  1.73631700E-03  7.14277000E-04
2001-11-15T05:28:41.656 -8.48159000E-04 -7.86416000E-04  4.09620000E-04
2001-11-15T05:28:42.653  7.63150000E-04  2.32376000E-04 -5.95431000E-04
2001-11-15T05:28:43.653  1.21627200E-03  3.75330000E-05 -2.07330000E-04
2001-11-15T05:28:44.653 -3.45308000E-04 -4.18510000E-04 -4.48055000E-04
2001-11-15T05:28:45.653  8.25272000E-04  1.25657900E-03 -9.80416000E-04
2001-11-15T05:28:46.653 -9.18079000E-04  9.39263000E-04 -1.58052000E-04
2001-11-15T05:28:47.653 -8.58967000E-04  6.71211000E-04  5.37922000E-04
2001-11-15T05:28:48.660  1.19894600E-03  2.04812000E-04 -1.22077000E-04
2001-11-15T05:28:49.653 -5.68591000E-04 -1.33224400E-03 -8.76442000E-04
2001-11-15T05:28:50.653  9.08297000E-04  5.34425000E-04 -6.48650000E-04
2001-11-15T05:28:51.653 -5.67992000E-04  4.79197000E-04  1.87720000E-04
2001-11-15T05:28:52.653 -6.63755000E-04  6.24074000E-04  2.08587000E-04
2001-11-15T05:28:53.656  2.27829000E-04  1.15903000E-03  1.03803700E-03
2001-11-15T05:28:54.653 -4.80373000E-04 -1.25399900E-03  8.46789000E-04
2001-11-15T05:28:55.653  1.17348300E-03  1.74260000E-05  1.09943200E-03
2001-11-15T05:28:56.652  6.20853000E-04  6.42410000E-05  2.63614000E-04
2001-11-15T05:28:57.656 -7.92879000E-04 -9.04590000E-05  8.23791000E-04
2001-11-15T05:28:58.652  7.58340000E-05  1.74258000E-03  7.00560000E-05
2001-11-15T05:28:59.652 -1.85316800E-03 -3.34893000E-04  4.58497000E-04
2001-11-15T05:29:00.652  7.30228000E-04  5.55101000E-04  2.18770000E-04
2001-11-15T05:29:01.652  4.12706000E-04 -2.42687000E-04 -4.98360000E-04
2001-11-15T05:29:02.652 -2.89560000E-05 -4.08898000E-04 -2.02325000E-04
2001-11-15T05:29:03.652  8.29690000E-04  1.41287500E-03 -8.58750000E-04
2001-11-15T05:29:04.660 -1.36588700E-03 -3.04336000E-04 -1.71156000E-04
2001-11-15T05:29:05.652  9.11065000E-04  3.67611000E-04 -4.20696000E-04
2001-11-15T05:29:06.652  7.33626000E-04 -1.13600000E-06  8.38290000E-05
2001-11-15T05:29:07.652  2.05790000E-05 -4.43903000E-04  3.97578000E-04
2001-11-15T05:29:08.652  9.18228000E-04  6.41029000E-04 -2.24119000E-04
2001-11-15T05:29:09.652 -1.08691100E-03 -4.19052000E-04 -5.04058000E-04
2001-11-15T05:29:10.652  2.20057000E-04  1.43374700E-03 -6.81397000E-04
2001-11-15T05:29:11.652  4.84421000E-04  8.24901000E-04 -1.59479400E-03
2001-11-15T05:29:12.652  3.64770000E-05 -3.13860000E-04 -3.98764000E-04
2001-11-15T05:29:13.656  9.69360000E-04  3.45190000E-05 -6.97018000E-04
2001-11-15T05:29:14.652 -6.73883000E-04 -1.23013000E-03 -1.19340300E-03
2001-11-15T05:29:15.652  2.19142000E-04  9.33112000E-04  4.79505000E-04
2001-11-15T05:29:16.652 -1.50890100E-03  2.79513000E-04  6.00929000E-04
2001-11-15T05:29:17.652 -8.01490000E-05  2.32390000E-04  7.04213000E-04
2001-11-15T05:29:18.652 -1.42844000E-04  4.55892000E-04  9.74580000E-05
2001-11-15T05:29:19.652 -4.28509000E-04 -8.41515000E-04  7.08309000E-04
2001-11-15T05:29:20.656  8.35997000E-04  2.95014000E-04  8.67600000E-05
2001-11-15T05:29:21.652 -1.54172400E-03 -3.54638000E-04  1.11828000E-04
2001-11-15T05:29:22.652 -4.24650000E-04  1.00779400E-03  5.33748000E-04
2001-11-15T05:29:23.652 -3.27923000E-04  6.46484000E-04  1.78181000E-04
2001-11-15T05:29:24.652 -2.61110000E-04 -6.90510000E-05 -4.70500000E-05
2001-11-15T05:29:25.656  1.09693400E-03  6.04319000E-04  9.18909000E-04
2001-11-15T05:29:26.652 -8.16761000E-04 -8.11524000E-04 -7.16300000E-06
2001-11-15T05:29:27.652  1.60639000E-04  1.02079700E-03  6.47737000E-04
2001-11-15T05:29:28.652 -1.34548300E-03 -3.14522000E-04  2.93300000E-06
2001-11-15T05:29:29.656  6.36202000E-04  3.08360000E-05  6.63180000E-04
2001-11-15T05:29:30.652 -1.45766000E-04 -9.42974000E-04 -1.63726000E-04
2001-11-15T05:29:31.652 -1.38367000E-04  1.25609000E-04 -3.94238000E-04
2001-11-15T05:29:32.652 -2.15760000E-04  3.81457000E-04  4.04779000E-04
2001-11-15T05:29:33.652 -2.70336000E-04 -5.52678000E-04 -5.17048000E-04
2001-11-15T05:29:34.652  4.40031000E-04  2.87276000E-04 -7.68844000E-04
2001-11-15T05:29:35.652 -5.77171000E-04 -7.52444000E-04 -5.20698000E-04
2001-11-15T05:29:36.660  8.98083000E-04  7.34126000E-04 -5.36149000E-04
2001-11-15T05:29:37.652 -1.07001500E-03  8.93110000E-05 -1.21042700E-03
2001-11-15T05:29:38.652  1.18587000E-04  8.57950000E-04 -8.06710000E-05
2001-11-15T05:29:39.652 -3.11939000E-04 -9.42300000E-06  6.07622000E-04
2001-11-15T05:29:40.652  1.13783000E-04 -2.87303000E-04 -2.34575000E-04
2001-11-15T05:29:41.656  7.56780000E-04  2.06529000E-04 -4.93544000E-04
2001-11-15T05:29:42.652 -6.91541000E-04  1.10169000E-04  3.52740000E-04
2001-11-15T05:29:43.652  4.37151000E-04  1.70768000E-03 -2.69988000E-04
2001-11-15T05:29:44.652 -1.61315500E-03 -1.59828000E-04  2.84029000E-04
2001-11-15T05:29:45.656  1.23745900E-03  2.13839000E-04  1.36459000E-04
2001-11-15T05:29:46.656 -3.97343000E-04 -1.10507500E-03 -5.23658000E-04
2001-11-15T05:29:47.652  1.65865000E-04  1.64555000E-04  2.26233000E-04
2001-11-15T05:29:48.652 -6.31600000E-04  3.57616000E-04  3.64485000E-04
2001-11-15T05:29:49.652 -1.35564700E-03  4.22015000E-04  8.42517000E-04
2001-11-15T05:29:50.652  9.25512000E-04  8.71072000E-04 -3.47677000E-04
2001-11-15T05:29:51.652 -1.30127900E-03 -2.32279000E-04 -9.71518000E-04
2001-11-15T05:29:52.660  3.14686000E-04  3.11468000E-04 -6.45099000E-04
2001-11-15T05:29:53.652  9.48295000E-04  4.03304000E-04  1.63700000E-05
2001-11-15T05:29:54.652 -8.75642000E-04  2.49491000E-04 -5.72293000E-04
2001-11-15T05:29:55.652  4.53617000E-04  1.52055900E-03 -3.60851000E-04
2001-11-15T05:29:56.652 -6.92613000E-04 -9.37981000E-04  1.77880000E-05
2001-11-15T05:29:57.656  8.05143000E-04 -9.51190000E-05 -2.55984000E-04
2001-11-15T05:29:58.656 -1.61169000E-04  7.64680000E-05 -9.84539000E-04
2001-11-15T05:29:59.652 -4.04834000E-04  4.66918000E-04  2.24820000E-05
2001-11-15T05:30:00.652  8.55778000E-04  1.38736300E-03  6.63277000E-04
2001-11-15T05:30:01.656 -8.63562000E-04 -1.22581000E-04 -1.93948600E-03
2001-11-15T05:30:02.652  1.28205000E-03 -2.23106000E-04 -5.13195000E-04
2001-11-15T05:30:03.652 -6.03657000E-04 -8.76772000E-04 -1.87665000E-04
2001-11-15T05:30:04.652  4.73234000E-04  7.80843000E-04 -7.67197000E-04
2001-11-15T05:30:05.652 -1.32559600E-03 -4.61015000E-04 -2.48169000E-04
2001-11-15T05:30:06.652  6.33629000E-04  5.00108000E-04 -2.47881000E-04
2001-11-15T05:30:07.652  2.81369000E-04 -2.00209000E-04  2.72440000E-05
2001-11-15T05:30:08.660  1.57573000E-04 -7.02695000E-04  1.30243100E-03
2001-11-15T05:30:09.652  3.61201000E-04  1.13576300E-03  1.00926800E-03
2001-11-15T05:30:10.652 -1.06777600E-03  7.50280000E-05 -2.15645000E-04
2001-11-15T05:30:11.652  4.38856000E-04  1.06754500E-03  4.58174000E-04
2001-11-15T05:30:12.652  4.35292000E-04 -1.17423000E-04 -3.25402000E-04
2001-11-15T05:30:13.656  8.81117000E-04 -2.83829000E-04  5.56008000E-04
2001-11-15T05:30:14.652  7.14673000E-04  3.00321000E-04 -5.87070000E-04
2001-11-15T05:30:15.652 -8.70086000E-04  4.13872000E-04  4.64186000E-04
2001-11-15T05:30:16.652  5.66300000E-05 -2.55880000E-05  1.14609000E-03
2001-11-15T05:30:17.656 -1.01295000E-04 -1.06110200E-03 -3.58013000E-04
2001-11-15T05:30:18.652  1.46647100E-03  6.04065000E-04 -3.49244000E-04
2001-11-15T05:30:19.652 -8.13408000E-04 -4.35924000E-04 -1.56977000E-04
2001-11-15T05:30:20.652  3.08873000E-04  1.20330800E-03 -2.41039000E-04
2001-11-15T05:30:21.652 -3.41753000E-04 -5.12070000E-05 -6.76680000E-04
2001-11-15T05:30:22.652  6.21035000E-04 -6.64522000E-04 -1.84132000E-04
2001-11-15T05:30:23.652  3.31720000E-04 -1.69322000E-04 -6.12530000E-05
2001-11-15T05:30:24.660 -2.09563000E-04 -1.80095000E-04 -7.27197000E-04
2001-11-15T05:30:25.652  4.18304000E-04  1.53274500E-03 -6.51779000E-04
2001-11-15T05:30:26.652 -1.17153200E-03 -6.56859000E-04 -3.73964000E-04
2001-11-15T05:30:27.652  1.00918500E-03  1.84336000E-04  3.49531000E-04
2001-11-15T05:30:28.652 -9.07150000E-05 -3.43932000E-04  2.81365000E-04
2001-11-15T05:30:29.656 -1.16596000E-04  6.12207000E-04  7.27975000E-04
2001-11-15T05:30:30.652 -4.41502000E-04  3.31343000E-04  2.49280000E-04
2001-11-15T05:30:31.652 -1.44499000E-04 -4.55909000E-04  1.00943700E-03
2001-11-15T05:30:32.652  1.11504400E-03 -9.15290000E-05  3.70123000E-04
2001-11-15T05:30:33.656 -7.73183000E-04 -1.01243500E-03  6.92673000E-04
2001-11-15T05:30:34.652  6.78989000E-04  8.41453000E-04  5.74734000E-04
2001-11-15T05:30:35.652 -1.11772400E-03 -4.22762000E-04  5.52760000E-04
2001-11-15T05:30:36.652  5.73242000E-04  6.42625000E-04  1.89600000E-04
2001-11-15T05:30:37.652  2.33021000E-04  7.28160000E-05  8.68780000E-05
2001-11-15T05:30:38.652 -6.98910000E-05 -2.06532000E-04  1.06242500E-03
2001-11-15T05:30:39.652  3.71155000E-04  1.02726300E-03 -6.11350000E-04
2001-11-15T05:30:40.660 -7.61597000E-04  1.75212000E-04 -5.52474000E-04
2001-11-15T05:30:41.652  7.77527000E-04  7.43809000E-04  4.03591000E-04
2001-11-15T05:30:42.652 -3.63559000E-04 -1.16483300E-03 -1.68183000E-04
2001-11-15T05:30:43.652  1.01522300E-03  8.22082000E-04 -2.29050000E-04
2001-11-15T05:30:44.652 -1.54799100E-03 -1.51795000E-04 -1.37177000E-04
2001-11-15T05:30:45.656  5.76180000E-04  8.70134000E-04 -8.80823000E-04
2001-11-15T05:30:46.652  8.39876000E-04 -1.13140400E-03 -6.81995000E-04
2001-11-15T05:30:47.652  4.40740000E-04 -5.89361000E-04  1.58979000E-04
2001-11-15T05:30:48.652  8.57621000E-04  7.81607000E-04 -6.74151000E-04
2001-11-15T05:30:49.656 -9.44414000E-04  3.97460000E-04 -4.93994000E-04
2001-11-15T05:30:50.652  5.91100000E-04  7.30975000E-04  2.72662000E-04
2001-11-15T05:30:51.652 -8.03672000E-04 -1.00357000E-03 -2.67836000E-04
2001-11-15T05:30:52.652  1.67013100E-03  5.32339000E-04  9.89570000E-04
2001-11-15T05:30:53.652 -6.01029000E-04 -6.18452000E-04  2.36328000E-04
2001-11-15T05:30:54.652 -5.30930000E-05  1.22594300E-03  5.22243000E-04
2001-11-15T05:30:55.652 -6.42283000E-04 -2.79859000E-04  2.04022000E-04
2001-11-15T05:30:56.660  7.25576000E-04 -7.32302000E-04  1.17521800E-03
2001-11-15T05:30:57.652 -2.21534000E-04 -4.71989000E-04  8.08482000E-04
2001-11-15T05:30:58.652 -3.42172000E-04 -1.47887000E-04  3.43238000E-04
2001-11-15T05:30:59.652  3.96529000E-04  1.12554000E-03  1.14733400E-03
2001-11-15T05:31:00.652 -6.91501000E-04 -6.20180000E-04 -4.62475000E-04
2001-11-15T05:31:01.656  1.20339800E-03  2.15648000E-04 -4.12407000E-04
2001-11-15T05:31:02.652 -4.57639000E-04 -3.74131000E-04 -6.01300000E-05
2001-11-15T05:31:03.656  6.60105000E-04  9.11127000E-04 -1.01191200E-03
2001-11-15T05:31:04.652  3.21064000E-04  2.20018000E-04 -7.77950000E-04
2001-11-15T05:31:05.656  3.02731000E-04  9.98590000E-05  4.05007000E-04
2001-11-15T05:31:06.652  7.97484000E-04  9.44570000E-05 -6.64940000E-05
2001-11-15T05:31:07.652 -6.66948000E-04 -2.36576000E-04 -1.08223000E-04
2001-11-15T05:31:08.652  8.29460000E-05  1.67842500E-03 -3.43180000E-05
2001-11-15T05:31:09.652 -3.36360000E-04 -5.50453000E-04 -2.58316000E-04
2001-11-15T05:31:10.652  9.07583000E-04  4.29702000E-04 -3.66319000E-04
2001-11-15T05:31:11.652  6.85750000E-05 -5.89184000E-04 -3.81194000E-04
2001-11-15T05:31:12.660 -3.32411000E-04  4.04617000E-04 -3.51881000E-04
2001-11-15T05:31:13.652 -3.11740000E-04  1.07018700E-03 -6.44420000E-05
2001-11-15T05:31:14.652 -6.48170000E-04 -2.29950000E-04  5.91870000E-05
2001-11-15T05:31:15.652  1.91904800E-03 -1.84128000E-04  3.20810000E-05
2001-11-15T05:31:16.652 -6.19937000E-04 -1.18077900E-03  6.81992000E-04
2001-11-15T05:31:17.656  1.16073000E-04  3.80143000E-04  4.16152000E-04
2001-11-15T05:31:18.656 -1.54384100E-03  8.69100000E-06  3.71890000E-05
2001-11-15T05:31:19.652  1.05941000E-04  1.24849300E-03  7.90198000E-04
2001-11-15T05:31:20.652 -3.71322000E-04 -5.80314000E-04  8.89838000E-04
2001-11-15T05:31:21.656  2.24893000E-04  6.72050000E-05 -3.71960000E-04
2001-11-15T05:31:22.652 -2.88794000E-04 -3.70607000E-04 -4.72180000E-05
2001-11-15T05:31:23.652 -7.63828000E-04  3.60461000E-04 -9.46660000E-05
2001-11-15T05:31:24.652  5.33801000E-04  1.09094100E-03 -4.67713000E-04
2001-11-15T05:31:25.652 -6.45858000E-04 -3.97130000E-04 -2.47370000E-05
2001-11-15T05:31:26.652  1.63178300E-03  3.45098000E-04 -3.76929000E-04
2001-11-15T05:31:27.652 -5.09062000E-04 -1.00791600E-03 -7.41666000E-04
2001-11-15T05:31:28.660  3.13482000E-04  9.78160000E-04 -1.91508000E-04
2001-11-15T05:31:29.652 -6.34383000E-04 -5.03961000E-04  7.38755000E-04
2001-11-15T05:31:30.652  4.65901000E-04  2.17182000E-04 -1.94997000E-04
2001-11-15T05:31:31.652 -2.26711000E-04 -3.50147000E-04 -4.58800000E-06
2001-11-15T05:31:32.652 -4.45900000E-06  5.52070000E-05  5.49166000E-04
2001-11-15T05:31:33.656 -6.97884000E-04  7.08617000E-04 -3.39768000E-04
2001-11-15T05:31:34.656 -5.21837000E-04 -2.31104000E-04 -5.01658000E-04
2001-11-15T05:31:35.652  8.68413000E-04  4.99828000E-04 -1.83088000E-04
2001-11-15T05:31:36.652  1.31290000E-05 -8.78296000E-04  1.71071000E-04
2001-11-15T05:31:37.656  2.26296000E-04  6.88963000E-04  4.25362000E-04
2001-11-15T05:31:38.652 -1.57818500E-03  1.51364000E-04  4.54131000E-04
2001-11-15T05:31:39.652  1.54920000E-04  8.43611000E-04  9.53374000E-04
2001-11-15T05:31:40.652 -2.27317000E-04 -5.94280000E-04  3.07075000E-04
2001-11-15T05:31:41.652  4.59097000E-04 -5.83453000E-04  1.95804000E-04
2001-11-15T05:31:42.652  3.28428000E-04 -2.29664000E-04 -5.10463000E-04
2001-11-15T05:31:43.652 -3.99043000E-04  4.07633000E-04 -1.87154000E-04
2001-11-15T05:31:44.660 -5.75245000E-04  9.26926000E-04 -8.46324000E-04
2001-11-15T05:31:45.652 -8.37140000E-05  9.28659000E-04 -2.67140000E-05
2001-11-15T05:31:46.652 -1.46116800E-03 -8.07806000E-04 -6.82036000E-04
2001-11-15T05:31:47.656  1.78960000E-04 -5.61621000E-04  2.57698000E-04
2001-11-15T05:31:48.652 -1.27365300E-03 -6.25548000E-04 -2.33724000E-04
2001-11-15T05:31:49.656 -1.00497000E-03  5.98090000E-04 -1.68700000E-06
2001-11-15T05:31:50.652  2.55947600E-03  6.29990000E-04 -9.32558000E-04
2001-11-15T05:31:51.652  1.18833000E-04 -1.29062900E-03 -1.13307600E-03
2001-11-15T05:31:52.652  9.70169000E-04 -1.01835000E-04 -9.34781000E-04
2001-11-15T05:31:53.656 -9.11979000E-04 -4.39709000E-04 -3.60302000E-04
2001-11-15T05:31:54.652 -4.36297000E-04  9.69539000E-04  7.33410000E-05
2001-11-15T05:31:55.652 -1.72321100E-03  3.00702000E-04 -6.40484000E-04
2001-11-15T05:31:56.652  1.23161500E-03  6.14643000E-04 -3.03921000E-04
2001-11-15T05:31:57.656  3.71983000E-04 -1.05004000E-03  3.28313000E-04
2001-11-15T05:31:58.656  7.62214000E-04  2.80906000E-04  7.79800000E-06
2001-11-15T05:31:59.652 -4.75388000E-04 -7.46700000E-05  2.90500000E-06
2001-11-15T05:32:00.660  9.60850000E-05  1.02577300E-03 -3.38385000E-04
2001-11-15T05:32:01.652 -1.72353800E-03 -4.23257000E-04  1.22683800E-03
2001-11-15T05:32:02.652  3.12277000E-04  8.70311000E-04  6.77977000E-04
2001-11-15T05:32:03.652 -1.17315200E-03 -1.73700500E-03 -1.98294000E-04
2001-11-15T05:32:04.652  1.17574300E-03  3.98999000E-04 -1.94407000E-04
2001-11-15T05:32:05.652 -4.19684000E-04 -8.03150000E-05 -7.38266000E-04
2001-11-15T05:32:06.652 -6.61150000E-05  1.15687400E-03 -3.13082000E-04
2001-11-15T05:32:07.652 -9.55805000E-04  3.14530000E-05 -1.12635000E-04
2001-11-15T05:32:08.652  3.43441000E-04  3.71725000E-04 -1.04533100E-03
2001-11-15T05:32:09.660  1.79616000E-04  2.52911000E-04 -3.17428000E-04
2001-11-15T05:32:10.652  6.24090000E-04 -6.40610000E-05 -1.05801100E-03
2001-11-15T05:32:11.652 -9.48826000E-04 -2.98282000E-04  3.86238000E-04
2001-11-15T05:32:12.652 -5.69700000E-06  8.98478000E-04  7.05320000E-05
2001-11-15T05:32:13.652 -1.69630500E-03 -8.40056000E-04 -8.20970000E-05
2001-11-15T05:32:14.652  4.01842000E-04  1.28560400E-03  1.74650000E-05
2001-11-15T05:32:15.652 -1.46728700E-03 -6.44143000E-04 -3.24935000E-04
2001-11-15T05:32:16.656  8.73619000E-04  7.86673000E-04  1.78239000E-04
2001-11-15T05:32:17.652 -1.36319600E-03 -1.17570000E-03 -1.31139000E-04
2001-11-15T05:32:18.652  9.76491000E-04  7.02740000E-04  4.23881000E-04
2001-11-15T05:32:19.652 -1.31383100E-03 -2.40348000E-04  4.68210000E-05
2001-11-15T05:32:20.656  3.21943000E-04  1.16096300E-03  2.43279000E-04
2001-11-15T05:32:21.656 -1.44349400E-03  2.26717000E-04  6.43286000E-04
2001-11-15T05:32:22.652 -6.58565000E-04  6.74743000E-04  5.10423000E-04
2001-11-15T05:32:23.652 -1.10300300E-03  1.72477000E-04  1.94658000E-04
2001-11-15T05:32:24.652  9.95624000E-04  1.23985000E-04 -9.00480000E-05
2001-11-15T05:32:25.656 -7.08959000E-04 -1.53561600E-03 -4.86475000E-04
2001-11-15T05:32:26.652  6.79594000E-04  2.90206000E-04 -6.38476000E-04
2001-11-15T05:32:27.652 -9.17625000E-04 -2.58580000E-04 -1.31628800E-03
2001-11-15T05:32:28.652 -3.72308000E-04  1.66340000E-05 -1.08155800E-03
2001-11-15T05:32:29.652  6.62346000E-04  1.69749900E-03 -4.95488000E-04
2001-11-15T05:32:30.652 -1.19212700E-03 -3.57395000E-04 -1.08803500E-03
2001-11-15T05:32:31.652  4.56583000E-04  8.14616000E-04 -1.12899000E-03
2001-11-15T05:32:32.660  1.26164000E-03  3.67225000E-04 -1.70746000E-04
2001-11-15T05:32:33.652 -4.57028000E-04 -7.08162000E-04 -1.32815400E-03
2001-11-15T05:32:34.652  4.00282000E-04  9.89398000E-04 -4.30245000E-04
2001-11-15T05:32:35.652  1.62872000E-04  1.22182700E-03 -6.31657000E-04
2001-11-15T05:32:36.652  4.55546000E-04 -3.70072000E-04 -5.20833000E-04
2001-11-15T05:32:37.656  1.04381500E-03  8.43277000E-04  1.01795000E-04
2001-11-15T05:32:38.652  5.65269000E-04 -7.18001000E-04  1.11370000E-05
2001-11-15T05:32:39.652  1.99661000E-04 -1.38681000E-04  1.07220000E-04
2001-11-15T05:32:40.652  1.01623300E-03  1.44785700E-03  5.93907000E-04
2001-11-15T05:32:41.656 -1.39960400E-03 -3.52011000E-04  5.42335000E-04
2001-11-15T05:32:42.656  1.59727600E-03  3.51027000E-04 -9.00880000E-05
2001-11-15T05:32:43.652  1.48762000E-03  2.53264000E-04  9.25078000E-04
2001-11-15T05:32:44.652 -3.40961000E-04 -6.06636000E-04 -1.55185000E-04
2001-11-15T05:32:45.652  4.56016000E-04  8.44495000E-04  1.51978900E-03
2001-11-15T05:32:46.652 -1.13173100E-03 -4.12468000E-04 -1.68870000E-04
2001-11-15T05:32:47.652  9.66019000E-04  5.17959000E-04  2.66874000E-04
2001-11-15T05:32:48.660  5.99522000E-04 -3.99029000E-04 -5.33130000E-05
2001-11-15T05:32:49.652  4.46931000E-04  5.64350000E-05  1.35939000E-04
2001-11-15T05:32:50.652  4.03275000E-04  1.58943500E-03  1.65187000E-04
2001-11-15T05:32:51.652 -1.45128600E-03  2.78260000E-04 -2.23770000E-05
2001-11-15T05:32:52.652  1.34276700E-03  1.08886000E-03  3.10067000E-04
2001-11-15T05:32:53.656 -1.20377900E-03 -1.06579500E-03  3.24380000E-05
2001-11-15T05:32:54.652  2.09650000E-04  2.20476000E-04  5.13821000E-04
2001-11-15T05:32:55.652 -8.23330000E-04  4.26458000E-04 -8.25020000E-05
2001-11-15T05:32:56.656  1.94095000E-04  2.62123000E-04  7.70080000E-05
2001-11-15T05:32:57.656 -2.11380000E-05  2.80416500E-03 -1.06523100E-03
2001-11-15T05:32:58.652  2.61891800E-03 -6.77465400E-03  8.24998600E-03
2001-11-15T05:32:59.652  2.24226600E-03  1.47416000E-03  6.98215700E-03
2001-11-15T05:33:00.652 -8.99091100E-03 -5.25218800E-03  4.38048200E-03
2001-11-15T05:33:01.652  5.88629600E-03  9.22198200E-03  6.29220100E-03
2001-11-15T05:33:02.652 -5.45166300E-03 -6.77727500E-03  3.62169600E-03
2001-11-15T05:33:03.652  8.63708100E-03 -2.25488100E-03  3.53920000E-04
2001-11-15T05:33:04.660 -3.21729600E-03 -7.03579900E-03  8.91319000E-03
2001-11-15T05:33:05.652 -1.22861900E-03  7.43895200E-03  8.32280300E-03
2001-11-15T05:33:06.652 -3.21663700E-03  9.07977900E-03  5.81489400E-03
2001-11-15T05:33:07.652  2.20655900E-03  4.75835000E-04  5.18548600E-03
2001-11-15T05:33:08.652  5.39566300E-03  2.86637000E-04 -3.25152200E-03
2001-11-15T05:33:09.652 -5.59826100E-03 -8.78486100E-03  1.17185000E-04
2001-11-15T05:33:10.652  4.07743400E-03  9.50704000E-03 -3.71207800E-03
2001-11-15T05:33:11.652 -4.34039000E-03  1.60239900E-03 -2.63276600E-03
2001-11-15T05:33:12.652  6.31669100E-03 -1.00387200E-03 -5.04534000E-04
2001-11-15T05:33:13.656 -7.93928000E-04 -8.80038000E-04 -8.22825700E-03
2001-11-15T05:33:14.652  5.54024800E-03 -7.19028000E-04 -3.02884900E-03
2001-11-15T05:33:15.652 -3.50695100E-03 -9.78815000E-04 -5.38801900E-03
2001-11-15T05:33:16.652 -2.74954500E-03  3.71521200E-03 -5.64539100E-03
2001-11-15T05:33:17.652  2.36652000E-04 -4.23634100E-03  9.99690000E-04
2001-11-15T05:33:18.652 -4.21961300E-03 -8.53249500E-03 -5.74635900E-03
2001-11-15T05:33:19.652  6.30212700E-03  3.72860500E-03  1.93605200E-03
2001-11-15T05:33:20.656 -7.61130800E-03 -1.99655400E-03 -2.31881200E-03
2001-11-15T05:33:21.652  2.79686400E-03  8.88816300E-03  3.10620500E-03
2001-11-15T05:33:22.652 -1.98235100E-03 -5.19060500E-03  5.12329500E-03
2001-11-15T05:33:23.652  4.65616300E-03 -1.61017300E-03  6.16769400E-03
2001-11-15T05:33:24.652 -5.81460200E-03 -6.84877700E-03  5.67572200E-03
2001-11-15T05:33:25.652 -5.12326800E-03  5.29821900E-03  3.56948100E-03
2001-11-15T05:33:26.656 -3.24411700E-03  5.93424900E-03  2.00781300E-03
2001-11-15T05:33:27.652 -3.24414000E-04 -4.98586500E-03  1.28705800E-03
2001-11-15T05:33:28.652  1.13955080E-02 -7.58345000E-04 -1.37693100E-03
2001-11-15T05:33:29.656 -7.95716200E-03 -3.68541700E-03 -4.61121100E-03
2001-11-15T05:33:30.652 -1.68120800E-03  8.48164500E-03 -5.97093800E-03
2001-11-15T05:33:31.652 -8.78058300E-03 -5.83642800E-03 -1.35669800E-03
2001-11-15T05:33:32.652  4.06472000E-04 -3.36318100E-03 -1.01579660E-02
2001-11-15T05:33:33.652 -8.51043000E-04 -9.50421300E-03 -2.76086000E-04
2001-11-15T05:33:34.652  4.20342000E-03  1.92066600E-03 -1.58621100E-03
2001-11-15T05:33:35.652 -4.94851300E-03  4.17614600E-03 -1.33733800E-03
2001-11-15T05:33:36.656  4.34676600E-03  3.29500000E-05  2.09144900E-03
2001-11-15T05:33:37.652  9.79941200E-03 -1.98620000E-05 -1.08587300E-03
2001-11-15T05:33:38.652 -6.74318800E-03 -8.88926100E-03  4.55408400E-03
2001-11-15T05:33:39.652  5.18572700E-03  9.18957100E-03  4.83129600E-03
2001-11-15T05:33:40.652 -1.03209330E-02 -4.79932200E-03  1.98202500E-03
2001-11-15T05:33:41.652  7.83092000E-03  4.83304600E-03  7.95506700E-03
2001-11-15T05:33:42.652 -1.22475900E-03 -9.55716100E-03  1.13024950E-02
2001-11-15T05:33:43.652  2.84017500E-03  2.92511900E-03  7.63554000E-03
2001-11-15T05:33:44.652 -4.60602800E-03  1.23127400E-03  1.50520000E-03
2001-11-15T05:33:45.656 -3.74726000E-03  3.53064400E-03  3.41368400E-03
2001-11-15T05:33:46.652  6.94616200E-03 -4.19724000E-04  4.33354800E-03
2001-11-15T05:33:47.652  8.64077000E-04 -7.99996100E-03  3.32638200E-03
2001-11-15T05:33:48.652  2.56305100E-03  9.25657600E-03 -3.47510000E-04
2001-11-15T05:33:49.652 -1.13352060E-02 -6.29739000E-04 -1.40050400E-03
2001-11-15T05:33:50.652  4.01330800E-03  6.50879100E-03 -1.72621000E-03
2001-11-15T05:33:51.652 -1.94018900E-03 -1.21451100E-02  3.89410000E-04
2001-11-15T05:33:52.656  6.52529800E-03  1.18620100E-03 -7.78884300E-03
2001-11-15T05:33:53.652 -7.12794900E-03  5.60325000E-04 -1.07181580E-02
2001-11-15T05:33:54.652  1.01493000E-03  9.11282700E-03 -6.90722200E-03
2001-11-15T05:33:55.652 -8.51357800E-03  2.36226900E-03  1.25928000E-04
2001-11-15T05:33:56.652  7.04812400E-03 -1.97333000E-04 -6.88062700E-03
2001-11-15T05:33:57.656 -3.03146000E-03 -6.74767200E-03 -5.36782900E-03
2001-11-15T05:33:58.656 -2.85167000E-03  3.15612200E-03 -6.89768900E-03
