2001-12-24T01:15:29.174 -3.84362000E-03 -1.16729590E-02  1.63386000E-03
2001-12-24T01:15:30.158  9.01749000E-03  2.67871900E-03  1.87263400E-03
2001-12-24T01:15:31.166 -4.09055300E-03 -7.93744000E-04 -4.32099000E-04
2001-12-24T01:15:32.158  3.81624500E-03  8.25439200E-03  6.48726000E-04
2001-12-24T01:15:33.166 -7.64385000E-04 -4.66453000E-04 -4.60701000E-04
2001-12-24T01:15:34.162  5.92435000E-04  2.31894000E-04  5.88127000E-04
2001-12-24T01:15:35.174 -9.59728000E-04 -8.72376000E-04  7.81756000E-04
2001-12-24T01:15:36.154 -2.40120000E-05  2.33895000E-04 -6.77136000E-04
2001-12-24T01:15:37.162 -7.74495000E-04  1.73567000E-04 -3.78411000E-04
2001-12-24T01:15:38.158 -4.37440000E-05 -1.39166000E-04  1.54561000E-04
2001-12-24T01:15:39.170  7.19417000E-04 -4.79530000E-04 -9.22493000E-04
2001-12-24T01:15:40.162  3.25720000E-04 -4.55436000E-04 -1.80387000E-04
2001-12-24T01:15:41.166  8.75816000E-04  1.03715400E-03  8.18493000E-04
2001-12-24T01:15:42.158 -1.08660700E-03  8.50700000E-06  6.96613000E-04
2001-12-24T01:15:43.162  7.73979000E-04  6.56701000E-04 -1.94244000E-04
2001-12-24T01:15:44.166 -6.29822000E-04 -1.08378800E-03  6.77729000E-04
2001-12-24T01:15:45.166  1.32373700E-03  5.97259000E-04 -7.45477000E-04
2001-12-24T01:15:46.154 -7.81555000E-04 -2.87576000E-04  8.75650000E-05
2001-12-24T01:15:47.162  2.72672000E-04  8.69236000E-04  4.67880000E-04
2001-12-24T01:15:48.154 -5.00573000E-04 -1.42456000E-03  3.59488000E-04
2001-12-24T01:15:49.170  1.10024700E-03 -5.84501000E-04  7.15562000E-04
2001-12-24T01:15:50.154  4.03580000E-05 -1.60201000E-04 -5.22680000E-05
2001-12-24T01:15:51.166 -3.51660000E-04  8.15778000E-04  6.76721000E-04
2001-12-24T01:15:52.154  1.29417000E-04 -8.14000000E-07  7.30920000E-05
2001-12-24T01:15:53.162  5.34848000E-04 -7.73326000E-04 -4.10159000E-04
2001-12-24T01:15:54.166  1.05372800E-03  4.90000000E-06  8.34059000E-04
2001-12-24T01:15:55.166 -6.52154000E-04 -2.52779000E-04  4.39973000E-04
2001-12-24T01:15:56.162  3.28062000E-04  2.37144000E-04  1.20098200E-03
2001-12-24T01:15:57.162 -8.55702000E-04 -6.96017000E-04  1.21456000E-04
2001-12-24T01:15:58.158  1.48745400E-03  5.12386000E-04 -1.28858000E-04
2001-12-24T01:15:59.170 -4.56348000E-04 -1.20490700E-03  3.11724000E-04
2001-12-24T01:16:00.158  5.90893000E-04  1.36064900E-03  6.00355000E-04
2001-12-24T01:16:01.166 -1.23994800E-03 -5.34544000E-04  1.87521000E-04
2001-12-24T01:16:02.154  6.54720000E-04  3.47221000E-04  7.91347000E-04
2001-12-24T01:16:03.162 -3.63743000E-04 -1.75746100E-03  1.16541500E-03
2001-12-24T01:16:04.166  6.01622000E-04  2.44402000E-04  6.94819000E-04
2001-12-24T01:16:05.162 -6.36900000E-04  3.77661000E-04 -7.19752000E-04
2001-12-24T01:16:06.154  1.42034000E-04  2.58099000E-04  1.26545500E-03
2001-12-24T01:16:07.162 -8.95620000E-05 -1.76758000E-04 -5.09790000E-04
2001-12-24T01:16:08.154  4.61869000E-04 -4.29554000E-04  1.89762000E-04
2001-12-24T01:16:09.170  3.74950000E-04  2.57198000E-04  6.26295000E-04
2001-12-24T01:16:10.158 -8.80780000E-04  2.38300000E-06 -8.08495000E-04
2001-12-24T01:16:11.166  7.04884000E-04  8.86962000E-04 -4.02383000E-04
2001-12-24T01:16:12.162 -3.40450000E-05 -9.11344000E-04 -4.76129000E-04
2001-12-24T01:16:13.162  1.36747300E-03  2.66225000E-04  8.02230000E-05
2001-12-24T01:16:14.166 -9.50801000E-04 -6.45117000E-04  1.68635000E-04
2001-12-24T01:16:15.162  2.33287000E-04  9.86889000E-04  6.43741000E-04
2001-12-24T01:16:16.158 -1.19253000E-04 -6.58345000E-04  5.96679000E-04
2001-12-24T01:16:17.166  7.49636000E-04 -7.07620000E-05  9.93181000E-04
2001-12-24T01:16:18.154 -2.58348000E-04 -9.08946000E-04  6.29306000E-04
2001-12-24T01:16:19.170  3.01710000E-04  3.14628000E-04 -7.46303000E-04
2001-12-24T01:16:20.158 -9.32078000E-04 -1.70940000E-05 -1.51369000E-04
2001-12-24T01:16:21.162 -6.52930000E-05  6.89416000E-04  3.74340000E-04
2001-12-24T01:16:22.154  1.83843000E-04 -4.32487000E-04  7.21304000E-04
2001-12-24T01:16:23.162 -5.28580000E-05 -4.85583000E-04  4.07135000E-04
2001-12-24T01:16:24.162 -3.43857000E-04  2.42033000E-04  8.43536000E-04
2001-12-24T01:16:25.162 -1.02493200E-03  1.58200000E-05 -2.64581000E-04
2001-12-24T01:16:26.158  1.54676000E-04  1.55142000E-04 -4.74542000E-04
2001-12-24T01:16:27.162 -3.43163000E-04 -1.13109300E-03  1.24659000E-03
2001-12-24T01:16:28.162  6.10587000E-04  2.19143000E-04  3.95154000E-04
2001-12-24T01:16:29.170 -1.37596600E-03 -5.59553000E-04  1.38374000E-04
2001-12-24T01:16:30.158  5.00999000E-04  1.55210900E-03  6.88299000E-04
2001-12-24T01:16:31.166 -3.00314000E-04 -6.95000000E-05 -6.47190000E-05
2001-12-24T01:16:32.154  1.56157100E-03 -1.90249000E-04 -5.74251000E-04
2001-12-24T01:16:33.166 -2.34663000E-04 -8.97439000E-04 -6.38904000E-04
2001-12-24T01:16:34.162 -9.70390000E-05  7.32415000E-04 -4.33273000E-04
2001-12-24T01:16:35.162 -6.00120000E-04  7.53779000E-04 -8.64855000E-04
2001-12-24T01:16:36.158  7.19666000E-04 -8.30953000E-04  1.19724500E-03
2001-12-24T01:16:37.162  5.45870000E-05 -1.10513000E-04  4.49597000E-04
2001-12-24T01:16:38.154 -2.50610000E-04 -4.65969000E-04 -7.17959000E-04
2001-12-24T01:16:39.177  4.26358000E-04  1.27083400E-03 -3.49226000E-04
2001-12-24T01:16:40.154 -5.37603000E-04 -4.03676000E-04 -1.55031000E-04
2001-12-24T01:16:41.162  2.07958300E-03  1.00361000E-04  4.23285000E-04
2001-12-24T01:16:42.158 -1.72677000E-04 -1.34112500E-03  8.42064000E-04
2001-12-24T01:16:43.162  7.99953000E-04  7.00433000E-04  4.54750000E-04
2001-12-24T01:16:44.170 -9.42607000E-04  3.54262000E-04  2.42891000E-04
2001-12-24T01:16:45.162  8.42659000E-04  6.16979000E-04  1.22868000E-04
2001-12-24T01:16:46.158 -1.85541000E-04 -7.46780000E-04 -1.42454900E-03
2001-12-24T01:16:47.162  1.09895700E-03  2.74200000E-04 -7.30894000E-04
2001-12-24T01:16:48.154 -7.06721000E-04 -3.40990000E-05 -4.80682000E-04
2001-12-24T01:16:49.173  7.07620000E-05  9.69465000E-04  3.88911000E-04
2001-12-24T01:16:50.154 -2.26344000E-04 -7.43205000E-04  6.18295000E-04
2001-12-24T01:16:51.166  6.66647000E-04 -5.55329000E-04 -9.00300000E-04
2001-12-24T01:16:52.154  8.49679000E-04 -4.71480000E-04 -1.23766400E-03
2001-12-24T01:16:53.162 -3.34974000E-04 -5.03340000E-05 -1.07313600E-03
2001-12-24T01:16:54.162  9.83225000E-04  1.66797200E-03 -2.87902000E-04
2001-12-24T01:16:55.162 -5.17676000E-04 -3.55990000E-04  8.57382000E-04
2001-12-24T01:16:56.154  1.59352300E-03  5.01284000E-04  6.86349000E-04
2001-12-24T01:16:57.162 -4.98546000E-04 -1.27535600E-03  3.73410000E-05
2001-12-24T01:16:58.158  6.84040000E-04  1.02165300E-03 -3.03618000E-04
2001-12-24T01:16:59.173 -1.16857700E-03 -6.35570000E-05 -5.77474000E-04
2001-12-24T01:17:00.162  8.84895000E-04  5.62365000E-04 -5.84747000E-04
2001-12-24T01:17:01.166  7.86630000E-05 -8.34026000E-04  1.70351000E-04
2001-12-24T01:17:02.158  8.76841000E-04 -2.22951000E-04  5.43412000E-04
2001-12-24T01:17:03.162 -7.74093000E-04 -3.72278000E-04  1.10272000E-03
2001-12-24T01:17:04.166 -5.69621000E-04  1.00416000E-03 -2.08165000E-04
2001-12-24T01:17:05.166 -3.73877000E-04 -5.14181000E-04  9.19485000E-04
2001-12-24T01:17:06.154 -2.50866000E-04 -1.86341000E-04  5.09001000E-04
2001-12-24T01:17:07.162  7.05452000E-04  4.29601000E-04 -6.14300000E-05
2001-12-24T01:17:08.158 -5.19546000E-04 -6.41328000E-04  8.90473000E-04
2001-12-24T01:17:09.170  1.87804000E-04  5.03138000E-04  5.23601000E-04
2001-12-24T01:17:10.154 -3.21383000E-04 -8.09627000E-04  1.31910000E-05
2001-12-24T01:17:11.166  1.45340800E-03  3.63219000E-04  1.36653100E-03
2001-12-24T01:17:12.154 -6.45508000E-04 -9.92694000E-04 -2.55759000E-04
2001-12-24T01:17:13.162  5.65459000E-04  1.26546400E-03 -3.84582000E-04
2001-12-24T01:17:14.166 -1.13959300E-03  5.32492000E-04 -1.38896000E-04
2001-12-24T01:17:15.162  1.00208000E-03  3.51395000E-04  7.19699000E-04
2001-12-24T01:17:16.162 -2.75473000E-04 -1.61039700E-03 -1.27340000E-04
2001-12-24T01:17:17.162  5.97621000E-04  1.52041000E-04  1.25926000E-04
2001-12-24T01:17:18.158 -5.87438000E-04 -1.32400000E-06 -8.84247000E-04
2001-12-24T01:17:19.170 -2.18803000E-04  4.70370000E-04 -9.73639000E-04
2001-12-24T01:17:20.158  5.35280000E-05 -3.89425000E-04 -8.12990000E-05
2001-12-24T01:17:21.170 -5.13280000E-05 -6.75016000E-04 -3.55901000E-04
2001-12-24T01:17:22.154  8.27660000E-04  4.17959000E-04  1.25500000E-04
2001-12-24T01:17:23.162 -1.24536100E-03 -1.01061000E-04 -2.42184000E-04
2001-12-24T01:17:24.166  7.76986000E-04  1.40895900E-03 -9.42483000E-04
2001-12-24T01:17:25.162 -5.55453000E-04 -1.04713500E-03 -2.79510000E-04
2001-12-24T01:17:26.154  9.94011000E-04  5.23259000E-04 -8.35893000E-04
2001-12-24T01:17:27.162 -1.16489700E-03 -6.75455000E-04  7.48650000E-04
2001-12-24T01:17:28.154  7.09176000E-04  6.04263000E-04  3.64123000E-04
2001-12-24T01:17:29.166 -1.12393900E-03 -8.91267000E-04  1.45480000E-03
2001-12-24T01:17:30.158  1.22290100E-03  2.77725000E-04 -2.31704000E-04
2001-12-24T01:17:31.166 -9.93711000E-04 -1.28562100E-03  1.58624000E-04
2001-12-24T01:17:32.162  6.16849000E-04  7.53043000E-04  5.08780000E-05
2001-12-24T01:17:33.162 -1.46452400E-03  1.24010000E-05 -2.50374000E-04
2001-12-24T01:17:34.166 -1.74020000E-05  8.00270000E-04 -9.42180000E-05
2001-12-24T01:17:35.162  6.59968000E-04 -1.03646800E-03  1.11778900E-03
2001-12-24T01:17:36.158  3.60877000E-04 -9.05800000E-05  1.87289000E-04
2001-12-24T01:17:37.170 -1.79650000E-04  6.91760000E-05  3.88653000E-04
2001-12-24T01:17:38.154 -8.62936000E-04  3.28209000E-04  1.12000000E-07
2001-12-24T01:17:39.170  1.17025500E-03  8.62168000E-04 -1.18605900E-03
2001-12-24T01:17:40.158  3.32944000E-04 -1.50457900E-03 -6.42836000E-04
2001-12-24T01:17:41.166  1.45237500E-03  5.54222000E-04 -1.44407800E-03
2001-12-24T01:17:42.154 -1.47148200E-03 -1.98659000E-04 -9.91600000E-06
2001-12-24T01:17:43.162  3.46961000E-04  7.48637000E-04  1.09853300E-03
2001-12-24T01:17:44.162 -1.49038600E-03 -1.07343100E-03 -6.63029000E-04
2001-12-24T01:17:45.162  9.54924000E-04  2.76750000E-04 -2.45462000E-04
2001-12-24T01:17:46.158 -8.91542000E-04 -3.68121000E-04 -5.24776000E-04
2001-12-24T01:17:47.162 -8.78970000E-05  8.87652000E-04 -2.82465000E-04
2001-12-24T01:17:48.162 -7.16048000E-04 -3.18351000E-04  6.38050000E-05
2001-12-24T01:17:49.173  9.15412000E-04 -5.90429000E-04 -8.97102000E-04
2001-12-24T01:17:50.158  2.05249000E-04 -6.29997000E-04  4.96667000E-04
2001-12-24T01:17:51.162 -4.14632000E-04  2.18684000E-04  4.78449000E-04
2001-12-24T01:17:52.154 -1.14121000E-04  5.60993000E-04 -2.87633000E-04
2001-12-24T01:17:53.169 -5.40090000E-05 -7.68249000E-04  1.15962000E-04
2001-12-24T01:17:54.162  1.07002200E-03 -1.64290000E-04 -2.75528000E-04
2001-12-24T01:17:55.162 -5.25986000E-04 -5.79431000E-04 -1.82580000E-05
2001-12-24T01:17:56.158  7.06774000E-04  1.36045200E-03  3.84835000E-04
2001-12-24T01:17:57.162 -1.19473400E-03 -9.09145000E-04  3.76195000E-04
2001-12-24T01:17:58.154  9.91524000E-04  8.78052000E-04 -1.44405200E-03
2001-12-24T01:17:59.177 -8.10390000E-05 -8.78732000E-04 -8.91118000E-04
2001-12-24T01:18:00.154  4.60728000E-04  1.12175300E-03 -4.74738000E-04
2001-12-24T01:18:01.162 -9.93830000E-04  5.26730000E-05 -4.68736000E-04
2001-12-24T01:18:02.158  3.00419000E-04  5.88043000E-04  1.92771000E-04
2001-12-24T01:18:03.162  1.11828000E-04  5.46360000E-05  7.34922000E-04
2001-12-24T01:18:04.169 -3.95780000E-05  3.26000000E-06 -1.54501000E-04
2001-12-24T01:18:05.162 -4.30019000E-04 -5.57720000E-05 -6.61044000E-04
2001-12-24T01:18:06.158 -5.01923000E-04  4.31312000E-04 -3.74446000E-04
2001-12-24T01:18:07.162  1.14114000E-04  9.09093000E-04 -1.20494800E-03
2001-12-24T01:18:08.154  2.69070000E-05 -8.49412000E-04  1.82170000E-04
2001-12-24T01:18:09.173  9.07268000E-04  6.36901000E-04  7.42692000E-04
2001-12-24T01:18:10.154 -1.32965200E-03  1.29870000E-05 -3.56640000E-04
2001-12-24T01:18:11.162  6.99464000E-04  1.29999800E-03 -2.22014000E-04
2001-12-24T01:18:12.154 -1.80219000E-04 -1.08189500E-03 -1.01008500E-03
2001-12-24T01:18:13.162  1.16312400E-03  2.87675000E-04  6.54649000E-04
2001-12-24T01:18:14.162 -4.26816000E-04 -4.94192000E-04  4.35022000E-04
2001-12-24T01:18:15.162 -5.74850000E-05  1.08255300E-03  5.12196000E-04
2001-12-24T01:18:16.154 -6.90209000E-04 -6.62230000E-05  2.26446000E-04
2001-12-24T01:18:17.162  6.62282000E-04 -5.86088000E-04 -9.80401000E-04
2001-12-24T01:18:18.158 -3.93620000E-05 -8.27979000E-04  1.79620000E-04
2001-12-24T01:18:19.169 -4.07379000E-04  1.67650000E-04 -4.04489000E-04
2001-12-24T01:18:20.162  3.85310000E-05  7.96477000E-04 -1.94255000E-04
2001-12-24T01:18:21.166 -5.50179000E-04 -2.10869000E-04  8.41789000E-04
2001-12-24T01:18:22.158  9.42223000E-04  8.12289000E-04  6.80201000E-04
2001-12-24T01:18:23.162 -6.48924000E-04 -7.14857000E-04  4.60881000E-04
2001-12-24T01:18:24.166  9.92910000E-05  3.85460000E-04  1.10498000E-04
2001-12-24T01:18:25.166 -9.16295000E-04 -4.71986000E-04 -5.18137000E-04
2001-12-24T01:18:26.154  8.06047000E-04  7.16118000E-04 -3.44090000E-04
2001-12-24T01:18:27.162 -2.96195000E-04 -1.06080900E-03  3.40766000E-04
2001-12-24T01:18:28.154  6.09702000E-04 -6.47200000E-06  1.03424200E-03
2001-12-24T01:18:29.169 -1.15745500E-03 -5.47621000E-04  6.28186000E-04
2001-12-24T01:18:30.154 -4.06896000E-04  6.76322000E-04  1.57484800E-03
2001-12-24T01:18:31.166 -6.87230000E-05 -6.47618000E-04  6.55965000E-04
2001-12-24T01:18:32.154  3.34615000E-04 -7.89027000E-04 -4.90098000E-04
2001-12-24T01:18:33.162  1.04706800E-03  1.96036000E-04 -1.24952000E-04
2001-12-24T01:18:34.166 -8.11523000E-04  6.29370000E-05  3.89137000E-04
2001-12-24T01:18:35.162  4.34900000E-04  1.35586600E-03 -4.93492000E-04
2001-12-24T01:18:36.162 -4.00284000E-04 -1.04112600E-03  1.16846000E-04
2001-12-24T01:18:37.162  1.19570600E-03 -1.92474000E-04  7.14149000E-04
2001-12-24T01:18:38.158 -5.95317000E-04 -6.13402000E-04 -4.51711000E-04
2001-12-24T01:18:39.173  4.40256000E-04  9.88321000E-04  3.70176000E-04
2001-12-24T01:18:40.158 -8.35734000E-04 -7.93310000E-04  7.97910000E-04
2001-12-24T01:18:41.169  2.39731000E-04  3.44370000E-05  6.03790000E-04
2001-12-24T01:18:42.154 -4.31104000E-04 -6.82526000E-04  7.60789000E-04
2001-12-24T01:18:43.162  3.47934000E-04  4.33636000E-04  1.16360000E-04
2001-12-24T01:18:44.166 -5.49243000E-04  8.23026000E-04 -1.17921400E-03
2001-12-24T01:18:45.162 -4.12005000E-04  5.20356000E-04 -1.07066000E-03
2001-12-24T01:18:46.154  9.58001000E-04  9.71779000E-04 -1.04225000E-03
2001-12-24T01:18:47.162  1.13849000E-04 -8.03430000E-04  3.11360000E-05
2001-12-24T01:18:48.154  9.74731000E-04  5.21605000E-04  1.59586000E-03
2001-12-24T01:18:49.166 -1.59252200E-03 -1.43897000E-04  1.01960300E-03
2001-12-24T01:18:50.158  1.62488000E-04  1.34044700E-03 -4.69074000E-04
2001-12-24T01:18:51.166 -9.90278000E-04 -7.04665000E-04 -6.68660000E-05
2001-12-24T01:18:52.162  1.47738700E-03 -3.96701000E-04  6.45086000E-04
2001-12-24T01:18:53.162 -5.38997000E-04 -7.30567000E-04 -5.21090000E-05
2001-12-24T01:18:54.165 -1.39140000E-05  5.37262000E-04 -8.16220000E-05
2001-12-24T01:18:55.162 -1.03978000E-04  1.16242300E-03  1.59865300E-03
2001-12-24T01:18:56.158  1.77486000E-04 -7.64902000E-04  1.42857000E-04
2001-12-24T01:18:57.165  6.51533000E-04  4.39470000E-05 -1.12464000E-04
2001-12-24T01:18:58.154 -6.62277000E-04 -4.49200000E-04 -3.20736000E-04
2001-12-24T01:18:59.169  9.08524000E-04  1.19589500E-03 -1.41497200E-03
2001-12-24T01:19:00.158 -1.16765800E-03 -2.30000000E-07  3.13504000E-04
2001-12-24T01:19:01.162  9.86352000E-04  7.76314000E-04  7.46682000E-04
2001-12-24T01:19:02.154 -6.21546000E-04 -1.49194500E-03  2.08151000E-04
2001-12-24T01:19:03.162  9.35671000E-04  2.12121000E-04 -2.07205000E-04
2001-12-24T01:19:04.162 -9.69557000E-04  7.27763000E-04  4.21195000E-04
2001-12-24T01:19:05.162  2.50730000E-05  6.61213000E-04 -8.66087000E-04
2001-12-24T01:19:06.158  2.26637000E-04 -7.46234000E-04 -5.70970000E-04
2001-12-24T01:19:07.162  2.95136000E-04 -4.75468000E-04  8.67787000E-04
2001-12-24T01:19:08.162  3.63806000E-04  3.14457000E-04  1.62526000E-04
2001-12-24T01:19:09.169 -6.34032000E-04 -4.12534000E-04  3.71543000E-04
2001-12-24T01:19:10.158  7.38572000E-04  1.25750200E-03 -9.45548000E-04
2001-12-24T01:19:11.162 -1.48100200E-03 -9.66480000E-05 -1.87486000E-04
2001-12-24T01:19:12.154  9.00571000E-04  1.38898000E-04 -2.18844000E-04
2001-12-24T01:19:13.165 -8.06354000E-04 -1.15823500E-03 -6.02160000E-05
2001-12-24T01:19:14.162 -1.45089000E-04  7.89813000E-04  7.37010000E-04
2001-12-24T01:19:15.162 -1.33481200E-03  2.81658000E-04 -4.61705000E-04
2001-12-24T01:19:16.158 -4.76090000E-05  5.90310000E-04  7.90568000E-04
2001-12-24T01:19:17.162 -2.18549000E-04 -5.97427000E-04 -1.50150900E-03
2001-12-24T01:19:18.154  3.17001000E-04 -6.12871000E-04  3.11866000E-04
2001-12-24T01:19:19.177  6.06224000E-04  4.45480000E-05  8.09803000E-04
2001-12-24T01:19:20.154 -5.23396000E-04  8.79370000E-05  3.68741000E-04
2001-12-24T01:19:21.162  6.87500000E-04  1.68440100E-03 -1.17434800E-03
2001-12-24T01:19:22.158 -1.04547000E-04 -1.54070200E-03 -7.07669000E-04
2001-12-24T01:19:23.162  1.17066400E-03 -1.15390000E-05 -4.83799000E-04
2001-12-24T01:19:24.169 -8.22358000E-04 -8.88631000E-04  7.77311000E-04
2001-12-24T01:19:25.162 -4.49210000E-05  1.12885100E-03 -1.72610000E-05
2001-12-24T01:19:26.158 -6.07443000E-04  7.90963000E-04  4.67473000E-04
2001-12-24T01:19:27.162  2.87800000E-06 -4.20225000E-04 -1.88771000E-04
2001-12-24T01:19:28.154  1.00330900E-03 -4.31366000E-04 -6.13998000E-04
2001-12-24T01:19:29.177 -2.70726000E-04 -6.39222000E-04 -1.38340000E-04
2001-12-24T01:19:30.154  8.96063000E-04  1.41623600E-03 -6.67894000E-04
2001-12-24T01:19:31.165 -1.55308700E-03 -5.57870000E-05  1.84940000E-05
2001-12-24T01:19:32.154  9.45863000E-04  5.01488000E-04 -1.05135000E-04
2001-12-24T01:19:33.162 -5.67291000E-04 -1.38296400E-03  7.80475000E-04
2001-12-24T01:19:34.162  7.26170000E-04  1.13999000E-04 -1.09319000E-04
2001-12-24T01:19:35.162 -1.03378900E-03 -2.07540000E-05 -8.94153000E-04
2001-12-24T01:19:36.154 -7.57855000E-04  1.97616000E-04 -5.07649000E-04
2001-12-24T01:19:37.162  2.19187000E-04  7.97062000E-04 -8.52175000E-04
2001-12-24T01:19:38.158 -9.61766000E-04 -6.69257000E-04 -3.67780000E-04
2001-12-24T01:19:39.169  1.27768000E-03  5.25525000E-04  6.76351000E-04
2001-12-24T01:19:40.162 -8.35385000E-04 -5.83289000E-04  1.90703000E-04
2001-12-24T01:19:41.165  8.72115000E-04  4.84187000E-04  3.41778000E-04
2001-12-24T01:19:42.158 -9.05477000E-04 -2.24390000E-05 -4.93654000E-04
2001-12-24T01:19:43.162 -5.42864000E-04  8.56915000E-04  7.36745000E-04
2001-12-24T01:19:44.165 -1.61453000E-04  1.98774000E-04 -3.23700000E-06
2001-12-24T01:19:45.169 -5.20076000E-04  1.83180000E-05  4.50636000E-04
2001-12-24T01:19:46.154  1.85166000E-03  5.77459000E-04 -1.55663000E-04
2001-12-24T01:19:47.162 -2.32466000E-04 -1.15685900E-03 -7.33290000E-05
2001-12-24T01:19:48.154  9.11428000E-04  8.99673000E-04 -2.91700000E-06
2001-12-24T01:19:49.169 -6.82886000E-04  1.11399000E-04 -4.95041000E-04
2001-12-24T01:19:50.154  3.37040000E-04  3.55052000E-04 -5.71667000E-04
2001-12-24T01:19:51.165  1.57251000E-04  1.17974000E-03  3.85029000E-04
2001-12-24T01:19:52.154 -1.35032000E-04 -4.75943000E-04  1.66620000E-04
2001-12-24T01:19:53.162  1.11691900E-03  5.31152000E-04  2.45934000E-04
2001-12-24T01:19:54.165 -3.48800000E-04 -6.93678000E-04  9.79823000E-04
2001-12-24T01:19:55.162  1.42763000E-04  4.06438000E-04 -1.08120000E-04
2001-12-24T01:19:56.162 -6.19075000E-04  1.20091100E-03 -1.10261000E-03
2001-12-24T01:19:57.162 -4.04503000E-04 -2.05010000E-05 -9.80818000E-04
2001-12-24T01:19:58.158  9.95600000E-05  1.21976400E-03  2.60224000E-04
2001-12-24T01:19:59.169 -1.41933200E-03 -4.47277000E-04  7.02553000E-04
2001-12-24T01:20:00.158  8.19995000E-04  1.82696000E-04  7.34454000E-04
2001-12-24T01:20:01.169  1.34852000E-04 -3.00964000E-04  4.76851000E-04
2001-12-24T01:20:02.154  2.34422000E-04  1.65792000E-04 -1.46788000E-04
2001-12-24T01:20:03.162  4.19712000E-04  1.54262300E-03 -4.60160000E-04
2001-12-24T01:20:04.165 -1.28912600E-03  5.46008000E-04 -7.06020000E-05
2001-12-24T01:20:05.161  5.49110000E-05  1.23867700E-03 -5.81213000E-04
2001-12-24T01:20:06.154  3.82173000E-04  6.17024000E-04  9.07053000E-04
2001-12-24T01:20:07.161 -4.46634000E-04 -9.31757000E-04  9.69494000E-04
2001-12-24T01:20:08.154  8.46892000E-04  7.51013000E-04  7.25892000E-04
2001-12-24T01:20:09.165  2.53766000E-04  8.55050000E-05 -7.71590000E-05
2001-12-24T01:20:10.158 -9.70610000E-05 -3.13161000E-04 -6.94106000E-04
2001-12-24T01:20:11.165  1.46661700E-03  6.31661000E-04 -1.73244100E-03
2001-12-24T01:20:12.161 -2.53212000E-04  4.35880000E-05 -4.04289000E-04
2001-12-24T01:20:13.161 -4.87801000E-04  3.92743000E-04  5.15898000E-04
2001-12-24T01:20:14.165  9.02596000E-04  1.95274800E-03 -4.36927000E-04
2001-12-24T01:20:15.161 -1.15164200E-03 -6.98620000E-05  1.27539000E-04
2001-12-24T01:20:16.158 -6.88190000E-04  1.39737400E-03 -1.17092000E-04
2001-12-24T01:20:17.169  1.22194200E-03  1.31427900E-03 -7.36860000E-05
2001-12-24T01:20:18.154 -8.88461000E-04  6.47671000E-04 -1.00592000E-04
2001-12-24T01:20:19.173 -2.24033000E-04  1.06693100E-03  5.97977000E-04
2001-12-24T01:20:20.158  9.44160000E-05  1.71330400E-03  1.28363500E-03
2001-12-24T01:20:21.161 -9.55375000E-04 -5.84043000E-04 -7.81784000E-04
2001-12-24T01:20:22.150 -2.77870000E-05  7.38779000E-04  1.51270000E-04
2001-12-24T01:20:23.161  1.38909300E-03  1.34700600E-03 -9.38487000E-04
2001-12-24T01:20:24.161 -4.81492000E-04  3.11569000E-04 -1.17475000E-04
2001-12-24T01:20:25.161 -1.68887000E-04  4.44686000E-04  6.82882000E-04
2001-12-24T01:20:26.158  9.13712000E-04  1.41771400E-03  9.32634000E-04
2001-12-24T01:20:27.161  7.68211000E-04  9.04495000E-04  8.12840000E-05
2001-12-24T01:20:28.161 -5.63972000E-04  3.76502000E-04  2.13347000E-04
2001-12-24T01:20:29.169 -3.46641000E-04  1.44459500E-03 -1.29538600E-03
2001-12-24T01:20:30.158  1.01699500E-03  1.95330000E-03 -2.19213000E-04
2001-12-24T01:20:31.161 -8.00866000E-04  8.97684000E-04 -6.04624000E-04
2001-12-24T01:20:32.154 -1.13104700E-03  7.99328000E-04 -1.57438000E-04
2001-12-24T01:20:33.169  3.86913000E-04  1.63735100E-03  2.02003000E-04
2001-12-24T01:20:34.161 -1.02560000E-04  1.74869200E-03  2.55100000E-05
2001-12-24T01:20:35.161 -1.31134800E-03  1.07930500E-03 -8.27120000E-05
2001-12-24T01:20:36.158 -9.56966000E-04  1.29857700E-03 -4.50274000E-04
2001-12-24T01:20:37.161  3.97536000E-04  1.46312600E-03 -5.71919000E-04
2001-12-24T01:20:38.154  7.42183000E-04  1.46387900E-03  4.39071000E-04
2001-12-24T01:20:39.177 -1.57130000E-04  5.88995000E-04  8.86360000E-05
2001-12-24T01:20:40.158 -3.29959000E-04 -6.63270000E-05  6.53501000E-04
2001-12-24T01:20:41.161  1.59461000E-04  1.11358400E-03  7.82330000E-04
2001-12-24T01:20:42.158  4.95801000E-04  2.06198500E-03  1.37180000E-05
2001-12-24T01:20:43.161  3.20376000E-04  1.36319900E-03 -8.60299000E-04
2001-12-24T01:20:44.169 -1.26768100E-03  3.63729000E-04 -5.40890000E-04
2001-12-24T01:20:45.161 -1.42450100E-03  1.84829800E-03 -4.42640000E-04
2001-12-24T01:20:46.158 -2.23151000E-04  2.45459100E-03 -2.36450000E-05
2001-12-24T01:20:47.161 -2.99891000E-04  1.94751100E-03  1.34152000E-03
2001-12-24T01:20:48.158 -1.23047600E-03  7.12859000E-04  2.53669000E-04
2001-12-24T01:20:49.173 -6.37703000E-04  4.94723000E-04 -7.00623000E-04
2001-12-24T01:20:50.154  8.83289000E-04  6.73481000E-04 -3.79000000E-04
2001-12-24T01:20:51.161  9.83438000E-04  1.50538300E-03  3.99324000E-04
2001-12-24T01:20:52.158  1.41923300E-03  1.84167700E-03  5.30504000E-04
2001-12-24T01:20:53.161 -1.80676000E-04  2.06235600E-03 -5.87700000E-06
2001-12-24T01:20:54.161 -1.27087800E-03  9.12688000E-04  5.39136000E-04
2001-12-24T01:20:55.161 -7.60050000E-04  1.22301800E-03 -3.41694000E-04
2001-12-24T01:20:56.154  5.27533000E-04  1.23306600E-03 -5.28152000E-04
2001-12-24T01:20:57.161  1.00955800E-03  1.36403200E-03  5.23564000E-04
2001-12-24T01:20:58.158  5.21304000E-04  2.84635300E-03  3.17982000E-04
2001-12-24T01:20:59.173  4.36870000E-04  2.40063200E-03  5.46404000E-04
2001-12-24T01:21:00.161  7.14845000E-04  2.76971600E-03  7.45280000E-04
2001-12-24T01:21:01.165  1.67142000E-04  2.76638700E-03 -1.79511000E-04
2001-12-24T01:21:02.158  9.65079000E-04  1.82476400E-03 -7.93104000E-04
2001-12-24T01:21:03.161  9.12097000E-04  2.45602900E-03  2.39245000E-04
2001-12-24T01:21:04.165  5.83116000E-04  2.82677200E-03  3.56151000E-04
2001-12-24T01:21:05.169  9.42905000E-04  2.39025600E-03  5.53239000E-04
2001-12-24T01:21:06.154 -1.73308000E-04  3.05847300E-03  6.39444000E-04
2001-12-24T01:21:07.161  4.00720000E-04  1.79097500E-03  2.06696000E-04
2001-12-24T01:21:08.158 -7.18380000E-05  2.48292400E-03 -8.58167000E-04
2001-12-24T01:21:09.173  1.91203000E-04  2.58537500E-03 -4.02202000E-04
2001-12-24T01:21:10.154  9.66780000E-04  2.05005500E-03 -9.18033000E-04
2001-12-24T01:21:11.165 -1.50796000E-04  2.93980800E-03  7.08648000E-04
2001-12-24T01:21:12.154  4.64800000E-05  2.40987600E-03  8.22303000E-04
2001-12-24T01:21:13.161 -1.29235700E-03  2.63796600E-03  4.70649000E-04
2001-12-24T01:21:14.165 -7.66598000E-04  1.50125200E-03 -5.76795000E-04
2001-12-24T01:21:15.161 -8.71902000E-04  2.20418200E-03 -9.43134000E-04
2001-12-24T01:21:16.161  4.74271000E-04  2.73999600E-03 -6.46962000E-04
2001-12-24T01:21:17.161  6.43840000E-04  3.52685000E-03  1.75307000E-04
2001-12-24T01:21:18.157  1.36036400E-03  2.85940200E-03  3.80690000E-04
2001-12-24T01:21:19.169 -3.93412000E-04  3.34253900E-03  5.22600000E-06
2001-12-24T01:21:20.157 -7.89950000E-04  1.69392000E-03 -3.31460000E-05
2001-12-24T01:21:21.169 -8.25482000E-04  1.97481900E-03 -1.21115400E-03
2001-12-24T01:21:22.154  1.11547100E-03  4.44119100E-03  3.64191000E-04
2001-12-24T01:21:23.161  4.91050000E-04  3.08568100E-03 -1.00995300E-03
2001-12-24T01:21:24.165 -6.19644000E-04  3.15748800E-03  8.24370000E-05
2001-12-24T01:21:25.161 -7.58666000E-04  1.66586000E-03  7.68539000E-04
2001-12-24T01:21:26.154  3.07504000E-04  2.94225200E-03 -5.95616000E-04
2001-12-24T01:21:27.161  3.14289000E-04  4.48640300E-03  4.43370000E-05
2001-12-24T01:21:28.154 -1.17080000E-04  2.46499500E-03 -2.54037000E-04
2001-12-24T01:21:29.165 -9.84821000E-04  2.27172800E-03 -8.63128000E-04
2001-12-24T01:21:30.157  9.53920000E-05  4.73917200E-03  2.43286000E-04
2001-12-24T01:21:31.165 -1.45304700E-03  4.21023500E-03 -4.77072000E-04
2001-12-24T01:21:32.161 -5.07714000E-04  4.39434600E-03  1.58696800E-03
2001-12-24T01:21:33.161 -1.04310600E-03  6.05680700E-03  3.58044000E-04
2001-12-24T01:21:34.165 -1.08259200E-03  6.03370700E-03  9.34823000E-04
2001-12-24T01:21:35.161 -6.17499000E-04  6.05942900E-03 -6.35611000E-04
2001-12-24T01:21:36.157  1.05566600E-03  8.11495200E-03  3.44992000E-04
2001-12-24T01:21:37.169 -1.22832000E-04  7.57266900E-03  2.48214000E-04
2001-12-24T01:21:38.154  1.36369000E-04  7.29224000E-03  4.23512000E-04
2001-12-24T01:21:39.169  8.61279000E-04  8.24557900E-03  1.21054700E-03
2001-12-24T01:21:40.157 -1.27563200E-03  6.86373600E-03  5.03392000E-04
2001-12-24T01:21:41.161  1.01535700E-03  8.64832400E-03 -6.13966000E-04
2001-12-24T01:21:42.154 -4.74114000E-04  7.38623500E-03 -4.03922000E-04
2001-12-24T01:21:43.161  7.44577000E-04  1.00277530E-02  5.34081000E-04
2001-12-24T01:21:44.161 -1.49681900E-03  8.57831000E-03  1.15810000E-04
2001-12-24T01:21:45.161  9.27300000E-06  8.89505500E-03  6.41214000E-04
2001-12-24T01:21:46.157  1.87650000E-04  1.07294340E-02  8.29648000E-04
2001-12-24T01:21:47.161  9.50626000E-04  1.08439070E-02 -3.45944000E-04
2001-12-24T01:21:48.161  7.97770000E-04  1.11636280E-02 -3.19298000E-04
2001-12-24T01:21:49.169  1.78744000E-04  1.14692020E-02  1.03680500E-03
2001-12-24T01:21:50.157 -6.99036000E-04  1.08771310E-02  6.35294000E-04
2001-12-24T01:21:51.161 -4.56847000E-04  1.07211850E-02  1.35288700E-03
2001-12-24T01:21:52.154  1.03457700E-03  1.18016860E-02  1.22771100E-03
2001-12-24T01:21:53.169  7.50249000E-04  1.20895110E-02 -3.62604000E-04
2001-12-24T01:21:54.161 -6.40447000E-04  1.12407120E-02 -5.57073000E-04
2001-12-24T01:21:55.161 -1.48392200E-03  1.09258120E-02  6.52302000E-04
2001-12-24T01:21:56.157  7.23298000E-04  1.26631400E-02  5.62607000E-04
2001-12-24T01:21:57.161  1.20738400E-03  1.20874400E-02  1.13994000E-03
2001-12-24T01:21:58.154  3.43825000E-04  1.20424420E-02  2.94664000E-04
2001-12-24T01:21:59.177 -7.93693000E-04  1.08863360E-02  4.71220000E-04
2001-12-24T01:22:00.154 -1.21254200E-03  1.06682250E-02 -5.01655000E-04
2001-12-24T01:22:01.161  7.22756000E-04  1.38393570E-02  5.07078000E-04
2001-12-24T01:22:02.157 -4.80466000E-04  1.26397480E-02  1.46940000E-05
2001-12-24T01:22:03.161 -9.98562000E-04  1.10864170E-02  7.14742000E-04
2001-12-24T01:22:04.169 -1.23190300E-03  1.04675530E-02  1.21197900E-03
2001-12-24T01:22:05.161 -1.09729900E-03  1.01504640E-02  5.40185000E-04
2001-12-24T01:22:06.157  8.11421000E-04  1.23328760E-02 -3.99667000E-04
2001-12-24T01:22:07.161  1.05493100E-03  1.24020480E-02  4.33967000E-04
2001-12-24T01:22:08.154  4.88387000E-04  1.13497830E-02  5.02534000E-04
2001-12-24T01:22:09.173  7.63277000E-04  1.12898160E-02  6.60588000E-04
2001-12-24T01:22:10.154  4.55091000E-04  1.15014000E-02  8.82127000E-04
2001-12-24T01:22:11.161  9.20810000E-04  1.20928850E-02  6.39265000E-04
2001-12-24T01:22:12.154  1.82712000E-04  1.27155040E-02 -1.85453000E-04
2001-12-24T01:22:13.161 -1.72706200E-03  1.14788370E-02  1.18324000E-04
2001-12-24T01:22:14.161 -1.67866600E-03  1.06145180E-02 -5.21279000E-04
2001-12-24T01:22:15.161  5.51463000E-04  1.27263990E-02  1.24517900E-03
2001-12-24T01:22:16.154 -1.57076400E-03  1.15198100E-02  6.93426000E-04
2001-12-24T01:22:17.161 -5.30444000E-04  1.48007850E-02  7.66197000E-04
2001-12-24T01:22:18.157  1.54370000E-05  1.41817730E-02 -1.14453200E-03
2001-12-24T01:22:19.169 -9.66306000E-04  1.13768610E-02 -2.91141000E-04
2001-12-24T01:22:20.161  2.62627000E-04  1.41545830E-02  1.16614000E-04
2001-12-24T01:22:21.165  7.21244000E-04  1.54503640E-02 -5.70304000E-04
2001-12-24T01:22:22.157  8.32936000E-04  1.53541870E-02  1.96693000E-04
2001-12-24T01:22:23.161  7.23500000E-05  1.61170620E-02  3.11129000E-04
2001-12-24T01:22:24.161 -1.37665200E-03  1.61060560E-02  1.13210800E-03
2001-12-24T01:22:25.169  1.24915000E-04  1.56580510E-02  3.30767000E-04
2001-12-24T01:22:26.153  6.74450000E-05  1.73454990E-02  4.05724000E-04
2001-12-24T01:22:27.165 -8.29791000E-04  1.66969990E-02 -1.16764400E-03
2001-12-24T01:22:28.157  4.09531000E-04  1.75996200E-02  7.95462000E-04
2001-12-24T01:22:29.169 -6.67700000E-06  1.80379470E-02  6.14095000E-04
2001-12-24T01:22:30.153 -6.91507000E-04  1.75755250E-02  8.16393000E-04
2001-12-24T01:22:31.165 -1.51979000E-04  1.92627500E-02  7.20070000E-04
2001-12-24T01:22:32.153 -2.18850000E-05  1.93906280E-02  1.23826500E-03
2001-12-24T01:22:33.161  6.24600000E-06  1.93569940E-02  3.97941000E-04
2001-12-24T01:22:34.165  7.26085000E-04  1.85500350E-02 -2.66741000E-04
2001-12-24T01:22:35.161  7.13507000E-04  1.93611500E-02 -4.83626000E-04
2001-12-24T01:22:36.161 -4.33219000E-04  1.74036960E-02 -3.34258000E-04
2001-12-24T01:22:37.161  2.98741000E-04  1.86923300E-02  4.33192000E-04
2001-12-24T01:22:38.157  4.05620000E-05  1.92774110E-02  7.48030000E-04
2001-12-24T01:22:39.169 -7.01219000E-04  2.01505090E-02  4.87393000E-04
2001-12-24T01:22:40.157 -5.83914000E-04  2.00895570E-02  7.06166000E-04
2001-12-24T01:22:41.169 -8.52368000E-04  2.03276300E-02 -3.52703000E-04
2001-12-24T01:22:42.153 -3.74915000E-04  1.97419470E-02 -1.62309000E-04
2001-12-24T01:22:43.161  8.83670000E-04  2.20672820E-02 -3.73360000E-05
2001-12-24T01:22:44.165 -1.76690000E-05  2.04038860E-02  8.01383000E-04
2001-12-24T01:22:45.161 -3.16811000E-04  1.98875960E-02  2.73982400E-03
2001-12-24T01:22:46.153 -1.31723000E-04  1.95863900E-02  1.26743300E-03
2001-12-24T01:22:47.161 -4.46438000E-04  1.98217480E-02  9.11320000E-04
2001-12-24T01:22:48.153  2.78639000E-04  1.90403520E-02  1.02087800E-03
2001-12-24T01:22:49.169 -3.02681000E-04  1.90738100E-02  3.66769000E-04
2001-12-24T01:22:50.157  5.65060000E-05  1.89342420E-02 -7.48442000E-04
2001-12-24T01:22:51.165 -7.10710000E-05  1.90383480E-02  7.96273000E-04
2001-12-24T01:22:52.161 -9.53280000E-05  1.87506450E-02  9.66598000E-04
2001-12-24T01:22:53.161 -5.87228000E-04  1.95724540E-02  2.67469000E-04
2001-12-24T01:22:54.165 -4.39166000E-04  1.87790770E-02 -1.81135000E-04
2001-12-24T01:22:55.161 -3.93854000E-04  1.86803680E-02  8.09250000E-05
2001-12-24T01:22:56.157 -7.62854000E-04  1.83730500E-02  4.29511000E-04
2001-12-24T01:22:57.169 -5.41941000E-04  1.97438390E-02  2.49641000E-04
2001-12-24T01:22:58.153  2.10203000E-04  1.88755170E-02  6.41690000E-04
2001-12-24T01:22:59.169  2.31598000E-04  1.90439320E-02  5.56805000E-04
2001-12-24T01:23:00.157  4.89617000E-04  1.82290490E-02  1.32975000E-04
2001-12-24T01:23:01.161 -1.57356300E-03  1.72990750E-02  1.78416000E-04
2001-12-24T01:23:02.150  3.08380000E-05  1.82628720E-02  1.80544200E-03
2001-12-24T01:23:03.161  3.79398000E-04  1.87653340E-02  5.39764000E-04
2001-12-24T01:23:04.161  7.15765000E-04  1.82616380E-02  1.25876000E-04
2001-12-24T01:23:05.161 -2.70107000E-04  1.74973030E-02  1.70480000E-05
2001-12-24T01:23:06.157  6.90293000E-04  1.82936900E-02  4.90641000E-04
2001-12-24T01:23:07.161 -1.29703300E-03  1.71842330E-02  4.16064000E-04
2001-12-24T01:23:08.161  2.04754000E-04  1.81422980E-02  3.05232000E-04
2001-12-24T01:23:09.169 -1.11263600E-03  1.63333680E-02 -5.12388000E-04
2001-12-24T01:23:10.157  2.34613000E-04  1.77329930E-02  2.09291000E-04
2001-12-24T01:23:11.165  6.28118000E-04  1.80673640E-02 -7.07383000E-04
2001-12-24T01:23:12.153  2.77869000E-04  1.74876940E-02 -3.61118000E-04
2001-12-24T01:23:13.169  7.43305000E-04  1.83288640E-02  5.65503000E-04
2001-12-24T01:23:14.161 -1.75049000E-04  1.93415970E-02  5.28490000E-04
2001-12-24T01:23:15.161  3.38170000E-04  1.87178610E-02 -1.48358000E-04
2001-12-24T01:23:16.157 -1.18195700E-03  1.82023850E-02 -1.41676600E-03
2001-12-24T01:23:17.161  1.18410000E-04  1.90384760E-02 -6.51245000E-04
2001-12-24T01:23:18.150 -1.29425500E-03  1.73778050E-02 -3.96150000E-05
2001-12-24T01:23:19.177  3.18581000E-04  1.79765300E-02  3.49568000E-04
2001-12-24T01:23:20.157 -1.30323000E-04  1.85714400E-02  5.30541000E-04
2001-12-24T01:23:21.161 -9.11072000E-04  1.72866400E-02  5.18671000E-04
2001-12-24T01:23:22.157 -3.88290000E-05  1.78208820E-02  2.43470000E-04
2001-12-24T01:23:23.161 -1.31060700E-03  1.68521830E-02 -8.20043000E-04
2001-12-24T01:23:24.165  6.29918000E-04  1.77502280E-02 -5.45771000E-04
2001-12-24T01:23:25.161 -3.12296000E-04  1.68954670E-02  5.26004000E-04
2001-12-24T01:23:26.157 -1.91719000E-04  1.77008160E-02  2.16826000E-04
2001-12-24T01:23:27.161  3.83793000E-04  1.74746610E-02  1.21808400E-03
2001-12-24T01:23:28.157 -5.40627000E-04  1.66057010E-02  2.44688000E-04
2001-12-24T01:23:29.177  7.33946000E-04  1.74855160E-02 -1.18994000E-04
2001-12-24T01:23:30.153 -2.17338000E-04  1.69718270E-02  2.64503000E-04
2001-12-24T01:23:31.161 -1.56189600E-03  1.56367890E-02 -1.14200000E-05
2001-12-24T01:23:32.157  4.24121000E-04  1.80855370E-02  1.07155900E-03
2001-12-24T01:23:33.165 -5.80747000E-04  1.63031630E-02  1.26994000E-03
2001-12-24T01:23:34.161  7.87271000E-04  1.77990330E-02  1.08323000E-03
2001-12-24T01:23:35.161 -1.44056200E-03  1.60931780E-02  1.71967900E-03
2001-12-24T01:23:36.153  5.21781000E-04  1.81963690E-02  5.15358000E-04
2001-12-24T01:23:37.157 -9.61430000E-04  1.65241730E-02 -1.86653000E-04
2001-12-24T01:23:38.157  5.00700000E-04  1.83584020E-02  2.99818000E-04
2001-12-24T01:23:39.173  2.88895000E-04  1.69320550E-02  8.54898000E-04
2001-12-24T01:23:40.161 -1.09138700E-03  1.56591260E-02  2.74456000E-04
2001-12-24T01:23:41.165 -1.57793500E-03  1.48231880E-02  7.21689000E-04
2001-12-24T01:23:42.157 -1.43047600E-03  1.36549480E-02  1.25923800E-03
2001-12-24T01:23:43.161 -1.59149600E-03  1.41918460E-02  2.54186000E-04
2001-12-24T01:23:44.165 -1.71871300E-03  1.40391580E-02 -2.44747000E-04
2001-12-24T01:23:45.169 -9.50499000E-04  1.41264040E-02 -1.05669100E-03
2001-12-24T01:23:46.153  2.96030000E-05  1.40897020E-02 -5.07890000E-04
2001-12-24T01:23:47.161  4.05420000E-04  1.47792430E-02  2.11531000E-04
2001-12-24T01:23:48.157  7.39934000E-04  1.51744750E-02  1.81022000E-04
2001-12-24T01:23:49.169  7.59613000E-04  1.54439910E-02  1.19827000E-03
2001-12-24T01:23:50.153 -1.25161900E-03  1.34461340E-02  4.37269000E-04
2001-12-24T01:23:51.165 -1.01684600E-03  1.39546660E-02  7.91460000E-05
2001-12-24T01:23:52.153  5.33348000E-04  1.45845650E-02  9.27910000E-05
2001-12-24T01:23:53.157 -6.99874000E-04  1.28698970E-02 -5.77801000E-04
2001-12-24T01:23:54.165 -4.06366000E-04  1.32609270E-02  1.31102700E-03
2001-12-24T01:23:55.161  8.40164000E-04  1.44710700E-02  8.50399000E-04
2001-12-24T01:23:56.161 -1.41401000E-03  1.18036550E-02  2.89785000E-04
2001-12-24T01:23:57.161  9.46271000E-04  1.37059240E-02  2.08016000E-04
2001-12-24T01:23:58.157 -1.72486600E-03  1.19925500E-02  1.57562000E-04
2001-12-24T01:23:59.169  7.15840000E-04  1.38033310E-02  7.73302000E-04
2001-12-24T01:24:00.157 -1.36571600E-03  1.21560490E-02  3.41877000E-04
2001-12-24T01:24:01.169  6.54734000E-04  1.38881150E-02  7.57608000E-04
2001-12-24T01:24:02.153 -1.24481100E-03  1.15288700E-02 -8.79396000E-04
2001-12-24T01:24:03.161  5.53391000E-04  1.38106610E-02  9.48322000E-04
2001-12-24T01:24:04.161 -2.17246500E-03  1.16606920E-02  2.11720000E-05
2001-12-24T01:24:05.161  8.92411000E-04  1.36886220E-02  8.00200000E-05
2001-12-24T01:24:06.153 -9.98696000E-04  1.20306940E-02  1.74951000E-04
2001-12-24T01:24:07.161  3.37643000E-04  1.42583370E-02  2.51539000E-04
2001-12-24T01:24:08.153 -1.65991700E-03  1.23485880E-02  8.91585000E-04
2001-12-24T01:24:09.165  8.99992000E-04  1.36476020E-02  1.19701200E-03
2001-12-24T01:24:10.157 -1.18496400E-03  1.21176410E-02  8.65489000E-04
2001-12-24T01:24:11.165  9.96245000E-04  1.30315260E-02  3.08195000E-04
2001-12-24T01:24:12.161  3.75354000E-04  1.20541870E-02 -5.19084000E-04
2001-12-24T01:24:13.161 -1.07187200E-03  1.11034830E-02 -1.02684000E-04
2001-12-24T01:24:14.165 -1.37278300E-03  1.10739820E-02 -4.22506000E-04
2001-12-24T01:24:15.161  6.70549000E-04  1.25005500E-02 -7.40943000E-04
2001-12-24T01:24:16.157  1.16862100E-03  1.21706950E-02  2.58624000E-04
2001-12-24T01:24:17.169  6.89175000E-04  1.19597250E-02  1.05253000E-03
2001-12-24T01:24:18.153  2.04708000E-04  1.18071820E-02  1.02230600E-03
2001-12-24T01:24:19.169  5.38050000E-05  1.13526000E-02  9.66853000E-04
2001-12-24T01:24:20.157  3.30000000E-07  1.08726810E-02  2.82670000E-04
2001-12-24T01:24:21.161 -9.07366000E-04  1.08983010E-02 -7.10109000E-04
2001-12-24T01:24:22.149 -1.09086700E-03  1.09837810E-02  5.18970000E-05
2001-12-24T01:24:23.161 -1.61955700E-03  1.10586020E-02  2.41521000E-04
2001-12-24T01:24:24.161 -1.52321500E-03  9.83621800E-03  1.80399000E-04
2001-12-24T01:24:25.161 -5.87768000E-04  1.13722780E-02  4.66155000E-04
2001-12-24T01:24:26.157  8.38808000E-04  1.23926220E-02  1.11651700E-03
2001-12-24T01:24:27.161  5.45866000E-04  1.20474580E-02  9.82355000E-04
2001-12-24T01:24:28.161  5.82118000E-04  1.09324070E-02 -5.87237000E-04
2001-12-24T01:24:29.173  2.37430000E-05  1.08019750E-02  6.99188000E-04
2001-12-24T01:24:30.157  4.45415000E-04  1.10479080E-02  9.22454000E-04
2001-12-24T01:24:31.161  1.39507600E-03  1.02898180E-02  1.75263000E-03
2001-12-24T01:24:32.153 -3.45243000E-04  1.00420980E-02  6.58264000E-04
2001-12-24T01:24:33.169 -7.89641000E-04  9.34241100E-03  1.27761400E-03
2001-12-24T01:24:34.161 -6.23986000E-04  9.49935400E-03 -4.77933000E-04
2001-12-24T01:24:35.161  4.90940000E-05  8.63755400E-03  3.33519000E-04
2001-12-24T01:24:36.157  7.54124000E-04  1.03613080E-02 -2.31559000E-04
2001-12-24T01:24:37.161 -7.18952000E-04  8.90532700E-03 -1.97618000E-04
2001-12-24T01:24:38.149 -2.90790000E-05  8.37909200E-03  1.33551000E-03
2001-12-24T01:24:39.169  6.32337000E-04  1.02555300E-02  1.23341000E-03
2001-12-24T01:24:40.157  5.41590000E-05  9.06135300E-03  3.41458000E-04
2001-12-24T01:24:41.161 -3.68267000E-04  8.41462300E-03 -2.70782000E-04
2001-12-24T01:24:42.157  8.84335000E-04  1.01819220E-02 -7.38989000E-04
2001-12-24T01:24:43.161 -1.10336600E-03  7.70067200E-03  1.06176000E-04
2001-12-24T01:24:44.165  4.87243000E-04  9.27640200E-03  1.20963400E-03
2001-12-24T01:24:45.161 -1.56514200E-03  7.36354600E-03  1.13250100E-03
2001-12-24T01:24:46.157  1.16424500E-03  8.82685600E-03  8.15873000E-04
2001-12-24T01:24:47.161 -8.28855000E-04  7.14172700E-03  6.02292000E-04
2001-12-24T01:24:48.153  1.34881800E-03  8.66140100E-03 -3.60902000E-04
2001-12-24T01:24:49.177  3.86124000E-04  7.71839100E-03 -6.95042000E-04
2001-12-24T01:24:50.153 -6.44332000E-04  6.34808300E-03  2.74549000E-04
2001-12-24T01:24:51.161  1.29710300E-03  9.05089100E-03  5.91039000E-04
2001-12-24T01:24:52.157 -2.81980000E-04  7.80243100E-03  7.40311000E-04
2001-12-24T01:24:53.161 -1.25709700E-03  7.57096800E-03  3.52048000E-04
2001-12-24T01:24:54.161  1.02479300E-03  8.86068100E-03 -8.46234000E-04
2001-12-24T01:24:55.161 -3.66330000E-05  8.57394800E-03  4.13142000E-04
2001-12-24T01:24:56.153 -9.09907000E-04  6.85897300E-03 -1.08731200E-03
2001-12-24T01:24:57.157 -2.46870000E-04  5.97252100E-03 -5.02361000E-04
2001-12-24T01:24:58.157  1.23369400E-03  7.87908300E-03  1.04181700E-03
2001-12-24T01:24:59.169 -3.29950000E-05  7.99372200E-03  8.59899000E-04
2001-12-24T01:25:00.161 -9.25836000E-04  7.30553700E-03  1.10952200E-03
2001-12-24T01:25:01.165 -1.33479100E-03  6.27703600E-03 -1.15857000E-04
2001-12-24T01:25:02.157 -1.02816000E-04  7.13931100E-03 -7.02880000E-05
2001-12-24T01:25:03.161 -1.77571000E-04  6.98799200E-03 -1.33076000E-03
2001-12-24T01:25:04.161 -8.10800000E-05  7.55548200E-03 -3.54343000E-04
2001-12-24T01:25:05.169  8.86910000E-04  7.61706700E-03  5.28038000E-04
2001-12-24T01:25:06.153  4.95793000E-04  7.07330600E-03  1.19152600E-03
2001-12-24T01:25:07.161 -2.37829000E-04  7.34063700E-03 -3.03515000E-04
2001-12-24T01:25:08.157 -1.56848000E-04  6.64371700E-03  1.02876900E-03
2001-12-24T01:25:09.169  6.38730000E-05  6.36188900E-03 -4.80391000E-04
2001-12-24T01:25:10.153 -4.42437000E-04  6.85833200E-03 -3.69345000E-04
2001-12-24T01:25:11.165  5.42478000E-04  5.94026900E-03  3.61654000E-04
2001-12-24T01:25:12.153 -9.42140000E-05  6.33578900E-03 -1.21883000E-04
2001-12-24T01:25:13.157  2.34556000E-04  6.59412000E-03  7.94493000E-04
2001-12-24T01:25:14.165  2.14857000E-04  6.89785300E-03  8.12314000E-04
2001-12-24T01:25:15.161  9.35742000E-04  6.19456900E-03 -2.34590000E-05
2001-12-24T01:25:16.161  3.61514000E-04  7.00521200E-03  4.37334000E-04
2001-12-24T01:25:17.161  7.73433000E-04  6.97873800E-03 -7.91890000E-05
2001-12-24T01:25:18.157  9.39354000E-04  6.86408600E-03 -1.29763700E-03
2001-12-24T01:25:19.173  6.61241000E-04  7.28911700E-03  2.20830000E-05
2001-12-24T01:25:20.157  1.18891300E-03  7.35855700E-03  2.16293000E-04
2001-12-24T01:25:21.169  5.15284000E-04  7.51235400E-03  1.74450000E-05
2001-12-24T01:25:22.153  8.64228000E-04  7.05198400E-03 -2.02859000E-04
2001-12-24T01:25:23.165  3.16480000E-05  5.94000000E-03 -9.98503000E-04
2001-12-24T01:25:24.161 -1.43039500E-03  5.34523600E-03 -8.20118000E-04
2001-12-24T01:25:25.161 -7.39845000E-04  4.61937300E-03  7.43795000E-04
2001-12-24T01:25:26.153 -2.80880000E-05  5.60486000E-03  1.31054000E-04
2001-12-24T01:25:27.161  1.18477300E-03  6.10285300E-03  5.75429000E-04
2001-12-24T01:25:28.153 -1.54687000E-04  4.70720500E-03  5.26594000E-04
2001-12-24T01:25:29.165 -5.14951000E-04  3.64452900E-03 -5.15638000E-04
2001-12-24T01:25:30.157 -2.49813000E-04  5.84206800E-03 -1.69939000E-04
2001-12-24T01:25:31.165  7.38102000E-04  6.08001300E-03 -4.50207000E-04
2001-12-24T01:25:32.161 -3.75706000E-04  4.73342000E-03  4.40467000E-04
2001-12-24T01:25:33.161 -7.34012000E-04  3.99176900E-03  1.25652400E-03
2001-12-24T01:25:34.165  6.50821000E-04  5.12717200E-03 -1.76060000E-04
2001-12-24T01:25:35.161 -6.48095000E-04  5.21908700E-03  4.55932000E-04
2001-12-24T01:25:36.157 -6.09900000E-04  4.39976300E-03 -1.39082000E-04
2001-12-24T01:25:37.169  1.05413600E-03  5.48600400E-03 -1.83219000E-04
2001-12-24T01:25:38.153 -9.79245000E-04  3.79726300E-03 -3.75544000E-04
2001-12-24T01:25:39.169  9.88870000E-04  4.76627000E-03  7.44170000E-04
2001-12-24T01:25:40.157 -9.99255000E-04  3.33652500E-03 -4.15594000E-04
2001-12-24T01:25:41.161  4.53884000E-04  5.57720100E-03  1.20259200E-03
2001-12-24T01:25:42.149 -1.27526000E-03  3.24049300E-03  2.72442000E-04
2001-12-24T01:25:43.161  9.13361000E-04  4.65839000E-03 -9.31814000E-04
2001-12-24T01:25:44.161 -2.89907000E-04  2.77402700E-03 -5.08114000E-04
2001-12-24T01:25:45.161  1.12255400E-03  4.41250400E-03  4.60213000E-04
2001-12-24T01:25:46.157 -3.77044000E-04  2.99423200E-03  1.29020700E-03
2001-12-24T01:25:47.161  3.41379000E-04  4.43059600E-03  8.41786000E-04
2001-12-24T01:25:48.161 -4.97822000E-04  3.66081500E-03  4.18522000E-04
2001-12-24T01:25:49.169 -9.75170000E-05  3.76056500E-03  1.75181000E-04
2001-12-24T01:25:50.157 -2.64717000E-04  5.05617800E-03  3.29000000E-05
2001-12-24T01:25:51.161 -5.81689000E-04  3.40912400E-03 -7.97242000E-04
2001-12-24T01:25:52.153  8.88943000E-04  4.28125500E-03 -3.53061000E-04
2001-12-24T01:25:53.169 -1.13477500E-03  2.69519700E-03  6.88357000E-04
2001-12-24T01:25:54.161  8.26372000E-04  4.16919100E-03  1.53411300E-03
2001-12-24T01:25:55.161  5.83515000E-04  4.25398800E-03 -8.02400000E-05
2001-12-24T01:25:56.157 -1.54515000E-04  2.20272000E-03  7.20242000E-04
2001-12-24T01:25:57.161 -5.62743000E-04  3.05876200E-03 -9.80499000E-04
2001-12-24T01:25:58.149  5.80282000E-04  4.85219900E-03  3.54278000E-04
2001-12-24T01:25:59.169  1.57500000E-06  2.49682700E-03 -5.27616000E-04
2001-12-24T01:26:00.157 -3.78054000E-04  2.05393400E-03  2.44570000E-05
2001-12-24T01:26:01.161  9.01677000E-04  4.57601900E-03 -2.29109000E-04
2001-12-24T01:26:02.157  7.52544000E-04  2.97480500E-03  7.18506000E-04
2001-12-24T01:26:03.161 -6.78152000E-04  1.75155300E-03  1.17006500E-03
2001-12-24T01:26:04.165 -9.56419000E-04  3.31281700E-03  5.15060000E-05
2001-12-24T01:26:05.161  1.52328100E-03  3.38694500E-03 -6.08809000E-04
2001-12-24T01:26:06.157  6.24372000E-04  2.89548300E-03  2.03421000E-04
2001-12-24T01:26:07.161 -8.98012000E-04  2.65960600E-03  2.65842000E-04
2001-12-24T01:26:08.157 -3.98053000E-04  1.96990800E-03  1.18460700E-03
2001-12-24T01:26:09.177  7.66622000E-04  4.43714300E-03  7.51384000E-04
2001-12-24T01:26:10.153  1.22726800E-03  3.26420800E-03  9.05865000E-04
2001-12-24T01:26:11.161 -8.23860000E-05  3.03622500E-03 -3.21987000E-04
2001-12-24T01:26:12.157 -8.90368000E-04  2.46160300E-03 -6.35928000E-04
2001-12-24T01:26:13.161 -1.05017600E-03  2.02562200E-03 -1.48621000E-04
2001-12-24T01:26:14.161 -3.83650000E-04  1.16034800E-03  1.27121000E-04
2001-12-24T01:26:15.161 -1.33243600E-03  1.73787500E-03  1.93926000E-04
2001-12-24T01:26:16.153  6.41710000E-04  2.55302200E-03  4.27257000E-04
2001-12-24T01:26:17.157  2.34914000E-04  3.43935500E-03 -4.53860000E-05
2001-12-24T01:26:18.157  1.81722000E-04  2.22907400E-03  1.10228300E-03
2001-12-24T01:26:19.169  6.48302000E-04  3.81891500E-03 -1.46759300E-03
2001-12-24T01:26:20.161  8.33678000E-04  2.56500400E-03 -3.08938000E-04
2001-12-24T01:26:21.165  1.62951900E-03  2.48311300E-03  7.54789000E-04
2001-12-24T01:26:22.157 -8.46450000E-05  3.02070100E-03  1.73640000E-05
2001-12-24T01:26:23.161 -1.46704000E-04  2.07354900E-03  2.83600000E-06
2001-12-24T01:26:24.161 -7.08032000E-04  7.30153000E-04  1.38368800E-03
2001-12-24T01:26:25.169 -9.71895000E-04  6.87201000E-04 -8.84710000E-05
2001-12-24T01:26:26.153 -8.86526000E-04  1.15469400E-03  2.97022000E-04
2001-12-24T01:26:27.161 -4.44133000E-04  1.84620900E-03  2.10881000E-04
2001-12-24T01:26:28.157  5.67413000E-04  1.82596300E-03  2.30293000E-04
2001-12-24T01:26:29.169  4.83360000E-04  1.33138000E-03  8.91200000E-05
2001-12-24T01:26:30.153 -1.88027000E-04  3.60174000E-04  4.64502000E-04
2001-12-24T01:26:31.165 -6.42713000E-04 -1.04233000E-04 -1.17509000E-04
2001-12-24T01:26:32.153 -7.83645000E-04  6.56286000E-04 -6.46408000E-04
2001-12-24T01:26:33.157 -2.21057000E-04  1.59176700E-03 -2.29219000E-04
2001-12-24T01:26:34.165  3.35977000E-04  2.36540400E-03  4.50879000E-04
2001-12-24T01:26:35.161  2.13160000E-05  1.49666400E-03  1.29632000E-04
2001-12-24T01:26:36.161 -7.96933000E-04  3.96742000E-04  4.86644000E-04
2001-12-24T01:26:37.161 -8.74681000E-04  6.29509000E-04 -2.35443000E-04
2001-12-24T01:26:38.157  3.80712000E-04  1.19637700E-03  6.24357000E-04
2001-12-24T01:26:39.169  1.13739900E-03  1.05609100E-03 -5.25938000E-04
2001-12-24T01:26:40.157 -1.93963000E-04  1.82541000E-04  2.29419000E-04
2001-12-24T01:26:41.169 -2.27784000E-04  3.77297000E-04 -1.32442000E-03
2001-12-24T01:26:42.153  6.77962000E-04  9.15129000E-04  3.62661000E-04
2001-12-24T01:26:43.161 -4.20635000E-04  1.86030000E-04  5.42336000E-04
2001-12-24T01:26:44.161 -4.75604000E-04 -1.08499000E-04  7.41674000E-04
2001-12-24T01:26:45.161  8.79071000E-04  1.30843000E-03  4.86091000E-04
2001-12-24T01:26:46.149 -2.20234000E-04  7.43154000E-04  3.70697000E-04
2001-12-24T01:26:47.161 -1.06686500E-03  8.95180000E-05 -6.29986000E-04
2001-12-24T01:26:48.153  4.97686000E-04  1.42190700E-03 -2.99990000E-04
2001-12-24T01:26:49.165  4.47701000E-04  7.52552000E-04 -1.69361000E-04
2001-12-24T01:26:50.157 -9.49500000E-04  2.77799000E-04 -5.11210000E-05
2001-12-24T01:26:51.165  1.42061000E-04  1.42626500E-03  4.62808000E-04
2001-12-24T01:26:52.161 -8.59650000E-05  1.16476500E-03  1.76992400E-03
2001-12-24T01:26:53.161 -8.68841000E-04  4.05334000E-04 -3.37690000E-05
2001-12-24T01:26:54.165 -2.37665000E-04  1.35845500E-03  4.50143000E-04
2001-12-24T01:26:55.161 -9.98300000E-05  9.41397000E-04 -1.70353000E-04
2001-12-24T01:26:56.157 -1.35894900E-03  4.05624000E-04 -9.14510000E-05
2001-12-24T01:26:57.169 -1.88994000E-04  1.44521900E-03  1.24897400E-03
2001-12-24T01:26:58.153  1.42579000E-04  7.98767000E-04  8.34036000E-04
2001-12-24T01:26:59.173 -1.20492600E-03  5.05370000E-04  7.68902000E-04
2001-12-24T01:27:00.157  3.90806000E-04  7.70917000E-04  5.77760000E-05
2001-12-24T01:27:01.161  2.85591000E-04  1.02649100E-03 -6.97104000E-04
2001-12-24T01:27:02.149  2.11530000E-05 -1.28427000E-03 -3.82620000E-04
2001-12-24T01:27:03.161  7.27901000E-04  6.75967000E-04 -2.63658000E-04
2001-12-24T01:27:04.161  9.92350000E-05 -2.91541000E-04  8.98667000E-04
2001-12-24T01:27:05.157 -3.22833000E-04 -5.41534000E-04 -7.25050000E-05
2001-12-24T01:27:06.157  9.49583000E-04  9.22796000E-04  1.78757600E-03
2001-12-24T01:27:07.161 -5.34898000E-04  3.39754000E-04 -1.16021800E-03
2001-12-24T01:27:08.161 -9.27061000E-04  3.15665000E-04 -4.54708000E-04
2001-12-24T01:27:09.169  3.87815000E-04  2.23550900E-03 -1.02128800E-03
2001-12-24T01:27:10.157 -7.94686000E-04  8.25545000E-04 -7.15912000E-04
2001-12-24T01:27:11.161 -1.44476000E-04  5.54180000E-05 -7.15570000E-05
2001-12-24T01:27:12.153  6.44622000E-04  1.38535400E-03 -1.62223000E-04
2001-12-24T01:27:13.169 -9.02664000E-04  1.68694000E-04 -5.96687000E-04
2001-12-24T01:27:14.161  7.94045000E-04  5.66754000E-04 -3.96608000E-04
2001-12-24T01:27:15.161  2.76655000E-04 -6.93460000E-04 -5.56926000E-04
2001-12-24T01:27:16.157  3.26710000E-05 -4.47399000E-04 -6.36180000E-04
2001-12-24T01:27:17.161  9.78866000E-04  5.39374000E-04 -2.39515000E-04
2001-12-24T01:27:18.149 -1.29471800E-03 -7.88551000E-04  1.59156000E-03
2001-12-24T01:27:19.169  7.94540000E-05  8.10950000E-04  3.98990000E-04
2001-12-24T01:27:20.153 -1.95471000E-04  1.10870300E-03 -7.85452000E-04
2001-12-24T01:27:21.161 -9.05655000E-04  4.49929000E-04  5.44493000E-04
2001-12-24T01:27:22.157  9.54895000E-04  6.83790000E-04 -1.97524000E-04
2001-12-24T01:27:23.161 -5.63260000E-05 -8.01124000E-04 -8.05324000E-04
2001-12-24T01:27:24.165  6.73934000E-04  3.19170000E-04  7.72281000E-04
2001-12-24T01:27:25.161  4.71322000E-04  6.32747000E-04  3.66424000E-04
2001-12-24T01:27:26.157 -4.88056000E-04 -1.33426000E-04  1.79733700E-03
2001-12-24T01:27:27.161  7.01263000E-04  1.78095000E-03 -5.69500000E-04
2001-12-24T01:27:28.153 -9.15601000E-04 -2.60273000E-04 -2.12616000E-04
2001-12-24T01:27:29.173  4.56927000E-04  1.07087900E-03 -8.02624000E-04
2001-12-24T01:27:30.153  9.82870000E-05  1.04555000E-04  6.03051000E-04
2001-12-24T01:27:31.161  1.14605000E-04 -5.73782000E-04 -2.78144000E-04
2001-12-24T01:27:32.153  1.24529400E-03  6.34445000E-04  1.32645200E-03
2001-12-24T01:27:33.161 -1.41969300E-03 -5.07068000E-04 -4.95946000E-04
2001-12-24T01:27:34.161  1.43673000E-04  1.89978900E-03 -1.70815000E-04
2001-12-24T01:27:35.161 -9.51965000E-04  7.76420000E-05 -9.33729000E-04
2001-12-24T01:27:36.153  3.97317000E-04  4.57325000E-04  5.14070000E-04
2001-12-24T01:27:37.157  4.83233000E-04  2.16734000E-04 -2.74066000E-04
2001-12-24T01:27:38.157  1.17738000E-04 -3.81698000E-04 -9.08416000E-04
2001-12-24T01:27:39.169  1.50266600E-03  8.48220000E-04  9.00079000E-04
2001-12-24T01:27:40.161 -1.07086800E-03 -3.48968000E-04  4.82200000E-04
2001-12-24T01:27:41.161  1.25272000E-04  1.66710800E-03 -4.48680000E-05
2001-12-24T01:27:42.157 -9.39608000E-04 -6.57417000E-04 -7.20867000E-04
2001-12-24T01:27:43.161 -9.74000000E-07  7.02054000E-04  1.14291000E-04
2001-12-24T01:27:44.161 -2.75750000E-05 -5.23213000E-04 -2.24654000E-04
2001-12-24T01:27:45.169  6.02890000E-04 -1.43685000E-04 -4.74500000E-04
2001-12-24T01:27:46.153 -5.85443000E-04 -2.21646000E-04  9.91736000E-04
2001-12-24T01:27:47.161 -5.34222000E-04  2.08951000E-04  1.22810000E-03
2001-12-24T01:27:48.153  8.57630000E-05  1.19045900E-03 -6.04541000E-04
2001-12-24T01:27:49.173 -4.46754000E-04 -6.02733000E-04  4.51137000E-04
2001-12-24T01:27:50.149  1.62010200E-03  6.12268000E-04 -6.03968000E-04
2001-12-24T01:27:51.161 -5.74998000E-04 -1.12029700E-03 -1.36627600E-03
2001-12-24T01:27:52.153  7.62839000E-04  1.00853500E-03  2.96739000E-04
2001-12-24T01:27:53.157 -1.39486400E-03 -1.13140000E-05  1.25870100E-03
2001-12-24T01:27:54.161  4.90050000E-04  4.35063000E-04 -4.59932000E-04
2001-12-24T01:27:55.161  5.30765000E-04  5.44775000E-04 -1.22752000E-04
2001-12-24T01:27:56.161  2.99207000E-04 -5.28424000E-04 -8.35842000E-04
2001-12-24T01:27:57.161  2.43584000E-04 -1.12453000E-04 -4.45949000E-04
2001-12-24T01:27:58.157 -1.18147800E-03  5.20600000E-05 -1.18672600E-03
2001-12-24T01:27:59.169  5.91421000E-04  1.08622100E-03  6.03992000E-04
2001-12-24T01:28:00.157 -9.22235000E-04 -4.97180000E-04  9.05703000E-04
2001-12-24T01:28:01.169  6.60771000E-04  3.56573000E-04 -6.56705000E-04
2001-12-24T01:28:02.153 -6.37054000E-04 -1.45101000E-03  7.34590000E-04
2001-12-24T01:28:03.161  6.44226000E-04  1.17894400E-03 -4.80473000E-04
2001-12-24T01:28:04.161 -7.00247000E-04  2.33479000E-04 -5.06910000E-04
2001-12-24T01:28:05.161  3.17412000E-04  9.90653000E-04 -2.85503000E-04
2001-12-24T01:28:06.149 -4.22963000E-04 -7.74298000E-04  1.47559000E-04
2001-12-24T01:28:07.161  8.50471000E-04 -6.41948000E-04 -2.55867000E-04
2001-12-24T01:28:08.153 -2.18817000E-04 -1.24757000E-04  2.31526000E-04
2001-12-24T01:28:09.165 -6.36896000E-04  6.62358000E-04  6.48296000E-04
2001-12-24T01:28:10.157  3.61210000E-05  1.37462400E-03  7.73426000E-04
2001-12-24T01:28:11.161 -5.53815000E-04 -8.15089000E-04 -1.51642000E-04
2001-12-24T01:28:12.157  7.38410000E-04  5.93010000E-05 -7.54696000E-04
2001-12-24T01:28:13.161 -3.18629000E-04 -8.82342000E-04 -6.39737000E-04
2001-12-24T01:28:14.165  2.82517000E-04  1.10164700E-03  4.01790000E-04
2001-12-24T01:28:15.161 -1.56686100E-03  9.77210000E-05  8.29730000E-05
2001-12-24T01:28:16.157  5.27446000E-04  1.11017100E-03 -4.90280000E-05
2001-12-24T01:28:17.169 -5.10734000E-04 -9.12694000E-04  9.55405000E-04
2001-12-24T01:28:18.153  1.39353400E-03  2.41700000E-06 -1.18424900E-03
2001-12-24T01:28:19.169 -1.79411000E-04 -7.88500000E-06 -7.17828000E-04
2001-12-24T01:28:20.157  5.02390000E-05  5.73908000E-04 -3.38793000E-04
2001-12-24T01:28:21.161 -9.74301000E-04  2.37856000E-04 -2.98138000E-04
2001-12-24T01:28:22.149 -5.88864000E-04  4.60952000E-04  4.54160000E-05
2001-12-24T01:28:23.161  1.19846100E-03 -2.63118000E-04  1.80713000E-04
2001-12-24T01:28:24.161 -8.70100000E-06 -6.67833000E-04 -3.81496000E-04
2001-12-24T01:28:25.157 -5.88359000E-04  6.75135000E-04 -2.58809000E-04
2001-12-24T01:28:26.157 -1.72072200E-03  3.30223000E-04  2.25481000E-04
2001-12-24T01:28:27.161  3.83201000E-04  3.32590000E-05 -5.77484000E-04
2001-12-24T01:28:28.161 -4.56173000E-04 -9.58211000E-04  4.33674000E-04
2001-12-24T01:28:29.169  1.46009600E-03  3.59869000E-04  3.05827000E-04
2001-12-24T01:28:30.157 -1.53587200E-03 -7.66047000E-04  4.91689000E-04
2001-12-24T01:28:31.161  1.11662000E-04  1.04421700E-03  7.52487000E-04
2001-12-24T01:28:32.153 -9.67493000E-04  1.49855000E-04 -3.04746000E-04
2001-12-24T01:28:33.169  9.87061000E-04 -4.12220000E-05 -2.93026000E-04
2001-12-24T01:28:34.161 -3.07139000E-04 -1.23678400E-03 -9.89664000E-04
2001-12-24T01:28:35.161  4.57316000E-04 -2.05900000E-05 -5.06413000E-04
2001-12-24T01:28:36.157 -6.12310000E-04  1.62941000E-04  9.50359000E-04
2001-12-24T01:28:37.161 -1.27048000E-04  9.81170000E-05  3.76022000E-04
2001-12-24T01:28:38.149  8.23535000E-04 -5.92536000E-04  8.06353000E-04
2001-12-24T01:28:39.176  2.19916000E-04 -6.61560000E-04  4.82840000E-04
2001-12-24T01:28:40.153  5.69602000E-04 -4.60140000E-05 -3.88801000E-04
2001-12-24T01:28:41.161 -9.74517000E-04 -2.79897000E-04  5.58182000E-04
2001-12-24T01:28:42.157 -6.20675000E-04  1.08233900E-03 -4.65824000E-04
2001-12-24T01:28:43.161 -5.38336000E-04 -6.28482000E-04 -6.18427000E-04
2001-12-24T01:28:44.165  1.21268800E-03  6.37734000E-04  6.76530000E-04
2001-12-24T01:28:45.161 -5.53806000E-04 -1.38775800E-03  1.12048200E-03
2001-12-24T01:28:46.157  3.94396000E-04  1.11889600E-03  1.84810000E-04
2001-12-24T01:28:47.161 -1.42839800E-03 -4.55988000E-04  8.80111000E-04
2001-12-24T01:28:48.153  4.10124000E-04  9.41225000E-04 -1.46515000E-04
2001-12-24T01:28:49.176 -6.01041000E-04 -2.80651000E-04 -5.60960000E-05
2001-12-24T01:28:50.153  8.82454000E-04 -1.58291000E-04 -2.99412000E-04
2001-12-24T01:28:51.161 -1.11707400E-03 -7.19132000E-04 -2.59894000E-04
2001-12-24T01:28:52.157 -1.88700000E-04  1.09076700E-03  4.76680000E-04
2001-12-24T01:28:53.161 -3.87342000E-04  9.30630000E-05 -7.67820000E-05
2001-12-24T01:28:54.157  1.81280000E-04  6.75930000E-05  3.02396000E-04
2001-12-24T01:28:55.161  8.36730000E-04 -1.81158000E-04 -4.70335000E-04
2001-12-24T01:28:56.153 -1.79484000E-04 -3.64193000E-04 -2.24664000E-04
2001-12-24T01:28:57.157  2.64345000E-04  9.47468000E-04 -1.05040700E-03
2001-12-24T01:28:58.157 -4.99853000E-04 -6.11941000E-04 -6.09336000E-04
2001-12-24T01:28:59.169  1.21704200E-03  3.68635000E-04 -2.63019000E-04
2001-12-24T01:29:00.161 -5.19347000E-04 -1.00763600E-03  3.78934000E-04
2001-12-24T01:29:01.161  1.16865300E-03  5.40145000E-04  5.03930000E-04
2001-12-24T01:29:02.157 -1.29286300E-03  3.02120000E-05 -6.32352000E-04
2001-12-24T01:29:03.161  2.56066000E-04  7.01228000E-04 -2.52595000E-04
2001-12-24T01:29:04.161 -1.05204000E-03 -8.40580000E-04  3.09713000E-04
2001-12-24T01:29:05.169  9.76823000E-04  7.02918000E-04 -4.69757000E-04
2001-12-24T01:29:06.153 -9.84137000E-04 -1.05272900E-03 -8.35817000E-04
2001-12-24T01:29:07.161  3.48655000E-04  9.24226000E-04 -2.24062000E-04
2001-12-24T01:29:08.153 -1.31833400E-03  1.94415000E-04  7.97252000E-04
2001-12-24T01:29:09.169  6.21726000E-04 -1.38065000E-04  2.73312000E-04
2001-12-24T01:29:10.149  8.51050000E-05 -6.10112000E-04  3.63543000E-04
2001-12-24T01:29:11.161  1.08815000E-04 -5.43595000E-04 -4.33230000E-04
2001-12-24T01:29:12.153  7.29330000E-04  9.93303000E-04 -6.26797000E-04
2001-12-24T01:29:13.157 -8.68138000E-04 -1.56134000E-04 -4.19757000E-04
2001-12-24T01:29:14.161  7.36886000E-04  1.07672200E-03 -6.07466000E-04
2001-12-24T01:29:15.161 -4.12524000E-04 -1.06882400E-03  1.42881900E-03
2001-12-24T01:29:16.161  1.56462800E-03  6.60842000E-04 -1.90305000E-04
2001-12-24T01:29:17.161 -9.90156000E-04 -4.20921000E-04 -1.19940000E-04
2001-12-24T01:29:18.157  5.86679000E-04  1.38141100E-03 -6.37767000E-04
2001-12-24T01:29:19.169 -9.95153000E-04 -7.50962000E-04 -5.06977000E-04
2001-12-24T01:29:20.157  1.01882800E-03  3.72501000E-04 -2.41643000E-04
2001-12-24T01:29:21.169 -6.99519000E-04 -4.90402000E-04 -2.80740000E-04
2001-12-24T01:29:22.153  7.54003000E-04  2.70392000E-04  6.97893000E-04
2001-12-24T01:29:23.161 -1.49686900E-03  4.46130000E-05  1.36619000E-03
2001-12-24T01:29:24.161 -3.33970000E-04  7.07170000E-04  3.09456000E-04
2001-12-24T01:29:25.161 -1.17365000E-04  2.86674000E-04 -1.92193000E-04
2001-12-24T01:29:26.149  5.34185000E-04 -3.61965000E-04 -1.76512000E-04
2001-12-24T01:29:27.161  8.55226000E-04 -3.33247000E-04 -2.97164000E-04
2001-12-24T01:29:28.153 -5.44493000E-04 -3.46190000E-05 -9.78144000E-04
2001-12-24T01:29:29.169 -2.26418000E-04  1.09081700E-03 -1.24886600E-03
2001-12-24T01:29:30.157 -1.68720000E-04 -4.43465000E-04 -4.58370000E-04
2001-12-24T01:29:31.161  1.73449500E-03  1.86388000E-04  2.72244000E-04
2001-12-24T01:29:32.157 -5.50777000E-04 -9.20754000E-04  1.45736800E-03
2001-12-24T01:29:33.161  9.47901000E-04  1.47380600E-03  4.90250000E-04
2001-12-24T01:29:34.165 -1.22650200E-03 -7.93711000E-04 -2.57807000E-04
2001-12-24T01:29:35.161  6.71533000E-04  1.22938900E-03  7.72470000E-04
2001-12-24T01:29:36.157 -8.18846000E-04 -7.58993000E-04 -6.38602000E-04
2001-12-24T01:29:37.169  1.42557300E-03  5.07030000E-05  4.10769000E-04
2001-12-24T01:29:38.153 -1.06816500E-03 -1.14881900E-03  6.13530000E-05
2001-12-24T01:29:39.169 -1.37240000E-05  1.13120300E-03  1.28208000E-04
2001-12-24T01:29:40.157 -9.88024000E-04  1.49263000E-04  2.00320000E-04
2001-12-24T01:29:41.161  5.28710000E-04  5.94750000E-05 -3.83204000E-04
2001-12-24T01:29:42.149  7.59973000E-04 -6.55825000E-04 -3.19281000E-04
2001-12-24T01:29:43.161  2.41008000E-04 -4.83160000E-04  3.20971000E-04
2001-12-24T01:29:44.161  3.85382000E-04  6.46831000E-04 -6.12653000E-04
2001-12-24T01:29:45.157 -5.77277000E-04  5.04664000E-04 -1.15783500E-03
2001-12-24T01:29:46.157  3.96000000E-06 -5.86300000E-06 -3.94704000E-04
2001-12-24T01:29:47.161 -1.23781000E-04 -1.11307100E-03  9.95899000E-04
2001-12-24T01:29:48.161  6.23816000E-04 -1.25575000E-04  8.47364000E-04
2001-12-24T01:29:49.169 -1.00492400E-03 -3.01859000E-04  4.92786000E-04
2001-12-24T01:29:50.157  4.23319000E-04  1.05966800E-03 -7.32160000E-05
2001-12-24T01:29:51.161 -7.49848000E-04 -7.66562000E-04  8.76860000E-05
2001-12-24T01:29:52.153  1.35655200E-03 -2.64163000E-04 -1.13893000E-04
2001-12-24T01:29:53.169 -3.58199000E-04 -7.04997000E-04  8.31662000E-04
2001-12-24T01:29:54.161  7.75549000E-04  2.08233000E-04 -8.28700000E-06
2001-12-24T01:29:55.161 -9.33176000E-04 -3.51330000E-05  8.24874000E-04
2001-12-24T01:29:56.157 -3.27523000E-04  9.88663000E-04  6.53950000E-04
2001-12-24T01:29:57.161 -2.44811000E-04 -6.07037000E-04  1.06135100E-03
2001-12-24T01:29:58.149  9.03336000E-04 -5.31792000E-04 -8.72530000E-05
2001-12-24T01:29:59.169  8.93043000E-04  1.18908000E-04  2.08683000E-04
2001-12-24T01:30:00.153 -4.45507000E-04  2.54176000E-04 -8.18102000E-04
2001-12-24T01:30:01.161  4.86606000E-04  8.36557000E-04  2.99253000E-04
2001-12-24T01:30:02.157 -7.93751000E-04  5.75094000E-04  3.01210000E-05
2001-12-24T01:30:03.161  1.18108200E-03  3.87581000E-04  1.03264000E-03
2001-12-24T01:30:04.165  4.44990000E-05 -8.96518000E-04 -1.39739000E-04
2001-12-24T01:30:05.161 -4.00030000E-05  3.20662000E-04 -6.01517000E-04
2001-12-24T01:30:06.157 -1.31203600E-03  7.65200000E-05  6.12582000E-04
2001-12-24T01:30:07.161  5.89910000E-04  1.04523100E-03 -5.50676000E-04
2001-12-24T01:30:08.153 -3.83297000E-04 -1.30245700E-03  1.12315000E-03
2001-12-24T01:30:09.172  7.66985000E-04 -2.28085000E-04  2.33394000E-04
2001-12-24T01:30:10.153 -9.82848000E-04 -8.16950000E-04  1.30337000E-03
2001-12-24T01:30:11.161  1.53500000E-06  1.27197900E-03 -3.22240000E-05
2001-12-24T01:30:12.153 -1.31621800E-03 -2.89530000E-04  2.48543000E-04
2001-12-24T01:30:13.161  1.19487000E-03  3.38652000E-04  5.62230000E-05
2001-12-24T01:30:14.157 -4.83385000E-04 -2.00778600E-03 -2.77101000E-04
2001-12-24T01:30:15.161  8.30050000E-04  3.83772000E-04  3.80590000E-05
2001-12-24T01:30:16.153 -1.27169300E-03  3.45049000E-04  2.89371000E-04
2001-12-24T01:30:17.157  5.03075000E-04  2.55997000E-04  1.30921000E-04
2001-12-24T01:30:18.157 -1.11219000E-04 -2.31242000E-04 -1.64750000E-05
2001-12-24T01:30:19.172  3.36636000E-04 -2.78048000E-04 -1.28343000E-04
2001-12-24T01:30:20.161  2.90412000E-04 -3.15079000E-04  3.72909000E-04
2001-12-24T01:30:21.161 -6.22094000E-04  5.49966000E-04 -5.19678000E-04
2001-12-24T01:30:22.157 -2.19305000E-04  9.42689000E-04 -6.17776000E-04
2001-12-24T01:30:23.161 -3.87339000E-04 -3.50360000E-04  2.78044000E-04
2001-12-24T01:30:24.161  6.49019000E-04  6.78292000E-04 -1.34048000E-04
2001-12-24T01:30:25.168 -5.77168000E-04 -5.32281000E-04  8.06787000E-04
2001-12-24T01:30:26.153  1.16302500E-03  1.13939200E-03  9.38451000E-04
2001-12-24T01:30:27.161 -1.09297400E-03 -6.00360000E-05  2.46323000E-04
2001-12-24T01:30:28.153  1.01100000E-03  1.16522600E-03 -5.64435000E-04
2001-12-24T01:30:29.168  3.33779000E-04 -1.13068800E-03 -6.89450000E-04
2001-12-24T01:30:30.149  1.11459700E-03  6.37017000E-04 -1.46497000E-04
2001-12-24T01:30:31.161 -1.01820300E-03 -5.80920000E-04 -6.88738000E-04
2001-12-24T01:30:32.153  1.41923000E-04  7.86275000E-04  5.28547000E-04
2001-12-24T01:30:33.157 -8.31395000E-04 -4.89045000E-04  1.31507900E-03
2001-12-24T01:30:34.161  4.60848000E-04  8.23980000E-05 -5.33438000E-04
2001-12-24T01:30:35.161 -3.45166000E-04 -1.35013100E-03 -1.69586000E-04
2001-12-24T01:30:36.161  8.18819000E-04  1.06408000E-04 -3.12815000E-04
2001-12-24T01:30:37.161  2.16319000E-04  5.70026000E-04 -1.33818600E-03
2001-12-24T01:30:38.157 -5.74014000E-04  5.91407000E-04  6.74366000E-04
2001-12-24T01:30:39.168 -1.51580000E-05 -1.28446000E-04  4.49687000E-04
2001-12-24T01:30:40.157  7.17300000E-05 -4.95057000E-04  8.32424000E-04
2001-12-24T01:30:41.168  7.35053000E-04 -2.79152000E-04 -1.09141000E-04
2001-12-24T01:30:42.153 -8.24226000E-04  1.27400000E-05 -6.59026000E-04
2001-12-24T01:30:43.161  4.11952000E-04  1.03979500E-03 -7.41098000E-04
2001-12-24T01:30:44.161 -9.83559000E-04  4.18576000E-04 -1.33983200E-03
2001-12-24T01:30:45.161  1.13155900E-03  2.81241000E-04  4.09570000E-04
2001-12-24T01:30:46.149 -7.63174000E-04 -1.61625200E-03  2.10868000E-04
2001-12-24T01:30:47.161  4.54139000E-04  9.73457000E-04  9.29157000E-04
2001-12-24T01:30:48.153 -8.39506000E-04 -4.90348000E-04  5.31833000E-04
2001-12-24T01:30:49.165  1.26527000E-04  7.75490000E-04  4.47792000E-04
2001-12-24T01:30:50.157 -6.39970000E-05 -5.16367000E-04 -1.07064600E-03
2001-12-24T01:30:51.161  8.97922000E-04 -4.48420000E-04  1.97569000E-04
2001-12-24T01:30:52.157 -7.14023000E-04 -5.64059000E-04 -4.47711000E-04
2001-12-24T01:30:53.161 -4.64917000E-04  6.98428000E-04 -2.58894000E-04
2001-12-24T01:30:54.165 -7.81290000E-04  6.09341000E-04  7.73442000E-04
2001-12-24T01:30:55.161  8.36000000E-07 -3.29975000E-04  4.81747000E-04
2001-12-24T01:30:56.157  1.27093800E-03  3.08599000E-04 -8.60888000E-04
2001-12-24T01:30:57.168 -6.64109000E-04  9.98920000E-05  2.55283000E-04
2001-12-24T01:30:58.153  7.25094000E-04  1.37706800E-03  1.89709000E-04
2001-12-24T01:30:59.168 -8.59167000E-04 -6.22170000E-05 -1.31108500E-03
2001-12-24T01:31:00.157  2.27505000E-04  5.65944000E-04  5.75820000E-04
2001-12-24T01:31:01.161 -4.09495000E-04 -1.61948300E-03  7.49999000E-04
2001-12-24T01:31:02.149  9.02512000E-04  4.75005000E-04  1.68725000E-04
2001-12-24T01:31:03.161 -1.09909000E-03 -3.05848000E-04  7.27657000E-04
2001-12-24T01:31:04.161  7.33675000E-04  5.25257000E-04 -1.26068800E-03
2001-12-24T01:31:05.157  3.63767000E-04 -1.79575000E-04 -1.03001900E-03
2001-12-24T01:31:06.157  1.04531000E-03 -5.56087000E-04 -7.83176000E-04
2001-12-24T01:31:07.161 -7.33810000E-05 -1.96730000E-04 -4.69933000E-04
2001-12-24T01:31:08.157 -4.84800000E-04  1.18498300E-03  4.07462000E-04
2001-12-24T01:31:09.172 -3.40929000E-04 -7.73080000E-05  1.60403500E-03
2001-12-24T01:31:10.157  2.21262000E-04  2.75361000E-04  2.07854000E-04
2001-12-24T01:31:11.161  1.05953600E-03 -4.33822000E-04 -5.46459000E-04
2001-12-24T01:31:12.153  1.52708000E-04 -3.37903000E-04 -8.13768000E-04
2001-12-24T01:31:13.168  2.13269000E-04  1.14074500E-03  3.10443000E-04
2001-12-24T01:31:14.161 -4.45929000E-04 -1.93627000E-04 -7.23227000E-04
2001-12-24T01:31:15.161  1.46356900E-03  8.26440000E-05  3.25389000E-04
2001-12-24T01:31:16.157 -2.38587000E-04 -1.29060400E-03  9.59444000E-04
2001-12-24T01:31:17.161  7.72916000E-04  7.62409000E-04  6.82623000E-04
2001-12-24T01:31:18.149 -1.40604200E-03 -2.23308000E-04 -5.74363000E-04
2001-12-24T01:31:19.168  1.50552000E-04  1.40426000E-03 -8.68504000E-04
2001-12-24T01:31:20.153 -1.28356300E-03 -1.37705000E-04 -1.42226000E-04
2001-12-24T01:31:21.161  8.51047000E-04  3.09360000E-05 -1.07430100E-03
2001-12-24T01:31:22.157  5.94613000E-04  4.81280000E-05  5.89167000E-04
2001-12-24T01:31:23.161  1.22923000E-04  2.23830000E-04  5.92283000E-04
2001-12-24T01:31:24.165 -1.20508300E-03  7.29936000E-04  6.96610000E-05
2001-12-24T01:31:25.161 -4.55850000E-04  3.99890000E-04  7.39652000E-04
2001-12-24T01:31:26.157  5.08143000E-04 -9.36650000E-05 -3.01219000E-04
2001-12-24T01:31:27.161 -2.03244000E-04 -9.08193000E-04 -6.32743000E-04
2001-12-24T01:31:28.153  5.75289000E-04  3.88624000E-04  2.79381000E-04
2001-12-24T01:31:29.172 -1.30603500E-03 -3.01654000E-04  5.96690000E-04
2001-12-24T01:31:30.153  9.99968000E-04  7.60458000E-04  5.18251000E-04
2001-12-24T01:31:31.161 -1.14539800E-03 -5.35993000E-04  5.86861000E-04
2001-12-24T01:31:32.153  1.29325100E-03  2.07214000E-04  4.97410000E-05
2001-12-24T01:31:33.161 -1.09511900E-03 -8.18172000E-04 -1.97517000E-04
2001-12-24T01:31:34.157  3.08439000E-04  1.17781000E-03 -6.89369000E-04
2001-12-24T01:31:35.161 -9.50057000E-04 -9.59490000E-05 -5.62160000E-04
2001-12-24T01:31:36.153  8.62932000E-04  9.88790000E-05  1.83745000E-04
2001-12-24T01:31:37.157 -5.84033000E-04 -1.07891500E-03  1.30063500E-03
2001-12-24T01:31:38.157  6.22723000E-04  1.35641000E-04  6.88016000E-04
2001-12-24T01:31:39.168 -6.16305000E-04 -1.71933000E-04  6.22353000E-04
2001-12-24T01:31:40.161 -5.93067000E-04  1.15628400E-03 -3.39759000E-04
2001-12-24T01:31:41.161  3.39147000E-04  3.84812000E-04  1.11748100E-03
2001-12-24T01:31:42.157  1.93316000E-04 -7.21619000E-04 -7.95144000E-04
2001-12-24T01:31:43.161  9.25782000E-04 -1.54412000E-04 -3.36504000E-04
2001-12-24T01:31:44.161 -9.82793000E-04 -1.97368000E-04  3.23058000E-04
2001-12-24T01:31:45.168 -2.21912000E-04  1.39008000E-03  7.54505000E-04
2001-12-24T01:31:46.153 -3.70470000E-04 -8.07643000E-04  2.32392000E-04
2001-12-24T01:31:47.161  4.54510000E-04  1.08739000E-04  1.25872800E-03
2001-12-24T01:31:48.157 -5.46888000E-04 -1.15987800E-03  5.99930000E-04
2001-12-24T01:31:49.168  9.00189000E-04  6.59912000E-04 -3.91230000E-05
2001-12-24T01:31:50.149 -1.60326500E-03 -3.63681000E-04 -1.11967600E-03
2001-12-24T01:31:51.161  5.60450000E-04  1.20886100E-03  6.77780000E-05
2001-12-24T01:31:52.153 -9.78871000E-04 -1.07932000E-04 -5.65000000E-04
2001-12-24T01:31:53.157  1.34310700E-03  7.54990000E-05 -6.22405000E-04
2001-12-24T01:31:54.161 -3.29931000E-04  2.82540000E-05  5.41393000E-04
2001-12-24T01:31:55.161  3.14023000E-04  4.62481000E-04 -5.96227000E-04
2001-12-24T01:31:56.157 -1.22727300E-03 -3.03562000E-04 -8.93447000E-04
2001-12-24T01:31:57.161 -3.29764000E-04  3.04041000E-04 -1.02125200E-03
2001-12-24T01:31:58.157  2.48007000E-04 -8.68179000E-04 -7.37093000E-04
2001-12-24T01:31:59.172  3.94682000E-04 -7.38392000E-04 -1.38002000E-04
2001-12-24T01:32:00.157 -3.99410000E-05  1.35890000E-05  4.67617000E-04
2001-12-24T01:32:01.168 -7.97811000E-04  9.01720000E-05  9.28805000E-04
2001-12-24T01:32:02.153  1.18570400E-03  1.01907500E-03 -2.26389000E-04
2001-12-24T01:32:03.161 -6.94376000E-04 -8.16487000E-04  4.23001000E-04
2001-12-24T01:32:04.161  1.42411900E-03  1.38143000E-04 -6.02927000E-04
2001-12-24T01:32:05.161 -1.08546100E-03 -9.96957000E-04 -2.82670000E-04
2001-12-24T01:32:06.149  5.99230000E-04  1.34618800E-03  5.41993000E-04
2001-12-24T01:32:07.161 -1.04095500E-03  3.34810000E-05  7.73918000E-04
2001-12-24T01:32:08.153  8.26883000E-04  2.57132000E-04  2.03739000E-04
2001-12-24T01:32:09.164  4.93646000E-04 -5.69273000E-04 -7.05070000E-04
2001-12-24T01:32:10.157  8.30037000E-04  2.45317000E-04  2.16425000E-04
2001-12-24T01:32:11.161 -1.43815100E-03 -1.04757000E-04 -2.58636000E-04
2001-12-24T01:32:12.157  1.96361000E-04  4.68125000E-04 -3.43620000E-04
2001-12-24T01:32:13.161  2.66498000E-04  4.09731000E-04  4.47298000E-04
2001-12-24T01:32:14.164  3.84468000E-04 -3.09619000E-04  4.76262000E-04
2001-12-24T01:32:15.164  1.99530000E-04 -9.38471000E-04  4.61997000E-04
2001-12-24T01:32:16.157  5.65895800E-03 -1.45241700E-03 -3.73155000E-04
2001-12-24T01:32:17.164 -7.27916500E-03  3.08296900E-03  1.22437100E-03
2001-12-24T01:32:18.153 -4.24749400E-03  2.89921400E-03 -1.98943700E-03
2001-12-24T01:32:19.164  1.58215700E-03  5.39801700E-03 -8.18132600E-03
2001-12-24T01:32:20.157  3.95860000E-05 -6.19494400E-03 -2.08587400E-03
2001-12-24T01:32:21.161  8.65902500E-03  9.76983000E-04  1.77480000E-03
2001-12-24T01:32:22.149 -6.85527100E-03 -2.13091000E-03  4.65769300E-03
2001-12-24T01:32:23.161  3.35504900E-03  1.00938750E-02  2.86003700E-03
2001-12-24T01:32:24.161 -8.16632200E-03 -4.13697000E-03  1.21094800E-03
2001-12-24T01:32:25.157  1.11196300E-02  1.58566600E-03 -3.21087300E-03
2001-12-24T01:32:26.157 -4.36883500E-03 -6.15153300E-03 -6.00104000E-03
2001-12-24T01:32:27.161  8.34287800E-03  1.12368900E-03  4.58598500E-03
2001-12-24T01:32:28.157 -1.08362070E-02 -3.43434900E-03  1.08121700E-03
2001-12-24T01:32:29.168  2.20193000E-04  8.64398900E-03  5.34807800E-03
2001-12-24T01:32:30.157 -4.35768600E-03 -6.09049100E-03  1.81348100E-03
2001-12-24T01:32:31.161  6.66044400E-03 -1.70383600E-03 -1.79610800E-03
2001-12-24T01:32:32.153 -3.63185900E-03 -5.14532900E-03 -1.22736500E-03
2001-12-24T01:32:33.164 -2.64607000E-04  7.86441400E-03 -7.14152400E-03
2001-12-24T01:32:34.161 -3.63482000E-03  3.15872100E-03  4.35710000E-05
2001-12-24T01:32:35.161 -1.77051300E-03  5.61624300E-03  9.80816800E-03
2001-12-24T01:32:36.157  4.10008500E-03 -2.59259200E-03  5.12869100E-03
2001-12-24T01:32:37.157  1.60294400E-03 -4.73911200E-03  3.05099600E-03
2001-12-24T01:32:38.149 -1.48569400E-03  6.64620000E-05 -1.60936100E-03
2001-12-24T01:32:39.164 -4.15047200E-03  6.06697900E-03 -2.90864700E-03
2001-12-24T01:32:40.153  4.60421400E-03  3.61894700E-03 -3.01093000E-03
2001-12-24T01:32:41.157 -2.91184800E-03 -1.10616850E-02  2.73904900E-03
2001-12-24T01:32:42.157  7.03349000E-03  4.31170400E-03  5.11597600E-03
2001-12-24T01:32:43.160 -9.98652500E-03 -6.08223100E-03  7.86036200E-03
2001-12-24T01:32:44.164  3.21188700E-03  8.16014300E-03 -4.43562500E-03
2001-12-24T01:32:45.160 -6.26726700E-03 -4.11673600E-03 -2.06992900E-03
2001-12-24T01:32:46.157  8.70527000E-03 -1.22972200E-03 -9.96705000E-04
2001-12-24T01:32:47.157 -5.46817000E-04 -9.08485200E-03  9.92440000E-04
2001-12-24T01:32:48.153  7.18191000E-03  2.78507500E-03 -1.56404200E-03
2001-12-24T01:32:49.176 -8.20124200E-03 -2.21775100E-03  3.94577100E-03
2001-12-24T01:32:50.153 -7.62196000E-04  6.48059000E-03 -4.85824000E-04
2001-12-24T01:32:51.160 -5.92411400E-03 -2.39618800E-03 -6.61651000E-04
2001-12-24T01:32:52.153  5.51064100E-03 -1.52440000E-03  1.88982900E-03
2001-12-24T01:32:53.157 -5.53734000E-04 -4.89669800E-03 -4.00774000E-04
2001-12-24T01:32:54.157 -4.15840000E-03  8.61489400E-03 -3.10880000E-05
2001-12-24T01:32:55.160 -5.77804000E-04  5.53697700E-03 -3.21235200E-03
2001-12-24T01:32:56.153 -1.19946500E-03 -2.89844000E-04  7.61059500E-03
2001-12-24T01:32:57.157  5.92966000E-03  6.89680000E-04  6.70027100E-03
2001-12-24T01:32:58.157 -1.09935300E-03 -4.19697700E-03  2.18757600E-03
2001-12-24T01:32:59.164  2.37139800E-03  8.59216900E-03 -2.04017300E-03
2001-12-24T01:33:00.160 -1.07950860E-02 -4.46242100E-03 -7.02113300E-03
2001-12-24T01:33:01.160  5.94559400E-03  5.00903100E-03 -6.11662900E-03
2001-12-24T01:33:02.157 -3.36704100E-03 -7.63942600E-03 -1.66657500E-03
2001-12-24T01:33:03.157  7.45606200E-03  2.58226900E-03  2.23331700E-03
2001-12-24T01:33:04.160 -8.71031400E-03 -4.17200000E-03  9.43355500E-03
2001-12-24T01:33:05.164  4.39644900E-03  8.64649000E-03  8.08371900E-03
2001-12-24T01:33:06.153 -6.84035500E-03 -4.09670600E-03  1.29512500E-03
2001-12-24T01:33:07.157  5.83995500E-03  3.52141100E-03 -2.76943400E-03
2001-12-24T01:33:08.153 -2.02408400E-03 -1.08937550E-02 -1.79317700E-03
2001-12-24T01:33:09.164  4.99149400E-03  2.93489100E-03 -9.01015400E-03
2001-12-24T01:33:10.149 -1.05643750E-02  2.42234500E-03  4.33473300E-03
2001-12-24T01:33:11.160  6.04251000E-04  3.60255100E-03  6.20765400E-03
2001-12-24T01:33:12.153  1.13798900E-03 -2.91770300E-03 -1.56712100E-03
2001-12-24T01:33:13.157  1.77837800E-03 -5.48175000E-04  6.10479900E-03
2001-12-24T01:33:14.160  1.67090300E-03 -1.85426100E-03 -2.13301100E-03
2001-12-24T01:33:15.160 -8.98398300E-03 -1.18180100E-03 -5.73765400E-03
2001-12-24T01:33:16.160  3.52547000E-03  6.86853900E-03 -9.89315800E-03
2001-12-24T01:33:17.160  3.11204100E-03 -6.33200300E-03 -1.60621200E-03
