2001-12-28T05:32:04.094 -1.99358200E-03  6.77461700E-03 -3.82460700E-03
2001-12-28T05:32:05.090 -3.35636100E-03  1.87875600E-03  2.92028000E-04
2001-12-28T05:32:06.094  6.56201700E-03 -3.48725900E-03  5.00934100E-03
2001-12-28T05:32:07.090  4.79130400E-03 -3.04091300E-03 -9.33034000E-04
2001-12-28T05:32:08.090  5.39474200E-03  6.07162100E-03 -5.01369600E-03
2001-12-28T05:32:09.094 -8.79825000E-04  4.90720000E-05 -5.64500000E-04
2001-12-28T05:32:10.094  9.43355000E-04  4.64050000E-04 -2.26350000E-05
2001-12-28T05:32:11.090 -1.12104000E-04 -1.55647500E-03 -3.61288000E-04
2001-12-28T05:32:12.090  7.66855000E-04  5.87605000E-04  3.73380000E-05
2001-12-28T05:32:13.090 -1.27341100E-03 -7.46380000E-05 -3.87159000E-04
2001-12-28T05:32:14.090 -2.92000000E-06  1.10742400E-03 -2.32725000E-04
2001-12-28T05:32:15.090 -3.63520000E-05 -3.61899000E-04  2.51166000E-04
2001-12-28T05:32:16.090  5.95082000E-04 -2.71968000E-04 -5.06990000E-05
2001-12-28T05:32:17.090  4.39809000E-04  5.73600000E-06 -1.48558000E-04
2001-12-28T05:32:18.090 -5.53682000E-04  1.91024000E-04 -3.19193000E-04
2001-12-28T05:32:19.090 -8.64000000E-04  7.95520000E-04  8.32951000E-04
2001-12-28T05:32:20.094  1.33131000E-04 -6.46110000E-04  1.22360500E-03
2001-12-28T05:32:21.090  7.72918000E-04 -2.39146000E-04  1.26678600E-03
2001-12-28T05:32:22.090 -1.58188000E-04 -6.85758000E-04 -4.56076000E-04
2001-12-28T05:32:23.090  3.10348000E-04  9.66395000E-04 -9.56110000E-05
2001-12-28T05:32:24.090 -9.89815000E-04 -1.89594000E-04  1.21048200E-03
2001-12-28T05:32:25.094  1.05503900E-03 -2.55126000E-04 -1.77161000E-04
2001-12-28T05:32:26.090 -3.07489000E-04 -9.29872000E-04 -5.06917000E-04
2001-12-28T05:32:27.090  3.41853000E-04 -2.21224000E-04  6.93914000E-04
2001-12-28T05:32:28.090 -1.04361400E-03 -2.24520000E-05 -1.71692000E-04
2001-12-28T05:32:29.090  1.12182300E-03  1.18410100E-03 -2.40976000E-04
2001-12-28T05:32:30.090 -1.02776300E-03 -5.18613000E-04  5.03665000E-04
2001-12-28T05:32:31.090  1.55925900E-03 -2.27630000E-05  5.71044000E-04
2001-12-28T05:32:32.090 -9.01711000E-04 -6.75016000E-04 -6.36817000E-04
2001-12-28T05:32:33.090 -3.01695000E-04  3.65242000E-04 -4.44900000E-06
2001-12-28T05:32:34.090 -1.22473600E-03 -2.04399000E-04  1.75236000E-03
2001-12-28T05:32:35.090  1.18501600E-03  7.63738000E-04  4.34961000E-04
2001-12-28T05:32:36.094 -1.02793000E-04 -8.23903000E-04  3.95761000E-04
2001-12-28T05:32:37.090  1.34313200E-03  3.54822000E-04 -3.93821000E-04
2001-12-28T05:32:38.090 -1.42544900E-03  4.86410000E-05  2.09631000E-04
2001-12-28T05:32:39.090  8.08350000E-04  1.39117000E-03 -1.07658000E-04
2001-12-28T05:32:40.090 -3.74805000E-04 -9.92923000E-04  4.00172000E-04
2001-12-28T05:32:41.094  1.27421200E-03  3.86702000E-04 -1.08815300E-03
2001-12-28T05:32:42.090 -1.24982000E-03 -8.62496000E-04  2.97189000E-04
2001-12-28T05:32:43.090  3.83730000E-05  1.37283000E-03 -1.08132000E-04
2001-12-28T05:32:44.090 -8.96559000E-04 -5.47636000E-04 -5.63618000E-04
2001-12-28T05:32:45.090  5.11790000E-04  2.38683000E-04 -8.80027000E-04
2001-12-28T05:32:46.090 -8.19003000E-04 -1.42839400E-03  1.85342000E-04
2001-12-28T05:32:47.090  4.18059000E-04  6.74864000E-04  5.95683000E-04
2001-12-28T05:32:48.090 -9.59380000E-05 -1.91945000E-04 -2.21119000E-04
2001-12-28T05:32:49.090  2.93791000E-04  3.38997000E-04 -3.89276000E-04
2001-12-28T05:32:50.090 -3.26577000E-04 -1.24220200E-03 -3.32090000E-05
2001-12-28T05:32:51.090  6.94171000E-04 -2.85539000E-04 -8.86499000E-04
2001-12-28T05:32:52.094 -2.23143000E-04  8.25030000E-05  3.25401000E-04
2001-12-28T05:32:53.090 -2.79563000E-04  2.53967000E-04  3.94218000E-04
2001-12-28T05:32:54.090 -1.79772000E-04  1.02088000E-04 -4.73291000E-04
2001-12-28T05:32:55.090  1.17869000E-04 -6.17202000E-04 -8.65120000E-05
2001-12-28T05:32:56.090  2.59659000E-04  1.13450000E-05  1.71182000E-04
2001-12-28T05:32:57.094 -1.57629000E-04 -3.35404000E-04  2.93198000E-04
2001-12-28T05:32:58.090 -1.51799000E-04  1.05575900E-03 -8.21922000E-04
2001-12-28T05:32:59.090 -9.44734000E-04  1.96961000E-04  1.76826000E-04
2001-12-28T05:33:00.090  1.85294000E-04 -5.82167000E-04  1.31162900E-03
2001-12-28T05:33:01.090 -1.75190000E-05 -7.24782000E-04  1.09077000E-04
2001-12-28T05:33:02.090 -1.55238000E-04  2.95822000E-04 -1.29796000E-04
2001-12-28T05:33:03.090 -9.10748000E-04  2.97716000E-04  7.89127000E-04
2001-12-28T05:33:04.090  9.96558000E-04  8.50086000E-04  6.93519000E-04
2001-12-28T05:33:05.090 -4.97401000E-04 -1.17148300E-03  6.70550000E-05
2001-12-28T05:33:06.090  1.10574800E-03 -4.44170000E-05  3.38137000E-04
2001-12-28T05:33:07.090 -1.01894400E-03 -8.28244000E-04  4.10503000E-04
2001-12-28T05:33:08.094  4.38313000E-04  1.19855100E-03 -3.15860000E-04
2001-12-28T05:33:09.090 -1.15669000E-03 -1.72068000E-04  5.95805000E-04
2001-12-28T05:33:10.090  7.44316000E-04  4.75620000E-04  6.05853000E-04
2001-12-28T05:33:11.090 -6.07308000E-04 -1.55962000E-03  4.45696000E-04
2001-12-28T05:33:12.090  6.35989000E-04  8.04903000E-04 -2.08339000E-04
2001-12-28T05:33:13.094 -1.38158600E-03 -1.44659000E-04 -3.82994000E-04
2001-12-28T05:33:14.090  8.54481000E-04  8.21163000E-04  3.34798000E-04
2001-12-28T05:33:15.090 -5.85468000E-04 -4.55087000E-04 -9.38559000E-04
2001-12-28T05:33:16.090  8.61179000E-04  2.18876000E-04 -2.22282000E-04
2001-12-28T05:33:17.090 -3.00100000E-05 -2.92923000E-04 -8.00440000E-05
2001-12-28T05:33:18.090 -1.03107000E-04  8.25331000E-04 -1.46020000E-04
2001-12-28T05:33:19.090 -1.32961200E-03 -3.81744000E-04 -1.40364100E-03
2001-12-28T05:33:20.090  6.16791000E-04 -1.37199000E-04 -4.96951000E-04
2001-12-28T05:33:21.090  7.21020000E-05 -5.12529000E-04  3.29021000E-04
2001-12-28T05:33:22.090 -1.17437000E-04  3.77111000E-04 -3.97293000E-04
2001-12-28T05:33:23.090 -1.13893900E-03  7.16464000E-04 -5.16654000E-04
2001-12-28T05:33:24.094  8.61530000E-05 -3.66239000E-04  2.25186000E-04
2001-12-28T05:33:25.090  6.50575000E-04 -2.06487000E-04 -1.63460000E-04
2001-12-28T05:33:26.090  8.90450000E-05 -6.35863000E-04  1.67124000E-04
2001-12-28T05:33:27.090  7.08110000E-05  4.91529000E-04 -7.57206000E-04
2001-12-28T05:33:28.090 -6.83715000E-04 -6.00553000E-04  6.04815000E-04
2001-12-28T05:33:29.094  2.04745000E-04  8.82535000E-04  1.83121000E-04
2001-12-28T05:33:30.090 -3.33401000E-04 -7.26789000E-04 -5.82011000E-04
2001-12-28T05:33:31.090  8.70209000E-04 -2.75777000E-04  5.66960000E-04
2001-12-28T05:33:32.090 -1.17857700E-03 -3.68767000E-04  8.11325000E-04
2001-12-28T05:33:33.090  8.26503000E-04  6.06941000E-04 -1.34932000E-04
2001-12-28T05:33:34.090 -7.71669000E-04 -8.35676000E-04 -5.10857000E-04
2001-12-28T05:33:35.090  1.11141900E-03  2.57554000E-04  5.07965000E-04
2001-12-28T05:33:36.090 -8.71622000E-04 -9.06938000E-04  7.20032000E-04
2001-12-28T05:33:37.090  2.78481000E-04  1.33576100E-03 -3.24501000E-04
2001-12-28T05:33:38.090 -8.63977000E-04  4.11898000E-04  1.57130000E-04
2001-12-28T05:33:39.090  7.93657000E-04  2.96982000E-04  4.17797000E-04
2001-12-28T05:33:40.094  1.15020000E-04 -8.91081000E-04 -2.17352000E-04
2001-12-28T05:33:41.090  7.15179000E-04  4.98366000E-04 -3.39403000E-04
2001-12-28T05:33:42.090 -9.72131000E-04 -1.94799000E-04 -8.96430000E-04
2001-12-28T05:33:43.090  2.00339000E-04  2.44752000E-04  7.04181000E-04
2001-12-28T05:33:44.090 -3.66771000E-04 -1.09248400E-03  4.54028000E-04
2001-12-28T05:33:45.094  8.25497000E-04 -2.57618000E-04 -1.36934400E-03
2001-12-28T05:33:46.090 -4.21083000E-04  2.11146000E-04 -1.26813400E-03
2001-12-28T05:33:47.090 -1.98907000E-04  6.98149000E-04  1.12203400E-03
2001-12-28T05:33:48.090 -1.72804000E-04  2.54310000E-05  2.71500000E-04
2001-12-28T05:33:49.090  6.16140000E-04 -6.62100000E-04 -5.65347000E-04
2001-12-28T05:33:50.090  3.59487000E-04 -1.13164000E-04 -2.28515000E-04
2001-12-28T05:33:51.090 -2.09214000E-04  4.22187000E-04  5.20580000E-04
2001-12-28T05:33:52.090  3.89052000E-04  6.20031000E-04 -3.15452000E-04
2001-12-28T05:33:53.090  2.63120000E-04 -5.60283000E-04 -9.52256000E-04
2001-12-28T05:33:54.090  1.15569100E-03 -3.69246000E-04  1.04818800E-03
2001-12-28T05:33:55.090 -4.18919000E-04 -7.37630000E-04  1.16188400E-03
2001-12-28T05:33:56.094  3.91276000E-04  8.54630000E-04 -8.73912000E-04
2001-12-28T05:33:57.090 -1.01195100E-03 -1.79926000E-04 -1.74028000E-04
2001-12-28T05:33:58.090  9.03037000E-04  3.75270000E-04  6.32934000E-04
2001-12-28T05:33:59.090 -3.63455000E-04 -1.68225700E-03  3.25829000E-04
2001-12-28T05:34:00.090  4.53129000E-04  7.86463000E-04 -5.78000000E-06
2001-12-28T05:34:01.094 -1.00938700E-03  3.20379000E-04 -1.35588000E-04
2001-12-28T05:34:02.090  7.66948000E-04  1.13190300E-03 -5.10945000E-04
2001-12-28T05:34:03.090 -3.36014000E-04 -8.90078000E-04 -4.07904000E-04
2001-12-28T05:34:04.090  1.34852300E-03  8.70670000E-05 -4.88919000E-04
2001-12-28T05:34:05.090 -9.36218000E-04 -6.63319000E-04  7.29960000E-04
2001-12-28T05:34:06.090 -1.12320000E-05  1.61246700E-03 -4.18219000E-04
2001-12-28T05:34:07.090 -1.62201300E-03  1.75370000E-04 -5.97606000E-04
2001-12-28T05:34:08.090  6.17180000E-04  5.80964000E-04 -2.60843000E-04
2001-12-28T05:34:09.090 -2.04944000E-04 -1.24680700E-03  2.23594000E-04
2001-12-28T05:34:10.090  7.41744000E-04  1.01517000E-04  7.06220000E-05
2001-12-28T05:34:11.090 -7.74780000E-04  3.91136000E-04 -6.10638000E-04
2001-12-28T05:34:12.094  3.16733000E-04  6.60805000E-04 -3.99555000E-04
2001-12-28T05:34:13.090 -3.06013000E-04 -8.34634000E-04  6.39250000E-05
2001-12-28T05:34:14.090  5.75674000E-04 -3.13770000E-04  2.07690000E-04
2001-12-28T05:34:15.090  1.55196000E-04 -1.96680000E-04 -6.29030000E-04
2001-12-28T05:34:16.090  1.32065000E-04  4.30908000E-04  3.43547000E-04
2001-12-28T05:34:17.094  1.82190000E-05 -1.31699000E-04 -8.82090000E-05
2001-12-28T05:34:18.090  1.60737000E-04 -3.02750000E-05 -2.33685000E-04
2001-12-28T05:34:19.090  4.09000000E-07 -5.13635000E-04 -4.31030000E-05
2001-12-28T05:34:20.090 -3.93880000E-05  3.23856000E-04  1.13693000E-04
2001-12-28T05:34:21.090  5.00546000E-04  1.38800100E-03 -3.90443000E-04
2001-12-28T05:34:22.090 -8.12794000E-04  2.44525000E-04 -4.34744000E-04
2001-12-28T05:34:23.090  6.63867000E-04  7.41400000E-04 -3.57497000E-04
2001-12-28T05:34:24.090 -4.87630000E-04 -7.61613000E-04 -3.19576000E-04
2001-12-28T05:34:25.090  8.71768000E-04  9.04639000E-04  1.15537000E-04
2001-12-28T05:34:26.090 -1.67288200E-03  1.64868000E-04 -4.43942000E-04
2001-12-28T05:34:27.090  7.27203000E-04  1.03727200E-03 -9.21816000E-04
2001-12-28T05:34:28.094 -9.85937000E-04 -1.04797500E-03  6.50047000E-04
2001-12-28T05:34:29.090  1.48515300E-03  2.90202000E-04 -3.58473000E-04
2001-12-28T05:34:30.090 -7.05330000E-04 -7.16407000E-04 -9.64519000E-04
2001-12-28T05:34:31.090  4.76961000E-04  7.90142000E-04  7.09967000E-04
2001-12-28T05:34:32.090 -1.34215400E-03 -3.17147000E-04  3.18837000E-04
2001-12-28T05:34:33.094  9.51144000E-04  2.38420000E-04 -7.39112000E-04
2001-12-28T05:34:34.090 -4.71589000E-04 -6.24441000E-04 -6.75327000E-04
2001-12-28T05:34:35.090  6.34875000E-04  1.18040000E-04  3.59369000E-04
2001-12-28T05:34:36.090 -1.72169800E-03  7.91150000E-05  1.04186400E-03
2001-12-28T05:34:37.090  6.46864000E-04  5.24281000E-04 -5.14019000E-04
2001-12-28T05:34:38.090 -1.06207000E-04 -4.23053000E-04  1.10089100E-03
2001-12-28T05:34:39.090  5.22462000E-04  1.22805000E-04  6.32952000E-04
2001-12-28T05:34:40.090  2.06380000E-04  6.50950000E-05 -4.02031000E-04
2001-12-28T05:34:41.090 -9.62703000E-04  8.38364000E-04 -5.63488000E-04
2001-12-28T05:34:42.090 -1.90742000E-04 -1.54379000E-04 -6.81869000E-04
2001-12-28T05:34:43.090 -5.20410000E-05 -3.75679000E-04  3.71860000E-05
2001-12-28T05:34:44.094  7.66926000E-04 -4.33196000E-04 -3.83012000E-04
2001-12-28T05:34:45.090 -6.02097000E-04 -1.95950000E-04 -3.97936000E-04
2001-12-28T05:34:46.090  7.40195000E-04  1.42305200E-03 -4.90639000E-04
2001-12-28T05:34:47.090 -6.74839000E-04 -6.32864000E-04  1.10212000E-04
2001-12-28T05:34:48.090  1.64757400E-03  5.47118000E-04 -4.40330000E-04
2001-12-28T05:34:49.094 -2.41892000E-04 -1.50887600E-03  1.54049000E-04
2001-12-28T05:34:50.090  3.49993000E-04  9.47517000E-04  1.00831000E-03
2001-12-28T05:34:51.090 -2.00852800E-03  1.61284000E-04  3.82209000E-04
2001-12-28T05:34:52.090  1.01224400E-03  9.80618000E-04 -4.44013000E-04
2001-12-28T05:34:53.090 -1.05991900E-03 -1.27955500E-03 -1.10672500E-03
2001-12-28T05:34:54.090  9.07857000E-04  3.62737000E-04  6.71690000E-05
2001-12-28T05:34:55.090 -9.58718000E-04 -5.42775000E-04  4.02370000E-04
2001-12-28T05:34:56.090  1.26305000E-04  1.14977000E-03 -9.63561000E-04
2001-12-28T05:34:57.090 -9.38475000E-04 -1.04383000E-04  1.68610000E-05
2001-12-28T05:34:58.090  6.21272000E-04  5.36600000E-04  3.06253000E-04
2001-12-28T05:34:59.090 -1.20275000E-04 -8.22307000E-04 -7.34946000E-04
2001-12-28T05:35:00.094  3.90874000E-04  1.86652000E-04 -1.26285000E-03
2001-12-28T05:35:01.090  3.07665000E-04  7.50510000E-04 -1.77884000E-04
2001-12-28T05:35:02.090  3.17132000E-04  2.18555000E-04  9.44144000E-04
2001-12-28T05:35:03.090 -6.71400000E-04 -1.30394800E-03 -3.30043000E-04
2001-12-28T05:35:04.090  5.12337000E-04 -9.40800000E-05 -6.72378000E-04
2001-12-28T05:35:05.094 -4.47874000E-04 -6.41820000E-05 -2.68920000E-05
2001-12-28T05:35:06.090  2.08247000E-04 -4.43808000E-04  8.70094000E-04
2001-12-28T05:35:07.090  2.06333000E-04  2.38849000E-04  4.20879000E-04
2001-12-28T05:35:08.090  3.12909000E-04 -1.18012100E-03  7.35262000E-04
2001-12-28T05:35:09.090  1.01225600E-03  5.42160000E-04  6.70202000E-04
2001-12-28T05:35:10.090 -5.24631000E-04  1.44600000E-05  4.80949000E-04
2001-12-28T05:35:11.090  1.61721000E-04  9.88343000E-04  1.29161000E-04
2001-12-28T05:35:12.090 -3.98856000E-04 -5.22863000E-04 -1.52562000E-04
2001-12-28T05:35:13.090  1.59493200E-03  1.75793000E-04  1.31864000E-04
2001-12-28T05:35:14.090 -3.86624000E-04 -6.25831000E-04 -3.73580000E-05
2001-12-28T05:35:15.090  3.71481000E-04  1.55178100E-03 -4.78255000E-04
2001-12-28T05:35:16.094 -6.81085000E-04 -7.79846000E-04 -1.85758000E-04
2001-12-28T05:35:17.090  1.48772500E-03 -1.11495000E-04 -3.93794000E-04
2001-12-28T05:35:18.090 -5.62762000E-04 -1.48001800E-03 -7.76442000E-04
2001-12-28T05:35:19.090  7.70335000E-04  6.26078000E-04 -1.87200000E-05
2001-12-28T05:35:20.090 -1.28495300E-03 -4.78620000E-04 -2.91834000E-04
2001-12-28T05:35:21.094 -1.19035000E-04  1.43302300E-03 -5.02180000E-05
2001-12-28T05:35:22.090 -6.33252000E-04 -1.11783300E-03 -3.79813000E-04
2001-12-28T05:35:23.090  9.47680000E-04  5.33384000E-04 -4.82977000E-04
2001-12-28T05:35:24.090 -9.83030000E-04 -1.12560000E-03  4.39521000E-04
2001-12-28T05:35:25.090  3.33029000E-04  8.48206000E-04 -8.86456000E-04
2001-12-28T05:35:26.090 -8.92898000E-04  4.39057000E-04 -4.14881000E-04
2001-12-28T05:35:27.090  6.84789000E-04 -3.23100000E-06 -2.36418000E-04
2001-12-28T05:35:28.090 -5.37256000E-04 -1.09817900E-03  2.39036000E-04
2001-12-28T05:35:29.090  4.57954000E-04  4.13303000E-04 -1.27644500E-03
2001-12-28T05:35:30.090 -3.42776000E-04  8.62370000E-04 -3.67140000E-05
2001-12-28T05:35:31.090  1.71950000E-05  4.87815000E-04 -1.31900000E-05
2001-12-28T05:35:32.093  2.42554000E-04 -3.16578000E-04  3.15080000E-04
2001-12-28T05:35:33.090  7.30400000E-06  2.59408000E-04 -1.07406000E-04
2001-12-28T05:35:34.090 -2.07713000E-04  4.70811000E-04 -5.62366000E-04
2001-12-28T05:35:35.090 -4.10771000E-04  4.40090000E-04  2.17484000E-04
2001-12-28T05:35:36.090  6.53684000E-04  5.82870000E-04 -3.25125000E-04
2001-12-28T05:35:37.093 -3.65397000E-04 -1.17130000E-04 -8.56277000E-04
2001-12-28T05:35:38.090  9.57285000E-04 -2.77759000E-04 -2.32041000E-04
2001-12-28T05:35:39.090 -9.69573000E-04 -4.86985000E-04  4.07918000E-04
2001-12-28T05:35:40.090  5.01374000E-04  7.70527000E-04  7.13950000E-05
2001-12-28T05:35:41.090 -1.25490900E-03 -3.36189000E-04 -5.35412000E-04
2001-12-28T05:35:42.090  1.07332600E-03  6.27439000E-04  6.09528000E-04
2001-12-28T05:35:43.090 -2.03270000E-05 -9.10456000E-04  3.47220000E-05
2001-12-28T05:35:44.090  5.37550000E-04  7.19265000E-04 -6.44972000E-04
2001-12-28T05:35:45.090 -1.10221200E-03  1.66006000E-04 -5.50120000E-04
2001-12-28T05:35:46.090  4.23448000E-04  8.17820000E-04  1.54155000E-04
2001-12-28T05:35:47.090 -3.31975000E-04 -1.01574500E-03 -1.20640000E-05
2001-12-28T05:35:48.093  7.88732000E-04 -6.07500000E-06 -1.02868300E-03
2001-12-28T05:35:49.090 -1.05983900E-03 -1.05721800E-03 -5.86025000E-04
2001-12-28T05:35:50.090  9.57820000E-05  8.29569000E-04  2.65505000E-04
2001-12-28T05:35:51.090 -8.08283000E-04 -7.36042000E-04 -6.05777000E-04
2001-12-28T05:35:52.090  7.73418000E-04 -3.92600000E-05  5.53480000E-05
2001-12-28T05:35:53.093 -4.43511000E-04 -9.20190000E-04  5.94072000E-04
2001-12-28T05:35:54.090 -1.45530000E-04  2.55463000E-04  3.13094000E-04
2001-12-28T05:35:55.090 -8.66597000E-04  3.16523000E-04 -7.85215000E-04
2001-12-28T05:35:56.090 -2.26677000E-04  2.39761000E-04  5.66539000E-04
2001-12-28T05:35:57.090  7.98752000E-04 -8.19274000E-04  4.76336000E-04
2001-12-28T05:35:58.090  3.48630000E-04 -9.54840000E-04 -9.23386000E-04
2001-12-28T05:35:59.090  4.63682000E-04  7.68091000E-04  2.74259000E-04
2001-12-28T05:36:00.090 -8.92501000E-04  4.89890000E-05  6.66390000E-04
2001-12-28T05:36:01.090  1.07908000E-03  1.09070400E-03 -4.94170000E-05
2001-12-28T05:36:02.090 -3.76908000E-04 -1.29957400E-03 -3.49324000E-04
2001-12-28T05:36:03.090  1.09103700E-03  3.34746000E-04 -3.46438000E-04
2001-12-28T05:36:04.093 -1.13071700E-03 -7.93405000E-04 -1.33016000E-04
2001-12-28T05:36:05.090  8.72852000E-04  1.40941400E-03 -4.61918000E-04
2001-12-28T05:36:06.090 -1.21663200E-03 -4.52383000E-04 -2.10700000E-05
2001-12-28T05:36:07.090  1.06610800E-03  3.14641000E-04  1.16361000E-04
2001-12-28T05:36:08.090 -7.16363000E-04 -1.64028900E-03  8.06189000E-04
2001-12-28T05:36:09.093  8.00028000E-04  5.70624000E-04  1.80863000E-04
2001-12-28T05:36:10.090 -7.56477000E-04 -2.82870000E-05 -6.92779000E-04
2001-12-28T05:36:11.090 -8.84980000E-05  1.13387800E-03  7.50261000E-04
2001-12-28T05:36:12.090 -2.67293000E-04 -1.08557900E-03  8.35660000E-05
2001-12-28T05:36:13.090  7.80612000E-04 -3.53969000E-04  2.04447000E-04
2001-12-28T05:36:14.090 -2.15838000E-04 -7.38574000E-04 -5.17855000E-04
2001-12-28T05:36:15.090 -4.40553000E-04  5.93137000E-04  8.88820000E-04
2001-12-28T05:36:16.090 -3.58830000E-05  4.59245000E-04  6.10017000E-04
2001-12-28T05:36:17.090 -1.67284000E-04  8.04020000E-05 -1.94801000E-04
2001-12-28T05:36:18.090  2.04903000E-04 -7.21007000E-04 -1.37663500E-03
2001-12-28T05:36:19.090 -4.48460000E-05 -8.22143000E-04  1.76509000E-04
2001-12-28T05:36:20.093  3.74852000E-04  8.16107000E-04 -3.89068000E-04
2001-12-28T05:36:21.090 -1.34768000E-03  4.34305000E-04 -2.77852000E-04
2001-12-28T05:36:22.090  5.53507000E-04  7.74115000E-04  6.49260000E-05
2001-12-28T05:36:23.090 -2.58266000E-04 -1.27884400E-03  4.96391000E-04
2001-12-28T05:36:24.090  1.05142800E-03  1.27743000E-04 -4.41592000E-04
2001-12-28T05:36:25.093 -1.25729600E-03 -5.21988000E-04 -6.33944000E-04
2001-12-28T05:36:26.090 -7.63416000E-04  8.85530000E-04  4.95445000E-04
2001-12-28T05:36:27.090 -1.59129400E-03 -4.88496000E-04 -2.91278000E-04
2001-12-28T05:36:28.090  1.39172100E-03 -6.27820000E-05 -9.67595000E-04
2001-12-28T05:36:29.090 -7.71259000E-04 -1.04533000E-03 -7.08036000E-04
2001-12-28T05:36:30.090  3.91619000E-04  5.86998000E-04 -1.85880000E-05
2001-12-28T05:36:31.090 -7.60356000E-04 -2.53270000E-05  2.28521000E-04
2001-12-28T05:36:32.090  3.08518000E-04  1.01424500E-03 -1.47382800E-03
2001-12-28T05:36:33.090  6.51409000E-04 -7.05487000E-04 -5.48023000E-04
2001-12-28T05:36:34.090  4.68504000E-04  2.36025000E-04  1.00793600E-03
2001-12-28T05:36:35.090 -6.28271000E-04 -2.74782000E-04  2.40295000E-04
2001-12-28T05:36:36.093 -1.87443000E-04  2.49655000E-04 -1.76836000E-04
2001-12-28T05:36:37.089 -2.32062000E-04 -3.19133000E-04 -6.37000000E-04
2001-12-28T05:36:38.089  5.64854000E-04 -7.23453000E-04 -6.95950000E-05
2001-12-28T05:36:39.089 -1.58485000E-04 -4.82997000E-04  6.13880000E-04
2001-12-28T05:36:40.089 -3.23962000E-04 -1.49461000E-04 -1.07867800E-03
2001-12-28T05:36:41.093  1.30976000E-04  1.08892500E-03 -1.31720200E-03
2001-12-28T05:36:42.089 -3.94325000E-04 -7.32076000E-04  9.79389000E-04
2001-12-28T05:36:43.089  1.24109500E-03  7.12520000E-05  6.51291000E-04
2001-12-28T05:36:44.089 -5.47010000E-04 -5.88916000E-04 -1.30370000E-04
2001-12-28T05:36:45.089  2.24817000E-04  1.01905900E-03 -7.22876000E-04
2001-12-28T05:36:46.089 -1.79507700E-03 -3.18800000E-05  3.34899000E-04
2001-12-28T05:36:47.089  1.31899100E-03  3.73402000E-04  2.08260000E-04
2001-12-28T05:36:48.089 -2.87381000E-04 -1.71495800E-03 -4.05256000E-04
2001-12-28T05:36:49.089  1.16227100E-03  7.68501000E-04 -8.25313000E-04
2001-12-28T05:36:50.089 -6.48420000E-04  2.11721000E-04  6.66700000E-05
2001-12-28T05:36:51.089  4.15678000E-04  1.00596100E-03  3.96285000E-04
2001-12-28T05:36:52.093 -7.54132000E-04 -1.06008800E-03 -2.50487000E-04
2001-12-28T05:36:53.089  1.16014400E-03  1.73077000E-04 -6.91476000E-04
2001-12-28T05:36:54.089 -3.14785000E-04 -6.66933000E-04  9.07782000E-04
2001-12-28T05:36:55.089  1.70557000E-04  7.69048000E-04  5.42212000E-04
2001-12-28T05:36:56.089 -1.67373000E-03 -4.04310000E-04  4.66728000E-04
2001-12-28T05:36:57.093  5.20306000E-04 -6.97410000E-05  7.70301000E-04
2001-12-28T05:36:58.089  1.67965000E-04 -1.00780900E-03  1.93382000E-04
2001-12-28T05:36:59.089  3.15520000E-05 -3.79073000E-04 -7.27256000E-04
2001-12-28T05:37:00.089  1.08000000E-05  5.11292000E-04  1.44214700E-03
2001-12-28T05:37:01.089 -9.23274000E-04  1.19058000E-04  6.42768000E-04
2001-12-28T05:37:02.089  9.01629000E-04  1.23954000E-03 -1.58002000E-04
2001-12-28T05:37:03.089 -1.09002000E-04 -1.15656700E-03 -2.36562000E-04
2001-12-28T05:37:04.089  1.30034700E-03  7.76394000E-04  3.11700000E-06
2001-12-28T05:37:05.089 -1.12362500E-03 -7.75201000E-04  7.29390000E-05
2001-12-28T05:37:06.089  1.43683000E-04  7.85480000E-04  3.74234000E-04
2001-12-28T05:37:07.089 -9.17053000E-04 -3.66168000E-04 -4.23001000E-04
2001-12-28T05:37:08.093  1.09888900E-03 -4.21426000E-04  1.22752000E-04
2001-12-28T05:37:09.089 -1.02849200E-03 -1.47595800E-03  2.98714000E-04
2001-12-28T05:37:10.089  6.46001000E-04  5.14074000E-04  2.00058000E-04
2001-12-28T05:37:11.089 -7.81108000E-04  5.54950000E-05 -1.22404900E-03
2001-12-28T05:37:12.089 -5.66667000E-04  1.20820400E-03  8.89000000E-05
2001-12-28T05:37:13.093 -9.95806000E-04  4.14723000E-04  1.32952500E-03
2001-12-28T05:37:14.089 -2.40108000E-04  1.65546000E-04 -3.34630000E-05
2001-12-28T05:37:15.089  1.20170900E-03  3.82677000E-04 -2.31602000E-04
2001-12-28T05:37:16.089 -6.51818000E-04 -5.09105000E-04 -2.79368000E-04
2001-12-28T05:37:17.089  5.59967000E-04  9.90215000E-04  2.86217000E-04
2001-12-28T05:37:18.089 -1.50311200E-03 -2.37574000E-04 -4.29512000E-04
2001-12-28T05:37:19.089  3.58455000E-04  1.37429800E-03 -7.88923000E-04
2001-12-28T05:37:20.089 -4.00145000E-04 -1.29477200E-03 -6.06033000E-04
2001-12-28T05:37:21.089  9.69944000E-04  2.79264000E-04  8.46353000E-04
2001-12-28T05:37:22.089  3.78901000E-04  4.37190000E-05 -4.89131000E-04
2001-12-28T05:37:23.089 -1.24280000E-05  5.70464000E-04 -6.09692000E-04
2001-12-28T05:37:24.093 -4.45927000E-04  2.73198000E-04  1.95185000E-04
2001-12-28T05:37:25.089 -2.14024000E-04 -2.32499000E-04  4.10851000E-04
2001-12-28T05:37:26.089  1.69155000E-03  1.95632000E-04  7.73250000E-05
2001-12-28T05:37:27.089 -6.87324000E-04 -7.28246000E-04 -9.97343000E-04
2001-12-28T05:37:28.089  1.01251900E-03  1.05094300E-03 -6.64924000E-04
2001-12-28T05:37:29.093 -1.50975800E-03  8.55880000E-05 -5.25204000E-04
2001-12-28T05:37:30.089  9.74200000E-05  1.72105300E-03  6.15831000E-04
2001-12-28T05:37:31.089 -6.31785000E-04 -1.23734000E-04  3.21446000E-04
2001-12-28T05:37:32.089  4.30500000E-04  4.10260000E-04  4.60458000E-04
2001-12-28T05:37:33.089  1.40892000E-04 -3.83287000E-04  7.37981000E-04
2001-12-28T05:37:34.089  3.94125000E-04 -7.43170000E-05 -3.11890000E-04
2001-12-28T05:37:35.089 -2.61490000E-05  8.99693000E-04  6.47577000E-04
2001-12-28T05:37:36.089 -1.05659800E-03  4.18284000E-04  8.40036000E-04
2001-12-28T05:37:37.089  1.26109000E-04  8.50272000E-04 -6.72036000E-04
2001-12-28T05:37:38.089 -3.65460000E-04 -3.57371000E-04  2.75400000E-06
2001-12-28T05:37:39.089  2.83302000E-04  5.70438000E-04 -4.91390000E-05
2001-12-28T05:37:40.093 -7.41030000E-05 -1.12571500E-03  1.12559800E-03
2001-12-28T05:37:41.089  3.25583000E-04 -1.34953000E-04 -4.08753000E-04
2001-12-28T05:37:42.089  4.79836000E-04  7.85455000E-04 -1.55071800E-03
2001-12-28T05:37:43.089 -1.00686200E-03  3.29667000E-04  8.87038000E-04
2001-12-28T05:37:44.089  8.05284000E-04  7.38431000E-04  4.75829000E-04
2001-12-28T05:37:45.097 -2.78485000E-04 -9.01868000E-04 -7.67813000E-04
2001-12-28T05:37:46.089  8.54830000E-04  7.32763000E-04 -1.26727200E-03
2001-12-28T05:37:47.089  7.76200000E-04  4.09539000E-04  9.15340000E-05
2001-12-28T05:37:48.089  9.12940000E-05 -3.29618000E-04 -1.80257000E-04
2001-12-28T05:37:49.089  5.35039000E-04  7.25072000E-04 -3.44646000E-04
2001-12-28T05:37:50.089 -1.51976100E-03 -4.10730000E-05 -7.40482000E-04
2001-12-28T05:37:51.089  3.49389000E-04  1.65864300E-03 -2.61730000E-04
2001-12-28T05:37:52.089 -1.09622700E-03  1.00739000E-04  1.40011400E-03
2001-12-28T05:37:53.089  4.34364000E-04 -3.55346000E-04 -8.89733000E-04
2001-12-28T05:37:54.089  7.91378000E-04  6.13254000E-04 -8.92901000E-04
2001-12-28T05:37:55.089 -8.04430000E-04 -6.15711000E-04  4.47962000E-04
2001-12-28T05:37:56.093  8.29934000E-04  2.23186000E-04 -1.39720000E-04
2001-12-28T05:37:57.089  4.55745000E-04  7.00027000E-04  3.26410000E-05
2001-12-28T05:37:58.089 -3.50526000E-04 -1.49632000E-04  7.63845000E-04
2001-12-28T05:37:59.089  6.01554000E-04  1.64783300E-03  8.65184000E-04
2001-12-28T05:38:00.089 -1.06438900E-03 -1.20856000E-04 -5.67139000E-04
2001-12-28T05:38:01.093 -5.06290000E-05  9.71249000E-04 -9.43718000E-04
2001-12-28T05:38:02.089 -6.76447000E-04  2.51261000E-04  5.68322000E-04
2001-12-28T05:38:03.089 -3.52132000E-04 -4.84064000E-04  2.21886000E-04
2001-12-28T05:38:04.089  8.94790000E-04  1.04004900E-03 -7.61841000E-04
2001-12-28T05:38:05.089 -6.13073000E-04 -8.28383000E-04 -5.23930000E-04
2001-12-28T05:38:06.089  7.57515000E-04 -1.32683000E-04  6.51023000E-04
2001-12-28T05:38:07.089  5.87673000E-04  9.36526000E-04 -9.52140000E-05
2001-12-28T05:38:08.089 -1.00327900E-03  1.54184000E-04 -5.72304000E-04
2001-12-28T05:38:09.089  5.08727000E-04  1.54818000E-03  7.33798000E-04
2001-12-28T05:38:10.089 -6.38596000E-04  8.16747000E-04  1.18545400E-03
2001-12-28T05:38:11.089 -9.01724000E-04  1.07119500E-03 -9.22940000E-04
2001-12-28T05:38:12.093  1.16265000E-04  1.64571900E-03 -3.57272000E-04
2001-12-28T05:38:13.089 -1.20389500E-03  1.47764000E-04 -3.11517000E-04
2001-12-28T05:38:14.089 -1.68600000E-06  8.76503000E-04 -3.18386000E-04
2001-12-28T05:38:15.089  7.38531000E-04  9.47431000E-04 -2.31280000E-05
2001-12-28T05:38:16.089 -8.66828000E-04 -9.50461000E-04 -2.52435000E-04
2001-12-28T05:38:17.093  7.42826000E-04  4.36939000E-04  9.93540000E-05
2001-12-28T05:38:18.089 -2.70129000E-04 -5.14932000E-04  4.29128000E-04
2001-12-28T05:38:19.089 -2.63191000E-04  2.75866000E-04 -3.79470000E-04
2001-12-28T05:38:20.089  1.09875700E-03  1.19180500E-03  3.63759000E-04
2001-12-28T05:38:21.089 -3.08206000E-04 -5.22105000E-04 -5.34098000E-04
2001-12-28T05:38:22.089 -1.48994000E-04  6.28933000E-04 -1.02457800E-03
2001-12-28T05:38:23.089  3.97350000E-04  1.33633700E-03 -4.24103000E-04
2001-12-28T05:38:24.089 -1.32879900E-03  4.24500000E-06  1.35102600E-03
2001-12-28T05:38:25.089  3.06620000E-05  1.35368000E-03 -2.56367000E-04
2001-12-28T05:38:26.089  2.88967000E-04  1.91915300E-03 -7.67177000E-04
2001-12-28T05:38:27.089 -1.52187700E-03  2.98464000E-04  5.23159000E-04
2001-12-28T05:38:28.093 -1.26852000E-04  1.39515300E-03  6.46336000E-04
2001-12-28T05:38:29.089 -3.16289000E-04  9.67001000E-04  4.96820000E-05
2001-12-28T05:38:30.089 -1.70543500E-03  2.34173000E-04 -1.44162000E-04
2001-12-28T05:38:31.089 -3.64415000E-04  1.48978400E-03  5.21993000E-04
2001-12-28T05:38:32.089  6.84243000E-04  2.59057900E-03 -7.38760000E-05
2001-12-28T05:38:33.093 -9.27411000E-04  7.89125000E-04 -6.01111000E-04
2001-12-28T05:38:34.089 -4.64267000E-04  8.45773000E-04 -7.40810000E-04
2001-12-28T05:38:35.089  5.28856000E-04  2.01631900E-03 -2.11318000E-04
2001-12-28T05:38:36.089 -3.19186000E-04  1.34147800E-03  7.10093000E-04
2001-12-28T05:38:37.089 -9.11248000E-04  7.52529000E-04 -6.90213000E-04
2001-12-28T05:38:38.089 -1.17186000E-04  7.31251000E-04  6.53373000E-04
2001-12-28T05:38:39.089  8.40992000E-04  1.33420200E-03  1.88061500E-03
2001-12-28T05:38:40.089  3.86253000E-04  1.10903400E-03 -4.89088000E-04
2001-12-28T05:38:41.089  2.96010000E-04  4.20493000E-04 -1.73740000E-04
2001-12-28T05:38:42.089 -1.07419900E-03  4.28318000E-04  2.10950000E-04
2001-12-28T05:38:43.089 -7.19572000E-04  1.62920100E-03  4.04483000E-04
2001-12-28T05:38:44.093  9.73740000E-05  2.20919400E-03 -1.03300000E-05
2001-12-28T05:38:45.089  8.05390000E-04  2.29843400E-03 -4.83134000E-04
2001-12-28T05:38:46.089  3.86215000E-04  1.91944600E-03  1.19952100E-03
2001-12-28T05:38:47.089 -9.03340000E-05  1.57032300E-03  3.81072000E-04
2001-12-28T05:38:48.089 -5.68440000E-04  2.05057800E-03 -2.07364000E-04
2001-12-28T05:38:49.093 -3.46487000E-04  9.93813000E-04 -3.88160000E-04
2001-12-28T05:38:50.089 -1.39957100E-03  7.30692000E-04 -2.56257000E-04
2001-12-28T05:38:51.089 -7.20988000E-04  1.34945500E-03 -5.78040000E-05
2001-12-28T05:38:52.089 -7.30666000E-04  1.37586100E-03 -4.87748000E-04
2001-12-28T05:38:53.089 -2.42317000E-04  1.26143600E-03  3.26681000E-04
2001-12-28T05:38:54.089 -6.23320000E-04  1.92484200E-03  3.85548000E-04
2001-12-28T05:38:55.089 -2.74746000E-04  2.38741700E-03 -4.50490000E-05
2001-12-28T05:38:56.089  1.01499600E-03  1.62330000E-03  4.28978000E-04
2001-12-28T05:38:57.089  8.31704000E-04  2.21059300E-03  2.99013000E-04
2001-12-28T05:38:58.089  6.04116000E-04  2.39238400E-03  4.21836000E-04
2001-12-28T05:38:59.089  9.51646000E-04  2.67767500E-03 -5.30552000E-04
2001-12-28T05:39:00.093  1.34088400E-03  1.63251200E-03 -3.09613000E-04
2001-12-28T05:39:01.089  3.41241000E-04  3.26277400E-03  5.14950000E-05
2001-12-28T05:39:02.089  5.03744000E-04  2.59728400E-03 -3.41524000E-04
2001-12-28T05:39:03.089  9.11990000E-04  1.89109600E-03 -5.96168000E-04
2001-12-28T05:39:04.089 -8.84097000E-04  2.12869200E-03 -1.23918400E-03
2001-12-28T05:39:05.093 -5.86109000E-04  1.80697800E-03  1.53678700E-03
2001-12-28T05:39:06.089 -5.07736000E-04  5.06967000E-04  8.15370000E-05
2001-12-28T05:39:07.089 -9.78754000E-04  1.82524600E-03 -9.92886000E-04
2001-12-28T05:39:08.089 -1.00754300E-03  1.54715300E-03  1.05851400E-03
2001-12-28T05:39:09.089 -4.24565000E-04  1.36394900E-03  9.72081000E-04
2001-12-28T05:39:10.089 -1.18883600E-03  2.55503200E-03 -3.87689000E-04
2001-12-28T05:39:11.089  8.35686000E-04  1.76766200E-03  2.14610000E-05
2001-12-28T05:39:12.089 -4.67442000E-04  2.44046000E-03  3.24356000E-04
2001-12-28T05:39:13.089  1.31749700E-03  2.38739300E-03  5.74141000E-04
2001-12-28T05:39:14.089  7.74907000E-04  3.96476500E-03 -3.22594000E-04
2001-12-28T05:39:15.089  9.80599000E-04  2.74597300E-03 -3.28871000E-04
2001-12-28T05:39:16.093  5.47726000E-04  3.37928300E-03  1.15152300E-03
2001-12-28T05:39:17.089  1.17438000E-04  2.10767800E-03 -2.16286000E-04
2001-12-28T05:39:18.089 -6.06082000E-04  2.63406700E-03 -5.36913000E-04
2001-12-28T05:39:19.089  3.10942000E-04  4.63456800E-03  6.15792000E-04
2001-12-28T05:39:20.089  8.06752000E-04  3.27221200E-03  1.81031000E-04
2001-12-28T05:39:21.093 -5.12329000E-04  2.70827200E-03 -9.10006000E-04
2001-12-28T05:39:22.089  1.34863400E-03  4.59965800E-03 -3.11864000E-04
2001-12-28T05:39:23.089 -1.36060500E-03  3.60350400E-03  6.35176000E-04
2001-12-28T05:39:24.089 -2.03973000E-04  5.65979600E-03  4.10574000E-04
2001-12-28T05:39:25.089  2.33065000E-04  5.54487300E-03 -6.60452000E-04
2001-12-28T05:39:26.089 -1.11808900E-03  5.02677400E-03  1.27922500E-03
2001-12-28T05:39:27.089  7.85630000E-04  5.91140800E-03  2.13090000E-04
2001-12-28T05:39:28.089 -8.20191000E-04  3.81013100E-03  6.68638000E-04
2001-12-28T05:39:29.089  1.89986000E-04  4.73500100E-03 -7.21957000E-04
2001-12-28T05:39:30.089  4.19495000E-04  4.93373900E-03 -6.25879000E-04
2001-12-28T05:39:31.089 -1.12861300E-03  4.14092100E-03 -2.33471000E-04
2001-12-28T05:39:32.093 -1.32117000E-04  5.15599900E-03  6.58968000E-04
2001-12-28T05:39:33.089  9.35870000E-05  5.13713200E-03 -3.17126000E-04
2001-12-28T05:39:34.089 -1.46197600E-03  4.24329600E-03  4.97134000E-04
2001-12-28T05:39:35.089  7.79687000E-04  5.28459500E-03  5.55485000E-04
2001-12-28T05:39:36.089  6.13236000E-04  6.63376400E-03 -7.14840000E-05
2001-12-28T05:39:37.093 -9.83326000E-04  5.82761900E-03 -4.31849000E-04
2001-12-28T05:39:38.089 -4.48451000E-04  5.25713800E-03  1.30610200E-03
2001-12-28T05:39:39.089  7.43366000E-04  8.29288600E-03 -9.32550000E-05
2001-12-28T05:39:40.089 -3.58726000E-04  8.07617200E-03 -3.75616000E-04
2001-12-28T05:39:41.089  6.16222000E-04  1.02535300E-02 -3.10223000E-04
2001-12-28T05:39:42.089 -1.10267600E-03  8.74308500E-03 -5.98180000E-05
2001-12-28T05:39:43.089  1.06101200E-03  8.96798400E-03  3.97984000E-04
2001-12-28T05:39:44.089 -1.14031300E-03  7.10200400E-03 -3.69083000E-04
2001-12-28T05:39:45.089 -4.57122000E-04  1.02042390E-02  3.77009000E-04
2001-12-28T05:39:46.089  1.09452500E-03  1.03413800E-02  1.38743400E-03
2001-12-28T05:39:47.089  8.17988000E-04  1.14973460E-02  8.05615000E-04
2001-12-28T05:39:48.093  6.97767000E-04  1.14608830E-02 -5.09763000E-04
2001-12-28T05:39:49.089 -2.47036000E-04  1.16591300E-02  5.31700000E-06
2001-12-28T05:39:50.089 -1.67239000E-04  1.10607140E-02 -1.29165000E-04
2001-12-28T05:39:51.085  7.01860000E-05  1.08615570E-02  3.32912000E-04
2001-12-28T05:39:52.089  1.46450000E-04  1.08236650E-02 -2.88054000E-04
2001-12-28T05:39:53.093  8.22718000E-04  1.08602050E-02  7.17939000E-04
2001-12-28T05:39:54.089  3.69805000E-04  1.19234500E-02  3.47756000E-04
2001-12-28T05:39:55.085 -1.00946100E-03  1.09592210E-02 -4.07097000E-04
2001-12-28T05:39:56.089 -1.29002900E-03  1.18797790E-02  3.64988000E-04
2001-12-28T05:39:57.089  1.12704800E-03  1.23022410E-02  4.25379000E-04
2001-12-28T05:39:58.089 -3.36660000E-04  1.22798470E-02  5.80704000E-04
2001-12-28T05:39:59.085 -8.33829000E-04  1.17506620E-02 -6.16502000E-04
2001-12-28T05:40:00.089  3.11920000E-04  1.35429450E-02  2.41226000E-04
2001-12-28T05:40:01.089 -1.66186000E-03  1.18335020E-02  1.13966900E-03
2001-12-28T05:40:02.089  3.35838000E-04  1.28569380E-02  3.90465000E-04
2001-12-28T05:40:03.085 -9.06827000E-04  1.25411170E-02  1.66192000E-04
2001-12-28T05:40:04.093  5.50674000E-04  1.31748540E-02  4.43483000E-04
2001-12-28T05:40:05.089 -9.96359000E-04  1.17940800E-02 -2.19117000E-04
2001-12-28T05:40:06.089  1.10342100E-03  1.32527380E-02 -8.01813000E-04
2001-12-28T05:40:07.085  5.89300000E-04  1.27478280E-02  1.92403000E-04
2001-12-28T05:40:08.089 -7.12102000E-04  1.16367170E-02  3.51381000E-04
2001-12-28T05:40:09.093 -7.86414000E-04  1.08792620E-02  4.67320000E-04
2001-12-28T05:40:10.089 -8.94875000E-04  1.25119530E-02  5.17254000E-04
2001-12-28T05:40:11.085  1.17069800E-03  1.22791360E-02  2.80456000E-04
2001-12-28T05:40:12.089  1.00618100E-03  1.21911620E-02 -2.45457000E-04
2001-12-28T05:40:13.089 -6.99440000E-05  1.18611160E-02  6.45559000E-04
2001-12-28T05:40:14.085  1.23104400E-03  1.18591960E-02  3.18325000E-04
2001-12-28T05:40:15.085  2.37600000E-04  1.20282550E-02 -1.72168000E-04
2001-12-28T05:40:16.089  3.40230000E-04  1.10613460E-02  9.99907000E-04
2001-12-28T05:40:17.089  8.00655000E-04  1.13767500E-02 -1.44770000E-05
2001-12-28T05:40:18.089  1.49250000E-05  1.04276310E-02 -1.09931600E-03
2001-12-28T05:40:19.085 -6.65841000E-04  1.04487370E-02  2.27916000E-04
2001-12-28T05:40:20.093 -2.91043000E-04  1.04501210E-02  4.31193000E-04
2001-12-28T05:40:21.089  9.34243000E-04  1.21018010E-02  5.03940000E-04
2001-12-28T05:40:22.089  2.22590000E-04  1.20665400E-02 -6.12893000E-04
2001-12-28T05:40:23.085 -1.56770700E-03  1.07109840E-02  9.29195000E-04
2001-12-28T05:40:24.085  1.10388400E-03  1.28799780E-02  1.14056600E-03
2001-12-28T05:40:25.093 -8.16120000E-05  1.27741020E-02 -8.32560000E-05
2001-12-28T05:40:26.089 -8.57953000E-04  1.20302040E-02 -1.42427000E-04
2001-12-28T05:40:27.085 -1.61373000E-04  1.42510710E-02  8.31034000E-04
2001-12-28T05:40:28.089  9.22111000E-04  1.50358770E-02  7.31204000E-04
2001-12-28T05:40:29.089  2.61518000E-04  1.59558710E-02  9.91592000E-04
2001-12-28T05:40:30.089  2.45840000E-04  1.62704750E-02 -4.21301000E-04
2001-12-28T05:40:31.085 -1.72126200E-03  1.56709010E-02 -3.34818000E-04
2001-12-28T05:40:32.089  7.58531000E-04  1.73226090E-02  8.45509000E-04
2001-12-28T05:40:33.089 -8.65221000E-04  1.78198680E-02  3.21100000E-04
2001-12-28T05:40:34.089  1.44435000E-04  2.07693890E-02  6.41942000E-04
2001-12-28T05:40:35.085  5.01734000E-04  1.90857460E-02  7.74843000E-04
2001-12-28T05:40:36.093 -6.52821000E-04  1.85098890E-02  4.90715000E-04
2001-12-28T05:40:37.089  7.87010000E-05  1.93860230E-02  7.76520000E-05
2001-12-28T05:40:38.089 -5.47184000E-04  1.97233260E-02  6.29146000E-04
2001-12-28T05:40:39.085 -5.01147000E-04  2.00040810E-02  6.01129000E-04
2001-12-28T05:40:40.085 -5.63383000E-04  2.00691300E-02  5.85237000E-04
2001-12-28T05:40:41.093 -3.34171000E-04  1.98050510E-02  6.05506000E-04
2001-12-28T05:40:42.089 -6.31350000E-05  1.94677950E-02  6.40470000E-05
2001-12-28T05:40:43.085  5.56420000E-05  1.93131700E-02  3.71209000E-04
2001-12-28T05:40:44.089 -5.13010000E-04  1.97010710E-02 -1.04915000E-04
2001-12-28T05:40:45.089 -9.00667000E-04  1.84788410E-02  4.83548000E-04
2001-12-28T05:40:46.085 -1.33946300E-03  1.78860350E-02 -8.11647000E-04
2001-12-28T05:40:47.085  1.96814000E-04  1.84225510E-02  5.72796000E-04
2001-12-28T05:40:48.089 -3.92801000E-04  1.79107210E-02 -3.60818000E-04
2001-12-28T05:40:49.089 -5.80026000E-04  1.85503440E-02 -1.63622600E-03
2001-12-28T05:40:50.089  3.19222000E-04  1.88116300E-02  2.86653000E-04
2001-12-28T05:40:51.085  2.21070000E-04  1.91649680E-02  6.28966000E-04
2001-12-28T05:40:52.093 -6.92405000E-04  2.02420430E-02  1.08417100E-03
2001-12-28T05:40:53.089 -9.86581000E-04  2.05701480E-02 -4.03075000E-04
2001-12-28T05:40:54.089 -8.40432000E-04  2.12743800E-02  2.18112000E-04
2001-12-28T05:40:55.085 -1.13268700E-03  2.20078860E-02  1.96198100E-03
2001-12-28T05:40:56.085 -8.33801000E-04  2.10992540E-02 -3.42361000E-04
2001-12-28T05:40:57.093  4.03445000E-04  2.10710760E-02 -1.22706200E-03
2001-12-28T05:40:58.089 -7.04994000E-04  2.05634010E-02  6.73606000E-04
2001-12-28T05:40:59.085 -7.45429000E-04  2.01806610E-02  6.04744000E-04
2001-12-28T05:41:00.089  6.20782000E-04  2.23221670E-02  1.60445000E-04
2001-12-28T05:41:01.089 -4.13415000E-04  2.04970990E-02  1.79785000E-04
2001-12-28T05:41:02.085 -1.19587000E-03  2.09416640E-02 -1.00066000E-04
2001-12-28T05:41:03.089  4.21267000E-04  2.23516100E-02  1.05410500E-03
2001-12-28T05:41:04.089 -1.22409700E-03  2.13169490E-02 -7.40638000E-04
2001-12-28T05:41:05.089 -9.14333000E-04  2.28061530E-02  5.21849000E-04
2001-12-28T05:41:06.089  1.95606000E-04  2.37091760E-02  6.66644000E-04
2001-12-28T05:41:07.085 -4.22412000E-04  2.43264160E-02  1.65810000E-04
2001-12-28T05:41:08.093 -1.91579000E-04  2.39424740E-02  4.81896000E-04
2001-12-28T05:41:09.089 -1.01510100E-03  2.42589990E-02  6.93996000E-04
2001-12-28T05:41:10.089 -8.40477000E-04  2.39995330E-02  1.20879700E-03
2001-12-28T05:41:11.085 -1.45246200E-03  2.45999230E-02  5.05333000E-04
2001-12-28T05:41:12.085  1.18016000E-04  2.60568130E-02  7.80300000E-06
2001-12-28T05:41:13.093  5.11304000E-04  2.57312100E-02  8.07238000E-04
2001-12-28T05:41:14.089 -4.11956000E-04  2.47581510E-02  8.81201000E-04
2001-12-28T05:41:15.085 -7.53310000E-04  2.41683220E-02  1.29340300E-03
2001-12-28T05:41:16.089 -7.25878000E-04  2.41492300E-02  1.67090000E-04
2001-12-28T05:41:17.089 -1.17814200E-03  2.39193140E-02 -6.60573000E-04
2001-12-28T05:41:18.085 -9.88360000E-04  2.41409750E-02 -3.80649000E-04
2001-12-28T05:41:19.085  6.24319000E-04  2.61879900E-02  4.46942000E-04
2001-12-28T05:41:20.089 -9.74683000E-04  2.52613050E-02 -9.54510000E-05
2001-12-28T05:41:21.089  9.35697000E-04  2.69855500E-02 -1.68291000E-04
2001-12-28T05:41:22.089 -2.02525300E-03  2.65705770E-02  5.02864000E-04
2001-12-28T05:41:23.085 -1.26407400E-03  2.79930360E-02  1.61826000E-04
2001-12-28T05:41:24.093 -1.08787700E-03  2.88474000E-02  8.48910000E-05
2001-12-28T05:41:25.089  4.08035000E-04  2.99886760E-02  1.20574300E-03
2001-12-28T05:41:26.089 -8.68083000E-04  2.94462390E-02  9.43628000E-04
2001-12-28T05:41:27.085 -1.90922600E-03  2.91996580E-02 -2.45620000E-05
2001-12-28T05:41:28.085  1.11702000E-04  3.15878610E-02  1.26186300E-03
2001-12-28T05:41:29.093 -6.94091000E-04  3.03550470E-02  3.68116000E-04
2001-12-28T05:41:30.089  1.06190000E-03  3.21681980E-02  1.85228300E-03
2001-12-28T05:41:31.085 -2.09978900E-03  3.07704510E-02  3.40740000E-04
2001-12-28T05:41:32.089  2.14001000E-04  3.12147980E-02  1.31335000E-04
2001-12-28T05:41:33.089 -1.34423800E-03  2.96927370E-02  1.28469300E-03
2001-12-28T05:41:34.085 -1.34312400E-03  2.80973370E-02  1.04677000E-03
2001-12-28T05:41:35.085  3.44248000E-04  2.79303030E-02  6.63675000E-04
2001-12-28T05:41:36.089 -1.50001500E-03  2.54562570E-02  1.02746000E-04
2001-12-28T05:41:37.089 -1.59844000E-03  2.39909460E-02  8.28946000E-04
2001-12-28T05:41:38.089 -1.47879500E-03  2.34303550E-02  4.76814000E-04
2001-12-28T05:41:39.085 -7.06502000E-04  2.21377390E-02 -5.59417000E-04
2001-12-28T05:41:40.093  5.61760000E-04  2.28667890E-02 -5.85415000E-04
2001-12-28T05:41:41.089 -7.54286000E-04  2.09713390E-02  1.35012300E-03
2001-12-28T05:41:42.089 -4.34396000E-04  2.11738110E-02  2.83466000E-04
2001-12-28T05:41:43.085 -8.06502000E-04  2.16739400E-02  1.04603600E-03
2001-12-28T05:41:44.085  3.22552000E-04  2.34888250E-02  4.70666000E-04
2001-12-28T05:41:45.093 -9.81951000E-04  2.14855370E-02  5.35539000E-04
2001-12-28T05:41:46.089 -1.98825000E-04  2.22660430E-02  1.11222400E-03
2001-12-28T05:41:47.085 -6.64150000E-04  2.14672130E-02  9.20530000E-05
2001-12-28T05:41:48.089 -7.84124000E-04  2.17763040E-02  3.14935000E-04
2001-12-28T05:41:49.089 -1.10518000E-04  2.28699070E-02  1.64396000E-04
2001-12-28T05:41:50.085  2.68339000E-04  2.42406090E-02  1.24567000E-03
2001-12-28T05:41:51.085  3.92741000E-04  2.41012500E-02 -7.21905000E-04
2001-12-28T05:41:52.089 -1.36721000E-04  2.41725330E-02  2.49521000E-04
2001-12-28T05:41:53.089 -1.01166800E-03  2.43735630E-02  1.21686000E-03
2001-12-28T05:41:54.089  8.92067000E-04  2.71353610E-02  1.52423100E-03
2001-12-28T05:41:55.085 -1.47542600E-03  2.57819130E-02 -9.41383000E-04
2001-12-28T05:41:56.093 -1.17327400E-03  2.51211360E-02 -8.78980000E-04
2001-12-28T05:41:57.089  3.98215000E-04  2.49435080E-02  8.34162000E-04
2001-12-28T05:41:58.089  8.60369000E-04  2.58309730E-02  9.86218000E-04
2001-12-28T05:41:59.085  6.42161000E-04  2.47832420E-02 -6.30412000E-04
2001-12-28T05:42:00.085  5.37209000E-04  2.47342680E-02  2.85160000E-04
2001-12-28T05:42:01.093  6.12751000E-04  2.49294300E-02  3.47069000E-04
2001-12-28T05:42:02.089 -7.28103000E-04  2.48631970E-02  7.26390000E-04
2001-12-28T05:42:03.085 -3.82060000E-04  2.40712820E-02  5.19025000E-04
2001-12-28T05:42:04.089 -6.82349000E-04  2.40447690E-02  1.48410000E-04
2001-12-28T05:42:05.089 -6.43028000E-04  2.33876890E-02  1.05287800E-03
2001-12-28T05:42:06.085  5.98056000E-04  2.31667720E-02  1.36521000E-04
2001-12-28T05:42:07.085 -1.24266700E-03  2.14220060E-02  2.09475000E-04
2001-12-28T05:42:08.089  1.48990000E-05  2.24382640E-02  5.48250000E-04
2001-12-28T05:42:09.085 -9.62335000E-04  2.16650760E-02 -2.51167000E-04
2001-12-28T05:42:10.089 -1.01674100E-03  2.18501950E-02  4.75790000E-04
2001-12-28T05:42:11.085  3.53000000E-07  2.29879110E-02  1.34197000E-04
2001-12-28T05:42:12.085 -1.85749000E-04  2.27437350E-02 -2.90159000E-04
2001-12-28T05:42:13.085 -1.30430100E-03  2.20852700E-02  1.23574800E-03
2001-12-28T05:42:14.089  7.40330000E-05  2.26513890E-02  1.81428000E-04
2001-12-28T05:42:15.085  7.25679000E-04  2.38572490E-02  4.18682000E-04
2001-12-28T05:42:16.085 -4.53617000E-04  2.20734350E-02 -3.48251000E-04
2001-12-28T05:42:17.093 -1.04136300E-03  2.21034660E-02  6.07901000E-04
2001-12-28T05:42:18.089  7.02488000E-04  2.19470130E-02  1.35023100E-03
2001-12-28T05:42:19.085 -1.03630800E-03  2.11546810E-02 -3.44482000E-04
2001-12-28T05:42:20.089 -7.66686000E-04  2.03033520E-02 -2.36920000E-05
2001-12-28T05:42:21.089  1.37531100E-03  2.13049110E-02  7.25864000E-04
2001-12-28T05:42:22.085 -3.44880000E-05  1.97864530E-02  1.04643800E-03
2001-12-28T05:42:23.085 -2.24398000E-04  1.97996850E-02 -8.22060000E-04
2001-12-28T05:42:24.089  7.63870000E-05  1.94559230E-02  9.16162000E-04
2001-12-28T05:42:25.089 -1.47717000E-04  1.89031160E-02  3.53381000E-04
2001-12-28T05:42:26.089 -9.87103000E-04  1.77866370E-02  5.74790000E-05
2001-12-28T05:42:27.085 -8.01166000E-04  1.82651580E-02  2.87389000E-04
2001-12-28T05:42:28.093  7.20248000E-04  1.81914740E-02  1.19122900E-03
2001-12-28T05:42:29.085 -1.74294100E-03  1.61889870E-02  3.38451000E-04
2001-12-28T05:42:30.089  3.88655000E-04  1.82694810E-02  1.51270000E-04
2001-12-28T05:42:31.085 -1.03203600E-03  1.68110580E-02  3.37445000E-04
2001-12-28T05:42:32.085 -2.08447300E-03  1.50430680E-02  4.56785000E-04
2001-12-28T05:42:33.093 -1.41846400E-03  1.37023090E-02  5.25970000E-05
2001-12-28T05:42:34.089 -1.55420500E-03  1.39465300E-02  3.96896000E-04
2001-12-28T05:42:35.085 -7.18248000E-04  1.38932510E-02  2.52975000E-04
2001-12-28T05:42:36.089 -3.07414000E-04  1.22277190E-02 -3.57000000E-06
2001-12-28T05:42:37.089  9.51951000E-04  1.27084810E-02  2.73972000E-04
2001-12-28T05:42:38.085  4.46050000E-04  1.59885360E-02  6.53836000E-04
2001-12-28T05:42:39.085 -4.46897000E-04  1.07754630E-02 -1.07126800E-03
2001-12-28T05:42:40.089 -1.60126000E-04  1.12347230E-02  9.39239000E-04
2001-12-28T05:42:41.085 -4.83121000E-04  1.18502610E-02  6.40269000E-04
2001-12-28T05:42:42.089 -1.54406000E-03  1.01059060E-02  7.40265000E-04
2001-12-28T05:42:43.085 -4.98820000E-04  9.82965100E-03  3.08881000E-04
2001-12-28T05:42:44.085 -3.46238000E-04  1.05020180E-02  1.16363600E-03
2001-12-28T05:42:45.085  3.40545000E-04  1.24116280E-02  5.38283000E-04
2001-12-28T05:42:46.089  3.60738000E-04  1.26164100E-02 -7.71960000E-05
2001-12-28T05:42:47.085 -1.24098600E-03  1.24352700E-02  3.71344000E-04
2001-12-28T05:42:48.085  9.60920000E-05  1.41188260E-02  4.36817000E-04
2001-12-28T05:42:49.093 -1.09453400E-03  1.21547610E-02 -2.01083000E-04
2001-12-28T05:42:50.089  2.53258000E-04  1.34352720E-02 -8.93700000E-06
2001-12-28T05:42:51.085  4.88001000E-04  1.01593360E-02  5.14547000E-04
2001-12-28T05:42:52.089  1.71974000E-04  1.08344850E-02  1.29473800E-03
2001-12-28T05:42:53.089 -1.72694000E-04  1.13391290E-02  2.65994000E-04
2001-12-28T05:42:54.085 -9.65350000E-05  1.07494790E-02 -5.46843000E-04
2001-12-28T05:42:55.085 -1.52518000E-04  1.07053720E-02 -8.18460000E-05
2001-12-28T05:42:56.089  5.17935000E-04  1.03789710E-02  1.29858000E-04
2001-12-28T05:42:57.085  1.89932700E-03  9.98094600E-03 -5.39430000E-05
2001-12-28T05:42:58.089 -1.18471100E-03  7.19422700E-03  6.30503000E-04
2001-12-28T05:42:59.085 -9.64253000E-04  5.77028900E-03  1.65059000E-04
2001-12-28T05:43:00.085  1.10990400E-03  9.15519800E-03 -2.00688000E-04
2001-12-28T05:43:01.085 -9.05891000E-04  7.16219400E-03 -8.08765000E-04
2001-12-28T05:43:02.089 -5.36757000E-04  4.71709200E-03 -7.51020000E-04
2001-12-28T05:43:03.085 -1.41496900E-03  6.14124900E-03  6.41210000E-05
2001-12-28T05:43:04.085 -1.51492400E-03  5.93699600E-03  1.12372200E-03
2001-12-28T05:43:05.093 -4.35932000E-04  9.83327700E-03 -8.12520000E-05
2001-12-28T05:43:06.089 -1.03930000E-03  9.31120300E-03 -5.14540000E-04
2001-12-28T05:43:07.085  6.48423000E-04  1.09380880E-02  1.29050300E-03
2001-12-28T05:43:08.089 -9.72840000E-05  9.76357900E-03  7.68407000E-04
2001-12-28T05:43:09.085 -1.22321900E-03  8.09021600E-03  4.38917000E-04
2001-12-28T05:43:10.085  1.64026700E-03  1.29479910E-02  1.03506000E-04
2001-12-28T05:43:11.085 -2.64648000E-04  8.66148300E-03  2.31630000E-05
2001-12-28T05:43:12.089  1.43188000E-03  7.92015400E-03  3.94913000E-04
2001-12-28T05:43:13.085  5.28650000E-04  7.52131600E-03  7.62125000E-04
2001-12-28T05:43:14.089  1.26061800E-03  1.05972430E-02  3.13382000E-04
2001-12-28T05:43:15.085 -6.28591000E-04  7.83528100E-03 -5.72150000E-05
2001-12-28T05:43:16.085 -7.86122000E-04  6.08123500E-03  2.44505000E-04
2001-12-28T05:43:17.085  1.75005000E-03  7.37227300E-03  7.38771000E-04
2001-12-28T05:43:18.089 -1.73503000E-04  5.20510900E-03 -2.93180000E-05
2001-12-28T05:43:19.085 -5.45763000E-04  5.07615400E-03 -9.63360000E-04
2001-12-28T05:43:20.085 -1.45980100E-03  6.59676300E-03  1.37178700E-03
2001-12-28T05:43:21.093 -1.31014000E-03  5.82825500E-03  2.18148000E-04
2001-12-28T05:43:22.089 -9.49917000E-04  5.75611200E-03 -5.01294000E-04
2001-12-28T05:43:23.085  1.27858400E-03  8.12434600E-03  4.56521000E-04
2001-12-28T05:43:24.089  1.11604900E-03  7.18553600E-03  6.41793000E-04
2001-12-28T05:43:25.085  1.74201800E-03  7.44010700E-03  1.22595400E-03
2001-12-28T05:43:26.085 -5.13350000E-05  6.76635500E-03  3.65053000E-04
2001-12-28T05:43:27.085 -1.81263300E-03  4.00285700E-03 -1.22187300E-03
2001-12-28T05:43:28.089 -8.27139000E-04  5.49723500E-03  4.32990000E-05
2001-12-28T05:43:29.085 -5.97248000E-04  6.66745500E-03  2.80347000E-04
2001-12-28T05:43:30.089  4.19520000E-05  6.84893400E-03 -1.00996200E-03
2001-12-28T05:43:31.085  2.86478000E-04  8.21667300E-03  1.29159000E-04
2001-12-28T05:43:32.085  2.30114000E-04  7.52438000E-03 -1.45620000E-05
2001-12-28T05:43:33.085 -1.53388700E-03  5.81345800E-03  8.45544000E-04
2001-12-28T05:43:34.089 -1.73406000E-04  5.06523700E-03 -8.01410000E-05
2001-12-28T05:43:35.085 -4.88260000E-05  5.07118100E-03 -6.82210000E-05
2001-12-28T05:43:36.085  1.24310000E-04  6.07930300E-03  7.04688000E-04
2001-12-28T05:43:37.093  7.35016000E-04  6.97251300E-03 -1.75910000E-04
2001-12-28T05:43:38.089  6.75200000E-05  6.44285000E-03 -8.13532000E-04
2001-12-28T05:43:39.085 -1.57802800E-03  4.70360500E-03  5.62541000E-04
2001-12-28T05:43:40.089  1.80367000E-04  4.60837400E-03  8.79207000E-04
2001-12-28T05:43:41.085  6.57890000E-04  5.23539500E-03  3.49870000E-05
2001-12-28T05:43:42.085 -1.18949100E-03  4.17287600E-03 -5.85582000E-04
2001-12-28T05:43:43.085 -6.69273000E-04  5.52301100E-03  2.80649000E-04
2001-12-28T05:43:44.089  7.06604000E-04  4.90163100E-03  6.68403000E-04
2001-12-28T05:43:45.085 -5.34877000E-04  3.93179700E-03  5.12892000E-04
2001-12-28T05:43:46.089 -6.26172000E-04  4.53485600E-03  5.21490000E-05
2001-12-28T05:43:47.085  2.43467000E-04  6.31937600E-03  5.51556000E-04
2001-12-28T05:43:48.089 -1.50422500E-03  4.10334600E-03  2.70559000E-04
2001-12-28T05:43:49.085 -1.59894000E-04  4.61748000E-03  7.84553000E-04
2001-12-28T05:43:50.089  1.21207100E-03  5.68313800E-03 -8.20380000E-05
2001-12-28T05:43:51.085 -8.03853000E-04  3.61000900E-03 -3.21448000E-04
2001-12-28T05:43:52.085 -1.16722000E-04  4.97590700E-03  6.37859000E-04
2001-12-28T05:43:53.093  3.61285000E-04  4.40972700E-03  1.26687600E-03
2001-12-28T05:43:54.089 -1.67286900E-03  4.21222400E-03  7.26250000E-04
2001-12-28T05:43:55.085  3.63633000E-04  5.82368100E-03 -1.09302600E-03
2001-12-28T05:43:56.089 -1.07797100E-03  4.59192300E-03  1.26977400E-03
2001-12-28T05:43:57.085 -5.66563000E-04  4.77564400E-03  7.14821000E-04
2001-12-28T05:43:58.085 -3.08778000E-04  4.80415300E-03 -2.01609000E-04
2001-12-28T05:43:59.085 -4.72867000E-04  3.65787300E-03 -4.01665000E-04
2001-12-28T05:44:00.089  1.11820000E-05  4.53574700E-03  1.07099300E-03
2001-12-28T05:44:01.085 -5.13964000E-04  4.40721800E-03 -1.22652000E-04
2001-12-28T05:44:02.085 -7.56926000E-04  4.41592300E-03  5.55824000E-04
2001-12-28T05:44:03.085  7.01290000E-05  4.60158700E-03  5.86380000E-05
2001-12-28T05:44:04.085 -1.49377300E-03  3.29722400E-03 -5.18653000E-04
2001-12-28T05:44:05.085  1.20865600E-03  4.83966500E-03  4.62123000E-04
2001-12-28T05:44:06.089 -1.59850000E-04  3.07333000E-03 -1.39653000E-04
2001-12-28T05:44:07.085  5.51801000E-04  3.42738400E-03 -1.10743300E-03
2001-12-28T05:44:08.085  4.91778000E-04  3.85575500E-03 -6.17350000E-05
2001-12-28T05:44:09.093 -1.40495100E-03  3.04530500E-03  5.36690000E-04
2001-12-28T05:44:10.089  4.03068000E-04  5.11384400E-03 -7.83772000E-04
2001-12-28T05:44:11.085 -1.07525800E-03  3.75576400E-03 -7.51759000E-04
2001-12-28T05:44:12.089  1.88285000E-04  3.63426100E-03  7.30176000E-04
2001-12-28T05:44:13.085  9.35770000E-04  3.85309600E-03  1.30838200E-03
2001-12-28T05:44:14.085 -9.84625000E-04  2.98032900E-03 -7.01818000E-04
2001-12-28T05:44:15.085 -6.65680000E-05  4.21509500E-03 -8.49922000E-04
2001-12-28T05:44:16.089  6.48032000E-04  4.22764600E-03 -2.42627000E-04
2001-12-28T05:44:17.085  6.17030000E-05  2.54177200E-03  3.13577000E-04
2001-12-28T05:44:18.089 -7.14353000E-04  3.20377600E-03  5.76688000E-04
2001-12-28T05:44:19.085  8.34860000E-04  4.09072200E-03 -6.33242000E-04
2001-12-28T05:44:20.085  7.78967000E-04  3.54384300E-03 -4.48450000E-05
2001-12-28T05:44:21.085 -3.40380000E-04  3.12345400E-03  8.73039000E-04
2001-12-28T05:44:22.089 -7.48506000E-04  2.09908600E-03 -7.69070000E-05
2001-12-28T05:44:23.085 -1.20334500E-03  1.90591800E-03 -9.94013000E-04
2001-12-28T05:44:24.085 -3.97610000E-04  1.29906900E-03  1.66768000E-04
2001-12-28T05:44:25.093 -6.95277000E-04  3.21545500E-03  2.30767000E-04
2001-12-28T05:44:26.089  9.29749000E-04  2.29676200E-03  8.07156000E-04
2001-12-28T05:44:27.085  8.64811000E-04  3.98544500E-03 -3.65754000E-04
2001-12-28T05:44:28.089  1.25218100E-03  2.28924600E-03  1.02774600E-03
2001-12-28T05:44:29.085 -5.29570000E-05  3.29908600E-03 -4.88890000E-05
2001-12-28T05:44:30.085  9.61791000E-04  1.78805700E-03  7.61734000E-04
2001-12-28T05:44:31.085  7.11210000E-05  2.75533500E-03 -2.94313000E-04
2001-12-28T05:44:32.089 -6.25670000E-05  1.85074700E-03 -1.38749000E-04
2001-12-28T05:44:33.085 -1.30544800E-03  2.29668900E-03  3.69193000E-04
2001-12-28T05:44:34.085 -3.96832000E-04  1.06411000E-03  3.96307000E-04
2001-12-28T05:44:35.085 -1.31841900E-03  1.30830500E-03 -1.57208000E-04
2001-12-28T05:44:36.085 -1.60602400E-03  1.61089900E-03 -3.36510000E-05
2001-12-28T05:44:37.085 -4.77289000E-04  4.42638000E-04  4.31262000E-04
2001-12-28T05:44:38.089 -1.04842200E-03  1.60223700E-03  5.41490000E-05
2001-12-28T05:44:39.085 -1.58931500E-03  1.53266000E-03  4.45771000E-04
2001-12-28T05:44:40.085 -1.26653000E-04  4.73242000E-04  6.10437000E-04
2001-12-28T05:44:41.089 -3.54228000E-04  1.70317600E-03  1.78118300E-03
2001-12-28T05:44:42.089 -3.17072000E-04  1.87553900E-03  1.24815000E-04
2001-12-28T05:44:43.085  7.85704000E-04  1.74485100E-03  4.93350000E-05
2001-12-28T05:44:44.089  1.05814500E-03  2.00036700E-03 -8.36672000E-04
2001-12-28T05:44:45.085  2.61813000E-04  2.80656100E-03  5.12570000E-05
2001-12-28T05:44:46.085  7.86445000E-04  2.67827800E-03 -4.30102000E-04
2001-12-28T05:44:47.085  6.97002000E-04  1.93481800E-03  8.28564000E-04
2001-12-28T05:44:48.089 -1.21756300E-03  8.20924000E-04  6.99168000E-04
2001-12-28T05:44:49.085 -1.36021700E-03  8.66572000E-04  4.70039000E-04
2001-12-28T05:44:50.089 -5.44998000E-04  1.18195000E-03 -8.86600000E-06
2001-12-28T05:44:51.085  5.92126000E-04  1.53859200E-03 -3.19222000E-04
2001-12-28T05:44:52.085  1.16174000E-03  1.53954200E-03  4.56820000E-04
2001-12-28T05:44:53.085  6.84945000E-04  8.25040000E-05 -5.38167000E-04
2001-12-28T05:44:54.089 -3.57807000E-04  1.12648500E-03  2.65811000E-04
2001-12-28T05:44:55.085 -8.50522000E-04  1.39830500E-03 -5.66211000E-04
2001-12-28T05:44:56.085 -3.24069000E-04  2.23075100E-03  5.84313000E-04
2001-12-28T05:44:57.089  2.74738000E-04  2.78671100E-03  8.62427000E-04
2001-12-28T05:44:58.089 -1.16992900E-03  4.69895000E-04  5.34454000E-04
2001-12-28T05:44:59.085 -1.70194000E-04  4.92297000E-04 -9.33792000E-04
2001-12-28T05:45:00.089  5.87280000E-04  1.50951200E-03  1.65729000E-04
2001-12-28T05:45:01.085 -7.72260000E-04 -2.86252000E-04  2.08805000E-04
2001-12-28T05:45:02.085 -8.30873000E-04 -3.12977000E-04 -5.75901000E-04
2001-12-28T05:45:03.085  1.04462000E-04  9.97262000E-04 -1.04705000E-04
2001-12-28T05:45:04.089  1.38932000E-04  1.13521900E-03 -6.48889000E-04
2001-12-28T05:45:05.085 -9.17331000E-04 -3.50208000E-04  8.28040000E-04
2001-12-28T05:45:06.085  6.06069000E-04  9.35321000E-04  6.02499000E-04
2001-12-28T05:45:07.085  2.69326000E-04  9.11314000E-04 -6.34280000E-04
2001-12-28T05:45:08.085 -1.09618900E-03  2.81502000E-04  4.19482000E-04
2001-12-28T05:45:09.085  3.95982000E-04  1.00608000E-03 -1.94958000E-04
2001-12-28T05:45:10.089 -3.71822000E-04  4.56594000E-04 -8.21650000E-04
2001-12-28T05:45:11.085 -6.81030000E-04  3.25147000E-04 -9.55788000E-04
2001-12-28T05:45:12.085  1.71732000E-04  1.73073400E-03 -1.70033000E-04
2001-12-28T05:45:13.093 -4.82034000E-04  1.29101200E-03  1.10631300E-03
2001-12-28T05:45:14.089 -8.94678000E-04  5.34929000E-04  5.12906000E-04
2001-12-28T05:45:15.085  5.17547000E-04  1.53786600E-03 -1.31431000E-04
2001-12-28T05:45:16.089  8.04340000E-05  8.06472000E-04 -8.34300000E-04
2001-12-28T05:45:17.085 -1.19182400E-03  8.57320000E-04  5.67598000E-04
2001-12-28T05:45:18.085  7.22283000E-04  1.59667300E-03 -7.46454000E-04
2001-12-28T05:45:19.085 -5.05201000E-04  2.52808000E-04  7.61368000E-04
2001-12-28T05:45:20.089 -8.36530000E-05  6.09247000E-04  8.69779000E-04
2001-12-28T05:45:21.085  1.88507000E-04  1.45508800E-03  2.82565000E-04
2001-12-28T05:45:22.085 -6.77957000E-04 -3.97478000E-04 -3.23622000E-04
2001-12-28T05:45:23.085  1.04271500E-03  4.75722000E-04  4.67769000E-04
2001-12-28T05:45:24.085 -5.58568000E-04 -1.38801800E-03 -2.93181000E-04
2001-12-28T05:45:25.085 -1.08804000E-04 -9.03720000E-05  1.02073800E-03
2001-12-28T05:45:26.089  6.03301000E-04  1.09449400E-03 -6.66560000E-04
2001-12-28T05:45:27.085 -1.15324700E-03 -8.89354000E-04 -2.65134000E-04
2001-12-28T05:45:28.085  2.59712000E-04  1.46422300E-03  7.12030000E-04
2001-12-28T05:45:29.089 -1.08062900E-03  5.53940000E-04  4.91644000E-04
2001-12-28T05:45:30.089 -7.56739000E-04  2.16232000E-04  4.90749000E-04
2001-12-28T05:45:31.085  2.97847000E-04  1.28950700E-03  1.76095000E-04
2001-12-28T05:45:32.089 -6.14804000E-04 -4.19359000E-04 -1.11630000E-04
2001-12-28T05:45:33.085  5.93623000E-04  5.11240000E-04  1.01630800E-03
2001-12-28T05:45:34.085  7.24975000E-04 -2.01811000E-04 -6.73283000E-04
2001-12-28T05:45:35.085  1.67593000E-04 -2.90326000E-04 -1.29876000E-04
2001-12-28T05:45:36.089  4.60343000E-04  8.14201000E-04  1.05874300E-03
2001-12-28T05:45:37.085 -1.25225200E-03 -5.72410000E-05 -1.13460000E-04
2001-12-28T05:45:38.089  3.66380000E-04  9.02404000E-04 -6.16054000E-04
2001-12-28T05:45:39.085 -5.50635000E-04  1.11928100E-03  1.32897000E-04
2001-12-28T05:45:40.085 -2.06958000E-04  6.05076000E-04  2.75550000E-04
2001-12-28T05:45:41.085  1.11525500E-03  2.84311000E-04  2.29881000E-04
2001-12-28T05:45:42.089 -3.33434000E-04 -3.35391000E-04 -2.21988000E-04
2001-12-28T05:45:43.085  4.80155000E-04  7.92771000E-04 -4.50499000E-04
2001-12-28T05:45:44.085 -6.67372000E-04 -6.64549000E-04 -8.59780000E-05
2001-12-28T05:45:45.093  5.81614000E-04  6.76424000E-04  1.09577900E-03
2001-12-28T05:45:46.089 -1.59225000E-04  4.12994000E-04 -4.63433000E-04
2001-12-28T05:45:47.085 -4.68856000E-04  9.73777000E-04 -6.24220000E-05
2001-12-28T05:45:48.089  2.93670000E-04  1.34648900E-03  5.80136000E-04
2001-12-28T05:45:49.085 -4.75459000E-04 -2.76693000E-04 -7.42500000E-05
2001-12-28T05:45:50.085  1.63181600E-03  8.95067000E-04 -8.00542000E-04
2001-12-28T05:45:51.085  2.93475000E-04 -8.27648000E-04  8.39330000E-05
2001-12-28T05:45:52.089  6.39665000E-04  3.81324000E-04  7.82827000E-04
2001-12-28T05:45:53.085 -9.42790000E-05  3.13964000E-04  1.37287000E-04
2001-12-28T05:45:54.085 -1.29530000E-05  3.12380000E-04  5.80780000E-05
2001-12-28T05:45:55.085  4.07206000E-04  1.41631500E-03  2.91024000E-04
2001-12-28T05:45:56.085 -1.52438300E-03  6.52810000E-04 -3.67660000E-05
2001-12-28T05:45:57.085  1.89179000E-04  4.81516000E-04  1.16226300E-03
2001-12-28T05:45:58.089 -7.38740000E-04 -5.07521000E-04 -3.29191000E-04
2001-12-28T05:45:59.085  1.00089000E-03  4.49004000E-04 -7.68360000E-04
2001-12-28T05:46:00.085 -8.81760000E-05 -6.61189000E-04  8.25981000E-04
2001-12-28T05:46:01.089  2.21619000E-04 -3.51300000E-06  1.23916800E-03
2001-12-28T05:46:02.089 -8.65600000E-05  2.54907000E-04  4.52560000E-05
2001-12-28T05:46:03.085 -6.61392000E-04  1.50786000E-04 -8.02192000E-04
2001-12-28T05:46:04.089  2.21067000E-04  9.83700000E-04 -3.35356000E-04
2001-12-28T05:46:05.085 -7.00487000E-04 -9.08879000E-04  1.15660000E-04
2001-12-28T05:46:06.085  1.74004200E-03  4.15110000E-05  1.44124000E-04
2001-12-28T05:46:07.085 -9.96839000E-04 -3.75863000E-04 -6.31670000E-04
2001-12-28T05:46:08.089  8.00842000E-04  5.74619000E-04  5.35721000E-04
2001-12-28T05:46:09.085 -8.34324000E-04 -1.22771000E-04  8.15820000E-04
2001-12-28T05:46:10.085 -2.61790000E-05  7.85777000E-04 -5.12910000E-04
2001-12-28T05:46:11.085 -4.07568000E-04 -1.58470000E-05 -7.13496000E-04
2001-12-28T05:46:12.085  2.78246000E-04 -2.96265000E-04  2.80021000E-04
2001-12-28T05:46:13.085  9.29221000E-04 -3.42928000E-04  1.80420000E-05
2001-12-28T05:46:14.089 -1.98357000E-04 -7.03599000E-04  4.59626000E-04
2001-12-28T05:46:15.085  9.92680000E-04  1.18239000E-03 -1.22315700E-03
2001-12-28T05:46:16.085 -1.14070900E-03 -1.63270000E-04 -1.70470000E-05
2001-12-28T05:46:17.089  5.09734000E-04  8.43003000E-04  4.42900000E-04
2001-12-28T05:46:18.089 -5.50761000E-04 -5.41501000E-04  1.83598000E-04
2001-12-28T05:46:19.085  9.84440000E-04  3.60512000E-04  2.48134000E-04
2001-12-28T05:46:20.089 -8.91847000E-04 -1.30360400E-03  4.10810000E-05
2001-12-28T05:46:21.085  3.97722000E-04  8.62234000E-04 -4.84735000E-04
2001-12-28T05:46:22.085 -5.48479000E-04 -5.07430000E-05 -5.61710000E-05
2001-12-28T05:46:23.085 -1.59644000E-04  1.02441700E-03  7.99807000E-04
2001-12-28T05:46:24.089  7.41426000E-04  7.01501000E-04 -5.92866000E-04
2001-12-28T05:46:25.085  2.10680000E-05 -7.33078000E-04  1.22691600E-03
2001-12-28T05:46:26.085  3.48451000E-04  2.55062000E-04  1.02299000E-03
2001-12-28T05:46:27.085 -4.49957000E-04 -2.67017000E-04 -2.33560000E-04
2001-12-28T05:46:28.085  3.64393000E-04  9.72617000E-04 -9.22168000E-04
2001-12-28T05:46:29.085 -8.80573000E-04 -6.19780000E-05  1.30732000E-03
2001-12-28T05:46:30.089  1.43198200E-03  7.55816000E-04  3.02070000E-04
2001-12-28T05:46:31.085 -4.86033000E-04 -7.25873000E-04  8.85200000E-06
2001-12-28T05:46:32.085  9.88779000E-04  8.53816000E-04 -3.63986000E-04
2001-12-28T05:46:33.093 -1.09553000E-03 -3.98203000E-04  2.28452000E-04
2001-12-28T05:46:34.089  2.80105000E-04  1.10164000E-03 -8.11036000E-04
2001-12-28T05:46:35.085 -5.17634000E-04 -1.15881400E-03 -2.54187000E-04
2001-12-28T05:46:36.089  8.77338000E-04  3.44092000E-04  6.89730000E-04
2001-12-28T05:46:37.085 -5.23825000E-04 -9.29845000E-04  1.14537800E-03
2001-12-28T05:46:38.085 -3.90210000E-05  4.53802000E-04  7.22060000E-05
2001-12-28T05:46:39.085 -2.23369000E-04  3.56510000E-04 -4.63631000E-04
2001-12-28T05:46:40.089 -3.42866000E-04  2.81677000E-04  3.68684000E-04
2001-12-28T05:46:41.085  7.38345000E-04 -1.98935000E-04  8.07545000E-04
2001-12-28T05:46:42.085  2.79991000E-04 -6.82042000E-04 -3.89620000E-05
2001-12-28T05:46:43.085  5.05267000E-04  4.60738000E-04 -4.90100000E-04
2001-12-28T05:46:44.085 -6.09461000E-04  5.96210000E-05  2.75223000E-04
2001-12-28T05:46:45.085 -3.80946000E-04  1.64992100E-03  3.79910000E-04
2001-12-28T05:46:46.089 -3.50732000E-04 -1.51711000E-04  5.24523000E-04
2001-12-28T05:46:47.085  5.20009000E-04  4.65260000E-05  4.65350000E-04
2001-12-28T05:46:48.085 -4.60687000E-04 -7.41008000E-04  7.10650000E-04
2001-12-28T05:46:49.089  5.06325000E-04  8.62544000E-04  1.29386000E-04
2001-12-28T05:46:50.089 -9.23727000E-04 -2.51026000E-04  3.87222000E-04
2001-12-28T05:46:51.085  6.15141000E-04  1.64074100E-03 -8.84120000E-04
2001-12-28T05:46:52.089 -1.61934900E-03 -4.80970000E-04  2.64681000E-04
2001-12-28T05:46:53.085  1.15932700E-03  2.84115000E-04  4.46602000E-04
2001-12-28T05:46:54.085 -5.27860000E-04 -1.13152400E-03 -2.38254000E-04
2001-12-28T05:46:55.085  7.22629000E-04  7.29408000E-04 -1.58444000E-04
2001-12-28T05:46:56.089 -1.41252100E-03 -8.67140000E-05  7.68890000E-04
2001-12-28T05:46:57.085  4.54366000E-04  1.15462400E-03  3.03643000E-04
2001-12-28T05:46:58.089 -5.03772000E-04 -8.12360000E-04 -4.19394000E-04
2001-12-28T05:46:59.085  7.00846000E-04 -8.54790000E-05  9.21250000E-05
2001-12-28T05:47:00.085 -3.09770000E-04  2.53009000E-04  5.91490000E-04
2001-12-28T05:47:01.085 -1.12437000E-04  5.67813000E-04  6.87196000E-04
2001-12-28T05:47:02.089 -5.81780000E-04  8.62681000E-04 -3.38272000E-04
2001-12-28T05:47:03.085 -3.96120000E-05 -8.35080000E-05 -4.11990000E-04
2001-12-28T05:47:04.085  1.64201400E-03 -1.32033000E-04  1.40781000E-04
2001-12-28T05:47:05.093  1.91862000E-04 -6.48857000E-04  1.69134000E-04
2001-12-28T05:47:06.089 -4.20072000E-04  9.81450000E-05  7.75420000E-05
2001-12-28T05:47:07.085 -8.08012000E-04  1.93208000E-04  1.53460000E-05
2001-12-28T05:47:08.089 -7.19070000E-05  9.68463000E-04  5.16967000E-04
2001-12-28T05:47:09.085 -3.48294000E-04 -2.94540000E-05  1.12046100E-03
2001-12-28T05:47:10.085  1.74360900E-03  6.48068000E-04 -6.55581000E-04
2001-12-28T05:47:11.085 -5.15021000E-04 -5.08926000E-04 -1.01101000E-04
2001-12-28T05:47:12.089  2.72123000E-04  5.68494000E-04  4.51551000E-04
2001-12-28T05:47:13.085 -1.20809500E-03  5.99521000E-04  2.49650000E-05
2001-12-28T05:47:14.085  9.39098000E-04  6.28763000E-04 -1.53499000E-04
2001-12-28T05:47:15.085 -7.08511000E-04 -9.75902000E-04 -7.89181000E-04
2001-12-28T05:47:16.085  1.12856100E-03  7.80050000E-05  7.88673000E-04
2001-12-28T05:47:17.085 -9.56098000E-04 -7.75073000E-04 -1.04720600E-03
2001-12-28T05:47:18.089  2.34841000E-04  1.32161600E-03  7.71730000E-05
2001-12-28T05:47:19.085 -1.33193300E-03  2.77550000E-05  5.65296000E-04
2001-12-28T05:47:20.085  2.53736000E-04  6.20690000E-04  9.34035000E-04
2001-12-28T05:47:21.089 -9.73120000E-04 -1.17844700E-03 -8.10730000E-05
2001-12-28T05:47:22.089  8.94463000E-04  1.23976000E-04 -4.61972000E-04
2001-12-28T05:47:23.085 -7.82137000E-04  1.34901000E-04  2.77851000E-04
2001-12-28T05:47:24.089  1.93416000E-04  1.22886500E-03  1.06759900E-03
2001-12-28T05:47:25.085 -1.12898300E-03 -2.99176000E-04  4.94684000E-04
2001-12-28T05:47:26.085  6.47187000E-04  4.29501000E-04  1.00492700E-03
2001-12-28T05:47:27.085  3.33030000E-05 -8.46350000E-04 -1.06834000E-04
2001-12-28T05:47:28.089  2.74225000E-04  4.73488000E-04  8.36637000E-04
2001-12-28T05:47:29.085 -8.40867000E-04  2.09083000E-04  1.46210000E-05
2001-12-28T05:47:30.085  3.00582000E-04  7.62970000E-05 -1.30032300E-03
2001-12-28T05:47:31.085 -1.11277000E-04  4.52386000E-04 -2.50026000E-04
2001-12-28T05:47:32.085  1.10396000E-04 -2.58313000E-04  1.59300500E-03
2001-12-28T05:47:33.085  5.10124000E-04 -7.65540000E-05  5.22517000E-04
2001-12-28T05:47:34.089 -6.67099000E-04 -7.00670000E-05 -7.20634000E-04
2001-12-28T05:47:35.085 -2.10371000E-04  1.41257100E-03 -1.03873600E-03
2001-12-28T05:47:36.085 -6.22963000E-04 -2.63027000E-04  3.12358000E-04
2001-12-28T05:47:37.089  1.36146700E-03  7.28659000E-04 -4.69365000E-04
2001-12-28T05:47:38.089 -2.14864000E-04 -7.82325000E-04  1.53500000E-06
2001-12-28T05:47:39.085  9.11600000E-04  1.35600000E-06  4.48020000E-05
2001-12-28T05:47:40.089 -9.89314000E-04 -4.26835000E-04  1.29397200E-03
2001-12-28T05:47:41.085  1.59040000E-05  1.07680000E-03  1.95834000E-04
2001-12-28T05:47:42.085 -7.78620000E-04 -4.21980000E-04  1.18884000E-04
2001-12-28T05:47:43.085  7.17934000E-04  3.50801000E-04 -1.10625000E-04
2001-12-28T05:47:44.089 -7.94568000E-04 -9.93086000E-04  3.00324000E-04
2001-12-28T05:47:45.085  1.04058700E-03  1.16368000E-03  8.63532000E-04
2001-12-28T05:47:46.085 -1.20602500E-03 -1.19084000E-04 -2.18936000E-04
2001-12-28T05:47:47.085  8.93489000E-04  7.97255000E-04 -2.26723000E-04
2001-12-28T05:47:48.085 -6.16374000E-04 -1.02111400E-03 -6.68870000E-05
2001-12-28T05:47:49.085  8.19326000E-04 -1.42563000E-04 -1.50876000E-04
2001-12-28T05:47:50.089 -5.66076000E-04 -1.10160400E-03  5.33630000E-05
2001-12-28T05:47:51.085 -2.01658000E-04  1.01451500E-03  5.26401000E-04
2001-12-28T05:47:52.085 -1.16758800E-03 -5.70915000E-04  1.65798000E-04
2001-12-28T05:47:53.092  9.08651000E-04  5.48373000E-04 -1.43925000E-04
2001-12-28T05:47:54.089 -1.34763900E-03 -1.23561900E-03 -4.67110000E-04
2001-12-28T05:47:55.085  1.41394300E-03  3.16016000E-04 -4.88661000E-04
2001-12-28T05:47:56.089 -1.11284500E-03 -5.88330000E-05  1.11430600E-03
2001-12-28T05:47:57.085  2.08209000E-04  1.29459400E-03  1.21064100E-03
2001-12-28T05:47:58.085  2.71500000E-06 -1.45238000E-04 -5.51347000E-04
2001-12-28T05:47:59.085  1.33948500E-03  2.12012000E-04 -1.58946000E-04
2001-12-28T05:48:00.089 -8.07899000E-04 -1.23876600E-03 -5.80740000E-04
2001-12-28T05:48:01.085  2.08392000E-04  5.82737000E-04  1.97528000E-04
2001-12-28T05:48:02.085 -1.09798400E-03 -4.70610000E-04  6.99730000E-04
2001-12-28T05:48:03.085  2.14145000E-04  9.99387000E-04 -4.68844000E-04
2001-12-28T05:48:04.085 -7.43630000E-04 -1.41130600E-03 -7.00918000E-04
2001-12-28T05:48:05.085  8.48640000E-04 -1.90903000E-04  7.59014000E-04
2001-12-28T05:48:06.089 -4.68547000E-04 -7.12400000E-04  2.53525000E-04
2001-12-28T05:48:07.085  4.73660000E-05  4.07679000E-04 -8.50379000E-04
2001-12-28T05:48:08.085 -9.78574000E-04  2.94048000E-04  1.43493000E-04
2001-12-28T05:48:09.089  2.85570000E-04  1.11370000E-05  9.93390000E-05
2001-12-28T05:48:10.089  4.00619000E-04 -3.05408000E-04  3.15490000E-05
2001-12-28T05:48:11.085  5.17579000E-04 -1.77997000E-04  9.50100000E-05
2001-12-28T05:48:12.089  2.53789000E-04  8.19570000E-05  3.08914000E-04
2001-12-28T05:48:13.085 -8.13651000E-04  4.38024000E-04  7.55411000E-04
2001-12-28T05:48:14.085 -2.41032000E-04  7.91014000E-04  3.49543000E-04
2001-12-28T05:48:15.085 -1.31757000E-04 -7.77941000E-04 -8.09160000E-04
2001-12-28T05:48:16.089  1.74849200E-03  3.26397000E-04 -5.74340000E-05
2001-12-28T05:48:17.085 -5.55842000E-04 -4.72110000E-04  2.18605000E-04
2001-12-28T05:48:18.089  1.97190000E-05  5.11597000E-04  7.40421000E-04
2001-12-28T05:48:19.085 -1.03891700E-03 -6.84000000E-06 -1.56127600E-03
2001-12-28T05:48:20.085  1.18020700E-03  1.10472900E-03 -1.03971900E-03
2001-12-28T05:48:21.085 -3.59069000E-04 -1.13823900E-03  2.81401000E-04
2001-12-28T05:48:22.089  1.58652300E-03  7.75572000E-04  5.64650000E-04
2001-12-28T05:48:23.085 -8.06322000E-04 -5.06443000E-04  2.46128000E-04
2001-12-28T05:48:24.085  3.31686000E-04  1.45402500E-03 -4.81391000E-04
2001-12-28T05:48:25.092 -1.16781100E-03 -3.70220000E-05  6.14714000E-04
2001-12-28T05:48:26.089  9.19400000E-04  1.10060000E-04  2.34729000E-04
2001-12-28T05:48:27.085 -1.20305400E-03 -1.56919600E-03 -8.84360000E-05
2001-12-28T05:48:28.089  9.38567000E-04  2.22493000E-04 -3.52827000E-04
2001-12-28T05:48:29.085 -9.43468000E-04  1.86582000E-04 -4.36690000E-05
2001-12-28T05:48:30.085  1.24085000E-04  9.05048000E-04  1.02874600E-03
2001-12-28T05:48:31.085 -5.57823000E-04 -3.59967000E-04  7.66000000E-07
2001-12-28T05:48:32.089  7.73097000E-04  2.52036000E-04 -1.51382000E-04
2001-12-28T05:48:33.085 -2.87484000E-04 -5.35540000E-04  1.12600700E-03
2001-12-28T05:48:34.085  3.06238000E-04  3.51909000E-04  1.00741500E-03
2001-12-28T05:48:35.085 -7.95078000E-04  8.25900000E-06 -1.62842000E-04
2001-12-28T05:48:36.085  6.09140000E-04 -5.91574000E-04 -9.12713000E-04
2001-12-28T05:48:37.085  1.82606000E-04 -6.94391000E-04 -7.42738000E-04
2001-12-28T05:48:38.089 -1.75206000E-04  1.48561000E-04  2.82644000E-04
2001-12-28T05:48:39.085 -3.03430000E-05  2.62686000E-04 -1.20957000E-04
2001-12-28T05:48:40.085 -7.86254000E-04  2.99174000E-04 -5.39588000E-04
2001-12-28T05:48:41.088 -2.96195000E-04  1.25366000E-04  2.46594000E-04
2001-12-28T05:48:42.088 -1.26369000E-04 -3.27360000E-04  1.56617000E-04
2001-12-28T05:48:43.085 -2.05905000E-04 -4.64420000E-04  5.83165000E-04
2001-12-28T05:48:44.088 -4.16502000E-04 -3.93747000E-04 -4.29696000E-04
2001-12-28T05:48:45.085 -8.17155000E-04 -5.25400000E-06 -5.11918000E-04
2001-12-28T05:48:46.085 -1.28296600E-03  1.94098000E-04 -5.72658000E-04
2001-12-28T05:48:47.085  1.03084600E-03  4.89836000E-04 -2.12787000E-04
2001-12-28T05:48:48.088 -2.19110000E-04 -9.80002000E-04  1.10328300E-03
2001-12-28T05:48:49.085  1.37583600E-03  4.20220000E-04 -6.20468000E-04
2001-12-28T05:48:50.085 -9.73266000E-04 -4.49915000E-04 -6.66921000E-04
2001-12-28T05:48:51.085  1.04126700E-03  1.38043100E-03 -1.07906000E-04
2001-12-28T05:48:52.085 -1.67331100E-03 -1.28260000E-04  5.27163000E-04
2001-12-28T05:48:53.085  7.41470000E-04  5.32336000E-04 -2.91794000E-04
2001-12-28T05:48:54.088 -9.22451000E-04 -8.16331000E-04  5.06877000E-04
2001-12-28T05:48:55.085  1.10773900E-03  3.88252000E-04  9.57715000E-04
2001-12-28T05:48:56.085 -5.08446000E-04 -6.40084000E-04  7.10546000E-04
2001-12-28T05:48:57.088  2.27333000E-04  1.17303000E-03  4.64828000E-04
2001-12-28T05:48:58.088 -1.36510800E-03 -5.32511000E-04  4.19161000E-04
2001-12-28T05:48:59.085  7.55951000E-04  5.18705000E-04  6.58511000E-04
2001-12-28T05:49:00.088 -6.48728000E-04 -1.84056500E-03 -1.35233000E-04
2001-12-28T05:49:01.085  1.10833400E-03  4.92591000E-04 -4.09215000E-04
2001-12-28T05:49:02.085 -1.29209400E-03  2.19180000E-04  3.50100000E-04
2001-12-28T05:49:03.085 -2.67550000E-05  1.29495800E-03  1.86579000E-04
2001-12-28T05:49:04.088 -8.89314000E-04  9.50500000E-05  8.62940000E-05
2001-12-28T05:49:05.085  8.86524000E-04 -5.57610000E-05 -7.49430000E-04
2001-12-28T05:49:06.085  1.08884000E-04 -3.07925000E-04 -3.69917000E-04
2001-12-28T05:49:07.085  3.01347000E-04  8.51203000E-04  4.82444000E-04
2001-12-28T05:49:08.085 -4.84518000E-04  1.02020600E-03  4.90210000E-05
2001-12-28T05:49:09.085  2.43637000E-04  1.14805000E-04 -4.69809000E-04
2001-12-28T05:49:10.088 -9.04620000E-05 -3.25495000E-04 -9.38385000E-04
2001-12-28T05:49:11.085  4.04472000E-04 -6.84811000E-04  6.81544000E-04
2001-12-28T05:49:12.085 -4.21194000E-04 -5.06218000E-04  1.74169000E-04
2001-12-28T05:49:13.092 -2.76715000E-04  5.43140000E-04  9.20000000E-07
2001-12-28T05:49:14.088 -7.74834000E-04  4.25420000E-05 -4.49947000E-04
2001-12-28T05:49:15.085  3.66549000E-04 -3.40412000E-04 -2.90177000E-04
2001-12-28T05:49:16.088 -2.33708000E-04 -3.73564000E-04  3.35697000E-04
2001-12-28T05:49:17.085  1.40526000E-04 -3.60826000E-04  8.66028000E-04
2001-12-28T05:49:18.085 -2.10761800E-03 -1.84885000E-03 -3.40882000E-03
2001-12-28T05:49:19.085 -3.41647100E-03  6.52330100E-03 -1.03023200E-03
2001-12-28T05:49:20.085 -3.60203500E-03  5.92223000E-04  3.13295100E-03
2001-12-28T05:49:21.085  2.94177500E-03 -1.85075400E-03  4.66459000E-04
2001-12-28T05:49:22.085 -1.77981000E-04 -5.74646900E-03 -7.30061700E-03
2001-12-28T05:49:23.085 -6.09544100E-03 -4.46584400E-03 -9.47247000E-04
2001-12-28T05:49:24.085  8.17354000E-04  7.21144100E-03  3.65926500E-03
2001-12-28T05:49:25.085 -8.76928100E-03 -6.01731000E-04  2.71028500E-03
2001-12-28T05:49:26.085  2.21887900E-03  9.64647500E-03 -7.40813000E-03
2001-12-28T05:49:27.085 -4.08404200E-03 -1.16053540E-02  2.69021500E-03
2001-12-28T05:49:28.085  1.02596460E-02  1.33256000E-03  2.56620200E-03
2001-12-28T05:49:29.088 -3.90008700E-03 -9.01217900E-03 -3.99876200E-03
2001-12-28T05:49:30.085  4.03056200E-03  1.03200530E-02 -6.16531400E-03
2001-12-28T05:49:31.085 -8.55600500E-03 -1.14110100E-03 -3.34179100E-03
2001-12-28T05:49:32.085  6.71017600E-03  5.25320800E-03  3.55967900E-03
2001-12-28T05:49:33.085 -2.00650900E-03 -9.87133400E-03 -1.12075400E-03
2001-12-28T05:49:34.085  7.90138000E-03  1.15708600E-03  7.91613000E-04
2001-12-28T05:49:35.085 -8.60100200E-03 -5.46915600E-03  2.48136000E-03
2001-12-28T05:49:36.085  8.61345000E-04  9.09733100E-03  5.79962000E-03
2001-12-28T05:49:37.085 -7.65446600E-03 -5.02959800E-03 -3.33675000E-04
2001-12-28T05:49:38.085  5.58418500E-03  4.78020500E-03 -4.24083400E-03
2001-12-28T05:49:39.085 -1.91794000E-03 -7.81705500E-03 -7.39561400E-03
2001-12-28T05:49:40.085  4.57785400E-03  2.36177900E-03  8.74203000E-04
2001-12-28T05:49:41.085 -8.54376100E-03 -1.09762900E-03  7.20874300E-03
2001-12-28T05:49:42.085  1.82162100E-03  8.73962900E-03 -4.34539300E-03
2001-12-28T05:49:43.085 -2.40177400E-03 -1.97587400E-03  9.72345000E-04
2001-12-28T05:49:44.085  4.58526600E-03  2.15544800E-03  1.57483700E-03
2001-12-28T05:49:45.092  1.61716000E-04 -5.20401400E-03  1.78198500E-03
2001-12-28T05:49:46.085  3.60812500E-03  5.07911700E-03 -1.30457800E-03
2001-12-28T05:49:47.085 -6.97618300E-03  4.00921700E-03  6.14405000E-04
2001-12-28T05:49:48.085  2.58887000E-03  7.73470500E-03  4.96896800E-03
2001-12-28T05:49:49.084  1.07778300E-03 -4.23426400E-03  6.68655600E-03
2001-12-28T05:49:50.084  2.03866600E-03 -4.53210000E-04  4.37237500E-03
2001-12-28T05:49:51.084 -3.04567900E-03 -2.78100000E-06 -7.14520600E-03
2001-12-28T05:49:52.084 -5.74539200E-03  5.10402300E-03  5.07044600E-03
2001-12-28T05:49:53.084 -1.42680500E-03  2.57051900E-03  3.81481000E-04
2001-12-28T05:49:54.084  3.31677500E-03 -2.13369000E-04 -1.07146000E-04
2001-12-28T05:49:55.084  1.04854000E-03 -2.00343200E-03 -3.52816600E-03
2001-12-28T05:49:56.084 -5.35450000E-05 -5.08833800E-03 -4.32524000E-04
2001-12-28T05:49:57.084 -4.26272000E-03  2.22420800E-03  5.80134100E-03
2001-12-28T05:49:58.084 -2.03399900E-03  6.99994600E-03  6.48066300E-03
2001-12-28T05:49:59.084  3.41950600E-03  3.95633900E-03 -4.44189600E-03
2001-12-28T05:50:00.084  5.73592000E-04 -1.94951000E-03 -2.61226700E-03
2001-12-28T05:50:01.088  3.97153200E-03 -3.48770600E-03  2.32896300E-03
2001-12-28T05:50:02.084  1.86990000E-04  1.24538600E-03 -5.03236000E-04
2001-12-28T05:50:03.084 -2.09552600E-03  9.57446500E-03 -5.57206700E-03
2001-12-28T05:50:04.084 -7.27251300E-03 -1.27534400E-03  4.06402700E-03
2001-12-28T05:50:05.084  5.65912200E-03  5.67004600E-03  3.80653500E-03
2001-12-28T05:50:06.084  6.74920000E-05 -5.02704700E-03 -9.06684700E-03
2001-12-28T05:50:07.084  1.10278940E-02  2.54548400E-03  3.35631800E-03
2001-12-28T05:50:08.084 -1.09307710E-02 -2.28094500E-03  5.73167300E-03
2001-12-28T05:50:09.084  1.32635400E-03  4.33604100E-03  2.25808500E-03
2001-12-28T05:50:10.084 -5.08532300E-03 -6.41713400E-03 -4.33622600E-03
2001-12-28T05:50:11.084  1.18648890E-02  9.50560000E-04 -6.45655600E-03
2001-12-28T05:50:12.084 -5.84259500E-03 -7.61839600E-03  1.98831800E-03
2001-12-28T05:50:13.084 -9.59162000E-04  8.07089500E-03  3.83466200E-03
2001-12-28T05:50:14.084 -1.01570240E-02  1.82412600E-03 -3.18608200E-03
2001-12-28T05:50:15.084  3.28775400E-03  1.11036530E-02  2.17735700E-03
2001-12-28T05:50:16.084 -7.74678100E-03 -7.59674500E-03  4.59564200E-03
2001-12-28T05:50:17.088  9.56011000E-03  1.46209800E-03  5.71817500E-03
2001-12-28T05:50:18.084 -5.18725700E-03 -6.65746400E-03  4.47823900E-03
