2002-01-05T00:29:22.566 -9.82356000E-04 -9.24594000E-04  7.88040000E-05
2002-01-05T00:29:23.566  4.63908000E-04 -1.67792000E-04 -1.22331500E-03
2002-01-05T00:29:24.566 -1.06128000E-04 -1.08188900E-03  1.73196200E-03
2002-01-05T00:29:25.566  4.06570000E-04  2.28615000E-04 -3.82281000E-04
2002-01-05T00:29:26.574 -1.15001000E-03  1.27056000E-04 -3.62910000E-05
2002-01-05T00:29:27.566 -9.46020000E-05  1.01338500E-03  2.82850000E-04
2002-01-05T00:29:28.566  4.48095000E-04 -1.26895900E-03  3.78411000E-04
2002-01-05T00:29:29.566  1.29841200E-03 -9.07790000E-05  3.30161000E-04
2002-01-05T00:29:30.570 -3.56803000E-04 -2.36145000E-04 -4.07430000E-04
2002-01-05T00:29:31.566  2.22511000E-04  1.21089700E-03  3.39644000E-04
2002-01-05T00:29:32.566 -8.00709000E-04  2.12200000E-06 -8.67467000E-04
2002-01-05T00:29:33.566  3.82106000E-04  8.42889000E-04  7.05185000E-04
2002-01-05T00:29:34.566  1.62424000E-04 -1.23138900E-03 -1.84392000E-04
2002-01-05T00:29:35.566  4.73779000E-04  3.91368000E-04 -2.20446000E-04
2002-01-05T00:29:36.566 -1.17843500E-03 -1.60079000E-04 -1.09271000E-04
2002-01-05T00:29:37.570  8.10032000E-04  1.12318200E-03 -1.43015000E-04
2002-01-05T00:29:38.566  5.39110000E-05 -1.13531500E-03 -2.52781000E-04
2002-01-05T00:29:39.566  1.32508900E-03  3.70330000E-05 -1.23967400E-03
2002-01-05T00:29:40.570 -3.34163000E-04 -6.36402000E-04  4.03801000E-04
2002-01-05T00:29:41.566  4.78984000E-04  5.36912000E-04 -3.63669000E-04
2002-01-05T00:29:42.574 -5.08877000E-04  1.73663000E-04  9.56768000E-04
2002-01-05T00:29:43.566  8.07952000E-04  3.70005000E-04 -1.05925000E-03
2002-01-05T00:29:44.566 -2.02493000E-04 -6.53041000E-04  7.66843000E-04
2002-01-05T00:29:45.566  7.53683000E-04  1.18914000E-04 -7.13970000E-05
2002-01-05T00:29:46.566 -3.79246000E-04 -2.12320000E-05 -4.95579000E-04
2002-01-05T00:29:47.566  2.84120000E-04  9.51084000E-04  1.11247200E-03
2002-01-05T00:29:48.566 -3.31733000E-04 -3.73527000E-04 -2.71916000E-04
2002-01-05T00:29:49.566  1.20425500E-03 -5.68435000E-04  8.42553000E-04
2002-01-05T00:29:50.566  2.58598000E-04 -6.80704000E-04 -7.28841000E-04
2002-01-05T00:29:51.566  1.09735000E-04  2.21492000E-04  4.65518000E-04
2002-01-05T00:29:52.566 -5.43767000E-04  1.46826000E-04 -4.55064000E-04
2002-01-05T00:29:53.570 -1.08667500E-03  2.57313000E-04 -3.25609000E-04
2002-01-05T00:29:54.566  1.18310000E-05 -1.46400000E-04 -1.65582000E-04
2002-01-05T00:29:55.566  4.95404000E-04 -5.49716000E-04  1.34261000E-04
2002-01-05T00:29:56.566  2.14169000E-04 -1.46633000E-04  5.11377000E-04
2002-01-05T00:29:57.566 -7.50806000E-04 -4.05300000E-05 -3.29030000E-05
2002-01-05T00:29:58.574 -3.49413000E-04  4.35291000E-04 -7.17980000E-05
2002-01-05T00:29:59.566 -3.41330000E-04  2.78819000E-04 -1.05626600E-03
2002-01-05T00:30:00.566  7.55891000E-04 -5.29784000E-04  1.28740000E-05
2002-01-05T00:30:01.566 -4.08811000E-04 -1.01570500E-03 -4.70149000E-04
2002-01-05T00:30:02.566 -1.22724000E-04  4.94564000E-04  7.24726000E-04
2002-01-05T00:30:03.566 -7.19718000E-04  4.79130000E-05 -3.48949000E-04
2002-01-05T00:30:04.566  1.14509000E-04  2.43303000E-04  1.05569300E-03
2002-01-05T00:30:05.566  6.71475000E-04 -6.08843000E-04 -9.91063000E-04
2002-01-05T00:30:06.566  7.28094000E-04 -3.62417000E-04  8.20331000E-04
2002-01-05T00:30:07.566 -2.37951000E-04  3.29439000E-04 -1.90903000E-04
2002-01-05T00:30:08.566 -4.15248000E-04  9.44389000E-04  1.23652000E-04
2002-01-05T00:30:09.570  2.43573000E-04 -2.59739000E-04  9.15960000E-05
2002-01-05T00:30:10.566  5.07457000E-04 -4.81547000E-04  1.95170000E-05
2002-01-05T00:30:11.566  4.60436000E-04 -1.13600200E-03 -1.07834000E-04
2002-01-05T00:30:12.566  8.03672000E-04  9.44580000E-05  4.02500000E-05
2002-01-05T00:30:13.566 -9.64778000E-04 -2.91998000E-04  9.80870000E-05
2002-01-05T00:30:14.574  9.08600000E-05  5.30744000E-04 -8.21725000E-04
2002-01-05T00:30:15.566  2.39376000E-04 -9.94539000E-04  5.01092000E-04
2002-01-05T00:30:16.566  1.24951600E-03 -4.79461000E-04 -6.78383000E-04
2002-01-05T00:30:17.566 -2.03780000E-04 -4.98174000E-04  2.64211000E-04
2002-01-05T00:30:18.566 -2.01390000E-05  8.76272000E-04  6.05450000E-05
2002-01-05T00:30:19.566 -8.72707000E-04 -1.65469000E-04  5.34846000E-04
2002-01-05T00:30:20.566  3.99954000E-04  4.92659000E-04 -2.18296000E-04
2002-01-05T00:30:21.566 -4.98950000E-05 -4.77139000E-04 -9.74418000E-04
2002-01-05T00:30:22.566  6.51806000E-04 -1.71685000E-04 -9.95220000E-05
2002-01-05T00:30:23.566 -7.93831000E-04 -3.48441000E-04 -1.03301100E-03
2002-01-05T00:30:24.566 -5.26281000E-04  7.12883000E-04  8.85837000E-04
2002-01-05T00:30:25.570 -1.18662300E-03 -1.40545000E-04  5.58359000E-04
2002-01-05T00:30:26.566  4.98012000E-04  3.90750000E-05 -1.35683000E-04
2002-01-05T00:30:27.566 -2.93542000E-04 -1.51756800E-03  2.29461000E-04
2002-01-05T00:30:28.566  2.40191000E-04  6.38173000E-04 -1.51506000E-04
2002-01-05T00:30:29.566 -1.37564900E-03  1.46435000E-04 -1.30735000E-04
2002-01-05T00:30:30.574  3.78002000E-04  7.19649000E-04 -5.49237000E-04
2002-01-05T00:30:31.566 -7.54318000E-04 -1.54748000E-03  4.28340000E-05
2002-01-05T00:30:32.566  1.23521300E-03  4.36426000E-04  7.19660000E-05
2002-01-05T00:30:33.566 -4.99529000E-04 -5.38542000E-04 -6.23330000E-04
2002-01-05T00:30:34.566  6.93930000E-04  9.85890000E-04  4.70085000E-04
2002-01-05T00:30:35.566 -9.81832000E-04 -8.40252000E-04 -9.87485000E-04
2002-01-05T00:30:36.566  1.19429800E-03  4.66877000E-04 -6.02700000E-05
2002-01-05T00:30:37.566 -3.84552000E-04 -1.40283800E-03  1.33944000E-04
2002-01-05T00:30:38.566  7.81810000E-04  9.58891000E-04  1.38159800E-03
2002-01-05T00:30:39.566 -1.05993200E-03 -4.71848000E-04 -6.55055000E-04
2002-01-05T00:30:40.570  1.03484000E-03  1.05238200E-03  6.25091000E-04
2002-01-05T00:30:41.570 -1.03302800E-03 -9.00773000E-04  5.97050000E-05
2002-01-05T00:30:42.566  1.32257600E-03 -1.20916000E-04  3.41417000E-04
2002-01-05T00:30:43.566 -8.01213000E-04 -7.62356000E-04  8.51168000E-04
2002-01-05T00:30:44.566  4.71151000E-04  7.41547000E-04  1.23860000E-05
2002-01-05T00:30:45.566 -9.61340000E-04 -1.06826500E-03  2.07000000E-07
2002-01-05T00:30:46.574  9.33999000E-04  8.25455000E-04 -5.31400000E-05
2002-01-05T00:30:47.566 -4.20410000E-04 -1.16386800E-03  1.02418000E-03
2002-01-05T00:30:48.566  5.49249000E-04  6.86968000E-04 -6.40135000E-04
2002-01-05T00:30:49.566 -1.24006000E-03 -1.16952000E-04  1.38632200E-03
2002-01-05T00:30:50.570  2.85734000E-04  1.32001400E-03 -1.87953800E-03
2002-01-05T00:30:51.566 -7.95951000E-04 -2.73522000E-04  1.10118600E-03
2002-01-05T00:30:52.566  1.48555800E-03 -5.01910000E-05 -4.44030000E-05
2002-01-05T00:30:53.566 -1.19796000E-04 -8.41207000E-04  3.62330000E-05
2002-01-05T00:30:54.566  5.44944000E-04  9.50527000E-04 -8.70391000E-04
2002-01-05T00:30:55.566 -1.15688700E-03  3.75731000E-04  8.20100000E-05
2002-01-05T00:30:56.566 -3.84226000E-04 -7.94190000E-05  2.20100000E-04
2002-01-05T00:30:57.570  3.06754000E-04 -5.89458000E-04 -8.65000000E-06
2002-01-05T00:30:58.566  4.43051000E-04 -5.97751000E-04  2.21556000E-04
2002-01-05T00:30:59.566 -1.47740000E-05 -8.68380000E-05 -3.80720000E-05
2002-01-05T00:31:00.566 -5.06707000E-04  1.82377000E-04  6.08852000E-04
2002-01-05T00:31:01.566 -1.95700000E-04  5.29142000E-04  1.12665000E-04
2002-01-05T00:31:02.574 -8.22524000E-04  6.06514000E-04 -7.86945000E-04
2002-01-05T00:31:03.566  6.85596000E-04 -5.39417000E-04 -5.14931000E-04
2002-01-05T00:31:04.566  9.26854000E-04  2.72213000E-04  9.69710000E-05
2002-01-05T00:31:05.566 -1.38580000E-04  9.77847000E-04 -2.70495000E-04
2002-01-05T00:31:06.566 -1.01771500E-03 -1.62537000E-04 -8.15472000E-04
2002-01-05T00:31:07.566 -4.53580000E-05  1.06003900E-03  8.05969000E-04
2002-01-05T00:31:08.566 -5.67018000E-04 -9.55974000E-04  2.63350000E-05
2002-01-05T00:31:09.566  7.78336000E-04 -1.91046000E-04  1.96560000E-04
2002-01-05T00:31:10.566 -6.61680000E-05  5.99478000E-04 -6.63760000E-05
2002-01-05T00:31:11.566 -1.61389000E-04  7.62867000E-04  8.32400000E-06
2002-01-05T00:31:12.566 -3.06443000E-04 -6.59881000E-04 -6.85360000E-05
2002-01-05T00:31:13.570  1.52928100E-03 -2.72564000E-04 -7.47614000E-04
2002-01-05T00:31:14.566 -6.82562000E-04 -1.51561600E-03 -3.70965000E-04
2002-01-05T00:31:15.566  8.63370000E-05  8.51535000E-04  1.55267000E-04
2002-01-05T00:31:16.566 -1.52909100E-03 -2.56798000E-04 -8.09911000E-04
2002-01-05T00:31:17.566  5.07877000E-04  5.32427000E-04 -7.29100000E-06
2002-01-05T00:31:18.574 -3.71169000E-04 -7.37066000E-04  1.18646000E-04
2002-01-05T00:31:19.566  1.37580300E-03  6.17097000E-04 -8.53100000E-06
2002-01-05T00:31:20.566 -4.47118000E-04 -8.78546000E-04  9.51610000E-04
2002-01-05T00:31:21.566  3.47122000E-04  1.18634900E-03  1.51354000E-04
2002-01-05T00:31:22.566 -9.48446000E-04  1.34434000E-04 -6.60468000E-04
2002-01-05T00:31:23.566  9.64372000E-04  4.94998000E-04 -2.79068000E-04
2002-01-05T00:31:24.566 -6.27141000E-04 -1.44590400E-03  9.61773000E-04
2002-01-05T00:31:25.566  1.08877600E-03  7.69422000E-04 -8.25179000E-04
2002-01-05T00:31:26.566 -1.47051900E-03 -5.38154000E-04 -8.82190000E-05
2002-01-05T00:31:27.566  8.32470000E-05  1.43557300E-03 -4.95925000E-04
2002-01-05T00:31:28.566 -1.09877500E-03 -6.63800000E-04  7.04297000E-04
2002-01-05T00:31:29.570  5.84715000E-04 -3.15272000E-04 -5.47357000E-04
2002-01-05T00:31:30.566 -5.31224000E-04 -1.21961700E-03 -2.29460000E-04
2002-01-05T00:31:31.566  9.94125000E-04  1.12154800E-03 -1.12559200E-03
2002-01-05T00:31:32.566 -1.13761600E-03 -4.38280000E-05  3.12288000E-04
2002-01-05T00:31:33.566  6.25428000E-04  6.87527000E-04  2.19977000E-04
2002-01-05T00:31:34.574  7.76240000E-05 -1.17463500E-03 -1.18326100E-03
2002-01-05T00:31:35.566  3.59583000E-04 -2.98424000E-04  1.35612100E-03
2002-01-05T00:31:36.566 -3.92873000E-04 -2.97839000E-04 -6.43450000E-05
2002-01-05T00:31:37.566 -1.60458000E-04  7.31350000E-04  7.26365000E-04
2002-01-05T00:31:38.566 -4.00992000E-04 -4.29523000E-04 -5.92520000E-04
2002-01-05T00:31:39.566  8.35762000E-04 -3.04158000E-04  3.96830000E-04
2002-01-05T00:31:40.566  1.23720000E-04 -6.81699000E-04  6.08290000E-05
2002-01-05T00:31:41.566  2.91641000E-04  9.47910000E-05  3.50759000E-04
2002-01-05T00:31:42.566 -8.15523000E-04  1.96224000E-04 -3.37897000E-04
2002-01-05T00:31:43.566 -9.03300000E-06  7.28101000E-04 -7.28005000E-04
2002-01-05T00:31:44.566 -3.51037000E-04 -5.57003000E-04  7.76023000E-04
2002-01-05T00:31:45.570  1.37489100E-03  3.14410000E-05 -2.94554000E-04
2002-01-05T00:31:46.566 -3.77107000E-04 -5.77949000E-04 -3.76890000E-05
2002-01-05T00:31:47.566  6.81306000E-04  5.22971000E-04 -1.66037000E-04
2002-01-05T00:31:48.566 -8.72140000E-04 -4.68100000E-05  6.00945000E-04
2002-01-05T00:31:49.566  1.09727500E-03  5.25614000E-04  6.62611000E-04
2002-01-05T00:31:50.574 -7.22536000E-04 -5.53981000E-04 -1.25303000E-04
2002-01-05T00:31:51.566  1.40531700E-03  6.21227000E-04  4.24327000E-04
2002-01-05T00:31:52.566 -1.03579200E-03 -4.36083000E-04 -7.10530000E-05
2002-01-05T00:31:53.566  5.48083000E-04  1.28077800E-03  1.69988000E-04
2002-01-05T00:31:54.566 -9.12734000E-04 -3.68491000E-04 -4.96060000E-05
2002-01-05T00:31:55.566  1.18642300E-03  3.79055000E-04  6.81054000E-04
2002-01-05T00:31:56.566 -5.76353000E-04 -1.55089900E-03 -4.25514000E-04
2002-01-05T00:31:57.566  8.75060000E-04  1.05490100E-03  7.15661000E-04
2002-01-05T00:31:58.566 -8.43381000E-04  3.06877000E-04 -1.16528100E-03
2002-01-05T00:31:59.566  9.92742000E-04  8.41117000E-04  4.82636000E-04
2002-01-05T00:32:00.566 -1.44384000E-04 -1.39498600E-03  6.62890000E-05
2002-01-05T00:32:01.570  1.56728200E-03 -4.86500000E-05 -7.98400000E-05
2002-01-05T00:32:02.566 -4.68280000E-05 -4.52196000E-04 -7.19630000E-04
2002-01-05T00:32:03.566  6.39929000E-04  1.60242700E-03 -8.72755000E-04
2002-01-05T00:32:04.566 -1.30884100E-03 -3.88366000E-04  5.59600000E-05
2002-01-05T00:32:05.566  1.05396000E-03  1.07702500E-03 -4.65230000E-05
2002-01-05T00:32:06.574 -7.95486000E-04 -1.36400400E-03  5.91831000E-04
2002-01-05T00:32:07.566  1.04985100E-03  3.26653000E-04 -7.17786000E-04
2002-01-05T00:32:08.566 -1.45429800E-03 -2.91915000E-04 -3.35108000E-04
2002-01-05T00:32:09.566  4.39127000E-04  1.31893800E-03 -5.88827000E-04
2002-01-05T00:32:10.570 -1.07604700E-03 -6.52269000E-04  5.83482000E-04
2002-01-05T00:32:11.566  1.25231800E-03 -9.36820000E-05  1.90984000E-04
2002-01-05T00:32:12.566 -9.59855000E-04 -1.19013300E-03 -2.84023000E-04
2002-01-05T00:32:13.566  4.12404000E-04  9.17139000E-04  6.34243000E-04
2002-01-05T00:32:14.566 -4.45181000E-04  3.14518000E-04 -2.34360000E-04
2002-01-05T00:32:15.566 -8.05340000E-05  9.77521000E-04 -7.06070000E-05
2002-01-05T00:32:16.566  1.44146000E-04  1.27274000E-04  2.59700000E-04
2002-01-05T00:32:17.570  8.61960000E-04 -1.56287000E-04 -3.62496000E-04
2002-01-05T00:32:18.566 -7.11151000E-04 -8.82315000E-04 -2.84970000E-04
2002-01-05T00:32:19.566  3.42477000E-04  6.33508000E-04  1.57035000E-04
2002-01-05T00:32:20.566 -5.89037000E-04  8.30835000E-04  2.49581000E-04
2002-01-05T00:32:21.566  1.98195000E-04  5.83204000E-04  6.05729000E-04
2002-01-05T00:32:22.574  6.26066000E-04  1.92734000E-04 -1.72806300E-03
2002-01-05T00:32:23.566  6.35950000E-04 -6.64182000E-04  3.52354000E-04
2002-01-05T00:32:24.566 -1.89357000E-04 -3.93431000E-04  3.40449000E-04
2002-01-05T00:32:25.566 -3.94033000E-04  5.02007000E-04  1.34872000E-04
2002-01-05T00:32:26.566 -5.04516000E-04  8.40750000E-04  4.71170000E-04
2002-01-05T00:32:27.566 -2.96390000E-04 -1.83884000E-04 -3.05895000E-04
2002-01-05T00:32:28.566  7.59988000E-04 -1.03221400E-03  4.39661000E-04
2002-01-05T00:32:29.566 -3.93680000E-05 -8.04324000E-04 -4.85328000E-04
2002-01-05T00:32:30.566  4.54525000E-04  9.18087000E-04  4.58665000E-04
2002-01-05T00:32:31.566 -7.70675000E-04  1.15416000E-04  7.97654000E-04
2002-01-05T00:32:32.566 -7.65338000E-04  6.33396000E-04  5.86514000E-04
2002-01-05T00:32:33.570 -3.21375000E-04 -3.94579000E-04 -1.48475300E-03
2002-01-05T00:32:34.566  5.00220000E-04  4.19154000E-04  1.28007300E-03
2002-01-05T00:32:35.566 -7.03600000E-05 -9.15376000E-04 -4.61955000E-04
2002-01-05T00:32:36.566  8.75573000E-04  9.46502000E-04  7.18250000E-04
2002-01-05T00:32:37.566 -8.37040000E-04  5.26600000E-06 -4.95698000E-04
2002-01-05T00:32:38.574  5.35046000E-04  7.76156000E-04  9.42175000E-04
2002-01-05T00:32:39.566 -1.71959000E-04 -8.82533000E-04 -6.20687000E-04
2002-01-05T00:32:40.566  9.28783000E-04  2.44529000E-04  1.05000000E-05
2002-01-05T00:32:41.566 -3.42816000E-04 -7.63708000E-04  4.23372000E-04
2002-01-05T00:32:42.566 -1.35395000E-04  9.77940000E-04  5.05198000E-04
2002-01-05T00:32:43.566 -8.31326000E-04 -2.30030000E-05  9.01754000E-04
2002-01-05T00:32:44.566  1.15007600E-03  8.19461000E-04 -1.34731000E-04
2002-01-05T00:32:45.566  1.22272000E-04 -1.28295100E-03  5.68591000E-04
2002-01-05T00:32:46.566  7.05730000E-04  3.78689000E-04 -1.16206100E-03
2002-01-05T00:32:47.566 -5.24703000E-04 -6.99930000E-04  5.39883000E-04
2002-01-05T00:32:48.566  2.84073000E-04  1.05180600E-03 -1.33778000E-04
2002-01-05T00:32:49.570 -7.00850000E-04 -4.13639000E-04  8.32014000E-04
2002-01-05T00:32:50.566  1.07415900E-03  7.82515000E-04 -5.22463000E-04
2002-01-05T00:32:51.566 -2.62739000E-04 -1.12731500E-03  9.35364000E-04
2002-01-05T00:32:52.566  1.15991800E-03  2.58601000E-04 -1.01984000E-03
2002-01-05T00:32:53.566 -8.17647000E-04 -1.97780000E-04 -1.83165000E-04
2002-01-05T00:32:54.574  5.60691000E-04  1.21273800E-03 -5.22159000E-04
2002-01-05T00:32:55.566 -1.19147800E-03 -6.38519000E-04  5.86169000E-04
2002-01-05T00:32:56.566  9.92561000E-04  6.25380000E-04  3.57561000E-04
2002-01-05T00:32:57.566 -4.92453000E-04 -1.09190400E-03  2.39245000E-04
2002-01-05T00:32:58.566  7.22056000E-04  5.25893000E-04  4.81030000E-05
2002-01-05T00:32:59.566 -4.56026000E-04 -5.85181000E-04 -8.41124000E-04
2002-01-05T00:33:00.566  8.11239000E-04  8.50306000E-04  1.20234900E-03
2002-01-05T00:33:01.566 -8.28563000E-04 -3.48156000E-04 -7.60444000E-04
2002-01-05T00:33:02.566  3.72001000E-04  9.51638000E-04  3.81358000E-04
2002-01-05T00:33:03.566 -9.53472000E-04 -8.99956000E-04 -2.61180000E-04
2002-01-05T00:33:04.566  1.13765800E-03  3.19908000E-04  1.14102000E-03
2002-01-05T00:33:05.570 -6.49537000E-04 -8.86796000E-04 -3.53803000E-04
2002-01-05T00:33:06.566  1.85879000E-04  1.06587400E-03  7.04857000E-04
2002-01-05T00:33:07.566 -8.76024000E-04 -2.84354000E-04 -1.25766400E-03
2002-01-05T00:33:08.566  3.67229000E-04  1.12992400E-03  6.44850000E-04
2002-01-05T00:33:09.566  3.87070000E-05 -4.52700000E-05  1.16045000E-04
2002-01-05T00:33:10.573  1.04056800E-03 -2.04699000E-04  8.30181000E-04
2002-01-05T00:33:11.566  2.72422000E-04 -8.11400000E-06 -3.51830000E-04
2002-01-05T00:33:12.566 -5.13380000E-05  6.39447000E-04 -1.04576900E-03
2002-01-05T00:33:13.566 -1.74613000E-04  7.25641000E-04  1.75270000E-04
2002-01-05T00:33:14.566 -2.47105000E-04  6.17026000E-04 -7.21017000E-04
2002-01-05T00:33:15.566  3.65615000E-04 -2.65563000E-04  8.91627000E-04
2002-01-05T00:33:16.566  4.82465000E-04 -6.15816000E-04 -3.30035000E-04
2002-01-05T00:33:17.566 -3.64976000E-04 -3.81976000E-04  1.66770000E-04
2002-01-05T00:33:18.566 -2.15466000E-04  2.11706000E-04  1.78757000E-04
2002-01-05T00:33:19.566 -8.54107000E-04  7.59629000E-04  1.48466000E-04
2002-01-05T00:33:20.566 -5.28396000E-04  7.46090000E-05  7.37400000E-04
2002-01-05T00:33:21.570  1.19738800E-03  6.57810000E-04 -2.55881000E-04
2002-01-05T00:33:22.566 -2.19800000E-04 -6.89780000E-04  5.82381000E-04
2002-01-05T00:33:23.566  2.04116400E-03  5.61262000E-04 -7.53165000E-04
2002-01-05T00:33:24.566 -8.05221000E-04 -4.67742000E-04  9.80502000E-04
2002-01-05T00:33:25.566  7.10597000E-04  1.82799900E-03  2.74912000E-04
2002-01-05T00:33:26.573 -1.04479500E-03  1.34895000E-04 -2.45409000E-04
2002-01-05T00:33:27.566  4.61339000E-04  8.15394000E-04 -6.67600000E-05
2002-01-05T00:33:28.566 -8.71207000E-04 -6.41414000E-04  7.61624000E-04
2002-01-05T00:33:29.566  1.37857300E-03 -2.49553000E-04 -6.68337000E-04
2002-01-05T00:33:30.566 -1.22701100E-03 -9.19686000E-04 -6.15890000E-05
2002-01-05T00:33:31.566  2.36399000E-04  7.49011000E-04  5.88756000E-04
2002-01-05T00:33:32.566 -1.31191400E-03 -8.92110000E-05  2.23624000E-04
2002-01-05T00:33:33.566  2.76495000E-04  2.95724000E-04  1.27500000E-06
2002-01-05T00:33:34.566  7.04995000E-04 -8.22990000E-05  9.73441000E-04
2002-01-05T00:33:35.566  5.59990000E-04 -6.60175000E-04 -2.45299000E-04
2002-01-05T00:33:36.566  4.29467000E-04 -2.44354000E-04  5.65826000E-04
2002-01-05T00:33:37.570 -4.78029000E-04 -3.47960000E-05  4.19198000E-04
2002-01-05T00:33:38.566 -4.44046000E-04  9.46947000E-04  4.00061000E-04
2002-01-05T00:33:39.566 -9.51946000E-04  3.94210000E-05  6.04871000E-04
2002-01-05T00:33:40.566  8.72243000E-04  7.01970000E-04 -1.02845700E-03
2002-01-05T00:33:41.566 -3.58108000E-04 -9.76528000E-04  1.93906000E-04
2002-01-05T00:33:42.573  1.13695400E-03  7.59833000E-04 -4.59075000E-04
2002-01-05T00:33:43.566 -1.20945300E-03 -9.28755000E-04  1.56274000E-03
2002-01-05T00:33:44.566  4.85760000E-04  5.06279000E-04 -6.70258000E-04
2002-01-05T00:33:45.566 -7.64299000E-04 -1.01200000E-06  3.49788000E-04
2002-01-05T00:33:46.566 -5.86670000E-05  1.43629600E-03  2.72568000E-04
2002-01-05T00:33:47.566 -4.19994000E-04 -5.40635000E-04 -8.64980000E-05
2002-01-05T00:33:48.566  6.62896000E-04 -4.99271000E-04 -1.12281000E-04
2002-01-05T00:33:49.566  2.16118000E-04  1.32954000E-04 -2.28244000E-04
2002-01-05T00:33:50.566 -3.62750000E-05 -3.01695000E-04 -2.79772000E-04
2002-01-05T00:33:51.566  1.16350500E-03  6.95121000E-04  4.89070000E-04
2002-01-05T00:33:52.566 -1.29293500E-03 -1.24701000E-04  8.23680000E-05
2002-01-05T00:33:53.570  4.43506000E-04  1.77784100E-03 -4.42417000E-04
2002-01-05T00:33:54.566 -1.31196100E-03 -2.46040000E-05  1.63549000E-04
2002-01-05T00:33:55.566  5.89816000E-04  1.36571300E-03 -3.35940000E-04
2002-01-05T00:33:56.566 -6.65943000E-04 -2.02114000E-04  1.38778000E-04
2002-01-05T00:33:57.566  1.08532200E-03 -7.46300000E-05  1.57786000E-04
2002-01-05T00:33:58.573  5.88220000E-05 -7.35443000E-04  8.86061000E-04
2002-01-05T00:33:59.566 -1.81615000E-04  3.23220000E-04  3.46410000E-05
2002-01-05T00:34:00.566  1.64241000E-04  3.27688000E-04 -1.69056000E-04
2002-01-05T00:34:01.566 -1.02597600E-03  5.94370000E-04 -3.41073000E-04
2002-01-05T00:34:02.566  7.84850000E-05  1.56684600E-03  2.82774000E-04
2002-01-05T00:34:03.566 -8.83141000E-04  1.94376000E-04 -2.83466000E-04
2002-01-05T00:34:04.566  6.88148000E-04  1.38526500E-03  4.41920000E-05
2002-01-05T00:34:05.566 -9.65579000E-04 -1.44234000E-04  4.19381000E-04
2002-01-05T00:34:06.566  3.95696000E-04  7.92677000E-04 -2.58091000E-04
2002-01-05T00:34:07.566  4.91658000E-04  3.02450000E-05  5.46598000E-04
2002-01-05T00:34:08.566  6.15320000E-05 -9.27860000E-05  4.90293000E-04
2002-01-05T00:34:09.569  2.01265000E-04 -2.47847000E-04  1.87129000E-04
2002-01-05T00:34:10.566 -3.97456000E-04 -5.33425000E-04 -7.90607000E-04
2002-01-05T00:34:11.566  3.82854000E-04  1.03484300E-03 -8.78319000E-04
2002-01-05T00:34:12.566 -7.68199000E-04  3.39718000E-04 -5.50037000E-04
2002-01-05T00:34:13.566  2.28239000E-04  7.02393000E-04  5.39354000E-04
2002-01-05T00:34:14.573 -4.91860000E-05  1.35641000E-04  1.28280000E-05
2002-01-05T00:34:15.566 -4.33011000E-04  3.62649000E-04 -3.34635000E-04
2002-01-05T00:34:16.566  1.32272500E-03  1.13539300E-03 -6.88238000E-04
2002-01-05T00:34:17.566 -9.34075000E-04 -3.44943000E-04  4.77460000E-05
2002-01-05T00:34:18.566  9.50936000E-04  2.08008000E-04 -3.07939000E-04
2002-01-05T00:34:19.566  3.24501000E-04  5.96836000E-04  8.83632000E-04
2002-01-05T00:34:20.566  4.98890000E-05 -3.54301000E-04  3.26686000E-04
2002-01-05T00:34:21.566  1.32051300E-03  5.20325000E-04 -2.14964000E-04
2002-01-05T00:34:22.566 -4.50016000E-04 -5.08953000E-04 -3.30901000E-04
2002-01-05T00:34:23.566  1.04073800E-03  6.25999000E-04 -5.25553000E-04
2002-01-05T00:34:24.566 -7.75084000E-04  5.35290000E-05 -8.48700000E-06
2002-01-05T00:34:25.569  5.98980000E-05 -2.08841000E-04  1.52330000E-05
2002-01-05T00:34:26.566  1.13660600E-03  9.19020000E-04  6.61060000E-04
2002-01-05T00:34:27.566 -3.90241000E-04  1.87487000E-04 -7.98305000E-04
2002-01-05T00:34:28.566 -1.37073000E-04  2.84874000E-04  9.55132000E-04
2002-01-05T00:34:29.566  2.18552000E-04  8.23684000E-04 -2.29533000E-04
2002-01-05T00:34:30.573 -7.40755000E-04 -4.20350000E-05  5.09154000E-04
2002-01-05T00:34:31.566  2.42661000E-04  7.70849000E-04 -2.13676000E-04
2002-01-05T00:34:32.566  6.19418000E-04  1.80873200E-03  4.83000000E-04
2002-01-05T00:34:33.566 -9.98582000E-04 -7.25960000E-05 -1.34513000E-04
2002-01-05T00:34:34.566  1.02537000E-04  1.74742700E-03  3.08757000E-04
2002-01-05T00:34:35.566 -4.55917000E-04  1.15606800E-03  6.46527000E-04
2002-01-05T00:34:36.566 -6.08249000E-04  4.82613000E-04 -7.27410000E-05
2002-01-05T00:34:37.566  3.81261000E-04  1.92731000E-03  1.25519000E-04
2002-01-05T00:34:38.566 -2.71890000E-05  9.73839000E-04  3.07700000E-05
2002-01-05T00:34:39.566 -9.37460000E-04  1.23663000E-04 -2.93734000E-04
2002-01-05T00:34:40.566  9.68263000E-04  1.23958900E-03 -1.37323000E-04
2002-01-05T00:34:41.569  7.63257000E-04  9.74203000E-04 -1.07310000E-04
2002-01-05T00:34:42.566 -6.32398000E-04 -4.12797000E-04 -6.56199000E-04
2002-01-05T00:34:43.566  7.21047000E-04  6.40097000E-04  6.35397000E-04
2002-01-05T00:34:44.566  9.96966000E-04  1.80608600E-03 -2.64021000E-04
2002-01-05T00:34:45.566 -5.05339000E-04  1.32092400E-03  8.83382000E-04
2002-01-05T00:34:46.573 -1.20413800E-03  1.08118800E-03  1.44558000E-04
2002-01-05T00:34:47.566 -5.37840000E-04  1.93157300E-03  2.18583000E-04
2002-01-05T00:34:48.566  6.38512000E-04  1.68906400E-03 -4.08046000E-04
2002-01-05T00:34:49.566  1.04524200E-03  1.44174400E-03  7.09075000E-04
2002-01-05T00:34:50.569  1.05735000E-04  7.33191000E-04 -1.50770000E-04
2002-01-05T00:34:51.566 -7.29896000E-04  1.69823700E-03  7.78926000E-04
2002-01-05T00:34:52.566 -9.48968000E-04  1.44620400E-03 -5.00803000E-04
2002-01-05T00:34:53.566  4.44414000E-04  1.47732900E-03  6.13754000E-04
2002-01-05T00:34:54.566  1.21098800E-03  1.42048800E-03  1.38972900E-03
2002-01-05T00:34:55.566  7.43149000E-04  2.44936900E-03 -1.30512000E-04
2002-01-05T00:34:56.566 -2.80564000E-04  2.30673700E-03  1.70058000E-04
2002-01-05T00:34:57.569 -2.83006000E-04  1.24417700E-03 -1.20626000E-04
2002-01-05T00:34:58.566 -7.97412000E-04 -8.50250000E-05 -3.73450000E-05
2002-01-05T00:34:59.566 -1.20526700E-03  1.43029900E-03 -2.60271000E-04
2002-01-05T00:35:00.566 -8.02113000E-04  1.55896400E-03 -4.49383000E-04
2002-01-05T00:35:01.566  2.57806000E-04  1.32998400E-03 -1.43479000E-04
2002-01-05T00:35:02.573  5.92060000E-05  2.06501800E-03  4.13660000E-05
2002-01-05T00:35:03.566  1.83550000E-05  2.82251400E-03  1.06236000E-04
2002-01-05T00:35:04.566  8.34406000E-04  2.17996200E-03 -9.54750000E-05
2002-01-05T00:35:05.566  1.04940500E-03  1.99661800E-03  3.55896000E-04
2002-01-05T00:35:06.566  7.37844000E-04  3.10221400E-03 -2.95215000E-04
2002-01-05T00:35:07.566  1.09423500E-03  2.45232700E-03  6.39796000E-04
2002-01-05T00:35:08.566  1.49945000E-04  3.03274500E-03  6.91870000E-05
2002-01-05T00:35:09.566  1.39463600E-03  2.69052100E-03 -6.84110000E-05
2002-01-05T00:35:10.566  4.85903000E-04  2.77770500E-03  8.72720000E-04
2002-01-05T00:35:11.566  1.23014000E-04  2.94757300E-03 -8.49256000E-04
2002-01-05T00:35:12.566  8.56451000E-04  2.17995200E-03  3.55850000E-05
2002-01-05T00:35:13.569  6.42165000E-04  2.60832500E-03  2.38610000E-05
2002-01-05T00:35:14.566  6.62701000E-04  2.98986100E-03 -4.13012000E-04
2002-01-05T00:35:15.565  5.51946000E-04  2.75234600E-03  6.72627000E-04
2002-01-05T00:35:16.565  4.92487000E-04  3.65220500E-03 -2.77796000E-04
2002-01-05T00:35:17.565  1.66369000E-03  2.60468600E-03  8.86748000E-04
2002-01-05T00:35:18.573  7.06732000E-04  3.36467700E-03 -1.00976300E-03
2002-01-05T00:35:19.565  7.80103000E-04  2.27771300E-03  1.15796000E-04
2002-01-05T00:35:20.565  1.30230400E-03  3.50659700E-03 -2.27511000E-04
2002-01-05T00:35:21.565  9.53153000E-04  2.95951500E-03  4.74261000E-04
2002-01-05T00:35:22.565  7.88270000E-04  2.86815000E-03  4.77738000E-04
2002-01-05T00:35:23.565  6.52653000E-04  2.46812000E-03  5.84270000E-05
2002-01-05T00:35:24.565 -4.18710000E-05  2.19894400E-03  9.19620000E-04
2002-01-05T00:35:25.565 -1.64618000E-04  1.62307700E-03 -9.68298000E-04
2002-01-05T00:35:26.565 -1.23183700E-03  2.03854700E-03  1.34115700E-03
2002-01-05T00:35:27.565 -9.02920000E-05  2.00982200E-03 -6.40097000E-04
2002-01-05T00:35:28.565 -9.44061000E-04  2.77175300E-03  6.26481000E-04
2002-01-05T00:35:29.569  5.98681000E-04  2.34915200E-03 -8.06667000E-04
2002-01-05T00:35:30.565  6.26317000E-04  3.92931300E-03  5.38282000E-04
2002-01-05T00:35:31.565  9.83491000E-04  3.08601800E-03 -5.99750000E-04
2002-01-05T00:35:32.565 -1.33942000E-04  2.55621900E-03  5.79508000E-04
2002-01-05T00:35:33.565 -1.47629100E-03  2.71783700E-03 -5.72741000E-04
2002-01-05T00:35:34.573  1.60188000E-04  2.30215800E-03  8.06402000E-04
2002-01-05T00:35:35.565 -1.42456000E-04  3.36124900E-03  6.80717000E-04
2002-01-05T00:35:36.565  1.18914800E-03  3.01421900E-03  3.27717000E-04
2002-01-05T00:35:37.565  2.86620000E-04  3.02670300E-03 -3.36210000E-04
2002-01-05T00:35:38.565 -1.36391600E-03  2.73197900E-03 -5.81280000E-05
2002-01-05T00:35:39.565 -4.30163000E-04  2.04228400E-03  4.80986000E-04
2002-01-05T00:35:40.565  1.58013600E-03  4.13603400E-03 -4.25769000E-04
2002-01-05T00:35:41.565 -4.87900000E-06  3.49293600E-03  1.28667000E-03
2002-01-05T00:35:42.565 -1.54249600E-03  3.46587300E-03  3.82350000E-05
2002-01-05T00:35:43.565 -9.79146000E-04  3.05541000E-03  3.73320000E-04
2002-01-05T00:35:44.565  1.07772800E-03  3.86716500E-03 -2.52286000E-04
2002-01-05T00:35:45.565  5.51200000E-05  2.87026900E-03  1.20081200E-03
2002-01-05T00:35:46.565 -5.88088000E-04  3.85459600E-03  9.27220000E-05
2002-01-05T00:35:47.565  6.43690000E-04  4.94251200E-03 -7.93716000E-04
2002-01-05T00:35:48.565 -3.85726000E-04  3.66473600E-03  7.56320000E-05
2002-01-05T00:35:49.565 -7.30697000E-04  3.61933500E-03  1.29375000E-04
2002-01-05T00:35:50.573  3.44620000E-04  4.42940400E-03 -3.77362000E-04
2002-01-05T00:35:51.565 -5.17322000E-04  3.66076700E-03  2.90083000E-04
2002-01-05T00:35:52.565  1.10661400E-03  4.44277500E-03  2.20377000E-04
2002-01-05T00:35:53.565 -4.50499000E-04  3.12749000E-03 -7.45380000E-05
2002-01-05T00:35:54.565  6.61390000E-05  5.70505500E-03  7.64556000E-04
2002-01-05T00:35:55.565 -1.06353900E-03  5.25670700E-03  1.77867000E-04
2002-01-05T00:35:56.565 -1.26525000E-04  4.73445500E-03  3.69112000E-04
2002-01-05T00:35:57.565  1.04772900E-03  5.46499900E-03 -9.95370000E-05
2002-01-05T00:35:58.565 -1.25918400E-03  4.02009400E-03  3.63358000E-04
2002-01-05T00:35:59.565  4.33418000E-04  5.27449500E-03  4.94100000E-05
2002-01-05T00:36:00.565  4.82202000E-04  6.34529100E-03 -3.00472000E-04
2002-01-05T00:36:01.565 -1.13994000E-04  4.99863400E-03  9.53290000E-04
2002-01-05T00:36:02.565 -9.05695000E-04  5.44365000E-03 -7.01744000E-04
2002-01-05T00:36:03.565  4.44650000E-04  5.96986500E-03  9.15683000E-04
2002-01-05T00:36:04.565  5.84198000E-04  7.45034100E-03 -3.55579000E-04
2002-01-05T00:36:05.565  3.19650000E-05  6.52179500E-03  6.85966000E-04
2002-01-05T00:36:06.573 -2.48189000E-04  6.76085800E-03 -3.61449000E-04
2002-01-05T00:36:07.565 -6.72339000E-04  6.05998800E-03  8.89996000E-04
2002-01-05T00:36:08.565 -7.50775000E-04  6.53234300E-03 -4.75163000E-04
2002-01-05T00:36:09.565 -1.37162500E-03  5.56596200E-03  1.10753500E-03
2002-01-05T00:36:10.565 -6.17816000E-04  5.87455000E-03  5.19091000E-04
2002-01-05T00:36:11.565 -4.09962000E-04  7.47544800E-03  7.86090000E-05
2002-01-05T00:36:12.565  6.14744000E-04  7.06589900E-03  5.27056000E-04
2002-01-05T00:36:13.565  1.42755600E-03  7.55441100E-03 -5.38246000E-04
2002-01-05T00:36:14.565  8.33764000E-04  7.60561400E-03  1.71783000E-04
2002-01-05T00:36:15.565  1.92356000E-04  7.71901800E-03 -1.77459000E-04
2002-01-05T00:36:16.565 -8.35783000E-04  7.38233800E-03  1.36637900E-03
2002-01-05T00:36:17.565 -7.62590000E-04  6.72695200E-03 -1.04975900E-03
2002-01-05T00:36:18.565  1.01633100E-03  9.00857500E-03  1.45762700E-03
2002-01-05T00:36:19.565 -1.92282000E-04  8.05053000E-03  2.87359000E-04
2002-01-05T00:36:20.565 -1.98441600E-03  7.56766900E-03  1.17071300E-03
2002-01-05T00:36:21.565  8.97874000E-04  9.15428300E-03 -1.70910000E-05
2002-01-05T00:36:22.573 -1.64496000E-04  8.19614300E-03  4.56645000E-04
2002-01-05T00:36:23.565 -1.17895100E-03  7.23410700E-03  1.78979000E-04
2002-01-05T00:36:24.565  8.43781000E-04  9.12208900E-03 -3.99906000E-04
2002-01-05T00:36:25.565 -1.48726900E-03  7.52258300E-03  5.85556000E-04
2002-01-05T00:36:26.565  1.09273000E-03  8.85124300E-03 -1.36630400E-03
2002-01-05T00:36:27.565 -5.48382000E-04  7.48380200E-03  3.03164000E-04
2002-01-05T00:36:28.565  1.05098200E-03  9.85276400E-03 -5.63662000E-04
2002-01-05T00:36:29.565 -1.60916500E-03  8.53310800E-03  3.66303000E-04
2002-01-05T00:36:30.565  9.91030000E-04  9.69778000E-03 -2.32684000E-04
2002-01-05T00:36:31.565 -8.37482000E-04  7.08340200E-03  6.45230000E-05
2002-01-05T00:36:32.565  5.55302000E-04  9.16854900E-03  7.42156000E-04
2002-01-05T00:36:33.565  7.29688000E-04  1.07442460E-02 -5.70593000E-04
2002-01-05T00:36:34.565 -1.34714000E-03  8.35585800E-03  2.64808000E-04
2002-01-05T00:36:35.565  5.48580000E-05  1.01936700E-02 -1.70586000E-04
2002-01-05T00:36:36.565  8.33815000E-04  1.06343570E-02  9.19921000E-04
2002-01-05T00:36:37.565  7.69627000E-04  1.08753970E-02 -1.45330500E-03
2002-01-05T00:36:38.573 -1.49866800E-03  8.38584200E-03  1.42842200E-03
2002-01-05T00:36:39.565 -8.20215000E-04  9.90893100E-03 -4.90580000E-04
2002-01-05T00:36:40.565 -4.45443000E-04  1.03616390E-02  7.86138000E-04
2002-01-05T00:36:41.565  4.58266000E-04  1.06230420E-02  1.00042900E-03
2002-01-05T00:36:42.565  7.87900000E-05  1.13638450E-02  2.13390000E-04
2002-01-05T00:36:43.565  4.71996000E-04  1.15917910E-02  1.05773400E-03
2002-01-05T00:36:44.565  9.13627000E-04  1.13906880E-02  3.65556000E-04
2002-01-05T00:36:45.565  1.05898700E-03  1.16372830E-02 -9.48580000E-05
2002-01-05T00:36:46.565  1.27439700E-03  1.12886540E-02  1.73810000E-05
2002-01-05T00:36:47.565  3.38190000E-05  1.11443850E-02  1.15569000E-04
2002-01-05T00:36:48.565 -5.47176000E-04  9.85762700E-03 -4.75641000E-04
2002-01-05T00:36:49.565 -5.39133000E-04  9.41060600E-03 -1.99639000E-04
2002-01-05T00:36:50.565 -2.89350000E-05  1.07775080E-02 -1.79006000E-04
2002-01-05T00:36:51.565  2.02520000E-04  1.05780040E-02  3.42947000E-04
2002-01-05T00:36:52.565  9.16608000E-04  1.14818430E-02  5.46582000E-04
2002-01-05T00:36:53.565  1.40607000E-03  1.15108690E-02 -5.81448000E-04
2002-01-05T00:36:54.573 -8.72919000E-04  9.06209000E-03  4.59246000E-04
2002-01-05T00:36:55.565 -3.98706000E-04  9.60741400E-03  5.58248000E-04
2002-01-05T00:36:56.565  8.06461000E-04  1.05667050E-02  1.22246100E-03
2002-01-05T00:36:57.565 -3.56699000E-04  9.91396900E-03 -3.85793000E-04
2002-01-05T00:36:58.565 -1.71006600E-03  8.97899400E-03  8.17640000E-05
2002-01-05T00:36:59.565 -4.79795000E-04  9.88645300E-03 -4.45420000E-04
2002-01-05T00:37:00.565  1.23955000E-04  1.09457300E-02  7.75213000E-04
2002-01-05T00:37:01.565  1.31130300E-03  1.07981670E-02 -2.97033000E-04
2002-01-05T00:37:02.565  1.17055200E-03  1.16665880E-02  1.02326100E-03
2002-01-05T00:37:03.565  1.25011900E-03  1.20189420E-02 -2.92307000E-04
2002-01-05T00:37:04.565  7.44288000E-04  1.24749980E-02  4.88500000E-04
2002-01-05T00:37:05.565 -4.40999000E-04  1.03427410E-02 -4.28035000E-04
2002-01-05T00:37:06.565 -1.43573300E-03  7.84508700E-03  4.40859000E-04
2002-01-05T00:37:07.565  9.82257000E-04  9.36030900E-03  1.15779000E-04
2002-01-05T00:37:08.565  6.49482000E-04  1.04544640E-02  4.65380000E-04
2002-01-05T00:37:09.565 -6.20535000E-04  9.21483900E-03  7.97241000E-04
2002-01-05T00:37:10.573  4.12888000E-04  1.12649130E-02  1.43120000E-04
2002-01-05T00:37:11.565  1.11422400E-03  1.08334230E-02  6.85432000E-04
2002-01-05T00:37:12.565 -1.78565000E-03  8.97498300E-03 -2.62116000E-04
2002-01-05T00:37:13.565 -8.80800000E-06  8.80071400E-03  1.09502800E-03
2002-01-05T00:37:14.565  1.19125200E-03  1.12195890E-02 -8.16478000E-04
2002-01-05T00:37:15.565 -2.10940700E-03  8.09788500E-03  4.65747000E-04
2002-01-05T00:37:16.565 -1.28913000E-03  9.08716400E-03 -6.65370000E-04
2002-01-05T00:37:17.565 -8.89246000E-04  1.03041190E-02  7.47076000E-04
2002-01-05T00:37:18.565 -2.14240000E-05  9.68053500E-03 -1.51593000E-04
2002-01-05T00:37:19.565  1.66610400E-03  9.75902300E-03  4.27374000E-04
2002-01-05T00:37:20.565  6.65743000E-04  1.31722100E-02  3.47448000E-04
2002-01-05T00:37:21.565 -1.58393000E-04  1.23648290E-02 -8.26537000E-04
2002-01-05T00:37:22.565 -1.17066700E-03  1.23804060E-02  2.33647000E-04
2002-01-05T00:37:23.565 -4.85178000E-04  1.38571920E-02 -4.11220000E-04
2002-01-05T00:37:24.565 -2.89445000E-04  1.05504780E-02  1.14541600E-03
2002-01-05T00:37:25.565 -1.95794000E-03  7.42304700E-03 -8.78750000E-04
2002-01-05T00:37:26.573 -1.21680900E-03  9.82569800E-03  5.97135000E-04
2002-01-05T00:37:27.565  1.08143000E-03  1.00267710E-02 -1.21695500E-03
2002-01-05T00:37:28.565  1.12233100E-03  1.21948370E-02  2.75325000E-04
2002-01-05T00:37:29.565  1.06909200E-03  1.28514100E-02 -9.58926000E-04
2002-01-05T00:37:30.565  8.71770000E-05  1.19305690E-02  6.59070000E-05
2002-01-05T00:37:31.565 -1.20561300E-03  1.15441670E-02  1.55316000E-04
2002-01-05T00:37:32.565 -3.59224000E-04  1.26878950E-02  6.51993000E-04
2002-01-05T00:37:33.565 -5.56942000E-04  1.29813950E-02 -1.69653000E-04
2002-01-05T00:37:34.565  8.38300000E-04  1.42568710E-02  4.26519000E-04
2002-01-05T00:37:35.565 -1.71382800E-03  1.30405720E-02  4.13420000E-05
2002-01-05T00:37:36.565 -3.48290000E-04  1.39987000E-02  6.43632000E-04
2002-01-05T00:37:37.565  3.88403000E-04  1.50952130E-02 -1.03738000E-04
2002-01-05T00:37:38.565  7.48273000E-04  1.51623580E-02  7.78360000E-05
2002-01-05T00:37:39.565 -3.83948000E-04  1.44044840E-02 -4.59579000E-04
2002-01-05T00:37:40.565 -6.30822000E-04  1.45760250E-02  5.16355000E-04
2002-01-05T00:37:41.565 -1.66018500E-03  1.35184080E-02  5.62987000E-04
2002-01-05T00:37:42.573 -1.56455300E-03  1.42359230E-02 -3.85271000E-04
2002-01-05T00:37:43.565 -2.17904000E-04  1.42846710E-02  1.54206600E-03
2002-01-05T00:37:44.565 -4.68136000E-04  1.49978520E-02 -1.01281700E-03
2002-01-05T00:37:45.565  2.00701000E-04  1.45961290E-02  1.93338000E-04
2002-01-05T00:37:46.565  1.53221000E-04  1.49475070E-02 -2.89888000E-04
2002-01-05T00:37:47.565  2.73859000E-04  1.54290940E-02  1.56723600E-03
2002-01-05T00:37:48.565  1.26066000E-04  1.47058200E-02 -1.11684000E-04
2002-01-05T00:37:49.565 -1.45751700E-03  1.32379150E-02 -3.38233000E-04
2002-01-05T00:37:50.565 -1.10145900E-03  1.30691350E-02  1.05361600E-03
2002-01-05T00:37:51.565 -2.30517000E-04  1.46293730E-02 -6.04150000E-04
2002-01-05T00:37:52.565  2.37732000E-04  1.55632700E-02  6.88692000E-04
2002-01-05T00:37:53.565 -2.74580000E-05  1.46625380E-02 -1.70953000E-04
2002-01-05T00:37:54.565 -1.75361000E-03  1.24883680E-02  6.96210000E-04
2002-01-05T00:37:55.565 -3.88053000E-04  1.38944930E-02 -2.60336000E-04
2002-01-05T00:37:56.565  4.19565000E-04  1.47287780E-02 -1.02082000E-04
2002-01-05T00:37:57.565  7.10515000E-04  1.48395520E-02  2.06405000E-04
2002-01-05T00:37:58.573 -1.67029700E-03  1.33947130E-02  3.04945000E-04
2002-01-05T00:37:59.565 -1.27270000E-03  1.40461740E-02 -2.99184000E-04
2002-01-05T00:38:00.565 -5.65914000E-04  1.40911350E-02  3.98666000E-04
2002-01-05T00:38:01.565 -7.02634000E-04  1.52817860E-02  5.77330000E-04
2002-01-05T00:38:02.565  8.33470000E-05  1.48559800E-02 -4.16210000E-05
2002-01-05T00:38:03.565 -3.47063000E-04  1.52867960E-02  1.06831700E-03
2002-01-05T00:38:04.565 -2.00278000E-04  1.54359380E-02  7.87382000E-04
2002-01-05T00:38:05.565 -3.34658000E-04  1.56364850E-02  8.85456000E-04
2002-01-05T00:38:06.565 -5.99944000E-04  1.54834080E-02  2.26864000E-04
2002-01-05T00:38:07.565  4.30375000E-04  1.52604100E-02  4.22200000E-05
2002-01-05T00:38:08.565 -3.10916000E-04  1.58961360E-02 -8.52136000E-04
2002-01-05T00:38:09.565 -1.32511800E-03  1.54393670E-02  1.25479700E-03
2002-01-05T00:38:10.565 -1.16086800E-03  1.57999430E-02 -7.35840000E-04
2002-01-05T00:38:11.565  8.21981000E-04  1.67244710E-02  7.65449000E-04
2002-01-05T00:38:12.565  2.73686000E-04  1.69394850E-02  8.68889000E-04
2002-01-05T00:38:13.565 -6.07919000E-04  1.64489390E-02  5.89352000E-04
2002-01-05T00:38:14.573 -1.76090900E-03  1.49866400E-02  5.87986000E-04
2002-01-05T00:38:15.565  8.72784000E-04  1.75130010E-02  4.36213000E-04
2002-01-05T00:38:16.565 -2.37977000E-04  1.72724710E-02  1.08519400E-03
2002-01-05T00:38:17.565 -2.02103000E-03  1.60308720E-02 -5.49072000E-04
2002-01-05T00:38:18.565  7.53289000E-04  1.76940880E-02 -3.46565000E-04
2002-01-05T00:38:19.565 -5.40410000E-04  1.70922090E-02  8.17360000E-05
2002-01-05T00:38:20.565 -1.77039300E-03  1.50527970E-02 -1.78085000E-04
2002-01-05T00:38:21.565  9.21983000E-04  1.72221030E-02  4.48009000E-04
2002-01-05T00:38:22.565  3.94202000E-04  1.64426530E-02  5.06687000E-04
2002-01-05T00:38:23.565 -4.46826000E-04  1.61774180E-02  6.52642000E-04
2002-01-05T00:38:24.565 -1.52053700E-03  1.57026330E-02  6.38282000E-04
2002-01-05T00:38:25.565  9.19243000E-04  1.74085160E-02 -6.58134000E-04
2002-01-05T00:38:26.565  6.03001000E-04  1.67435720E-02  1.38330000E-05
2002-01-05T00:38:27.565 -5.12893000E-04  1.57027150E-02 -1.96077000E-04
2002-01-05T00:38:28.565 -1.46132100E-03  1.53185560E-02  7.23193000E-04
2002-01-05T00:38:29.565  2.31155000E-04  1.71175250E-02  1.17420000E-05
2002-01-05T00:38:30.573  6.77818000E-04  1.67951450E-02 -2.26317000E-04
2002-01-05T00:38:31.565 -8.36880000E-05  1.65526790E-02  9.48617000E-04
2002-01-05T00:38:32.565 -4.49147000E-04  1.59807670E-02 -5.81688000E-04
2002-01-05T00:38:33.565 -7.57602000E-04  1.46681120E-02  7.33063000E-04
2002-01-05T00:38:34.565 -1.66629000E-03  1.42919940E-02 -2.81569000E-04
2002-01-05T00:38:35.565 -1.73323000E-03  1.46121810E-02  1.83295000E-04
2002-01-05T00:38:36.565  4.41550000E-05  1.54948060E-02 -3.78448000E-04
2002-01-05T00:38:37.565 -7.55817000E-04  1.48052610E-02  4.80533000E-04
2002-01-05T00:38:38.565  5.13290000E-04  1.59552810E-02 -4.06442000E-04
2002-01-05T00:38:39.565  6.00985000E-04  1.68340520E-02  1.07760400E-03
2002-01-05T00:38:40.565  5.29309000E-04  1.68041420E-02  2.29757000E-04
2002-01-05T00:38:41.565  6.49993000E-04  1.63960270E-02  2.59431000E-04
2002-01-05T00:38:42.565  6.49925000E-04  1.62834600E-02  9.86520000E-05
2002-01-05T00:38:43.565  3.92690000E-04  1.61965790E-02  5.26204000E-04
2002-01-05T00:38:44.565  8.33304000E-04  1.57164060E-02  4.30890000E-05
2002-01-05T00:38:45.565  8.48387000E-04  1.57807150E-02  9.37178000E-04
2002-01-05T00:38:46.573  6.36491000E-04  1.62543560E-02 -4.76218000E-04
2002-01-05T00:38:47.565  9.24392000E-04  1.60383950E-02 -1.24854000E-04
2002-01-05T00:38:48.565  6.91431000E-04  1.61503980E-02  6.60148000E-04
2002-01-05T00:38:49.565  1.04255100E-03  1.60949420E-02 -5.97986000E-04
2002-01-05T00:38:50.565  6.41099000E-04  1.68649950E-02  2.45449000E-04
2002-01-05T00:38:51.565  1.15643200E-03  1.61334780E-02 -1.40008000E-04
2002-01-05T00:38:52.565  7.40897000E-04  1.64209250E-02  6.96587000E-04
2002-01-05T00:38:53.565  4.81159000E-04  1.65722000E-02 -2.67948000E-04
2002-01-05T00:38:54.565  2.54292000E-04  1.62571390E-02  1.55048800E-03
2002-01-05T00:38:55.565 -3.91438000E-04  1.61160510E-02 -5.83406000E-04
2002-01-05T00:38:56.565 -9.82218000E-04  1.54169370E-02  1.43248200E-03
2002-01-05T00:38:57.565 -2.22500200E-03  1.51578860E-02 -3.66435000E-04
2002-01-05T00:38:58.565  7.95319000E-04  1.63247680E-02 -3.03353000E-04
2002-01-05T00:38:59.565  6.89195000E-04  1.70547200E-02 -2.28624000E-04
2002-01-05T00:39:00.565 -1.71969000E-04  1.65359400E-02  5.85650000E-05
2002-01-05T00:39:01.565 -1.70127700E-03  1.54649180E-02  5.72294000E-04
2002-01-05T00:39:02.573 -5.62092000E-04  1.59085450E-02  3.64530000E-04
2002-01-05T00:39:03.565  5.05683000E-04  1.72490050E-02  1.11833300E-03
2002-01-05T00:39:04.565 -1.65926000E-04  1.65622630E-02 -3.84911000E-04
2002-01-05T00:39:05.565 -2.00098900E-03  1.50291920E-02  3.93543000E-04
2002-01-05T00:39:06.565  3.20306000E-04  1.65959890E-02  5.52444000E-04
2002-01-05T00:39:07.565  5.00789000E-04  1.69001000E-02  6.84350000E-05
2002-01-05T00:39:08.565 -1.45509000E-04  1.58874770E-02  2.27499000E-04
2002-01-05T00:39:09.565 -1.56411000E-04  1.58018750E-02  2.37362000E-04
2002-01-05T00:39:10.565  7.61421000E-04  1.62449530E-02  2.29689000E-04
2002-01-05T00:39:11.565  4.53102000E-04  1.68030780E-02  7.73245000E-04
2002-01-05T00:39:12.565 -1.20750000E-05  1.66044530E-02 -7.99999000E-04
2002-01-05T00:39:13.565 -9.06140000E-05  1.55334000E-02  8.94878000E-04
2002-01-05T00:39:14.565 -1.47063500E-03  1.50769800E-02  5.48292000E-04
2002-01-05T00:39:15.565 -1.72792500E-03  1.44369880E-02  6.48849000E-04
2002-01-05T00:39:16.565 -9.35925000E-04  1.57424250E-02  3.61302000E-04
2002-01-05T00:39:17.565  7.14262000E-04  1.62309870E-02  5.64740000E-04
2002-01-05T00:39:18.573  8.83004000E-04  1.64354630E-02 -7.62067000E-04
2002-01-05T00:39:19.565  9.84363000E-04  1.63762960E-02  5.00786000E-04
2002-01-05T00:39:20.565  8.92507000E-04  1.63695980E-02 -1.97900000E-06
2002-01-05T00:39:21.565  2.14394000E-04  1.59794050E-02  8.16048000E-04
2002-01-05T00:39:22.565  9.96738000E-04  1.60013270E-02 -1.47688000E-04
2002-01-05T00:39:23.565 -1.76789900E-03  1.38956720E-02  5.03598000E-04
2002-01-05T00:39:24.565 -1.93557500E-03  1.35570820E-02  2.16813000E-04
2002-01-05T00:39:25.565 -6.91476000E-04  1.43290030E-02  1.01430000E-05
2002-01-05T00:39:26.565  1.84415000E-04  1.45440460E-02 -7.52950000E-05
2002-01-05T00:39:27.565  7.94956000E-04  1.50056430E-02 -1.19131800E-03
2002-01-05T00:39:28.565  1.98519000E-04  1.50922270E-02  1.03577300E-03
2002-01-05T00:39:29.565 -7.58137000E-04  1.34997140E-02 -8.25459000E-04
2002-01-05T00:39:30.565 -7.97813000E-04  1.40001980E-02  1.69122100E-03
2002-01-05T00:39:31.565 -7.01720000E-05  1.51764540E-02 -2.88076000E-04
2002-01-05T00:39:32.565  6.99954000E-04  1.57625410E-02  3.17440000E-04
2002-01-05T00:39:33.565 -1.75040000E-03  1.35636810E-02  8.62830000E-05
2002-01-05T00:39:34.573 -1.12094000E-03  1.37862220E-02  2.18064000E-04
2002-01-05T00:39:35.565  5.92780000E-05  1.49407310E-02  6.92410000E-04
2002-01-05T00:39:36.565  9.53288000E-04  1.53514690E-02 -1.85346000E-04
2002-01-05T00:39:37.565 -2.46675000E-04  1.39300760E-02  2.95154000E-04
2002-01-05T00:39:38.565 -9.14455000E-04  1.32305110E-02  2.32123000E-04
2002-01-05T00:39:39.565  2.08927000E-04  1.47047600E-02 -3.11678000E-04
2002-01-05T00:39:40.565  6.88778000E-04  1.49123050E-02 -1.70167000E-04
2002-01-05T00:39:41.565 -1.57556400E-03  1.23167510E-02  2.07535000E-04
2002-01-05T00:39:42.565  5.41570000E-05  1.45406040E-02  4.25830000E-05
2002-01-05T00:39:43.565  1.22492300E-03  1.47432890E-02  4.41896000E-04
2002-01-05T00:39:44.565 -1.71871600E-03  1.24927810E-02 -6.09079000E-04
2002-01-05T00:39:45.565  3.64105000E-04  1.44083700E-02  6.02539000E-04
2002-01-05T00:39:46.565 -1.01668000E-03  1.21526990E-02 -5.24139000E-04
2002-01-05T00:39:47.565  3.59591000E-04  1.32084400E-02  9.10598000E-04
2002-01-05T00:39:48.565  8.34461000E-04  1.37640750E-02  4.25645000E-04
2002-01-05T00:39:49.565 -1.63979000E-04  1.32440950E-02 -1.35257000E-04
2002-01-05T00:39:50.573  1.57281000E-04  1.29127020E-02  2.79274000E-04
2002-01-05T00:39:51.565  3.44166000E-04  1.28005450E-02 -7.61100000E-06
2002-01-05T00:39:52.569 -1.37611900E-03  1.14732860E-02 -4.23739000E-04
2002-01-05T00:39:53.565  6.23767000E-04  1.29937980E-02  4.32564000E-04
2002-01-05T00:39:54.565  1.76189000E-04  1.27108230E-02  2.65997000E-04
2002-01-05T00:39:55.565 -1.17031300E-03  1.13524870E-02  1.07864500E-03
2002-01-05T00:39:56.565 -5.46840000E-04  1.14691920E-02  3.46310000E-04
2002-01-05T00:39:57.565 -2.41514000E-04  1.18831150E-02 -2.25800000E-06
2002-01-05T00:39:58.565  1.12674400E-03  1.24363170E-02  1.63826600E-03
2002-01-05T00:39:59.565  1.33833000E-04  1.23308490E-02 -2.41916000E-04
2002-01-05T00:40:00.565 -1.18832000E-04  1.17372730E-02  9.18413000E-04
2002-01-05T00:40:01.565 -5.08237000E-04  1.17361990E-02 -1.10115800E-03
2002-01-05T00:40:02.565 -3.86700000E-04  1.10905610E-02  7.94558000E-04
2002-01-05T00:40:03.565  2.37593000E-04  1.11770710E-02 -4.13992000E-04
2002-01-05T00:40:04.565  7.01183000E-04  1.12362680E-02  2.04645000E-04
2002-01-05T00:40:05.565  9.92996000E-04  1.09491030E-02 -3.21344000E-04
2002-01-05T00:40:06.573  8.17630000E-04  1.11912760E-02  3.56451000E-04
2002-01-05T00:40:07.565 -1.16042800E-03  9.33026100E-03 -8.19813000E-04
2002-01-05T00:40:08.565 -1.14547100E-03  9.58683200E-03  1.78345000E-03
2002-01-05T00:40:09.565 -4.32290000E-05  9.70017900E-03 -1.96317000E-04
2002-01-05T00:40:10.565  6.71785000E-04  1.10404540E-02  6.35173000E-04
2002-01-05T00:40:11.565  7.96717000E-04  1.05471620E-02 -3.23250000E-05
2002-01-05T00:40:12.565 -1.61280600E-03  8.89983500E-03  9.89631000E-04
2002-01-05T00:40:13.565  4.11579000E-04  8.94742500E-03  4.08440000E-04
2002-01-05T00:40:14.565 -7.32063000E-04  8.11928600E-03 -2.51572000E-04
2002-01-05T00:40:15.565  5.69407000E-04  8.47195000E-03  1.79372000E-04
2002-01-05T00:40:16.565 -5.35343000E-04  8.96027400E-03  4.22722000E-04
2002-01-05T00:40:17.565  5.83686000E-04  8.77455100E-03  1.09074000E-03
2002-01-05T00:40:18.565 -1.12420000E-03  8.16230200E-03 -7.33834000E-04
2002-01-05T00:40:19.565  2.48893000E-04  9.19555400E-03  7.76807000E-04
2002-01-05T00:40:20.565 -1.26070000E-05  8.20613800E-03  7.80858000E-04
2002-01-05T00:40:21.565 -1.88109000E-04  8.12501400E-03 -3.79102000E-04
2002-01-05T00:40:22.573 -1.87920000E-04  9.40238200E-03  2.00570000E-04
2002-01-05T00:40:23.565 -1.10884300E-03  8.10419800E-03  1.25676300E-03
2002-01-05T00:40:24.565 -1.93131000E-04  9.33213700E-03  4.06281000E-04
2002-01-05T00:40:25.565 -1.48716500E-03  7.18626500E-03  6.03509000E-04
2002-01-05T00:40:26.565  6.82591000E-04  8.89206200E-03 -2.27246000E-04
2002-01-05T00:40:27.565 -1.90894300E-03  8.33977800E-03  1.72339000E-04
2002-01-05T00:40:28.565  3.76168000E-04  9.77160000E-03  3.76965000E-04
2002-01-05T00:40:29.565 -1.03571300E-03  7.82169000E-03  1.02455000E-04
2002-01-05T00:40:30.565  9.83262000E-04  8.93511500E-03 -3.02470000E-05
2002-01-05T00:40:31.565 -1.04823500E-03  7.60819500E-03 -3.43161000E-04
2002-01-05T00:40:32.565  1.91935200E-03  9.03750300E-03 -3.25485000E-04
2002-01-05T00:40:33.565 -1.21493600E-03  8.35549100E-03  5.80007000E-04
2002-01-05T00:40:34.565 -5.42663000E-04  8.64999500E-03 -1.03808000E-03
2002-01-05T00:40:35.565  5.71520000E-05  8.95010100E-03  5.12080000E-05
2002-01-05T00:40:36.565 -1.30096100E-03  7.52520500E-03 -1.67748000E-04
2002-01-05T00:40:37.565 -3.93695000E-04  8.06283400E-03 -3.57402000E-04
2002-01-05T00:40:38.573  6.93010000E-04  8.59232800E-03  7.47754000E-04
2002-01-05T00:40:39.565 -9.79448000E-04  7.74492600E-03 -1.62300000E-06
2002-01-05T00:40:40.565 -1.86599200E-03  6.60512700E-03  5.46902000E-04
2002-01-05T00:40:41.565 -5.85921000E-04  6.81131400E-03  6.44660000E-05
2002-01-05T00:40:42.565  8.03551000E-04  7.12648500E-03  1.10174500E-03
2002-01-05T00:40:43.565  1.23435600E-03  7.90524900E-03 -4.98080000E-05
2002-01-05T00:40:44.565  2.22267000E-04  7.90820800E-03  9.52836000E-04
2002-01-05T00:40:45.565  4.24467000E-04  7.37014500E-03 -6.28990000E-04
2002-01-05T00:40:46.565  1.32255000E-04  6.58823700E-03  6.39030000E-05
2002-01-05T00:40:47.565 -3.96105000E-04  6.46318800E-03 -9.10994000E-04
2002-01-05T00:40:48.565  4.80233000E-04  5.83512500E-03  5.04258000E-04
2002-01-05T00:40:49.565 -6.43040000E-05  7.13705500E-03  1.24945000E-04
2002-01-05T00:40:50.565  8.80312000E-04  6.63599000E-03  1.08137700E-03
2002-01-05T00:40:51.565  4.33002000E-04  6.87809400E-03  1.20800000E-05
2002-01-05T00:40:52.565 -4.80681000E-04  5.12357100E-03  4.57530000E-04
2002-01-05T00:40:53.565 -3.84990000E-04  4.29376700E-03 -7.72454000E-04
2002-01-05T00:40:54.573  7.21000000E-05  6.09806400E-03  5.19552000E-04
2002-01-05T00:40:55.565  5.87721000E-04  6.55327500E-03 -1.22555000E-04
2002-01-05T00:40:56.565 -8.87087000E-04  4.33007900E-03  4.97857000E-04
2002-01-05T00:40:57.565  4.30115000E-04  5.11459300E-03  4.13297000E-04
2002-01-05T00:40:58.565  1.77689600E-03  5.50620700E-03  9.13030000E-04
2002-01-05T00:40:59.565 -9.29924000E-04  4.29444900E-03  3.26987000E-04
2002-01-05T00:41:00.565  3.92110000E-04  6.13283500E-03 -6.33110000E-05
2002-01-05T00:41:01.565 -9.20295000E-04  4.75633000E-03  4.04605000E-04
2002-01-05T00:41:02.565 -1.92657000E-04  4.57720000E-03 -8.37001000E-04
2002-01-05T00:41:03.565  1.73525200E-03  5.32850800E-03  1.04056000E-04
2002-01-05T00:41:04.565 -3.53380000E-04  3.80876700E-03 -1.85480000E-04
2002-01-05T00:41:05.565  1.45130200E-03  4.37611100E-03  2.79069000E-04
2002-01-05T00:41:06.565 -5.45972000E-04  4.04400300E-03 -8.51509000E-04
2002-01-05T00:41:07.565 -1.54049000E-04  3.84272200E-03  1.07090000E-03
2002-01-05T00:41:08.565 -3.52330000E-04  4.64459000E-03 -4.29750000E-04
2002-01-05T00:41:09.565 -7.06363000E-04  3.63656300E-03  5.94781000E-04
2002-01-05T00:41:10.573  3.89662000E-04  4.63388400E-03 -3.61277000E-04
2002-01-05T00:41:11.565 -1.37582400E-03  3.84763200E-03  3.12194000E-04
2002-01-05T00:41:12.565  1.58778000E-04  5.72813400E-03 -3.07337000E-04
2002-01-05T00:41:13.565 -1.20437800E-03  3.54380300E-03 -3.05507000E-04
2002-01-05T00:41:14.565  2.81821000E-04  5.45341300E-03 -1.64269000E-04
2002-01-05T00:41:15.565 -1.67413200E-03  4.36981000E-03 -4.68610000E-05
2002-01-05T00:41:16.565  2.01669000E-04  5.16440400E-03  1.38272000E-04
2002-01-05T00:41:17.565 -1.08948400E-03  4.62983500E-03 -4.47232000E-04
2002-01-05T00:41:18.565 -1.05645100E-03  3.08010100E-03  7.29594000E-04
2002-01-05T00:41:19.565  1.49573800E-03  4.08325100E-03 -3.94269000E-04
2002-01-05T00:41:20.565  1.79147000E-04  3.20381100E-03  1.64815000E-04
2002-01-05T00:41:21.565 -1.56383700E-03  2.98803300E-03  1.05181000E-04
2002-01-05T00:41:22.565  2.25303000E-04  4.39599100E-03  7.50238000E-04
2002-01-05T00:41:23.565  3.60479000E-04  3.88474900E-03  1.10968000E-04
2002-01-05T00:41:24.565 -1.26219600E-03  2.73550200E-03  2.19879000E-04
2002-01-05T00:41:25.565  1.29381900E-03  3.54743900E-03  9.12870000E-05
2002-01-05T00:41:26.577  6.72370000E-04  3.70262000E-03  2.33072000E-04
2002-01-05T00:41:27.565 -7.67546000E-04  3.37223200E-03 -1.67844000E-04
2002-01-05T00:41:28.565 -1.04664300E-03  1.88155000E-03  2.49480000E-04
2002-01-05T00:41:29.565 -3.78980000E-05  2.86721600E-03  9.13206000E-04
2002-01-05T00:41:30.565  2.92350000E-04  3.50080200E-03  1.51890000E-05
2002-01-05T00:41:31.565  1.20990600E-03  3.44430400E-03  1.14634200E-03
2002-01-05T00:41:32.565  3.35820000E-05  3.84211900E-03 -3.40974000E-04
2002-01-05T00:41:33.565  6.69796000E-04  2.55296500E-03 -4.90065000E-04
2002-01-05T00:41:34.565  4.91000000E-05  2.73035000E-03  9.63490000E-05
2002-01-05T00:41:35.565  2.20138000E-04  2.22012300E-03  6.30600000E-04
2002-01-05T00:41:36.565 -7.67910000E-05  2.66888900E-03 -1.14889100E-03
2002-01-05T00:41:37.565 -2.26660000E-04  2.17794900E-03  1.62353000E-04
2002-01-05T00:41:38.565 -2.78806000E-04  2.35073600E-03  2.15386000E-04
2002-01-05T00:41:39.565 -4.13101000E-04  2.11374200E-03 -2.09459000E-04
2002-01-05T00:41:40.565  3.08909000E-04  1.23218600E-03  1.29388000E-04
2002-01-05T00:41:41.565 -2.94114000E-04  2.34135700E-03 -4.18178000E-04
2002-01-05T00:41:42.573 -2.03321000E-04  2.36775800E-03  2.00000000E-07
2002-01-05T00:41:43.565  1.29837000E-04  2.17656400E-03  9.00212000E-04
2002-01-05T00:41:44.565 -3.70135000E-04  2.77808300E-03 -4.51437000E-04
2002-01-05T00:41:45.565  3.67327000E-04  2.01270300E-03  9.57878000E-04
2002-01-05T00:41:46.565 -1.47853000E-04  2.87779900E-03  3.00901000E-04
2002-01-05T00:41:47.565  4.08600000E-04  2.07273700E-03 -3.22226000E-04
2002-01-05T00:41:48.565 -6.34160000E-05  2.74535100E-03  3.66178000E-04
2002-01-05T00:41:49.565  2.80083000E-04  2.53784700E-03 -4.65534000E-04
2002-01-05T00:41:50.565  3.81664000E-04  2.20010700E-03  8.05513000E-04
2002-01-05T00:41:51.565  4.68800000E-05  2.99775000E-03  4.10649000E-04
2002-01-05T00:41:52.565  1.23628000E-04  2.07768800E-03  6.50640000E-05
2002-01-05T00:41:53.565 -3.10449000E-04  2.88399100E-03 -3.76460000E-04
2002-01-05T00:41:54.565  1.64699000E-04  1.80407300E-03  3.92140000E-05
2002-01-05T00:41:55.565 -6.12998000E-04  2.89902000E-03  3.37521000E-04
2002-01-05T00:41:56.565  1.33523000E-04  1.32104100E-03  6.02799000E-04
2002-01-05T00:41:57.565 -1.13579600E-03  2.28532400E-03 -9.45022000E-04
2002-01-05T00:41:58.573 -3.49347000E-04  1.62697300E-03 -1.53059000E-04
2002-01-05T00:41:59.565 -9.99260000E-04  2.27408200E-03 -2.72358000E-04
2002-01-05T00:42:00.565 -1.96175000E-04  1.18198400E-03  1.22300100E-03
2002-01-05T00:42:01.565 -2.20778300E-03  2.11611700E-03  6.88520000E-05
2002-01-05T00:42:02.565 -5.15667000E-04  1.65551100E-03  8.32397000E-04
2002-01-05T00:42:03.565 -1.06326700E-03  2.36924900E-03 -9.14510000E-04
2002-01-05T00:42:04.565 -6.19003000E-04  1.83264600E-03  9.67659000E-04
2002-01-05T00:42:05.565 -3.67170000E-04  1.31779900E-03 -5.49594000E-04
2002-01-05T00:42:06.565 -1.31095100E-03  1.55001100E-03  1.10172200E-03
2002-01-05T00:42:07.565 -7.25711000E-04  8.05441000E-04  2.12246000E-04
2002-01-05T00:42:08.565 -1.95527000E-04  7.06806000E-04 -5.83460000E-05
2002-01-05T00:42:09.565 -7.28231000E-04  1.90577600E-03 -1.71862000E-04
2002-01-05T00:42:10.565  4.26170000E-05  2.17602500E-03  1.26570000E-04
2002-01-05T00:42:11.565  8.61175000E-04  1.63075900E-03  1.08026700E-03
2002-01-05T00:42:12.565  9.18873000E-04  2.66085600E-03 -6.56690000E-05
2002-01-05T00:42:13.565 -7.52649000E-04  1.55493000E-03  5.61738000E-04
2002-01-05T00:42:14.573  1.46372400E-03  2.49065500E-03 -1.08002000E-04
2002-01-05T00:42:15.565 -1.79194000E-04  9.30416000E-04 -1.56686000E-04
2002-01-05T00:42:16.565 -1.29769400E-03  1.70661000E-03 -1.59837000E-04
2002-01-05T00:42:17.565 -5.39465000E-04  6.38807000E-04  5.44521000E-04
2002-01-05T00:42:18.565 -1.90508000E-04  8.49417000E-04 -7.39123000E-04
2002-01-05T00:42:19.565  1.16570000E-05  2.30802500E-03  6.00901000E-04
2002-01-05T00:42:20.565  4.11116000E-04  2.69213700E-03 -1.28460000E-04
2002-01-05T00:42:21.565  7.27945000E-04  1.70545300E-03  1.08488800E-03
2002-01-05T00:42:22.565  6.11180000E-04  1.14425700E-03 -3.81536000E-04
2002-01-05T00:42:23.565 -1.03460100E-03  8.67337000E-04 -3.80970000E-04
2002-01-05T00:42:24.565 -1.17254100E-03  1.08337700E-03 -9.77724000E-04
2002-01-05T00:42:25.565 -2.26498000E-04  1.49152400E-03  1.45552000E-04
2002-01-05T00:42:26.565  1.13697400E-03  1.27137600E-03 -3.74688000E-04
2002-01-05T00:42:27.565  9.75713000E-04  1.60033700E-03  6.29000000E-04
2002-01-05T00:42:28.565 -9.18953000E-04  4.47049000E-04 -4.41120000E-05
2002-01-05T00:42:29.565 -1.31706100E-03  1.13080400E-03  3.12690000E-05
2002-01-05T00:42:30.573  1.00754000E-04  1.97795500E-03 -2.96887000E-04
2002-01-05T00:42:31.565  4.53110000E-04  2.32507700E-03 -2.90657000E-04
2002-01-05T00:42:32.565 -5.81794000E-04  1.81491900E-03  4.15574000E-04
2002-01-05T00:42:33.565 -6.77464000E-04 -9.40940000E-05 -6.67819000E-04
2002-01-05T00:42:34.565  1.64887000E-04  6.65937000E-04 -1.69815000E-04
2002-01-05T00:42:35.565  1.33979800E-03  1.20302500E-03 -3.41290000E-05
2002-01-05T00:42:36.565 -1.71139000E-04  1.82070500E-03  4.78188000E-04
2002-01-05T00:42:37.565 -1.48259300E-03  5.57709000E-04 -2.38219000E-04
2002-01-05T00:42:38.565 -9.42719000E-04  1.45791700E-03  1.24208700E-03
2002-01-05T00:42:39.565  5.17629000E-04  1.82911500E-03 -6.46200000E-05
2002-01-05T00:42:40.565  7.97508000E-04  1.06125900E-03  9.75821000E-04
2002-01-05T00:42:41.565 -7.93915000E-04 -5.10226000E-04 -7.97569000E-04
2002-01-05T00:42:42.565  6.02490000E-05  8.36209000E-04  4.02689000E-04
2002-01-05T00:42:43.565  9.84816000E-04  1.17397900E-03 -6.99007000E-04
2002-01-05T00:42:44.565 -2.83315000E-04  1.96172000E-04  1.60711500E-03
2002-01-05T00:42:45.565 -2.27838000E-04  6.66434000E-04 -1.05870600E-03
2002-01-05T00:42:46.573  6.06645000E-04  1.21575500E-03  6.51054000E-04
2002-01-05T00:42:47.565  6.84470000E-05  1.64285000E-03 -1.42874200E-03
2002-01-05T00:42:48.565 -1.22989200E-03  9.94981000E-04 -2.72136000E-04
2002-01-05T00:42:49.565 -2.69257000E-04  1.43282900E-03  3.71609000E-04
2002-01-05T00:42:50.565 -6.58130000E-05  1.88500800E-03  2.14032000E-04
2002-01-05T00:42:51.565 -1.28560000E-05  1.00304100E-03  1.28570000E-05
2002-01-05T00:42:52.565 -3.59449000E-04  7.17033000E-04  8.36500000E-06
2002-01-05T00:42:53.565  1.03015200E-03  1.05333500E-03  1.46011200E-03
2002-01-05T00:42:54.565  4.90433000E-04  3.58347000E-04 -6.88446000E-04
2002-01-05T00:42:55.565 -2.59730000E-05 -3.17283000E-04  2.75664000E-04
2002-01-05T00:42:56.565 -2.50910000E-04  8.38675000E-04 -5.94465000E-04
2002-01-05T00:42:57.565  1.09638600E-03  1.21691200E-03 -2.59994000E-04
2002-01-05T00:42:58.565  5.68398000E-04  1.30260800E-03 -1.83279000E-04
2002-01-05T00:42:59.565 -8.49353000E-04  2.83811000E-04  1.13280000E-05
2002-01-05T00:43:00.565 -3.97420000E-04  2.40385300E-03  7.31170000E-05
2002-01-05T00:43:01.565 -7.97170000E-05  5.65019000E-04 -6.03329000E-04
2002-01-05T00:43:02.573 -1.28709400E-03  7.94256000E-04  2.04901000E-04
2002-01-05T00:43:03.565  5.29567000E-04  1.22303500E-03 -1.78294000E-04
2002-01-05T00:43:04.565  2.48194000E-04  1.63466400E-03 -2.41983000E-04
2002-01-05T00:43:05.565 -8.36710000E-04  9.53330000E-05 -1.02223000E-04
2002-01-05T00:43:06.565  3.25756000E-04  8.45110000E-04  2.27500000E-05
2002-01-05T00:43:07.565  4.16478000E-04  6.35851000E-04  4.72770000E-04
2002-01-05T00:43:08.565 -9.38886000E-04 -5.19100000E-06  2.70089000E-04
2002-01-05T00:43:09.565  8.19786000E-04  5.52852000E-04  4.45189000E-04
2002-01-05T00:43:10.565  9.17756000E-04  7.94201000E-04 -5.82905000E-04
2002-01-05T00:43:11.565 -4.85843000E-04 -4.93717000E-04 -1.04045300E-03
2002-01-05T00:43:12.565  1.04203400E-03  3.45849000E-04 -8.73167000E-04
2002-01-05T00:43:13.565  6.94273000E-04  3.19360000E-04  1.11485800E-03
2002-01-05T00:43:14.565 -3.17951000E-04 -5.33411000E-04 -4.75890000E-04
2002-01-05T00:43:15.565  1.31037800E-03  6.71048000E-04  7.40001000E-04
2002-01-05T00:43:16.565 -3.57460000E-05 -4.40980000E-04 -7.74874000E-04
2002-01-05T00:43:17.565 -3.34585000E-04 -2.71209000E-04  7.04640000E-04
2002-01-05T00:43:18.573  9.21659000E-04  9.62500000E-04 -5.53895000E-04
2002-01-05T00:43:19.565  5.70185000E-04  1.09402000E-04 -6.59881000E-04
2002-01-05T00:43:20.565 -6.89400000E-06  1.16000000E-07  6.74375000E-04
2002-01-05T00:43:21.565  1.18773600E-03  7.59477000E-04 -3.51610000E-04
2002-01-05T00:43:22.565 -7.04253000E-04 -6.20613000E-04  8.29704000E-04
2002-01-05T00:43:23.565 -1.05194000E-04 -6.18900000E-06 -1.87203000E-04
2002-01-05T00:43:24.565  1.03793300E-03  1.30880300E-03  8.06700000E-06
2002-01-05T00:43:25.565 -8.53858000E-04 -6.60200000E-06  3.96373000E-04
2002-01-05T00:43:26.565 -4.65410000E-05  5.22351000E-04  1.62321000E-04
2002-01-05T00:43:27.565  1.24885400E-03  1.11922600E-03  1.87181000E-04
2002-01-05T00:43:28.565 -1.21093800E-03 -2.86218000E-04  7.28503000E-04
2002-01-05T00:43:29.565  3.77267000E-04  2.90752000E-04 -2.62654000E-04
2002-01-05T00:43:30.565  7.34014000E-04  4.31242000E-04  7.59342000E-04
2002-01-05T00:43:31.565 -2.05320000E-04 -1.00340100E-03 -5.28163000E-04
2002-01-05T00:43:32.565  2.51375000E-04  6.00415000E-04  6.09034000E-04
2002-01-05T00:43:33.565 -3.24841000E-04 -9.00999000E-04  5.43598000E-04
2002-01-05T00:43:34.573  2.06071000E-04  2.23069000E-04 -1.12165000E-04
2002-01-05T00:43:35.565  4.76655000E-04  1.18559000E-04 -2.16242000E-04
2002-01-05T00:43:36.565 -7.00131000E-04 -9.07664000E-04  1.00196700E-03
2002-01-05T00:43:37.565  7.73877000E-04  9.46913000E-04 -6.55224000E-04
2002-01-05T00:43:38.565  1.75663000E-04  1.68266000E-04  7.63337000E-04
2002-01-05T00:43:39.565  3.81780000E-05 -1.49482000E-04 -2.12291000E-04
2002-01-05T00:43:40.565  1.26947600E-03  8.25362000E-04  5.28092000E-04
2002-01-05T00:43:41.565  4.18292000E-04 -3.92462000E-04 -7.95870000E-05
2002-01-05T00:43:42.565  9.80900000E-05  4.43225000E-04 -5.15711000E-04
2002-01-05T00:43:43.565  9.88345000E-04  6.45130000E-04 -2.50256000E-04
2002-01-05T00:43:44.565 -6.64523000E-04 -4.35072000E-04 -2.17230000E-04
2002-01-05T00:43:45.565  1.02239500E-03  8.66880000E-04  7.15911000E-04
2002-01-05T00:43:46.565 -5.59887000E-04 -5.26368000E-04 -2.86790000E-04
2002-01-05T00:43:47.565 -2.13770000E-05  1.64760000E-05 -1.00170100E-03
2002-01-05T00:43:48.565 -1.24195000E-04  6.37170000E-04  1.15186000E-03
2002-01-05T00:43:49.565 -4.01340000E-04  3.79846000E-04 -5.39983000E-04
2002-01-05T00:43:50.573 -1.31738000E-04  1.25707200E-03  5.34470000E-04
2002-01-05T00:43:51.565 -1.65454000E-04  7.97928000E-04 -1.99510000E-04
2002-01-05T00:43:52.565 -9.19558000E-04  7.73730000E-04  1.26352000E-04
2002-01-05T00:43:53.565  4.12237000E-04  2.16628100E-03 -3.78240000E-04
2002-01-05T00:43:54.569 -1.20165800E-03  3.03650000E-04  7.51790000E-04
2002-01-05T00:43:55.565  2.00450000E-04  1.52155100E-03 -7.23992000E-04
2002-01-05T00:43:56.565 -1.51521000E-04  6.81422000E-04  2.71746000E-04
2002-01-05T00:43:57.565 -9.30040000E-05  6.66373000E-04 -3.83737000E-04
2002-01-05T00:43:58.565  1.15613800E-03  9.59372000E-04  8.06163000E-04
2002-01-05T00:43:59.565 -1.18892000E-04 -7.47604000E-04 -3.50107000E-04
2002-01-05T00:44:00.565  1.52202500E-03  5.36321000E-04  8.49771000E-04
2002-01-05T00:44:01.565 -4.39319000E-04 -4.45396000E-04 -7.57549000E-04
2002-01-05T00:44:02.565  9.12169000E-04  1.35032000E-04  6.30030000E-05
2002-01-05T00:44:03.565  3.61642000E-04  5.02160000E-04 -4.05086000E-04
2002-01-05T00:44:04.565 -5.03287000E-04  6.26400000E-06 -1.47138000E-04
2002-01-05T00:44:05.565  4.20071000E-04  1.31060600E-03 -1.32018000E-04
2002-01-05T00:44:06.573 -1.44262300E-03 -6.66930000E-05 -1.14376200E-03
2002-01-05T00:44:07.565  2.99250000E-04  1.58355800E-03  1.62220000E-04
2002-01-05T00:44:08.565 -1.51344000E-04 -2.55014000E-04  7.03371000E-04
2002-01-05T00:44:09.565  7.38745000E-04  1.45978000E-04 -6.75259000E-04
2002-01-05T00:44:10.565  1.64169000E-04  4.58072000E-04  4.73208000E-04
2002-01-05T00:44:11.565  8.23429000E-04 -4.60325000E-04 -1.46507000E-04
2002-01-05T00:44:12.565  3.31068000E-04  5.04540000E-05  3.70497000E-04
2002-01-05T00:44:13.565 -2.39544000E-04 -1.78436000E-04 -5.65757000E-04
2002-01-05T00:44:14.565  4.48505000E-04  2.01974800E-03  5.15590000E-04
2002-01-05T00:44:15.565 -1.22934700E-03  1.06704000E-04 -2.94161000E-04
2002-01-05T00:44:16.565  5.67233000E-04  9.84451000E-04 -7.15361000E-04
2002-01-05T00:44:17.565 -1.01101100E-03 -8.93975000E-04  6.33778000E-04
2002-01-05T00:44:18.565  6.30804000E-04  4.88024000E-04 -6.23665000E-04
2002-01-05T00:44:19.565 -5.60578000E-04 -8.78505000E-04  8.46269000E-04
2002-01-05T00:44:20.565  6.22877000E-04  6.53782000E-04 -2.34514000E-04
2002-01-05T00:44:21.565 -1.36150200E-03 -1.58874000E-04  6.89361000E-04
2002-01-05T00:44:22.573 -5.57390000E-05  8.49682000E-04 -8.80390000E-05
2002-01-05T00:44:23.565  3.70880000E-04  7.08535000E-04  4.71996000E-04
2002-01-05T00:44:24.565 -7.87220000E-05  5.38050000E-04  6.22834000E-04
2002-01-05T00:44:25.565  7.79660000E-05 -7.46999000E-04  1.01740000E-05
2002-01-05T00:44:26.565  7.12420000E-04 -6.29065000E-04 -4.56711000E-04
2002-01-05T00:44:27.565  1.22919000E-04  3.31481000E-04  3.34102000E-04
2002-01-05T00:44:28.565 -6.31190000E-04  1.22780000E-04 -5.10114000E-04
2002-01-05T00:44:29.565 -2.09395000E-04  9.62645000E-04  7.08901000E-04
2002-01-05T00:44:30.565 -1.19962500E-03  3.23542000E-04 -6.39808000E-04
2002-01-05T00:44:31.565  3.10469000E-04  1.42791400E-03  5.40409000E-04
2002-01-05T00:44:32.565 -3.71055000E-04 -1.04294200E-03 -7.25528000E-04
2002-01-05T00:44:33.565  1.60650300E-03  5.62270000E-05  7.33350000E-05
2002-01-05T00:44:34.565 -7.96734000E-04 -8.99797000E-04 -2.23309000E-04
2002-01-05T00:44:35.565  2.15409000E-04  6.33463000E-04 -1.94188000E-04
2002-01-05T00:44:36.565 -1.75181700E-03  2.47124000E-04 -2.13063000E-04
2002-01-05T00:44:37.565  1.25296900E-03  7.98432000E-04  1.29437600E-03
2002-01-05T00:44:38.573 -9.21557000E-04 -1.06227200E-03 -7.60856000E-04
2002-01-05T00:44:39.565  9.90648000E-04  9.62314000E-04  7.33996000E-04
2002-01-05T00:44:40.565 -5.01884000E-04 -1.09333400E-03 -1.16720000E-04
2002-01-05T00:44:41.565  4.53195000E-04  2.36772000E-04  7.55400000E-06
2002-01-05T00:44:42.565 -2.49899000E-04  2.91404000E-04 -2.58800000E-04
2002-01-05T00:44:43.565 -3.12007000E-04  1.37207700E-03  3.10341000E-04
2002-01-05T00:44:44.565 -6.45721000E-04  1.91136000E-04  9.43146000E-04
2002-01-05T00:44:45.565  3.80177000E-04  2.12901000E-04  2.97404000E-04
2002-01-05T00:44:46.565 -9.64270000E-05 -3.76922000E-04  4.82791000E-04
2002-01-05T00:44:47.565 -1.30690000E-05 -3.90430000E-05 -8.27670000E-04
2002-01-05T00:44:48.565 -3.20858000E-04  3.21344000E-04  3.21223000E-04
2002-01-05T00:44:49.565 -5.98684000E-04  1.22967000E-04  6.01935000E-04
2002-01-05T00:44:50.565 -7.04812000E-04  6.51030000E-04  2.65027000E-04
2002-01-05T00:44:51.565 -7.42744000E-04  2.34315000E-04 -2.80412000E-04
2002-01-05T00:44:52.565  8.34170000E-04 -2.22969000E-04 -1.07500800E-03
2002-01-05T00:44:53.565 -1.51090000E-05 -5.79264000E-04  1.28632500E-03
2002-01-05T00:44:54.573  1.31214500E-03  4.59179000E-04 -5.15293000E-04
2002-01-05T00:44:55.565 -7.92857000E-04 -2.25656000E-04 -2.12789000E-04
2002-01-05T00:44:56.565 -1.60415000E-04  1.26951600E-03 -6.38947000E-04
2002-01-05T00:44:57.565 -1.38659100E-03  5.17505000E-04 -1.04774900E-03
2002-01-05T00:44:58.565  9.78940000E-05  1.46705600E-03  7.62119000E-04
2002-01-05T00:44:59.565 -6.31558000E-04 -8.60487000E-04 -4.19817000E-04
2002-01-05T00:45:00.565  7.94369000E-04  2.18807000E-04  4.83939000E-04
2002-01-05T00:45:01.565 -7.78552000E-04 -1.33172000E-03 -6.42020000E-04
2002-01-05T00:45:02.565  5.61514000E-04  8.47406000E-04  1.02071500E-03
2002-01-05T00:45:03.565 -1.16295500E-03 -3.42829000E-04 -7.30284000E-04
2002-01-05T00:45:04.565  1.69032000E-04  1.11126300E-03  6.67040000E-04
2002-01-05T00:45:05.565 -6.77645000E-04 -1.29381500E-03  1.18540000E-04
2002-01-05T00:45:06.565  1.12614500E-03  5.05992000E-04 -3.42000000E-06
2002-01-05T00:45:07.565 -1.09514900E-03 -1.12725300E-03 -1.47614000E-04
2002-01-05T00:45:08.565  7.09404000E-04  4.56837000E-04  1.39602000E-04
2002-01-05T00:45:09.565 -8.80914000E-04 -1.09754000E-04 -4.35240000E-05
2002-01-05T00:45:10.572  3.42847000E-04  1.44261100E-03  2.29162000E-04
2002-01-05T00:45:11.565 -1.59731600E-03 -6.19680000E-04  3.64890000E-05
2002-01-05T00:45:12.565  5.90082000E-04  4.79046000E-04  7.48426000E-04
2002-01-05T00:45:13.565 -3.75677000E-04 -9.42406000E-04 -1.57022000E-04
2002-01-05T00:45:14.565  8.82581000E-04  4.86810000E-05  4.42994000E-04
2002-01-05T00:45:15.565 -8.51714000E-04 -4.70548000E-04 -7.59114000E-04
2002-01-05T00:45:16.565  1.54689000E-04  1.09751200E-03  4.41564000E-04
2002-01-05T00:45:17.565 -8.91319000E-04 -6.99956000E-04 -3.55423000E-04
2002-01-05T00:45:18.565  6.09490000E-04  4.38645000E-04  5.33844000E-04
2002-01-05T00:45:19.565 -1.22728000E-04 -1.18394700E-03 -4.61656000E-04
2002-01-05T00:45:20.565  1.01937400E-03  2.75737000E-04  1.87071000E-04
2002-01-05T00:45:21.565 -1.36586500E-03 -6.85712000E-04 -2.67676000E-04
2002-01-05T00:45:22.565  1.41355000E-04  9.86982000E-04  7.65760000E-04
2002-01-05T00:45:23.565 -1.04893000E-03 -4.79412000E-04 -9.45573000E-04
2002-01-05T00:45:24.565  6.38955000E-04  4.27371000E-04  1.45636400E-03
2002-01-05T00:45:25.565  4.71880000E-04 -1.25239600E-03 -4.69725000E-04
2002-01-05T00:45:26.572  7.21436000E-04  1.57378000E-04  6.03019000E-04
2002-01-05T00:45:27.565 -3.75304000E-04 -9.76390000E-05 -2.87792000E-04
2002-01-05T00:45:28.565 -6.52540000E-05  1.04551200E-03  3.30930000E-04
2002-01-05T00:45:29.565 -6.89739000E-04  1.05330000E-05 -5.19126000E-04
2002-01-05T00:45:30.565  5.94707000E-04  6.63599000E-04  6.53408000E-04
2002-01-05T00:45:31.565 -4.57778000E-04 -4.36063000E-04 -3.67361000E-04
2002-01-05T00:45:32.565  7.54536000E-04 -1.57630000E-04  1.97370000E-04
2002-01-05T00:45:33.565 -1.09996500E-03 -4.21434000E-04 -1.30023000E-04
2002-01-05T00:45:34.565  2.02052000E-04  8.89582000E-04 -4.11423000E-04
2002-01-05T00:45:35.565 -1.17888700E-03 -2.99117000E-04  1.19976500E-03
2002-01-05T00:45:36.565  8.36140000E-04  2.02471000E-04 -1.08861000E-04
2002-01-05T00:45:37.565 -5.28780000E-04 -1.09434300E-03  7.65322000E-04
2002-01-05T00:45:38.565  7.20668000E-04  5.04323000E-04 -5.87688000E-04
2002-01-05T00:45:39.565 -9.50587000E-04 -5.65828000E-04 -3.89848000E-04
2002-01-05T00:45:40.565  6.62458000E-04  1.16883600E-03 -6.75881000E-04
2002-01-05T00:45:41.565 -7.94717000E-04 -2.69487000E-04  2.65093000E-04
2002-01-05T00:45:42.572  8.03462000E-04  8.60578000E-04 -7.09430000E-05
2002-01-05T00:45:43.565 -6.21010000E-05 -1.10346100E-03  7.43475000E-04
2002-01-05T00:45:44.565  9.66591000E-04 -6.46480000E-05 -8.57279000E-04
2002-01-05T00:45:45.565 -7.00805000E-04 -5.98231000E-04  9.18322000E-04
2002-01-05T00:45:46.565  1.15505000E-04  1.06862900E-03 -5.43831000E-04
2002-01-05T00:45:47.565  2.42200000E-05  4.89956000E-04  1.37268100E-03
2002-01-05T00:45:48.565  7.09317000E-04  8.99100000E-05 -1.37420000E-04
2002-01-05T00:45:49.565  3.69900000E-06 -1.07169800E-03  3.30606000E-04
2002-01-05T00:45:50.565  5.58967000E-04  2.85263000E-04  2.63021000E-04
2002-01-05T00:45:51.565 -5.47711000E-04 -5.80552000E-04 -1.04242300E-03
2002-01-05T00:45:52.565 -1.72050000E-04  8.57538000E-04  2.58971000E-04
2002-01-05T00:45:53.565 -9.25967000E-04  4.03727000E-04 -6.26375000E-04
2002-01-05T00:45:54.565  5.26754000E-04  1.44587000E-04 -1.02393000E-04
2002-01-05T00:45:55.565  7.54213000E-04 -6.68291000E-04 -2.30491000E-04
2002-01-05T00:45:56.565  6.96513000E-04  1.38572000E-04  4.64163000E-04
2002-01-05T00:45:57.565 -6.96277000E-04 -1.77792000E-04  4.34320000E-05
2002-01-05T00:45:58.572  3.42058000E-04  9.01135000E-04  2.86900000E-05
2002-01-05T00:45:59.565 -8.92286000E-04  6.18093000E-04 -1.21540000E-04
2002-01-05T00:46:00.565  1.94259000E-04  7.20694000E-04  1.38293300E-03
2002-01-05T00:46:01.565 -7.44479000E-04 -1.63069900E-03 -3.38452000E-04
2002-01-05T00:46:02.565  6.85849000E-04  3.76790000E-04 -1.66813000E-04
2002-01-05T00:46:03.565 -1.00195600E-03 -7.20524000E-04  1.16879000E-04
2002-01-05T00:46:04.565  7.50680000E-05  1.32417000E-03 -5.18800000E-06
2002-01-05T00:46:05.565 -1.30380900E-03 -2.37485000E-04 -1.02068000E-04
2002-01-05T00:46:06.565  1.04056400E-03  4.04561000E-04 -8.04598000E-04
2002-01-05T00:46:07.565 -7.75259000E-04 -1.86036300E-03  6.68744000E-04
2002-01-05T00:46:08.565  1.28278700E-03  8.33580000E-05 -7.14436000E-04
2002-01-05T00:46:09.565 -8.01549000E-04 -2.95064000E-04 -1.11935000E-04
2002-01-05T00:46:10.565  7.49893000E-04  9.73049000E-04 -5.04754000E-04
2002-01-05T00:46:11.565 -1.19770600E-03 -2.14046000E-04 -2.45533000E-04
2002-01-05T00:46:12.565  1.06046200E-03  3.25978000E-04  4.70699000E-04
2002-01-05T00:46:13.565 -4.80731000E-04 -9.79400000E-04 -4.52190000E-05
2002-01-05T00:46:14.572  1.07883900E-03  3.53909000E-04  2.07425000E-04
2002-01-05T00:46:15.565 -1.11008900E-03 -7.59483000E-04  3.29147000E-04
2002-01-05T00:46:16.565  6.74226000E-04  1.51455100E-03  1.44296000E-04
2002-01-05T00:46:17.565 -9.69162000E-04 -8.77077000E-04  7.20193000E-04
2002-01-05T00:46:18.565  1.02421400E-03  8.84175000E-04  2.54760000E-05
2002-01-05T00:46:19.565 -2.15403000E-04 -1.56075700E-03 -9.58504000E-04
2002-01-05T00:46:20.565  9.83213000E-04  4.02482000E-04  8.51575000E-04
2002-01-05T00:46:21.565 -1.29686200E-03 -1.31798000E-04 -1.36246000E-03
2002-01-05T00:46:22.565  1.76600000E-05  1.78790600E-03  8.34749000E-04
2002-01-05T00:46:23.565 -1.38684700E-03 -2.92795000E-04 -7.15950000E-04
2002-01-05T00:46:24.565  2.71829000E-04  9.85790000E-05  6.45086000E-04
2002-01-05T00:46:25.565 -6.13491000E-04 -1.37890100E-03  5.82966000E-04
2002-01-05T00:46:26.565 -8.39740000E-05  1.60102000E-04  2.96869000E-04
2002-01-05T00:46:27.565 -1.23318500E-03  1.90415000E-04  1.05762000E-04
2002-01-05T00:46:28.565  4.71704000E-04  7.50803000E-04 -4.35250000E-05
2002-01-05T00:46:29.565 -5.10197000E-04 -5.83589000E-04 -6.96160000E-04
2002-01-05T00:46:30.572  7.68023000E-04 -5.14770000E-05  7.63240000E-04
2002-01-05T00:46:31.565 -3.11560000E-04 -1.05162100E-03 -4.52192000E-04
2002-01-05T00:46:32.565  5.39650000E-04  3.62289000E-04  1.46307000E-04
2002-01-05T00:46:33.565 -1.42651800E-03  9.04340000E-05 -1.07068700E-03
2002-01-05T00:46:34.565  4.20526000E-04  7.05274000E-04  1.98594000E-04
2002-01-05T00:46:35.565 -3.36256000E-04 -8.14406000E-04 -4.01377000E-04
2002-01-05T00:46:36.565  1.09592600E-03  2.72540000E-04  2.23661000E-04
2002-01-05T00:46:37.565 -5.02070000E-04 -5.64969000E-04  3.55650000E-05
2002-01-05T00:46:38.565  6.15424000E-04  6.98371000E-04 -4.65487000E-04
2002-01-05T00:46:39.565 -8.86918000E-04  3.45762000E-04  4.61657000E-04
2002-01-05T00:46:40.565  5.15942000E-04  1.78040600E-03 -6.62835000E-04
2002-01-05T00:46:41.565 -5.22506000E-04  1.08812000E-04  1.28946400E-03
2002-01-05T00:46:42.565 -1.80015000E-04 -1.44026000E-04  5.77450000E-05
2002-01-05T00:46:43.565  4.58940000E-05 -6.53124000E-04  8.63429000E-04
2002-01-05T00:46:44.565  1.36661000E-04  3.27830000E-04 -6.01392000E-04
2002-01-05T00:46:45.565 -4.88812000E-04  6.28963000E-04 -3.04000000E-06
2002-01-05T00:46:46.572 -3.84939000E-04  7.02653000E-04 -9.59228000E-04
2002-01-05T00:46:47.565  6.80960000E-05 -5.08770000E-05  1.68913300E-03
2002-01-05T00:46:48.565  1.02183500E-03 -2.03758000E-04 -3.50763000E-04
2002-01-05T00:46:49.565  5.70922000E-04 -4.38765000E-04  4.26522000E-04
2002-01-05T00:46:50.565 -2.61631000E-04 -1.60120000E-05  1.57833000E-04
2002-01-05T00:46:51.565  1.67928000E-04  4.59155000E-04  1.96681000E-04
2002-01-05T00:46:52.565 -7.06333000E-04  8.09832000E-04 -5.70741000E-04
2002-01-05T00:46:53.565  2.85429000E-04  1.58413000E-04  1.21889500E-03
2002-01-05T00:46:54.565 -6.66100000E-06 -7.20156000E-04 -7.78413000E-04
2002-01-05T00:46:55.565  5.24511000E-04  1.81276000E-04  7.58141000E-04
2002-01-05T00:46:56.565 -4.27673000E-04  5.49990000E-05 -3.72639000E-04
2002-01-05T00:46:57.565  1.54054000E-04  7.92811000E-04  3.02428000E-04
2002-01-05T00:46:58.565 -9.15427000E-04  2.88129000E-04  1.98337000E-04
2002-01-05T00:46:59.565  2.77031000E-04  2.51546000E-04 -9.99707000E-04
2002-01-05T00:47:00.565 -1.99110000E-05 -9.21736000E-04  8.98720000E-05
2002-01-05T00:47:01.565  6.52429000E-04  1.20586000E-04  7.36910000E-05
2002-01-05T00:47:02.572 -6.55928000E-04 -3.11725000E-04  1.23622000E-04
2002-01-05T00:47:03.565  2.25786000E-04  6.36227000E-04  1.48645000E-04
2002-01-05T00:47:04.565 -2.16982000E-04  3.22790000E-04  5.95330000E-05
2002-01-05T00:47:05.565  6.82245000E-04  3.19732000E-04  1.80918000E-04
2002-01-05T00:47:06.565 -4.20339000E-04 -4.43023000E-04 -4.90976000E-04
2002-01-05T00:47:07.565  9.94508000E-04  3.18439000E-04  6.28099000E-04
2002-01-05T00:47:08.565 -7.56953000E-04 -5.61161000E-04  8.95431000E-04
2002-01-05T00:47:09.565  7.01045000E-04  7.54074000E-04 -1.05358000E-04
2002-01-05T00:47:10.565 -1.59902500E-03 -5.96237000E-04  5.25160000E-04
2002-01-05T00:47:11.565  8.98513000E-04  6.71558000E-04 -7.37380000E-04
2002-01-05T00:47:12.565 -2.49823000E-04 -1.50863700E-03 -1.35708000E-04
2002-01-05T00:47:13.565  8.30310000E-04  3.76903000E-04 -2.03957000E-04
2002-01-05T00:47:14.565 -1.46039100E-03 -1.07823000E-04  1.57256900E-03
2002-01-05T00:47:15.565  2.45204000E-04  1.45653400E-03  4.96330000E-05
2002-01-05T00:47:16.565 -1.00929700E-03 -4.43113000E-04  1.12805800E-03
2002-01-05T00:47:17.565  1.94392000E-04  4.72474000E-04 -2.45719000E-04
2002-01-05T00:47:18.572 -1.10017200E-03 -1.26901600E-03  2.89127000E-04
2002-01-05T00:47:19.564  5.81920000E-04  1.64926000E-04 -2.48222000E-04
2002-01-05T00:47:20.564 -1.09334700E-03 -1.10502000E-04  4.39284000E-04
2002-01-05T00:47:21.564  3.30961000E-04  1.38808200E-03 -5.38769000E-04
2002-01-05T00:47:22.564 -7.85097000E-04 -9.66135000E-04  6.42015000E-04
2002-01-05T00:47:23.564  9.37694000E-04  2.61688000E-04 -4.39487000E-04
2002-01-05T00:47:24.564 -8.79027000E-04 -1.57176900E-03  3.13906000E-04
2002-01-05T00:47:25.564  6.85326000E-04  1.00586200E-03  3.20609000E-04
2002-01-05T00:47:26.564 -1.43846800E-03 -3.72458000E-04  2.74457000E-04
2002-01-05T00:47:27.564  5.56007000E-04  6.42264000E-04  7.49465000E-04
2002-01-05T00:47:28.564 -4.22867000E-04 -8.94460000E-04  2.98158000E-04
2002-01-05T00:47:29.564  1.44587600E-03  1.56983000E-04 -6.03026000E-04
2002-01-05T00:47:30.564 -5.95529000E-04 -9.05799000E-04  3.70312000E-04
2002-01-05T00:47:31.564  3.39934000E-04  7.22093000E-04 -1.68135000E-04
2002-01-05T00:47:32.564 -1.27064800E-03  1.21515000E-04 -4.46400000E-05
2002-01-05T00:47:33.564  7.17870000E-05  7.58508000E-04  3.60090000E-05
2002-01-05T00:47:34.572 -2.60400000E-04 -8.51641000E-04  7.68360000E-04
2002-01-05T00:47:35.564 -6.37700000E-05 -5.41010200E-03  9.94967000E-04
2002-01-05T00:47:36.564  1.62441900E-03 -3.80815900E-03  2.90586000E-04
2002-01-05T00:47:37.564 -3.13894900E-03 -2.12026300E-03  1.18196200E-03
2002-01-05T00:47:38.564  9.27217000E-04  7.54193900E-03 -3.38471000E-04
2002-01-05T00:47:39.564 -7.78205500E-03  3.25235700E-03 -5.62193700E-03
2002-01-05T00:47:40.564  2.62196400E-03  4.95394900E-03  1.32072400E-03
2002-01-05T00:47:41.564 -4.66158000E-04 -5.65951700E-03  8.05366000E-04
2002-01-05T00:47:42.564  6.94582600E-03 -1.85935800E-03  4.53260300E-03
2002-01-05T00:47:43.564 -6.10159700E-03 -5.40894000E-03 -2.08224400E-03
2002-01-05T00:47:44.564  3.14123200E-03  5.84527100E-03  2.01039500E-03
2002-01-05T00:47:45.564 -5.29692300E-03 -5.57470000E-05 -2.94775100E-03
2002-01-05T00:47:46.564  7.22395900E-03  1.58961400E-03  3.05938700E-03
2002-01-05T00:47:47.564  3.43917900E-03 -7.20335300E-03 -3.17728200E-03
2002-01-05T00:47:48.564  5.19008300E-03  3.22860900E-03  2.14012300E-03
2002-01-05T00:47:49.564 -6.23002100E-03 -3.41457200E-03 -4.18351800E-03
2002-01-05T00:47:50.572  1.70042700E-03  9.38558700E-03  4.22892000E-04
2002-01-05T00:47:51.564 -1.02033070E-02 -1.14663200E-03 -3.78746500E-03
2002-01-05T00:47:52.564  7.50359200E-03  2.60800000E-03  1.73911700E-03
2002-01-05T00:47:53.564 -1.23971400E-03 -1.06394340E-02 -3.94498300E-03
2002-01-05T00:47:54.564  5.57096200E-03  4.34866000E-03  8.36889400E-03
2002-01-05T00:47:55.564 -8.30049300E-03 -2.19871000E-03 -6.64898600E-03
2002-01-05T00:47:56.564  1.95166700E-03  1.11585150E-02  2.74083900E-03
2002-01-05T00:47:57.564 -9.03688500E-03 -6.32898400E-03 -3.68302500E-03
2002-01-05T00:47:58.564  9.17128000E-03 -1.29807700E-03  7.39882000E-04
2002-01-05T00:47:59.564 -2.41095300E-03 -9.28447800E-03 -1.23785000E-04
2002-01-05T00:48:00.564  5.42770500E-03  7.00917800E-03 -2.80583300E-03
2002-01-05T00:48:01.564 -9.89735200E-03 -1.60250000E-04  2.35367900E-03
2002-01-05T00:48:02.564  2.65277800E-03  9.14300200E-03  1.33855800E-03
2002-01-05T00:48:03.564 -2.16794500E-03 -6.96261000E-03  2.41117300E-03
2002-01-05T00:48:04.564  1.09168420E-02  1.95728800E-03  6.65764000E-04
2002-01-05T00:48:05.564 -1.34117000E-04 -4.51534600E-03 -4.81097300E-03
2002-01-05T00:48:06.568 -4.52473000E-04  7.09922300E-03  5.53131000E-04
2002-01-05T00:48:07.564 -1.09688360E-02 -3.17424500E-03 -5.90907000E-03
2002-01-05T00:48:08.564  4.26885100E-03  2.51800100E-03  9.59273100E-03
2002-01-05T00:48:09.564 -6.99235000E-03 -6.72841900E-03 -2.57129800E-03
2002-01-05T00:48:10.564  9.25396200E-03 -2.23980800E-03  5.51490400E-03
2002-01-05T00:48:11.564 -3.35823700E-03 -5.45700400E-03  1.98230800E-03
2002-01-05T00:48:12.564  2.89423200E-03  1.04143950E-02 -8.30890000E-04
2002-01-05T00:48:13.564 -1.03380420E-02 -2.95750000E-05 -8.79850000E-04
2002-01-05T00:48:14.564  4.87057400E-03  6.79062500E-03  4.90276000E-03
2002-01-05T00:48:15.564 -2.07882200E-03 -5.08806100E-03 -1.76479000E-04
2002-01-05T00:48:16.564  3.08341100E-03  4.18725700E-03  6.89399000E-04
2002-01-05T00:48:17.564 -8.06570000E-04 -1.92576800E-03 -8.62757800E-03
2002-01-05T00:48:18.564  1.13621900E-03  6.61548100E-03  1.43901040E-02
2002-01-05T00:48:19.564 -5.83773100E-03  4.96279000E-03 -5.33666300E-03
2002-01-05T00:48:20.564  6.26933500E-03  1.51455200E-03  5.54987000E-04
2002-01-05T00:48:21.564  2.93540500E-03 -1.71763900E-03 -6.11048000E-04
2002-01-05T00:48:22.568  1.79004600E-03 -5.79054600E-03 -3.29543000E-04
2002-01-05T00:48:23.564  3.52961600E-03  9.05801000E-04 -1.34801700E-03
2002-01-05T00:48:24.564 -3.78938000E-03  6.60377200E-03  5.79355700E-03
2002-01-05T00:48:25.564  1.71740000E-05  3.32396500E-03  9.49753000E-04
2002-01-05T00:48:26.564 -4.23684400E-03 -3.84257900E-03  1.89739900E-03
2002-01-05T00:48:27.564  9.51432600E-03 -1.78215000E-03 -8.59749000E-04
2002-01-05T00:48:28.564 -1.78788900E-03 -5.55229400E-03  5.95374800E-03
2002-01-05T00:48:29.564  3.41214000E-04  5.93098900E-03 -6.21127200E-03
2002-01-05T00:48:30.564 -1.25440490E-02  3.12495300E-03  5.70988300E-03
2002-01-05T00:48:31.564  2.05594000E-04  7.74775500E-03 -8.22159700E-03
2002-01-05T00:48:32.564 -4.85274600E-03 -8.09964300E-03  2.76221500E-03
2002-01-05T00:48:33.564  1.04913220E-02  8.16177000E-04 -2.16162700E-03
2002-01-05T00:48:34.564 -4.19796600E-03 -5.45739100E-03  1.40755100E-03
2002-01-05T00:48:35.564  3.61490600E-03  8.13064500E-03 -2.47964100E-03
2002-01-05T00:48:36.564 -9.26684900E-03 -4.00458800E-03  1.90934000E-03
