2002-01-01T22:09:29.740  1.45495000E-04  1.11551700E-03 -7.00138000E-04
2002-01-01T22:09:30.740 -1.21006500E-03 -8.87532000E-04  2.14026000E-04
2002-01-01T22:09:31.740  5.28377000E-04  3.88438000E-04 -2.53178000E-04
2002-01-01T22:09:32.740  5.97400000E-05 -1.26971100E-03  2.13760000E-05
2002-01-01T22:09:33.740  1.54408000E-04  8.29073000E-04  2.08589000E-04
2002-01-01T22:09:34.740 -8.12918000E-04 -6.41920000E-05 -2.35858000E-04
2002-01-01T22:09:35.744  2.39962000E-04  1.15457100E-03 -4.62306000E-04
2002-01-01T22:09:36.740 -5.18074000E-04 -8.42471000E-04 -9.62761000E-04
2002-01-01T22:09:37.740  5.86077000E-04  7.20850000E-05 -2.39234000E-04
2002-01-01T22:09:38.740 -2.02094000E-04 -5.87423000E-04 -6.55893000E-04
2002-01-01T22:09:39.740  3.41849000E-04  7.58644000E-04  3.18706000E-04
2002-01-01T22:09:40.740 -9.22591000E-04 -3.45488000E-04  1.16577000E-03
2002-01-01T22:09:41.740  6.68275000E-04  1.15586200E-03  1.20096000E-04
2002-01-01T22:09:42.740 -9.24669000E-04 -7.40485000E-04 -6.15178000E-04
2002-01-01T22:09:43.740  1.36329000E-03 -3.67620000E-05  1.30739000E-04
2002-01-01T22:09:44.740 -9.60876000E-04 -1.11901200E-03 -4.90659000E-04
2002-01-01T22:09:45.740  6.27861000E-04  1.19967800E-03 -1.36777000E-04
2002-01-01T22:09:46.740 -1.15985500E-03 -6.44922000E-04 -2.06948000E-04
2002-01-01T22:09:47.740  1.34111000E-04  7.01567000E-04  1.33405000E-04
2002-01-01T22:09:48.740  1.73161000E-04 -1.10756200E-03 -5.39949000E-04
2002-01-01T22:09:49.740  3.21931000E-04 -2.07322000E-04 -6.92170000E-05
2002-01-01T22:09:50.740 -1.15769500E-03 -3.38346000E-04 -1.09793600E-03
2002-01-01T22:09:51.744  4.72800000E-06  1.02119200E-03  9.03825000E-04
2002-01-01T22:09:52.740 -7.36745000E-04 -2.80500000E-04  2.11740000E-05
2002-01-01T22:09:53.740  7.57203000E-04  1.52964000E-04 -1.29512000E-04
2002-01-01T22:09:54.740 -5.67734000E-04 -1.36074600E-03 -3.46110000E-04
2002-01-01T22:09:55.740  2.93241000E-04  9.36866000E-04 -5.25226000E-04
2002-01-01T22:09:56.740 -1.16214000E-03 -2.33056000E-04  5.70537000E-04
2002-01-01T22:09:57.740  2.79243000E-04  1.05359200E-03 -2.96460000E-04
2002-01-01T22:09:58.740 -1.20901000E-04 -1.28072400E-03 -3.02169000E-04
2002-01-01T22:09:59.740  9.71273000E-04  2.75722000E-04 -1.64415000E-04
2002-01-01T22:10:00.740 -1.37844500E-03 -1.05961000E-03  2.83794000E-04
2002-01-01T22:10:01.740  4.81452000E-04  9.01195000E-04 -7.86220000E-05
2002-01-01T22:10:02.740 -8.57286000E-04 -2.51105000E-04 -1.50029000E-04
2002-01-01T22:10:03.740  1.01884200E-03  3.61346000E-04 -7.84682000E-04
2002-01-01T22:10:04.740 -6.52307000E-04 -1.00919900E-03  2.93611000E-04
2002-01-01T22:10:05.740  8.52965000E-04  9.52331000E-04 -1.37661000E-04
2002-01-01T22:10:06.740 -1.12697800E-03  1.05457000E-04  8.14013000E-04
2002-01-01T22:10:07.744  6.44356000E-04  9.79116000E-04  5.92728000E-04
2002-01-01T22:10:08.740 -4.27482000E-04 -1.00566300E-03 -1.54330000E-04
2002-01-01T22:10:09.740  1.15926200E-03  2.24036000E-04  1.70307000E-04
2002-01-01T22:10:10.740 -1.23744200E-03 -6.29276000E-04 -3.68518000E-04
2002-01-01T22:10:11.740  3.53708000E-04  1.20461300E-03  6.57601000E-04
2002-01-01T22:10:12.740 -7.84214000E-04 -3.17808000E-04  8.86030000E-05
2002-01-01T22:10:13.740  9.85448000E-04  9.93686000E-04 -9.51774000E-04
2002-01-01T22:10:14.740 -4.37746000E-04 -1.14620600E-03  6.43252000E-04
2002-01-01T22:10:15.740  7.83290000E-04  7.75007000E-04  7.90480000E-05
2002-01-01T22:10:16.740 -1.10729800E-03 -3.30497000E-04  4.16789000E-04
2002-01-01T22:10:17.740  6.12124000E-04  1.07243100E-03 -1.35251000E-04
2002-01-01T22:10:18.740 -3.52744000E-04 -1.25406900E-03  4.53277000E-04
2002-01-01T22:10:19.740  1.36389400E-03  4.16099000E-04 -2.68037000E-04
2002-01-01T22:10:20.740 -6.94916000E-04 -7.89237000E-04 -4.70120000E-05
2002-01-01T22:10:21.740  6.88711000E-04  1.11427500E-03 -2.53529000E-04
2002-01-01T22:10:22.740 -1.24848900E-03 -6.37760000E-04  2.16554000E-04
2002-01-01T22:10:23.744  1.20627600E-03  7.55860000E-04 -1.85487000E-04
2002-01-01T22:10:24.740 -2.25779000E-04 -1.15140000E-03  4.07871000E-04
2002-01-01T22:10:25.740  1.02512100E-03  7.50328000E-04  4.17967000E-04
2002-01-01T22:10:26.740 -7.02539000E-04 -3.65809000E-04  3.63509000E-04
2002-01-01T22:10:27.740  5.97779000E-04  1.55178400E-03 -9.93153000E-04
2002-01-01T22:10:28.740 -1.04635600E-03 -5.78207000E-04  3.48906000E-04
2002-01-01T22:10:29.740  1.48402300E-03  3.15120000E-04 -4.26926000E-04
2002-01-01T22:10:30.740 -8.85460000E-05 -8.35007000E-04  3.58454000E-04
2002-01-01T22:10:31.740  4.97857000E-04  1.15591900E-03 -2.58356000E-04
2002-01-01T22:10:32.740 -1.84212500E-03  7.97300000E-06  6.23926000E-04
2002-01-01T22:10:33.740  8.70111000E-04  1.20885100E-03  6.04369000E-04
2002-01-01T22:10:34.740 -2.26379000E-04 -1.56711000E-03 -2.99650000E-05
2002-01-01T22:10:35.740  9.62620000E-04  3.01836000E-04  3.67873000E-04
2002-01-01T22:10:36.740 -8.63368000E-04 -8.73539000E-04  9.85080000E-05
2002-01-01T22:10:37.740 -2.69180000E-05  1.42631600E-03  9.39333000E-04
2002-01-01T22:10:38.740 -8.93467000E-04 -6.57600000E-04 -3.33746000E-04
2002-01-01T22:10:39.744  1.11744400E-03 -1.64010000E-04 -1.58898000E-04
2002-01-01T22:10:40.740 -5.29009000E-04 -7.14597000E-04 -7.28098000E-04
2002-01-01T22:10:41.740  6.00293000E-04  6.80768000E-04  1.15523800E-03
2002-01-01T22:10:42.740 -1.21094400E-03 -2.75602000E-04 -5.06901000E-04
2002-01-01T22:10:43.740  9.04130000E-05  2.09526000E-04  2.05270000E-05
2002-01-01T22:10:44.740 -4.73964000E-04 -1.47563900E-03  4.85813000E-04
2002-01-01T22:10:45.740  9.40776000E-04  9.43100000E-05 -2.90698000E-04
2002-01-01T22:10:46.740 -8.75672000E-04 -1.31679000E-04  5.98399000E-04
2002-01-01T22:10:47.740  1.26283000E-04  1.40792400E-03  1.02072000E-04
2002-01-01T22:10:48.740 -6.26864000E-04 -8.50306000E-04 -3.24224000E-04
2002-01-01T22:10:49.740  1.22968000E-03 -2.61312000E-04  5.60363000E-04
2002-01-01T22:10:50.740 -6.05054000E-04 -9.48950000E-04 -5.04044000E-04
2002-01-01T22:10:51.740  6.32111000E-04  1.25965100E-03  2.69080000E-05
2002-01-01T22:10:52.740 -6.72975000E-04 -5.64184000E-04  6.87742000E-04
2002-01-01T22:10:53.740  1.59137800E-03  9.66179000E-04 -9.66119000E-04
2002-01-01T22:10:54.740  1.07042000E-04 -1.13578300E-03  1.51534600E-03
2002-01-01T22:10:55.744  1.19288300E-03  6.21183000E-04 -1.99866400E-03
2002-01-01T22:10:56.740 -9.41200000E-04 -2.78104000E-04  2.18130000E-04
2002-01-01T22:10:57.740  4.93661000E-04  9.39949000E-04 -7.49292000E-04
2002-01-01T22:10:58.740 -2.78607000E-04 -6.95997000E-04  6.38097000E-04
2002-01-01T22:10:59.740  9.07634000E-04 -3.54502000E-04 -1.02213000E-03
2002-01-01T22:11:00.740 -1.62664000E-04 -5.53253000E-04 -2.24542000E-04
2002-01-01T22:11:01.740  5.40898000E-04  7.34386000E-04 -6.08089000E-04
2002-01-01T22:11:02.740 -1.31627400E-03  4.91720000E-04  4.24360000E-04
2002-01-01T22:11:03.740  9.63351000E-04  7.76483000E-04 -4.10111000E-04
2002-01-01T22:11:04.740 -3.95116000E-04 -5.56808000E-04  3.76295000E-04
2002-01-01T22:11:05.740  1.16496600E-03  1.18421000E-04 -1.71472000E-04
2002-01-01T22:11:06.740 -9.09939000E-04 -7.84360000E-05  6.38681000E-04
2002-01-01T22:11:07.740 -8.00460000E-04  3.85122000E-04  5.07389000E-04
2002-01-01T22:11:08.740 -1.09931800E-03  4.73980000E-04  7.85951000E-04
2002-01-01T22:11:09.740  7.10613000E-04  6.90890000E-05 -2.07186000E-04
2002-01-01T22:11:10.740 -2.04626000E-04 -9.10022000E-04  2.82645000E-04
2002-01-01T22:11:11.744  3.96630000E-05  6.87046000E-04 -3.68139000E-04
2002-01-01T22:11:12.740 -8.50639000E-04  2.18285000E-04  4.88539000E-04
2002-01-01T22:11:13.740  6.06455000E-04  6.86769000E-04 -6.90603000E-04
2002-01-01T22:11:14.740  2.49755000E-04 -1.02298400E-03  7.66535000E-04
2002-01-01T22:11:15.740  6.71655000E-04 -2.25474000E-04 -2.46929000E-04
2002-01-01T22:11:16.740 -4.61189000E-04 -1.03429000E-04  5.44031000E-04
2002-01-01T22:11:17.740  1.75379000E-04  5.27239000E-04 -2.50566000E-04
2002-01-01T22:11:18.740 -1.51118000E-04  4.98070000E-05 -2.90226000E-04
2002-01-01T22:11:19.740  9.07866000E-04 -5.74790000E-05 -4.56938000E-04
2002-01-01T22:11:20.740  2.74827000E-04 -7.94105000E-04  2.95145000E-04
2002-01-01T22:11:21.740  2.86845000E-04 -1.30571000E-04  6.40951000E-04
2002-01-01T22:11:22.740 -4.87283000E-04  1.23702000E-04  5.51171000E-04
2002-01-01T22:11:23.740 -9.23950000E-05  9.53006000E-04 -2.95936000E-04
2002-01-01T22:11:24.740 -4.73378000E-04  7.56880000E-05  1.13908300E-03
2002-01-01T22:11:25.740  1.57655700E-03  3.43512000E-04 -3.69334000E-04
2002-01-01T22:11:26.740 -3.19703000E-04 -6.72152000E-04  6.15848000E-04
2002-01-01T22:11:27.744 -1.54816000E-04  1.05573100E-03  8.98770000E-05
2002-01-01T22:11:28.740 -5.09281000E-04 -1.61277000E-04 -2.19138000E-04
2002-01-01T22:11:29.740  1.36118000E-03 -1.29920000E-05 -4.04102000E-04
2002-01-01T22:11:30.740 -2.81461000E-04 -4.24949000E-04  1.89581000E-04
2002-01-01T22:11:31.740  3.73300000E-04 -1.53838000E-04  2.54958000E-04
2002-01-01T22:11:32.740 -7.70623000E-04  4.44210000E-05 -8.95006000E-04
2002-01-01T22:11:33.740  1.01244000E-04  1.09529900E-03  7.82229000E-04
2002-01-01T22:11:34.740 -2.95897000E-04 -2.34369000E-04 -1.09892800E-03
2002-01-01T22:11:35.740  2.15052000E-04 -4.09466000E-04  1.12676000E-03
2002-01-01T22:11:36.740  3.62610000E-04 -7.90170000E-04  1.76111000E-04
2002-01-01T22:11:37.740 -2.98576000E-04  4.22158000E-04  4.71322000E-04
2002-01-01T22:11:38.740 -4.98517000E-04  5.76904000E-04 -8.11702000E-04
2002-01-01T22:11:39.740  8.72500000E-06  4.78307000E-04 -3.37473000E-04
2002-01-01T22:11:40.740  2.58099000E-04 -6.03392000E-04  7.82716000E-04
2002-01-01T22:11:41.740  9.23983000E-04 -2.21984000E-04 -8.08376000E-04
2002-01-01T22:11:42.740 -1.95451000E-04 -1.91939000E-04  5.50181000E-04
2002-01-01T22:11:43.744  3.90723000E-04  8.74456000E-04 -3.49203000E-04
2002-01-01T22:11:44.740 -6.24606000E-04  5.44420000E-05 -5.23407000E-04
2002-01-01T22:11:45.740  6.82580000E-05 -1.67946000E-04 -4.75938000E-04
2002-01-01T22:11:46.740  6.34327000E-04 -9.24442000E-04  1.24463900E-03
2002-01-01T22:11:47.740  6.66404000E-04 -4.49029000E-04 -2.01184000E-04
2002-01-01T22:11:48.740 -2.88741000E-04  1.33353000E-04  5.50446000E-04
2002-01-01T22:11:49.740 -1.08513900E-03  5.72136000E-04  1.65432000E-04
2002-01-01T22:11:50.740 -6.37410000E-05  5.14339000E-04  4.90860000E-05
2002-01-01T22:11:51.740  4.75572000E-04 -4.22585000E-04  3.59850000E-05
2002-01-01T22:11:52.740 -1.24080000E-05 -5.39667000E-04 -4.86030000E-05
2002-01-01T22:11:53.740  1.68540000E-05  1.36230000E-04 -4.46721000E-04
2002-01-01T22:11:54.740 -9.98319000E-04 -5.68770000E-05  5.68066000E-04
2002-01-01T22:11:55.740  8.87931000E-04  4.50475000E-04  8.67040000E-05
2002-01-01T22:11:56.740 -2.51066000E-04 -5.08334000E-04 -4.58689000E-04
2002-01-01T22:11:57.740  1.02476100E-03  1.66917000E-04  4.35807000E-04
2002-01-01T22:11:58.740 -2.70398000E-04 -1.88069000E-04  2.61284000E-04
2002-01-01T22:11:59.744 -4.31183000E-04  7.17067000E-04  6.53900000E-04
2002-01-01T22:12:00.740 -6.46590000E-04  6.12755000E-04 -4.20456000E-04
2002-01-01T22:12:01.740  1.08385400E-03  2.59194000E-04  6.38267000E-04
2002-01-01T22:12:02.740  1.15559000E-04 -5.90826000E-04  2.21005000E-04
2002-01-01T22:12:03.740  4.16464000E-04 -1.23454000E-04  5.99334000E-04
2002-01-01T22:12:04.740 -2.14474000E-04  2.53855000E-04 -6.85651000E-04
2002-01-01T22:12:05.740 -1.35332000E-04  9.60976000E-04  2.32480000E-05
2002-01-01T22:12:06.740 -2.78024000E-04  1.92562000E-04  9.91629000E-04
2002-01-01T22:12:07.740  6.04377000E-04 -9.77398000E-04 -5.15349000E-04
2002-01-01T22:12:08.740  1.95905000E-04 -4.49927000E-04 -1.32631000E-04
2002-01-01T22:12:09.740  1.09066000E-04  4.35791000E-04  6.69265000E-04
2002-01-01T22:12:10.740 -9.29152000E-04  4.09794000E-04 -3.56246000E-04
2002-01-01T22:12:11.740  6.52262000E-04  8.33369000E-04 -5.47490000E-05
2002-01-01T22:12:12.740 -2.22512000E-04 -2.28810000E-04  4.74357000E-04
2002-01-01T22:12:13.740  5.02914000E-04 -5.24760000E-05 -7.28148000E-04
2002-01-01T22:12:14.740 -5.09018000E-04 -2.78750000E-05  9.52278000E-04
2002-01-01T22:12:15.744 -3.30756000E-04  6.53402000E-04 -1.84913000E-04
2002-01-01T22:12:16.740 -2.83267000E-04 -5.92668000E-04  1.75930800E-03
2002-01-01T22:12:17.740  8.01703000E-04  2.10000000E-07 -8.42834000E-04
2002-01-01T22:12:18.740  1.04186000E-04 -8.86804000E-04 -5.93651000E-04
2002-01-01T22:12:19.740  1.12967400E-03  1.15636200E-03 -6.90064000E-04
2002-01-01T22:12:20.740 -6.54562000E-04 -9.63830000E-05  3.10701000E-04
2002-01-01T22:12:21.740  8.82550000E-05  1.09298000E-03 -9.44089000E-04
2002-01-01T22:12:22.740 -6.90523000E-04 -5.79834000E-04  1.22938800E-03
2002-01-01T22:12:23.740  1.60370000E-03  2.45001000E-04 -1.02051200E-03
2002-01-01T22:12:24.740 -5.85731000E-04 -6.24880000E-04  3.12423000E-04
2002-01-01T22:12:25.740  4.57278000E-04  9.21873000E-04 -9.19840000E-05
2002-01-01T22:12:26.740 -1.23804900E-03  8.28930000E-05 -3.60195000E-04
2002-01-01T22:12:27.740  2.90630000E-04  2.54559000E-04 -1.83601000E-04
2002-01-01T22:12:28.740  1.43490000E-04 -1.31083100E-03  4.08366000E-04
2002-01-01T22:12:29.740  1.72555000E-03  6.01298000E-04 -1.07628000E-04
2002-01-01T22:12:30.740 -8.66701000E-04 -1.99834000E-04  4.14238000E-04
2002-01-01T22:12:31.744  6.30681000E-04  8.14777000E-04  6.94303000E-04
2002-01-01T22:12:32.740 -1.17471000E-03  1.55890000E-04 -5.96639000E-04
2002-01-01T22:12:33.740  1.03500300E-03  6.04525000E-04 -1.49952000E-04
2002-01-01T22:12:34.740 -2.87120000E-04 -1.14053300E-03  7.09050000E-05
2002-01-01T22:12:35.740  9.58081000E-04  1.44890500E-03  2.38480000E-04
2002-01-01T22:12:36.740 -1.20652400E-03  8.51480000E-05  1.42627000E-04
2002-01-01T22:12:37.740  2.14256000E-04  4.85844000E-04  7.40265000E-04
2002-01-01T22:12:38.740 -7.08168000E-04 -5.16899000E-04 -5.52130000E-04
2002-01-01T22:12:39.740  1.22251400E-03  1.65355000E-04  6.80972000E-04
2002-01-01T22:12:40.740 -8.85625000E-04 -8.88652000E-04 -7.71240000E-04
2002-01-01T22:12:41.740  3.25789000E-04  9.12990000E-04  1.35226000E-04
2002-01-01T22:12:42.740 -9.95857000E-04 -1.89091000E-04  4.20620000E-04
2002-01-01T22:12:43.740  7.68282000E-04  1.14118600E-03 -3.72388000E-04
2002-01-01T22:12:44.740 -7.10558000E-04 -9.06039000E-04 -2.65721000E-04
2002-01-01T22:12:45.740  1.10895900E-03  3.65832000E-04 -1.53118000E-04
2002-01-01T22:12:46.740 -1.26501800E-03 -7.35290000E-04  1.24928000E-04
2002-01-01T22:12:47.744 -9.30100000E-06  1.65185700E-03  5.77446000E-04
2002-01-01T22:12:48.740 -6.39960000E-04 -6.23565000E-04  5.61273000E-04
2002-01-01T22:12:49.740  1.19784200E-03 -2.55058000E-04 -4.85533000E-04
2002-01-01T22:12:50.740 -6.74095000E-04 -1.28497300E-03 -1.15275000E-04
2002-01-01T22:12:51.740  4.74850000E-04  2.58402000E-04 -1.34147300E-03
2002-01-01T22:12:52.740 -1.58566600E-03 -1.66632000E-04  4.94588000E-04
2002-01-01T22:12:53.740  6.27404000E-04  4.32976000E-04 -1.38156800E-03
2002-01-01T22:12:54.740 -1.29651000E-04  3.16215000E-04  6.06638000E-04
2002-01-01T22:12:55.740  5.92062000E-04  1.59367000E-04  2.31445000E-04
2002-01-01T22:12:56.740 -7.43832000E-04 -4.11740000E-04  7.33662000E-04
2002-01-01T22:12:57.740 -8.89870000E-05  1.46461000E-03 -6.15530000E-05
2002-01-01T22:12:58.740 -4.19462000E-04  4.30050000E-05 -2.38300000E-06
2002-01-01T22:12:59.740  8.69052000E-04  5.07897000E-04  3.78290000E-04
2002-01-01T22:13:00.740 -1.08236000E-04 -1.14427600E-03  4.07990000E-04
2002-01-01T22:13:01.740  8.51443000E-04  2.95080000E-04 -5.73459000E-04
2002-01-01T22:13:02.740 -1.69056200E-03 -6.94554000E-04  5.72069000E-04
2002-01-01T22:13:03.744  2.01417000E-04  1.23842500E-03  3.73180000E-05
2002-01-01T22:13:04.740 -7.69373000E-04 -7.10230000E-05  4.86663000E-04
2002-01-01T22:13:05.740  1.45310500E-03  2.41885000E-04  2.96920000E-05
2002-01-01T22:13:06.740 -1.57405000E-04 -8.34507000E-04  7.05180000E-05
2002-01-01T22:13:07.740  2.43670000E-04  5.16640000E-04  1.10309700E-03
2002-01-01T22:13:08.740 -1.26776800E-03 -5.79824000E-04  6.92982000E-04
2002-01-01T22:13:09.740  6.58029000E-04  4.15038000E-04  9.72376000E-04
2002-01-01T22:13:10.740 -1.67117000E-04 -6.06813000E-04  3.10960000E-04
2002-01-01T22:13:11.740  9.61849000E-04 -2.43171000E-04 -2.49830000E-04
2002-01-01T22:13:12.740  1.92820000E-04 -4.13465000E-04  1.63656000E-04
2002-01-01T22:13:13.740  5.54941000E-04  3.44248000E-04  6.87720000E-04
2002-01-01T22:13:14.740 -1.33862500E-03 -3.91157000E-04 -1.14654900E-03
2002-01-01T22:13:15.740  2.14482000E-04  5.22407000E-04  8.24192000E-04
2002-01-01T22:13:16.740  1.42376000E-04 -6.35442000E-04 -1.17163500E-03
2002-01-01T22:13:17.740  6.31177000E-04 -4.42520000E-04  7.57014000E-04
2002-01-01T22:13:18.740 -6.02775000E-04  2.88684000E-04 -3.57546000E-04
2002-01-01T22:13:19.744 -5.53382000E-04  7.10461000E-04  1.29939000E-04
2002-01-01T22:13:20.740 -3.07037000E-04  3.23700000E-04 -9.20290000E-05
2002-01-01T22:13:21.740  3.63110000E-05 -2.18820000E-05 -2.38739000E-04
2002-01-01T22:13:22.740  9.64510000E-05 -9.93100000E-04 -2.58683000E-04
2002-01-01T22:13:23.740 -2.36500000E-06  2.12101000E-04  7.87400000E-06
2002-01-01T22:13:24.740  4.00641000E-04  9.29990000E-04 -1.40200100E-03
2002-01-01T22:13:25.740 -4.62559000E-04  1.02228000E-04  6.08033000E-04
2002-01-01T22:13:26.740  2.50637000E-04  1.47421000E-04 -4.93338000E-04
2002-01-01T22:13:27.740  3.72846000E-04 -4.84841000E-04  9.73326000E-04
2002-01-01T22:13:28.740  5.16226000E-04 -5.26298000E-04 -3.50898000E-04
2002-01-01T22:13:29.740 -5.66840000E-04  1.32004000E-04  4.15528000E-04
2002-01-01T22:13:30.740 -3.72647000E-04  1.30400600E-03  5.14977000E-04
2002-01-01T22:13:31.740 -3.36377000E-04 -5.70280000E-04 -1.64084000E-04
2002-01-01T22:13:32.740  4.83635000E-04  8.57590000E-05 -2.03372000E-04
2002-01-01T22:13:33.740 -1.37803000E-04 -1.12893200E-03  1.26617000E-04
2002-01-01T22:13:34.740  4.38047000E-04  6.98250000E-05  4.23675000E-04
2002-01-01T22:13:35.744 -1.37804000E-03 -3.94974000E-04  6.20600000E-06
2002-01-01T22:13:36.740  2.39029000E-04  1.30510000E-03 -1.04265100E-03
2002-01-01T22:13:37.740 -8.78205000E-04 -4.28445000E-04 -4.83700000E-06
2002-01-01T22:13:38.740  1.20401400E-03 -3.93090000E-05  5.76215000E-04
2002-01-01T22:13:39.740 -8.74782000E-04 -7.15932000E-04 -4.19510000E-04
2002-01-01T22:13:40.740  1.03092800E-03  8.06031000E-04  3.64592000E-04
2002-01-01T22:13:41.740 -1.42219700E-03 -1.78681000E-04 -5.15189000E-04
2002-01-01T22:13:42.740  3.78363000E-04  1.43998100E-03  7.65882000E-04
2002-01-01T22:13:43.740 -8.07549000E-04 -5.47913000E-04 -2.96494000E-04
2002-01-01T22:13:44.740  7.49115000E-04  5.18912000E-04  3.45151000E-04
2002-01-01T22:13:45.740 -4.51030000E-04 -1.04372400E-03 -1.22791500E-03
2002-01-01T22:13:46.740  7.86969000E-04  6.23554000E-04  1.47157400E-03
2002-01-01T22:13:47.740 -1.53424100E-03 -2.66860000E-04 -7.27337000E-04
2002-01-01T22:13:48.740  2.01584000E-04  1.34272500E-03  1.29904400E-03
2002-01-01T22:13:49.740 -8.29012000E-04 -7.00940000E-05 -1.10414200E-03
2002-01-01T22:13:50.740  8.98642000E-04  2.82025000E-04 -6.88243000E-04
2002-01-01T22:13:51.744 -5.37500000E-05 -9.13406000E-04 -8.32180000E-05
2002-01-01T22:13:52.740  7.27940000E-05  7.71682000E-04  3.36460000E-05
2002-01-01T22:13:53.740 -1.20041500E-03  4.71985000E-04 -7.61101000E-04
2002-01-01T22:13:54.740 -1.10366000E-04  6.36421000E-04  4.42386000E-04
2002-01-01T22:13:55.740  1.74497000E-04 -3.81315000E-04 -1.06831000E-04
2002-01-01T22:13:56.740  5.64530000E-04 -4.59251000E-04 -7.18181000E-04
2002-01-01T22:13:57.740  2.48343000E-04  2.14180000E-05  1.08562000E-04
2002-01-01T22:13:58.740 -9.33350000E-05 -2.26909000E-04 -6.61677000E-04
2002-01-01T22:13:59.740  1.49147000E-04  7.97796000E-04  2.70637000E-04
2002-01-01T22:14:00.740 -1.10124800E-03  2.39768000E-04 -4.21642000E-04
2002-01-01T22:14:01.740  7.07851000E-04 -4.82350000E-05  4.12954000E-04
2002-01-01T22:14:02.740 -7.64457000E-04 -3.65470000E-05  3.68641000E-04
2002-01-01T22:14:03.740  9.76292000E-04  6.66780000E-05  1.19979000E-04
2002-01-01T22:14:04.740 -8.02358000E-04 -3.19274000E-04 -2.68257000E-04
2002-01-01T22:14:05.740  5.86683000E-04  1.77508100E-03  2.27734000E-04
2002-01-01T22:14:06.740 -5.10121000E-04 -3.43065000E-04 -1.16268800E-03
2002-01-01T22:14:07.744  7.25511000E-04  8.34697000E-04  1.67348000E-04
2002-01-01T22:14:08.740 -6.09766000E-04 -1.10025500E-03 -5.74493000E-04
2002-01-01T22:14:09.740  1.10781000E-03  2.86720000E-05 -2.99470000E-05
2002-01-01T22:14:10.740 -7.77369000E-04 -2.06347000E-04 -9.57570000E-05
2002-01-01T22:14:11.740  1.52429000E-04  9.23266000E-04  4.90149000E-04
2002-01-01T22:14:12.740 -9.22357000E-04 -1.37800000E-04 -5.08558000E-04
2002-01-01T22:14:13.740  7.15282000E-04  1.03031000E-04 -6.89009000E-04
2002-01-01T22:14:14.740 -5.84684000E-04 -9.98453000E-04  6.01954000E-04
2002-01-01T22:14:15.740  8.25635000E-04 -2.70092000E-04  5.45400000E-06
2002-01-01T22:14:16.740  9.32887000E-04  6.19080000E-04 -1.12089500E-03
2002-01-01T22:14:17.740 -7.48686000E-04  4.59875000E-04 -1.14916000E-04
2002-01-01T22:14:18.740 -4.34366000E-04  8.47708000E-04  2.25906000E-04
2002-01-01T22:14:19.740 -1.15007200E-03  6.93616000E-04  6.19736000E-04
2002-01-01T22:14:20.740  9.35558000E-04  1.07374700E-03 -1.83795000E-04
2002-01-01T22:14:21.740 -2.67316000E-04 -8.70423000E-04 -5.30766000E-04
2002-01-01T22:14:22.740  9.97722000E-04  4.03141000E-04  4.55733000E-04
2002-01-01T22:14:23.744 -6.78170000E-04 -5.33090000E-04  3.64168000E-04
2002-01-01T22:14:24.740  5.11683000E-04  1.26062300E-03 -4.93508000E-04
2002-01-01T22:14:25.740 -1.41553300E-03 -2.88034000E-04  4.90142000E-04
2002-01-01T22:14:26.740  8.02644000E-04  1.27650100E-03  3.95903000E-04
2002-01-01T22:14:27.740 -4.98984000E-04 -1.14392900E-03 -1.62789000E-04
2002-01-01T22:14:28.740  1.16609200E-03  9.67018000E-04  3.20070000E-04
2002-01-01T22:14:29.740 -1.04068300E-03 -1.39240200E-03 -9.85393000E-04
2002-01-01T22:14:30.740  7.00444000E-04  8.71311000E-04  1.35552300E-03
2002-01-01T22:14:31.740 -7.57081000E-04 -1.27073000E-04 -8.73262000E-04
2002-01-01T22:14:32.740 -2.54100000E-04  1.21764600E-03  4.58930000E-04
2002-01-01T22:14:33.740  2.24250000E-04  1.69324700E-03  4.31777000E-04
2002-01-01T22:14:34.740 -6.11516000E-04 -1.12720000E-04 -1.91185000E-04
2002-01-01T22:14:35.740  1.20235600E-03  7.25034000E-04 -7.33356000E-04
2002-01-01T22:14:36.740 -3.02186000E-04 -1.39110200E-03  5.00357000E-04
2002-01-01T22:14:37.740  8.53291000E-04  6.99570000E-04 -3.46977000E-04
2002-01-01T22:14:38.740 -1.04331800E-03 -4.15052000E-04  1.06166300E-03
2002-01-01T22:14:39.744 -6.25120000E-05  1.37694100E-03 -1.09226500E-03
2002-01-01T22:14:40.740 -1.19713100E-03  5.82295000E-04  5.48065000E-04
2002-01-01T22:14:41.740 -4.63951000E-04  4.47252000E-04 -4.18113000E-04
2002-01-01T22:14:42.740  6.81304000E-04  1.32905200E-03 -8.47940000E-05
2002-01-01T22:14:43.740 -2.18052000E-04 -3.64909000E-04 -6.21160000E-05
2002-01-01T22:14:44.740  1.39992600E-03  5.32513000E-04  2.69608000E-04
2002-01-01T22:14:45.740 -2.99819000E-04 -8.15185000E-04 -2.62810000E-05
2002-01-01T22:14:46.740  5.42877000E-04  6.21702000E-04  1.15934000E-04
2002-01-01T22:14:47.740 -4.23969000E-04 -1.48046000E-04  7.68337000E-04
2002-01-01T22:14:48.740 -7.63269000E-04  7.61683000E-04 -4.69290000E-04
2002-01-01T22:14:49.740 -1.50432000E-04  6.46950000E-04  2.98518000E-04
2002-01-01T22:14:50.740 -1.50235200E-03  3.37928000E-04 -5.12633000E-04
2002-01-01T22:14:51.740  7.74395000E-04  1.41683200E-03  1.21161700E-03
2002-01-01T22:14:52.740 -2.51009000E-04 -2.77622000E-04 -1.17043800E-03
2002-01-01T22:14:53.740  2.25653000E-04  9.88810000E-05  3.22680000E-04
2002-01-01T22:14:54.740  1.46832500E-03  1.16739300E-03 -1.95609000E-04
2002-01-01T22:14:55.744 -4.30315000E-04 -3.42533000E-04 -8.46266000E-04
2002-01-01T22:14:56.740  1.12846600E-03  5.91198000E-04 -1.62598000E-04
2002-01-01T22:14:57.740  4.37403000E-04  1.01776300E-03  7.49222000E-04
2002-01-01T22:14:58.740 -1.06487000E-04 -1.14218000E-03  1.37552000E-04
2002-01-01T22:14:59.740  5.69940000E-04  8.13394000E-04 -2.95680000E-04
2002-01-01T22:15:00.740  4.43868000E-04  1.28058000E-04  4.85669000E-04
2002-01-01T22:15:01.740 -6.24230000E-05 -8.26581000E-04 -1.19035600E-03
2002-01-01T22:15:02.740  1.02940900E-03  7.43298000E-04  3.06303000E-04
2002-01-01T22:15:03.740  2.34403000E-04 -1.74169000E-04 -9.88399000E-04
2002-01-01T22:15:04.740  1.50473000E-04 -3.16716000E-04  3.33978000E-04
2002-01-01T22:15:05.740  1.12449400E-03  7.77926000E-04 -9.27202000E-04
2002-01-01T22:15:06.740  1.52146000E-04  2.97074000E-04 -9.27040000E-05
2002-01-01T22:15:07.740 -5.99784000E-04 -1.10931000E-04 -1.60748000E-04
2002-01-01T22:15:08.740 -1.95422000E-04  1.57938400E-03  4.42985000E-04
2002-01-01T22:15:09.740  1.99093000E-04  1.12590300E-03 -1.70010000E-05
2002-01-01T22:15:10.740 -1.32479000E-03  4.60268000E-04  1.09063100E-03
2002-01-01T22:15:11.744 -4.57375000E-04  1.30804500E-03  1.55117000E-04
2002-01-01T22:15:12.740 -7.46600000E-06  2.41479100E-03 -8.51027000E-04
2002-01-01T22:15:13.740  5.88840000E-05  2.03822000E-03 -1.38975000E-04
2002-01-01T22:15:14.740 -1.05570700E-03  9.15199000E-04  7.87650000E-05
2002-01-01T22:15:15.740 -2.26206000E-04  3.73510000E-04 -9.11839000E-04
2002-01-01T22:15:16.740  1.10051400E-03  5.66206000E-04 -1.77520000E-04
2002-01-01T22:15:17.740  2.33031000E-04  2.08877800E-03  1.02600000E-05
2002-01-01T22:15:18.740 -4.82990000E-04  1.72749700E-03 -6.19940000E-05
2002-01-01T22:15:19.740 -1.84131700E-03  9.68224000E-04  1.12318900E-03
2002-01-01T22:15:20.740 -7.80530000E-04  9.95171000E-04 -9.63653000E-04
2002-01-01T22:15:21.740  5.98260000E-04  1.04030500E-03  1.07775100E-03
2002-01-01T22:15:22.740  7.33453000E-04  1.96832000E-03  1.18962000E-04
2002-01-01T22:15:23.740  2.36573000E-04  2.72801300E-03  2.24577000E-04
2002-01-01T22:15:24.740 -2.33992000E-04  1.92934800E-03  2.16993000E-04
2002-01-01T22:15:25.740 -3.23638000E-04  5.46886000E-04  6.21530000E-04
2002-01-01T22:15:26.740 -7.19546000E-04  8.22190000E-04  2.82358000E-04
2002-01-01T22:15:27.744 -1.47796700E-03  1.29693800E-03 -1.96366000E-04
2002-01-01T22:15:28.740 -3.85092000E-04  4.76531000E-04 -1.89731000E-04
2002-01-01T22:15:29.740 -2.86870000E-04  1.51470000E-03  7.85935000E-04
2002-01-01T22:15:30.740 -7.65540000E-05  2.29118600E-03 -7.89510000E-04
2002-01-01T22:15:31.740  6.09110000E-04  2.19335000E-03  1.42911000E-04
2002-01-01T22:15:32.740  1.58258900E-03  2.09678600E-03 -6.40209000E-04
2002-01-01T22:15:33.740  1.28217700E-03  2.13133800E-03  7.47912000E-04
2002-01-01T22:15:34.740 -7.11803000E-04  2.15304300E-03 -4.41808000E-04
2002-01-01T22:15:35.740 -1.18420400E-03  1.06670200E-03  1.19538800E-03
2002-01-01T22:15:36.740 -5.96158000E-04  5.04179000E-04 -3.43702000E-04
2002-01-01T22:15:37.740 -6.92840000E-05  1.63564800E-03 -5.93920000E-05
2002-01-01T22:15:38.740 -1.72832000E-04  2.87264800E-03  3.37556000E-04
2002-01-01T22:15:39.740  4.19776000E-04  2.46294000E-03 -4.23550000E-04
2002-01-01T22:15:40.740  1.47775500E-03  1.83954100E-03 -3.22058000E-04
2002-01-01T22:15:41.740 -9.25311000E-04  6.75990000E-04  5.70557000E-04
2002-01-01T22:15:42.740 -9.53852000E-04  1.20113400E-03  4.39194000E-04
2002-01-01T22:15:43.744 -7.72889000E-04  9.57100000E-04 -1.17909100E-03
2002-01-01T22:15:44.740 -1.15256700E-03  1.11077700E-03  4.21324000E-04
2002-01-01T22:15:45.740 -1.09814100E-03  1.18861500E-03 -4.84278000E-04
2002-01-01T22:15:46.740 -1.22835000E-04  1.11639700E-03  4.62930000E-05
2002-01-01T22:15:47.740 -1.29289500E-03  1.70101400E-03  8.29291000E-04
2002-01-01T22:15:48.740 -1.18128200E-03  1.38879400E-03  6.83748000E-04
2002-01-01T22:15:49.740 -7.59879000E-04  1.30177500E-03  2.48600000E-06
2002-01-01T22:15:50.740 -9.93931000E-04  2.01101700E-03  1.25756800E-03
2002-01-01T22:15:51.740 -6.58344000E-04  2.01436000E-03 -4.68789000E-04
2002-01-01T22:15:52.740 -4.45443000E-04  2.62172400E-03  3.26980000E-05
2002-01-01T22:15:53.740 -3.51443000E-04  2.32063900E-03 -2.74384000E-04
2002-01-01T22:15:54.740 -1.13138000E-04  3.18786700E-03  1.06788800E-03
2002-01-01T22:15:55.740  8.08002000E-04  3.64712600E-03  3.29553000E-04
2002-01-01T22:15:56.740  7.45444000E-04  2.64799500E-03 -3.02007000E-04
2002-01-01T22:15:57.740 -1.16139900E-03  3.08116200E-03  6.26248000E-04
2002-01-01T22:15:58.740 -9.66454000E-04  2.69385700E-03  1.76797000E-04
2002-01-01T22:15:59.744  1.29803800E-03  3.67723600E-03  9.15363000E-04
2002-01-01T22:16:00.740 -1.01168000E-04  3.80344400E-03  6.60276000E-04
2002-01-01T22:16:01.740 -1.38641500E-03  3.56564700E-03 -1.08044000E-04
2002-01-01T22:16:02.740  1.07749000E-04  5.04099600E-03 -1.63970000E-05
2002-01-01T22:16:03.740 -1.73939500E-03  3.75876500E-03  8.52387000E-04
2002-01-01T22:16:04.740  7.86993000E-04  5.54826000E-03  2.32600000E-05
2002-01-01T22:16:05.740 -1.29611100E-03  4.00841200E-03  2.76619000E-04
2002-01-01T22:16:06.740  5.20283000E-04  5.12015500E-03 -7.96080000E-05
2002-01-01T22:16:07.740 -8.81350000E-05  4.44572500E-03  1.50037000E-04
2002-01-01T22:16:08.740 -4.54031000E-04  4.28285100E-03  7.33077000E-04
2002-01-01T22:16:09.740  2.15552000E-04  6.40970400E-03  1.32918000E-04
2002-01-01T22:16:10.740 -5.06025000E-04  5.72094100E-03  3.58430000E-04
2002-01-01T22:16:11.740 -4.81301000E-04  4.61211400E-03 -1.82562000E-04
2002-01-01T22:16:12.740  4.34982000E-04  5.81444300E-03  7.76556000E-04
2002-01-01T22:16:13.740  9.35536000E-04  6.31157000E-03 -3.79408000E-04
2002-01-01T22:16:14.740 -1.35079200E-03  4.51127600E-03  3.36056000E-04
2002-01-01T22:16:15.744 -3.90706000E-04  4.70908500E-03 -1.18572500E-03
2002-01-01T22:16:16.740 -2.64707000E-04  5.94366200E-03  9.33870000E-05
2002-01-01T22:16:17.740  4.53449000E-04  6.77483900E-03 -3.72732000E-04
2002-01-01T22:16:18.740  1.44940000E-04  6.40636400E-03  3.73002000E-04
2002-01-01T22:16:19.740 -3.17913000E-04  5.30518100E-03 -1.03893700E-03
2002-01-01T22:16:20.740 -1.29372900E-03  4.62863800E-03  6.17980000E-05
2002-01-01T22:16:21.740 -1.16433100E-03  6.03664900E-03  5.37170000E-05
2002-01-01T22:16:22.740  1.04459100E-03  5.26276300E-03  2.58502000E-04
2002-01-01T22:16:23.740  8.71996000E-04  6.66275200E-03 -2.02390000E-05
2002-01-01T22:16:24.740  1.45333700E-03  6.69322600E-03  1.54770000E-04
2002-01-01T22:16:25.740  6.91441000E-04  7.49107400E-03 -3.20511000E-04
2002-01-01T22:16:26.740  5.89026000E-04  7.88207300E-03  2.74781000E-04
2002-01-01T22:16:27.740 -3.85507000E-04  7.80215700E-03  3.90142000E-04
2002-01-01T22:16:28.740 -9.00776000E-04  6.43735600E-03 -5.83578000E-04
2002-01-01T22:16:29.740 -1.55332200E-03  6.20318200E-03  1.09865000E-03
2002-01-01T22:16:30.740 -1.49832900E-03  6.11165100E-03 -9.97511000E-04
2002-01-01T22:16:31.744 -1.14561500E-03  4.92797200E-03 -4.58225000E-04
2002-01-01T22:16:32.740  1.04393000E-03  7.84254900E-03  3.11248000E-04
2002-01-01T22:16:33.740  1.06086900E-03  7.98681400E-03  6.53730000E-05
2002-01-01T22:16:34.740  2.21226000E-04  7.79211900E-03 -2.37147000E-04
2002-01-01T22:16:35.740 -4.24068000E-04  7.25848000E-03 -9.91340000E-05
2002-01-01T22:16:36.740 -1.33690600E-03  6.48944500E-03  2.01379000E-04
2002-01-01T22:16:37.740 -1.18727900E-03  7.02182300E-03  3.96654000E-04
2002-01-01T22:16:38.740  1.19441400E-03  7.94465200E-03 -2.12622000E-04
2002-01-01T22:16:39.740  5.92542000E-04  7.77172600E-03  1.26278000E-03
2002-01-01T22:16:40.740 -9.62604000E-04  6.67268000E-03  4.90984000E-04
2002-01-01T22:16:41.740  8.65178000E-04  8.50260600E-03  3.81980000E-05
2002-01-01T22:16:42.740  7.79726000E-04  8.36618700E-03 -3.00419000E-04
2002-01-01T22:16:43.740  1.20170000E-05  7.67834000E-03  2.01550000E-04
2002-01-01T22:16:44.740 -5.51740000E-05  7.01252400E-03 -2.94889000E-04
2002-01-01T22:16:45.740 -1.37546000E-04  6.14398300E-03  1.66671800E-03
2002-01-01T22:16:46.740 -9.43436000E-04  6.50996600E-03  3.23746000E-04
2002-01-01T22:16:47.744 -1.15383400E-03  7.44606300E-03  4.67250000E-05
2002-01-01T22:16:48.740  1.09255700E-03  8.68750100E-03  1.64274000E-04
2002-01-01T22:16:49.740  8.27248000E-04  7.82985000E-03 -1.29663000E-04
2002-01-01T22:16:50.740 -1.92880500E-03  8.19121800E-03  7.58969000E-04
2002-01-01T22:16:51.740 -3.81086000E-04  9.20665000E-03 -5.36116000E-04
2002-01-01T22:16:52.740  1.41986000E-04  1.14066300E-02  4.81448000E-04
2002-01-01T22:16:53.740  1.23365000E-03  1.12476040E-02  1.82110000E-04
2002-01-01T22:16:54.740  7.02190000E-04  1.09980870E-02 -1.87530000E-04
2002-01-01T22:16:55.740  7.08378000E-04  1.20764470E-02 -1.76274000E-04
2002-01-01T22:16:56.740 -7.92000000E-06  1.15025640E-02  4.79048000E-04
2002-01-01T22:16:57.740 -1.52072600E-03  1.13018550E-02 -4.74034000E-04
2002-01-01T22:16:58.740  6.12342000E-04  1.39362460E-02 -3.79080000E-05
2002-01-01T22:16:59.740 -3.79515000E-04  1.20197780E-02  4.45694000E-04
2002-01-01T22:17:00.740  9.52660000E-04  1.43105570E-02  4.83449000E-04
2002-01-01T22:17:01.740 -1.55350100E-03  1.30015350E-02  7.82478000E-04
2002-01-01T22:17:02.740  7.30480000E-05  1.41061880E-02  2.99367000E-04
2002-01-01T22:17:03.744  8.87517000E-04  1.47764330E-02  6.33338000E-04
2002-01-01T22:17:04.740 -1.10643800E-03  1.36112000E-02 -6.20709000E-04
2002-01-01T22:17:05.740 -8.19455000E-04  1.34295290E-02  4.20348000E-04
2002-01-01T22:17:06.740  4.89750000E-04  1.46270930E-02 -6.54550000E-05
2002-01-01T22:17:07.740  1.24686400E-03  1.49871070E-02  7.17816000E-04
2002-01-01T22:17:08.740  4.62080000E-04  1.56580120E-02  5.62852000E-04
2002-01-01T22:17:09.740 -1.38303000E-04  1.66464820E-02  3.36199000E-04
2002-01-01T22:17:10.740  7.40564000E-04  1.63470430E-02  8.83178000E-04
2002-01-01T22:17:11.740 -8.13030000E-04  1.38937350E-02 -4.72396000E-04
2002-01-01T22:17:12.740 -2.26406800E-03  1.43869690E-02  9.56336000E-04
2002-01-01T22:17:13.740 -1.43555000E-04  1.75389260E-02 -5.75196000E-04
2002-01-01T22:17:14.740  2.81202000E-04  1.81529560E-02  1.45644000E-03
2002-01-01T22:17:15.740  2.69587000E-04  1.74262750E-02 -6.83451000E-04
2002-01-01T22:17:16.740  2.03752000E-04  1.80078740E-02  5.80675000E-04
2002-01-01T22:17:17.740 -1.69531000E-04  1.88061450E-02  2.38323000E-04
2002-01-01T22:17:18.740  1.71578000E-04  1.85844710E-02  1.18404400E-03
2002-01-01T22:17:19.744  7.38200000E-06  1.94446460E-02 -5.11576000E-04
2002-01-01T22:17:20.740 -5.63454000E-04  2.02003900E-02  3.89742000E-04
2002-01-01T22:17:21.740 -5.40185000E-04  2.01587170E-02  3.96383000E-04
2002-01-01T22:17:22.740 -1.07060400E-03  2.07967630E-02  1.17260300E-03
2002-01-01T22:17:23.740 -2.25803000E-04  2.12406370E-02  4.66639000E-04
2002-01-01T22:17:24.740 -6.12734000E-04  2.11091810E-02  3.33616000E-04
2002-01-01T22:17:25.740  1.79793000E-04  2.31366360E-02  4.22322000E-04
2002-01-01T22:17:26.740 -9.32247000E-04  2.17194930E-02  4.40416000E-04
2002-01-01T22:17:27.740  6.03303000E-04  2.39605490E-02 -2.53024000E-04
2002-01-01T22:17:28.740 -9.50588000E-04  2.27847020E-02  2.48083000E-04
2002-01-01T22:17:29.740 -6.89412000E-04  2.23724100E-02  1.67680500E-03
2002-01-01T22:17:30.740 -1.09047500E-03  2.26936620E-02 -4.25771000E-04
2002-01-01T22:17:31.740 -1.21022400E-03  2.35141890E-02  4.82187000E-04
2002-01-01T22:17:32.740 -1.40355500E-03  2.36332790E-02 -3.03096000E-04
2002-01-01T22:17:33.740 -1.41152800E-03  2.34536660E-02  5.34244000E-04
2002-01-01T22:17:34.740 -1.87443000E-04  2.56131610E-02 -2.97147000E-04
2002-01-01T22:17:35.744 -8.93680000E-05  2.57778970E-02  6.09226000E-04
2002-01-01T22:17:36.740 -1.04816700E-03  2.55450050E-02  2.34620000E-04
2002-01-01T22:17:37.740 -1.74438100E-03  2.48257820E-02  6.92633000E-04
2002-01-01T22:17:38.740  7.45755000E-04  2.66014430E-02 -1.18119000E-04
2002-01-01T22:17:39.740 -1.56077000E-03  2.57987180E-02  9.38071000E-04
2002-01-01T22:17:40.740 -1.52880000E-05  2.72671450E-02  2.19982000E-04
2002-01-01T22:17:41.740 -1.00097200E-03  2.64675210E-02  7.06640000E-04
2002-01-01T22:17:42.740 -4.54516000E-04  2.63566910E-02  5.58750000E-04
2002-01-01T22:17:43.740 -4.26566000E-04  2.64571290E-02  4.02495000E-04
2002-01-01T22:17:44.740 -1.56929200E-03  2.56304330E-02  1.37523000E-04
2002-01-01T22:17:45.740  4.80810000E-05  2.69945390E-02  9.51761000E-04
2002-01-01T22:17:46.740 -1.18758500E-03  2.50113270E-02  1.04183600E-03
2002-01-01T22:17:47.740 -5.13487000E-04  2.49506830E-02  8.35122000E-04
2002-01-01T22:17:48.740  7.46445000E-04  2.64818670E-02  7.59695000E-04
2002-01-01T22:17:49.740 -1.01406500E-03  2.49929130E-02 -1.16507000E-04
2002-01-01T22:17:50.740 -1.17526700E-03  2.40536020E-02  9.68686000E-04
2002-01-01T22:17:51.744  1.54725100E-03  2.66623810E-02 -4.71200000E-06
2002-01-01T22:17:52.740 -6.80030000E-05  2.50667580E-02  1.05313200E-03
2002-01-01T22:17:53.740 -1.33401100E-03  2.47714630E-02 -7.61243000E-04
2002-01-01T22:17:54.740 -9.88027000E-04  2.48602460E-02  7.37606000E-04
2002-01-01T22:17:55.740  4.66530000E-04  2.55610140E-02  1.14413000E-03
2002-01-01T22:17:56.740 -1.14360900E-03  2.46652100E-02  8.25210000E-04
2002-01-01T22:17:57.740  1.04203700E-03  2.65228730E-02  9.73000000E-06
2002-01-01T22:17:58.740 -8.33455000E-04  2.53154430E-02  5.49768000E-04
2002-01-01T22:17:59.740  7.12202000E-04  2.66779160E-02 -1.17154000E-04
2002-01-01T22:18:00.740 -5.39659000E-04  2.63508600E-02  1.01741600E-03
2002-01-01T22:18:01.740 -1.25369400E-03  2.60176170E-02 -3.66109000E-04
2002-01-01T22:18:02.740 -1.05201200E-03  2.60644830E-02  1.26120800E-03
2002-01-01T22:18:03.740  8.56542000E-04  2.81846970E-02  4.65539000E-04
2002-01-01T22:18:04.740 -5.30358000E-04  2.71353110E-02  5.17842000E-04
2002-01-01T22:18:05.740 -1.61835700E-03  2.68701500E-02  1.32335000E-03
2002-01-01T22:18:06.740 -1.08749000E-03  2.77517830E-02  1.45868500E-03
2002-01-01T22:18:07.744 -1.55337800E-03  2.79236940E-02  5.84272000E-04
2002-01-01T22:18:08.740 -2.20379700E-03  2.84803270E-02 -2.47965000E-04
2002-01-01T22:18:09.740 -4.98816000E-04  2.93078760E-02  1.46347000E-03
2002-01-01T22:18:10.740  7.00100000E-04  3.04713680E-02  3.77430000E-05
2002-01-01T22:18:11.740  6.68568000E-04  2.96568800E-02  7.49356000E-04
2002-01-01T22:18:12.740 -1.94371000E-04  2.98249220E-02 -6.09886000E-04
2002-01-01T22:18:13.740 -3.96100000E-04  2.90637000E-02  4.41173000E-04
2002-01-01T22:18:14.740 -7.37283000E-04  2.88391600E-02 -5.38647000E-04
2002-01-01T22:18:15.740 -1.58212000E-04  2.88715490E-02  1.23255600E-03
2002-01-01T22:18:16.740  5.10080000E-04  2.88721010E-02  2.15001000E-04
2002-01-01T22:18:17.740  1.17458400E-03  2.89713420E-02  9.77894000E-04
2002-01-01T22:18:18.740 -8.52215000E-04  2.82678530E-02  5.11379000E-04
2002-01-01T22:18:19.740 -1.19021900E-03  2.62694750E-02  2.13926000E-04
2002-01-01T22:18:20.740 -1.23494500E-03  2.72050050E-02 -1.40209000E-04
2002-01-01T22:18:21.740 -9.55471000E-04  2.74071950E-02  5.08069000E-04
2002-01-01T22:18:22.740  6.34210000E-05  2.84136240E-02  2.51774000E-04
2002-01-01T22:18:23.744 -1.06245000E-04  2.79722380E-02  8.22795000E-04
2002-01-01T22:18:24.740 -7.93374000E-04  2.62324680E-02  6.42602000E-04
2002-01-01T22:18:25.740 -1.70816200E-03  2.77176350E-02  1.71659000E-04
2002-01-01T22:18:26.740 -3.33041000E-04  2.75741460E-02  9.87496000E-04
2002-01-01T22:18:27.740  5.26533000E-04  2.88152190E-02 -3.93050000E-04
2002-01-01T22:18:28.740  2.95219000E-04  2.92863360E-02  5.91981000E-04
2002-01-01T22:18:29.740 -1.14574000E-04  2.92506800E-02  4.45164000E-04
2002-01-01T22:18:30.740  1.11014200E-03  2.92188990E-02  1.48181300E-03
2002-01-01T22:18:31.740  3.96300000E-04  2.93973780E-02 -1.80851000E-04
2002-01-01T22:18:32.740 -1.69336000E-04  2.89089080E-02  7.43391000E-04
2002-01-01T22:18:33.740 -5.16771000E-04  2.82775390E-02 -5.89072000E-04
2002-01-01T22:18:34.740 -1.13262900E-03  2.82968770E-02 -1.75927000E-04
2002-01-01T22:18:35.740 -1.77210000E-03  2.84298290E-02  1.40143000E-04
2002-01-01T22:18:36.740 -3.25870000E-04  2.96120420E-02 -1.63483000E-04
2002-01-01T22:18:37.740  4.57005000E-04  3.07429120E-02  6.09126000E-04
2002-01-01T22:18:38.740  7.12090000E-04  2.97912470E-02  9.32744000E-04
2002-01-01T22:18:39.744 -6.89000000E-07  2.97978190E-02  4.19468000E-04
2002-01-01T22:18:40.740 -7.92475000E-04  2.89462150E-02  6.17520000E-04
2002-01-01T22:18:41.740 -1.68314400E-03  2.85200480E-02  5.96949000E-04
2002-01-01T22:18:42.740 -1.48838000E-04  2.95599920E-02 -5.78052000E-04
2002-01-01T22:18:43.740  6.86348000E-04  3.01977450E-02  1.56973000E-03
2002-01-01T22:18:44.740 -1.40972700E-03  2.98762820E-02  6.80671000E-04
2002-01-01T22:18:45.740 -4.24820000E-05  3.13228070E-02  5.65992000E-04
2002-01-01T22:18:46.740 -8.85460000E-04  3.02552490E-02  6.94630000E-05
2002-01-01T22:18:47.740 -1.22444000E-04  3.23075990E-02  1.17533600E-03
2002-01-01T22:18:48.740  2.58040000E-04  3.22954650E-02  1.08445100E-03
2002-01-01T22:18:49.740 -2.20303200E-03  3.10028640E-02 -3.71240000E-04
2002-01-01T22:18:50.740 -3.41623000E-04  3.22517080E-02  4.22584000E-04
2002-01-01T22:18:51.740  4.39770000E-04  3.25922070E-02  3.38750000E-05
2002-01-01T22:18:52.740 -1.72583900E-03  3.02711480E-02  1.40589000E-04
2002-01-01T22:18:53.740  8.06751000E-04  3.14388130E-02  9.32061000E-04
2002-01-01T22:18:54.740 -6.21165000E-04  2.89271250E-02  6.57379000E-04
2002-01-01T22:18:55.744 -1.45913000E-03  2.93782130E-02 -3.05648000E-04
2002-01-01T22:18:56.740  1.08648300E-03  3.07409950E-02  3.01536000E-04
2002-01-01T22:18:57.740 -1.46807600E-03  2.93801840E-02 -6.16881000E-04
2002-01-01T22:18:58.740  1.03657900E-03  3.16864290E-02  1.22379200E-03
2002-01-01T22:18:59.740 -1.27335900E-03  3.00616570E-02  2.94352000E-04
2002-01-01T22:19:00.740  9.74868000E-04  3.15884280E-02  9.77777000E-04
2002-01-01T22:19:01.740 -1.85998000E-03  3.06690110E-02  3.94488000E-04
2002-01-01T22:19:02.740 -5.43418000E-04  3.12993790E-02  5.99590000E-05
2002-01-01T22:19:03.740  9.03842000E-04  3.15479750E-02  4.95194000E-04
2002-01-01T22:19:04.740 -1.44431900E-03  3.07584050E-02  1.57767000E-03
2002-01-01T22:19:05.740  6.95577000E-04  3.12108620E-02 -1.04057400E-03
2002-01-01T22:19:06.740 -9.91182000E-04  2.91421210E-02  1.11617000E-03
2002-01-01T22:19:07.740 -8.84401000E-04  2.90884620E-02  7.53901000E-04
2002-01-01T22:19:08.740  1.09511500E-03  3.01827450E-02 -1.71323000E-04
2002-01-01T22:19:09.740  6.33959000E-04  2.93372270E-02  1.23234700E-03
2002-01-01T22:19:10.740 -1.07579000E-04  2.96614370E-02  4.35159000E-04
2002-01-01T22:19:11.744  2.02000000E-06  2.87764520E-02  8.38810000E-04
2002-01-01T22:19:12.740 -1.56113700E-03  2.66997400E-02  2.12653000E-04
2002-01-01T22:19:13.740 -1.44281300E-03  2.73850300E-02  1.43119900E-03
2002-01-01T22:19:14.740  6.75050000E-05  2.77627520E-02 -8.65196000E-04
2002-01-01T22:19:15.740  1.52122000E-04  2.84798950E-02  1.05793100E-03
2002-01-01T22:19:16.740 -2.16242700E-03  2.68408860E-02  2.90197000E-04
2002-01-01T22:19:17.740 -1.55075600E-03  2.73487360E-02 -1.15924000E-04
2002-01-01T22:19:18.740  1.32510000E-04  2.75735860E-02  5.52187000E-04
2002-01-01T22:19:19.740  3.11791000E-04  2.83290320E-02  7.12486000E-04
2002-01-01T22:19:20.740 -1.36052000E-03  2.60553250E-02  3.35392000E-04
2002-01-01T22:19:21.740  5.95693000E-04  2.75658720E-02  2.45855000E-04
2002-01-01T22:19:22.740 -1.85801600E-03  2.62365840E-02  1.56999900E-03
2002-01-01T22:19:23.740  4.83950000E-05  2.68746410E-02  4.07114000E-04
2002-01-01T22:19:24.740 -1.66143800E-03  2.58396140E-02  5.11289000E-04
2002-01-01T22:19:25.740 -1.29353100E-03  2.70155090E-02  2.00051000E-04
2002-01-01T22:19:26.740  9.27244000E-04  2.78364160E-02  1.33343400E-03
2002-01-01T22:19:27.744 -2.86161000E-04  2.71176030E-02  7.35000000E-07
2002-01-01T22:19:28.740 -1.60246300E-03  2.67717630E-02  4.54041000E-04
2002-01-01T22:19:29.740 -1.00155500E-03  2.69551970E-02  5.25732000E-04
2002-01-01T22:19:30.740 -1.12824500E-03  2.80904270E-02 -8.88120000E-05
2002-01-01T22:19:31.740 -5.80836000E-04  2.81519890E-02  5.50383000E-04
2002-01-01T22:19:32.740  6.94230000E-05  2.82357890E-02 -4.71933000E-04
2002-01-01T22:19:33.740  1.10672600E-03  2.87233480E-02  3.93084000E-04
2002-01-01T22:19:34.740  5.07212000E-04  2.92469370E-02  3.09410000E-04
2002-01-01T22:19:35.740  6.23327000E-04  2.91523190E-02  7.59689000E-04
2002-01-01T22:19:36.740  7.28397000E-04  2.92657350E-02 -1.01569000E-04
2002-01-01T22:19:37.740  4.41204000E-04  3.00569740E-02  8.78219000E-04
2002-01-01T22:19:38.740  1.08665200E-03  2.94523430E-02 -4.05417000E-04
2002-01-01T22:19:39.740 -5.48112000E-04  2.84032370E-02  3.54276000E-04
2002-01-01T22:19:40.740 -1.36331400E-03  2.71801300E-02  1.33449400E-03
2002-01-01T22:19:41.740 -2.00450100E-03  2.72069460E-02  3.56678000E-04
2002-01-01T22:19:42.740 -1.19759400E-03  2.70114580E-02  5.64206000E-04
2002-01-01T22:19:43.744 -8.30883000E-04  2.75889820E-02  3.31020000E-05
2002-01-01T22:19:44.740 -2.34726000E-04  2.84749680E-02  9.41691000E-04
2002-01-01T22:19:45.740  5.87277000E-04  2.90552660E-02  3.53660000E-05
2002-01-01T22:19:46.740 -1.36615100E-03  2.71466560E-02  1.75205400E-03
2002-01-01T22:19:47.740 -9.37922000E-04  2.68790390E-02  9.75210000E-04
2002-01-01T22:19:48.740  8.18194000E-04  2.81686170E-02  1.44180000E-05
2002-01-01T22:19:49.740 -1.44570800E-03  2.64505890E-02  4.54323000E-04
2002-01-01T22:19:50.740 -1.26165600E-03  2.53235340E-02 -3.65713000E-04
2002-01-01T22:19:51.740  5.58526000E-04  2.60677750E-02  1.09113300E-03
2002-01-01T22:19:52.740  2.75835000E-04  2.52013110E-02 -7.58320000E-05
2002-01-01T22:19:53.740  6.78735000E-04  2.49819510E-02  1.33451900E-03
2002-01-01T22:19:54.740  7.50156000E-04  2.52040100E-02 -7.44480000E-05
2002-01-01T22:19:55.740  2.76590000E-04  2.35171470E-02  9.70224000E-04
2002-01-01T22:19:56.740 -1.54828700E-03  2.23277510E-02  8.28122000E-04
2002-01-01T22:19:57.740 -3.03041000E-04  2.25903110E-02  1.05835700E-03
2002-01-01T22:19:58.740 -5.13640000E-04  2.12799270E-02  7.24623000E-04
2002-01-01T22:19:59.744  7.28909000E-04  2.11093500E-02 -1.39320000E-04
2002-01-01T22:20:00.740 -4.27942000E-04  2.04208770E-02  3.34416000E-04
2002-01-01T22:20:01.740 -7.18670000E-05  1.96294190E-02  6.92959000E-04
2002-01-01T22:20:02.740 -1.02040500E-03  1.88053940E-02  8.50424000E-04
2002-01-01T22:20:03.740 -7.81212000E-04  1.77373090E-02 -7.06970000E-04
2002-01-01T22:20:04.740  3.24213000E-04  1.85181890E-02  5.38631000E-04
2002-01-01T22:20:05.740  3.10525000E-04  1.83004420E-02 -3.68423000E-04
2002-01-01T22:20:06.740 -1.82290000E-04  1.75585230E-02  1.10174400E-03
2002-01-01T22:20:07.740 -1.48120600E-03  1.67626680E-02 -3.02820000E-05
2002-01-01T22:20:08.740  9.44573000E-04  1.70643650E-02 -8.80030000E-05
2002-01-01T22:20:09.740 -5.69420000E-05  1.60559040E-02  6.75418000E-04
2002-01-01T22:20:10.740 -1.00499100E-03  1.54835390E-02  9.50046000E-04
2002-01-01T22:20:11.740  6.80160000E-05  1.48647580E-02  4.51728000E-04
2002-01-01T22:20:12.740  6.85996000E-04  1.49230790E-02 -2.53298000E-04
2002-01-01T22:20:13.740  1.23834000E-03  1.47465380E-02  6.84462000E-04
2002-01-01T22:20:14.740 -1.23592000E-03  1.36439460E-02 -6.39350000E-05
2002-01-01T22:20:15.744  5.83448000E-04  1.39343730E-02  2.38603000E-04
2002-01-01T22:20:16.740  1.09157000E-03  1.43071310E-02  1.20702000E-04
2002-01-01T22:20:17.740 -1.81305200E-03  1.26994790E-02 -2.48745000E-04
2002-01-01T22:20:18.740  8.25623000E-04  1.41136950E-02 -1.27249000E-04
2002-01-01T22:20:19.740  6.70514000E-04  1.44197150E-02  1.53555500E-03
2002-01-01T22:20:20.740 -9.84518000E-04  1.29842140E-02 -8.67466000E-04
2002-01-01T22:20:21.740  2.92256000E-04  1.44590240E-02  7.57184000E-04
2002-01-01T22:20:22.740  7.20968000E-04  1.50523260E-02  4.18495000E-04
2002-01-01T22:20:23.740  3.96124000E-04  1.49844980E-02 -1.00506000E-04
2002-01-01T22:20:24.740 -1.08632200E-03  1.27306700E-02 -8.39420000E-05
2002-01-01T22:20:25.740 -3.50949000E-04  1.49712470E-02  5.06137000E-04
2002-01-01T22:20:26.740  9.98068000E-04  1.49377520E-02  6.71106000E-04
2002-01-01T22:20:27.740 -1.96915300E-03  1.28050930E-02  1.69466000E-04
2002-01-01T22:20:28.740  5.62670000E-05  1.42535800E-02 -4.97680000E-05
2002-01-01T22:20:29.740  9.61573000E-04  1.43527160E-02  4.14470000E-05
2002-01-01T22:20:30.740 -1.06616900E-03  1.32966880E-02  3.37690000E-04
2002-01-01T22:20:31.743 -3.37800000E-05  1.52168620E-02  1.27615000E-04
2002-01-01T22:20:32.740  1.07913000E-03  1.48335010E-02  3.45482000E-04
2002-01-01T22:20:33.740 -1.64792400E-03  1.31314210E-02  2.58574000E-04
2002-01-01T22:20:34.740 -1.16258300E-03  1.38264200E-02  1.69520000E-04
2002-01-01T22:20:35.740 -8.60871000E-04  1.45289970E-02  9.94443000E-04
2002-01-01T22:20:36.740  1.03155400E-03  1.47396050E-02  1.91035000E-04
2002-01-01T22:20:37.740 -2.03423000E-04  1.42374200E-02 -2.79032000E-04
2002-01-01T22:20:38.740 -3.68239000E-04  1.42596870E-02  1.22008500E-03
2002-01-01T22:20:39.740 -9.47473000E-04  1.26348000E-02  6.60823000E-04
2002-01-01T22:20:40.740  4.24718000E-04  1.33177960E-02 -4.20580000E-05
2002-01-01T22:20:41.740 -1.84408400E-03  1.18291760E-02  3.10689000E-04
2002-01-01T22:20:42.740  6.99201000E-04  1.26901910E-02 -1.69911000E-04
2002-01-01T22:20:43.740  9.88476000E-04  1.24245460E-02 -4.31448000E-04
2002-01-01T22:20:44.740 -2.55933000E-04  1.13110020E-02  3.63461000E-04
2002-01-01T22:20:45.740 -5.35022000E-04  1.04967860E-02 -2.35225000E-04
2002-01-01T22:20:46.740 -1.16796300E-03  1.06924620E-02  1.02424800E-03
2002-01-01T22:20:47.743 -9.99493000E-04  1.06149780E-02 -2.81869000E-04
2002-01-01T22:20:48.740 -6.82015000E-04  1.02816600E-02  4.35656000E-04
2002-01-01T22:20:49.740 -1.25858100E-03  1.02661510E-02 -8.37444000E-04
2002-01-01T22:20:50.740 -8.57593000E-04  9.72993200E-03  4.37773000E-04
2002-01-01T22:20:51.740 -1.54983700E-03  1.03214860E-02 -5.15000000E-06
2002-01-01T22:20:52.740 -2.21414000E-03  1.02278430E-02  5.22957000E-04
2002-01-01T22:20:53.740  4.14830000E-05  9.46699500E-03  1.81462000E-04
2002-01-01T22:20:54.740 -1.98470000E-04  1.04310930E-02  4.26032000E-04
2002-01-01T22:20:55.740 -1.55220000E-05  1.07675070E-02 -1.23843300E-03
2002-01-01T22:20:56.740 -1.65323100E-03  1.12567050E-02  1.16498300E-03
2002-01-01T22:20:57.740 -6.91195000E-04  9.78616900E-03 -8.44610000E-05
2002-01-01T22:20:58.740 -1.52015100E-03  9.75455900E-03  2.03700000E-06
2002-01-01T22:20:59.740  1.09813800E-03  1.32956020E-02  4.72394000E-04
2002-01-01T22:21:00.740  3.42915000E-04  1.12101530E-02 -8.12300000E-05
2002-01-01T22:21:01.740  8.65231000E-04  1.04642430E-02  3.89330000E-05
2002-01-01T22:21:02.740  9.75567000E-04  1.20689660E-02  7.05344000E-04
2002-01-01T22:21:03.743  7.94362000E-04  1.19495120E-02  1.99819000E-04
2002-01-01T22:21:04.740 -7.58729000E-04  9.32495100E-03  1.76083000E-04
2002-01-01T22:21:05.740  7.39711000E-04  1.27749030E-02  1.08307000E-03
2002-01-01T22:21:06.740  1.07846400E-03  1.18545920E-02  4.25958000E-04
2002-01-01T22:21:07.740  2.94818000E-04  1.17467050E-02  5.92437000E-04
2002-01-01T22:21:08.740 -1.80166000E-04  1.15292640E-02 -4.11366000E-04
2002-01-01T22:21:09.740  9.78210000E-05  1.04834560E-02  1.40711800E-03
2002-01-01T22:21:10.740  5.60779000E-04  1.09200240E-02 -1.54681000E-04
2002-01-01T22:21:11.740  7.74653000E-04  1.14390260E-02  1.38861000E-04
2002-01-01T22:21:12.740 -8.29690000E-05  1.01750830E-02 -4.62471000E-04
2002-01-01T22:21:13.740 -1.62871600E-03  9.41380900E-03 -3.57130000E-05
2002-01-01T22:21:14.740 -1.25116800E-03  9.45689700E-03  7.50317000E-04
2002-01-01T22:21:15.740 -4.73480000E-05  1.05136820E-02 -2.73970000E-05
2002-01-01T22:21:16.740 -1.93322300E-03  8.13182000E-03  3.79184000E-04
2002-01-01T22:21:17.740 -1.33257200E-03  9.47889600E-03 -1.24979000E-04
2002-01-01T22:21:18.740  3.55954000E-04  1.00190540E-02  4.28454000E-04
2002-01-01T22:21:19.743 -1.53648500E-03  8.22286700E-03 -9.18469000E-04
2002-01-01T22:21:20.740  4.03000000E-07  9.69116100E-03  1.51822200E-03
2002-01-01T22:21:21.740 -5.21019000E-04  8.56827200E-03 -1.36770200E-03
2002-01-01T22:21:22.740 -3.61721000E-04  9.42363900E-03  5.37344000E-04
2002-01-01T22:21:23.740 -1.16252800E-03  8.81329700E-03  3.39948000E-04
2002-01-01T22:21:24.740 -1.80292000E-04  9.45659800E-03  3.86170000E-05
2002-01-01T22:21:25.739  2.49073000E-04  9.34554600E-03 -4.85856000E-04
2002-01-01T22:21:26.739  4.96889000E-04  8.78351900E-03  6.79639000E-04
2002-01-01T22:21:27.739 -1.19668200E-03  7.70948700E-03 -3.53231000E-04
2002-01-01T22:21:28.739  8.90066000E-04  9.70096900E-03 -6.34734000E-04
2002-01-01T22:21:29.739  5.80981000E-04  8.24147600E-03  1.29800000E-05
2002-01-01T22:21:30.739 -7.47951000E-04  7.47650800E-03 -1.15197500E-03
2002-01-01T22:21:31.739 -1.49244300E-03  7.37794000E-03  4.35919000E-04
2002-01-01T22:21:32.739  5.04815000E-04  9.35833300E-03 -6.90458000E-04
2002-01-01T22:21:33.739 -4.73567000E-04  8.58928100E-03  1.31156800E-03
2002-01-01T22:21:34.739 -1.34183700E-03  7.56430300E-03 -8.79480000E-04
2002-01-01T22:21:35.743 -1.73709900E-03  7.50513400E-03  6.65760000E-04
2002-01-01T22:21:36.739  5.22527000E-04  7.61543200E-03 -9.22989000E-04
2002-01-01T22:21:37.739  1.33160400E-03  7.15588800E-03  4.44403000E-04
2002-01-01T22:21:38.739  7.72577000E-04  7.56906400E-03 -3.25010000E-05
2002-01-01T22:21:39.739  3.88591000E-04  7.34927400E-03 -3.07701000E-04
2002-01-01T22:21:40.739  1.07163100E-03  7.23492300E-03  8.45683000E-04
2002-01-01T22:21:41.739  6.05183000E-04  6.58316400E-03  7.15394000E-04
2002-01-01T22:21:42.739 -7.00067000E-04  5.02150300E-03 -1.91202000E-04
2002-01-01T22:21:43.739 -6.57442000E-04  3.96962500E-03 -8.88915000E-04
2002-01-01T22:21:44.739  2.69453000E-04  5.24966500E-03 -2.70092000E-04
2002-01-01T22:21:45.739 -2.83823000E-04  4.63899300E-03  5.22146000E-04
2002-01-01T22:21:46.739 -9.78310000E-04  5.16453200E-03  2.27178000E-04
2002-01-01T22:21:47.739  4.62607000E-04  5.52770300E-03  8.34470000E-05
2002-01-01T22:21:48.739 -1.15020400E-03  4.64833800E-03 -2.92589000E-04
2002-01-01T22:21:49.739 -1.35705000E-04  5.29376100E-03 -4.32830000E-05
2002-01-01T22:21:50.739  8.91991000E-04  6.19743200E-03  1.25736700E-03
2002-01-01T22:21:51.743 -3.71972000E-04  4.61591300E-03  2.48845000E-04
2002-01-01T22:21:52.739 -1.31809400E-03  5.28602300E-03  2.86184000E-04
2002-01-01T22:21:53.739  6.85040000E-05  5.67153800E-03  6.09340000E-05
2002-01-01T22:21:54.739  1.25232700E-03  5.58454200E-03 -6.33570000E-05
2002-01-01T22:21:55.739 -3.90361000E-04  6.19483200E-03  2.80165000E-04
2002-01-01T22:21:56.739 -1.13836000E-03  4.70494400E-03  1.52298000E-04
2002-01-01T22:21:57.739  7.07394000E-04  5.27578500E-03  9.31586000E-04
2002-01-01T22:21:58.739  1.01538200E-03  5.15621400E-03 -1.89581000E-04
2002-01-01T22:21:59.739 -1.41523100E-03  4.05353400E-03  1.38187800E-03
2002-01-01T22:22:00.739  7.31211000E-04  4.94544800E-03 -4.15016000E-04
2002-01-01T22:22:01.739 -6.76366000E-04  4.93526800E-03  4.20181000E-04
2002-01-01T22:22:02.739  2.33205000E-04  4.72530300E-03 -1.04777300E-03
2002-01-01T22:22:03.739 -5.68899000E-04  4.54503100E-03  8.96370000E-04
2002-01-01T22:22:04.739  2.40241000E-04  4.72045400E-03 -5.92178000E-04
2002-01-01T22:22:05.739 -3.90111000E-04  3.30997900E-03 -5.72540000E-05
2002-01-01T22:22:06.739  1.05278100E-03  4.05103200E-03  3.73099000E-04
2002-01-01T22:22:07.743 -7.25086000E-04  2.47793600E-03 -3.46126000E-04
2002-01-01T22:22:08.739  1.11759100E-03  4.49762600E-03  8.25698000E-04
2002-01-01T22:22:09.739  2.05472000E-04  3.87106500E-03 -2.65420000E-04
2002-01-01T22:22:10.739 -7.01690000E-04  2.45725500E-03  1.23434100E-03
2002-01-01T22:22:11.739 -1.09815300E-03  1.92482900E-03 -3.21172000E-04
2002-01-01T22:22:12.739  6.12540000E-05  4.28834700E-03  9.65379000E-04
2002-01-01T22:22:13.739  1.51552300E-03  3.53364200E-03  3.02225000E-04
2002-01-01T22:22:14.739  4.94663000E-04  2.92102800E-03  3.66860000E-05
2002-01-01T22:22:15.739 -1.08344500E-03  2.65361600E-03 -3.25330000E-05
2002-01-01T22:22:16.739 -5.24739000E-04  1.90711400E-03 -7.98340000E-05
2002-01-01T22:22:17.739  2.19463000E-04  3.56773400E-03  7.00041000E-04
2002-01-01T22:22:18.739  3.94641000E-04  3.93391000E-03 -1.02224000E-04
2002-01-01T22:22:19.739  4.98017000E-04  2.74847700E-03  3.86932000E-04
2002-01-01T22:22:20.739 -4.79579000E-04  1.89449900E-03 -4.95100000E-04
2002-01-01T22:22:21.739 -1.82202000E-03  2.50929000E-03 -3.09001000E-04
2002-01-01T22:22:22.739  3.30597000E-04  3.60617100E-03  9.57928000E-04
2002-01-01T22:22:23.743  1.12778500E-03  3.30183700E-03 -1.03039600E-03
2002-01-01T22:22:24.739 -1.98126000E-04  3.61122100E-03  3.29769000E-04
2002-01-01T22:22:25.739 -8.00493000E-04  2.54374000E-03  2.34375000E-04
2002-01-01T22:22:26.739 -6.72657000E-04  1.80726700E-03  7.66631000E-04
2002-01-01T22:22:27.739 -1.34258100E-03  3.42679300E-03 -4.87862000E-04
2002-01-01T22:22:28.739  1.01097000E-03  3.93647800E-03  2.49469000E-04
2002-01-01T22:22:29.739  1.08809500E-03  3.43070600E-03 -5.50545000E-04
2002-01-01T22:22:30.739  2.43698000E-04  3.39485000E-03  9.55632000E-04
2002-01-01T22:22:31.739 -6.90360000E-05  2.74180200E-03 -5.59570000E-05
2002-01-01T22:22:32.739 -7.51862000E-04  3.05336600E-03 -9.00202000E-04
2002-01-01T22:22:33.739 -2.30839000E-04  1.71535100E-03  6.47118000E-04
2002-01-01T22:22:34.739 -1.25330600E-03  2.58534500E-03 -4.33651000E-04
2002-01-01T22:22:35.739 -1.18996900E-03  1.64739900E-03  2.97189000E-04
2002-01-01T22:22:36.739 -1.36322500E-03  1.74074700E-03 -3.25833000E-04
2002-01-01T22:22:37.739 -6.40095000E-04  2.28618700E-03  6.00841000E-04
2002-01-01T22:22:38.739 -5.34010000E-04  1.73900800E-03 -6.13004000E-04
2002-01-01T22:22:39.743 -7.21793000E-04  2.00511500E-03 -1.10098000E-04
2002-01-01T22:22:40.739 -7.87489000E-04  1.93187000E-03 -5.89697000E-04
2002-01-01T22:22:41.739 -6.04550000E-04  7.42314000E-04 -1.13046000E-04
2002-01-01T22:22:42.739 -1.41294100E-03  2.52707200E-03  2.35427000E-04
2002-01-01T22:22:43.739 -6.96663000E-04  1.01827800E-03 -1.23420000E-04
2002-01-01T22:22:44.739 -1.58187700E-03  1.69539700E-03  6.90433000E-04
2002-01-01T22:22:45.739 -1.22951200E-03  1.38732900E-03  1.01435400E-03
2002-01-01T22:22:46.739 -1.27202000E-04  6.68000000E-04  3.19793000E-04
2002-01-01T22:22:47.739  9.65300000E-05  1.96265400E-03  5.48805000E-04
2002-01-01T22:22:48.739  3.19540000E-05  2.84223500E-03  1.79600000E-04
2002-01-01T22:22:49.739  1.38363300E-03  2.67582100E-03 -3.41953000E-04
2002-01-01T22:22:50.739  6.49971000E-04  2.01215400E-03 -8.69491000E-04
2002-01-01T22:22:51.739 -5.76881000E-04  8.27095000E-04  2.94319000E-04
2002-01-01T22:22:52.739 -1.19552500E-03  8.82319000E-04 -1.26128200E-03
2002-01-01T22:22:53.739  4.17486000E-04  1.36512300E-03 -2.25464000E-04
2002-01-01T22:22:54.739  1.52713500E-03  1.90591000E-03  1.70686000E-04
2002-01-01T22:22:55.743 -6.47310000E-05  8.20443000E-04 -4.17488000E-04
2002-01-01T22:22:56.739 -1.49100400E-03  6.42187000E-04  3.86009000E-04
2002-01-01T22:22:57.739 -3.48120000E-05  1.20925100E-03  2.97639000E-04
2002-01-01T22:22:58.739  3.80230000E-04  2.13434000E-03  4.95788000E-04
2002-01-01T22:22:59.739 -1.00465800E-03  1.07863600E-03 -1.92072000E-04
2002-01-01T22:23:00.743 -7.18751000E-04  4.67240000E-05 -3.94711000E-04
2002-01-01T22:23:01.739  4.49058000E-04  9.02412000E-04 -9.65488000E-04
2002-01-01T22:23:02.739  6.72109000E-04  5.83366000E-04  1.46743800E-03
2002-01-01T22:23:03.739 -6.39509000E-04 -6.64549000E-04 -7.42980000E-05
2002-01-01T22:23:04.739 -3.03401000E-04  3.07205000E-04  3.86407000E-04
2002-01-01T22:23:05.739  5.02843000E-04  1.71030400E-03  7.86252000E-04
2002-01-01T22:23:06.739 -7.57160000E-04  1.30407400E-03 -3.88848000E-04
2002-01-01T22:23:07.739 -1.41957500E-03  5.65053000E-04  7.81249000E-04
2002-01-01T22:23:08.739 -5.95430000E-05  1.82243200E-03  2.26780000E-05
2002-01-01T22:23:09.739 -2.02497000E-04  1.53486700E-03  5.10417000E-04
2002-01-01T22:23:10.739 -1.20245700E-03  9.95400000E-06  3.10013000E-04
2002-01-01T22:23:11.743 -6.60610000E-05  1.09341400E-03  8.91350000E-05
2002-01-01T22:23:12.739  8.40063000E-04  9.97872000E-04 -6.11204000E-04
2002-01-01T22:23:13.739  1.30999000E-04  5.05154000E-04 -3.21141000E-04
2002-01-01T22:23:14.739 -4.62270000E-05  4.69521000E-04  1.16309500E-03
2002-01-01T22:23:15.739  1.40206900E-03  1.25232000E-03 -1.00159000E-03
2002-01-01T22:23:16.743 -1.32617000E-04 -2.07596000E-04  1.43428700E-03
2002-01-01T22:23:17.739  2.56038000E-04 -2.34624000E-04 -2.19518000E-04
2002-01-01T22:23:18.739  7.83591000E-04  1.02246700E-03  7.54538000E-04
2002-01-01T22:23:19.739 -7.65833000E-04 -5.99957000E-04 -7.02544000E-04
2002-01-01T22:23:20.739  1.46178000E-04  5.69926000E-04  9.44250000E-04
2002-01-01T22:23:21.739  4.87037000E-04  6.72412000E-04 -5.37730000E-04
2002-01-01T22:23:22.739 -6.47660000E-04 -5.22403000E-04 -8.53081000E-04
2002-01-01T22:23:23.739  7.23281000E-04  1.30342300E-03  9.76294000E-04
2002-01-01T22:23:24.739 -8.12368000E-04  1.32134000E-04 -5.25903000E-04
2002-01-01T22:23:25.739 -3.15586000E-04  2.59091000E-04  4.05268000E-04
2002-01-01T22:23:26.739  1.64716000E-04  1.33354300E-03  4.09850000E-05
2002-01-01T22:23:27.743 -9.88306000E-04  4.02440000E-05  2.01205000E-04
2002-01-01T22:23:28.739  2.97670000E-05  1.67910100E-03 -1.58372000E-04
2002-01-01T22:23:29.739 -2.33814000E-04  6.80933000E-04  1.57369000E-04
2002-01-01T22:23:30.739 -6.80890000E-04  2.95300000E-06 -1.03034100E-03
2002-01-01T22:23:31.739  5.60373000E-04  1.74399700E-03  4.45490000E-04
2002-01-01T22:23:32.739 -1.71313900E-03 -4.77729000E-04  1.66428000E-04
2002-01-01T22:23:33.739  3.53684000E-04  9.30347000E-04 -5.97899000E-04
2002-01-01T22:23:34.739 -1.44304000E-04  5.97837000E-04  5.54183000E-04
2002-01-01T22:23:35.739 -4.89944000E-04 -9.40400000E-05 -3.72722000E-04
2002-01-01T22:23:36.739  1.18950500E-03  6.92942000E-04  4.71703000E-04
2002-01-01T22:23:37.739 -5.99714000E-04 -7.31920000E-04 -3.66290000E-05
2002-01-01T22:23:38.739  4.72358000E-04  1.72501000E-04 -1.93066000E-04
2002-01-01T22:23:39.739  1.40488500E-03  8.28532000E-04  3.15772000E-04
2002-01-01T22:23:40.739 -9.76162000E-04  2.06700000E-05  3.45471000E-04
2002-01-01T22:23:41.739  8.67378000E-04  1.25768300E-03 -6.98415000E-04
2002-01-01T22:23:42.739 -1.29793300E-03  2.67543000E-04  3.79665000E-04
2002-01-01T22:23:43.743  4.10100000E-05  1.47285100E-03  2.14646100E-03
2002-01-01T22:23:44.739 -1.74206200E-03  2.54638000E-04 -1.70988000E-03
2002-01-01T22:23:45.739 -2.60084000E-04  9.26634000E-04  8.18198000E-04
2002-01-01T22:23:46.739 -5.37088000E-04  8.01170000E-05 -4.19070000E-05
2002-01-01T22:23:47.739 -3.40314000E-04  6.72780000E-05  1.72494000E-04
2002-01-01T22:23:48.739  1.33156200E-03  4.90558000E-04  7.36876000E-04
2002-01-01T22:23:49.739 -2.28631000E-04 -6.06989000E-04 -1.76407000E-04
2002-01-01T22:23:50.739  1.14774700E-03  6.12487000E-04  9.63633000E-04
2002-01-01T22:23:51.739 -4.64400000E-04 -1.94817000E-04 -5.78317000E-04
2002-01-01T22:23:52.739 -3.11710000E-05  9.03132000E-04  4.73300000E-06
2002-01-01T22:23:53.739 -1.02186000E-03  4.19676000E-04  1.90448000E-04
2002-01-01T22:23:54.739 -5.95087000E-04  8.88929000E-04  2.97306000E-04
2002-01-01T22:23:55.739 -2.33929000E-04  3.02396000E-04 -3.05225000E-04
2002-01-01T22:23:56.739 -5.19825000E-04 -1.45648000E-04 -3.94837000E-04
2002-01-01T22:23:57.739  1.44424200E-03  3.11202000E-04  7.17033000E-04
2002-01-01T22:23:58.739 -7.56459000E-04 -6.50616000E-04 -3.32405000E-04
2002-01-01T22:23:59.743  7.92740000E-04  6.44114000E-04  6.13111000E-04
2002-01-01T22:24:00.739 -7.19553000E-04 -2.24580000E-05 -5.23287000E-04
2002-01-01T22:24:01.739  2.86358000E-04  8.26781000E-04  1.72932000E-04
2002-01-01T22:24:02.739 -1.03690700E-03  6.76470000E-04  3.69689000E-04
2002-01-01T22:24:03.739 -2.75333000E-04  6.06366000E-04  1.70456000E-04
2002-01-01T22:24:04.739 -3.14086000E-04 -9.94492000E-04  4.21950000E-04
2002-01-01T22:24:05.739  5.68026000E-04  1.46020000E-04  6.67220000E-05
2002-01-01T22:24:06.739 -2.57363000E-04 -3.30729000E-04  4.69317000E-04
2002-01-01T22:24:07.739 -2.60797000E-04  2.70535000E-04  3.74163000E-04
2002-01-01T22:24:08.739 -2.78664000E-04  6.85135000E-04  5.92926000E-04
2002-01-01T22:24:09.739 -2.54601000E-04  5.78090000E-05 -5.20274000E-04
2002-01-01T22:24:10.739  5.01562000E-04  1.59063000E-04  6.77391000E-04
2002-01-01T22:24:11.739  2.10283000E-04 -2.19835000E-04  3.48724000E-04
2002-01-01T22:24:12.739 -4.76790000E-05 -9.80550000E-05 -2.00740000E-04
2002-01-01T22:24:13.739 -7.30490000E-05 -3.47467000E-04  7.23759000E-04
2002-01-01T22:24:14.739  9.11904000E-04  1.38474800E-03 -1.18106700E-03
2002-01-01T22:24:15.743 -1.28591000E-03 -2.53840000E-05  5.77078000E-04
2002-01-01T22:24:16.739 -4.09290000E-04  1.27123500E-03 -4.87424000E-04
2002-01-01T22:24:17.739 -7.61387000E-04 -2.38017000E-04  2.16137000E-04
2002-01-01T22:24:18.739  1.84184100E-03  2.34215000E-04 -2.54468000E-04
2002-01-01T22:24:19.739 -7.98188000E-04 -1.11835800E-03  5.05872000E-04
2002-01-01T22:24:20.743  8.50765000E-04  1.07474900E-03  4.75385000E-04
2002-01-01T22:24:21.739 -1.27270600E-03 -6.03031000E-04 -6.40418000E-04
2002-01-01T22:24:22.739  3.85105000E-04  1.56822000E-03  1.27309500E-03
2002-01-01T22:24:23.739 -9.97279000E-04 -3.80972000E-04  3.53339000E-04
2002-01-01T22:24:24.739  8.50530000E-04  3.06952000E-04  7.94199000E-04
2002-01-01T22:24:25.739 -1.02239000E-04 -7.34488000E-04  3.29160000E-05
2002-01-01T22:24:26.739  1.10718400E-03  2.99442000E-04  6.67645000E-04
2002-01-01T22:24:27.739 -3.89533000E-04 -9.49739000E-04 -2.27996000E-04
2002-01-01T22:24:28.739  2.41732000E-04  9.77392000E-04 -5.44888000E-04
2002-01-01T22:24:29.739 -8.92197000E-04  5.49488000E-04  7.11128000E-04
2002-01-01T22:24:30.739 -3.10300000E-05  8.44720000E-04 -2.23396000E-04
2002-01-01T22:24:31.743  2.66285000E-04  9.55750000E-05  2.57440000E-04
2002-01-01T22:24:32.739  7.65237000E-04 -3.26272000E-04  1.22977000E-04
2002-01-01T22:24:33.739 -4.69560000E-05 -5.98417000E-04 -1.84300000E-06
2002-01-01T22:24:34.739  3.04686000E-04  2.70199000E-04 -1.24956200E-03
2002-01-01T22:24:35.739 -3.52294000E-04  3.16171000E-04  7.46347000E-04
2002-01-01T22:24:36.743 -3.18618000E-04  1.05491200E-03 -5.41390000E-05
2002-01-01T22:24:37.735  5.56855000E-04  4.58087000E-04 -1.09430000E-05
2002-01-01T22:24:38.739  5.25767000E-04 -9.34792000E-04  1.23942000E-04
2002-01-01T22:24:39.739 -1.47469000E-04  1.16722000E-04 -2.10160000E-04
2002-01-01T22:24:40.739 -2.21960000E-04 -1.70870000E-04  2.56885000E-04
2002-01-01T22:24:41.739 -8.19940000E-05  7.63031000E-04  4.24800000E-04
2002-01-01T22:24:42.739 -3.54670000E-04  2.11601000E-04  6.72225000E-04
2002-01-01T22:24:43.739 -7.23169000E-04  5.02521000E-04 -8.03077000E-04
2002-01-01T22:24:44.739  1.21886000E-04 -4.36250000E-05  4.90183000E-04
2002-01-01T22:24:45.739  6.67665000E-04 -1.06660000E-04 -1.66510000E-04
2002-01-01T22:24:46.739 -9.43800000E-06  1.55660000E-05 -5.79720000E-05
2002-01-01T22:24:47.743 -7.89935000E-04 -2.12641000E-04  7.56820000E-05
2002-01-01T22:24:48.735 -5.31452000E-04  6.58135000E-04 -1.10772700E-03
2002-01-01T22:24:49.739 -3.97570000E-04  4.53935000E-04  3.05468000E-04
2002-01-01T22:24:50.739  4.66653000E-04 -2.30309000E-04 -2.71594000E-04
2002-01-01T22:24:51.739  3.49330000E-05 -5.32918000E-04  3.50443000E-04
2002-01-01T22:24:52.739 -2.17430000E-05 -2.69880000E-04  4.11089000E-04
2002-01-01T22:24:53.739 -5.69307000E-04  5.07231000E-04  4.17341000E-04
2002-01-01T22:24:54.739 -8.45341000E-04  6.68123000E-04  5.35389000E-04
2002-01-01T22:24:55.739  8.59560000E-05 -1.12586000E-04  2.00346000E-04
2002-01-01T22:24:56.739 -2.52397000E-04  3.12925000E-04 -1.07760000E-04
2002-01-01T22:24:57.739  8.67106000E-04  3.10990000E-05 -4.67259000E-04
2002-01-01T22:24:58.739 -2.16135000E-04 -4.55569000E-04  1.99941000E-04
2002-01-01T22:24:59.739 -7.98340000E-05  2.67004000E-04 -2.66564000E-04
2002-01-01T22:25:00.739 -6.22208000E-04  3.45100000E-04  2.90005000E-04
2002-01-01T22:25:01.739 -2.51249000E-04  1.40606800E-03  1.13007100E-03
2002-01-01T22:25:02.739 -1.27771000E-04 -1.47201000E-04 -2.09560000E-05
2002-01-01T22:25:03.743  5.71230000E-05 -9.18737000E-04  6.67310000E-04
2002-01-01T22:25:04.739  1.68950000E-04 -6.19724000E-04 -6.10746000E-04
2002-01-01T22:25:05.739 -1.00429000E-04  4.67950000E-05  6.66438000E-04
2002-01-01T22:25:06.739 -7.38801000E-04  8.64134000E-04  3.13354000E-04
2002-01-01T22:25:07.735 -9.84326000E-04 -2.07905000E-04 -3.51320000E-04
2002-01-01T22:25:08.739  2.95215000E-04  1.78949000E-04  2.32580000E-05
2002-01-01T22:25:09.739  4.41430000E-05 -4.33416000E-04 -2.51592000E-04
2002-01-01T22:25:10.739  5.75284000E-04 -2.92092000E-04  5.16259000E-04
2002-01-01T22:25:11.739  6.93300000E-06 -2.44641000E-04 -4.28910000E-04
2002-01-01T22:25:12.739 -1.56991000E-04  4.87852000E-04  6.31781000E-04
2002-01-01T22:25:13.735 -1.19160200E-03 -4.93540000E-05  1.38889000E-04
2002-01-01T22:25:14.739  5.19271000E-04  3.77440000E-04  5.90711000E-04
2002-01-01T22:25:15.739 -1.15551300E-03 -3.03611000E-04  2.15331000E-04
2002-01-01T22:25:16.735  1.09292900E-03 -2.40182000E-04  1.26510000E-05
2002-01-01T22:25:17.739 -3.34905000E-04  4.96790000E-05  7.26708000E-04
2002-01-01T22:25:18.739  5.55232000E-04  4.48456000E-04 -4.44284000E-04
2002-01-01T22:25:19.743 -1.01392100E-03  1.35260000E-04  3.36647000E-04
2002-01-01T22:25:20.739  1.93670000E-04  1.28247300E-03 -1.48222000E-04
2002-01-01T22:25:21.739 -9.24433000E-04 -4.51562000E-04  1.18967000E-04
2002-01-01T22:25:22.739  1.19243900E-03 -2.41188000E-04 -3.30794000E-04
2002-01-01T22:25:23.735 -1.42565600E-03 -1.12540100E-03  7.89934000E-04
2002-01-01T22:25:24.739  3.58707000E-04  1.06822300E-03 -1.84828000E-04
2002-01-01T22:25:25.735 -2.06909800E-03 -5.10511000E-04 -1.36989000E-04
2002-01-01T22:25:26.739  9.25707000E-04  6.28066000E-04 -4.91170000E-04
2002-01-01T22:25:27.739 -2.95225000E-04 -4.91852000E-04 -1.40809000E-04
2002-01-01T22:25:28.735  1.28802100E-03 -1.91330000E-04 -1.89147000E-04
2002-01-01T22:25:29.735 -8.59993000E-04 -1.02142200E-03 -3.78339000E-04
2002-01-01T22:25:30.739  5.77746000E-04  1.11295500E-03  6.49668000E-04
2002-01-01T22:25:31.739 -1.91691100E-03  4.59540000E-05 -1.64758000E-04
2002-01-01T22:25:32.735  9.14490000E-05  6.44300000E-04  1.62079000E-04
2002-01-01T22:25:33.739 -4.69036000E-04 -8.60298000E-04  2.11120000E-04
2002-01-01T22:25:34.739  1.06456900E-03  3.77724000E-04  3.87518000E-04
2002-01-01T22:25:35.743 -5.79344000E-04 -1.14725300E-03 -1.17971800E-03
2002-01-01T22:25:36.735  1.41755100E-03  1.26172000E-03 -4.58000000E-06
2002-01-01T22:25:37.739 -1.11341700E-03  5.71009000E-04  1.88961000E-04
2002-01-01T22:25:38.739 -1.54683000E-04  4.55952000E-04 -7.08319000E-04
2002-01-01T22:25:39.735 -6.72017000E-04  1.49653000E-04  6.24961000E-04
2002-01-01T22:25:40.743  2.96027000E-04  3.43954000E-04 -4.94830000E-05
2002-01-01T22:25:41.735 -9.55320000E-05 -2.62182000E-04  4.72766000E-04
2002-01-01T22:25:42.739  2.05301000E-04  3.36704000E-04 -5.30585000E-04
2002-01-01T22:25:43.739 -9.37320000E-04  7.68082000E-04 -3.49570000E-05
2002-01-01T22:25:44.735 -8.08008000E-04  9.82280000E-05 -3.51458000E-04
2002-01-01T22:25:45.735 -9.66400000E-05  2.62690000E-05  1.80727000E-04
2002-01-01T22:25:46.739 -2.38800000E-06 -1.29374800E-03  7.32597000E-04
2002-01-01T22:25:47.739  5.53093000E-04 -4.91802000E-04 -1.51662000E-04
2002-01-01T22:25:48.735 -1.16234700E-03 -6.07247000E-04  6.92362000E-04
2002-01-01T22:25:49.739 -1.68119000E-04  1.01815900E-03 -1.95289000E-04
2002-01-01T22:25:50.739 -1.32484400E-03 -2.56367000E-04  3.73796000E-04
2002-01-01T22:25:51.743  2.58857000E-04  4.36205000E-04 -1.67599000E-04
2002-01-01T22:25:52.735 -1.69858000E-04 -7.30232000E-04  9.33880000E-05
2002-01-01T22:25:53.739  4.58583000E-04 -6.01300000E-05  8.35244000E-04
2002-01-01T22:25:54.739 -1.19260900E-03 -5.47479000E-04 -3.38270000E-05
2002-01-01T22:25:55.735 -7.68000000E-07  1.00041100E-03  6.92534000E-04
2002-01-01T22:25:56.743 -8.79254000E-04  3.69962000E-04 -1.04686000E-04
2002-01-01T22:25:57.735  1.24380400E-03 -4.40697000E-04  5.68828000E-04
2002-01-01T22:25:58.739 -9.57170000E-05 -5.08024000E-04 -5.98300000E-05
2002-01-01T22:25:59.739  5.10892000E-04 -2.56895000E-04 -2.21453000E-04
2002-01-01T22:26:00.735 -1.36506800E-03 -4.30060000E-04  4.65290000E-04
2002-01-01T22:26:01.735 -3.41559000E-04  1.26950000E-03  2.59900000E-06
2002-01-01T22:26:02.739 -1.59998600E-03 -8.05246000E-04  5.84892000E-04
2002-01-01T22:26:03.739  1.59666000E-04  9.01079000E-04  2.56036000E-04
2002-01-01T22:26:04.739 -5.52598000E-04 -1.21030100E-03  3.31027000E-04
2002-01-01T22:26:05.739  1.35088100E-03  3.51498000E-04 -8.61355000E-04
2002-01-01T22:26:06.739 -6.04594000E-04 -3.98446000E-04 -9.99130000E-05
2002-01-01T22:26:07.743  5.57873000E-04  1.35292300E-03 -1.92786000E-04
2002-01-01T22:26:08.735 -9.36860000E-04 -6.13877000E-04 -4.02121000E-04
2002-01-01T22:26:09.735  1.12257200E-03  4.24699000E-04  7.81610000E-05
2002-01-01T22:26:10.739 -3.54428000E-04 -9.61234000E-04  2.40404000E-04
2002-01-01T22:26:11.735  9.63519000E-04  6.36719000E-04  3.63593000E-04
2002-01-01T22:26:12.743 -1.16435900E-03  1.11360000E-05  5.93808000E-04
2002-01-01T22:26:13.735  3.21350000E-05  1.58655000E-03  1.75968000E-04
2002-01-01T22:26:14.739 -2.70944000E-04 -4.65739000E-04 -2.03145000E-04
2002-01-01T22:26:15.739  3.27953000E-04  5.99452000E-04  1.20559800E-03
2002-01-01T22:26:16.739 -6.98970000E-04 -9.56905000E-04 -6.17017000E-04
2002-01-01T22:26:17.735  7.99273000E-04  7.06305000E-04 -3.61592000E-04
2002-01-01T22:26:18.739 -1.33772100E-03 -3.67245000E-04  8.04379000E-04
2002-01-01T22:26:19.735  5.66367000E-04  1.13127200E-03 -4.79099000E-04
2002-01-01T22:26:20.735 -7.97922000E-04 -6.54930000E-04  7.46633000E-04
2002-01-01T22:26:21.739  9.42520000E-04  3.04018000E-04 -4.24006000E-04
2002-01-01T22:26:22.739 -3.10559000E-04 -1.04893300E-03  3.89121000E-04
2002-01-01T22:26:23.743  1.39242000E-04 -2.30500000E-05  9.97275000E-04
2002-01-01T22:26:24.735 -9.29291000E-04  4.53614000E-04 -2.08640000E-04
2002-01-01T22:26:25.735 -3.24374000E-04  1.36572400E-03  1.62269000E-04
2002-01-01T22:26:26.739 -1.44836000E-04  2.09358000E-04 -1.11737000E-04
2002-01-01T22:26:27.735  1.44233000E-04 -4.20020000E-04  3.36830000E-05
2002-01-01T22:26:28.743  8.66962000E-04 -5.49945000E-04 -6.98866000E-04
2002-01-01T22:26:29.735 -6.53850000E-05 -2.41197000E-04  4.39893000E-04
2002-01-01T22:26:30.739  1.50826000E-04  7.89359000E-04 -4.08691000E-04
2002-01-01T22:26:31.739 -9.81966000E-04  1.17676000E-04  5.29689000E-04
2002-01-01T22:26:32.735  3.57930000E-04  3.59896000E-04  8.24939000E-04
2002-01-01T22:26:33.735 -3.25524000E-04 -9.65816000E-04  6.92340000E-05
2002-01-01T22:26:34.739  1.16120870E-02  7.36300000E-04 -3.07056100E-03
2002-01-01T22:26:35.735 -4.52817800E-03 -6.83829900E-03 -3.93009000E-03
2002-01-01T22:26:36.735  1.02727830E-02  3.38940200E-03  3.99972000E-04
2002-01-01T22:26:37.735 -1.14565260E-02 -2.29974900E-03 -3.12614500E-03
2002-01-01T22:26:38.739 -5.21023000E-04  7.98040700E-03  4.70564600E-03
2002-01-01T22:26:39.739 -9.39641900E-03 -3.85459900E-03 -6.45037200E-03
2002-01-01T22:26:40.735  5.94402900E-03  3.20325600E-03  1.26991100E-03
2002-01-01T22:26:41.735 -3.67358200E-03 -9.32438300E-03  5.44220800E-03
2002-01-01T22:26:42.739  8.59536500E-03  2.35639600E-03 -8.88557100E-03
2002-01-01T22:26:43.735 -4.84561100E-03 -2.63746900E-03  5.94090500E-03
2002-01-01T22:26:44.743 -1.02288700E-03  8.44539100E-03 -6.19523200E-03
2002-01-01T22:26:45.735 -6.35765500E-03  3.05983000E-04  6.42191100E-03
2002-01-01T22:26:46.739  2.82520900E-03  6.43783000E-04 -1.94671700E-03
2002-01-01T22:26:47.735  2.96009300E-03 -5.09607700E-03  4.03954000E-04
2002-01-01T22:26:48.735  7.20684500E-03  9.93920000E-05 -6.57475000E-04
2002-01-01T22:26:49.735 -4.71754200E-03  1.34433400E-03  4.52291000E-04
2002-01-01T22:26:50.735 -2.28498200E-03  5.87322300E-03  2.97896000E-03
2002-01-01T22:26:51.735 -5.26605800E-03  1.70068000E-03 -1.35668210E-02
2002-01-01T22:26:52.735  5.13206400E-03  2.60882700E-03  5.10888700E-03
2002-01-01T22:26:53.735  3.70527200E-03 -3.34476100E-03 -3.44048100E-03
2002-01-01T22:26:54.739  1.06442510E-02 -6.52741000E-04 -5.96909600E-03
2002-01-01T22:26:55.739 -4.49820700E-03 -9.43603000E-04  1.17085180E-02
2002-01-01T22:26:56.735  5.47650000E-05  2.90722600E-03 -4.41806900E-03
2002-01-01T22:26:57.735 -4.76995200E-03  3.59845300E-03  3.47469000E-03
2002-01-01T22:26:58.739 -1.24862500E-03  2.65684300E-03 -5.23188000E-03
2002-01-01T22:26:59.735  3.59519300E-03 -2.11979300E-03  4.07436700E-03
2002-01-01T22:27:00.743  4.25530900E-03 -7.17827200E-03 -8.28241300E-03
2002-01-01T22:27:01.735 -2.69872600E-03 -1.09476500E-03  4.54851000E-03
2002-01-01T22:27:02.739 -8.80623000E-04  5.85724500E-03  4.58577000E-04
2002-01-01T22:27:03.735 -2.84772600E-03  5.77804700E-03 -5.30681500E-03
2002-01-01T22:27:04.735 -1.62908900E-03 -2.12875100E-03 -1.53951000E-03
2002-01-01T22:27:05.735  3.13371400E-03 -1.82398900E-03  5.79898000E-04
2002-01-01T22:27:06.739  6.96392000E-04 -6.55040900E-03 -2.87724800E-03
2002-01-01T22:27:07.735  6.40198000E-03  2.11881900E-03  2.52143000E-03
2002-01-01T22:27:08.735 -4.76152500E-03  1.58352900E-03 -9.12688000E-03
2002-01-01T22:27:09.735  2.15054000E-03  5.26429600E-03  3.91095300E-03
2002-01-01T22:27:10.739 -5.19353100E-03 -5.03401200E-03  3.25459800E-03
2002-01-01T22:27:11.739  9.30516700E-03  5.58853000E-04 -6.86600200E-03
2002-01-01T22:27:12.735 -4.67461300E-03 -9.11127000E-03  4.61304300E-03
2002-01-01T22:27:13.735  6.22034100E-03  3.28165100E-03  7.57411000E-04
2002-01-01T22:27:14.739 -1.18245490E-02  1.56368800E-03  8.11333000E-04
2002-01-01T22:27:15.735  2.45492600E-03  8.01277400E-03 -1.64007500E-03
2002-01-01T22:27:16.743 -8.79005900E-03 -3.76771300E-03  2.00840000E-03
2002-01-01T22:27:17.735  9.88096100E-03 -3.85733000E-04  1.53547900E-03
2002-01-01T22:27:18.735 -4.13780800E-03 -8.53770800E-03  6.48834300E-03
2002-01-01T22:27:19.735  7.31756200E-03  2.07984500E-03 -1.32992900E-03
2002-01-01T22:27:20.735 -8.47726200E-03 -1.38725900E-03 -4.82271100E-03
2002-01-01T22:27:21.735  5.38994600E-03  1.06482250E-02  5.11158900E-03
2002-01-01T22:27:22.735 -6.56565200E-03 -2.83906800E-03 -7.49993800E-03
2002-01-01T22:27:23.735  3.86995700E-03  1.24761700E-03  6.12829400E-03
2002-01-01T22:27:24.735 -2.76069700E-03 -5.94141100E-03 -6.57499700E-03
2002-01-01T22:27:25.735  4.54780100E-03 -1.07085200E-03  5.72627600E-03
2002-01-01T22:27:26.739 -9.45383300E-03 -6.12069800E-03  3.84539700E-03
2002-01-01T22:27:27.739 -3.81002400E-03  5.96471000E-03 -4.04257900E-03
2002-01-01T22:27:28.735 -9.40724100E-03 -8.26739000E-04 -3.11917000E-04
2002-01-01T22:27:29.735  6.54743000E-04  2.35744100E-03 -4.59133100E-03
2002-01-01T22:27:30.735 -2.86790300E-03 -3.95693100E-03  1.35319500E-03
2002-01-01T22:27:31.735  1.03234910E-02 -1.75955400E-03 -5.78028800E-03
2002-01-01T22:27:32.743 -6.72824400E-03 -2.59940200E-03  5.31666400E-03
2002-01-01T22:27:33.735  4.61418600E-03  5.03729700E-03 -4.71967400E-03
2002-01-01T22:27:34.735 -8.25302300E-03 -2.25424900E-03 -3.30699800E-03
2002-01-01T22:27:35.735  4.00819600E-03  2.70834700E-03  3.01865000E-04
