2002-01-10T17:38:38.851 -7.23140000E-04 -3.82563000E-04  1.40564000E-03
2002-01-10T17:38:39.847  5.21261000E-04  1.29567100E-03 -7.65220000E-04
2002-01-10T17:38:40.847 -8.28257000E-04  2.70100000E-06  9.53930000E-05
2002-01-10T17:38:41.851 -2.88509000E-04  6.56798000E-04  1.41794800E-03
2002-01-10T17:38:42.851  2.98320000E-05 -1.25786800E-03 -5.80479000E-04
2002-01-10T17:38:43.851  5.81561000E-04  7.01210000E-05  2.00482000E-04
2002-01-10T17:38:44.847 -4.93126000E-04 -5.39061000E-04 -1.71982000E-04
2002-01-10T17:38:45.847  5.42874000E-04  1.25076100E-03 -1.12813700E-03
2002-01-10T17:38:46.851 -1.35159400E-03  3.30381000E-04 -1.20785000E-04
2002-01-10T17:38:47.847  1.05160300E-03  9.53069000E-04 -1.01520000E-05
2002-01-10T17:38:48.851  3.10022000E-04 -9.90105000E-04 -5.54600000E-05
2002-01-10T17:38:49.851  1.56870000E-05 -3.27517000E-04 -8.48364000E-04
2002-01-10T17:38:50.851 -7.37907000E-04  2.83285000E-04 -4.90520000E-05
2002-01-10T17:38:51.855 -3.06885000E-04  9.31647000E-04 -7.45005000E-04
2002-01-10T17:38:52.847 -3.17956000E-04  4.12475000E-04  1.30692100E-03
2002-01-10T17:38:53.847  5.56223000E-04  7.17532000E-04 -8.49328000E-04
2002-01-10T17:38:54.851  2.27890000E-04 -7.67220000E-04  5.44009000E-04
2002-01-10T17:38:55.847  5.71729000E-04  1.08387000E-04  2.17759000E-04
2002-01-10T17:38:56.851 -3.00193000E-04  9.68760000E-05 -1.45568600E-03
2002-01-10T17:38:57.847 -3.59359000E-04  4.20089000E-04  6.87839000E-04
2002-01-10T17:38:58.851 -2.96672000E-04  2.14818000E-04 -8.65514000E-04
2002-01-10T17:38:59.847  1.82927000E-04  3.62736000E-04 -6.86960000E-05
2002-01-10T17:39:00.847  5.01060000E-05 -7.68030000E-05  4.98757000E-04
2002-01-10T17:39:01.851  2.49105000E-04 -4.21296000E-04 -3.63591000E-04
2002-01-10T17:39:02.851 -5.26140000E-05  1.30136000E-04  1.99461000E-04
2002-01-10T17:39:03.851  5.39031000E-04  1.56615700E-03  2.74384000E-04
2002-01-10T17:39:04.847 -5.65348000E-04  2.57368000E-04 -2.42804000E-04
2002-01-10T17:39:05.847 -2.48264000E-04  9.58480000E-05  1.50762000E-04
2002-01-10T17:39:06.851  1.09207000E-04 -3.46687000E-04  8.57901000E-04
2002-01-10T17:39:07.855  6.93641000E-04 -8.90560000E-05 -1.13848400E-03
2002-01-10T17:39:08.847 -7.12487000E-04  2.23235000E-04  5.79941000E-04
2002-01-10T17:39:09.847 -6.83191000E-04  5.00533000E-04  1.28914800E-03
2002-01-10T17:39:10.851  1.05961000E-04 -1.57490000E-04 -5.67082000E-04
2002-01-10T17:39:11.851 -2.37065000E-04 -1.66585000E-04  4.51770000E-04
2002-01-10T17:39:12.847  9.45250000E-05 -6.52615000E-04  7.33897000E-04
2002-01-10T17:39:13.851 -2.71824000E-04  9.92900000E-06 -6.26536000E-04
2002-01-10T17:39:14.851 -8.97272000E-04  6.08424000E-04 -2.28726000E-04
2002-01-10T17:39:15.847 -8.83878000E-04  9.27714000E-04 -2.59098000E-04
2002-01-10T17:39:16.847 -2.32274000E-04  1.97120000E-05 -7.45840000E-04
2002-01-10T17:39:17.847  3.93339000E-04 -3.02951000E-04  1.36189000E-04
2002-01-10T17:39:18.851  2.74857000E-04 -3.44345000E-04 -1.59010000E-05
2002-01-10T17:39:19.847  6.75606000E-04  2.29611000E-04 -2.86956000E-04
2002-01-10T17:39:20.847 -3.52203000E-04 -1.76397000E-04  7.63458000E-04
2002-01-10T17:39:21.847 -4.18298000E-04  1.20804400E-03 -1.50198300E-03
2002-01-10T17:39:22.851 -5.51858000E-04  1.47973000E-04  6.03125000E-04
2002-01-10T17:39:23.855 -2.75610000E-05 -8.62176000E-04 -6.29415000E-04
2002-01-10T17:39:24.847  2.49635000E-04 -1.06402400E-03 -6.69566000E-04
2002-01-10T17:39:25.847  8.35683000E-04  1.14881200E-03  1.14551800E-03
2002-01-10T17:39:26.851 -6.80685000E-04  2.07500000E-06 -4.53790000E-05
2002-01-10T17:39:27.847  1.74041000E-04  5.07502000E-04 -9.36090000E-05
2002-01-10T17:39:28.847 -1.02386600E-03  2.74375000E-04  5.60146000E-04
2002-01-10T17:39:29.847  5.63033000E-04  7.16380000E-04 -2.71167000E-04
2002-01-10T17:39:30.851  4.46484000E-04 -1.12527500E-03  1.35524000E-04
2002-01-10T17:39:31.847  1.05547500E-03  6.00609000E-04  3.15010000E-04
2002-01-10T17:39:32.847 -6.83674000E-04 -1.47444000E-04 -6.34742000E-04
2002-01-10T17:39:33.851  3.68707000E-04  1.43314900E-03  1.89620000E-04
2002-01-10T17:39:34.851 -9.86729000E-04  2.06276000E-04  5.79609000E-04
2002-01-10T17:39:35.847  6.90823000E-04  7.54040000E-05 -1.20283700E-03
2002-01-10T17:39:36.847 -3.44475000E-04 -7.59441000E-04  1.22503700E-03
2002-01-10T17:39:37.847  1.75836000E-04  2.75461000E-04 -1.87410000E-04
2002-01-10T17:39:38.851 -8.21812000E-04  3.35516000E-04  4.66954000E-04
2002-01-10T17:39:39.855 -5.20790000E-05  1.23588900E-03  7.33900000E-05
2002-01-10T17:39:40.847 -1.10224200E-03  5.78255000E-04 -9.16300000E-05
2002-01-10T17:39:41.847  1.55140000E-04  4.33686000E-04 -4.69429000E-04
2002-01-10T17:39:42.851  3.95380000E-05 -1.05642500E-03  2.73953000E-04
2002-01-10T17:39:43.851  5.81230000E-05 -6.80347000E-04 -6.02752000E-04
2002-01-10T17:39:44.847 -5.28114000E-04 -2.94928000E-04  3.72515000E-04
2002-01-10T17:39:45.847  6.45987000E-04  1.69952800E-03 -7.54559000E-04
2002-01-10T17:39:46.851 -7.99151000E-04  2.63304000E-04  3.93625000E-04
2002-01-10T17:39:47.847  8.83593000E-04  5.06442000E-04  5.79715000E-04
2002-01-10T17:39:48.851 -2.53424000E-04 -1.08462600E-03 -4.38979000E-04
2002-01-10T17:39:49.847  1.68177800E-03  4.42852000E-04  4.53939000E-04
2002-01-10T17:39:50.851 -5.89638000E-04 -6.66372000E-04  4.31764000E-04
2002-01-10T17:39:51.847  1.14526600E-03  1.61519300E-03 -3.03744000E-04
2002-01-10T17:39:52.847 -1.41719400E-03 -5.45630000E-05  3.43345000E-04
2002-01-10T17:39:53.847  6.65396000E-04  6.17966000E-04 -2.25828000E-04
2002-01-10T17:39:54.851 -5.45676000E-04 -8.06530000E-04 -4.06407000E-04
2002-01-10T17:39:55.855  8.03828000E-04 -1.52922000E-04  5.26845000E-04
2002-01-10T17:39:56.847 -3.51689000E-04 -6.67283000E-04  3.50563000E-04
2002-01-10T17:39:57.847  5.69276000E-04  1.02180200E-03  1.14060400E-03
2002-01-10T17:39:58.851 -8.44711000E-04 -8.97560000E-05  1.90225000E-04
2002-01-10T17:39:59.847  1.34004300E-03  4.35376000E-04 -9.32646000E-04
2002-01-10T17:40:00.847 -6.44893000E-04 -1.11202900E-03 -1.03030000E-05
2002-01-10T17:40:01.851  1.12856100E-03  4.83811000E-04 -3.37354000E-04
2002-01-10T17:40:02.851 -9.68116000E-04 -7.02436000E-04 -3.32487000E-04
2002-01-10T17:40:03.851  6.95148000E-04  1.27155600E-03  9.19724000E-04
2002-01-10T17:40:04.847 -1.40347000E-03  3.11390000E-05 -1.71085000E-04
2002-01-10T17:40:05.847  8.58245000E-04  8.14574000E-04 -6.67640000E-05
2002-01-10T17:40:06.851 -7.53271000E-04 -7.46266000E-04 -1.06903100E-03
2002-01-10T17:40:07.847  1.51417900E-03  5.56483000E-04  2.28785000E-04
2002-01-10T17:40:08.847 -7.95225000E-04 -9.69067000E-04  4.72865000E-04
2002-01-10T17:40:09.847  2.71560000E-04  1.45237500E-03  1.48123000E-04
2002-01-10T17:40:10.851 -1.10620800E-03  1.34428000E-04  7.07224000E-04
2002-01-10T17:40:11.855  3.72758000E-04  1.22569500E-03  4.66480000E-05
2002-01-10T17:40:12.847 -6.72117000E-04 -3.25720000E-04  5.14879000E-04
2002-01-10T17:40:13.847  4.80254000E-04  3.90779000E-04  4.39809000E-04
2002-01-10T17:40:14.851  4.94470000E-05 -1.04452200E-03  3.03282000E-04
2002-01-10T17:40:15.847  3.96934000E-04  6.02838000E-04  3.80320000E-04
2002-01-10T17:40:16.847 -1.05324300E-03 -4.34644000E-04  5.19270000E-05
2002-01-10T17:40:17.847 -3.67924000E-04  1.16016400E-03  6.48295000E-04
2002-01-10T17:40:18.851 -1.07329500E-03 -5.75633000E-04 -7.83717000E-04
2002-01-10T17:40:19.847  4.48493000E-04  1.35423000E-04  3.91554000E-04
2002-01-10T17:40:20.847  1.84382000E-04 -1.37948000E-04 -1.24399000E-04
2002-01-10T17:40:21.851  9.31070000E-05 -2.33669000E-04 -9.46474000E-04
2002-01-10T17:40:22.851 -1.41819000E-04  2.08698000E-04  5.38085000E-04
2002-01-10T17:40:23.851 -5.70659000E-04  4.41877000E-04 -1.46476700E-03
2002-01-10T17:40:24.847 -2.72731000E-04  1.12179800E-03  9.05594000E-04
2002-01-10T17:40:25.847 -3.83267000E-04  1.50749000E-04 -8.69966000E-04
2002-01-10T17:40:26.851  1.10688300E-03  6.53404000E-04 -2.87026000E-04
2002-01-10T17:40:27.855 -3.47452000E-04 -9.18950000E-04  5.55670000E-05
2002-01-10T17:40:28.847  1.35646400E-03  8.34268000E-04  6.56640000E-05
2002-01-10T17:40:29.847 -9.29628000E-04 -8.54976000E-04  1.01888800E-03
2002-01-10T17:40:30.851  1.36177000E-03  1.23365200E-03  3.92925000E-04
2002-01-10T17:40:31.851 -7.92003000E-04  5.59120000E-04 -1.82220000E-05
2002-01-10T17:40:32.847  1.18667000E-04  7.61661000E-04  1.38545600E-03
2002-01-10T17:40:33.851 -2.53701000E-04 -3.31081000E-04 -6.88300000E-04
2002-01-10T17:40:34.851  6.01282000E-04  1.68789000E-04  1.47682000E-03
2002-01-10T17:40:35.847  3.68522000E-04 -2.97522000E-04  4.73300000E-05
2002-01-10T17:40:36.847  4.51807000E-04 -8.01140000E-05 -1.23786000E-04
2002-01-10T17:40:37.847 -2.01550000E-05  2.04029000E-04  2.05702000E-04
2002-01-10T17:40:38.847 -2.27496000E-04  4.09070000E-04 -4.73295000E-04
2002-01-10T17:40:39.847  2.48451000E-04  1.01647200E-03 -1.50413000E-04
2002-01-10T17:40:40.847 -7.42390000E-04  2.31369000E-04  4.09945000E-04
2002-01-10T17:40:41.847  4.30888000E-04  7.42109000E-04 -1.54730000E-05
2002-01-10T17:40:42.851 -5.70360000E-04 -7.31963000E-04  4.00881000E-04
2002-01-10T17:40:43.855  1.02080800E-03  4.08163000E-04  2.58728000E-04
2002-01-10T17:40:44.847 -9.23816000E-04 -7.85675000E-04 -3.28914000E-04
2002-01-10T17:40:45.847  1.04422900E-03  1.05309500E-03  7.73010000E-05
2002-01-10T17:40:46.847 -1.33967400E-03 -5.89741000E-04 -3.02293000E-04
2002-01-10T17:40:47.847  4.19850000E-05  1.18198200E-03  4.85896000E-04
2002-01-10T17:40:48.847 -5.37094000E-04  9.54310000E-05 -1.28461000E-04
2002-01-10T17:40:49.847 -7.71850000E-05  1.12740300E-03 -2.28403000E-04
2002-01-10T17:40:50.847  4.14620000E-05 -7.40860000E-05  2.47438000E-04
2002-01-10T17:40:51.847  4.82418000E-04 -4.69322000E-04 -3.31202000E-04
2002-01-10T17:40:52.847  4.52899000E-04 -2.95283000E-04 -4.99685000E-04
2002-01-10T17:40:53.851 -1.50651000E-04 -6.25731000E-04  4.30078000E-04
2002-01-10T17:40:54.851  5.46348000E-04  6.41202000E-04 -2.26436000E-04
2002-01-10T17:40:55.847 -1.26541000E-03 -6.58960000E-05  3.24357000E-04
2002-01-10T17:40:56.847  4.49175000E-04  9.53224000E-04  6.63380000E-04
2002-01-10T17:40:57.847 -8.10725000E-04  7.09158000E-04  1.09688000E-04
2002-01-10T17:40:58.851 -4.35238000E-04  1.15825700E-03 -1.68326000E-04
2002-01-10T17:40:59.855 -4.29310000E-04  8.56822000E-04  7.26322000E-04
2002-01-10T17:41:00.847 -8.92022000E-04  2.60149000E-04 -1.46690000E-04
2002-01-10T17:41:01.847  4.81332000E-04  1.55705000E-03  5.34877000E-04
2002-01-10T17:41:02.851 -5.85857000E-04 -3.73441000E-04  1.19770000E-04
2002-01-10T17:41:03.851  8.00843000E-04  7.39203000E-04 -4.35258000E-04
2002-01-10T17:41:04.847 -1.09378000E-04 -4.88028000E-04  6.79776000E-04
2002-01-10T17:41:05.847  4.35470000E-04  3.73085000E-04 -9.51889000E-04
2002-01-10T17:41:06.847  2.71766000E-04  1.52536000E-04 -1.58365900E-03
2002-01-10T17:41:07.847 -7.50901000E-04  1.84418000E-04  1.87068000E-04
2002-01-10T17:41:08.851  7.56703000E-04  1.42787500E-03  7.41962000E-04
2002-01-10T17:41:09.847 -1.55441600E-03  4.64040000E-05  3.66267000E-04
2002-01-10T17:41:10.847  3.72349000E-04  8.55401000E-04  1.15826200E-03
2002-01-10T17:41:11.847 -2.97766000E-04  1.25122600E-03 -1.01761800E-03
2002-01-10T17:41:12.847 -1.40841000E-03  8.80227000E-04  1.27702000E-04
2002-01-10T17:41:13.847  3.74040000E-04  1.61381700E-03  2.05913000E-04
2002-01-10T17:41:14.847 -1.12983700E-03  3.57707000E-04 -8.44009000E-04
2002-01-10T17:41:15.855  1.07435000E-04  1.61019300E-03 -4.82680000E-05
2002-01-10T17:41:16.847  4.02530000E-05  3.88566000E-04  4.94218000E-04
2002-01-10T17:41:17.847 -3.53336000E-04  4.70036000E-04  1.53333000E-04
2002-01-10T17:41:18.851  1.45064100E-03  1.35385000E-04 -7.40300000E-06
2002-01-10T17:41:19.847 -6.48690000E-04 -6.70728000E-04 -2.37178000E-04
2002-01-10T17:41:20.847  9.26059000E-04  7.01360000E-04 -5.40254000E-04
2002-01-10T17:41:21.851 -2.43050000E-05 -7.74248000E-04  3.82940000E-04
2002-01-10T17:41:22.847  4.01157000E-04  9.53140000E-05  2.36557000E-04
2002-01-10T17:41:23.847  1.09043400E-03  8.40647000E-04 -4.68716000E-04
2002-01-10T17:41:24.847 -5.15847000E-04 -4.18323000E-04 -5.93620000E-04
2002-01-10T17:41:25.847  1.20497700E-03  9.98734000E-04 -3.49318000E-04
2002-01-10T17:41:26.847 -9.51578000E-04 -3.00725000E-04  6.05730000E-04
2002-01-10T17:41:27.847  7.31930000E-05  2.67517000E-04 -4.23558000E-04
2002-01-10T17:41:28.847  1.13984500E-03  1.53295700E-03 -4.32896000E-04
2002-01-10T17:41:29.847 -9.95356000E-04 -3.29430000E-05  5.36752000E-04
2002-01-10T17:41:30.847  1.84924000E-04  1.21577900E-03 -1.47947000E-04
2002-01-10T17:41:31.855  3.06384000E-04  1.44205600E-03 -3.16608000E-04
2002-01-10T17:41:32.847 -6.88785000E-04  6.94300000E-06 -5.95139000E-04
2002-01-10T17:41:33.847  1.61232000E-04  1.67464800E-03 -4.01640000E-05
2002-01-10T17:41:34.847  4.44347000E-04  1.11502600E-03  3.17055000E-04
2002-01-10T17:41:35.847 -1.06182000E-03  4.86764000E-04 -2.07320000E-05
2002-01-10T17:41:36.847  3.40394000E-04  1.46044700E-03  2.63704000E-04
2002-01-10T17:41:37.847  6.71460000E-05  1.21036000E-03  5.83386000E-04
2002-01-10T17:41:38.851 -7.87800000E-04  4.17787000E-04 -1.60054000E-04
2002-01-10T17:41:39.847  1.84364000E-04  1.33741800E-03 -5.87385000E-04
2002-01-10T17:41:40.847 -3.07238000E-04  4.78331000E-04  1.11837700E-03
2002-01-10T17:41:41.851 -2.83208000E-04  3.46660000E-05 -5.51422000E-04
2002-01-10T17:41:42.847  6.59175000E-04  1.05317800E-03  1.90460000E-04
2002-01-10T17:41:43.847  4.28006000E-04  5.59622000E-04 -4.62276000E-04
2002-01-10T17:41:44.847 -2.22977000E-04 -3.10942000E-04 -7.19468000E-04
2002-01-10T17:41:45.847  7.89291000E-04  7.56167000E-04  5.92830000E-04
2002-01-10T17:41:46.847  7.54221000E-04  7.64740000E-04 -5.21590000E-04
2002-01-10T17:41:47.855 -1.86594000E-04  1.60700000E-04  6.07870000E-04
2002-01-10T17:41:48.847  1.04007000E-03  1.31213400E-03  4.02094000E-04
2002-01-10T17:41:49.847  1.04871000E-04  1.42193800E-03 -6.33262000E-04
2002-01-10T17:41:50.847 -7.12361000E-04 -8.84250000E-05  3.50457000E-04
2002-01-10T17:41:51.851  9.25003000E-04  1.22692800E-03 -1.33126000E-04
2002-01-10T17:41:52.847  7.12342000E-04  5.09137000E-04 -9.37586000E-04
2002-01-10T17:41:53.851 -9.51027000E-04  2.36283000E-04  6.80368000E-04
2002-01-10T17:41:54.847  3.03562000E-04  1.43109100E-03 -3.18531000E-04
2002-01-10T17:41:55.847  6.69944000E-04  1.87632000E-03 -9.94717000E-04
2002-01-10T17:41:56.847 -1.37617300E-03  8.05182000E-04 -1.13699000E-04
2002-01-10T17:41:57.847 -5.13902000E-04  1.62954400E-03 -4.96961000E-04
2002-01-10T17:41:58.847  9.55654000E-04  2.31217100E-03  1.32080000E-05
2002-01-10T17:41:59.847 -1.28494300E-03  7.17915000E-04  1.06819900E-03
2002-01-10T17:42:00.847 -7.17727000E-04  7.03500000E-04 -3.05027000E-04
2002-01-10T17:42:01.847  8.15201000E-04  1.40480700E-03  3.11940000E-04
2002-01-10T17:42:02.847  7.31834000E-04  1.34962300E-03  1.05680600E-03
2002-01-10T17:42:03.859 -4.58301000E-04 -4.84758000E-04 -6.07546000E-04
2002-01-10T17:42:04.847  4.85678000E-04  4.04072000E-04  7.68105000E-04
2002-01-10T17:42:05.847  1.22854600E-03  1.48978000E-03 -8.53231000E-04
2002-01-10T17:42:06.847 -6.37743000E-04  3.56346000E-04 -3.16486000E-04
2002-01-10T17:42:07.847 -6.11874000E-04  9.97857000E-04  7.39913000E-04
2002-01-10T17:42:08.847  8.91055000E-04  1.95187900E-03 -6.74166000E-04
2002-01-10T17:42:09.847 -2.87206000E-04  1.51192400E-03  9.94793000E-04
2002-01-10T17:42:10.847 -1.27414500E-03  5.24673000E-04  6.25610000E-05
2002-01-10T17:42:11.847 -4.22013000E-04  1.57045200E-03 -1.90510000E-05
2002-01-10T17:42:12.847  2.27830000E-04  2.10107400E-03  4.30430000E-05
2002-01-10T17:42:13.851  2.69108000E-04  1.08633400E-03 -3.09811000E-04
2002-01-10T17:42:14.847 -1.04743100E-03  5.39104000E-04  3.91650000E-05
2002-01-10T17:42:15.847  5.64824000E-04  5.57699000E-04  1.28051700E-03
2002-01-10T17:42:16.847  1.64917600E-03  1.25511700E-03  5.13620000E-04
2002-01-10T17:42:17.847 -6.25872000E-04  5.64545000E-04  2.46442000E-04
2002-01-10T17:42:18.847 -8.60787000E-04  3.04207000E-04  3.26253000E-04
2002-01-10T17:42:19.855 -6.34410000E-05  1.76255900E-03 -7.47860000E-04
2002-01-10T17:42:20.847  6.69667000E-04  2.73980900E-03 -7.32574000E-04
2002-01-10T17:42:21.847 -8.48666000E-04  9.07345000E-04  3.00414000E-04
2002-01-10T17:42:22.847 -7.51707000E-04  5.69380000E-04 -8.85632000E-04
2002-01-10T17:42:23.851  5.16365000E-04  1.36186100E-03 -6.13052000E-04
2002-01-10T17:42:24.847  1.10461300E-03  1.21909600E-03  1.65370000E-04
2002-01-10T17:42:25.847 -4.81449000E-04  7.86094000E-04 -5.68529000E-04
2002-01-10T17:42:26.847 -1.19331600E-03  6.49648000E-04  1.18800200E-03
2002-01-10T17:42:27.847 -3.17822000E-04  1.90253100E-03 -5.98128000E-04
2002-01-10T17:42:28.851  6.32619000E-04  2.69222900E-03  1.42226000E-03
2002-01-10T17:42:29.847  5.90423000E-04  1.31868200E-03 -3.30800000E-04
2002-01-10T17:42:30.847 -1.03911500E-03  6.58963000E-04 -5.63577000E-04
2002-01-10T17:42:31.847 -2.97825000E-04  3.08063000E-04  7.47035000E-04
2002-01-10T17:42:32.847  4.83449000E-04  1.38882000E-03 -3.28022000E-04
2002-01-10T17:42:33.851  6.75751000E-04  2.73502200E-03 -5.06824000E-04
2002-01-10T17:42:34.847 -3.63112000E-04  1.43844200E-03  3.87156000E-04
2002-01-10T17:42:35.855 -7.92940000E-04  2.73495000E-04 -1.60603600E-03
2002-01-10T17:42:36.847 -3.71567000E-04  3.37765000E-04  4.32622000E-04
2002-01-10T17:42:37.847  5.91988000E-04  6.78219000E-04 -2.23145000E-04
2002-01-10T17:42:38.851  1.11142000E-04  2.51216900E-03 -1.56070500E-03
2002-01-10T17:42:39.847 -2.80661000E-04  2.36787300E-03 -8.87769000E-04
2002-01-10T17:42:40.847 -2.99902000E-04  1.32980700E-03  3.99599000E-04
2002-01-10T17:42:41.851 -5.92614000E-04  2.11589000E-04 -7.89838000E-04
2002-01-10T17:42:42.847 -1.72733000E-04  7.06660000E-04  1.32322800E-03
2002-01-10T17:42:43.847  3.33759000E-04  1.81750600E-03  3.20050000E-05
2002-01-10T17:42:44.847  5.89324000E-04  2.31986500E-03  5.48727000E-04
2002-01-10T17:42:45.847 -2.14802000E-04  2.02822900E-03  9.20600000E-04
2002-01-10T17:42:46.847 -4.98422000E-04  9.23870000E-04 -3.99620000E-05
2002-01-10T17:42:47.847 -3.47012000E-04  5.08110000E-05 -1.72759000E-04
2002-01-10T17:42:48.851 -5.06172000E-04  1.17927400E-03  1.19092400E-03
2002-01-10T17:42:49.847  4.31493000E-04  2.26671300E-03  5.83380000E-05
2002-01-10T17:42:50.847  8.89406000E-04  2.27206200E-03  4.11159000E-04
2002-01-10T17:42:51.855  8.08254000E-04  2.15578700E-03  4.41450000E-04
2002-01-10T17:42:52.847 -9.05950000E-05  1.34749500E-03 -5.99100000E-05
2002-01-10T17:42:53.847 -1.25863900E-03  1.18399000E-03  8.44825000E-04
2002-01-10T17:42:54.847 -3.45487000E-04  9.15346000E-04 -6.89119000E-04
2002-01-10T17:42:55.847 -2.82205000E-04  1.50834200E-03  9.08023000E-04
2002-01-10T17:42:56.847 -5.34979000E-04  2.04502600E-03  1.84930000E-05
2002-01-10T17:42:57.847  4.46807000E-04  1.93860600E-03 -9.38397000E-04
2002-01-10T17:42:58.851  4.63311000E-04  2.06559600E-03 -3.02704000E-04
2002-01-10T17:42:59.847 -1.39584000E-04  3.35369900E-03  1.25540000E-04
2002-01-10T17:43:00.847  3.81948000E-04  2.23836300E-03 -7.02360000E-05
2002-01-10T17:43:01.851  8.79474000E-04  1.43716900E-03  4.94940000E-05
2002-01-10T17:43:02.847 -1.11024000E-04  3.15266100E-03  5.59439000E-04
2002-01-10T17:43:03.851  1.95228000E-04  1.04664000E-03 -7.62158000E-04
2002-01-10T17:43:04.847 -1.70246000E-04  2.43167300E-03  1.36743900E-03
2002-01-10T17:43:05.847 -4.50616000E-04  2.10051300E-03  5.52016000E-04
2002-01-10T17:43:06.847  2.18784000E-04  2.55334800E-03 -6.34178000E-04
2002-01-10T17:43:07.855 -1.08675000E-04  2.92363700E-03  2.06683000E-04
2002-01-10T17:43:08.847  6.10175000E-04  1.89279200E-03 -4.82316000E-04
2002-01-10T17:43:09.847 -7.68257000E-04  2.52775800E-03 -5.76050000E-05
2002-01-10T17:43:10.847  3.07304000E-04  1.90615600E-03 -1.81371000E-04
2002-01-10T17:43:11.851 -8.76381000E-04  2.63983100E-03 -6.73970000E-04
2002-01-10T17:43:12.847  2.73720000E-05  1.97445700E-03  8.98374000E-04
2002-01-10T17:43:13.851  1.15396000E-04  1.88950200E-03 -6.07580000E-04
2002-01-10T17:43:14.847 -5.46010000E-05  2.48978400E-03  8.65089000E-04
2002-01-10T17:43:15.847  2.11236000E-04  2.33756100E-03 -2.85132000E-04
2002-01-10T17:43:16.847 -7.37577000E-04  2.64695400E-03 -2.61232000E-04
2002-01-10T17:43:17.847  9.05293000E-04  3.17807500E-03  4.38045000E-04
2002-01-10T17:43:18.847 -1.36737900E-03  3.06665100E-03 -1.53948000E-04
2002-01-10T17:43:19.847  6.26050000E-04  2.08430600E-03 -4.09730000E-05
2002-01-10T17:43:20.847  4.05119000E-04  3.48654500E-03 -3.03168000E-04
2002-01-10T17:43:21.847  5.38595000E-04  2.42224800E-03  7.70461000E-04
2002-01-10T17:43:22.847  2.04166000E-04  3.25589500E-03 -5.29808000E-04
2002-01-10T17:43:23.855  1.04154200E-03  3.27862700E-03  2.50466000E-04
2002-01-10T17:43:24.847  9.75837000E-04  3.31125800E-03 -5.91950000E-04
2002-01-10T17:43:25.847  8.55164000E-04  3.50350400E-03  7.25333000E-04
2002-01-10T17:43:26.847  8.95287000E-04  2.99859600E-03  1.25518800E-03
2002-01-10T17:43:27.847  4.10209000E-04  2.90585300E-03 -9.71990000E-04
2002-01-10T17:43:28.847  3.14443000E-04  2.89710400E-03  6.97716000E-04
2002-01-10T17:43:29.847 -1.42768000E-04  2.89750300E-03  8.38332000E-04
2002-01-10T17:43:30.847 -7.71798000E-04  2.79791400E-03 -1.14923800E-03
2002-01-10T17:43:31.847 -2.65861000E-04  1.97258900E-03  5.55610000E-05
2002-01-10T17:43:32.847 -8.84054000E-04  2.42794300E-03 -1.86666000E-04
2002-01-10T17:43:33.851 -6.41940000E-04  1.90901200E-03 -1.65649000E-04
2002-01-10T17:43:34.847 -1.14442200E-03  2.66045500E-03  9.31772000E-04
2002-01-10T17:43:35.847  4.09377000E-04  2.37294600E-03 -8.85814000E-04
2002-01-10T17:43:36.847  3.06500000E-06  3.25970100E-03 -9.16761000E-04
2002-01-10T17:43:37.847  1.03813600E-03  3.82520400E-03 -3.08782000E-04
2002-01-10T17:43:38.847  1.06632100E-03  3.49584200E-03  3.84129000E-04
2002-01-10T17:43:39.855 -2.42900000E-04  4.00711300E-03  3.95375000E-04
2002-01-10T17:43:40.847  3.21464000E-04  2.09308700E-03  7.08157000E-04
2002-01-10T17:43:41.847 -6.57917000E-04  2.39240300E-03  5.42866000E-04
2002-01-10T17:43:42.847 -7.72876000E-04  1.23312100E-03  7.15311000E-04
2002-01-10T17:43:43.851 -1.39083200E-03  1.76075600E-03 -6.15053000E-04
2002-01-10T17:43:44.847 -2.00657000E-04  2.53806900E-03  4.94778000E-04
2002-01-10T17:43:45.847  2.99060000E-05  2.88929900E-03 -1.00164000E-04
2002-01-10T17:43:46.847  7.52262000E-04  3.73802100E-03  9.59670000E-05
2002-01-10T17:43:47.847  8.30345000E-04  2.82650700E-03  9.77232000E-04
2002-01-10T17:43:48.851 -3.42617000E-04  3.32204800E-03 -5.35981000E-04
2002-01-10T17:43:49.847 -5.00068000E-04  2.37561300E-03 -1.04671000E-04
2002-01-10T17:43:50.847 -7.57951000E-04  1.87900800E-03  6.80012000E-04
2002-01-10T17:43:51.847 -1.81234800E-03  2.61683200E-03  1.59274000E-04
2002-01-10T17:43:52.847 -5.96810000E-05  2.32720100E-03 -8.70920000E-05
2002-01-10T17:43:53.847  3.78597000E-04  3.61895600E-03  9.46450000E-04
2002-01-10T17:43:54.847  1.02743200E-03  3.29644300E-03 -8.01360000E-04
2002-01-10T17:43:55.855  3.76140000E-04  3.25121800E-03  6.36574000E-04
2002-01-10T17:43:56.847 -5.43853000E-04  3.31337500E-03  4.62439000E-04
2002-01-10T17:43:57.847 -4.79758000E-04  1.83485600E-03 -8.41297000E-04
2002-01-10T17:43:58.851 -1.06183000E-03  2.94524100E-03 -5.37699000E-04
2002-01-10T17:43:59.847 -1.88542000E-04  2.51847600E-03 -2.65212000E-04
2002-01-10T17:44:00.847  1.73544400E-03  3.84862200E-03 -1.03755400E-03
2002-01-10T17:44:01.851  2.78573000E-04  4.21731900E-03  6.59747000E-04
2002-01-10T17:44:02.847  9.32300000E-05  2.68019900E-03 -4.71444000E-04
2002-01-10T17:44:03.851 -9.18760000E-04  1.77489800E-03 -4.73870000E-04
2002-01-10T17:44:04.847 -8.18380000E-04  3.36768500E-03  3.74099000E-04
2002-01-10T17:44:05.847  1.42598800E-03  3.46795800E-03 -2.87809000E-04
2002-01-10T17:44:06.847  6.04369000E-04  3.49921500E-03 -6.63473000E-04
2002-01-10T17:44:07.847 -1.00978600E-03  3.24374400E-03  1.13523300E-03
2002-01-10T17:44:08.847 -9.66736000E-04  1.75070900E-03 -7.51289000E-04
2002-01-10T17:44:09.847 -6.21827000E-04  2.55280300E-03  1.34949000E-04
2002-01-10T17:44:10.847  1.73701000E-04  3.58915700E-03  1.00655000E-04
2002-01-10T17:44:11.855  8.98361000E-04  3.59938600E-03  5.17327000E-04
2002-01-10T17:44:12.847 -5.85750000E-05  3.03351600E-03  1.01768500E-03
2002-01-10T17:44:13.847 -2.95326000E-04  2.03514600E-03  6.98633000E-04
2002-01-10T17:44:14.847 -5.37826000E-04  2.58326000E-03 -9.86055000E-04
2002-01-10T17:44:15.847  7.45679000E-04  3.81365300E-03  1.44012700E-03
2002-01-10T17:44:16.847  1.43726100E-03  3.27896300E-03  3.49245000E-04
2002-01-10T17:44:17.847  6.29070000E-05  3.00984000E-03 -3.75281000E-04
2002-01-10T17:44:18.847 -1.33130900E-03  2.30293300E-03  2.61740000E-05
2002-01-10T17:44:19.847  1.46830000E-04  2.97779700E-03 -7.97055000E-04
2002-01-10T17:44:20.847  8.38918000E-04  4.14255300E-03 -5.81000000E-05
2002-01-10T17:44:21.851 -6.48213000E-04  3.68464300E-03  6.11730000E-05
2002-01-10T17:44:22.847 -9.40154000E-04  2.43371800E-03 -7.77203000E-04
2002-01-10T17:44:23.847  1.40413600E-03  3.48936600E-03 -1.65661000E-04
2002-01-10T17:44:24.847  5.17230000E-05  3.69687100E-03  6.01810000E-05
2002-01-10T17:44:25.847 -1.40091200E-03  2.53968800E-03  3.50356000E-04
2002-01-10T17:44:26.847  5.95235000E-04  4.41006400E-03 -6.25020000E-04
2002-01-10T17:44:27.855  8.77110000E-04  3.37280200E-03 -2.98826000E-04
2002-01-10T17:44:28.847 -9.67210000E-04  2.23023300E-03  4.89024000E-04
2002-01-10T17:44:29.847 -7.20831000E-04  3.95765700E-03 -3.30412000E-04
2002-01-10T17:44:30.847  2.55436000E-04  4.31400100E-03 -1.03164600E-03
2002-01-10T17:44:31.847 -1.09858700E-03  2.77237000E-03  1.05645800E-03
2002-01-10T17:44:32.847  2.67512000E-04  3.06998800E-03 -9.88039000E-04
2002-01-10T17:44:33.851  7.10785000E-04  3.43521300E-03 -2.28489000E-04
2002-01-10T17:44:34.847 -1.18655400E-03  3.09454900E-03 -6.95250000E-05
2002-01-10T17:44:35.847  2.71993000E-04  4.25771700E-03 -7.72177000E-04
2002-01-10T17:44:36.847 -2.76319000E-04  4.22199300E-03  5.31886000E-04
2002-01-10T17:44:37.847 -1.13970500E-03  2.21638100E-03 -4.51094000E-04
2002-01-10T17:44:38.847  1.93231400E-03  4.09160600E-03 -5.53998000E-04
2002-01-10T17:44:39.847  1.01784000E-04  4.25479200E-03  6.71583000E-04
2002-01-10T17:44:40.847 -1.59046800E-03  3.69255600E-03 -2.83974000E-04
2002-01-10T17:44:41.847 -3.88953000E-04  3.01495200E-03  9.83140000E-04
2002-01-10T17:44:42.847  1.37801000E-03  3.98181300E-03 -5.20017000E-04
2002-01-10T17:44:43.855 -7.01317000E-04  3.79700400E-03 -3.71764000E-04
2002-01-10T17:44:44.847 -1.83241500E-03  2.95939700E-03  9.59455000E-04
2002-01-10T17:44:45.847  1.17638700E-03  4.66280000E-03  6.62660000E-05
2002-01-10T17:44:46.847  6.58289000E-04  3.32151900E-03  2.95237000E-04
2002-01-10T17:44:47.847 -7.32583000E-04  2.23595900E-03  8.38464000E-04
2002-01-10T17:44:48.847 -2.61383000E-04  3.99333900E-03 -6.04819000E-04
2002-01-10T17:44:49.847  5.61088000E-04  4.34967100E-03 -5.49500000E-04
2002-01-10T17:44:50.847 -9.53293000E-04  3.29923400E-03  9.99900000E-04
2002-01-10T17:44:51.847  5.54934000E-04  4.41645400E-03 -3.52969000E-04
2002-01-10T17:44:52.847  8.80856000E-04  4.32478200E-03  4.04242000E-04
2002-01-10T17:44:53.851 -1.48207000E-04  2.16910300E-03  8.63868000E-04
2002-01-10T17:44:54.847  7.59305000E-04  4.22178400E-03 -1.13089900E-03
2002-01-10T17:44:55.847  1.28115000E-04  3.79205100E-03  1.44528700E-03
2002-01-10T17:44:56.847 -7.86434000E-04  3.16446000E-03  2.69002000E-04
2002-01-10T17:44:57.847  8.51065000E-04  5.13081600E-03  6.90315000E-04
2002-01-10T17:44:58.847 -1.31657600E-03  4.20959700E-03  7.46542000E-04
2002-01-10T17:44:59.855 -1.74205900E-03  2.84715600E-03 -2.91609000E-04
2002-01-10T17:45:00.847  6.88928000E-04  4.69557800E-03  9.46297000E-04
2002-01-10T17:45:01.847 -7.29717000E-04  3.28369000E-03 -8.42398000E-04
2002-01-10T17:45:02.847  6.19538000E-04  4.13463500E-03  2.26756000E-04
2002-01-10T17:45:03.851  8.66500000E-05  4.15700700E-03  6.26002000E-04
2002-01-10T17:45:04.847 -3.38866000E-04  2.90748000E-03 -4.66419000E-04
2002-01-10T17:45:05.847  9.88068000E-04  4.11444900E-03  8.84033000E-04
2002-01-10T17:45:06.847 -1.81483000E-04  3.44507700E-03  3.16520000E-05
2002-01-10T17:45:07.847 -1.79936600E-03  3.43319400E-03 -5.92354000E-04
2002-01-10T17:45:08.851  1.07056200E-03  4.77938400E-03  9.36909000E-04
2002-01-10T17:45:09.847  4.05181000E-04  4.15057500E-03 -3.62202000E-04
2002-01-10T17:45:10.847 -3.01360000E-04  2.53601200E-03  4.48007000E-04
2002-01-10T17:45:11.847  1.53751500E-03  4.39576200E-03  1.81341000E-04
2002-01-10T17:45:12.847 -5.39400000E-05  4.06696600E-03 -5.73687000E-04
2002-01-10T17:45:13.847 -5.62713000E-04  3.59130300E-03 -5.64670000E-05
2002-01-10T17:45:14.847  9.78927000E-04  4.63992500E-03  4.04910000E-05
2002-01-10T17:45:15.855 -7.35828000E-04  3.28535200E-03 -8.46960000E-04
2002-01-10T17:45:16.847  5.65139000E-04  5.04360200E-03  5.76715000E-04
2002-01-10T17:45:17.847 -6.07391000E-04  4.59656800E-03 -8.38200000E-05
2002-01-10T17:45:18.851 -2.71104000E-04  4.65051700E-03 -7.28880000E-05
2002-01-10T17:45:19.847 -1.01719000E-04  5.08635100E-03  1.05613000E-04
2002-01-10T17:45:20.847 -1.18775000E-03  4.08871500E-03  1.52299000E-04
2002-01-10T17:45:21.851  5.81350000E-04  5.05035200E-03 -5.56238000E-04
2002-01-10T17:45:22.847 -1.43044400E-03  3.77842000E-03  1.05281800E-03
2002-01-10T17:45:23.847  9.60104000E-04  5.37151400E-03  5.20200000E-04
2002-01-10T17:45:24.847 -1.01433900E-03  4.24810600E-03 -1.06802700E-03
2002-01-10T17:45:25.847 -3.12255000E-04  4.89072500E-03  6.86047000E-04
2002-01-10T17:45:26.847 -9.15362000E-04  4.67067000E-03 -1.00731200E-03
2002-01-10T17:45:27.847  3.65180000E-05  4.84078600E-03  1.16752000E-03
2002-01-10T17:45:28.847 -1.04401500E-03  4.79357500E-03  1.15650300E-03
2002-01-10T17:45:29.847 -6.02837000E-04  4.75147300E-03 -3.14512000E-04
2002-01-10T17:45:30.847 -5.43816000E-04  4.68922500E-03  8.15077000E-04
2002-01-10T17:45:31.855 -9.43699000E-04  2.26646400E-03  9.83530000E-04
2002-01-10T17:45:32.847  1.38754600E-03  3.81028600E-03 -5.12198000E-04
2002-01-10T17:45:33.847 -1.51837000E-04  4.20593700E-03  1.21803800E-03
2002-01-10T17:45:34.847 -2.00660000E-04  3.85550900E-03 -5.86888000E-04
2002-01-10T17:45:35.847  2.39811000E-04  4.53767100E-03  1.07321500E-03
2002-01-10T17:45:36.847 -1.53875000E-04  4.04311000E-03  3.31177000E-04
2002-01-10T17:45:37.847  6.24070000E-04  4.23980600E-03 -3.29813000E-04
2002-01-10T17:45:38.847 -1.04778700E-03  2.58310300E-03  2.30636000E-04
2002-01-10T17:45:39.847 -6.11883000E-04  2.16819300E-03  5.45929000E-04
2002-01-10T17:45:40.847  1.46552900E-03  3.56989600E-03 -9.99151000E-04
2002-01-10T17:45:41.847 -8.24620000E-05  4.05020500E-03  5.61850000E-04
2002-01-10T17:45:42.847 -1.38468400E-03  3.37728500E-03  9.65200000E-06
2002-01-10T17:45:43.847  8.44584000E-04  5.17847000E-03 -5.37164000E-04
2002-01-10T17:45:44.847 -8.64993000E-04  4.14779800E-03  4.94812000E-04
2002-01-10T17:45:45.847 -4.92780000E-04  5.32092500E-03  1.18436000E-04
2002-01-10T17:45:46.847  4.47550000E-04  5.42565600E-03  6.77612000E-04
2002-01-10T17:45:47.854 -7.11606000E-04  3.28156100E-03  5.36338000E-04
2002-01-10T17:45:48.847  7.64627000E-04  5.40127700E-03  4.73590000E-05
2002-01-10T17:45:49.847 -4.36435000E-04  2.67283200E-03 -4.15520000E-05
2002-01-10T17:45:50.847  6.88553000E-04  4.45286700E-03  4.80581000E-04
2002-01-10T17:45:51.847 -7.39345000E-04  3.57339800E-03 -2.13219000E-04
2002-01-10T17:45:52.847 -5.66111000E-04  4.33639700E-03 -1.08946600E-03
2002-01-10T17:45:53.851  1.45953000E-04  4.85474900E-03  3.19593000E-04
2002-01-10T17:45:54.847 -7.00498000E-04  2.67654800E-03 -9.13334000E-04
2002-01-10T17:45:55.847  1.01000500E-03  4.67443000E-03 -6.66748000E-04
2002-01-10T17:45:56.847 -5.12814000E-04  3.75549800E-03  4.31670000E-04
2002-01-10T17:45:57.847  1.59993400E-03  4.76686700E-03  3.61429000E-04
2002-01-10T17:45:58.847  6.51415000E-04  3.51935400E-03  6.59609000E-04
2002-01-10T17:45:59.847 -5.07517000E-04  2.79214000E-03 -2.56692000E-04
2002-01-10T17:46:00.847  9.81736000E-04  4.53393900E-03  6.02679000E-04
2002-01-10T17:46:01.847 -8.80924000E-04  3.65819700E-03 -7.63447000E-04
2002-01-10T17:46:02.847  9.16518000E-04  5.16435000E-03 -4.44695000E-04
2002-01-10T17:46:03.854 -1.21475900E-03  4.29262900E-03  5.83113000E-04
2002-01-10T17:46:04.847  8.40345000E-04  5.74183000E-03 -3.53946000E-04
2002-01-10T17:46:05.847 -1.15308000E-04  5.42025800E-03  2.30880000E-04
2002-01-10T17:46:06.847 -1.10673000E-03  5.02112000E-03 -7.69764000E-04
2002-01-10T17:46:07.847  5.08818000E-04  5.94685500E-03 -3.63943000E-04
2002-01-10T17:46:08.847 -6.07992000E-04  3.55101400E-03  2.80329000E-04
2002-01-10T17:46:09.847  3.68811000E-04  4.83976100E-03 -2.32055000E-04
2002-01-10T17:46:10.847 -1.08214800E-03  4.32636600E-03 -8.62156000E-04
2002-01-10T17:46:11.847  2.40436000E-04  5.48462300E-03  2.30579000E-04
2002-01-10T17:46:12.847 -8.36841000E-04  5.35995400E-03 -7.25378000E-04
2002-01-10T17:46:13.851 -1.40718000E-03  5.27463200E-03 -6.93690000E-04
2002-01-10T17:46:14.847 -1.02258400E-03  5.33603600E-03  3.90396000E-04
2002-01-10T17:46:15.847 -1.29644000E-03  5.95546900E-03 -5.44333000E-04
2002-01-10T17:46:16.847 -1.23127200E-03  5.43659700E-03 -6.47890000E-05
2002-01-10T17:46:17.847 -7.97585000E-04  5.64909100E-03 -6.48688000E-04
2002-01-10T17:46:18.847 -9.83483000E-04  6.07652600E-03  2.30439000E-04
2002-01-10T17:46:19.854 -4.26581000E-04  6.24294300E-03 -5.86500000E-05
2002-01-10T17:46:20.847 -2.64480000E-04  6.34503300E-03 -2.45964000E-04
2002-01-10T17:46:21.847  9.81117000E-04  5.81613900E-03  4.62171000E-04
2002-01-10T17:46:22.847 -3.51049000E-04  4.85953600E-03 -4.66953000E-04
2002-01-10T17:46:23.851 -6.21407000E-04  4.94719700E-03  1.48115000E-04
2002-01-10T17:46:24.847 -2.48131000E-04  5.81911200E-03  1.47180000E-04
2002-01-10T17:46:25.847 -8.39951000E-04  4.38803000E-03  5.62827000E-04
2002-01-10T17:46:26.847 -1.17377600E-03  6.13448900E-03  3.38617000E-04
2002-01-10T17:46:27.847 -6.47815000E-04  5.74666100E-03 -3.86990000E-04
2002-01-10T17:46:28.851 -1.04016600E-03  6.20405500E-03 -2.52449000E-04
2002-01-10T17:46:29.847 -1.61635000E-03  6.43247000E-03 -3.36517000E-04
2002-01-10T17:46:30.847 -1.29986200E-03  5.96926600E-03  8.56147000E-04
2002-01-10T17:46:31.847 -1.11232700E-03  5.88515900E-03 -7.39696000E-04
2002-01-10T17:46:32.847 -1.07704900E-03  6.26631700E-03  2.23427000E-04
2002-01-10T17:46:33.851  2.19470000E-04  5.90624600E-03  3.19907000E-04
2002-01-10T17:46:34.847  8.62040000E-04  5.93270900E-03 -1.56530000E-05
2002-01-10T17:46:35.854 -1.54944900E-03  4.63305500E-03  7.11537000E-04
2002-01-10T17:46:36.847 -7.47303000E-04  5.13287600E-03 -5.87321000E-04
2002-01-10T17:46:37.847  7.62035000E-04  5.63340600E-03  8.25842000E-04
2002-01-10T17:46:38.850  4.40089000E-04  7.60819500E-03 -5.18925000E-04
2002-01-10T17:46:39.847  5.25639000E-04  7.02740100E-03  6.18046000E-04
2002-01-10T17:46:40.847  1.12931900E-03  7.51127300E-03  1.02848800E-03
2002-01-10T17:46:41.847  3.34506000E-04  7.97915000E-03  4.17326000E-04
2002-01-10T17:46:42.847  5.02031000E-04  6.94287700E-03  7.38687000E-04
2002-01-10T17:46:43.847  4.92799000E-04  6.78950600E-03  1.76397000E-04
2002-01-10T17:46:44.847  6.81916000E-04  7.03667500E-03  8.69964000E-04
2002-01-10T17:46:45.847  1.04577500E-03  6.72247100E-03  1.81874000E-04
2002-01-10T17:46:46.847  1.97158000E-04  7.62996200E-03  2.76289000E-04
2002-01-10T17:46:47.847  9.32118000E-04  6.85620100E-03 -4.94264000E-04
2002-01-10T17:46:48.847 -7.57940000E-05  7.27577900E-03  9.78221000E-04
2002-01-10T17:46:49.847  8.13897000E-04  8.02981000E-03  2.06240000E-05
2002-01-10T17:46:50.847  1.18882100E-03  7.29679200E-03  2.34311000E-04
2002-01-10T17:46:51.854 -1.03630000E-05  7.39198100E-03 -2.08503000E-04
2002-01-10T17:46:52.847 -1.17908700E-03  6.63012700E-03 -1.22203000E-04
2002-01-10T17:46:53.847 -1.44345000E-03  6.48771300E-03 -3.91034000E-04
2002-01-10T17:46:54.847 -8.50462000E-04  5.94937800E-03 -6.94321000E-04
2002-01-10T17:46:55.847 -5.83704000E-04  6.45638200E-03  9.43671000E-04
2002-01-10T17:46:56.847 -1.25463600E-03  5.92433000E-03  9.95540000E-05
2002-01-10T17:46:57.847 -9.52553000E-04  5.53107300E-03  6.41965000E-04
2002-01-10T17:46:58.847 -7.44042000E-04  5.00925300E-03  6.55315000E-04
2002-01-10T17:46:59.847 -1.39708000E-04  6.42668300E-03  1.11846000E-04
2002-01-10T17:47:00.847  7.44830000E-04  6.76171900E-03 -2.47943000E-04
2002-01-10T17:47:01.847  1.00300000E-06  8.02240200E-03  4.86658000E-04
2002-01-10T17:47:02.847 -1.43169400E-03  7.11070000E-03  6.52564000E-04
2002-01-10T17:47:03.850 -1.09249500E-03  6.15348200E-03  6.43553000E-04
2002-01-10T17:47:04.847  5.66112000E-04  7.37207000E-03  7.25162000E-04
2002-01-10T17:47:05.847  1.19103000E-03  8.09292400E-03 -8.12398000E-04
2002-01-10T17:47:06.847 -1.15985000E-04  7.08777200E-03  6.46135000E-04
2002-01-10T17:47:07.854 -9.65204000E-04  7.49837900E-03 -5.33152000E-04
2002-01-10T17:47:08.847  1.07509200E-03  8.78698900E-03 -5.48799000E-04
2002-01-10T17:47:09.847 -1.04733500E-03  7.23852700E-03  1.07002000E-03
2002-01-10T17:47:10.847  1.56965700E-03  8.77853900E-03 -7.78374000E-04
2002-01-10T17:47:11.847  4.02090000E-04  8.24619000E-03  5.39706000E-04
2002-01-10T17:47:12.847 -1.54962000E-04  8.03287500E-03  2.22882000E-04
2002-01-10T17:47:13.850 -1.31143900E-03  7.42704500E-03 -1.16124000E-04
2002-01-10T17:47:14.847  9.56705000E-04  9.41279400E-03  6.23830000E-04
2002-01-10T17:47:15.847 -3.00780000E-04  8.42777300E-03 -1.34959000E-04
2002-01-10T17:47:16.847 -1.68810000E-04  7.85297800E-03 -3.97291000E-04
2002-01-10T17:47:17.847 -1.01560000E-04  8.64309900E-03  3.78171000E-04
2002-01-10T17:47:18.847  6.27442000E-04  9.99464500E-03 -6.52742000E-04
2002-01-10T17:47:19.847 -3.88468000E-04  8.36738900E-03 -1.87155000E-04
2002-01-10T17:47:20.847  6.71353000E-04  9.44346700E-03  3.73548000E-04
2002-01-10T17:47:21.847 -5.30292000E-04  8.17198700E-03 -8.20160000E-05
2002-01-10T17:47:22.847  7.84268000E-04  9.93842600E-03  1.85817000E-04
2002-01-10T17:47:23.854 -9.02279000E-04  8.67627500E-03  4.05230000E-04
2002-01-10T17:47:24.847 -1.21502000E-04  9.62847300E-03  3.30792000E-04
2002-01-10T17:47:25.847 -1.03210100E-03  8.75041900E-03  2.01932000E-04
2002-01-10T17:47:26.847  1.34509700E-03  9.87527500E-03  6.16852000E-04
2002-01-10T17:47:27.847 -1.35448000E-03  7.94614300E-03  3.13560000E-05
2002-01-10T17:47:28.847  7.43888000E-04  9.94295600E-03  1.80184000E-04
2002-01-10T17:47:29.847 -8.01556000E-04  9.30291800E-03 -2.36699000E-04
2002-01-10T17:47:30.847 -6.30000000E-07  8.35471800E-03 -3.69227000E-04
2002-01-10T17:47:31.847  5.96974000E-04  9.10524500E-03  2.34509000E-04
2002-01-10T17:47:32.847 -1.04794700E-03  8.02712500E-03 -5.79888000E-04
2002-01-10T17:47:33.850  4.98028000E-04  9.39470700E-03  1.30722200E-03
2002-01-10T17:47:34.847 -1.75455400E-03  8.42652800E-03 -4.07363000E-04
2002-01-10T17:47:35.847  7.30986000E-04  9.32217800E-03  6.33764000E-04
2002-01-10T17:47:36.847 -9.43349000E-04  7.82875200E-03  5.89817000E-04
2002-01-10T17:47:37.847  4.27061000E-04  9.22957200E-03 -6.55848000E-04
2002-01-10T17:47:38.847 -2.04377200E-03  7.77858900E-03  8.51050000E-05
2002-01-10T17:47:39.854  5.46529000E-04  8.99249200E-03  5.97744000E-04
2002-01-10T17:47:40.847 -4.97516000E-04  8.31945700E-03  2.52386000E-04
2002-01-10T17:47:41.847 -1.05565000E-04  9.32399600E-03 -2.76423000E-04
2002-01-10T17:47:42.847 -2.41033000E-04  8.66711000E-03 -5.14737000E-04
2002-01-10T17:47:43.850  8.75725000E-04  8.22601700E-03  1.21338400E-03
2002-01-10T17:47:44.847 -4.55325000E-04  8.24599700E-03  4.09553000E-04
2002-01-10T17:47:45.846 -7.77710000E-05  8.77665700E-03  7.30446000E-04
2002-01-10T17:47:46.846 -1.33377300E-03  8.50689300E-03  6.12396000E-04
2002-01-10T17:47:47.846  4.60421000E-04  9.04611600E-03 -6.69420000E-04
2002-01-10T17:47:48.846 -1.38112200E-03  6.96627700E-03  6.34055000E-04
2002-01-10T17:47:49.846  1.29992100E-03  8.90205100E-03 -6.99125000E-04
2002-01-10T17:47:50.846 -5.39714000E-04  6.89353100E-03  5.67760000E-04
2002-01-10T17:47:51.846  1.20925800E-03  8.71599500E-03  3.30220000E-04
2002-01-10T17:47:52.846 -4.67601000E-04  8.01754100E-03 -5.50038000E-04
2002-01-10T17:47:53.846 -1.21661800E-03  8.14162500E-03  7.22750000E-04
2002-01-10T17:47:54.846  7.51282000E-04  9.01216300E-03 -1.09328000E-03
2002-01-10T17:47:55.854 -4.41325000E-04  7.28015900E-03  2.79634000E-04
2002-01-10T17:47:56.846  2.00088000E-04  8.09296400E-03  7.18921000E-04
2002-01-10T17:47:57.846  5.76553000E-04  8.18736100E-03 -3.02456000E-04
2002-01-10T17:47:58.846 -1.21285300E-03  7.17628900E-03  1.50055700E-03
2002-01-10T17:47:59.846  8.30034000E-04  8.55601000E-03  7.51430000E-04
2002-01-10T17:48:00.846 -3.92781000E-04  8.25149000E-03 -8.45830000E-05
2002-01-10T17:48:01.846 -8.01700000E-05  7.63966500E-03  1.29745000E-04
2002-01-10T17:48:02.846  9.60501000E-04  8.78426400E-03 -5.46526000E-04
2002-01-10T17:48:03.850 -1.29360000E-05  7.60293600E-03  5.70432000E-04
2002-01-10T17:48:04.846 -1.31349500E-03  6.98367500E-03  8.29197000E-04
2002-01-10T17:48:05.846  1.06977600E-03  8.61798500E-03 -5.59020000E-05
2002-01-10T17:48:06.846 -9.34280000E-05  7.11850300E-03  4.52949000E-04
2002-01-10T17:48:07.846 -6.74934000E-04  6.02522600E-03 -5.69259000E-04
2002-01-10T17:48:08.846  9.33788000E-04  7.64044400E-03  1.24213000E-04
2002-01-10T17:48:09.846  6.12877000E-04  8.25516200E-03  5.54928000E-04
2002-01-10T17:48:10.846  7.63980000E-05  6.92866600E-03 -5.47550000E-05
2002-01-10T17:48:11.854 -1.31478200E-03  6.47963400E-03 -2.52007000E-04
2002-01-10T17:48:12.846 -5.09615000E-04  7.91254000E-03  1.29326400E-03
2002-01-10T17:48:13.846  8.95316000E-04  8.88338800E-03 -1.84627000E-04
2002-01-10T17:48:14.846 -2.05162000E-04  8.38575600E-03  1.13262100E-03
2002-01-10T17:48:15.846 -6.47284000E-04  7.08400600E-03  6.57483000E-04
2002-01-10T17:48:16.846 -9.46082000E-04  5.98243100E-03 -1.30068200E-03
2002-01-10T17:48:17.846 -9.76900000E-04  6.68174200E-03  4.23094000E-04
2002-01-10T17:48:18.846  4.55726000E-04  8.08249300E-03 -5.18294000E-04
2002-01-10T17:48:19.846  4.50409000E-04  8.17767400E-03  5.64416000E-04
2002-01-10T17:48:20.846  2.67937000E-04  7.70092400E-03  2.41700000E-06
2002-01-10T17:48:21.846  6.69300000E-05  7.32317500E-03 -9.84000000E-06
2002-01-10T17:48:22.846 -4.45618000E-04  7.17776200E-03 -7.38450000E-05
2002-01-10T17:48:23.846 -9.07412000E-04  7.04517700E-03  7.38543000E-04
2002-01-10T17:48:24.846 -5.31406000E-04  6.43452200E-03  1.11621000E-04
2002-01-10T17:48:25.846 -6.36158000E-04  6.12741200E-03 -3.39505000E-04
2002-01-10T17:48:26.846 -8.25553000E-04  6.58115000E-03  4.29970000E-05
2002-01-10T17:48:27.854 -9.75161000E-04  5.80855800E-03  2.09530000E-05
2002-01-10T17:48:28.846 -9.47649000E-04  5.76365800E-03  1.50045000E-04
2002-01-10T17:48:29.846 -1.45486100E-03  6.37500400E-03 -1.27286000E-04
2002-01-10T17:48:30.846 -1.75080200E-03  6.05683200E-03 -8.08688000E-04
2002-01-10T17:48:31.846 -1.52299400E-03  5.61807300E-03  7.36740000E-04
2002-01-10T17:48:32.846 -4.85347000E-04  5.64247400E-03 -1.11768300E-03
2002-01-10T17:48:33.850 -1.33997700E-03  6.36740400E-03 -1.09567600E-03
2002-01-10T17:48:34.846 -1.09208200E-03  6.32165800E-03  5.40000000E-05
2002-01-10T17:48:35.846 -5.58062000E-04  6.61503600E-03 -6.03150000E-05
2002-01-10T17:48:36.846  3.44943000E-04  7.67548500E-03  1.80864000E-04
2002-01-10T17:48:37.846  7.40935000E-04  8.03753800E-03 -4.73788000E-04
2002-01-10T17:48:38.846  3.75520000E-04  8.19231000E-03  2.00504000E-04
2002-01-10T17:48:39.846 -2.95296000E-04  7.47168100E-03  1.21629400E-03
2002-01-10T17:48:40.846 -3.14699000E-04  6.18961400E-03 -7.15214000E-04
2002-01-10T17:48:41.846 -1.03613900E-03  6.24782800E-03  4.87915000E-04
2002-01-10T17:48:42.846 -1.32715200E-03  6.08392900E-03  1.33010900E-03
2002-01-10T17:48:43.854 -1.81492300E-03  6.35194500E-03 -4.48348000E-04
2002-01-10T17:48:44.846 -1.31249500E-03  6.62898100E-03 -2.41043000E-04
2002-01-10T17:48:45.846 -6.26757000E-04  5.77894100E-03  1.02778100E-03
2002-01-10T17:48:46.846 -2.68506000E-04  7.34238800E-03 -1.63235000E-04
2002-01-10T17:48:47.846  8.46515000E-04  8.03615900E-03  6.19266000E-04
2002-01-10T17:48:48.846  9.96104000E-04  7.50541700E-03  8.23960000E-04
2002-01-10T17:48:49.846  8.78111000E-04  7.60398700E-03  2.33495000E-04
2002-01-10T17:48:50.846  5.49065000E-04  7.35558300E-03  1.08234400E-03
2002-01-10T17:48:51.846  1.19997100E-03  7.16150500E-03 -1.06416400E-03
2002-01-10T17:48:52.846  7.45663000E-04  7.53549200E-03  4.07714000E-04
2002-01-10T17:48:53.850  1.40608000E-03  7.32644200E-03  6.02205000E-04
2002-01-10T17:48:54.846 -2.81821000E-04  6.06850100E-03 -1.43358000E-04
2002-01-10T17:48:55.846  1.44136000E-04  5.83617200E-03 -1.03953000E-04
2002-01-10T17:48:56.846 -1.24666200E-03  5.91313800E-03 -8.23346000E-04
2002-01-10T17:48:57.846 -1.18774000E-04  5.13730500E-03  1.72700000E-06
2002-01-10T17:48:58.846 -1.45605800E-03  5.57570700E-03  2.88537000E-04
2002-01-10T17:48:59.854 -8.09474000E-04  4.89031500E-03  5.05007000E-04
2002-01-10T17:49:00.846 -3.35809000E-04  5.08278200E-03  7.12137000E-04
2002-01-10T17:49:01.846  1.20886000E-04  5.74178300E-03  8.17342000E-04
2002-01-10T17:49:02.846  6.12051000E-04  6.34385600E-03 -3.07311000E-04
2002-01-10T17:49:03.850  8.02157000E-04  6.69526700E-03  5.09378000E-04
2002-01-10T17:49:04.846  1.53389300E-03  6.40448700E-03  7.17734000E-04
2002-01-10T17:49:05.846  2.39272000E-04  6.36526000E-03 -8.98816000E-04
2002-01-10T17:49:06.846 -1.00917200E-03  4.48259800E-03  2.47636000E-04
2002-01-10T17:49:07.846 -9.60586000E-04  5.55029400E-03 -1.08010000E-04
2002-01-10T17:49:08.846 -5.75414000E-04  5.89245300E-03 -2.35076000E-04
2002-01-10T17:49:09.846  7.67936000E-04  5.88538100E-03  8.13732000E-04
2002-01-10T17:49:10.846  8.60220000E-04  6.73127100E-03 -1.08285100E-03
2002-01-10T17:49:11.846  2.28220000E-05  6.12892700E-03  3.45400000E-04
2002-01-10T17:49:12.846 -7.96179000E-04  4.96576100E-03  1.92731000E-04
2002-01-10T17:49:13.846 -1.01723000E-03  5.55219700E-03  6.58645000E-04
2002-01-10T17:49:14.846  2.60196000E-04  5.78868600E-03  3.30674000E-04
2002-01-10T17:49:15.854  1.08761800E-03  6.72575800E-03 -2.31355000E-04
2002-01-10T17:49:16.846  4.09540000E-05  6.21708700E-03  3.97623000E-04
2002-01-10T17:49:17.846 -1.01235400E-03  3.83308200E-03  4.03806000E-04
2002-01-10T17:49:18.846 -1.24380000E-05  4.50930500E-03 -8.42567000E-04
2002-01-10T17:49:19.846  4.75040000E-04  6.41517000E-03  2.05565000E-04
2002-01-10T17:49:20.846 -2.09470000E-05  5.10973900E-03  1.83074000E-04
2002-01-10T17:49:21.846 -5.50241000E-04  4.66257200E-03 -1.15072600E-03
2002-01-10T17:49:22.846 -7.59013000E-04  5.75711300E-03  1.19599300E-03
2002-01-10T17:49:23.846  5.16457000E-04  6.59328700E-03  4.77177000E-04
2002-01-10T17:49:24.846  1.12213700E-03  5.90465200E-03 -4.69621000E-04
2002-01-10T17:49:25.846 -1.90054100E-03  4.77285300E-03  1.15377100E-03
2002-01-10T17:49:26.846 -3.45357000E-04  5.10750100E-03  2.18960000E-04
2002-01-10T17:49:27.846  7.69540000E-04  6.22407100E-03  1.05405700E-03
2002-01-10T17:49:28.846  6.93858000E-04  5.95428300E-03 -1.45621200E-03
2002-01-10T17:49:29.846 -1.07044400E-03  4.41091800E-03  1.72628000E-04
2002-01-10T17:49:30.846 -6.70144000E-04  4.77085100E-03  4.19543000E-04
2002-01-10T17:49:31.854  2.21626000E-04  5.95405200E-03 -4.51659000E-04
2002-01-10T17:49:32.846  8.75659000E-04  5.40370600E-03 -1.68470000E-04
2002-01-10T17:49:33.846 -2.73277000E-04  4.91784200E-03  1.98565000E-04
2002-01-10T17:49:34.846 -5.12265000E-04  5.52695300E-03  2.92450000E-05
2002-01-10T17:49:35.846  1.03236200E-03  6.02270700E-03 -4.61313000E-04
2002-01-10T17:49:36.846  1.93085000E-04  4.22904000E-03  1.00375800E-03
2002-01-10T17:49:37.846 -7.01745000E-04  5.08890600E-03 -6.32835000E-04
2002-01-10T17:49:38.846  2.82568000E-04  6.59049900E-03  8.65908000E-04
2002-01-10T17:49:39.846 -2.93624000E-04  4.80035300E-03 -4.25168000E-04
2002-01-10T17:49:40.846 -9.01411000E-04  5.15966100E-03  5.10604000E-04
2002-01-10T17:49:41.846  1.01159600E-03  5.74233300E-03  8.57486000E-04
2002-01-10T17:49:42.846 -1.53041400E-03  4.46288700E-03 -1.15833700E-03
2002-01-10T17:49:43.846  4.47592000E-04  4.80538500E-03  1.17640000E-03
2002-01-10T17:49:44.846  1.24393200E-03  6.43681600E-03 -8.75677000E-04
2002-01-10T17:49:45.846 -5.61694000E-04  5.57259600E-03  6.71248000E-04
2002-01-10T17:49:46.846 -9.66957000E-04  4.97541500E-03  4.72506000E-04
2002-01-10T17:49:47.854 -3.37435000E-04  5.84962000E-03 -3.51354000E-04
2002-01-10T17:49:48.846  5.86073000E-04  6.37780500E-03  9.07813000E-04
2002-01-10T17:49:49.846  1.26137300E-03  5.75530300E-03 -7.13168000E-04
2002-01-10T17:49:50.846 -1.28952900E-03  4.95174800E-03 -6.51608000E-04
2002-01-10T17:49:51.846 -4.49064000E-04  5.76446500E-03  9.47691000E-04
2002-01-10T17:49:52.846  1.40264700E-03  5.85005500E-03 -6.71952000E-04
2002-01-10T17:49:53.850 -6.88165000E-04  5.07884700E-03  3.80944000E-04
2002-01-10T17:49:54.846 -1.16499500E-03  5.44848200E-03  3.30981000E-04
2002-01-10T17:49:55.846  5.12616000E-04  5.94030300E-03  1.07204000E-04
2002-01-10T17:49:56.846 -5.00910000E-05  4.66373300E-03 -6.66799000E-04
2002-01-10T17:49:57.846 -4.69666000E-04  4.55424300E-03 -1.07300400E-03
2002-01-10T17:49:58.846  9.82478000E-04  5.59515100E-03 -1.57139000E-04
2002-01-10T17:49:59.846 -1.79047800E-03  4.47114300E-03  9.13601000E-04
2002-01-10T17:50:00.846  1.04384000E-03  5.79013500E-03 -1.36985900E-03
2002-01-10T17:50:01.846 -1.03965900E-03  3.80723200E-03  1.58306200E-03
2002-01-10T17:50:02.846  2.49367000E-04  5.66298800E-03  5.54255000E-04
2002-01-10T17:50:03.854 -1.08381300E-03  3.59243600E-03 -1.16277800E-03
2002-01-10T17:50:04.846  4.60912000E-04  4.90983800E-03 -3.08630000E-05
2002-01-10T17:50:05.846 -3.90418000E-04  3.45291000E-03 -1.47610800E-03
2002-01-10T17:50:06.846  2.50077000E-04  5.33585900E-03  1.00439900E-03
2002-01-10T17:50:07.846 -9.66451000E-04  3.88310400E-03  2.43786000E-04
2002-01-10T17:50:08.846 -6.48765000E-04  4.25234200E-03 -5.32325000E-04
2002-01-10T17:50:09.846  7.78240000E-04  3.94901700E-03  4.20862000E-04
2002-01-10T17:50:10.846 -3.03389000E-04  2.37189800E-03 -1.68931000E-04
2002-01-10T17:50:11.846  7.58582000E-04  3.57633500E-03  4.53330000E-04
2002-01-10T17:50:12.846  3.19952000E-04  4.00340300E-03 -2.36341000E-04
2002-01-10T17:50:13.850 -1.05193500E-03  2.80381100E-03 -4.15010000E-05
2002-01-10T17:50:14.846  3.07681000E-04  3.17605400E-03  8.80159000E-04
2002-01-10T17:50:15.846  1.07136200E-03  4.06363400E-03 -1.32743700E-03
2002-01-10T17:50:16.846 -1.92137000E-04  3.89178000E-03  6.79140000E-05
2002-01-10T17:50:17.846 -5.65324000E-04  2.12862200E-03 -6.64666000E-04
2002-01-10T17:50:18.846  1.76825000E-03  4.02500300E-03  4.35331000E-04
2002-01-10T17:50:19.854  1.38927000E-04  3.83916500E-03  9.70035000E-04
2002-01-10T17:50:20.846 -1.56925100E-03  3.29032400E-03 -2.37959000E-04
2002-01-10T17:50:21.846  8.19939000E-04  4.80330400E-03 -1.05885000E-04
2002-01-10T17:50:22.846  9.76200000E-04  3.18370400E-03 -4.24611000E-04
2002-01-10T17:50:23.850 -6.19157000E-04  2.67511600E-03 -7.97766000E-04
2002-01-10T17:50:24.846 -7.01099000E-04  3.06913900E-03  1.53211000E-03
2002-01-10T17:50:25.846  1.10577900E-03  4.14223000E-03  3.50736000E-04
2002-01-10T17:50:26.846  1.77452000E-04  2.42517400E-03  2.66935000E-04
2002-01-10T17:50:27.846 -1.77612400E-03  3.15994700E-03  3.36415000E-04
2002-01-10T17:50:28.846  7.17032000E-04  3.81431700E-03  5.58022000E-04
2002-01-10T17:50:29.846  6.42143000E-04  3.79132500E-03  1.20385400E-03
2002-01-10T17:50:30.846 -8.42466000E-04  3.26731100E-03 -2.41980000E-04
2002-01-10T17:50:31.846 -1.36964600E-03  3.50849600E-03  2.57606000E-04
2002-01-10T17:50:32.846  1.22930200E-03  3.43206200E-03  4.50367000E-04
2002-01-10T17:50:33.850  4.55163000E-04  3.98391500E-03 -6.79015000E-04
2002-01-10T17:50:34.846  1.26465100E-03  2.32963900E-03  3.86675000E-04
2002-01-10T17:50:35.854 -5.61214000E-04  3.03893000E-03  1.05910200E-03
2002-01-10T17:50:36.846 -1.21081900E-03  2.71323500E-03 -6.89212000E-04
2002-01-10T17:50:37.846  6.38967000E-04  2.26842500E-03  1.41607600E-03
2002-01-10T17:50:38.846  6.23544000E-04  3.92508800E-03  5.76000000E-07
2002-01-10T17:50:39.846  1.63597000E-04  3.39044000E-03  8.62531000E-04
2002-01-10T17:50:40.846 -2.99197000E-04  1.76002600E-03  9.67063000E-04
2002-01-10T17:50:41.850 -3.80448000E-04  2.88032400E-03 -1.16380000E-05
2002-01-10T17:50:42.846  4.61238000E-04  4.35630900E-03  4.12810000E-04
2002-01-10T17:50:43.846  9.39288000E-04  3.32760900E-03  1.27490000E-04
2002-01-10T17:50:44.846 -7.57327000E-04  3.45599200E-03  3.09236000E-04
2002-01-10T17:50:45.846 -9.60359000E-04  2.33334600E-03 -3.68171000E-04
2002-01-10T17:50:46.846  4.52338000E-04  2.54993200E-03 -1.04054100E-03
2002-01-10T17:50:47.846  4.14058000E-04  3.08827900E-03 -4.33431000E-04
2002-01-10T17:50:48.846  1.53198000E-03  2.70149700E-03 -6.11820000E-05
2002-01-10T17:50:49.846  1.84656000E-04  3.75972400E-03  3.68218000E-04
2002-01-10T17:50:50.846  3.21763000E-04  3.40267000E-03  2.78497000E-04
2002-01-10T17:50:51.854 -3.85978000E-04  2.41831100E-03 -6.31402000E-04
2002-01-10T17:50:52.846 -1.93661700E-03  3.11928600E-03  2.89325000E-04
2002-01-10T17:50:53.846  4.58453000E-04  4.37821300E-03  3.34430000E-05
2002-01-10T17:50:54.846  1.32303700E-03  3.66797700E-03  7.27132000E-04
2002-01-10T17:50:55.846 -2.21100000E-05  3.83065500E-03  1.07292400E-03
2002-01-10T17:50:56.846 -1.67428800E-03  3.10163000E-03 -3.71880000E-04
2002-01-10T17:50:57.846 -6.29204000E-04  1.12899500E-03  1.87355000E-04
2002-01-10T17:50:58.846  9.69817000E-04  3.64672800E-03  3.03642000E-04
2002-01-10T17:50:59.846 -1.00557000E-04  3.80083200E-03  1.18904900E-03
2002-01-10T17:51:00.846 -1.56745100E-03  3.22849900E-03  6.54553000E-04
2002-01-10T17:51:01.846 -8.56562000E-04  2.13482800E-03  1.03520000E-04
2002-01-10T17:51:02.846  1.40237500E-03  4.12954700E-03 -4.48982000E-04
2002-01-10T17:51:03.850  2.60509000E-04  4.08039400E-03  1.23190000E-05
2002-01-10T17:51:04.846 -1.75391000E-04  2.75079500E-03 -1.81842000E-04
2002-01-10T17:51:05.846 -1.13845000E-03  2.05392800E-03  1.35066500E-03
2002-01-10T17:51:06.846 -9.03416000E-04  3.74700100E-03  9.74100000E-05
2002-01-10T17:51:07.854  1.11503200E-03  4.04713600E-03  5.18148000E-04
2002-01-10T17:51:08.846  6.98779000E-04  2.99968700E-03  1.30286000E-04
2002-01-10T17:51:09.846 -9.26139000E-04  2.79893500E-03  3.85000000E-06
2002-01-10T17:51:10.846 -1.77973300E-03  2.74894100E-03 -8.65800000E-06
2002-01-10T17:51:11.846  3.81249000E-04  3.95959000E-03  1.06221000E-04
2002-01-10T17:51:12.846  1.04648200E-03  3.45713600E-03  5.35408000E-04
2002-01-10T17:51:13.850 -1.55154000E-04  3.54442700E-03  1.00111000E-04
2002-01-10T17:51:14.846 -1.10083100E-03  2.80703700E-03 -2.33937000E-04
2002-01-10T17:51:15.846 -1.24890800E-03  1.56325300E-03  8.16773000E-04
2002-01-10T17:51:16.846 -6.61350000E-05  3.15786900E-03 -4.44700000E-05
2002-01-10T17:51:17.846  1.21704000E-04  3.85439800E-03  7.15068000E-04
2002-01-10T17:51:18.846  1.05328300E-03  3.00585800E-03  1.58887000E-04
2002-01-10T17:51:19.846  1.73640000E-04  3.02792700E-03 -9.94494000E-04
2002-01-10T17:51:20.846 -7.94330000E-04  2.88364000E-03  1.03007300E-03
2002-01-10T17:51:21.846 -2.57673000E-04  1.60478800E-03 -4.67776000E-04
2002-01-10T17:51:22.846 -1.06293800E-03  3.18488600E-03 -1.71600000E-05
2002-01-10T17:51:23.854 -7.46230000E-05  3.24460400E-03  4.37006000E-04
2002-01-10T17:51:24.846  1.42895800E-03  3.36042700E-03  1.67085000E-04
2002-01-10T17:51:25.846 -5.03040000E-05  3.84233900E-03 -9.42600000E-05
2002-01-10T17:51:26.846  2.56885000E-04  2.17825000E-03 -8.19229000E-04
2002-01-10T17:51:27.846 -9.42211000E-04  2.15579800E-03 -1.16866200E-03
2002-01-10T17:51:28.846 -4.88810000E-04  2.75162700E-03  4.52786000E-04
2002-01-10T17:51:29.846  1.35367700E-03  2.73832400E-03 -1.34981000E-04
2002-01-10T17:51:30.846  3.81709000E-04  3.58117700E-03  4.02800000E-06
2002-01-10T17:51:31.846  7.52706000E-04  3.11779600E-03  1.98420400E-03
2002-01-10T17:51:32.846  1.40372000E-04  2.83337900E-03 -1.75672700E-03
2002-01-10T17:51:33.850 -6.88257000E-04  2.44248600E-03 -1.97870000E-05
2002-01-10T17:51:34.846 -4.77408000E-04  1.22532300E-03 -2.93130000E-05
2002-01-10T17:51:35.846 -1.36150000E-03  2.52170400E-03 -6.05059000E-04
2002-01-10T17:51:36.846  8.31239000E-04  3.82680700E-03  7.18368000E-04
2002-01-10T17:51:37.846  1.38675900E-03  3.27478200E-03 -3.00208000E-04
2002-01-10T17:51:38.846  2.35426000E-04  3.70602400E-03  1.05778300E-03
2002-01-10T17:51:39.854  4.43638000E-04  2.21354000E-03 -2.58451000E-04
2002-01-10T17:51:40.846 -1.16218100E-03  2.20391200E-03  1.49502000E-04
2002-01-10T17:51:41.846 -3.84046000E-04  3.51409500E-03  5.40616000E-04
2002-01-10T17:51:42.846  8.92187000E-04  2.86282300E-03  5.62200000E-05
2002-01-10T17:51:43.850  7.94321000E-04  3.15390900E-03  7.67580000E-05
2002-01-10T17:51:44.846  3.07175000E-04  2.72880000E-03  1.18270200E-03
2002-01-10T17:51:45.846 -2.50054000E-04  1.89184500E-03 -4.68674000E-04
2002-01-10T17:51:46.846 -1.67886000E-03  2.87140900E-03 -7.87720000E-05
2002-01-10T17:51:47.846  5.49716000E-04  2.41685400E-03 -1.48458000E-04
2002-01-10T17:51:48.846  9.37401000E-04  3.36109000E-03 -1.45728000E-04
2002-01-10T17:51:49.846  4.29150000E-04  3.93118700E-03  2.60190000E-05
2002-01-10T17:51:50.846  6.12007000E-04  3.04570800E-03 -8.43972000E-04
2002-01-10T17:51:51.846 -6.82228000E-04  3.30080900E-03  4.95574000E-04
2002-01-10T17:51:52.846 -5.66946000E-04  2.05479200E-03  1.43661000E-04
2002-01-10T17:51:53.846 -7.85397000E-04  2.01063400E-03 -2.62447000E-04
2002-01-10T17:51:54.846  5.58886000E-04  2.74249000E-03  3.62037000E-04
2002-01-10T17:51:55.854  2.54713000E-04  2.50882900E-03 -1.59430300E-03
2002-01-10T17:51:56.846  9.18302000E-04  3.17100400E-03  7.88883000E-04
2002-01-10T17:51:57.846  1.26015600E-03  3.36586800E-03 -1.61470000E-05
2002-01-10T17:51:58.846  5.59374000E-04  3.52213000E-03 -2.46974000E-04
2002-01-10T17:51:59.846  4.76293000E-04  3.14729600E-03  1.31983000E-04
2002-01-10T17:52:00.850 -4.89054000E-04  3.37081700E-03 -2.84895000E-04
2002-01-10T17:52:01.846 -3.33709000E-04  2.21470100E-03  7.35791000E-04
2002-01-10T17:52:02.846 -1.03941800E-03  2.35757100E-03 -2.45807000E-04
2002-01-10T17:52:03.846 -7.26254000E-04  2.27586700E-03 -9.92764000E-04
2002-01-10T17:52:04.846 -8.50608000E-04  2.14485400E-03  6.98957000E-04
2002-01-10T17:52:05.846  1.30120000E-04  2.33466300E-03 -2.52200000E-05
2002-01-10T17:52:06.846  2.39190000E-04  2.98073300E-03  3.00156000E-04
2002-01-10T17:52:07.846  3.69386000E-04  2.69122300E-03 -8.50534000E-04
2002-01-10T17:52:08.846  1.71160000E-05  2.64876500E-03 -8.67163000E-04
2002-01-10T17:52:09.846 -6.27645000E-04  2.73921800E-03  1.32822600E-03
2002-01-10T17:52:10.846  1.91556000E-04  1.87489300E-03 -9.34553000E-04
2002-01-10T17:52:11.854 -2.11483000E-04  2.13768900E-03  8.51588000E-04
2002-01-10T17:52:12.846  8.22713000E-04  2.21342100E-03  1.27950000E-05
2002-01-10T17:52:13.846  9.86648000E-04  4.03128800E-03 -3.30960000E-05
2002-01-10T17:52:14.846  8.36560000E-04  2.80129400E-03  3.61854000E-04
2002-01-10T17:52:15.846  1.46252000E-04  3.57664700E-03  1.05246000E-04
2002-01-10T17:52:16.846  4.96655000E-04  2.58250600E-03 -1.24427000E-04
2002-01-10T17:52:17.846 -3.67669000E-04  2.65569300E-03  1.02077100E-03
2002-01-10T17:52:18.846 -1.97842000E-04  1.96843000E-03 -6.90341000E-04
2002-01-10T17:52:19.846 -1.47783000E-03  2.34488500E-03  7.77290000E-05
2002-01-10T17:52:20.846 -8.41041000E-04  1.70287200E-03  1.74454000E-04
2002-01-10T17:52:21.846 -4.79855000E-04  2.19740200E-03 -8.14815000E-04
2002-01-10T17:52:22.846 -7.07850000E-05  2.82015400E-03 -3.19342000E-04
2002-01-10T17:52:23.846  9.66013000E-04  3.51618300E-03 -5.83401000E-04
2002-01-10T17:52:24.846  3.20566000E-04  4.09216500E-03  6.74042000E-04
2002-01-10T17:52:25.846  8.09889000E-04  3.11301600E-03  1.05135400E-03
2002-01-10T17:52:26.846 -1.07520000E-05  3.34907600E-03 -6.41117000E-04
2002-01-10T17:52:27.850 -2.95717000E-04  2.63582500E-03  1.62909600E-03
2002-01-10T17:52:28.846 -1.18842300E-03  2.70527800E-03  8.78550000E-05
2002-01-10T17:52:29.846 -5.25833000E-04  1.36882400E-03 -6.17303000E-04
2002-01-10T17:52:30.846 -1.33200600E-03  2.02542500E-03 -3.22255000E-04
2002-01-10T17:52:31.846 -5.05119000E-04  7.08219000E-04 -3.85181000E-04
2002-01-10T17:52:32.846 -9.51796000E-04  1.81391200E-03  5.31080000E-05
2002-01-10T17:52:33.850 -7.77668000E-04  7.22797000E-04  2.87890000E-04
2002-01-10T17:52:34.846 -4.16227000E-04  1.61391300E-03 -2.08958000E-04
2002-01-10T17:52:35.846 -9.31615000E-04  1.14378300E-03  5.97359000E-04
2002-01-10T17:52:36.846 -8.50234000E-04  2.12669500E-03  1.04332000E-04
2002-01-10T17:52:37.846 -1.03763400E-03  1.47692000E-03  4.62050000E-04
2002-01-10T17:52:38.846 -1.50880000E-04  1.43760300E-03  2.16240000E-05
2002-01-10T17:52:39.846  9.03379000E-04  1.35901600E-03 -9.12070000E-05
2002-01-10T17:52:40.846  3.42568000E-04  2.62411700E-03  8.41740000E-05
2002-01-10T17:52:41.846  2.89362000E-04  1.73031400E-03 -6.29674000E-04
2002-01-10T17:52:42.846 -4.08052000E-04  4.59993000E-04 -4.64935000E-04
2002-01-10T17:52:43.854 -8.11672000E-04  5.94800000E-06 -1.09728000E-04
2002-01-10T17:52:44.846 -7.57493000E-04  1.82794200E-03  1.12341000E-04
2002-01-10T17:52:45.846 -1.32440000E-05  2.07140100E-03  8.34272000E-04
2002-01-10T17:52:46.846  1.30179400E-03  2.02469200E-03  8.94510000E-05
2002-01-10T17:52:47.846  1.16968500E-03  2.63127100E-03  2.77978000E-04
2002-01-10T17:52:48.850 -1.31865200E-03  1.00546300E-03  3.16616000E-04
2002-01-10T17:52:49.846 -1.67361400E-03  1.58079700E-03 -9.45671000E-04
2002-01-10T17:52:50.846 -3.06647000E-04  1.03029800E-03  3.94545000E-04
2002-01-10T17:52:51.846  5.42457000E-04  1.83368000E-03  4.45228000E-04
2002-01-10T17:52:52.846  5.52707000E-04  2.77631500E-03 -3.51560000E-05
2002-01-10T17:52:53.850 -1.42200000E-04  2.40267600E-03  1.34263600E-03
2002-01-10T17:52:54.846 -5.93797000E-04  8.82969000E-04 -1.03286100E-03
2002-01-10T17:52:55.846 -2.61881000E-04  3.87330000E-04 -3.32270000E-05
2002-01-10T17:52:56.846  2.13325000E-04  1.86923800E-03  1.58480000E-05
2002-01-10T17:52:57.846 -2.44857000E-04  2.92132400E-03 -1.00509100E-03
2002-01-10T17:52:58.846 -5.67592000E-04  1.22796800E-03  4.99161000E-04
2002-01-10T17:52:59.850 -9.76318000E-04  5.95850000E-05 -4.75731000E-04
2002-01-10T17:53:00.846  8.10390000E-05  1.00400000E-03 -6.18510000E-05
2002-01-10T17:53:01.846  8.57658000E-04  1.95365600E-03  4.65898000E-04
2002-01-10T17:53:02.846  7.55070000E-04  2.79647000E-03 -3.48232000E-04
2002-01-10T17:53:03.850 -7.58370000E-05  1.50291700E-03 -9.53935000E-04
2002-01-10T17:53:04.850 -8.56398000E-04  7.70963000E-04 -2.34522000E-04
2002-01-10T17:53:05.846  8.76901000E-04  1.33622200E-03 -1.18880500E-03
2002-01-10T17:53:06.846  1.15825200E-03  1.89026600E-03  1.06721000E-04
2002-01-10T17:53:07.846 -7.78048000E-04  9.44204000E-04 -1.81298000E-04
2002-01-10T17:53:08.846 -8.54442000E-04  1.15586200E-03  6.49349000E-04
2002-01-10T17:53:09.846  1.57420000E-05  2.11130200E-03 -6.44312000E-04
2002-01-10T17:53:10.846 -2.85562000E-04  1.85987600E-03  5.95530000E-04
2002-01-10T17:53:11.846 -1.12604900E-03  6.19996000E-04  7.04193000E-04
2002-01-10T17:53:12.846  2.75570000E-04  8.08975000E-04 -9.31789000E-04
2002-01-10T17:53:13.846  9.92951000E-04  1.29029700E-03  9.76475000E-04
2002-01-10T17:53:14.846  3.54028000E-04  4.42186000E-04 -1.23916000E-04
2002-01-10T17:53:15.850 -1.05328700E-03  9.07435000E-04 -4.81789000E-04
2002-01-10T17:53:16.846 -5.04915000E-04  2.00051000E-03 -4.43749000E-04
2002-01-10T17:53:17.846  7.83061000E-04  2.56520500E-03  2.02150000E-05
2002-01-10T17:53:18.846 -2.68562000E-04  3.54998000E-04  2.48132000E-04
2002-01-10T17:53:19.846 -6.55156000E-04  3.41096000E-04  5.59620000E-04
2002-01-10T17:53:20.846  6.97812000E-04  7.37575000E-04 -6.63209000E-04
2002-01-10T17:53:21.846  1.48252500E-03  1.41212800E-03  2.39875000E-04
2002-01-10T17:53:22.846 -1.03686100E-03  4.61003000E-04  1.14700200E-03
2002-01-10T17:53:23.846 -9.96669000E-04  1.20905800E-03 -8.93497000E-04
2002-01-10T17:53:24.846  4.30189000E-04  2.33830500E-03 -1.40571000E-04
2002-01-10T17:53:25.846  2.54798000E-04  2.21534900E-03 -1.07315100E-03
2002-01-10T17:53:26.846 -1.36508600E-03  9.47553000E-04  1.75400000E-05
2002-01-10T17:53:27.846  3.09737000E-04  1.56036700E-03  1.26198000E-04
2002-01-10T17:53:28.846 -9.71410000E-05  6.75220000E-04 -2.66706000E-04
2002-01-10T17:53:29.846 -5.51499000E-04 -2.69969000E-04  1.04367700E-03
2002-01-10T17:53:30.846  1.15632000E-04  6.86875000E-04  7.02670000E-04
2002-01-10T17:53:31.854  1.72149900E-03  9.09808000E-04 -1.15708800E-03
2002-01-10T17:53:32.846 -3.07554000E-04  5.96004000E-04  1.79308000E-03
2002-01-10T17:53:33.846 -7.15608000E-04  5.23548000E-04 -1.41718000E-04
2002-01-10T17:53:34.846  4.24383000E-04  1.75353300E-03 -1.53591000E-04
2002-01-10T17:53:35.846 -3.66573000E-04  1.57892200E-03 -8.80590000E-05
2002-01-10T17:53:36.846 -9.64311000E-04  9.23745000E-04  7.90852000E-04
2002-01-10T17:53:37.846 -1.79344000E-04  1.40709000E-03  2.46038000E-04
2002-01-10T17:53:38.846  6.26387000E-04  2.01603800E-03 -9.22930000E-05
2002-01-10T17:53:39.846 -8.56559000E-04  2.20192000E-04  1.56092300E-03
2002-01-10T17:53:40.846 -4.10248000E-04 -3.84760000E-05  3.25950000E-04
2002-01-10T17:53:41.846  6.32667000E-04  1.32769100E-03  1.79291000E-04
2002-01-10T17:53:42.846  8.38993000E-04  4.93618000E-04  7.69830000E-04
2002-01-10T17:53:43.846 -6.65571000E-04  2.29454000E-04  1.83490000E-04
2002-01-10T17:53:44.846 -8.33350000E-05  8.53845000E-04 -1.77666000E-04
2002-01-10T17:53:45.846  1.40671000E-04  1.79467200E-03  3.86108000E-04
2002-01-10T17:53:46.846 -1.52638600E-03  9.40909000E-04  3.08468000E-04
2002-01-10T17:53:47.850 -7.14538000E-04  1.07475200E-03 -1.03107000E-04
2002-01-10T17:53:48.846 -1.52791000E-04  1.48617500E-03 -1.55464000E-04
2002-01-10T17:53:49.846 -2.08915000E-04  1.72666500E-03 -5.05228000E-04
2002-01-10T17:53:50.846 -5.53965000E-04  1.01726300E-03  4.34802000E-04
2002-01-10T17:53:51.846  1.83978000E-04  1.92963500E-03 -3.52137000E-04
2002-01-10T17:53:52.846 -9.42312000E-04  4.95630000E-05  2.95175000E-04
2002-01-10T17:53:53.850  1.28743000E-04  1.74010100E-03  7.65390000E-04
2002-01-10T17:53:54.846 -1.38420000E-04  6.00016000E-04 -5.76984000E-04
2002-01-10T17:53:55.846 -2.41429000E-04 -1.64045000E-04  7.73893000E-04
2002-01-10T17:53:56.846 -1.54747000E-04  9.83165000E-04  7.14483000E-04
2002-01-10T17:53:57.846 -1.21950200E-03  1.17479000E-04 -9.38711000E-04
2002-01-10T17:53:58.846  5.17773000E-04  1.11060600E-03 -1.39614000E-04
2002-01-10T17:53:59.846 -2.41177000E-04 -9.84990000E-04 -3.28674000E-04
2002-01-10T17:54:00.846  8.73438000E-04 -5.03890000E-05 -1.44431000E-04
2002-01-10T17:54:01.846  2.39931000E-04 -1.71038000E-04 -7.50338000E-04
2002-01-10T17:54:02.846 -2.03231000E-04 -2.74552000E-04 -8.43289000E-04
2002-01-10T17:54:03.854 -6.54810000E-05 -1.41522000E-04  1.79041000E-04
2002-01-10T17:54:04.846 -9.22482000E-04 -2.73049000E-04 -1.28731700E-03
2002-01-10T17:54:05.846  8.28587000E-04  1.56870700E-03  1.59594000E-04
2002-01-10T17:54:06.846 -1.37878500E-03  2.49339000E-04  1.01344300E-03
2002-01-10T17:54:07.846 -3.12276000E-04  1.39715100E-03 -3.98752000E-04
2002-01-10T17:54:08.850 -3.46482000E-04  9.87644000E-04  3.98690000E-04
2002-01-10T17:54:09.846 -1.26871800E-03  6.05811000E-04  6.14704000E-04
2002-01-10T17:54:10.846  5.33448000E-04  1.54605500E-03  2.89462000E-04
2002-01-10T17:54:11.846 -8.18492000E-04  6.90660000E-05  5.58220000E-04
2002-01-10T17:54:12.846  1.10162000E-04  8.95660000E-04  1.98940000E-04
2002-01-10T17:54:13.846  1.53814000E-04  4.15360000E-05  5.97743000E-04
2002-01-10T17:54:14.846 -7.13430000E-05 -2.96530000E-04  3.65395000E-04
2002-01-10T17:54:15.846  1.28797900E-03  4.47917000E-04 -1.87834000E-04
2002-01-10T17:54:16.846 -7.39064000E-04 -8.91493000E-04  3.20302000E-04
2002-01-10T17:54:17.846  1.06145400E-03  1.17986700E-03  5.33657000E-04
2002-01-10T17:54:18.846  9.43460000E-05 -3.37381000E-04  6.41372000E-04
2002-01-10T17:54:19.850 -1.59794000E-04  7.52515000E-04  8.36410000E-04
2002-01-10T17:54:20.846 -7.19067000E-04  8.35275000E-04 -4.33099000E-04
2002-01-10T17:54:21.846 -9.22036000E-04  1.23785900E-03  7.47373000E-04
2002-01-10T17:54:22.846  4.29686000E-04  1.30511800E-03 -5.39732000E-04
2002-01-10T17:54:23.846 -1.03913000E-03  3.38297000E-04  6.33067000E-04
2002-01-10T17:54:24.846  1.40775000E-03  9.91812000E-04 -6.46932000E-04
2002-01-10T17:54:25.846 -2.52865000E-04 -1.58064700E-03 -3.19862000E-04
2002-01-10T17:54:26.846  1.31050100E-03  2.04640000E-05  8.89567000E-04
2002-01-10T17:54:27.846 -6.65470000E-05 -2.39401000E-04 -2.55053000E-04
2002-01-10T17:54:28.846 -9.03600000E-06  7.51633000E-04 -5.46303000E-04
2002-01-10T17:54:29.846  4.95510000E-05  8.29259000E-04  4.88491000E-04
2002-01-10T17:54:30.846 -8.19355000E-04  6.91958000E-04 -5.78616000E-04
2002-01-10T17:54:31.846  4.77230000E-04  1.11748900E-03 -2.30820000E-04
2002-01-10T17:54:32.846 -1.12370200E-03 -5.05143000E-04 -1.66940000E-05
2002-01-10T17:54:33.850  1.11330700E-03  1.01021600E-03 -3.62667000E-04
2002-01-10T17:54:34.846 -4.52833000E-04 -1.34947200E-03  9.51767000E-04
2002-01-10T17:54:35.850  1.65030600E-03  4.84380000E-05 -4.34989000E-04
2002-01-10T17:54:36.846 -4.62247000E-04 -8.52006000E-04  4.07477000E-04
2002-01-10T17:54:37.846  2.84616000E-04  3.18323000E-04  1.75932000E-04
2002-01-10T17:54:38.846  2.76335000E-04  1.25494300E-03 -9.30090000E-04
2002-01-10T17:54:39.846 -7.95057000E-04  2.92785000E-04  5.48291000E-04
2002-01-10T17:54:40.846  7.87945000E-04  1.87137100E-03 -4.99206000E-04
2002-01-10T17:54:41.846 -1.24091000E-03  1.14347000E-04  9.08990000E-05
2002-01-10T17:54:42.846  5.73072000E-04  1.41381300E-03  5.65499000E-04
2002-01-10T17:54:43.846 -8.55998000E-04 -5.94432000E-04  1.26251000E-04
2002-01-10T17:54:44.846  6.55838000E-04  5.28814000E-04 -4.25453000E-04
2002-01-10T17:54:45.846  4.42255000E-04 -4.88277000E-04 -2.41923000E-04
2002-01-10T17:54:46.846  7.10488000E-04 -5.46262000E-04  2.01841000E-04
2002-01-10T17:54:47.846  3.56202000E-04  5.23643000E-04 -3.00011000E-04
2002-01-10T17:54:48.846 -7.29046000E-04  2.63980000E-05 -8.84353000E-04
2002-01-10T17:54:49.846  4.46580000E-04  1.50343100E-03  1.22708000E-03
2002-01-10T17:54:50.846 -1.07077700E-03 -1.88824000E-04 -4.70152000E-04
2002-01-10T17:54:51.854  5.54188000E-04  1.52888500E-03 -2.43154000E-04
2002-01-10T17:54:52.846 -7.48199000E-04  1.27305000E-04  1.00661300E-03
2002-01-10T17:54:53.846  3.30432000E-04  8.64684000E-04 -1.61407000E-04
2002-01-10T17:54:54.846 -2.28760000E-05 -3.25114000E-04  3.09100000E-05
2002-01-10T17:54:55.846  1.05405200E-03 -4.76651000E-04  3.13570000E-05
2002-01-10T17:54:56.846 -2.74700000E-04 -4.01521000E-04  5.77076000E-04
2002-01-10T17:54:57.846  1.68791000E-04 -3.39140000E-05 -1.04738000E-04
2002-01-10T17:54:58.846  6.14392000E-04  1.05110500E-03  2.76790000E-05
2002-01-10T17:54:59.846 -9.95309000E-04  5.81852000E-04  7.29684000E-04
2002-01-10T17:55:00.846  3.52126000E-04  1.00785000E-03 -1.32035000E-04
2002-01-10T17:55:01.846 -8.95155000E-04 -4.96855000E-04  4.18332000E-04
2002-01-10T17:55:02.846  9.03306000E-04  1.05795500E-03  6.06138000E-04
2002-01-10T17:55:03.850 -3.67719000E-04 -6.76730000E-04 -1.33979000E-04
2002-01-10T17:55:04.846  7.02348000E-04  2.43322000E-04  1.85071000E-04
2002-01-10T17:55:05.846 -2.74669000E-04 -9.20910000E-05 -1.15092000E-04
2002-01-10T17:55:06.846  2.79131000E-04  7.36761000E-04  9.41265000E-04
2002-01-10T17:55:07.850 -6.98681000E-04  3.10427000E-04  3.67983000E-04
2002-01-10T17:55:08.846  4.14017000E-04  8.68785000E-04 -4.44951000E-04
2002-01-10T17:55:09.846 -1.11117000E-03 -5.39250000E-04  6.89618000E-04
2002-01-10T17:55:10.846  8.84447000E-04 -8.02640000E-05  6.25091000E-04
2002-01-10T17:55:11.846  6.34886000E-04 -5.33190000E-04 -1.21712000E-04
2002-01-10T17:55:12.846  5.33410000E-05 -1.03573000E-04  1.13900900E-03
2002-01-10T17:55:13.846  3.00098000E-04  1.16814500E-03 -4.01469000E-04
2002-01-10T17:55:14.846 -8.83894000E-04  3.98516000E-04  2.66849000E-04
2002-01-10T17:55:15.846  1.71983000E-04  5.30020000E-04 -4.57395000E-04
2002-01-10T17:55:16.846 -7.48672000E-04  5.76810000E-05  8.43792000E-04
2002-01-10T17:55:17.846  1.22896300E-03  6.39690000E-05 -5.70452000E-04
2002-01-10T17:55:18.846 -2.28474000E-04 -5.59587000E-04 -9.14250000E-05
2002-01-10T17:55:19.846  7.75285000E-04  6.74915000E-04  2.20934000E-04
2002-01-10T17:55:20.846 -1.02917300E-03 -1.28230000E-05 -9.55000000E-06
2002-01-10T17:55:21.846  4.93845000E-04  1.02333200E-03  6.85168000E-04
2002-01-10T17:55:22.846 -1.49063500E-03 -5.74350000E-05 -5.06430000E-05
2002-01-10T17:55:23.854  1.09092700E-03  9.27437000E-04 -3.93608000E-04
2002-01-10T17:55:24.846 -4.12112000E-04 -1.03179600E-03  7.61706000E-04
2002-01-10T17:55:25.846  1.15032900E-03  6.70139000E-04  1.52405000E-04
2002-01-10T17:55:26.846 -7.99689000E-04 -1.09657400E-03  1.20074500E-03
2002-01-10T17:55:27.846  5.46539000E-04  1.03913000E-03  4.79546000E-04
2002-01-10T17:55:28.850 -4.60275000E-04  5.27497000E-04 -1.43740000E-04
2002-01-10T17:55:29.846  2.67158000E-04  1.25139300E-03  6.78118000E-04
2002-01-10T17:55:30.846  2.51304000E-04  2.07372000E-04 -7.40426000E-04
2002-01-10T17:55:31.846  6.15116000E-04  2.49494000E-04  1.59456200E-03
2002-01-10T17:55:32.846  2.40743000E-04 -3.48970000E-04 -2.56552000E-04
2002-01-10T17:55:33.850  2.49597000E-04  5.17989000E-04  1.80877000E-04
2002-01-10T17:55:34.846 -5.35067000E-04  5.47156000E-04  1.09970700E-03
2002-01-10T17:55:35.846 -4.02950000E-04  7.72091000E-04  5.81648000E-04
2002-01-10T17:55:36.846  5.44907000E-04 -4.03988000E-04 -2.96629000E-04
2002-01-10T17:55:37.846  8.89380000E-05 -2.75570000E-05  1.09267000E-04
2002-01-10T17:55:38.846  9.20565000E-04  3.51854000E-04 -1.60128200E-03
2002-01-10T17:55:39.850 -9.75250000E-05 -2.46203000E-04  3.56104000E-04
2002-01-10T17:55:40.846  2.95559000E-04  4.30460000E-05  6.81900000E-05
2002-01-10T17:55:41.846 -8.09476000E-04  1.96075000E-04  1.16482000E-04
2002-01-10T17:55:42.846  7.72680000E-05  1.51705000E-03 -1.78572000E-04
2002-01-10T17:55:43.846 -7.57839000E-04 -2.64648000E-04 -1.49800000E-06
2002-01-10T17:55:44.846  1.19509100E-03  3.49229000E-04  2.03740000E-04
2002-01-10T17:55:45.846 -8.39500000E-06 -1.23739000E-03 -7.01279000E-04
2002-01-10T17:55:46.846  1.54746200E-03  8.65841000E-04  1.12819000E-04
2002-01-10T17:55:47.846 -9.81914000E-04 -2.76583000E-04  1.06360300E-03
2002-01-10T17:55:48.846  3.01076000E-04  1.50676600E-03 -5.28565000E-04
2002-01-10T17:55:49.846 -1.37653700E-03 -4.78031000E-04 -8.00750000E-05
2002-01-10T17:55:50.846  5.59132000E-04  9.44758000E-04  1.58528900E-03
2002-01-10T17:55:51.846 -2.93571000E-04 -1.29550700E-03 -1.50541000E-03
2002-01-10T17:55:52.846  1.27932800E-03  4.85858000E-04  1.05567400E-03
2002-01-10T17:55:53.846 -6.47813000E-04 -7.16095000E-04  8.66090000E-05
2002-01-10T17:55:54.846  2.78294000E-04  1.18081200E-03  3.34424000E-04
2002-01-10T17:55:55.850 -1.55374900E-03  1.33539000E-04  2.84457000E-04
2002-01-10T17:55:56.846  4.67078000E-04  1.37518800E-03 -6.69526000E-04
2002-01-10T17:55:57.846 -8.22577000E-04 -1.19827600E-03  5.16994000E-04
2002-01-10T17:55:58.846  1.42497200E-03  5.48058000E-04  3.26123000E-04
2002-01-10T17:55:59.846 -7.32952000E-04 -7.46046000E-04  6.15234000E-04
2002-01-10T17:56:00.846  4.35484000E-04  5.91316000E-04  3.34059000E-04
2002-01-10T17:56:01.846 -1.10688800E-03 -3.84372000E-04 -9.80144000E-04
2002-01-10T17:56:02.846  1.53487000E-04  1.22306600E-03  1.67868000E-04
2002-01-10T17:56:03.846 -7.97250000E-04 -2.46792000E-04  6.26800000E-06
2002-01-10T17:56:04.846  8.49348000E-04  4.98901000E-04 -2.36930000E-05
2002-01-10T17:56:05.846 -6.89901000E-04 -1.67271900E-03  5.33289000E-04
2002-01-10T17:56:06.846  9.78415000E-04  1.57752000E-04  5.56637000E-04
2002-01-10T17:56:07.846 -6.50864000E-04 -1.23278000E-04  3.64499000E-04
2002-01-10T17:56:08.846 -1.13855000E-04  1.05129700E-03 -4.29247000E-04
2002-01-10T17:56:09.846 -4.48661000E-04 -1.41746000E-04  3.27120000E-05
2002-01-10T17:56:10.846  6.87458000E-04  1.62843000E-04  5.98053000E-04
2002-01-10T17:56:11.854 -3.23605000E-04 -1.29021600E-03 -1.66568000E-04
2002-01-10T17:56:12.846  3.90553000E-04 -2.54000000E-06  6.74930000E-04
2002-01-10T17:56:13.846 -4.13253000E-04 -9.07180000E-04  4.87451000E-04
2002-01-10T17:56:14.846  1.64996000E-04  3.87018000E-04 -4.02482000E-04
2002-01-10T17:56:15.846 -1.08014700E-03  4.99646000E-04  8.74699000E-04
2002-01-10T17:56:16.846 -1.81809000E-04  6.14223000E-04 -1.36859000E-04
2002-01-10T17:56:17.846 -2.28690000E-04  8.13325000E-04  9.22434000E-04
2002-01-10T17:56:18.846  2.27063000E-04 -2.68508000E-04 -5.81643000E-04
2002-01-10T17:56:19.846  3.37974000E-04 -1.36832200E-03  2.36521000E-04
2002-01-10T17:56:20.846  3.90558000E-04 -2.12999000E-04  2.26088000E-04
2002-01-10T17:56:21.846 -7.85983000E-04  1.76631000E-04 -5.78580000E-05
2002-01-10T17:56:22.846 -4.16620000E-05  7.63942000E-04  1.74326000E-04
2002-01-10T17:56:23.846 -1.77892000E-04  5.86705000E-04  3.04380000E-04
2002-01-10T17:56:24.846  1.31363000E-04  6.39715000E-04 -3.02375000E-04
2002-01-10T17:56:25.846  7.36720000E-05  3.92078000E-04  5.51836000E-04
2002-01-10T17:56:26.846  3.78902000E-04 -3.56383000E-04 -1.50609000E-04
2002-01-10T17:56:27.850 -6.67440000E-05 -1.21735000E-04  1.71493000E-04
2002-01-10T17:56:28.846 -3.49991000E-04  5.96672000E-04 -4.63024000E-04
2002-01-10T17:56:29.846 -7.42980000E-04  4.44247000E-04 -7.52020000E-05
2002-01-10T17:56:30.846 -4.22230000E-05  2.39852000E-04  1.19655000E-04
2002-01-10T17:56:31.846 -3.71020000E-05 -4.35656000E-04 -4.83800000E-05
2002-01-10T17:56:32.846  3.82642000E-04 -7.19350000E-05  6.52106000E-04
2002-01-10T17:56:33.850  1.76032000E-04 -3.17210000E-05 -3.21832000E-04
2002-01-10T17:56:34.846 -3.28870000E-05  2.45860000E-04 -7.04024000E-04
2002-01-10T17:56:35.846 -2.94319000E-04  9.02230000E-04  1.35878800E-03
2002-01-10T17:56:36.846 -2.20409000E-04  4.44723000E-04 -1.01685800E-03
2002-01-10T17:56:37.846  4.09185000E-04  9.13940000E-05  6.24851000E-04
2002-01-10T17:56:38.846  9.88646000E-04 -5.66323000E-04  4.03140000E-05
2002-01-10T17:56:39.846 -1.19825000E-04 -6.33334000E-04  3.02646000E-04
2002-01-10T17:56:40.846  2.62035000E-04  2.20322000E-04  4.32810000E-04
2002-01-10T17:56:41.846 -2.70194000E-04  1.08658000E-03  1.01263000E-04
2002-01-10T17:56:42.846 -9.29200000E-05  4.48479000E-04  6.72078000E-04
2002-01-10T17:56:43.854 -9.41536000E-04 -3.56074000E-04  5.78579000E-04
2002-01-10T17:56:44.846  4.93839000E-04  1.33980000E-05 -7.97844000E-04
2002-01-10T17:56:45.846  3.47410000E-04 -3.09427000E-04  8.22074000E-04
2002-01-10T17:56:46.846  1.94179000E-04  7.33200000E-05 -2.59408000E-04
2002-01-10T17:56:47.846 -9.16406000E-04 -2.04860000E-05  4.20737000E-04
2002-01-10T17:56:48.850 -5.17356000E-04  1.11693500E-03  8.45581000E-04
2002-01-10T17:56:49.846  1.10037000E-04  2.98665000E-04 -1.30286000E-03
2002-01-10T17:56:50.846  3.94285000E-04 -7.63800000E-06  6.66360000E-04
2002-01-10T17:56:51.846  3.07436000E-04 -5.33982000E-04 -8.99254000E-04
2002-01-10T17:56:52.846 -1.45207000E-04  4.63364000E-04  1.49398800E-03
2002-01-10T17:56:53.846 -7.59724000E-04  1.84642000E-04 -1.11252000E-03
2002-01-10T17:56:54.846  4.09548000E-04  4.75683000E-04 -1.20820000E-05
2002-01-10T17:56:55.846 -5.75032000E-04 -5.86966000E-04  2.86579000E-04
2002-01-10T17:56:56.846  1.11685900E-03 -2.50940000E-05 -1.41604000E-04
2002-01-10T17:56:57.846 -3.45209000E-04 -5.29893000E-04 -1.74215000E-04
2002-01-10T17:56:58.846 -2.36540000E-05  1.12581500E-03  5.62884000E-04
2002-01-10T17:56:59.850 -1.22836800E-03  3.05669000E-04 -2.35157000E-04
2002-01-10T17:57:00.846  3.59428000E-04  2.10524000E-04  9.45965000E-04
2002-01-10T17:57:01.846  1.32076000E-04 -1.56279800E-03 -3.83128000E-04
2002-01-10T17:57:02.846  1.10388100E-03 -6.83370000E-05  8.14810000E-04
2002-01-10T17:57:03.850 -8.50176000E-04 -8.18534000E-04 -6.84934000E-04
2002-01-10T17:57:04.846  6.68087000E-04  1.04380900E-03  3.40345000E-04
2002-01-10T17:57:05.846 -1.58630900E-03 -2.39184000E-04 -4.25813000E-04
2002-01-10T17:57:06.846  8.10091000E-04  1.07745500E-03  4.23080000E-04
2002-01-10T17:57:07.846 -6.33595000E-04 -1.85823800E-03  3.86680000E-05
2002-01-10T17:57:08.846  9.68112000E-04  4.08716000E-04  6.98581000E-04
2002-01-10T17:57:09.846 -1.17676100E-03 -6.69935000E-04 -8.82652000E-04
2002-01-10T17:57:10.846  1.33116000E-04  1.07557500E-03  7.63590000E-04
2002-01-10T17:57:11.846 -1.36970300E-03 -4.84210000E-05 -6.82135000E-04
2002-01-10T17:57:12.846  7.58900000E-04  1.10733100E-03  2.06141000E-04
2002-01-10T17:57:13.846 -6.40405000E-04 -1.21546000E-03 -1.63770000E-04
2002-01-10T17:57:14.846  1.33257600E-03  6.85787000E-04 -4.82751000E-04
2002-01-10T17:57:15.850 -9.43539000E-04 -3.60555000E-04  1.32705100E-03
2002-01-10T17:57:16.846  1.34659000E-04  1.09376600E-03  3.77779000E-04
2002-01-10T17:57:17.846 -5.00575000E-04 -5.57079000E-04  1.90821000E-04
2002-01-10T17:57:18.846  6.01022000E-04  7.32665000E-04  1.25675900E-03
2002-01-10T17:57:19.846 -3.19970000E-05 -9.55756000E-04 -6.31872000E-04
2002-01-10T17:57:20.846  4.24851000E-04 -8.33650000E-05  7.22663000E-04
2002-01-10T17:57:21.846 -4.95305000E-04 -2.50474000E-04 -3.36914000E-04
2002-01-10T17:57:22.846 -6.17275000E-04  8.80851000E-04  1.01582000E-04
2002-01-10T17:57:23.846 -7.01231000E-04  1.81842000E-04  5.19826000E-04
2002-01-10T17:57:24.846 -1.75849000E-04  6.67705000E-04 -6.26135000E-04
2002-01-10T17:57:25.846  1.93000000E-06  3.71320000E-05  7.26010000E-05
2002-01-10T17:57:26.846 -9.18730000E-05 -9.53638000E-04  3.07986000E-04
2002-01-10T17:57:27.846  9.58040000E-05 -1.17783000E-04 -2.21075000E-04
2002-01-10T17:57:28.846 -3.27470000E-04  3.33456000E-04  6.59345000E-04
2002-01-10T17:57:29.846 -6.11159000E-04  7.69617000E-04  2.58479000E-04
2002-01-10T17:57:30.846 -5.06006000E-04  2.90066000E-04 -1.23217000E-04
2002-01-10T17:57:31.853  1.45229000E-04 -1.55012000E-04 -1.87353000E-04
2002-01-10T17:57:32.846  3.22230000E-04 -7.67280000E-04  5.05225000E-04
2002-01-10T17:57:33.846  4.96389000E-04  1.65432000E-04  2.98884000E-04
2002-01-10T17:57:34.846 -4.19598000E-04  2.08725000E-04 -6.19482000E-04
2002-01-10T17:57:35.846  1.67441000E-04  9.18071000E-04  1.91153000E-04
2002-01-10T17:57:36.846 -1.39435900E-03  5.20580000E-05 -1.83347000E-04
2002-01-10T17:57:37.846  6.74540000E-04  3.76722000E-04 -1.54248000E-04
2002-01-10T17:57:38.846  8.36910000E-05 -1.08806800E-03  1.58431400E-03
2002-01-10T17:57:39.846  6.54533000E-04  3.46050000E-04 -4.22856000E-04
2002-01-10T17:57:40.846 -6.33182000E-04  2.79971000E-04  1.63467000E-04
2002-01-10T17:57:41.846  2.10860000E-04  8.79895000E-04  1.10810000E-04
2002-01-10T17:57:42.846  4.07784000E-04 -2.62206000E-04  6.49070000E-05
2002-01-10T17:57:43.846  7.67607000E-04  2.78622000E-04  2.67926000E-04
2002-01-10T17:57:44.846 -3.37646000E-04 -1.73077700E-03 -2.37130000E-04
2002-01-10T17:57:45.846  5.13245000E-04  5.35819000E-04  9.87706000E-04
2002-01-10T17:57:46.846 -1.41397700E-03  1.56455000E-04  1.73520000E-04
2002-01-10T17:57:47.850  5.78517000E-04  8.04707000E-04 -4.47442000E-04
2002-01-10T17:57:48.846 -8.31613000E-04 -7.05241000E-04 -8.24836000E-04
2002-01-10T17:57:49.846  1.06149900E-03  4.85558000E-04 -1.51443000E-04
2002-01-10T17:57:50.846 -4.02369000E-04 -1.15215300E-03  5.54999000E-04
2002-01-10T17:57:51.846  8.93560000E-04  6.73968000E-04  1.16561400E-03
2002-01-10T17:57:52.846 -7.99267000E-04 -3.06788000E-04 -5.16979000E-04
2002-01-10T17:57:53.846  5.71091000E-04  3.43609000E-04  1.06568600E-03
2002-01-10T17:57:54.846 -5.61913000E-04 -7.61374000E-04 -3.75395000E-04
2002-01-10T17:57:55.846  9.91230000E-04  3.04557000E-04 -5.27101000E-04
2002-01-10T17:57:56.846 -7.42553000E-04 -9.70083000E-04  7.86221000E-04
2002-01-10T17:57:57.846  2.33758000E-04  6.92393000E-04 -8.66373000E-04
2002-01-10T17:57:58.846 -1.23569600E-03  1.44384000E-04 -3.52728000E-04
2002-01-10T17:57:59.846 -1.04502000E-04  4.61011000E-04  4.46573000E-04
2002-01-10T17:58:00.846  5.00870000E-05 -7.67276000E-04 -4.72212000E-04
2002-01-10T17:58:01.846  9.54900000E-06  1.91115000E-04  2.60180000E-04
2002-01-10T17:58:02.846 -2.32960000E-04  4.27090000E-05 -1.60494000E-04
2002-01-10T17:58:03.853  2.37301000E-04  6.18125000E-04  9.01090000E-05
2002-01-10T17:58:04.846 -8.36873000E-04  7.23754000E-04 -9.47904000E-04
2002-01-10T17:58:05.846  3.01683000E-04 -6.72510000E-05  2.53257000E-04
2002-01-10T17:58:06.846 -5.11290000E-05 -1.64513000E-04  1.81005000E-04
2002-01-10T17:58:07.846 -3.51000000E-06 -1.43994000E-04  4.01427000E-04
2002-01-10T17:58:08.850  1.41871000E-04  6.29640000E-05  2.27660000E-05
2002-01-10T17:58:09.846 -4.57283000E-04  4.66193000E-04 -8.27190000E-05
2002-01-10T17:58:10.846  3.79126000E-04  1.60475000E-04  1.01785000E-04
2002-01-10T17:58:11.846  5.07450000E-04 -1.98151000E-04  9.17850000E-05
2002-01-10T17:58:12.846  9.26426000E-04 -2.41300000E-04 -1.22627000E-04
2002-01-10T17:58:13.846 -5.25015000E-04 -4.28870000E-04 -4.60946000E-04
2002-01-10T17:58:14.846  5.67280000E-04  4.68336000E-04  7.94769000E-04
2002-01-10T17:58:15.846 -1.24720900E-03  2.57350000E-05 -1.02606300E-03
2002-01-10T17:58:16.846  2.14923000E-04  6.52683000E-04 -2.39707000E-04
2002-01-10T17:58:17.846 -9.11891000E-04 -9.07324000E-04  3.59525000E-04
2002-01-10T17:58:18.846  1.28148900E-03 -1.02551000E-04  8.56860000E-05
2002-01-10T17:58:19.850 -8.88401000E-04 -6.54301000E-04  5.07700000E-06
2002-01-10T17:58:20.846  2.07864000E-04  1.06982300E-03  1.22307000E-04
2002-01-10T17:58:21.846 -1.26499100E-03 -1.32572000E-04  2.93455000E-04
2002-01-10T17:58:22.846  4.86975000E-04  9.46761000E-04  1.01486000E-04
2002-01-10T17:58:23.846 -9.19380000E-05 -9.45093000E-04  2.63708000E-04
2002-01-10T17:58:24.846  1.30624300E-03 -2.71935000E-04  6.44689000E-04
2002-01-10T17:58:25.846 -8.54116000E-04 -8.76664000E-04  3.47950000E-04
2002-01-10T17:58:26.846  7.29507000E-04  9.54908000E-04 -1.52950900E-03
2002-01-10T17:58:27.846 -1.14851100E-03  2.22155000E-04  6.12893000E-04
2002-01-10T17:58:28.846  6.07365000E-04  7.74469000E-04 -5.12194000E-04
2002-01-10T17:58:29.846 -7.65290000E-05 -1.17370000E-03 -6.88472000E-04
2002-01-10T17:58:30.846  6.83039000E-04 -2.28680000E-04  3.86439000E-04
2002-01-10T17:58:31.846 -1.12575200E-03 -4.02249000E-04 -1.80560000E-05
2002-01-10T17:58:32.846  6.79483000E-04  1.92996100E-03 -6.86689000E-04
2002-01-10T17:58:33.849 -1.67257000E-03  3.68202000E-04  4.86029000E-04
2002-01-10T17:58:34.846  7.51130000E-04  1.26178800E-03  5.06946000E-04
2002-01-10T17:58:35.849 -1.99778000E-04 -8.70183000E-04 -2.63035000E-04
2002-01-10T17:58:36.846  1.74070300E-03  8.08570000E-05  4.34624000E-04
2002-01-10T17:58:37.846 -4.47210000E-04 -8.34516000E-04  2.02336000E-04
