2001-12-04T20:20:10.510 -7.13890700E-03 -1.76165400E-03 -2.94936100E-03
2001-12-04T20:20:11.506  3.10519800E-03  8.89636400E-03 -3.90306900E-03
2001-12-04T20:20:12.518 -8.69364100E-03 -1.78701100E-03  5.14024000E-03
2001-12-04T20:20:13.506  8.56281700E-03  2.93857600E-03 -3.95128400E-03
2001-12-04T20:20:14.510 -6.81000000E-04 -5.81972000E-04 -3.53253000E-04
2001-12-04T20:20:15.506  4.94915000E-04  7.98842000E-04  5.72703000E-04
2001-12-04T20:20:16.514 -1.25004900E-03  3.25776000E-04 -1.91911000E-04
2001-12-04T20:20:17.506  8.51459000E-04  7.31437000E-04 -5.10079000E-04
2001-12-04T20:20:18.510  3.10850000E-05 -7.14001000E-04 -8.22099000E-04
2001-12-04T20:20:19.502  4.44951000E-04  1.89960000E-04  4.58780000E-05
2001-12-04T20:20:20.510 -8.23647000E-04 -5.28100000E-04  8.76620000E-04
2001-12-04T20:20:21.506 -3.67790000E-05  1.48891600E-03 -1.36738300E-03
2001-12-04T20:20:22.506 -4.50777000E-04 -1.92323000E-04 -9.84264000E-04
2001-12-04T20:20:23.514  8.95610000E-04 -1.58613000E-04 -7.70500000E-06
2001-12-04T20:20:24.510 -3.63812000E-04 -4.58538000E-04  3.20373000E-04
2001-12-04T20:20:25.506 -3.33026000E-04  8.17397000E-04 -1.01468200E-03
2001-12-04T20:20:26.518 -9.90779000E-04  5.48560000E-05 -1.72702000E-04
2001-12-04T20:20:27.510  6.06818000E-04 -7.59308000E-04  8.56394000E-04
2001-12-04T20:20:28.514  7.35150000E-04 -5.71399000E-04 -3.57032000E-04
2001-12-04T20:20:29.506 -1.24358000E-04 -2.65247000E-04 -4.78528000E-04
2001-12-04T20:20:30.510 -3.83040000E-05  6.02308000E-04 -3.87589000E-04
2001-12-04T20:20:31.506 -1.10033800E-03  2.83198000E-04  7.51006000E-04
2001-12-04T20:20:32.510 -5.80988000E-04  3.11173000E-04 -2.85086000E-04
2001-12-04T20:20:33.506  6.09600000E-05 -1.30241000E-03 -4.37963000E-04
2001-12-04T20:20:34.510  5.44074000E-04  1.05233000E-04  2.91156000E-04
2001-12-04T20:20:35.502 -9.03008000E-04 -3.89158000E-04  1.93656000E-04
2001-12-04T20:20:36.510  7.33376000E-04  1.63144800E-03 -1.63918000E-04
2001-12-04T20:20:37.506 -8.90633000E-04 -2.42650000E-04 -6.11412000E-04
2001-12-04T20:20:38.506  1.60170700E-03  4.13279000E-04  1.78330000E-05
2001-12-04T20:20:39.514 -6.28043000E-04 -1.15790900E-03  7.43547000E-04
2001-12-04T20:20:40.510  4.82202000E-04  1.17076100E-03 -1.90814000E-04
2001-12-04T20:20:41.506 -1.47803100E-03 -3.41673000E-04 -2.74980000E-04
2001-12-04T20:20:42.510  3.60215000E-04  8.09697000E-04  4.95206000E-04
2001-12-04T20:20:43.506 -7.55093000E-04 -9.03183000E-04  4.13950000E-05
2001-12-04T20:20:44.514  8.02406000E-04  3.53812000E-04 -3.02197000E-04
2001-12-04T20:20:45.506 -5.45369000E-04  1.60357000E-04 -1.01370000E-05
2001-12-04T20:20:46.510 -5.05090000E-05  1.12792500E-03  1.92117000E-04
2001-12-04T20:20:47.506 -6.72310000E-04 -3.16510000E-04 -7.04263000E-04
2001-12-04T20:20:48.510  4.90407000E-04 -6.13250000E-05 -5.65653000E-04
2001-12-04T20:20:49.506  4.54007000E-04 -6.67149000E-04  1.44580000E-04
2001-12-04T20:20:50.510 -6.04730000E-05  1.66027000E-04  3.04707000E-04
2001-12-04T20:20:51.502 -7.08936000E-04  9.51078000E-04  8.30972000E-04
2001-12-04T20:20:52.510 -2.54126000E-04  3.09665000E-04 -1.27963900E-03
2001-12-04T20:20:53.506  4.54803000E-04  6.68540000E-05 -3.15390000E-05
2001-12-04T20:20:54.506  3.08300000E-05 -4.39231000E-04 -2.76760000E-05
2001-12-04T20:20:55.514  3.54363000E-04  2.81651000E-04 -5.10848000E-04
2001-12-04T20:20:56.510 -9.87106000E-04  3.34881000E-04 -2.80212000E-04
2001-12-04T20:20:57.506  3.75351000E-04  6.43826000E-04  1.78025000E-04
2001-12-04T20:20:58.510 -1.18998000E-04 -1.49397200E-03  7.17635000E-04
2001-12-04T20:20:59.506  9.14293000E-04  1.01941000E-04 -2.37281000E-04
2001-12-04T20:21:00.514 -2.89596000E-04 -1.39000000E-07 -1.71747000E-04
2001-12-04T20:21:01.506 -4.99200000E-05  1.27450700E-03 -2.47587000E-04
2001-12-04T20:21:02.510 -1.22985600E-03 -4.05548000E-04 -3.10729000E-04
2001-12-04T20:21:03.506  1.83580000E-03  3.48147000E-04 -1.60563000E-04
2001-12-04T20:21:04.510 -6.70169000E-04 -1.21072900E-03 -6.93576000E-04
2001-12-04T20:21:05.506  4.59005000E-04  1.14132500E-03  5.68740000E-05
2001-12-04T20:21:06.510 -8.40846000E-04 -3.20450000E-05  4.92590000E-05
2001-12-04T20:21:07.502  5.08288000E-04  9.09842000E-04 -8.71938000E-04
2001-12-04T20:21:08.510 -1.63912600E-03 -1.42857400E-03  5.86017000E-04
2001-12-04T20:21:09.506  8.64661000E-04 -2.77408000E-04  6.63187000E-04
2001-12-04T20:21:10.506 -9.87860000E-04 -7.30904000E-04 -2.15290000E-05
2001-12-04T20:21:11.514  9.55740000E-05  2.35124000E-04 -1.77969100E-03
2001-12-04T20:21:12.510 -7.51344000E-04  3.15953000E-04 -2.34125000E-04
2001-12-04T20:21:13.506  3.44577000E-04 -3.04957000E-04  2.30524000E-04
2001-12-04T20:21:14.510 -2.60980000E-05 -1.11507000E-04 -8.56841000E-04
2001-12-04T20:21:15.506  1.55069000E-04 -3.17940000E-05 -8.63066000E-04
2001-12-04T20:21:16.514 -4.22812000E-04  4.19239000E-04  3.08216000E-04
2001-12-04T20:21:17.506  3.29940000E-05 -1.97979000E-04  1.78980000E-04
2001-12-04T20:21:18.510  1.16168600E-03  4.49570000E-05 -3.41797000E-04
2001-12-04T20:21:19.506 -3.44335000E-04 -5.83386000E-04  2.82971000E-04
2001-12-04T20:21:20.510 -2.28485000E-04  4.71907000E-04 -3.22294000E-04
2001-12-04T20:21:21.506 -1.22092400E-03 -4.06371000E-04  2.92102000E-04
2001-12-04T20:21:22.510  1.22443500E-03  8.34021000E-04 -9.31819000E-04
2001-12-04T20:21:23.502 -3.44461000E-04 -1.07810300E-03 -9.48554000E-04
2001-12-04T20:21:24.510  1.19745900E-03 -1.11280000E-05  2.16180000E-05
2001-12-04T20:21:25.506 -8.22863000E-04 -5.58948000E-04 -5.19350000E-05
2001-12-04T20:21:26.506 -1.99917000E-04  1.41935700E-03  9.24470000E-05
2001-12-04T20:21:27.514 -5.72561000E-04 -1.30480000E-05 -6.54197000E-04
2001-12-04T20:21:28.510  7.31328000E-04 -3.18714000E-04  1.13677800E-03
2001-12-04T20:21:29.506 -1.36660000E-05 -1.37372800E-03  2.61337000E-04
2001-12-04T20:21:30.510 -9.66330000E-05  2.63058000E-04 -1.67350000E-05
2001-12-04T20:21:31.506 -6.88331000E-04  3.49032000E-04 -4.43099000E-04
2001-12-04T20:21:32.514  5.58250000E-05 -8.59640000E-05  5.44587000E-04
2001-12-04T20:21:33.506  7.49047000E-04 -4.63044000E-04 -4.65404000E-04
2001-12-04T20:21:34.510  3.25773000E-04 -8.14419000E-04  1.05133000E-03
2001-12-04T20:21:35.506 -6.71200000E-06  7.96094000E-04 -3.35070000E-05
2001-12-04T20:21:36.510 -7.84161000E-04  1.21350000E-04 -2.28412000E-04
2001-12-04T20:21:37.506 -5.50900000E-06  6.00467000E-04 -7.12173000E-04
2001-12-04T20:21:38.510 -2.22155000E-04 -9.16027000E-04  1.11710000E-05
2001-12-04T20:21:39.502  8.59129000E-04  3.04393000E-04  5.34078000E-04
2001-12-04T20:21:40.510 -8.93676000E-04 -5.12279000E-04 -9.15600000E-06
2001-12-04T20:21:41.506  8.51789000E-04  1.35955600E-03 -4.96630000E-05
2001-12-04T20:21:42.506 -4.60835000E-04 -1.19652500E-03  7.10047000E-04
2001-12-04T20:21:43.514  1.39958600E-03  2.64506000E-04  6.25473000E-04
2001-12-04T20:21:44.510 -8.53120000E-04 -9.80678000E-04  1.17373200E-03
2001-12-04T20:21:45.506  2.41199000E-04  1.25307400E-03  1.65765000E-04
2001-12-04T20:21:46.510 -1.53258600E-03 -6.97638000E-04  2.81471000E-04
2001-12-04T20:21:47.510  1.05314400E-03  2.93149000E-04  2.24155000E-03
2001-12-04T20:21:48.514 -4.04630000E-04 -1.33568500E-03 -9.95918000E-04
2001-12-04T20:21:49.506  8.20888000E-04  7.05102000E-04 -1.69520000E-03
2001-12-04T20:21:50.510 -9.19990000E-04 -3.84415000E-04 -1.36645000E-04
2001-12-04T20:21:51.506 -3.25722000E-04  1.65003200E-03  8.77000000E-06
2001-12-04T20:21:52.510  3.25009000E-04 -3.15125000E-04 -2.25364000E-04
2001-12-04T20:21:53.506  3.70480000E-05  3.31376000E-04 -2.48777000E-04
2001-12-04T20:21:54.510 -7.45825000E-04 -6.86830000E-04  1.67399000E-04
2001-12-04T20:21:55.502 -5.54530000E-05  5.61095000E-04  2.96328000E-04
2001-12-04T20:21:56.510 -1.42261800E-03  3.65980000E-05 -1.57113000E-04
2001-12-04T20:21:57.506 -7.21900000E-05 -1.13419000E-04 -2.55545000E-04
2001-12-04T20:21:58.506  5.76773000E-04  2.33212000E-04  5.41691000E-04
2001-12-04T20:21:59.514  1.90513000E-04 -9.37083000E-04  5.86290000E-05
2001-12-04T20:22:00.510  8.85420000E-05  8.35907000E-04  2.10774000E-04
2001-12-04T20:22:01.506 -1.01186900E-03  1.61026000E-04  4.83392000E-04
2001-12-04T20:22:02.510  7.42484000E-04  4.57304000E-04  2.67818000E-04
2001-12-04T20:22:03.506 -2.40104000E-04 -7.94653000E-04 -1.40527000E-04
2001-12-04T20:22:04.514  1.21934000E-03  7.55975000E-04  6.71563000E-04
2001-12-04T20:22:05.506 -1.38640600E-03 -3.20419000E-04  3.25437000E-04
2001-12-04T20:22:06.510  9.96568000E-04  7.58587000E-04  6.20600000E-06
2001-12-04T20:22:07.506 -8.57165000E-04 -4.28383000E-04 -5.05904000E-04
2001-12-04T20:22:08.510  1.60178800E-03 -2.10506000E-04  2.95679000E-04
2001-12-04T20:22:09.506 -9.56303000E-04 -9.26766000E-04  8.67540000E-04
2001-12-04T20:22:10.510  7.02937000E-04  1.03022700E-03 -2.73362000E-04
2001-12-04T20:22:11.502 -1.48556400E-03  2.10495000E-04  4.30772000E-04
2001-12-04T20:22:12.510  2.80184000E-04  4.84861000E-04 -2.22195000E-04
2001-12-04T20:22:13.506 -8.51717000E-04 -1.35848300E-03  7.29022000E-04
2001-12-04T20:22:14.506  5.18834000E-04  4.81698000E-04  1.62978000E-04
2001-12-04T20:22:15.514 -7.48725000E-04  3.04786000E-04 -8.46723000E-04
2001-12-04T20:22:16.510 -2.66975000E-04  1.06159300E-03  6.44426000E-04
2001-12-04T20:22:17.506 -2.21121000E-04 -1.34863000E-04  6.43619000E-04
2001-12-04T20:22:18.510  7.07773000E-04 -4.92828000E-04  4.95945000E-04
2001-12-04T20:22:19.506  3.23871000E-04 -2.52458000E-04 -5.69291000E-04
2001-12-04T20:22:20.514 -2.86226000E-04  2.05415000E-04  1.16028000E-04
2001-12-04T20:22:21.506 -2.24698000E-04  7.34226000E-04 -1.50373000E-04
2001-12-04T20:22:22.510 -5.75852000E-04  1.46956000E-04 -4.37020000E-04
2001-12-04T20:22:23.506  6.42164000E-04  5.24214000E-04 -8.36768000E-04
2001-12-04T20:22:24.510  1.17296000E-04 -9.04984000E-04  2.45474000E-04
2001-12-04T20:22:25.506  2.07890000E-04  6.70742000E-04 -5.60526000E-04
2001-12-04T20:22:26.510 -7.26847000E-04 -1.52530000E-05 -4.06730000E-05
2001-12-04T20:22:27.502  8.86802000E-04  6.01406000E-04  1.19310400E-03
2001-12-04T20:22:28.510 -3.74277000E-04 -1.22693200E-03  1.00667000E-04
2001-12-04T20:22:29.506  1.51500000E-03  5.14644000E-04  9.53830000E-05
2001-12-04T20:22:30.506 -9.08156000E-04 -2.24960000E-05 -4.29324000E-04
2001-12-04T20:22:31.514  7.77272000E-04  1.17438600E-03 -1.85480000E-04
2001-12-04T20:22:32.510 -7.87074000E-04 -1.79606000E-04  4.17280000E-05
2001-12-04T20:22:33.506  1.14726900E-03  2.02516000E-04 -2.64879000E-04
2001-12-04T20:22:34.518  9.58210000E-05 -6.20910000E-04  3.67495000E-04
2001-12-04T20:22:35.506  2.37286000E-04  6.04313000E-04  5.04561000E-04
2001-12-04T20:22:36.514 -7.80930000E-05  8.37476000E-04  1.92809000E-04
2001-12-04T20:22:37.506  1.42254000E-04 -2.73892000E-04 -2.23804000E-04
2001-12-04T20:22:38.510  3.84807000E-04  1.92280000E-05 -5.77390000E-05
2001-12-04T20:22:39.506  1.69464000E-04 -4.46102000E-04  2.03285000E-04
2001-12-04T20:22:40.510  4.44070000E-05 -2.27630000E-05 -1.84709000E-04
2001-12-04T20:22:41.506 -2.31580000E-04  3.23680000E-04 -9.23556000E-04
2001-12-04T20:22:42.510  3.35548000E-04  4.29922000E-04  5.70537000E-04
2001-12-04T20:22:43.502  1.66569000E-04 -6.48867000E-04 -4.66820000E-05
2001-12-04T20:22:44.510  1.07800300E-03 -1.45533000E-04 -1.03826200E-03
2001-12-04T20:22:45.506 -8.03176000E-04 -6.33300000E-06 -3.68093000E-04
2001-12-04T20:22:46.506 -8.75440000E-05  1.28522900E-03  1.75414000E-04
2001-12-04T20:22:47.514 -1.00026200E-03 -5.12055000E-04  1.28148000E-04
2001-12-04T20:22:48.510  6.67052000E-04  4.43330000E-05 -6.14972000E-04
2001-12-04T20:22:49.506 -6.99231000E-04 -1.29582200E-03 -3.05970000E-04
2001-12-04T20:22:50.510  6.78362000E-04  1.37421500E-03  3.42246000E-04
2001-12-04T20:22:51.506 -1.17612300E-03 -4.10393000E-04 -8.16159000E-04
2001-12-04T20:22:52.514  1.20950700E-03  7.03547000E-04 -1.03831900E-03
2001-12-04T20:22:53.506  2.87124000E-04 -1.41680700E-03  6.64980000E-05
2001-12-04T20:22:54.510  8.65164000E-04  9.68690000E-04  1.39191700E-03
2001-12-04T20:22:55.506 -1.45633300E-03 -3.89797000E-04  5.65605000E-04
2001-12-04T20:22:56.510  2.69585000E-04  1.09382800E-03 -5.75263000E-04
2001-12-04T20:22:57.506  4.66085000E-04 -1.02285200E-03 -3.71771000E-04
2001-12-04T20:22:58.510  1.09872000E-03 -5.34331000E-04  4.68988000E-04
2001-12-04T20:22:59.502 -3.87560000E-04 -3.50240000E-04  8.39358000E-04
2001-12-04T20:23:00.510 -1.73258000E-04  7.26549000E-04 -5.69687000E-04
2001-12-04T20:23:01.506 -8.78465000E-04 -2.11849000E-04 -5.60450000E-04
2001-12-04T20:23:02.506  1.96863000E-04 -2.13061000E-04  1.25870200E-03
2001-12-04T20:23:03.514  9.61966000E-04 -5.99726000E-04  6.02358000E-04
2001-12-04T20:23:04.510  5.64640000E-05 -3.56798000E-04 -2.87630000E-04
2001-12-04T20:23:05.506 -4.01360000E-05  1.11875600E-03 -8.39318000E-04
2001-12-04T20:23:06.510 -1.01391300E-03  5.31269000E-04  8.91286000E-04
2001-12-04T20:23:07.506  7.65709000E-04 -7.78600000E-05 -1.94965000E-04
2001-12-04T20:23:08.514  1.97344000E-04 -7.51142000E-04  7.61165000E-04
2001-12-04T20:23:09.506  1.00829200E-03  5.16220000E-04 -4.19235000E-04
2001-12-04T20:23:10.510 -1.30245700E-03 -2.63465000E-04  3.61476000E-04
2001-12-04T20:23:11.506  4.46745000E-04  1.20578400E-03 -4.24298000E-04
2001-12-04T20:23:12.510 -1.24805700E-03 -1.50900000E-04 -5.28813000E-04
2001-12-04T20:23:13.506  1.18719000E-03  1.69648000E-04  1.75540000E-05
2001-12-04T20:23:14.510 -1.28202000E-04 -7.51210000E-04 -3.60810000E-05
2001-12-04T20:23:15.502  4.73310000E-04  1.03747400E-03 -7.66747000E-04
2001-12-04T20:23:16.510 -5.52889000E-04 -1.79840000E-05  3.55797000E-04
2001-12-04T20:23:17.506  9.55966000E-04 -7.93760000E-05 -8.98820000E-05
2001-12-04T20:23:18.506 -7.27370000E-05 -1.05428100E-03 -3.54037000E-04
2001-12-04T20:23:19.514  7.69805000E-04 -1.01947000E-04 -1.35508900E-03
2001-12-04T20:23:20.510 -6.00085000E-04  4.80180000E-05  2.22570000E-05
2001-12-04T20:23:21.506 -4.23249000E-04  9.29143000E-04  9.72330000E-05
2001-12-04T20:23:22.510 -9.05065000E-04  9.23620000E-05 -7.80064000E-04
2001-12-04T20:23:23.506  5.84198000E-04 -2.24397000E-04  1.38240000E-04
2001-12-04T20:23:24.514  6.19705000E-04 -7.91994000E-04 -6.26193000E-04
2001-12-04T20:23:25.506 -2.54422000E-04 -2.52154000E-04  2.20191000E-04
2001-12-04T20:23:26.510  3.02955000E-04  6.05147000E-04 -5.79909000E-04
2001-12-04T20:23:27.506 -1.28800400E-03  5.51752000E-04  1.51368000E-04
2001-12-04T20:23:28.510  3.21942000E-04 -3.91660000E-04  7.77765000E-04
2001-12-04T20:23:29.506 -1.55534000E-04 -8.07267000E-04  4.23233000E-04
2001-12-04T20:23:30.510  1.26295400E-03  9.95624000E-04 -8.30738000E-04
2001-12-04T20:23:31.502 -1.44445600E-03 -4.15066000E-04  1.84153800E-03
2001-12-04T20:23:32.510  3.63914000E-04  7.85790000E-04  1.20082900E-03
2001-12-04T20:23:33.506 -5.76107000E-04 -9.50095000E-04 -7.92507000E-04
2001-12-04T20:23:34.506  1.24738000E-03 -1.09369000E-04  1.80068000E-04
2001-12-04T20:23:35.514 -1.05870300E-03 -6.26962000E-04  5.34371000E-04
2001-12-04T20:23:36.510  1.73236000E-04  8.82538000E-04  7.13103000E-04
2001-12-04T20:23:37.506 -7.75466000E-04 -5.59949000E-04  8.23860000E-05
2001-12-04T20:23:38.510  1.42766000E-03  2.77586000E-04  1.48062000E-04
2001-12-04T20:23:39.510 -5.53900000E-06 -1.19457300E-03  6.44906000E-04
2001-12-04T20:23:40.514  7.11476000E-04  8.68375000E-04  1.13414500E-03
2001-12-04T20:23:41.506 -1.07132700E-03  8.96710000E-05  4.13846000E-04
2001-12-04T20:23:42.510 -9.45610000E-05  8.29598000E-04 -9.87120000E-04
2001-12-04T20:23:43.506  8.42560000E-05  3.51469000E-04  3.36734000E-04
2001-12-04T20:23:44.510  5.88051000E-04 -6.56937000E-04 -3.23309000E-04
2001-12-04T20:23:45.506 -8.28890000E-05  1.54199000E-04 -8.05199000E-04
2001-12-04T20:23:46.510 -3.33891000E-04  2.29638000E-04 -3.59007000E-04
2001-12-04T20:23:47.502 -3.60387000E-04  7.15787000E-04 -2.23117000E-04
2001-12-04T20:23:48.510 -3.24430000E-04 -1.25884000E-04  1.37312000E-04
2001-12-04T20:23:49.506  7.58550000E-04 -2.29650000E-05 -1.64058000E-04
2001-12-04T20:23:50.506 -4.16812000E-04 -4.87797000E-04 -6.35613000E-04
2001-12-04T20:23:51.514 -1.73075000E-04  1.44522200E-03 -6.53827000E-04
2001-12-04T20:23:52.510 -1.08526000E-03  4.26910000E-04  6.31420000E-05
2001-12-04T20:23:53.506  1.25632800E-03  9.21473000E-04 -8.90478000E-04
2001-12-04T20:23:54.510  8.24310000E-05 -1.27387600E-03  5.41303000E-04
2001-12-04T20:23:55.506  5.93878000E-04  1.40730200E-03  6.99542000E-04
2001-12-04T20:23:56.514 -9.12829000E-04 -2.36941000E-04  1.24557400E-03
2001-12-04T20:23:57.506  7.51251000E-04  8.72739000E-04 -1.03073900E-03
2001-12-04T20:23:58.510 -2.34374000E-04 -1.19411700E-03  1.03099900E-03
2001-12-04T20:23:59.506  1.21765400E-03 -1.20727000E-04 -5.74146000E-04
2001-12-04T20:24:00.510 -1.24515500E-03 -5.53323000E-04 -5.34291000E-04
2001-12-04T20:24:01.506  3.15630000E-04  8.38510000E-04 -6.91870000E-05
2001-12-04T20:24:02.510 -1.21521600E-03 -1.08678800E-03  7.01783000E-04
2001-12-04T20:24:03.502  1.46831000E-03 -2.40903000E-04 -1.31194000E-04
2001-12-04T20:24:04.510 -3.96738000E-04 -1.07274300E-03  8.66090000E-05
2001-12-04T20:24:05.506  3.63876000E-04  5.89814000E-04 -4.35724000E-04
2001-12-04T20:24:06.506 -1.85404500E-03 -3.36666000E-04 -1.46367000E-04
2001-12-04T20:24:07.514  5.73049000E-04  3.04294000E-04  3.56313000E-04
2001-12-04T20:24:08.510 -2.81274000E-04 -1.02156900E-03  3.89142000E-04
2001-12-04T20:24:09.506  2.59933000E-04  6.55478000E-04 -1.10146600E-03
2001-12-04T20:24:10.510  4.06789000E-04  9.06470000E-04  1.91190000E-05
2001-12-04T20:24:11.506 -5.32239000E-04  9.89957000E-04  3.79521000E-04
2001-12-04T20:24:12.514 -9.66263000E-04  6.67716000E-04 -1.04587500E-03
2001-12-04T20:24:13.506  2.66738000E-04 -4.64109000E-04  4.69550000E-05
2001-12-04T20:24:14.510  4.10299000E-04 -8.97550000E-05 -4.37640000E-04
2001-12-04T20:24:15.506 -2.38655000E-04 -2.62892000E-04  4.74579000E-04
2001-12-04T20:24:16.510  1.53910000E-04  1.39988400E-03 -3.70620000E-05
2001-12-04T20:24:17.506 -5.24465000E-04 -6.37100000E-05 -5.44441000E-04
2001-12-04T20:24:18.510  1.18835800E-03  3.40886000E-04  3.76840000E-04
2001-12-04T20:24:19.502 -1.90131000E-04 -7.16371000E-04  7.35629000E-04
2001-12-04T20:24:20.510  1.01639500E-03  2.14800000E-06 -9.85555000E-04
2001-12-04T20:24:21.506 -1.03464200E-03  3.09460000E-05  3.03484000E-04
2001-12-04T20:24:22.506  2.51998000E-04  7.72712000E-04  2.38006000E-04
2001-12-04T20:24:23.514 -1.05709200E-03 -3.17381000E-04 -4.36118000E-04
2001-12-04T20:24:24.510  1.21781600E-03  3.06729000E-04 -5.36258000E-04
2001-12-04T20:24:25.506 -6.07427000E-04 -7.13407000E-04 -2.32088000E-04
2001-12-04T20:24:26.510  3.30034000E-04  1.37117300E-03  9.86882000E-04
2001-12-04T20:24:27.510 -1.15800800E-03 -2.89413000E-04 -3.74022000E-04
2001-12-04T20:24:28.514  3.30618000E-04  5.94675000E-04 -5.35442000E-04
2001-12-04T20:24:29.506  4.81500000E-05 -8.64333000E-04 -3.07013000E-04
2001-12-04T20:24:30.510  5.42685000E-04  6.01040000E-05  7.19557000E-04
2001-12-04T20:24:31.506 -1.59880000E-04 -2.78633000E-04  3.31628000E-04
2001-12-04T20:24:32.510 -8.36570000E-05  1.03290500E-03 -1.12357500E-03
2001-12-04T20:24:33.506  5.18158000E-04 -3.02279000E-04 -5.74787000E-04
2001-12-04T20:24:34.510  5.64171000E-04 -1.24555000E-04 -1.99682000E-04
2001-12-04T20:24:35.502  3.37631000E-04 -3.07109000E-04 -2.08200000E-06
2001-12-04T20:24:36.510  4.50900000E-05 -4.64020000E-05  7.13132000E-04
2001-12-04T20:24:37.506 -2.82766000E-04  7.61302000E-04  1.00596500E-03
2001-12-04T20:24:38.506 -2.35078000E-04 -7.06120000E-05 -2.03249000E-04
2001-12-04T20:24:39.514  1.23684900E-03  4.86940000E-05 -6.29221000E-04
2001-12-04T20:24:40.510 -1.82469000E-04 -9.03217000E-04 -3.69979000E-04
2001-12-04T20:24:41.506  3.16508000E-04  8.65264000E-04 -1.97554000E-04
2001-12-04T20:24:42.514 -9.99012000E-04  3.72472000E-04  2.45352000E-04
2001-12-04T20:24:43.506  3.99761000E-04  6.51402000E-04 -1.27899800E-03
2001-12-04T20:24:44.514 -2.05747000E-04 -1.32150400E-03 -7.73900000E-04
2001-12-04T20:24:45.506  8.83054000E-04  1.33366000E-04  1.96000000E-07
2001-12-04T20:24:46.510 -8.28356000E-04 -2.59459000E-04 -5.43155000E-04
2001-12-04T20:24:47.506  2.97178000E-04  1.33461500E-03  4.97540000E-05
2001-12-04T20:24:48.510 -1.32415800E-03  2.56500000E-05  1.77325000E-04
2001-12-04T20:24:49.506  6.17252000E-04  4.62786000E-04  8.30040000E-05
2001-12-04T20:24:50.510 -6.60881000E-04 -1.04392600E-03 -3.53926000E-04
2001-12-04T20:24:51.502  6.24005000E-04  6.46638000E-04 -9.58076000E-04
2001-12-04T20:24:52.510 -1.23574200E-03  1.34916000E-04 -3.83340000E-04
2001-12-04T20:24:53.506  1.12860000E-05  5.71234000E-04  5.86634000E-04
2001-12-04T20:24:54.506  1.67270000E-04 -7.67184000E-04 -3.01829000E-04
2001-12-04T20:24:55.514  3.18138000E-04 -1.97249000E-04 -6.15176000E-04
2001-12-04T20:24:56.510 -1.23016000E-04 -3.11734000E-04  8.57630000E-05
2001-12-04T20:24:57.506 -3.18006000E-04  4.47736000E-04  9.58805000E-04
2001-12-04T20:24:58.510 -1.85962000E-04  8.43917000E-04  2.09750000E-05
2001-12-04T20:24:59.506  2.22900000E-06 -7.82245000E-04 -3.92530000E-05
2001-12-04T20:25:00.513  1.06587500E-03 -1.11998000E-04  9.33334000E-04
2001-12-04T20:25:01.506 -6.28877000E-04 -4.11773000E-04  6.63924000E-04
2001-12-04T20:25:02.510  4.21132000E-04  1.15524900E-03 -7.19221000E-04
2001-12-04T20:25:03.506 -9.85368000E-04 -1.99123000E-04  6.38372000E-04
2001-12-04T20:25:04.510  1.60323400E-03  7.46817000E-04  2.83100000E-04
2001-12-04T20:25:05.506 -1.13645000E-03 -7.52911000E-04 -8.18889000E-04
2001-12-04T20:25:06.510  1.16849800E-03  3.74180000E-05  5.07820000E-04
2001-12-04T20:25:07.502 -6.81715000E-04 -2.79120000E-04  1.14041000E-04
2001-12-04T20:25:08.510  8.07420000E-05  1.02543400E-03 -4.73770000E-05
2001-12-04T20:25:09.506 -6.88688000E-04 -8.27095000E-04 -3.26288000E-04
2001-12-04T20:25:10.506  4.45408000E-04 -1.65241000E-04  3.27764000E-04
2001-12-04T20:25:11.513  5.21046000E-04 -4.97913000E-04  7.45249000E-04
2001-12-04T20:25:12.510 -2.01551000E-04  2.14702000E-04 -4.23087000E-04
2001-12-04T20:25:13.506  4.06874000E-04  1.12267700E-03 -5.82984000E-04
2001-12-04T20:25:14.510 -7.25863000E-04 -3.05496000E-04  3.64580000E-04
2001-12-04T20:25:15.506  1.07650000E-05  8.65498000E-04  6.17912000E-04
2001-12-04T20:25:16.513 -5.81279000E-04 -6.64481000E-04 -8.69970000E-05
2001-12-04T20:25:17.506  1.02353100E-03  4.78007000E-04 -9.90909000E-04
2001-12-04T20:25:18.510 -1.50126800E-03 -1.23131000E-04 -5.41570000E-05
2001-12-04T20:25:19.506  1.45438000E-04  1.93182400E-03  4.97677000E-04
2001-12-04T20:25:20.510 -1.59232000E-04 -1.02194000E-04 -1.60449600E-03
2001-12-04T20:25:21.506  1.13336700E-03 -6.27830000E-04  8.89270000E-05
2001-12-04T20:25:22.510 -4.09370000E-05 -6.78130000E-04 -1.94836000E-04
2001-12-04T20:25:23.502 -4.15450000E-04  7.27857000E-04 -2.54670000E-05
2001-12-04T20:25:24.510 -1.77570000E-05  9.28202000E-04  7.88427000E-04
2001-12-04T20:25:25.506 -1.00464800E-03  7.25666000E-04  1.14501100E-03
2001-12-04T20:25:26.506  7.12717000E-04 -4.24700000E-04  6.26796000E-04
2001-12-04T20:25:27.513 -3.89058000E-04 -9.37002000E-04 -1.91307000E-04
2001-12-04T20:25:28.510  9.70933000E-04  9.19531000E-04  1.76340000E-04
2001-12-04T20:25:29.506 -1.57493000E-03  1.60135000E-04  8.60860000E-04
2001-12-04T20:25:30.510  5.38287000E-04  1.50706500E-03 -1.34648000E-04
2001-12-04T20:25:31.506 -1.06420400E-03 -2.50039000E-04 -3.72782000E-04
2001-12-04T20:25:32.513  7.06376000E-04  5.56138000E-04  2.98018000E-04
2001-12-04T20:25:33.506  3.43345000E-04 -1.16680000E-05  7.47564000E-04
2001-12-04T20:25:34.510  4.62638000E-04  1.40446000E-04  9.72319000E-04
2001-12-04T20:25:35.506 -1.04391500E-03  2.23084000E-04 -6.06990000E-04
2001-12-04T20:25:36.510 -6.57041000E-04  9.46232000E-04  1.74273000E-04
2001-12-04T20:25:37.506  7.25367000E-04  5.27212000E-04  1.25940400E-03
2001-12-04T20:25:38.510 -7.04867000E-04 -6.83330000E-05 -4.84114000E-04
2001-12-04T20:25:39.502  1.24744400E-03  2.33358000E-04 -6.96737000E-04
2001-12-04T20:25:40.510 -9.43185000E-04 -9.98994000E-04 -1.76698000E-04
2001-12-04T20:25:41.506  3.98621000E-04  6.75764000E-04  1.94269000E-04
2001-12-04T20:25:42.506 -1.42693000E-03  3.36891000E-04 -8.67538000E-04
2001-12-04T20:25:43.513 -4.88500000E-05  1.28676000E-03  8.26540000E-05
2001-12-04T20:25:44.510  5.17676000E-04 -1.82733000E-04 -5.34267000E-04
2001-12-04T20:25:45.506 -1.91959000E-04 -3.43120000E-05  7.04390000E-05
2001-12-04T20:25:46.510  5.02056000E-04  8.09570000E-05 -4.89507000E-04
2001-12-04T20:25:47.510 -5.89948000E-04 -3.12751000E-04 -5.81595000E-04
2001-12-04T20:25:48.513  7.02234000E-04  1.36280700E-03  6.47793000E-04
2001-12-04T20:25:49.506 -1.27030000E-03  7.53930000E-05 -5.90820000E-04
2001-12-04T20:25:50.510  1.42592000E-04  6.61681000E-04  4.70822000E-04
2001-12-04T20:25:51.506  3.89146000E-04  1.83485000E-04  3.69759000E-04
2001-12-04T20:25:52.510  2.12940000E-05 -2.13908000E-04  8.84087000E-04
2001-12-04T20:25:53.506  7.05162000E-04 -2.51019000E-04  7.00251000E-04
2001-12-04T20:25:54.510 -4.28436000E-04 -5.01442000E-04  2.97860000E-04
2001-12-04T20:25:55.502  4.77006000E-04  1.06743000E-03  4.74774000E-04
2001-12-04T20:25:56.510 -1.51667100E-03  2.76324000E-04  9.32420000E-05
2001-12-04T20:25:57.506 -7.05334000E-04  7.21648000E-04 -1.00174000E-04
2001-12-04T20:25:58.506 -3.16800000E-04  1.68404000E-03 -7.40570000E-04
2001-12-04T20:25:59.513 -8.59998000E-04 -5.72400000E-05 -1.55944000E-04
2001-12-04T20:26:00.510  3.28501000E-04  1.20940800E-03 -8.78520000E-05
2001-12-04T20:26:01.506 -7.89200000E-06  2.85800000E-06 -1.18308200E-03
2001-12-04T20:26:02.510  3.33483000E-04 -2.85384000E-04 -1.31352000E-04
2001-12-04T20:26:03.506  1.48332300E-03  1.62227400E-03  1.20209000E-04
2001-12-04T20:26:04.513 -1.11438100E-03 -7.07445000E-04  4.10089000E-04
2001-12-04T20:26:05.506  3.35003000E-04  5.62369000E-04 -3.70306000E-04
2001-12-04T20:26:06.510  9.48721000E-04  1.24762600E-03 -3.57258000E-04
2001-12-04T20:26:07.506 -9.66112000E-04  3.10430000E-05  9.35818000E-04
2001-12-04T20:26:08.510  1.73899000E-04  8.97352000E-04  7.16591000E-04
2001-12-04T20:26:09.506  5.15469000E-04  1.45172600E-03 -7.07693000E-04
2001-12-04T20:26:10.509 -1.15139500E-03  1.98044000E-04  4.68989000E-04
2001-12-04T20:26:11.502 -2.14316000E-04  1.78295400E-03  6.92848000E-04
2001-12-04T20:26:12.509 -2.60039000E-04  1.22873700E-03  8.73973000E-04
2001-12-04T20:26:13.506 -1.05156600E-03  4.40241000E-04 -2.30236000E-04
2001-12-04T20:26:14.506 -1.08383000E-04  1.39193000E-03  4.18380000E-05
2001-12-04T20:26:15.513  7.18735000E-04  2.26091700E-03  1.16267100E-03
2001-12-04T20:26:16.509 -1.81038400E-03  1.53188000E-04  3.41632000E-04
2001-12-04T20:26:17.506 -5.78735000E-04  1.08956400E-03 -6.34293000E-04
2001-12-04T20:26:18.509  2.13432000E-04  2.14607900E-03  1.22626800E-03
2001-12-04T20:26:19.506 -1.07022400E-03  8.03036000E-04  2.61717000E-04
2001-12-04T20:26:20.513 -1.03478400E-03  4.10150000E-04 -2.16239000E-04
2001-12-04T20:26:21.506  1.42784000E-04  1.56474300E-03 -4.52866000E-04
2001-12-04T20:26:22.509  1.25383600E-03  1.70522200E-03  5.68590000E-04
2001-12-04T20:26:23.506 -4.65950000E-04  2.33252000E-04 -2.47300000E-04
2001-12-04T20:26:24.509 -4.37127000E-04 -3.05405000E-04 -3.48752000E-04
2001-12-04T20:26:25.506 -1.71561000E-04  1.15477300E-03 -2.98148000E-04
2001-12-04T20:26:26.509  1.00403100E-03  1.53487700E-03  1.89455000E-04
2001-12-04T20:26:27.502  9.98100000E-04  2.96101300E-03 -1.62772000E-04
2001-12-04T20:26:28.509 -4.14040000E-05  1.51825700E-03 -2.20310000E-05
2001-12-04T20:26:29.506 -1.19376900E-03  3.80391000E-04 -5.44058000E-04
2001-12-04T20:26:30.506 -3.82026000E-04  6.98626000E-04 -2.73005000E-04
2001-12-04T20:26:31.513  1.41942000E-04  8.27044000E-04  2.84898000E-04
2001-12-04T20:26:32.509 -7.31670000E-05  1.94279200E-03 -3.81856000E-04
2001-12-04T20:26:33.506  1.08106000E-04  2.53978100E-03  1.02212800E-03
2001-12-04T20:26:34.509  1.11601100E-03  2.57671400E-03  1.31501100E-03
2001-12-04T20:26:35.509  1.54778500E-03  2.23492600E-03  1.25565000E-04
2001-12-04T20:26:36.513  3.91982000E-04  2.86007900E-03 -2.01142000E-04
2001-12-04T20:26:37.506  1.14343300E-03  2.87343200E-03  1.47801500E-03
2001-12-04T20:26:38.509  9.38957000E-04  2.50479600E-03  5.41222000E-04
2001-12-04T20:26:39.506 -1.94392000E-04  2.73129700E-03 -1.34636400E-03
2001-12-04T20:26:40.509  1.06568100E-03  2.30927200E-03 -2.82596000E-04
2001-12-04T20:26:41.506  1.24723800E-03  2.96427800E-03 -3.31136000E-04
2001-12-04T20:26:42.509  8.91178000E-04  3.74963000E-03 -6.40140000E-05
2001-12-04T20:26:43.502  8.92610000E-04  3.15852000E-03 -9.97988000E-04
2001-12-04T20:26:44.509  4.13002000E-04  3.51499600E-03 -1.75819000E-04
2001-12-04T20:26:45.506  5.01950000E-04  2.58124000E-03 -1.61534000E-04
2001-12-04T20:26:46.506  3.58000000E-06  2.97562800E-03  9.83710000E-04
2001-12-04T20:26:47.513 -5.57770000E-05  2.59850800E-03 -5.29082000E-04
2001-12-04T20:26:48.509 -7.32867000E-04  2.50943100E-03 -8.77710000E-05
2001-12-04T20:26:49.506 -6.36681000E-04  1.11293100E-03  1.00655800E-03
2001-12-04T20:26:50.517 -3.61097000E-04  3.08805000E-03 -2.46382000E-04
2001-12-04T20:26:51.509  7.93778000E-04  3.18223400E-03  1.34538600E-03
2001-12-04T20:26:52.517  2.60397000E-04  3.39888900E-03 -1.48072000E-04
2001-12-04T20:26:53.506 -8.94559000E-04  3.11114900E-03  4.79369000E-04
2001-12-04T20:26:54.509 -8.53722000E-04  2.95871400E-03  1.42592000E-04
2001-12-04T20:26:55.506  1.23930100E-03  4.22580300E-03 -2.57197000E-04
2001-12-04T20:26:56.509  5.37880000E-05  3.25274000E-03 -1.74230000E-05
2001-12-04T20:26:57.506 -9.55473000E-04  3.05618300E-03 -3.77777000E-04
2001-12-04T20:26:58.509  8.54763000E-04  4.55577700E-03 -6.97693000E-04
2001-12-04T20:26:59.502 -1.87031000E-04  2.71613200E-03  7.10877000E-04
2001-12-04T20:27:00.509 -5.31638000E-04  2.57963900E-03  5.49326000E-04
2001-12-04T20:27:01.506  4.46673000E-04  4.26264200E-03  6.10801000E-04
2001-12-04T20:27:02.506 -9.52624000E-04  3.91292000E-03  9.36780000E-05
2001-12-04T20:27:03.513 -7.15439000E-04  4.10172300E-03  2.70269000E-04
2001-12-04T20:27:04.509  9.01346000E-04  3.52826900E-03  8.83985000E-04
2001-12-04T20:27:05.506 -2.44888000E-04  2.48722000E-03 -4.73185000E-04
2001-12-04T20:27:06.509 -5.87953000E-04  3.59446900E-03  4.99112000E-04
2001-12-04T20:27:07.509  6.50888000E-04  4.57288200E-03  7.88469000E-04
2001-12-04T20:27:08.513  2.51034000E-04  3.10581200E-03  8.89106000E-04
2001-12-04T20:27:09.506 -1.17153900E-03  2.28311900E-03 -7.41659000E-04
2001-12-04T20:27:10.509  4.26084000E-04  4.83590900E-03 -1.20048000E-04
2001-12-04T20:27:11.506 -7.52979000E-04  4.14642600E-03 -2.79088000E-04
2001-12-04T20:27:12.509 -3.60225000E-04  2.93956600E-03  2.67404000E-04
2001-12-04T20:27:13.506  2.91297000E-04  4.39355600E-03  1.64087000E-04
2001-12-04T20:27:14.509 -8.28999000E-04  4.40985200E-03 -4.88485000E-04
2001-12-04T20:27:15.502 -7.84708000E-04  5.18988100E-03  9.25410000E-04
2001-12-04T20:27:16.509  5.81204000E-04  6.01993700E-03  1.14674500E-03
2001-12-04T20:27:17.506 -9.35536000E-04  4.60716900E-03 -4.95247000E-04
2001-12-04T20:27:18.506  4.28088000E-04  5.52619700E-03 -8.01524000E-04
2001-12-04T20:27:19.513  4.72901000E-04  5.33320800E-03  1.09997100E-03
2001-12-04T20:27:20.509 -1.68656500E-03  4.91297500E-03 -1.08615000E-04
2001-12-04T20:27:21.505 -8.47302000E-04  5.63989900E-03  1.05459000E-04
2001-12-04T20:27:22.509 -9.26927000E-04  5.88775100E-03 -1.63443000E-04
2001-12-04T20:27:23.509 -7.99080000E-04  5.77183000E-03 -4.74190000E-04
2001-12-04T20:27:24.513 -4.89530000E-05  5.79099000E-03 -1.02894400E-03
2001-12-04T20:27:25.505 -6.34716000E-04  6.47484700E-03  1.04274000E-04
2001-12-04T20:27:26.509 -5.18155000E-04  6.17983300E-03  6.19336000E-04
2001-12-04T20:27:27.505 -5.66291000E-04  5.93766100E-03 -9.46650000E-05
2001-12-04T20:27:28.509 -8.25030000E-04  6.13207600E-03  4.26614000E-04
2001-12-04T20:27:29.505 -6.38250000E-04  5.93327000E-03  3.46425000E-04
2001-12-04T20:27:30.509 -1.33487500E-03  6.55619400E-03  1.00571900E-03
2001-12-04T20:27:31.502 -8.67037000E-04  6.42407000E-03 -1.08627000E-04
2001-12-04T20:27:32.509  1.90683000E-04  7.78482000E-03  3.03966000E-04
2001-12-04T20:27:33.505  1.11635600E-03  7.31683200E-03  6.20465000E-04
2001-12-04T20:27:34.505  6.59354000E-04  7.61384600E-03  4.10342000E-04
2001-12-04T20:27:35.513  4.68574000E-04  6.16554500E-03  3.48310000E-05
2001-12-04T20:27:36.509 -1.25393800E-03  5.48165400E-03 -1.77510000E-04
2001-12-04T20:27:37.505 -1.72235000E-03  5.19420900E-03  5.23236000E-04
2001-12-04T20:27:38.509 -1.64593400E-03  5.00136200E-03  6.80181000E-04
2001-12-04T20:27:39.505 -1.20437700E-03  5.03161400E-03 -6.16820000E-04
2001-12-04T20:27:40.513 -6.46718000E-04  6.80752500E-03 -1.02640800E-03
2001-12-04T20:27:41.509 -2.96980000E-04  9.22453800E-03  1.05186000E-04
2001-12-04T20:27:42.509 -1.60340600E-03  7.28852600E-03  1.26261100E-03
2001-12-04T20:27:43.505 -1.04747900E-03  6.16258100E-03  2.82213000E-04
2001-12-04T20:27:44.509  8.57344000E-04  8.54900600E-03 -3.01081000E-04
2001-12-04T20:27:45.505 -1.45196600E-03  6.88803600E-03  1.49028400E-03
2001-12-04T20:27:46.509  4.12873000E-04  8.27433100E-03  4.65301000E-04
2001-12-04T20:27:47.502  9.50360000E-05  7.81884100E-03  7.99859000E-04
2001-12-04T20:27:48.509 -8.10868000E-04  6.17343000E-03  3.02079000E-04
2001-12-04T20:27:49.505  7.65116000E-04  6.65803100E-03 -1.55839000E-04
2001-12-04T20:27:50.505 -1.20552000E-03  6.05918700E-03 -2.64056000E-04
2001-12-04T20:27:51.513 -5.03141000E-04  5.40759600E-03 -1.77927000E-04
2001-12-04T20:27:52.509 -1.55985300E-03  5.13492600E-03  5.43003000E-04
2001-12-04T20:27:53.505 -8.80308000E-04  5.26793700E-03  4.67010000E-05
2001-12-04T20:27:54.509 -6.99637000E-04  5.34397800E-03 -5.37237000E-04
2001-12-04T20:27:55.509  4.43830000E-04  5.71246200E-03 -8.45162000E-04
2001-12-04T20:27:56.513 -4.69015000E-04  6.85897600E-03  6.36932000E-04
2001-12-04T20:27:57.505 -2.05281000E-04  6.42576800E-03  8.05619000E-04
2001-12-04T20:27:58.509  9.65520000E-05  6.29600100E-03 -6.73574000E-04
2001-12-04T20:27:59.505 -1.21065400E-03  7.08382800E-03 -3.58715000E-04
2001-12-04T20:28:00.509 -1.09943500E-03  6.02931700E-03  9.14830000E-04
2001-12-04T20:28:01.505 -1.89990000E-05  7.85249800E-03 -3.48534000E-04
2001-12-04T20:28:02.509  1.11396300E-03  7.60414400E-03  5.01173000E-04
2001-12-04T20:28:03.502 -1.12943000E-04  7.85608100E-03  6.42890000E-04
2001-12-04T20:28:04.509  4.95864000E-04  1.05065780E-02  8.46675000E-04
2001-12-04T20:28:05.505 -1.58760400E-03  8.03153600E-03  7.74724000E-04
2001-12-04T20:28:06.505  3.08490000E-05  8.55526000E-03 -2.22293000E-04
2001-12-04T20:28:07.513 -1.42074000E-03  7.57587100E-03  6.34346000E-04
2001-12-04T20:28:08.509  1.34343000E-03  1.09437560E-02  7.01559000E-04
2001-12-04T20:28:09.505  6.22490000E-05  1.23779180E-02  1.77830000E-04
2001-12-04T20:28:10.509 -1.05431200E-03  1.13348790E-02  8.14060000E-05
2001-12-04T20:28:11.505  1.00467100E-03  1.42003340E-02  9.52373000E-04
2001-12-04T20:28:12.513 -6.15632000E-04  1.09777240E-02  1.00765000E-04
2001-12-04T20:28:13.505 -5.63931000E-04  6.98002700E-03 -4.76450000E-05
2001-12-04T20:28:14.509  5.45379000E-04  1.33477180E-02  6.85190000E-04
2001-12-04T20:28:15.505 -1.64737200E-03  1.28885870E-02 -2.83110000E-05
2001-12-04T20:28:16.509 -1.73985100E-03  1.01596240E-02  2.46631000E-04
2001-12-04T20:28:17.505 -1.71128100E-03  6.00999300E-03  3.31775000E-04
2001-12-04T20:28:18.509 -9.73554000E-04  9.95484700E-03  9.68604000E-04
2001-12-04T20:28:19.502 -5.64529000E-04  1.09435660E-02  8.20570000E-04
2001-12-04T20:28:20.509  8.48397000E-04  1.32857070E-02  1.47000000E-06
2001-12-04T20:28:21.505  4.09004000E-04  8.22490200E-03 -2.61749000E-04
2001-12-04T20:28:22.505  1.09361100E-03  1.01149280E-02 -2.19610000E-05
2001-12-04T20:28:23.513 -6.30123000E-04  9.71212300E-03  1.12494300E-03
2001-12-04T20:28:24.509  7.21184000E-04  8.94678000E-03 -9.06160000E-05
2001-12-04T20:28:25.505 -1.22118900E-03  9.44384100E-03 -4.38100000E-05
2001-12-04T20:28:26.509 -1.09649800E-03  9.84375400E-03  1.81088700E-03
2001-12-04T20:28:27.509 -1.72961000E-04  9.49861800E-03  1.76687000E-04
2001-12-04T20:28:28.513  2.57965000E-04  1.02026020E-02 -1.96575000E-04
2001-12-04T20:28:29.505  9.59383000E-04  1.08914810E-02  1.15186700E-03
2001-12-04T20:28:30.509  8.57677000E-04  1.12284880E-02  6.99795000E-04
2001-12-04T20:28:31.505  6.41709000E-04  1.16866990E-02  2.34927000E-04
2001-12-04T20:28:32.509 -1.15180400E-03  1.13735310E-02 -1.00414800E-03
2001-12-04T20:28:33.505  1.52170000E-04  1.38046440E-02  5.06388000E-04
2001-12-04T20:28:34.509  7.32046000E-04  1.43759480E-02  2.48215000E-04
2001-12-04T20:28:35.501  1.30480000E-04  1.31273540E-02 -1.66289000E-04
2001-12-04T20:28:36.509 -4.45699000E-04  1.11563760E-02  3.10732000E-04
2001-12-04T20:28:37.505 -2.04759000E-03  1.07920240E-02  4.52006000E-04
2001-12-04T20:28:38.505 -8.03943000E-04  1.12027180E-02  1.01081500E-03
2001-12-04T20:28:39.513  3.71002000E-04  1.25976460E-02 -9.22940000E-05
2001-12-04T20:28:40.509 -1.00749900E-03  1.19553550E-02  8.83779000E-04
2001-12-04T20:28:41.505 -1.69756200E-03  1.03751790E-02  2.64969000E-04
2001-12-04T20:28:42.509  2.61263000E-04  1.37354720E-02  2.20872000E-04
2001-12-04T20:28:43.509  8.17740000E-05  1.47468920E-02 -2.48180000E-04
2001-12-04T20:28:44.513  1.19387400E-03  1.43238590E-02  8.75419000E-04
2001-12-04T20:28:45.505 -1.67130400E-03  1.24330880E-02  7.57104000E-04
2001-12-04T20:28:46.509  7.31500000E-04  1.32518220E-02  1.63904000E-04
2001-12-04T20:28:47.505  5.65104000E-04  1.42765440E-02 -1.53295000E-04
2001-12-04T20:28:48.509 -2.01436900E-03  1.27136820E-02  4.23922000E-04
2001-12-04T20:28:49.505  5.53029000E-04  1.33367800E-02  1.15034100E-03
2001-12-04T20:28:50.509 -4.06096000E-04  1.34639310E-02 -3.06657000E-04
2001-12-04T20:28:51.501 -1.24892200E-03  1.28369490E-02  3.51578000E-04
2001-12-04T20:28:52.509 -7.43964000E-04  1.41348540E-02  8.68928000E-04
2001-12-04T20:28:53.505 -1.45211000E-04  1.58878620E-02  1.23545500E-03
2001-12-04T20:28:54.505 -1.12875000E-03  1.41858110E-02  4.13303000E-04
2001-12-04T20:28:55.513 -1.26731000E-04  1.44037580E-02  3.10908000E-04
2001-12-04T20:28:56.509 -1.83773000E-04  1.77518970E-02  1.51008800E-03
2001-12-04T20:28:57.505 -1.90501600E-03  1.47284390E-02  7.91490000E-04
2001-12-04T20:28:58.513 -6.06556000E-04  1.52578110E-02 -2.21191000E-04
2001-12-04T20:28:59.509  4.82121000E-04  1.64622960E-02 -4.36160000E-05
2001-12-04T20:29:00.513  4.98196000E-04  1.65584480E-02  7.54333000E-04
2001-12-04T20:29:01.505 -1.40111800E-03  1.52515910E-02  1.52627400E-03
2001-12-04T20:29:02.509  2.73655000E-04  1.82364710E-02  7.32719000E-04
2001-12-04T20:29:03.505  5.98128000E-04  1.89841520E-02  5.99828000E-04
2001-12-04T20:29:04.509 -1.98549400E-03  1.63375880E-02  6.59098000E-04
2001-12-04T20:29:05.505  3.10675000E-04  1.83923560E-02  4.46525000E-04
2001-12-04T20:29:06.509 -2.50647100E-03  1.60118790E-02  8.84855000E-04
2001-12-04T20:29:07.501  2.51155000E-04  1.77371280E-02  1.11492800E-03
2001-12-04T20:29:08.509  7.46615000E-04  1.59467310E-02 -2.55269000E-04
2001-12-04T20:29:09.505 -5.69352000E-04  1.74843520E-02  1.45186000E-04
2001-12-04T20:29:10.505 -2.26167000E-03  1.51928010E-02  9.34473000E-04
2001-12-04T20:29:11.513  2.04182000E-04  1.82518880E-02  1.21941000E-03
2001-12-04T20:29:12.509 -1.38340700E-03  1.58417780E-02 -5.70651000E-04
2001-12-04T20:29:13.505 -2.59115000E-04  1.73182620E-02  3.68754000E-04
2001-12-04T20:29:14.509 -1.14795000E-03  1.78994930E-02  1.38011700E-03
2001-12-04T20:29:15.509  7.21500000E-06  1.90457530E-02  2.16211500E-03
2001-12-04T20:29:16.513 -2.83358000E-04  1.96761730E-02 -4.76524000E-04
2001-12-04T20:29:17.505 -1.36314300E-03  1.74683460E-02  3.90738000E-04
2001-12-04T20:29:18.509 -1.92193300E-03  1.77433790E-02  1.37581800E-03
2001-12-04T20:29:19.505 -4.03490000E-04  1.88926350E-02  6.88370000E-05
2001-12-04T20:29:20.509  1.97314000E-04  1.88134690E-02  9.59260000E-05
2001-12-04T20:29:21.505 -2.23810600E-03  1.55722890E-02  2.97376000E-04
2001-12-04T20:29:22.509  9.01230000E-05  1.76033750E-02  9.26263000E-04
2001-12-04T20:29:23.501  3.71843000E-04  1.71762110E-02  6.56000000E-05
2001-12-04T20:29:24.509 -1.91182300E-03  1.60684660E-02  3.65205000E-04
2001-12-04T20:29:25.505  1.58669000E-04  1.84749160E-02  9.92615000E-04
2001-12-04T20:29:26.505  2.38879000E-04  1.90824960E-02  3.38713000E-04
2001-12-04T20:29:27.513 -4.32223000E-04  1.62767770E-02  3.59583000E-04
2001-12-04T20:29:28.509  6.93044000E-04  1.67309960E-02  3.13455000E-04
2001-12-04T20:29:29.505 -1.51934400E-03  1.38241160E-02  1.17348700E-03
2001-12-04T20:29:30.509 -1.46456600E-03  1.51366870E-02  8.36762000E-04
2001-12-04T20:29:31.509  5.40032000E-04  1.79263430E-02  5.87228000E-04
2001-12-04T20:29:32.513 -9.44220000E-04  1.20538770E-02  9.12098000E-04
2001-12-04T20:29:33.505 -1.15846700E-03  1.41766110E-02  1.08412700E-03
2001-12-04T20:29:34.509  1.94354000E-04  1.52965630E-02  2.36760000E-05
2001-12-04T20:29:35.505 -1.91090100E-03  1.34179810E-02  2.79677000E-04
2001-12-04T20:29:36.509 -3.73770000E-04  1.40175420E-02  1.01845500E-03
2001-12-04T20:29:37.505  7.88706000E-04  1.45200170E-02  1.59393200E-03
2001-12-04T20:29:38.509 -1.00915600E-03  1.26681820E-02 -2.49794000E-04
2001-12-04T20:29:39.501 -4.99930000E-05  1.43139850E-02 -2.36100000E-05
2001-12-04T20:29:40.509  1.19108300E-03  1.48246080E-02 -2.60307000E-04
2001-12-04T20:29:41.505 -1.11992400E-03  1.27120850E-02  6.59487000E-04
2001-12-04T20:29:42.505  1.39546600E-03  1.35260270E-02  4.02020000E-04
2001-12-04T20:29:43.513  3.32900000E-04  1.15779050E-02  3.11871000E-04
2001-12-04T20:29:44.509 -2.27365000E-04  1.14451380E-02  1.35129400E-03
2001-12-04T20:29:45.505 -8.46181000E-04  1.07931330E-02  6.90610000E-05
2001-12-04T20:29:46.509 -1.12081000E-03  1.05104910E-02 -3.39510000E-05
2001-12-04T20:29:47.509 -7.31827000E-04  1.14565580E-02  1.10063400E-03
2001-12-04T20:29:48.513  2.10739000E-04  1.30783140E-02  1.03145500E-03
2001-12-04T20:29:49.505  4.99563000E-04  1.13827490E-02  5.13566000E-04
2001-12-04T20:29:50.509  9.96024000E-04  1.18740100E-02  9.91020000E-05
2001-12-04T20:29:51.505  5.10071000E-04  1.06298230E-02  5.30393000E-04
2001-12-04T20:29:52.509 -1.16648500E-03  8.72200300E-03  1.73554000E-04
2001-12-04T20:29:53.505 -8.08847000E-04  1.02615530E-02 -8.20580000E-05
2001-12-04T20:29:54.509  7.36645000E-04  1.04501280E-02  2.33220000E-05
2001-12-04T20:29:55.501 -1.25306800E-03  8.80805500E-03  5.75460000E-04
2001-12-04T20:29:56.509 -4.33990000E-04  9.46484700E-03  5.64777000E-04
2001-12-04T20:29:57.505  1.57706700E-03  9.95751900E-03 -2.76386000E-04
2001-12-04T20:29:58.505 -6.77590000E-04  8.25087000E-03  5.06185000E-04
2001-12-04T20:29:59.513 -8.92799000E-04  8.92640500E-03 -3.97421000E-04
2001-12-04T20:30:00.509 -3.37506000E-04  1.08150250E-02  9.11100000E-05
2001-12-04T20:30:01.505  8.41927000E-04  1.02752620E-02 -1.93273000E-04
2001-12-04T20:30:02.509 -1.08852600E-03  9.16683900E-03 -3.25820000E-05
2001-12-04T20:30:03.509 -7.29371000E-04  9.22652200E-03  7.12417000E-04
2001-12-04T20:30:04.517 -1.76663100E-03  6.56134200E-03 -8.02473000E-04
2001-12-04T20:30:05.505  9.20967000E-04  8.84928000E-03 -7.61469000E-04
2001-12-04T20:30:06.509  5.50037000E-04  8.27378100E-03  8.57979000E-04
2001-12-04T20:30:07.505  1.63255000E-04  7.26642200E-03  5.84310000E-04
2001-12-04T20:30:08.509  8.11700000E-05  6.17282000E-03 -3.51660000E-05
2001-12-04T20:30:09.505 -1.68619300E-03  6.78145400E-03  3.68100000E-05
2001-12-04T20:30:10.509 -1.47822400E-03  5.93313500E-03  1.56217400E-03
2001-12-04T20:30:11.501 -1.94321000E-04  6.54597000E-03 -1.85553000E-04
2001-12-04T20:30:12.509 -1.20983700E-03  6.27918200E-03 -8.07920000E-04
2001-12-04T20:30:13.505 -1.10802500E-03  5.07191100E-03  7.37986000E-04
2001-12-04T20:30:14.505 -7.26567000E-04  6.42572300E-03  6.73204000E-04
2001-12-04T20:30:15.513 -1.23808500E-03  6.30443600E-03 -1.09295900E-03
2001-12-04T20:30:16.509 -6.13204000E-04  4.53323200E-03 -9.94754000E-04
2001-12-04T20:30:17.505 -1.07364800E-03  5.52235300E-03  1.59613000E-04
2001-12-04T20:30:18.509 -3.27163000E-04  6.26221300E-03  8.62705000E-04
2001-12-04T20:30:19.509  1.24638200E-03  6.42499300E-03 -4.10317000E-04
2001-12-04T20:30:20.513 -4.30033000E-04  4.67702500E-03 -9.27081000E-04
2001-12-04T20:30:21.505 -6.97798000E-04  4.91185300E-03 -2.16249000E-04
2001-12-04T20:30:22.509  8.25146000E-04  5.09132600E-03  1.03796700E-03
2001-12-04T20:30:23.505 -2.18100000E-05  4.00132000E-03 -7.23153000E-04
2001-12-04T20:30:24.509 -6.73350000E-05  3.31891900E-03 -1.21769000E-04
2001-12-04T20:30:25.505  9.18071000E-04  4.03710700E-03  1.87200600E-03
2001-12-04T20:30:26.509 -9.73494000E-04  3.54654400E-03  3.83184000E-04
2001-12-04T20:30:27.501 -4.59194000E-04  3.76193700E-03 -7.76000000E-05
2001-12-04T20:30:28.509  2.18751000E-04  4.34586500E-03 -6.44167000E-04
2001-12-04T20:30:29.505 -3.16531000E-04  1.95389700E-03 -1.81953000E-04
2001-12-04T20:30:30.505 -1.68206600E-03  2.36749500E-03  1.47085000E-04
2001-12-04T20:30:31.513  8.18219000E-04  3.31157100E-03 -8.06850000E-04
2001-12-04T20:30:32.509 -1.21589000E-04  3.27997200E-03 -5.61836000E-04
2001-12-04T20:30:33.505  1.54452500E-03  2.22061800E-03 -5.98072000E-04
2001-12-04T20:30:34.509  9.60880000E-04  2.68212800E-03 -4.53030000E-05
2001-12-04T20:30:35.509  7.53803000E-04  3.18956400E-03 -6.37088000E-04
2001-12-04T20:30:36.513  1.19399200E-03  2.48754800E-03  5.50602000E-04
2001-12-04T20:30:37.505  4.03550000E-05  3.35698300E-03 -6.46640000E-04
2001-12-04T20:30:38.509  1.26689000E-03  2.94238000E-03 -1.24036000E-04
2001-12-04T20:30:39.505  7.90157000E-04  2.17433400E-03  2.27842000E-04
2001-12-04T20:30:40.509  2.79940000E-04  3.30954700E-03 -3.14258000E-04
2001-12-04T20:30:41.505  1.43326900E-03  2.43497300E-03  1.05562000E-04
2001-12-04T20:30:42.509 -1.07360000E-05  3.24042500E-03 -9.11386000E-04
2001-12-04T20:30:43.501  4.22703000E-04  2.79126900E-03  3.70212000E-04
2001-12-04T20:30:44.509  9.47685000E-04  2.25470500E-03  6.33367000E-04
2001-12-04T20:30:45.505  1.12355300E-03  3.27563700E-03 -7.43151000E-04
2001-12-04T20:30:46.505 -1.46056000E-04  3.24817300E-03 -1.34774000E-04
2001-12-04T20:30:47.513  6.93383000E-04  1.53270500E-03  9.52298000E-04
2001-12-04T20:30:48.509  1.94813000E-04  9.85009000E-04  8.82945000E-04
2001-12-04T20:30:49.505 -8.11841000E-04  9.80334000E-04  4.00330000E-05
2001-12-04T20:30:50.509 -1.11043500E-03  1.08151000E-03 -7.48280000E-05
2001-12-04T20:30:51.509 -5.23569000E-04  1.28493300E-03  6.66420000E-04
2001-12-04T20:30:52.513  8.31462000E-04  1.32132700E-03  4.55083000E-04
2001-12-04T20:30:53.505  1.16938600E-03  1.68196200E-03 -7.95620000E-04
2001-12-04T20:30:54.509  8.38892000E-04  1.60408600E-03  3.41910000E-04
2001-12-04T20:30:55.505 -6.02913000E-04  6.83201000E-04  1.11164900E-03
2001-12-04T20:30:56.509 -1.01691200E-03  1.29597300E-03 -2.63816000E-04
2001-12-04T20:30:57.505 -1.41905000E-04  1.79834700E-03  1.17489000E-04
2001-12-04T20:30:58.509  9.90970000E-05  2.55052000E-03 -1.21872000E-04
2001-12-04T20:30:59.501 -6.05582000E-04  8.49416000E-04  2.38061000E-04
2001-12-04T20:31:00.509 -5.95037000E-04  2.71962000E-04 -6.89958000E-04
2001-12-04T20:31:01.505  7.50141000E-04  1.34827500E-03 -7.97118000E-04
2001-12-04T20:31:02.505 -2.15137000E-04  7.18522000E-04  1.95199000E-04
2001-12-04T20:31:03.513 -1.03795100E-03 -1.86574000E-04  8.82280000E-05
2001-12-04T20:31:04.509  7.31790000E-04  9.66369000E-04 -3.50072000E-04
2001-12-04T20:31:05.505  5.50558000E-04  1.66467700E-03 -1.07233200E-03
2001-12-04T20:31:06.615 -9.96606000E-04  5.42512000E-04  2.79351000E-04
2001-12-04T20:31:07.509 -2.34991000E-04  1.25543300E-03  8.10509000E-04
2001-12-04T20:31:08.513 -7.51100000E-06  1.31898900E-03 -1.32445000E-04
2001-12-04T20:31:09.505 -1.46349400E-03  5.01598000E-04 -1.08729400E-03
2001-12-04T20:31:10.509 -5.05906000E-04  1.85914900E-03  2.85886000E-04
2001-12-04T20:31:11.505  2.36103000E-04  1.48264600E-03 -8.24559000E-04
2001-12-04T20:31:12.509 -9.24489000E-04  5.41689000E-04 -5.47510000E-04
2001-12-04T20:31:13.505  1.42251400E-03  1.29887500E-03 -1.32735300E-03
2001-12-04T20:31:14.509 -4.49981000E-04 -1.01676000E-04  4.35857000E-04
2001-12-04T20:31:15.501  4.27395000E-04 -9.02590000E-05  6.55239000E-04
2001-12-04T20:31:16.509  8.59773000E-04  4.79854000E-04 -9.37511000E-04
2001-12-04T20:31:17.505 -3.41885000E-04 -4.09222000E-04 -3.92805000E-04
2001-12-04T20:31:18.505  1.22294600E-03  5.86485000E-04  3.15389000E-04
2001-12-04T20:31:19.513  1.58056000E-04  2.80874000E-04  4.92191000E-04
2001-12-04T20:31:20.509 -3.90487000E-04  1.90808000E-04 -9.80907000E-04
2001-12-04T20:31:21.505  5.48416000E-04  1.48779300E-03 -8.46279000E-04
2001-12-04T20:31:22.509 -1.70324900E-03  2.94896000E-04  5.66359000E-04
2001-12-04T20:31:23.505  4.53806000E-04  1.15024500E-03  1.51593000E-04
2001-12-04T20:31:24.513 -8.21728000E-04 -6.04057000E-04 -4.99862000E-04
2001-12-04T20:31:25.505  8.70518000E-04 -6.68573000E-04 -1.25582000E-04
2001-12-04T20:31:26.509  7.96245000E-04  2.44760000E-05  5.09328000E-04
2001-12-04T20:31:27.505 -2.78104000E-04 -6.22449000E-04  3.50800000E-06
2001-12-04T20:31:28.509  7.80356000E-04  1.54477800E-03 -5.08156000E-04
2001-12-04T20:31:29.505 -1.32977200E-03  7.73020000E-05  3.12875000E-04
2001-12-04T20:31:30.509  2.18021000E-04  1.17548000E-03  4.03986000E-04
2001-12-04T20:31:31.501 -2.39626000E-04 -1.08510000E-04 -1.12460400E-03
2001-12-04T20:31:32.509  5.57558000E-04  2.59280000E-05  4.84272000E-04
2001-12-04T20:31:33.505 -1.08104000E-04 -4.20806000E-04 -5.25249000E-04
2001-12-04T20:31:34.505 -3.42264000E-04 -2.68528000E-04 -6.19766000E-04
2001-12-04T20:31:35.513 -2.72100000E-06  7.74004000E-04  4.53355000E-04
2001-12-04T20:31:36.509 -8.30647000E-04  1.94700000E-05 -4.14628000E-04
2001-12-04T20:31:37.505  7.21091000E-04  6.63355000E-04  3.09358000E-04
2001-12-04T20:31:38.509 -6.06054000E-04 -1.18131200E-03  2.41733000E-04
2001-12-04T20:31:39.505  1.22150200E-03  2.53980000E-04 -2.53726000E-04
2001-12-04T20:31:40.513 -7.10416000E-04 -9.17845000E-04 -3.25690000E-05
2001-12-04T20:31:41.505  2.98089000E-04  7.59561000E-04  1.06666900E-03
2001-12-04T20:31:42.509 -5.14919000E-04  8.84219000E-04 -2.01256000E-04
2001-12-04T20:31:43.505 -5.22864000E-04  7.15926000E-04 -8.03420000E-04
2001-12-04T20:31:44.509  3.62365000E-04  6.91870000E-05  5.39848000E-04
2001-12-04T20:31:45.505 -1.82437000E-04 -4.47819000E-04 -1.38750000E-04
2001-12-04T20:31:46.509  1.58260700E-03  3.85003000E-04 -5.11641000E-04
2001-12-04T20:31:47.501 -8.56399000E-04 -3.77675000E-04 -2.00528000E-04
2001-12-04T20:31:48.509  2.08860000E-05  1.20155900E-03 -6.93679000E-04
2001-12-04T20:31:49.505 -1.45348000E-03 -2.93402000E-04  1.34544000E-04
2001-12-04T20:31:50.505  6.80092000E-04  7.08970000E-04 -3.83020000E-05
2001-12-04T20:31:51.513 -7.72560000E-04 -6.48020000E-04 -7.16668000E-04
2001-12-04T20:31:52.509  4.50527000E-04  2.46630000E-04 -4.63688000E-04
2001-12-04T20:31:53.505  1.44514000E-04  1.39914000E-04  5.72449000E-04
2001-12-04T20:31:54.509 -7.01764000E-04  8.95475000E-04 -3.50906000E-04
2001-12-04T20:31:55.505 -3.72168000E-04  1.23054000E-04 -4.90157000E-04
2001-12-04T20:31:56.513 -9.18980000E-05 -2.87880000E-05  5.71910000E-05
2001-12-04T20:31:57.505  1.14118000E-03 -3.86575000E-04 -4.17150000E-05
2001-12-04T20:31:58.509 -2.36141000E-04 -3.08576000E-04 -5.84634000E-04
2001-12-04T20:31:59.505  4.51713000E-04  1.29147800E-03  7.14060000E-04
2001-12-04T20:32:00.509 -1.22534700E-03  1.52539000E-04  7.93409000E-04
2001-12-04T20:32:01.505  2.81817000E-04  1.15558200E-03  2.88696000E-04
2001-12-04T20:32:02.509 -3.46194000E-04 -7.71857000E-04  9.18384000E-04
2001-12-04T20:32:03.501  8.65021000E-04  2.88830000E-05  3.33686000E-04
2001-12-04T20:32:04.509 -9.29111000E-04 -6.93129000E-04  5.15147000E-04
2001-12-04T20:32:05.505  4.67773000E-04  1.47292900E-03  1.08038000E-03
2001-12-04T20:32:06.505 -1.05685400E-03  7.76200000E-05 -4.37166000E-04
2001-12-04T20:32:07.513  7.20798000E-04  3.46270000E-04 -8.50817000E-04
2001-12-04T20:32:08.509 -2.26512000E-04 -9.69674000E-04  5.40704000E-04
2001-12-04T20:32:09.505  1.88841000E-04  6.17210000E-05  1.27089000E-04
2001-12-04T20:32:10.509 -1.00767300E-03 -4.73321000E-04 -3.10825000E-04
2001-12-04T20:32:11.505 -2.63869000E-04  5.36513000E-04  9.71770000E-05
2001-12-04T20:32:12.513 -3.65738000E-04 -3.85318000E-04  1.02248700E-03
2001-12-04T20:32:13.505  3.79070000E-04 -5.01893000E-04 -6.09750000E-05
2001-12-04T20:32:14.509  1.76200000E-06  1.11632000E-04  4.14020000E-04
2001-12-04T20:32:15.505 -3.90597000E-04 -6.09950000E-05 -8.92090000E-05
2001-12-04T20:32:16.509  3.08000000E-05  1.61191100E-03  6.47267000E-04
2001-12-04T20:32:17.505 -5.47391000E-04 -1.96325000E-04  8.01886000E-04
2001-12-04T20:32:18.509  2.02931000E-04 -1.21591000E-04 -7.42475000E-04
2001-12-04T20:32:19.501  4.53500000E-06 -1.36061200E-03 -4.09550000E-05
2001-12-04T20:32:20.509  8.26732000E-04  9.61120000E-04  5.04847000E-04
2001-12-04T20:32:21.505 -1.57902900E-03  2.79000000E-04 -7.67500000E-05
2001-12-04T20:32:22.505  1.02399700E-03  1.03746800E-03 -5.64217000E-04
2001-12-04T20:32:23.513  7.45030000E-05  2.36460000E-05 -1.28149200E-03
2001-12-04T20:32:24.509  1.23228700E-03  2.06696000E-04 -2.25737000E-04
2001-12-04T20:32:25.505 -9.93829000E-04 -5.34362000E-04 -2.50817000E-04
2001-12-04T20:32:26.509 -1.53295000E-04  7.17694000E-04 -8.71107000E-04
2001-12-04T20:32:27.509 -1.09641500E-03  4.45912000E-04  5.05479000E-04
2001-12-04T20:32:28.513  7.21550000E-05  8.84626000E-04  3.95380000E-05
2001-12-04T20:32:29.505 -7.72320000E-05 -4.91200000E-04  6.26800000E-06
2001-12-04T20:32:30.509  6.15455000E-04 -4.46888000E-04 -1.89856000E-04
2001-12-04T20:32:31.505  2.88764000E-04  5.84932000E-04  4.40730000E-05
2001-12-04T20:32:32.509  1.97870000E-05  1.91507000E-04  8.47716000E-04
2001-12-04T20:32:33.505  3.75932000E-04  6.75829000E-04 -4.75325000E-04
2001-12-04T20:32:34.509 -5.78300000E-05 -6.14113000E-04 -8.69775000E-04
2001-12-04T20:32:35.501  9.27324000E-04  2.87929000E-04 -2.01784000E-04
2001-12-04T20:32:36.509 -8.44950000E-04 -3.89033000E-04  5.70292000E-04
2001-12-04T20:32:37.505  4.47317000E-04  1.03252600E-03 -4.55883000E-04
2001-12-04T20:32:38.505 -1.22511800E-03 -4.57951000E-04  5.95350000E-05
2001-12-04T20:32:39.513  6.78641000E-04  6.51696000E-04 -6.17668000E-04
2001-12-04T20:32:40.509 -4.82108000E-04 -1.39338000E-03  6.83111000E-04
2001-12-04T20:32:41.505  1.37490900E-03  6.32670000E-04 -4.25270000E-04
2001-12-04T20:32:42.509 -1.13684200E-03 -3.90913000E-04 -4.82392000E-04
2001-12-04T20:32:43.509  2.31638000E-04  1.43785300E-03  4.82550000E-05
2001-12-04T20:32:44.513 -1.17646200E-03 -3.22970000E-04  4.24856000E-04
2001-12-04T20:32:45.505  9.68818000E-04  5.27127000E-04 -6.27690000E-05
2001-12-04T20:32:46.509 -1.10140600E-03 -6.36375000E-04 -1.10649000E-03
2001-12-04T20:32:47.505  5.02575000E-04  6.38534000E-04  2.18740000E-05
2001-12-04T20:32:48.509 -1.80602300E-03  2.31310000E-04  3.10170000E-04
2001-12-04T20:32:49.505 -7.71220000E-05  7.06324000E-04 -4.29972000E-04
2001-12-04T20:32:50.509  7.58890000E-05 -1.03750900E-03 -8.13716000E-04
2001-12-04T20:32:51.501  4.03235000E-04 -1.33402000E-04  6.17996000E-04
2001-12-04T20:32:52.509 -9.37531000E-04 -2.24613000E-04  2.48080000E-04
2001-12-04T20:32:53.505 -4.98248000E-04  8.00361000E-04 -8.93859000E-04
2001-12-04T20:32:54.505 -5.47483000E-04  5.38380000E-05 -6.23819000E-04
2001-12-04T20:32:55.513  2.52939000E-04 -6.47698000E-04 -2.86838000E-04
2001-12-04T20:32:56.509  8.92329000E-04 -1.57700000E-05 -1.29550000E-05
2001-12-04T20:32:57.505 -5.74141000E-04 -4.78220000E-04  2.35920000E-05
2001-12-04T20:32:58.509 -1.93775000E-04  1.32601400E-03 -6.23153000E-04
2001-12-04T20:32:59.505 -1.12126500E-03 -5.48653000E-04  9.83534000E-04
2001-12-04T20:33:00.513  1.24133000E-03  6.97015000E-04  5.87606000E-04
2001-12-04T20:33:01.505 -7.54808000E-04 -1.29366000E-03 -4.11825000E-04
2001-12-04T20:33:02.509  8.74615000E-04  5.61213000E-04  1.14971000E-04
2001-12-04T20:33:03.505 -1.18741100E-03 -2.81016000E-04  6.67058000E-04
2001-12-04T20:33:04.509  4.66863000E-04  1.25037300E-03 -3.94304000E-04
2001-12-04T20:33:05.505 -8.62481000E-04 -6.28845000E-04  2.79750000E-05
2001-12-04T20:33:06.509  1.12146100E-03 -1.14234000E-04 -4.61356000E-04
2001-12-04T20:33:07.501 -6.47008000E-04 -1.13386000E-03  1.24078000E-04
2001-12-04T20:33:08.509  2.52030000E-04  9.80019000E-04  6.96940000E-05
2001-12-04T20:33:09.505 -1.57560500E-03 -7.50770000E-05  1.45930000E-04
2001-12-04T20:33:10.505  2.79958000E-04  4.26062000E-04 -2.13000000E-06
2001-12-04T20:33:11.513 -4.37495000E-04 -1.46906200E-03  5.14924000E-04
2001-12-04T20:33:12.509  7.33984000E-04  2.54147000E-04  6.38251000E-04
2001-12-04T20:33:13.505 -1.21684400E-03 -1.65581000E-04 -3.69024000E-04
2001-12-04T20:33:14.513 -3.19840000E-04  1.01643300E-03  1.31713900E-03
2001-12-04T20:33:15.505 -4.68382000E-04 -8.20682000E-04  2.93111000E-04
2001-12-04T20:33:16.513  6.96464000E-04 -3.15154000E-04 -3.45130000E-05
2001-12-04T20:33:17.505  1.11456200E-03  2.41818000E-04  1.05807400E-03
2001-12-04T20:33:18.509 -2.11289000E-04 -1.05348000E-04  5.27933000E-04
2001-12-04T20:33:19.505 -2.25773000E-04  1.11202000E-03 -4.24260000E-05
2001-12-04T20:33:20.509 -2.78802000E-04 -4.63190000E-05 -5.75371000E-04
2001-12-04T20:33:21.505  1.39253400E-03 -6.95400000E-05  8.12056000E-04
2001-12-04T20:33:22.509 -3.50517000E-04 -1.02031700E-03  4.60662000E-04
2001-12-04T20:33:23.501 -5.08720000E-05  4.10109000E-04 -3.19349000E-04
2001-12-04T20:33:24.509 -1.20463400E-03  2.32231000E-04 -3.16799000E-04
2001-12-04T20:33:25.505  1.10725200E-03  1.49849400E-03 -1.62329000E-04
2001-12-04T20:33:26.505 -7.50658000E-04 -3.94724000E-04  1.09243800E-03
2001-12-04T20:33:27.513  1.11061100E-03  4.32550000E-05  4.78678000E-04
2001-12-04T20:33:28.509 -7.59733000E-04 -1.02651200E-03 -3.49397000E-04
2001-12-04T20:33:29.505  4.14694000E-04  1.34294000E-03  5.10352000E-04
2001-12-04T20:33:30.509 -1.00419600E-03 -1.41104000E-04 -2.79033000E-04
2001-12-04T20:33:31.509  1.01552200E-03  3.72665000E-04  4.75665000E-04
2001-12-04T20:33:32.513 -5.09446000E-04 -1.48742600E-03  3.44354000E-04
2001-12-04T20:33:33.505  6.45511000E-04  8.41178000E-04  6.73974000E-04
2001-12-04T20:33:34.509 -8.91429000E-04 -3.14381000E-04  7.93934000E-04
2001-12-04T20:33:35.505 -3.90060000E-04  1.03251200E-03 -4.72964000E-04
2001-12-04T20:33:36.509 -1.31966700E-03 -3.44648000E-04 -1.07865700E-03
2001-12-04T20:33:37.505  6.42001000E-04 -1.30220000E-05 -1.86217000E-04
2001-12-04T20:33:38.509 -3.55739000E-04 -9.26772000E-04  3.82882000E-04
2001-12-04T20:33:39.501  1.54130000E-04  3.31285000E-04  5.75134000E-04
2001-12-04T20:33:40.509 -1.81932000E-04  2.28287000E-04  2.16270000E-05
2001-12-04T20:33:41.505 -3.72361000E-04  5.20857000E-04  8.86338000E-04
2001-12-04T20:33:42.505  5.73363000E-04 -7.07355000E-04 -6.27451000E-04
2001-12-04T20:33:43.513  3.49646000E-04 -6.70739000E-04 -1.11518900E-03
2001-12-04T20:33:44.509  8.00021000E-04  5.15771000E-04  7.43329000E-04
2001-12-04T20:33:45.505 -8.47713000E-04  1.40297000E-04  9.66022000E-04
2001-12-04T20:33:46.509 -1.26540000E-04  1.00991800E-03 -1.24374000E-03
2001-12-04T20:33:47.509 -6.89194000E-04 -5.95108000E-04  6.66087000E-04
2001-12-04T20:33:48.513  1.17027900E-03  1.28829000E-04  8.36155000E-04
2001-12-04T20:33:49.505 -5.82093000E-04 -7.24769000E-04  2.33659000E-04
2001-12-04T20:33:50.509  9.68256000E-04  1.24679800E-03  3.29315000E-04
2001-12-04T20:33:51.505 -1.34945500E-03 -3.13250000E-05 -8.89928000E-04
2001-12-04T20:33:52.509  1.11845600E-03  6.15544000E-04  5.73267000E-04
2001-12-04T20:33:53.505 -5.70971000E-04 -1.73066100E-03  8.79834000E-04
2001-12-04T20:33:54.509  1.01121600E-03  1.73744000E-04 -7.60435000E-04
2001-12-04T20:33:55.501 -1.07353800E-03 -6.08447000E-04 -9.14900000E-05
2001-12-04T20:33:56.509  3.78889000E-04  1.60751600E-03  1.67832100E-03
2001-12-04T20:33:57.505 -5.80170000E-04 -3.94348000E-04 -5.94279000E-04
2001-12-04T20:33:58.505  1.08304800E-03  5.26521000E-04  4.05527000E-04
2001-12-04T20:33:59.513 -7.29385000E-04 -1.23599100E-03 -3.65757000E-04
2001-12-04T20:34:00.509  6.94733000E-04  5.06084000E-04  6.35861000E-04
2001-12-04T20:34:01.505 -3.00057000E-04  6.07116000E-04 -8.33602000E-04
2001-12-04T20:34:02.509  1.12286000E-04  7.34052000E-04 -6.90170000E-05
2001-12-04T20:34:03.509  3.14911000E-04 -7.58978000E-04  8.38550000E-05
2001-12-04T20:34:04.513  4.14119000E-04 -2.47609000E-04  1.35806600E-03
2001-12-04T20:34:05.505  1.05001000E-04 -2.24154000E-04 -2.40527000E-04
2001-12-04T20:34:06.509 -7.73303000E-04  7.75144000E-04 -7.33100000E-05
2001-12-04T20:34:07.505 -4.31590000E-05  1.40683700E-03 -1.05403600E-03
2001-12-04T20:34:08.509 -4.65834000E-04 -4.33381000E-04  6.05704000E-04
2001-12-04T20:34:09.505  1.28296700E-03 -2.23960000E-05  2.59705000E-04
2001-12-04T20:34:10.509 -3.62122000E-04 -6.59534000E-04 -4.01343000E-04
2001-12-04T20:34:11.501  3.76634000E-04  1.25209200E-03  6.62269000E-04
2001-12-04T20:34:12.509 -1.40795600E-03  1.11274000E-04  1.03929500E-03
2001-12-04T20:34:13.505  1.50231200E-03  9.46533000E-04 -3.66874000E-04
2001-12-04T20:34:14.505 -2.03514000E-04 -1.64898800E-03  1.38185000E-04
2001-12-04T20:34:15.513  1.23799700E-03  7.86939000E-04  3.68893000E-04
2001-12-04T20:34:16.509 -1.12878500E-03 -5.90068000E-04  4.32937000E-04
2001-12-04T20:34:17.505  3.15446000E-04  1.61909100E-03 -1.21769300E-03
2001-12-04T20:34:18.509 -1.16855300E-03 -6.58516000E-04 -1.63062000E-04
2001-12-04T20:34:19.509  7.46585000E-04  5.11614000E-04  8.20227000E-04
2001-12-04T20:34:20.513 -5.92893000E-04 -1.54903400E-03  8.62930000E-05
2001-12-04T20:34:21.505  7.56454000E-04  1.08561000E-03 -1.80285000E-04
2001-12-04T20:34:22.509 -1.78751300E-03  1.71648000E-04 -1.54158000E-04
2001-12-04T20:34:23.505  1.65453000E-04  8.57282000E-04  5.80970000E-05
2001-12-04T20:34:24.509  3.99408000E-04 -2.19631000E-04 -1.36997000E-04
2001-12-04T20:34:25.505  9.05899000E-04 -1.38951000E-04 -6.90087000E-04
2001-12-04T20:34:26.509 -9.75052000E-04 -1.62610000E-04 -8.13845000E-04
2001-12-04T20:34:27.501 -9.84730000E-05  8.10453000E-04  6.52922000E-04
2001-12-04T20:34:28.509 -4.68649000E-04  3.36530000E-04 -5.64617000E-04
2001-12-04T20:34:29.505  5.09975000E-04 -1.80218000E-04 -9.01705000E-04
2001-12-04T20:34:30.505  3.34323000E-04 -1.60007000E-04 -3.94090000E-04
2001-12-04T20:34:31.513 -4.24400000E-05  2.38980000E-04  6.93285000E-04
2001-12-04T20:34:32.509  2.08219000E-04 -8.52120000E-05 -1.73674000E-04
2001-12-04T20:34:33.509 -4.74559000E-04  3.75400000E-04 -8.67936000E-04
2001-12-04T20:34:34.509  1.28729200E-03  8.95100000E-05 -2.31681000E-04
2001-12-04T20:34:35.505  3.17479000E-04 -7.94697000E-04  3.96508000E-04
2001-12-04T20:34:36.513 -5.25436000E-04  3.76842000E-04 -8.71254000E-04
2001-12-04T20:34:37.505 -8.21112000E-04 -6.74780000E-05 -4.62312000E-04
2001-12-04T20:34:38.509  4.94018000E-04  5.86646000E-04 -1.71062000E-04
2001-12-04T20:34:39.505 -1.57482000E-04 -1.12575800E-03  4.52292000E-04
2001-12-04T20:34:40.509  1.25742300E-03 -5.19760000E-05 -4.97505000E-04
2001-12-04T20:34:41.505 -5.68076000E-04 -6.56330000E-04  2.79758000E-04
2001-12-04T20:34:42.509  3.12911000E-04  1.29303000E-03  3.53677000E-04
2001-12-04T20:34:43.501 -1.30562000E-03  1.79952000E-04  5.26098000E-04
2001-12-04T20:34:44.509  1.14470000E-03  4.69568000E-04 -6.27359000E-04
2001-12-04T20:34:45.505 -4.69414000E-04 -9.21430000E-04  5.42360000E-04
2001-12-04T20:34:46.505  6.22473000E-04  2.04830000E-05  2.24736000E-04
2001-12-04T20:34:47.517 -1.37110200E-03  3.56430000E-05  9.00000000E-09
2001-12-04T20:34:48.509  5.12282000E-04  1.58216600E-03 -7.13015000E-04
2001-12-04T20:34:49.505 -4.36981000E-04 -7.90505000E-04  1.07176000E-04
2001-12-04T20:34:50.509  1.09376100E-03  6.56649000E-04 -6.44897000E-04
2001-12-04T20:34:51.509 -4.39709000E-04 -1.10424100E-03 -2.92377000E-04
2001-12-04T20:34:52.517  4.29798000E-04  6.06175000E-04 -5.42354000E-04
2001-12-04T20:34:53.505 -1.64155500E-03 -7.23067000E-04 -9.73220000E-05
2001-12-04T20:34:54.509  3.79327000E-04  1.11963700E-03 -2.47557000E-04
2001-12-04T20:34:55.505 -2.01025000E-04 -7.97250000E-04 -7.89598000E-04
2001-12-04T20:34:56.509  8.02399000E-04 -5.55460000E-05  5.88073000E-04
2001-12-04T20:34:57.505 -5.68240000E-04 -4.98096000E-04  3.60091000E-04
2001-12-04T20:34:58.509 -1.74239000E-04  6.63880000E-04 -2.06306000E-04
2001-12-04T20:34:59.501 -1.87164000E-04  9.81516000E-04  1.48361000E-04
2001-12-04T20:35:00.509  3.34492000E-04 -3.10250000E-05  7.89470000E-04
2001-12-04T20:35:01.505  1.90000000E-05 -8.43141000E-04  9.61829000E-04
2001-12-04T20:35:02.505 -3.96160000E-05 -2.73433000E-04 -1.20486000E-04
2001-12-04T20:35:03.513 -8.52370000E-05  4.32077000E-04 -8.67779000E-04
2001-12-04T20:35:04.509 -7.19966000E-04  6.33023000E-04  6.10392000E-04
2001-12-04T20:35:05.505  1.68553000E-04  3.27724000E-04  5.31905000E-04
2001-12-04T20:35:06.509  1.44966000E-04 -6.47474000E-04  1.38215000E-04
2001-12-04T20:35:07.509  5.75935000E-04 -4.63523000E-04  2.13687000E-04
2001-12-04T20:35:08.513 -7.11889000E-04  2.41463000E-04 -5.75670000E-05
2001-12-04T20:35:09.505  5.69472000E-04  1.60712900E-03 -3.71776000E-04
2001-12-04T20:35:10.509 -3.55080000E-04 -3.84835000E-04 -1.74786000E-04
2001-12-04T20:35:11.505  1.47665000E-03  3.58966000E-04 -1.93237000E-04
2001-12-04T20:35:12.509 -5.39257000E-04 -9.45854000E-04  8.41090000E-05
2001-12-04T20:35:13.505  4.26269000E-04  4.44200000E-04  1.53625500E-03
2001-12-04T20:35:14.509 -1.26696900E-03  3.36436000E-04 -5.37802000E-04
2001-12-04T20:35:15.501  7.12705000E-04  1.08427100E-03 -7.32829000E-04
2001-12-04T20:35:16.509 -5.37629000E-04 -9.19175000E-04 -4.44701000E-04
2001-12-04T20:35:17.505  1.44526900E-03  7.18247000E-04 -5.50549000E-04
2001-12-04T20:35:18.505 -5.94603000E-04 -6.55645000E-04 -6.02081000E-04
2001-12-04T20:35:19.513  2.67822000E-04  1.17021400E-03 -9.82318000E-04
2001-12-04T20:35:20.509 -9.99795000E-04 -6.64117000E-04 -9.83816000E-04
2001-12-04T20:35:21.505  8.92899000E-04  8.20951000E-04  3.45560000E-04
2001-12-04T20:35:22.517 -8.39662000E-04 -8.71215000E-04  3.54740000E-04
2001-12-04T20:35:23.509  1.26300400E-03  2.03042000E-04 -1.60280000E-05
2001-12-04T20:35:24.513 -1.30166700E-03 -2.85394000E-04 -1.48690000E-04
2001-12-04T20:35:25.505  4.65245000E-04  1.19426400E-03  1.13486400E-03
2001-12-04T20:35:26.509 -5.46982000E-04 -6.68488000E-04  2.90291000E-04
2001-12-04T20:35:27.505  8.67269000E-04  4.04689000E-04 -1.18866000E-04
2001-12-04T20:35:28.509 -4.76822000E-04 -1.06996900E-03  4.51151000E-04
2001-12-04T20:35:29.505  2.72336000E-04  9.03183000E-04  1.74203000E-04
2001-12-04T20:35:30.509 -1.57637800E-03 -5.97800000E-06 -8.85084000E-04
2001-12-04T20:35:31.501 -5.44500000E-06  9.94627000E-04 -2.66615000E-04
2001-12-04T20:35:32.509 -2.54289000E-04 -1.32782300E-03  6.68232000E-04
2001-12-04T20:35:33.501  9.04513000E-03 -7.35815000E-04  7.03854000E-04
2001-12-04T20:35:34.505 -2.55928000E-03 -8.43740300E-03 -7.61992000E-03
2001-12-04T20:35:35.513  6.49946800E-03  3.96679300E-03  2.02064700E-03
2001-12-04T20:35:36.509 -5.95384700E-03  2.94842500E-03 -1.25522700E-03
2001-12-04T20:35:37.501  2.28135100E-03  2.89921900E-03  2.82970500E-03
2001-12-04T20:35:38.509 -3.29729700E-03 -8.40043200E-03 -5.38166100E-03
2001-12-04T20:35:39.505  8.44257800E-03 -2.31809800E-03 -2.35831700E-03
2001-12-04T20:35:40.513 -3.61703200E-03 -2.13788000E-04  7.51472000E-04
2001-12-04T20:35:41.505 -1.27364300E-03  7.26304900E-03  3.15830100E-03
2001-12-04T20:35:42.509 -4.28752800E-03 -1.36183500E-03  2.95393300E-03
2001-12-04T20:35:43.501  5.37688800E-03 -2.80578900E-03  3.92424900E-03
2001-12-04T20:35:44.509  2.51247900E-03 -3.02702800E-03  1.60768800E-03
2001-12-04T20:35:45.505 -2.87529100E-03  1.71432900E-03  3.18759000E-04
2001-12-04T20:35:46.509  1.27877800E-03  8.50305800E-03 -8.00527300E-03
2001-12-04T20:35:47.501 -5.39578800E-03  4.79474600E-03  4.25005300E-03
2001-12-04T20:35:48.509  1.93654400E-03  2.64976300E-03  4.48756800E-03
2001-12-04T20:35:49.501 -5.62507000E-04 -3.64865500E-03 -6.97405400E-03
2001-12-04T20:35:50.505  6.63817100E-03  4.41145500E-03 -2.59748900E-03
2001-12-04T20:35:51.513 -1.95058400E-03  5.28973000E-04 -6.79166000E-04
2001-12-04T20:35:52.509 -8.19578000E-04  6.84119600E-03  1.85654900E-03
2001-12-04T20:35:53.501 -5.03456700E-03 -3.89815500E-03  2.52674300E-03
2001-12-04T20:35:54.509  8.43917100E-03  2.40804400E-03 -2.33409800E-03
2001-12-04T20:35:55.505 -5.35612400E-03 -5.05711300E-03  6.84261400E-03
2001-12-04T20:35:56.513  1.18316200E-03  4.43257200E-03  6.94465400E-03
2001-12-04T20:35:57.505 -1.03450990E-02 -2.32156200E-03 -2.21651000E-04
2001-12-04T20:35:58.509  3.29461000E-03  5.26788800E-03  6.25841000E-04
2001-12-04T20:35:59.501 -1.91881000E-03 -1.19736140E-02  2.59637000E-03
2001-12-04T20:36:00.505  9.13306200E-03  4.90355000E-03  8.14482000E-04
2001-12-04T20:36:01.505 -6.30283800E-03 -1.52416900E-03 -4.86291400E-03
2001-12-04T20:36:02.509  2.33122000E-03  1.29557080E-02  2.79780300E-03
2001-12-04T20:36:03.501 -9.03276900E-03 -3.57193700E-03  7.17922900E-03
2001-12-04T20:36:04.509  8.23501200E-03  3.86077700E-03 -6.21922700E-03
2001-12-04T20:36:05.501 -2.52304800E-03 -9.13985000E-03 -7.37972800E-03
2001-12-04T20:36:06.505  6.53596900E-03  6.86784600E-03  7.35524300E-03
2001-12-04T20:36:07.513 -1.04596980E-02  1.23610000E-05 -6.95588000E-04
2001-12-04T20:36:08.509  2.65961900E-03  1.04843130E-02 -2.30371300E-03
2001-12-04T20:36:09.501 -4.02742600E-03 -2.20043800E-03 -8.04036000E-04
2001-12-04T20:36:10.509  1.03109670E-02 -2.34388600E-03  1.30436490E-02
2001-12-04T20:36:11.505 -4.46477900E-03 -8.34925600E-03 -2.86794200E-03
2001-12-04T20:36:12.513  2.58324400E-03  4.75494900E-03 -6.70316500E-03
2001-12-04T20:36:13.505 -6.98189500E-03  1.88173200E-03 -1.90304100E-03
2001-12-04T20:36:14.509  1.08785100E-03  2.80988900E-03  7.40528300E-03
2001-12-04T20:36:15.501  3.95623000E-04 -2.70795200E-03  2.91515800E-03
2001-12-04T20:36:16.505  5.18966700E-03 -4.92192000E-04 -3.31010900E-03
2001-12-04T20:36:17.505 -6.60334700E-03 -1.30876000E-03 -4.46380900E-03
2001-12-04T20:36:18.509 -2.62251100E-03  8.26821900E-03  8.03494700E-03
2001-12-04T20:36:19.501 -3.54020300E-03  5.47101200E-03 -1.92474200E-03
2001-12-04T20:36:20.509  2.79969900E-03  1.05238300E-03 -6.37448600E-03
2001-12-04T20:36:21.501  5.02291600E-03 -7.23786400E-03 -1.07775000E-03
2001-12-04T20:36:22.505 -5.85504000E-04 -6.33500000E-04  5.64269600E-03
2001-12-04T20:36:23.513  1.34443500E-03  6.88887200E-03 -4.66237500E-03
2001-12-04T20:36:24.509 -2.61160400E-03  5.19098700E-03 -1.01515970E-02
2001-12-04T20:36:25.501  4.96914100E-03 -4.61397500E-03 -6.77202000E-04
2001-12-04T20:36:26.509  4.30250800E-03 -3.49624200E-03  7.53705600E-03
2001-12-04T20:36:27.505  9.45945800E-03  1.60735300E-03  1.18745200E-03
2001-12-04T20:36:28.513 -4.73970500E-03  7.97433000E-04 -8.23377500E-03
2001-12-04T20:36:29.505 -6.71260200E-03  7.15325500E-03  2.68915900E-03
2001-12-04T20:36:30.509 -6.17389000E-03 -5.76433000E-03  4.56436200E-03
2001-12-04T20:36:31.501  6.57734300E-03  3.68092600E-03 -2.19286300E-03
2001-12-04T20:36:32.509 -3.74753200E-03 -1.03615570E-02 -1.39346100E-03
2001-12-04T20:36:33.505  4.97899900E-03  5.74623000E-03  6.26031800E-03
2001-12-04T20:36:34.509 -1.07095860E-02 -1.89267600E-03 -1.93420700E-03
