2002-01-01T06:59:47.730  1.94410100E-03  1.38468840E-02 -4.35995000E-03
2002-01-01T06:59:48.734 -8.04634900E-03 -3.91510000E-03  4.60700100E-03
2002-01-01T06:59:49.738  6.49245500E-03  7.78575000E-03  2.47553000E-03
2002-01-01T06:59:50.730  1.79303500E-03 -9.55408700E-03 -8.56529700E-03
2002-01-01T06:59:51.734  4.85612000E-04  1.18456100E-03  1.49555700E-03
2002-01-01T06:59:52.734 -1.59853900E-03 -2.62090000E-04  1.89726000E-04
2002-01-01T06:59:53.734  5.75957000E-04  9.06534000E-04 -9.62458000E-04
2002-01-01T06:59:54.730 -7.40366000E-04 -1.03320800E-03  1.20575900E-03
2002-01-01T06:59:55.734  1.07008300E-03  1.79428000E-04  2.06040000E-04
2002-01-01T06:59:56.730 -8.06242000E-04 -6.85450000E-04 -1.96662000E-04
2002-01-01T06:59:57.738 -4.66713000E-04  9.12893000E-04  1.26046900E-03
2002-01-01T06:59:58.730 -8.83516000E-04  3.05282000E-04 -4.21907000E-04
2002-01-01T06:59:59.734  5.43575000E-04  6.11566000E-04  1.29797000E-04
2002-01-01T07:00:00.730 -5.28084000E-04 -1.50068500E-03  9.90460000E-05
2002-01-01T07:00:01.734  6.25733000E-04  3.43524000E-04 -7.90238000E-04
2002-01-01T07:00:02.734 -1.73297600E-03  4.79080000E-05 -1.00860000E-04
2002-01-01T07:00:03.730  4.33075000E-04  3.93782000E-04 -1.00680000E-04
2002-01-01T07:00:04.730 -2.73595000E-04 -1.16959200E-03 -2.48077000E-04
2002-01-01T07:00:05.734  7.71012000E-04 -2.35995000E-04  1.25908500E-03
2002-01-01T07:00:06.726 -7.26250000E-04 -1.21427000E-04 -1.86391000E-04
2002-01-01T07:00:07.734 -1.07645000E-04  8.90517000E-04 -1.17868300E-03
2002-01-01T07:00:08.730 -2.46367000E-04 -1.08896600E-03  1.09333400E-03
2002-01-01T07:00:09.730  5.54796000E-04 -2.26603000E-04  2.18779000E-04
2002-01-01T07:00:10.730  6.46700000E-05 -9.38291000E-04 -1.49146700E-03
2002-01-01T07:00:11.734 -1.31308000E-04  5.25618000E-04  9.13652000E-04
2002-01-01T07:00:12.730 -9.22254000E-04 -1.64345000E-04  4.33910000E-05
2002-01-01T07:00:13.738 -1.47973000E-04  1.75523000E-04  7.09755000E-04
2002-01-01T07:00:14.730  4.54889000E-04 -8.87209000E-04 -7.14451000E-04
2002-01-01T07:00:15.734  1.89729000E-04 -1.58752000E-04 -1.97649000E-04
2002-01-01T07:00:16.730  1.07167000E-04 -5.87720000E-05 -4.85900000E-05
2002-01-01T07:00:17.734 -8.82355000E-04  8.96625000E-04 -5.42736000E-04
2002-01-01T07:00:18.734  3.63878000E-04 -5.03770000E-05 -6.81000000E-06
2002-01-01T07:00:19.730  1.74672000E-04 -5.37721000E-04  1.22076000E-04
2002-01-01T07:00:20.730  1.31543000E-04 -2.56788000E-04 -3.26927000E-04
2002-01-01T07:00:21.734 -7.54380000E-04  2.14374000E-04 -1.78405000E-04
2002-01-01T07:00:22.730 -2.98192000E-04  9.73904000E-04 -1.89433000E-04
2002-01-01T07:00:23.734 -2.31592000E-04 -2.81410000E-04 -5.80270000E-05
2002-01-01T07:00:24.730  8.75101000E-04  1.26824000E-04  6.03654000E-04
2002-01-01T07:00:25.730 -1.96186000E-04 -9.48711000E-04 -2.60856000E-04
2002-01-01T07:00:26.730  8.90679000E-04  1.46278200E-03  7.07740000E-04
2002-01-01T07:00:27.734 -1.37137000E-03  7.22710000E-05  5.54186000E-04
2002-01-01T07:00:28.730  1.02272800E-03  1.44028700E-03 -2.64180000E-04
2002-01-01T07:00:29.738 -2.54762000E-04 -9.18983000E-04  4.32652000E-04
2002-01-01T07:00:30.730  1.33198600E-03  3.79589000E-04 -1.01785000E-04
2002-01-01T07:00:31.734 -6.49822000E-04 -1.79868000E-04 -5.79050000E-04
2002-01-01T07:00:32.730  1.10899600E-03  1.40490100E-03  7.05504000E-04
2002-01-01T07:00:33.734 -8.80389000E-04 -6.80174000E-04  6.96989000E-04
2002-01-01T07:00:34.734  1.33612800E-03  2.27438000E-04  6.63030000E-05
2002-01-01T07:00:35.730 -5.19587000E-04 -5.05282000E-04  5.84104000E-04
2002-01-01T07:00:36.730  1.17825900E-03  5.79445000E-04 -1.45248100E-03
2002-01-01T07:00:37.734 -1.34822800E-03 -1.29933000E-04  5.21672000E-04
2002-01-01T07:00:38.726  1.19886800E-03  6.99716000E-04  1.17642900E-03
2002-01-01T07:00:39.734 -6.12648000E-04 -1.39038300E-03 -1.12085600E-03
2002-01-01T07:00:40.730  1.26358600E-03  3.65145000E-04  9.43680000E-05
2002-01-01T07:00:41.730 -1.26625200E-03 -6.98959000E-04 -2.43691000E-04
2002-01-01T07:00:42.730  1.34172000E-04  1.11234700E-03 -3.89316000E-04
2002-01-01T07:00:43.734 -2.89826000E-04 -6.06107000E-04  4.07584000E-04
2002-01-01T07:00:44.730  1.10239700E-03  5.10686000E-04  6.29666000E-04
2002-01-01T07:00:45.738 -7.42560000E-04 -9.06147000E-04 -4.21829000E-04
2002-01-01T07:00:46.730  4.30774000E-04  1.03929300E-03  3.00226000E-04
2002-01-01T07:00:47.730 -1.91026400E-03  1.11660000E-05 -3.08030000E-04
2002-01-01T07:00:48.730  5.15996000E-04  6.55769000E-04  9.90767000E-04
2002-01-01T07:00:49.734  3.11361000E-04 -4.70776000E-04  5.12384000E-04
2002-01-01T07:00:50.734  7.71568000E-04 -2.31715000E-04 -1.05170000E-05
2002-01-01T07:00:51.730 -9.08407000E-04 -5.35608000E-04  2.89248000E-04
2002-01-01T07:00:52.730 -3.43064000E-04  1.13972600E-03  6.93265000E-04
2002-01-01T07:00:53.734 -7.13424000E-04 -1.03250000E-05  1.06450000E-04
2002-01-01T07:00:54.726  3.04454000E-04  2.02067000E-04  3.42030000E-05
2002-01-01T07:00:55.734  1.27026000E-04 -3.50471000E-04  5.53075000E-04
2002-01-01T07:00:56.730  6.74270000E-05  1.00674000E-04  5.70597000E-04
2002-01-01T07:00:57.730 -5.54415000E-04  5.94090000E-04  2.94099000E-04
2002-01-01T07:00:58.730 -2.94676000E-04  2.12139000E-04 -4.01927000E-04
2002-01-01T07:00:59.734  1.89410000E-05 -3.19815000E-04  3.32477000E-04
2002-01-01T07:01:00.730  2.26786000E-04 -4.71844000E-04  5.39462000E-04
2002-01-01T07:01:01.738 -2.22730000E-04  3.64789000E-04 -6.10000000E-05
2002-01-01T07:01:02.730 -6.11435000E-04  4.01388000E-04 -5.72652000E-04
2002-01-01T07:01:03.734 -8.49499000E-04  3.13392000E-04 -7.02458000E-04
2002-01-01T07:01:04.730  3.29738000E-04 -7.79448000E-04 -4.37823000E-04
2002-01-01T07:01:05.734  1.83800000E-06 -7.21957000E-04 -6.72060000E-05
2002-01-01T07:01:06.734 -1.95246000E-04  1.51687000E-04 -1.13061000E-04
2002-01-01T07:01:07.730 -1.38650000E-04  1.20908600E-03 -5.91663000E-04
2002-01-01T07:01:08.730 -5.17118000E-04  2.54076000E-04  9.83526000E-04
2002-01-01T07:01:09.734  1.44471000E-04  1.80945000E-04 -1.44570000E-04
2002-01-01T07:01:10.726  3.92617000E-04 -1.06793300E-03  3.47474000E-04
2002-01-01T07:01:11.734  5.17689000E-04  4.98747000E-04  1.09753000E-04
2002-01-01T07:01:12.730 -8.54482000E-04  2.97964000E-04 -3.79223000E-04
2002-01-01T07:01:13.730 -9.44800000E-06 -9.28350000E-05  6.63598000E-04
2002-01-01T07:01:14.730  2.97274000E-04 -6.91694000E-04  2.47539000E-04
2002-01-01T07:01:15.734  4.37047000E-04 -1.12904000E-04 -4.54760000E-04
2002-01-01T07:01:16.730 -1.92088000E-04 -4.38526000E-04 -2.12501000E-04
2002-01-01T07:01:17.738 -6.33798000E-04  6.43628000E-04 -2.64603000E-04
2002-01-01T07:01:18.730 -5.86572000E-04  4.17010000E-05 -5.11639000E-04
2002-01-01T07:01:19.734  7.89841000E-04  1.02366500E-03  1.21440000E-04
2002-01-01T07:01:20.730  8.03110000E-05 -9.55286000E-04  4.74272000E-04
2002-01-01T07:01:21.734  6.17367000E-04  2.55010000E-04  2.08588000E-04
2002-01-01T07:01:22.734 -9.33941000E-04  6.99660000E-05  5.19634000E-04
2002-01-01T07:01:23.730  1.02403000E-04  9.94920000E-04 -4.22631000E-04
2002-01-01T07:01:24.730 -8.36971000E-04 -1.02264300E-03  2.26872000E-04
2002-01-01T07:01:25.734  1.17672800E-03  3.36110000E-04 -4.86330000E-05
2002-01-01T07:01:26.726 -4.89171000E-04 -9.40815000E-04 -6.05980000E-04
2002-01-01T07:01:27.734 -5.39939000E-04  3.04695000E-04  2.84310000E-04
2002-01-01T07:01:28.730 -1.37181300E-03  3.67840000E-05 -9.36780000E-05
2002-01-01T07:01:29.730  1.50457000E-04  8.25861000E-04  5.52508000E-04
2002-01-01T07:01:30.730 -1.07064000E-04 -1.10209200E-03  3.06122000E-04
2002-01-01T07:01:31.734  1.17038400E-03  1.69730000E-04 -6.70588000E-04
2002-01-01T07:01:32.730 -8.77496000E-04 -6.03570000E-04 -8.97760000E-05
2002-01-01T07:01:33.738  6.09383000E-04  1.53126200E-03 -7.42875000E-04
2002-01-01T07:01:34.730 -1.12621600E-03  1.07317000E-04 -7.22960000E-05
2002-01-01T07:01:35.730  1.35651400E-03 -2.38927000E-04  8.73256000E-04
2002-01-01T07:01:36.730 -2.85050000E-04 -1.13077400E-03 -1.07357600E-03
2002-01-01T07:01:37.734  6.56884000E-04  4.96443000E-04  9.47604000E-04
2002-01-01T07:01:38.734 -1.44483200E-03  1.41127000E-04  1.58928000E-04
2002-01-01T07:01:39.730 -9.15790000E-05  1.28917500E-03 -9.40158000E-04
2002-01-01T07:01:40.730 -1.05532000E-04 -4.53270000E-04 -3.85163000E-04
2002-01-01T07:01:41.734  4.92979000E-04  7.81972000E-04 -1.02578000E-04
2002-01-01T07:01:42.726 -9.62659000E-04 -1.32431800E-03 -2.33488000E-04
2002-01-01T07:01:43.734  2.35700000E-04  5.82500000E-04  2.57662000E-04
2002-01-01T07:01:44.730 -1.07081200E-03 -5.41694000E-04 -3.36044000E-04
2002-01-01T07:01:45.730  3.25412000E-04  4.89094000E-04 -2.42088000E-04
2002-01-01T07:01:46.730  2.53285000E-04 -8.00850000E-04  5.35854000E-04
2002-01-01T07:01:47.734  7.06316000E-04  2.02660000E-04 -8.77673000E-04
2002-01-01T07:01:48.730 -5.88706000E-04  4.27989000E-04 -7.09446000E-04
2002-01-01T07:01:49.738 -1.31761000E-04  4.80599000E-04  2.63862000E-04
2002-01-01T07:01:50.730  4.73885000E-04 -5.46710000E-05 -1.14415200E-03
2002-01-01T07:01:51.734  6.75979000E-04 -2.87252000E-04  1.59619000E-04
2002-01-01T07:01:52.730  4.99394000E-04  5.32357000E-04  5.26664000E-04
2002-01-01T07:01:53.734 -6.04397000E-04  8.18456000E-04  5.32840000E-05
2002-01-01T07:01:54.734  2.25709000E-04  3.31911000E-04 -6.65895000E-04
2002-01-01T07:01:55.730  4.16510000E-05 -1.06694000E-04  1.20529600E-03
2002-01-01T07:01:56.730  1.22693900E-03 -2.40268000E-04 -4.65876000E-04
2002-01-01T07:01:57.734 -2.12515000E-04  1.02077000E-04  2.51385000E-04
2002-01-01T07:01:58.726  4.13483000E-04  9.61859000E-04  1.46325000E-04
2002-01-01T07:01:59.734 -4.49621000E-04  3.52790000E-05 -8.01931000E-04
2002-01-01T07:02:00.730  2.73370000E-04  3.43475000E-04  3.36363000E-04
2002-01-01T07:02:01.730  2.86317000E-04 -7.21432000E-04  2.90130000E-05
2002-01-01T07:02:02.730  2.56127000E-04  5.42446000E-04 -1.27369500E-03
2002-01-01T07:02:03.734 -7.79574000E-04  1.45490000E-05  6.03800000E-04
2002-01-01T07:02:04.730  3.24453000E-04  7.34078000E-04  6.30539000E-04
2002-01-01T07:02:05.738  1.91970000E-04 -1.04585400E-03 -1.05659200E-03
2002-01-01T07:02:06.730  1.58182900E-03  1.24174000E-04  9.78728000E-04
2002-01-01T07:02:07.730 -6.81534000E-04 -5.36198000E-04  2.31421000E-04
2002-01-01T07:02:08.730  1.83776000E-04  8.09148000E-04 -4.49599000E-04
2002-01-01T07:02:09.734 -1.07522400E-03  1.20783000E-04 -3.81200000E-05
2002-01-01T07:02:10.734  2.90242000E-04 -3.64610000E-05 -6.56966000E-04
2002-01-01T07:02:11.730  4.22083000E-04 -1.05465300E-03  6.61365000E-04
2002-01-01T07:02:12.730  5.52382000E-04  8.30822000E-04  6.33888000E-04
2002-01-01T07:02:13.734 -9.76809000E-04 -2.97511000E-04 -3.89308000E-04
2002-01-01T07:02:14.726 -6.78910000E-05  1.37694700E-03  4.34505000E-04
2002-01-01T07:02:15.734 -7.04973000E-04 -1.00308400E-03  4.68710000E-04
2002-01-01T07:02:16.730  1.60383100E-03  2.44613000E-04 -1.77496000E-04
2002-01-01T07:02:17.730 -9.79220000E-04 -7.23890000E-04  8.51700000E-05
2002-01-01T07:02:18.730  4.29108000E-04  1.39439100E-03  2.30772000E-04
2002-01-01T07:02:19.734 -1.15466900E-03 -1.85240000E-04  3.30416000E-04
2002-01-01T07:02:20.730  3.15465000E-04  4.62066000E-04  2.44075000E-04
2002-01-01T07:02:21.738 -6.88894000E-04 -1.75024600E-03 -2.06830000E-04
2002-01-01T07:02:22.730  1.38139300E-03  2.44488000E-04  2.12258000E-04
2002-01-01T07:02:23.730 -9.21200000E-04 -5.29040000E-05 -5.48231000E-04
2002-01-01T07:02:24.730  2.98963000E-04  1.42637700E-03  4.10721000E-04
2002-01-01T07:02:25.734 -8.53415000E-04 -9.41774000E-04  1.29067600E-03
2002-01-01T07:02:26.734  1.40827300E-03  1.54121000E-04  8.24120000E-05
2002-01-01T07:02:27.730 -6.79591000E-04 -1.01812200E-03 -4.61296000E-04
2002-01-01T07:02:28.730  1.52261000E-04  1.33822300E-03  5.31149000E-04
2002-01-01T07:02:29.734 -1.72771600E-03 -5.63160000E-04 -3.25667000E-04
2002-01-01T07:02:30.726  5.95719000E-04  4.97247000E-04  9.69450000E-05
2002-01-01T07:02:31.734 -4.85144000E-04 -1.05717200E-03  3.89295000E-04
2002-01-01T07:02:32.730  7.96387000E-04  2.59998000E-04 -4.36502000E-04
2002-01-01T07:02:33.730 -9.04689000E-04  2.36925000E-04 -8.38485000E-04
2002-01-01T07:02:34.730  3.56581000E-04  8.56694000E-04 -2.98675000E-04
2002-01-01T07:02:35.734 -1.59772800E-03 -5.66109000E-04 -5.69240000E-05
2002-01-01T07:02:36.730  1.08229400E-03 -7.91050000E-05  4.47336000E-04
2002-01-01T07:02:37.738 -5.52829000E-04 -8.12595000E-04  3.97026000E-04
2002-01-01T07:02:38.730  3.29832000E-04  7.20526000E-04  1.71589000E-04
2002-01-01T07:02:39.730 -8.08515000E-04  8.50077000E-04  7.14640000E-05
2002-01-01T07:02:40.730  4.26806000E-04  4.51736000E-04 -7.04605000E-04
2002-01-01T07:02:41.734 -2.09482000E-04 -9.20330000E-04  2.31642000E-04
2002-01-01T07:02:42.734  5.74415000E-04 -2.70570000E-05  8.56262000E-04
2002-01-01T07:02:43.730 -9.20329000E-04  1.10528000E-04 -1.33559100E-03
2002-01-01T07:02:44.730 -4.18525000E-04  5.23055000E-04 -5.18020000E-05
2002-01-01T07:02:45.734 -2.23386000E-04 -4.10620000E-05 -3.37388000E-04
2002-01-01T07:02:46.726  2.68497000E-04 -1.05660500E-03 -1.02097000E-03
2002-01-01T07:02:47.734  8.60668000E-04 -1.28949000E-04  4.55090000E-05
2002-01-01T07:02:48.730 -8.15053000E-04  3.64350000E-05  5.13867000E-04
2002-01-01T07:02:49.730 -1.88500000E-05  1.47526400E-03  1.55838000E-04
2002-01-01T07:02:50.730 -5.69214000E-04 -4.03936000E-04  3.53816000E-04
2002-01-01T07:02:51.734  1.27212600E-03  7.73080000E-05 -7.50500000E-04
2002-01-01T07:02:52.730 -7.40826000E-04 -5.40710000E-04  8.24997000E-04
2002-01-01T07:02:53.738  6.17809000E-04  1.15239300E-03 -2.91130000E-05
2002-01-01T07:02:54.730 -1.44984900E-03  1.69451000E-04 -6.52544000E-04
2002-01-01T07:02:55.730  2.35187000E-04  1.24030000E-04  1.60080000E-05
2002-01-01T07:02:56.730 -5.29616000E-04 -9.40028000E-04  2.40352000E-04
2002-01-01T07:02:57.734  6.22461000E-04 -3.04577000E-04 -3.60816000E-04
2002-01-01T07:02:58.734 -7.93173000E-04 -5.74384000E-04  2.87292000E-04
2002-01-01T07:02:59.730  3.21050000E-05  1.03927300E-03 -1.31980000E-05
2002-01-01T07:03:00.730 -8.33935000E-04 -5.31246000E-04 -3.36226000E-04
2002-01-01T07:03:01.734  1.14353600E-03  6.56728000E-04  5.63182000E-04
2002-01-01T07:03:02.726 -7.61966000E-04 -1.48347400E-03 -3.98480000E-04
2002-01-01T07:03:03.734  1.08354300E-03  8.19288000E-04  4.30971000E-04
2002-01-01T07:03:04.730 -1.24501100E-03 -3.54080000E-05  4.94781000E-04
2002-01-01T07:03:05.730  5.09247000E-04  1.16828500E-03 -1.14694000E-04
2002-01-01T07:03:06.730 -5.34342000E-04 -1.55773600E-03 -1.35400000E-05
2002-01-01T07:03:07.734  1.34332400E-03  1.97803000E-04  5.02847000E-04
2002-01-01T07:03:08.730 -6.06324000E-04 -4.57545000E-04 -1.16247100E-03
2002-01-01T07:03:09.738  1.69970000E-04  1.62676100E-03  3.42556000E-04
2002-01-01T07:03:10.730 -1.34459800E-03 -3.93368000E-04 -3.27453000E-04
2002-01-01T07:03:11.730  6.60606000E-04  7.85356000E-04  9.12978000E-04
2002-01-01T07:03:12.730 -9.00010000E-05 -1.10210500E-03 -1.50414000E-04
2002-01-01T07:03:13.734  8.47428000E-04  5.55362000E-04 -6.09481000E-04
2002-01-01T07:03:14.734 -1.71019800E-03 -1.75154000E-04 -1.26649000E-04
2002-01-01T07:03:15.730  9.26102000E-04  1.00313000E-03 -6.72780000E-05
2002-01-01T07:03:16.730 -4.29959000E-04 -1.57631200E-03  1.61502000E-04
2002-01-01T07:03:17.734  1.41853400E-03  6.16700000E-06  2.68027000E-04
2002-01-01T07:03:18.726 -1.13072200E-03 -4.34183000E-04 -6.58258000E-04
2002-01-01T07:03:19.734  3.41124000E-04  1.35286700E-03  6.99368000E-04
2002-01-01T07:03:20.730 -1.84247400E-03 -2.80500000E-05 -4.41988000E-04
2002-01-01T07:03:21.730  1.05984100E-03  1.42776000E-04 -2.68600000E-06
2002-01-01T07:03:22.730 -5.03320000E-05 -9.29397000E-04  7.16426000E-04
2002-01-01T07:03:23.734  5.22795000E-04  7.16411000E-04 -1.01292600E-03
2002-01-01T07:03:24.730 -1.59927400E-03 -5.64057000E-04  2.42451000E-04
2002-01-01T07:03:25.737  6.81557000E-04  5.44396000E-04  3.66606000E-04
2002-01-01T07:03:26.730 -1.24717000E-03 -9.02534000E-04 -9.81068000E-04
2002-01-01T07:03:27.730  1.58826000E-03 -2.09870000E-05 -6.86100000E-04
2002-01-01T07:03:28.730 -9.93840000E-04 -1.09364000E-04  2.83075000E-04
2002-01-01T07:03:29.734  3.49564000E-04  1.25277200E-03 -9.95028000E-04
2002-01-01T07:03:30.734 -3.62130000E-05 -4.28073000E-04  4.53616000E-04
2002-01-01T07:03:31.730  8.42876000E-04  1.25246000E-04  3.24086000E-04
2002-01-01T07:03:32.730 -7.25190000E-05 -1.11723400E-03 -1.19304000E-03
2002-01-01T07:03:33.734  2.41175000E-04  4.76795000E-04  7.55247000E-04
2002-01-01T07:03:34.726 -4.30606000E-04  6.92809000E-04 -6.02294000E-04
2002-01-01T07:03:35.734  6.97590000E-05  3.32707000E-04 -6.30420000E-04
2002-01-01T07:03:36.730  2.32258000E-04 -8.97217000E-04  6.48068000E-04
2002-01-01T07:03:37.730  4.33410000E-04 -2.60363000E-04  1.22453000E-04
2002-01-01T07:03:38.730 -8.06675000E-04 -9.23900000E-05 -5.26456000E-04
2002-01-01T07:03:39.734 -3.25327000E-04  3.80043000E-04  5.73690000E-05
2002-01-01T07:03:40.730 -2.48416000E-04  3.88617000E-04 -5.48748000E-04
2002-01-01T07:03:41.737  6.24541000E-04 -5.44155000E-04  4.70020000E-05
2002-01-01T07:03:42.730  3.31304000E-04 -6.07018000E-04  1.26833000E-04
2002-01-01T07:03:43.730 -6.69973000E-04  2.88810000E-04  3.72417000E-04
2002-01-01T07:03:44.730 -1.55243000E-04  1.79596000E-04  2.39605000E-04
2002-01-01T07:03:45.734 -3.98478000E-04 -3.38981000E-04 -6.23248000E-04
2002-01-01T07:03:46.734  7.45101000E-04 -4.10150000E-04 -3.48170000E-04
2002-01-01T07:03:47.730 -2.12230000E-05 -9.48126000E-04  9.28846000E-04
2002-01-01T07:03:48.730  4.52110000E-04  8.92683000E-04  1.59334000E-04
2002-01-01T07:03:49.734 -6.54407000E-04 -2.34778000E-04 -2.94980000E-04
2002-01-01T07:03:50.726  5.08430000E-04  7.64293000E-04 -6.97261000E-04
2002-01-01T07:03:51.734  4.50586000E-04 -1.11608300E-03 -5.82159000E-04
2002-01-01T07:03:52.730  5.27981000E-04  4.55809000E-04  2.51430000E-04
2002-01-01T07:03:53.730 -1.06715900E-03 -1.12913000E-04  3.37168000E-04
2002-01-01T07:03:54.730  4.85030000E-04  1.71519300E-03 -6.06390000E-05
2002-01-01T07:03:55.734 -9.04128000E-04 -9.25857000E-04  1.11625100E-03
2002-01-01T07:03:56.730  8.04992000E-04  5.39344000E-04 -5.18941000E-04
2002-01-01T07:03:57.737 -8.80470000E-04 -9.82333000E-04 -4.93423000E-04
2002-01-01T07:03:58.730  6.63670000E-04  8.59436000E-04 -4.54439000E-04
2002-01-01T07:03:59.730 -1.15752000E-03 -1.50405000E-04 -3.42928000E-04
2002-01-01T07:04:00.730  5.07894000E-04  1.32901100E-03  6.57520000E-05
2002-01-01T07:04:01.734 -5.02802000E-04 -8.67700000E-06 -2.66964000E-04
2002-01-01T07:04:02.734  1.30880200E-03  2.92486000E-04 -1.14168500E-03
2002-01-01T07:04:03.730 -2.41455000E-04 -4.56411000E-04 -7.35360000E-05
2002-01-01T07:04:04.730  5.36286000E-04  9.56077000E-04 -5.06107000E-04
2002-01-01T07:04:05.734 -7.96722000E-04  8.16670000E-05  2.26440000E-05
2002-01-01T07:04:06.726  3.00779000E-04  2.38716000E-04  4.41389000E-04
2002-01-01T07:04:07.734  5.75877000E-04 -6.33170000E-04 -1.86070000E-05
2002-01-01T07:04:08.730  2.23100000E-04 -1.60245000E-04  3.16007000E-04
2002-01-01T07:04:09.730 -7.53918000E-04 -2.96640000E-05 -2.13383000E-04
2002-01-01T07:04:10.730 -6.21844000E-04  3.67825000E-04 -5.50330000E-04
2002-01-01T07:04:11.734  9.34293000E-04  9.90193000E-04 -4.82426000E-04
2002-01-01T07:04:12.730 -4.64610000E-05 -6.54685000E-04 -1.08507700E-03
2002-01-01T07:04:13.737  6.48169000E-04 -3.32996000E-04 -5.95430000E-05
2002-01-01T07:04:14.730 -7.52618000E-04 -3.12023000E-04  1.05997000E-04
2002-01-01T07:04:15.730 -4.61481000E-04  9.17806000E-04  7.31209000E-04
2002-01-01T07:04:16.730 -8.88156000E-04 -3.24289000E-04  5.54840000E-04
2002-01-01T07:04:17.734  1.72909300E-03 -3.76140000E-05 -9.59027000E-04
2002-01-01T07:04:18.734 -4.19718000E-04 -1.19278900E-03 -8.27280000E-04
2002-01-01T07:04:19.730  7.10985000E-04  7.25001000E-04  8.07779000E-04
2002-01-01T07:04:20.730 -1.07813000E-03 -2.89686000E-04 -2.27100000E-05
2002-01-01T07:04:21.734  2.48090000E-05  1.19752300E-03 -1.45416700E-03
2002-01-01T07:04:22.726 -6.59321000E-04 -1.03499900E-03  9.31374000E-04
2002-01-01T07:04:23.734  6.30103000E-04  2.46407000E-04 -8.44369000E-04
2002-01-01T07:04:24.730  6.49620000E-05 -4.30696000E-04  9.85281000E-04
2002-01-01T07:04:25.730  1.46993000E-04  3.04610000E-05  4.69241000E-04
2002-01-01T07:04:26.730 -1.17526500E-03  3.93562000E-04 -1.36002400E-03
2002-01-01T07:04:27.734 -1.19894600E-03  6.64937000E-04  2.64263000E-04
2002-01-01T07:04:28.730  8.23692000E-04  7.02825000E-04 -5.93546000E-04
2002-01-01T07:04:29.737  6.80970000E-05 -1.18197000E-03 -1.03960400E-03
2002-01-01T07:04:30.730  9.63639000E-04  6.67392000E-04  5.33371000E-04
2002-01-01T07:04:31.730 -1.12889700E-03 -3.39390000E-04 -7.76567000E-04
2002-01-01T07:04:32.730  5.85908000E-04  1.24069400E-03  1.03114800E-03
2002-01-01T07:04:33.733 -1.90075200E-03  1.98619000E-04  1.64717000E-04
2002-01-01T07:04:34.733  5.26055000E-04  1.87246000E-04  8.30207000E-04
2002-01-01T07:04:35.730 -9.55920000E-05 -5.43843000E-04  1.30080800E-03
2002-01-01T07:04:36.730  3.12696000E-04 -1.09540000E-05 -2.04233000E-04
2002-01-01T07:04:37.733 -3.04751000E-04  5.99377000E-04 -8.95488000E-04
2002-01-01T07:04:38.726 -6.60231000E-04  1.97994000E-04  3.57659000E-04
2002-01-01T07:04:39.733 -4.84520000E-05  1.23961900E-03 -7.66037000E-04
2002-01-01T07:04:40.730 -5.10316000E-04 -5.63240000E-05  2.88448000E-04
2002-01-01T07:04:41.730  1.01037800E-03  2.63035000E-04 -8.47073000E-04
2002-01-01T07:04:42.730 -3.94743000E-04 -8.21620000E-04 -2.19720000E-04
2002-01-01T07:04:43.733  7.46716000E-04  1.19787300E-03 -6.24870000E-05
2002-01-01T07:04:44.730 -1.68164200E-03 -4.75138000E-04 -1.91000000E-04
2002-01-01T07:04:45.737  5.60540000E-05  1.63571000E-03 -4.90910000E-04
2002-01-01T07:04:46.730 -1.07787900E-03 -9.05370000E-04  3.61249000E-04
2002-01-01T07:04:47.730  8.04890000E-04  1.31323000E-04 -5.84277000E-04
2002-01-01T07:04:48.730  7.72540000E-04 -9.31910000E-04 -4.22750000E-05
2002-01-01T07:04:49.733 -5.87410000E-05  3.39360000E-05  5.06576000E-04
2002-01-01T07:04:50.733  7.60980000E-05  3.33038000E-04 -8.97460000E-05
2002-01-01T07:04:51.730 -1.00643600E-03  5.84895000E-04  5.73539000E-04
2002-01-01T07:04:52.730  3.92310000E-04  1.00382700E-03 -8.18370000E-05
2002-01-01T07:04:53.733 -1.35730000E-04 -3.78254000E-04  4.15487000E-04
2002-01-01T07:04:54.726  1.45045800E-03  2.40567000E-04  7.51574000E-04
2002-01-01T07:04:55.733  4.94392000E-04 -3.92360000E-04 -4.43906000E-04
2002-01-01T07:04:56.730  6.89299000E-04  4.22257000E-04 -2.84070000E-04
2002-01-01T07:04:57.730 -1.06095100E-03  2.50659000E-04  6.15900000E-06
2002-01-01T07:04:58.730 -6.35830000E-05  7.37560000E-04 -3.06594000E-04
2002-01-01T07:04:59.733 -2.93991000E-04  6.76056000E-04  5.44648000E-04
2002-01-01T07:05:00.730 -2.87446000E-04 -3.90580000E-04  1.02928000E-03
2002-01-01T07:05:01.737  9.40267000E-04  6.47509000E-04  3.82615000E-04
2002-01-01T07:05:02.730 -3.73764000E-04 -7.46213000E-04  8.37785000E-04
2002-01-01T07:05:03.730  9.58775000E-04  1.18989900E-03  1.61650000E-05
2002-01-01T07:05:04.730 -8.76601000E-04  2.04930000E-04  2.75960000E-05
2002-01-01T07:05:05.733  1.23979000E-04  1.50584300E-03  1.18261100E-03
2002-01-01T07:05:06.733 -1.52607800E-03  1.88409000E-04 -5.42424000E-04
2002-01-01T07:05:07.730 -2.82724000E-04  1.01849800E-03  1.07460100E-03
2002-01-01T07:05:08.730 -1.54448000E-04  9.05970000E-05  4.01893000E-04
2002-01-01T07:05:09.733  2.84827000E-04 -3.69706000E-04 -9.30014000E-04
2002-01-01T07:05:10.726  5.80717000E-04  7.77621000E-04 -9.70630000E-05
2002-01-01T07:05:11.733 -7.41828000E-04 -2.50103000E-04  4.31380000E-05
2002-01-01T07:05:12.730  4.31238000E-04  1.29981700E-03 -1.87841000E-04
2002-01-01T07:05:13.730 -1.51492000E-03  2.74200000E-04  8.88403000E-04
2002-01-01T07:05:14.730 -1.28438000E-04  1.42003900E-03 -4.90599000E-04
2002-01-01T07:05:15.733 -9.08840000E-04  3.77791000E-04 -6.93841000E-04
2002-01-01T07:05:16.730  2.07097000E-04 -5.56360000E-04  6.96059000E-04
2002-01-01T07:05:17.737  1.04476000E-03  9.32210000E-05 -1.09926700E-03
2002-01-01T07:05:18.730  1.96624000E-04 -6.57212000E-04  8.84730000E-05
2002-01-01T07:05:19.730  7.81134000E-04  8.47643000E-04  4.85876000E-04
2002-01-01T07:05:20.730 -1.26511200E-03 -3.32260000E-05 -1.01266900E-03
2002-01-01T07:05:21.733  5.74890000E-05  1.16585000E-03  5.60990000E-05
2002-01-01T07:05:22.733 -2.97154000E-04  1.14967600E-03  1.88300000E-04
2002-01-01T07:05:23.730 -7.62171000E-04  5.25169000E-04 -4.41801000E-04
2002-01-01T07:05:24.730 -1.28262000E-04  2.05744200E-03  2.68850000E-04
2002-01-01T07:05:25.733 -1.13106200E-03  3.13118000E-04  2.88270000E-04
2002-01-01T07:05:26.726  6.72849000E-04  9.44322000E-04  4.50784000E-04
2002-01-01T07:05:27.733  4.28118000E-04  1.36732000E-04  7.14277000E-04
2002-01-01T07:05:28.730 -1.48880000E-04 -6.19371000E-04 -1.76170000E-04
2002-01-01T07:05:29.730  1.02073200E-03  6.89310000E-04 -6.73393000E-04
2002-01-01T07:05:30.730 -3.88751000E-04 -6.94548000E-04 -4.36640000E-04
2002-01-01T07:05:31.733  3.69280000E-04  1.27672000E-04 -5.22799000E-04
2002-01-01T07:05:32.730  5.91763000E-04  8.83154000E-04  1.38719900E-03
2002-01-01T07:05:33.737 -1.21902000E-04  1.90430000E-04 -4.43052000E-04
2002-01-01T07:05:34.730  2.26232000E-04  7.97567000E-04 -4.51311000E-04
2002-01-01T07:05:35.730  2.13909000E-04  1.12297800E-03  2.23479000E-04
2002-01-01T07:05:36.730 -1.08408200E-03  7.38510000E-05 -1.41042200E-03
2002-01-01T07:05:37.733  5.97146000E-04  1.50588500E-03  3.19612000E-04
2002-01-01T07:05:38.733 -2.96434000E-04  4.40414000E-04  1.55610000E-05
2002-01-01T07:05:39.729 -9.09115000E-04  6.88774000E-04 -3.30985000E-04
2002-01-01T07:05:40.729  6.96679000E-04  1.86624400E-03  8.44012000E-04
2002-01-01T07:05:41.733 -1.10552500E-03  4.24055000E-04 -4.42290000E-05
2002-01-01T07:05:42.726 -4.31261000E-04  8.65809000E-04 -1.27127400E-03
2002-01-01T07:05:43.733  9.03671000E-04  2.02011700E-03  1.73176000E-03
2002-01-01T07:05:44.729 -1.16265300E-03  7.54219000E-04  2.40341000E-04
2002-01-01T07:05:45.729 -2.05257000E-04  1.09252000E-03 -1.37386000E-04
2002-01-01T07:05:46.729  6.46030000E-04  1.77607800E-03  3.27812000E-04
2002-01-01T07:05:47.733 -1.19646800E-03 -4.71322000E-04 -6.10054000E-04
2002-01-01T07:05:48.729 -2.16292000E-04  9.21111000E-04 -1.93389000E-04
2002-01-01T07:05:49.737  6.75972000E-04  1.56374700E-03  6.68000000E-07
2002-01-01T07:05:50.729 -8.83607000E-04  3.02384000E-04 -1.37473900E-03
2002-01-01T07:05:51.729 -3.20403000E-04  7.71135000E-04  1.10738200E-03
2002-01-01T07:05:52.729  6.74783000E-04  1.70099600E-03  2.76955000E-04
2002-01-01T07:05:53.733 -5.88171000E-04 -3.78440000E-05 -1.00116100E-03
2002-01-01T07:05:54.733 -9.16007000E-04  2.46181000E-04  9.87461000E-04
2002-01-01T07:05:55.729  1.01322100E-03  1.12021900E-03  3.38268000E-04
2002-01-01T07:05:56.729  1.33507000E-04  4.44005000E-04 -3.22033000E-04
2002-01-01T07:05:57.733 -7.81078000E-04 -2.65008000E-04  2.56658000E-04
2002-01-01T07:05:58.726  5.75419000E-04  7.21630000E-04  3.51930000E-05
2002-01-01T07:05:59.733  8.66883000E-04  9.64038000E-04  2.20174000E-04
2002-01-01T07:06:00.729 -1.69092000E-04 -1.42657000E-04  2.37444000E-04
2002-01-01T07:06:01.729 -6.13410000E-04  5.61577000E-04  2.31228000E-04
2002-01-01T07:06:02.729 -4.27950000E-05  1.79962800E-03 -1.93815000E-04
2002-01-01T07:06:03.733  2.42195000E-04  3.20422600E-03  5.03531000E-04
2002-01-01T07:06:04.729 -9.48562000E-04  1.67081700E-03 -4.57871000E-04
2002-01-01T07:06:05.737 -8.25406000E-04  2.31462000E-04  2.36389000E-04
2002-01-01T07:06:06.729  2.38908000E-04  8.71095000E-04  4.48607000E-04
2002-01-01T07:06:07.729  1.18349300E-03  1.46882600E-03  2.49771000E-04
2002-01-01T07:06:08.729  5.88892000E-04  1.85365900E-03 -2.02585000E-04
2002-01-01T07:06:09.733 -7.35769000E-04  3.20460000E-05 -2.06968000E-04
2002-01-01T07:06:10.733 -9.14350000E-05  4.48274000E-04  2.13464000E-04
2002-01-01T07:06:11.729  6.39900000E-06  2.01774900E-03  1.04787200E-03
2002-01-01T07:06:12.729  5.01679000E-04  2.80218800E-03 -7.33692000E-04
2002-01-01T07:06:13.733 -1.73961000E-04  1.23395500E-03 -8.83894000E-04
2002-01-01T07:06:14.726 -8.11285000E-04  2.96452000E-04  3.39290000E-04
2002-01-01T07:06:15.733 -6.47335000E-04  5.13076000E-04 -2.02013000E-04
2002-01-01T07:06:16.729 -1.50811900E-03  2.03974600E-03  2.76319000E-04
2002-01-01T07:06:17.729 -5.40226000E-04  1.09018000E-03  6.22619000E-04
2002-01-01T07:06:18.729 -7.47786000E-04  2.19304600E-03 -1.61565700E-03
2002-01-01T07:06:19.733 -9.52460000E-04  1.72609400E-03  5.63872000E-04
2002-01-01T07:06:20.729 -1.15796400E-03  1.64201900E-03 -8.02151000E-04
2002-01-01T07:06:21.737 -7.23872000E-04  2.50983400E-03  6.74081000E-04
2002-01-01T07:06:22.729 -2.17868000E-04  3.51888000E-03  3.17150000E-05
2002-01-01T07:06:23.729  1.68020900E-03  3.09997800E-03 -2.72018000E-04
2002-01-01T07:06:24.729 -5.11140000E-05  3.62652300E-03 -2.78150000E-04
2002-01-01T07:06:25.733 -9.05949000E-04  2.51238900E-03 -2.43947000E-04
2002-01-01T07:06:26.733  4.78964000E-04  3.14842000E-03  4.57839000E-04
2002-01-01T07:06:27.729  4.97452000E-04  4.33125500E-03  1.34918700E-03
2002-01-01T07:06:28.729 -4.75585000E-04  3.35839400E-03 -5.94672000E-04
2002-01-01T07:06:29.733 -6.74575000E-04  2.59023600E-03 -7.70132000E-04
2002-01-01T07:06:30.726  7.37186000E-04  4.05563600E-03  1.12817600E-03
2002-01-01T07:06:31.733 -8.61031000E-04  3.47832100E-03 -2.53100000E-04
2002-01-01T07:06:32.729 -8.47009000E-04  3.61400100E-03  4.86387000E-04
2002-01-01T07:06:33.729  1.62931000E-04  5.01196800E-03  1.41914000E-03
2002-01-01T07:06:34.729 -1.17395900E-03  3.86531400E-03 -6.04221000E-04
2002-01-01T07:06:35.733  3.56948000E-04  5.24381500E-03  4.16945000E-04
2002-01-01T07:06:36.729 -9.74442000E-04  3.62118200E-03  4.04596000E-04
2002-01-01T07:06:37.737  9.67942000E-04  5.53057700E-03 -1.35914000E-04
2002-01-01T07:06:38.729 -1.94228200E-03  4.29760900E-03  7.75804000E-04
2002-01-01T07:06:39.729  1.86931000E-04  5.18740900E-03  7.28110000E-05
2002-01-01T07:06:40.729  1.82112000E-04  5.72520600E-03 -1.04632900E-03
2002-01-01T07:06:41.733 -1.27823200E-03  4.03038400E-03  3.33797000E-04
2002-01-01T07:06:42.733  5.71766000E-04  4.97390000E-03  5.95592000E-04
2002-01-01T07:06:43.729  9.79361000E-04  6.35597800E-03  1.39569000E-04
2002-01-01T07:06:44.729  1.01977300E-03  7.16054800E-03  1.04014000E-04
2002-01-01T07:06:45.733 -1.78692000E-04  6.81614000E-03 -6.30164000E-04
2002-01-01T07:06:46.725  2.15510000E-05  6.55741600E-03 -6.90510000E-05
2002-01-01T07:06:47.733 -3.02917000E-04  4.72397200E-03  5.49389000E-04
2002-01-01T07:06:48.729 -8.85994000E-04  6.36747400E-03 -7.76794000E-04
2002-01-01T07:06:49.729 -4.18104000E-04  6.18260600E-03  5.93384000E-04
2002-01-01T07:06:50.729 -7.95880000E-05  5.87811100E-03 -6.11659000E-04
2002-01-01T07:06:51.733  1.25847800E-03  8.56481500E-03  5.51728000E-04
2002-01-01T07:06:52.729  2.38417000E-04  8.08274300E-03  7.72824000E-04
2002-01-01T07:06:53.737 -1.58989600E-03  7.58446200E-03  9.80000000E-07
2002-01-01T07:06:54.729  8.43343000E-04  9.02314300E-03 -4.73900000E-05
2002-01-01T07:06:55.729 -5.46050000E-04  9.03483300E-03  1.02777000E-03
2002-01-01T07:06:56.729 -1.13666400E-03  8.14226600E-03 -5.96764000E-04
2002-01-01T07:06:57.733  5.53420000E-04  9.14802000E-03  6.44421000E-04
2002-01-01T07:06:58.733  8.41039000E-04  1.01498970E-02  1.22603100E-03
2002-01-01T07:06:59.729 -1.64191900E-03  9.22879200E-03 -1.13437800E-03
2002-01-01T07:07:00.729  1.28445000E-04  9.72740900E-03  6.67245000E-04
2002-01-01T07:07:01.733  7.08129000E-04  1.07827580E-02  6.22283000E-04
2002-01-01T07:07:02.725  9.84730000E-05  1.06101340E-02 -7.30517000E-04
2002-01-01T07:07:03.733 -1.05241700E-03  9.39548000E-03  7.06173000E-04
2002-01-01T07:07:04.729 -8.71580000E-04  1.04511980E-02  1.20832200E-03
2002-01-01T07:07:05.729 -2.66176000E-04  1.05083170E-02  6.99509000E-04
2002-01-01T07:07:06.729 -2.50980000E-05  1.08423030E-02  5.46785000E-04
2002-01-01T07:07:07.733 -7.16003000E-04  1.10329310E-02 -1.86619000E-04
2002-01-01T07:07:08.729 -9.06900000E-04  1.07037680E-02  8.10700000E-04
2002-01-01T07:07:09.737 -1.11790400E-03  1.02435360E-02 -3.03928000E-04
2002-01-01T07:07:10.729 -1.22602000E-03  1.06334970E-02 -1.21850000E-04
2002-01-01T07:07:11.729  7.82969000E-04  1.25712080E-02  1.31824000E-03
2002-01-01T07:07:12.729 -4.19941000E-04  1.23196020E-02 -1.46082000E-04
2002-01-01T07:07:13.733 -2.02275600E-03  1.15581990E-02  1.95219600E-03
2002-01-01T07:07:14.733  1.03478300E-03  1.32350450E-02  5.52447000E-04
2002-01-01T07:07:15.729 -6.09020000E-04  1.23830650E-02 -6.54617000E-04
2002-01-01T07:07:16.729 -1.18927400E-03  1.17384950E-02  5.20458000E-04
2002-01-01T07:07:17.733  3.56316000E-04  1.37070760E-02  5.72939000E-04
2002-01-01T07:07:18.729  2.05486000E-04  1.36519420E-02 -2.52037000E-04
2002-01-01T07:07:19.733 -1.07411200E-03  1.26710130E-02  9.78851000E-04
2002-01-01T07:07:20.729  1.19592900E-03  1.41454730E-02  8.52077000E-04
2002-01-01T07:07:21.729 -1.82990500E-03  1.24118730E-02  1.18932000E-04
2002-01-01T07:07:22.729  6.72500000E-06  1.41093060E-02  4.43226000E-04
2002-01-01T07:07:23.733 -3.90937000E-04  1.40717160E-02  1.16804000E-04
2002-01-01T07:07:24.729  2.21000000E-05  1.27140830E-02 -8.66080000E-05
2002-01-01T07:07:25.737 -1.19965000E-03  1.20537890E-02 -1.27924000E-04
2002-01-01T07:07:26.729 -2.62664000E-04  1.30249000E-02  1.06628000E-04
2002-01-01T07:07:27.729  4.80582000E-04  1.46694030E-02  6.83406000E-04
2002-01-01T07:07:28.729  6.89143000E-04  1.53772910E-02  8.83767000E-04
2002-01-01T07:07:29.733  9.70650000E-04  1.44214120E-02  2.97463000E-04
2002-01-01T07:07:30.733 -2.10025500E-03  1.36235790E-02  1.01417700E-03
2002-01-01T07:07:31.729 -3.38531000E-04  1.80442720E-02 -5.94160000E-05
2002-01-01T07:07:32.729  1.14330900E-03  1.91699640E-02 -2.67030000E-05
2002-01-01T07:07:33.733  5.34415000E-04  1.78384930E-02  4.28912000E-04
2002-01-01T07:07:34.725 -8.88000000E-06  1.83728170E-02 -7.41662000E-04
2002-01-01T07:07:35.733  1.53905000E-03  1.96895170E-02  2.84910000E-05
2002-01-01T07:07:36.729 -2.56441000E-04  1.82734410E-02  1.54589000E-04
2002-01-01T07:07:37.729  2.82490000E-05  1.92684890E-02  2.54241000E-04
2002-01-01T07:07:38.729  2.74727000E-04  1.90297440E-02 -1.03072000E-04
2002-01-01T07:07:39.733 -6.03917000E-04  1.92246900E-02  1.06888200E-03
2002-01-01T07:07:40.729 -6.86181000E-04  1.78136120E-02  5.52077000E-04
2002-01-01T07:07:41.737  3.34636000E-04  1.92091820E-02  1.02111200E-03
2002-01-01T07:07:42.729 -7.87736000E-04  1.85818000E-02  3.84739000E-04
2002-01-01T07:07:43.729 -5.87364000E-04  1.94606020E-02 -6.20402000E-04
2002-01-01T07:07:44.729 -9.00032000E-04  1.83998310E-02  2.34419000E-04
2002-01-01T07:07:45.733 -7.79147000E-04  1.97072070E-02  1.76128700E-03
2002-01-01T07:07:46.733 -5.48745000E-04  1.99977050E-02  5.48490000E-04
2002-01-01T07:07:47.729  1.14926000E-04  1.93142870E-02  5.30004000E-04
2002-01-01T07:07:48.729  1.85180000E-05  1.94414710E-02  6.41020000E-05
2002-01-01T07:07:49.733 -7.57305000E-04  1.80903620E-02 -1.17454000E-04
2002-01-01T07:07:50.725 -8.99021000E-04  1.85019240E-02  9.46969000E-04
2002-01-01T07:07:51.733  4.70540000E-04  1.86099060E-02  2.39251000E-04
2002-01-01T07:07:52.729 -8.77484000E-04  1.71519130E-02  6.48708000E-04
2002-01-01T07:07:53.729  2.05877000E-04  1.88762430E-02  4.95205000E-04
2002-01-01T07:07:54.729 -1.49064100E-03  1.70277510E-02  3.19654000E-04
2002-01-01T07:07:55.733  4.42600000E-06  1.90077910E-02  1.57942000E-04
2002-01-01T07:07:56.729 -2.75605000E-04  1.97407980E-02  2.99390000E-05
2002-01-01T07:07:57.737 -4.85864000E-04  1.99728030E-02  1.66913000E-04
2002-01-01T07:07:58.729 -2.67214000E-04  1.98050810E-02  7.50834000E-04
2002-01-01T07:07:59.729 -2.34899000E-04  1.97298450E-02 -2.75098000E-04
2002-01-01T07:08:00.729 -2.34159700E-03  1.58903300E-02  6.58430000E-04
2002-01-01T07:08:01.733 -6.75971000E-04  1.83259510E-02  1.12397500E-03
2002-01-01T07:08:02.733 -1.63321000E-04  1.94070150E-02  1.00290100E-03
2002-01-01T07:08:03.729 -4.10833000E-04  1.80680450E-02  6.76849000E-04
2002-01-01T07:08:04.729 -1.13060000E-04  1.61522250E-02  1.49950600E-03
2002-01-01T07:08:05.733  3.81961000E-04  1.58133620E-02 -2.62041000E-04
2002-01-01T07:08:06.725 -4.50870000E-04  1.73834670E-02  8.04415000E-04
2002-01-01T07:08:07.733 -1.67028000E-04  1.71540080E-02  5.97614000E-04
2002-01-01T07:08:08.729 -5.73158000E-04  2.04082040E-02 -9.19420000E-05
2002-01-01T07:08:09.729 -1.30567100E-03  2.09530410E-02  7.39912000E-04
2002-01-01T07:08:10.729  2.59367000E-04  2.31457780E-02  5.87779000E-04
2002-01-01T07:08:11.733  4.20712000E-04  2.37791870E-02  2.64345000E-04
2002-01-01T07:08:12.729 -7.05970000E-04  2.18109880E-02  2.69614000E-04
2002-01-01T07:08:13.737 -5.92756000E-04  2.37102830E-02  1.23255300E-03
2002-01-01T07:08:14.729 -3.22510000E-05  2.48951930E-02  1.32644900E-03
2002-01-01T07:08:15.729  1.78190000E-04  2.31331680E-02  4.55043000E-04
2002-01-01T07:08:16.729  1.53596300E-03  2.48943770E-02 -1.14456000E-04
2002-01-01T07:08:17.733  1.10034600E-03  2.51056070E-02  1.51776900E-03
2002-01-01T07:08:18.733 -8.10227000E-04  2.24571470E-02 -2.58842000E-04
2002-01-01T07:08:19.729 -8.64136000E-04  2.25243660E-02  4.52992000E-04
2002-01-01T07:08:20.729 -8.51400000E-06  2.56447620E-02  1.46545300E-03
2002-01-01T07:08:21.733 -2.20056000E-04  2.50325800E-02 -7.58018000E-04
2002-01-01T07:08:22.725 -2.96516000E-04  2.52238070E-02  1.40988400E-03
2002-01-01T07:08:23.733 -1.60238000E-04  2.36200060E-02  1.09188300E-03
2002-01-01T07:08:24.729 -1.15254600E-03  2.20351160E-02 -1.19984800E-03
2002-01-01T07:08:25.729 -7.95999000E-04  2.29054150E-02  1.28561100E-03
2002-01-01T07:08:26.729 -4.43000000E-07  2.19809280E-02  4.21022000E-04
2002-01-01T07:08:27.733 -1.10809100E-03  2.18727010E-02 -3.65179000E-04
2002-01-01T07:08:28.729  1.68608400E-03  2.39876880E-02  1.39067000E-04
2002-01-01T07:08:29.737 -7.52207000E-04  2.11688540E-02  3.72363000E-04
2002-01-01T07:08:30.729 -7.58242000E-04  2.04343940E-02  5.87470000E-04
2002-01-01T07:08:31.729 -9.59355000E-04  2.08431740E-02  4.37207000E-04
2002-01-01T07:08:32.729 -1.31137000E-04  2.15953890E-02 -5.14080000E-05
2002-01-01T07:08:33.733  5.09994000E-04  2.51016130E-02  8.13358000E-04
2002-01-01T07:08:34.733  1.04600400E-03  2.50288840E-02  1.33625300E-03
2002-01-01T07:08:35.729 -1.52958100E-03  2.22027990E-02 -5.92644000E-04
2002-01-01T07:08:36.729  7.03569000E-04  2.28504710E-02  1.29368000E-03
2002-01-01T07:08:37.733 -1.02154100E-03  2.11081040E-02  9.62277000E-04
2002-01-01T07:08:38.725  1.37418000E-03  2.27453650E-02 -5.28025000E-04
2002-01-01T07:08:39.733 -1.22197700E-03  2.01359000E-02  7.32479000E-04
2002-01-01T07:08:40.729 -7.94480000E-04  2.12297010E-02  3.25493000E-04
2002-01-01T07:08:41.729  3.48011000E-04  2.32231370E-02 -1.99150000E-04
2002-01-01T07:08:42.729  6.03530000E-05  2.08139850E-02  2.03702000E-04
2002-01-01T07:08:43.733 -8.71145000E-04  2.22675800E-02  1.20602300E-03
2002-01-01T07:08:44.729 -4.93209000E-04  2.19371560E-02 -7.10286000E-04
2002-01-01T07:08:45.737  1.11749200E-03  2.36849600E-02  1.17929700E-03
2002-01-01T07:08:46.729 -9.20517000E-04  2.11911130E-02  5.72034000E-04
2002-01-01T07:08:47.729 -1.76615300E-03  2.10460980E-02 -2.27520000E-04
2002-01-01T07:08:48.729 -1.75408000E-04  2.00812160E-02  8.85473000E-04
2002-01-01T07:08:49.733 -1.40608700E-03  2.12835600E-02  1.28380000E-05
2002-01-01T07:08:50.733 -7.60670000E-04  2.23625580E-02  1.75208100E-03
2002-01-01T07:08:51.729  9.15043000E-04  2.42378430E-02  5.16363000E-04
2002-01-01T07:08:52.729  5.85995000E-04  2.37436740E-02  1.86288000E-04
2002-01-01T07:08:53.733 -1.72509800E-03  2.23824790E-02  1.29006900E-03
2002-01-01T07:08:54.725 -1.08764300E-03  2.44310760E-02  1.00811800E-03
2002-01-01T07:08:55.733 -1.08401900E-03  2.33161800E-02  1.46114000E-04
2002-01-01T07:08:56.729 -1.58561000E-03  2.36159100E-02  9.83261000E-04
2002-01-01T07:08:57.729 -2.20043000E-04  2.27229130E-02  9.54847000E-04
2002-01-01T07:08:58.729 -5.12216000E-04  2.03637650E-02 -5.45933000E-04
2002-01-01T07:08:59.733  7.96710000E-05  2.05930710E-02  1.32395500E-03
2002-01-01T07:09:00.729  2.67693000E-04  1.86367970E-02 -4.18740000E-05
2002-01-01T07:09:01.737  4.01184000E-04  1.88798010E-02 -1.02347300E-03
2002-01-01T07:09:02.729  1.83486000E-04  1.93733540E-02  1.26492100E-03
2002-01-01T07:09:03.729 -1.63577000E-03  1.65724080E-02  5.55947000E-04
2002-01-01T07:09:04.729 -1.04029000E-04  1.79199090E-02  4.14042000E-04
2002-01-01T07:09:05.733  9.93500000E-05  1.91572460E-02  8.27641000E-04
2002-01-01T07:09:06.733 -1.43328000E-04  1.87269930E-02 -5.75921000E-04
2002-01-01T07:09:07.729 -6.61853000E-04  1.95334610E-02  1.21008000E-04
2002-01-01T07:09:08.729 -1.58546300E-03  1.73350650E-02  4.84532000E-04
2002-01-01T07:09:09.733 -1.69569000E-04  1.90997220E-02 -5.05358000E-04
2002-01-01T07:09:10.725 -4.16414000E-04  1.98790230E-02  1.83199100E-03
2002-01-01T07:09:11.733 -5.68930000E-05  1.94834380E-02 -2.56925000E-04
2002-01-01T07:09:12.729 -3.96738000E-04  1.89640470E-02 -7.65423000E-04
2002-01-01T07:09:13.729 -4.24923000E-04  2.13305430E-02  1.27879200E-03
2002-01-01T07:09:14.729 -6.54651000E-04  2.03983730E-02  6.49040000E-04
2002-01-01T07:09:15.733 -2.71608400E-03  1.82422050E-02 -4.66750000E-04
2002-01-01T07:09:16.729  2.41040000E-05  1.81037490E-02  8.42912000E-04
2002-01-01T07:09:17.737 -1.31060000E-05  1.77823750E-02  5.03760000E-04
2002-01-01T07:09:18.729 -4.05396000E-04  1.79221630E-02  8.98069000E-04
2002-01-01T07:09:19.729 -1.91384800E-03  1.53443690E-02  1.02224300E-03
2002-01-01T07:09:20.729 -1.30174800E-03  1.41526760E-02 -2.77760000E-05
2002-01-01T07:09:21.733  1.29665300E-03  1.80214290E-02  6.04507000E-04
2002-01-01T07:09:22.733  4.01918000E-04  1.59309600E-02  2.58202000E-04
2002-01-01T07:09:23.729 -1.49924300E-03  1.29452820E-02  2.38449000E-04
2002-01-01T07:09:24.729  5.96983000E-04  1.75932680E-02  3.60106000E-04
2002-01-01T07:09:25.733  3.77900000E-04  1.75099970E-02  1.93558000E-04
2002-01-01T07:09:26.725 -4.12900000E-06  1.64064750E-02  9.17393000E-04
2002-01-01T07:09:27.733  2.21324000E-04  1.51304360E-02  1.29923600E-03
2002-01-01T07:09:28.729 -8.97216000E-04  1.24150930E-02  1.45476000E-04
2002-01-01T07:09:29.729  7.47314000E-04  1.40936370E-02 -3.07073000E-04
2002-01-01T07:09:30.729 -1.49929200E-03  1.27552420E-02  1.25437300E-03
2002-01-01T07:09:31.733  4.29335000E-04  1.23415580E-02 -7.86460000E-04
2002-01-01T07:09:32.729  1.09823200E-03  1.23902730E-02  7.46767000E-04
2002-01-01T07:09:33.737  1.70878000E-04  1.18162830E-02 -2.22870000E-05
2002-01-01T07:09:34.729 -6.13548000E-04  1.08272570E-02 -3.27053000E-04
2002-01-01T07:09:35.729 -7.94276000E-04  1.09654530E-02  2.92669000E-04
2002-01-01T07:09:36.729 -6.73782000E-04  1.13733450E-02 -3.91407000E-04
2002-01-01T07:09:37.733 -1.15865900E-03  9.68935600E-03 -5.55743000E-04
2002-01-01T07:09:38.733 -1.47990400E-03  1.08525990E-02  1.30502300E-03
2002-01-01T07:09:39.729  7.57770000E-05  1.22368140E-02 -8.82590000E-05
2002-01-01T07:09:40.729 -1.87028000E-04  1.00799410E-02 -1.78878000E-04
2002-01-01T07:09:41.733 -8.67836000E-04  9.76894400E-03  8.85871000E-04
2002-01-01T07:09:42.725  4.92939000E-04  1.14314060E-02 -9.04130000E-05
2002-01-01T07:09:43.733 -1.17629700E-03  9.09275000E-03  2.26065000E-04
2002-01-01T07:09:44.729 -8.85121000E-04  9.26665600E-03  9.21764000E-04
2002-01-01T07:09:45.729 -4.25388000E-04  1.00452070E-02 -2.48352000E-04
2002-01-01T07:09:46.729  2.82302000E-04  1.02204270E-02  5.21201000E-04
2002-01-01T07:09:47.733  1.29190400E-03  1.05808280E-02  5.81116000E-04
2002-01-01T07:09:48.729 -2.73154000E-04  1.05766410E-02 -2.45340000E-05
2002-01-01T07:09:49.737 -6.10432000E-04  8.10950900E-03 -5.06120000E-05
2002-01-01T07:09:50.729  2.63130000E-05  9.86505300E-03  4.49274000E-04
2002-01-01T07:09:51.729  1.02662600E-03  1.06575090E-02  5.25827000E-04
2002-01-01T07:09:52.729 -1.38055000E-03  8.87594400E-03  3.34089000E-04
2002-01-01T07:09:53.733 -1.16430900E-03  9.22616100E-03  7.34658000E-04
2002-01-01T07:09:54.733 -6.77763000E-04  1.00300340E-02 -1.70796000E-04
2002-01-01T07:09:55.729  1.45698000E-04  9.90703300E-03  4.35435000E-04
2002-01-01T07:09:56.729  1.39506000E-04  1.17317360E-02  7.94906000E-04
2002-01-01T07:09:57.733  5.72975000E-04  1.15385180E-02 -1.25315000E-04
2002-01-01T07:09:58.725  5.38611000E-04  1.12149270E-02  3.09439000E-04
2002-01-01T07:09:59.733 -1.25470800E-03  8.85971500E-03  2.76067000E-04
2002-01-01T07:10:00.729  4.22009000E-04  8.98333100E-03 -6.01200000E-04
2002-01-01T07:10:01.729 -4.75791000E-04  7.71268400E-03  1.04750000E-05
2002-01-01T07:10:02.729 -5.30410000E-04  8.01027900E-03 -2.67184000E-04
2002-01-01T07:10:03.733  8.13509000E-04  9.07015000E-03 -2.75244000E-04
2002-01-01T07:10:04.729  1.03188900E-03  1.01375110E-02  1.14674100E-03
2002-01-01T07:10:05.737  9.81188000E-04  1.07837870E-02  7.37293000E-04
2002-01-01T07:10:06.729 -7.12379000E-04  1.11939020E-02 -5.32580000E-05
2002-01-01T07:10:07.729 -7.79296000E-04  9.08488900E-03  5.26255000E-04
2002-01-01T07:10:08.729  1.05019400E-03  1.05895020E-02  7.53126000E-04
2002-01-01T07:10:09.733 -1.09916800E-03  9.74057500E-03  1.44573000E-04
2002-01-01T07:10:10.733 -5.61534000E-04  7.02054500E-03 -1.81210000E-05
2002-01-01T07:10:11.729 -6.92147000E-04  8.27556600E-03  7.02000000E-07
2002-01-01T07:10:12.729 -4.90307000E-04  6.19993000E-03  8.59743000E-04
2002-01-01T07:10:13.733 -5.56448000E-04  6.98689700E-03  1.08199000E-04
2002-01-01T07:10:14.725  2.00432200E-03  7.00036100E-03 -4.46550000E-04
2002-01-01T07:10:15.733 -6.26008000E-04  7.96946200E-03  1.27902400E-03
2002-01-01T07:10:16.729  8.27500000E-05  1.00621560E-02  8.45401000E-04
2002-01-01T07:10:17.729  5.43999000E-04  1.03838180E-02 -7.59991000E-04
2002-01-01T07:10:18.729 -1.12474500E-03  8.56872400E-03 -1.27880000E-04
2002-01-01T07:10:19.733  3.22155000E-04  9.51024700E-03  1.76051600E-03
2002-01-01T07:10:20.729 -9.25053000E-04  8.32844200E-03 -8.25493000E-04
2002-01-01T07:10:21.737  8.55846000E-04  8.85842700E-03 -8.30210000E-05
2002-01-01T07:10:22.729  1.02560500E-03  8.97178900E-03  7.66890000E-04
2002-01-01T07:10:23.729 -5.45341000E-04  6.48997900E-03  1.57524000E-04
2002-01-01T07:10:24.729 -7.69759000E-04  6.81725100E-03 -3.46490000E-05
2002-01-01T07:10:25.733  7.94849000E-04  8.88861000E-03 -7.48340000E-04
2002-01-01T07:10:26.733 -1.40972800E-03  8.10829800E-03  5.00546000E-04
2002-01-01T07:10:27.729  6.33453000E-04  9.49412100E-03  8.81417000E-04
2002-01-01T07:10:28.729 -1.54639400E-03  7.39552300E-03  6.34781000E-04
2002-01-01T07:10:29.733  4.03442000E-04  7.80134600E-03  5.16667000E-04
2002-01-01T07:10:30.725  9.98147000E-04  7.25679700E-03  7.67938000E-04
2002-01-01T07:10:31.733  9.82322000E-04  7.48160600E-03 -1.18868500E-03
2002-01-01T07:10:32.729 -5.91944000E-04  7.79780400E-03  1.32317000E-04
2002-01-01T07:10:33.729  1.55408100E-03  9.59928100E-03  9.11418000E-04
2002-01-01T07:10:34.729 -4.38176000E-04  8.17809200E-03 -2.61673000E-04
2002-01-01T07:10:35.733  5.34016000E-04  9.20261400E-03  4.83774000E-04
2002-01-01T07:10:36.729 -4.67978000E-04  8.47066400E-03  6.10440000E-05
2002-01-01T07:10:37.737  4.80970000E-05  5.68251300E-03  6.13342000E-04
2002-01-01T07:10:38.729  6.57017000E-04  7.00293200E-03  2.35282000E-04
2002-01-01T07:10:39.729  6.38499000E-04  7.93029300E-03  7.56492000E-04
2002-01-01T07:10:40.729  4.86579000E-04  6.96707100E-03  3.28695000E-04
2002-01-01T07:10:41.733 -6.72100000E-04  6.72328900E-03  2.46605000E-04
2002-01-01T07:10:42.733 -1.07861000E-03  7.90942400E-03 -7.91738000E-04
2002-01-01T07:10:43.729  2.20288000E-04  6.93836500E-03 -6.79198000E-04
2002-01-01T07:10:44.729  1.46335000E-03  7.72654500E-03  4.22060000E-04
2002-01-01T07:10:45.733  4.72012000E-04  7.74796300E-03 -4.18150000E-04
2002-01-01T07:10:46.725  4.77489000E-04  6.73606500E-03  3.32832000E-04
2002-01-01T07:10:47.733  9.26283000E-04  6.41375500E-03  2.86852000E-04
2002-01-01T07:10:48.729  1.09556600E-03  6.77438800E-03 -7.07168000E-04
2002-01-01T07:10:49.729 -1.03405000E-04  6.14527000E-03  1.83187000E-04
2002-01-01T07:10:50.729 -7.91641000E-04  4.77039700E-03  3.47017000E-04
2002-01-01T07:10:51.733 -9.29174000E-04  5.15432400E-03 -3.55445000E-04
2002-01-01T07:10:52.729  3.00153000E-04  5.64762500E-03  1.19983300E-03
2002-01-01T07:10:53.737  5.74209000E-04  6.45191200E-03 -4.35526000E-04
2002-01-01T07:10:54.729 -1.11954200E-03  3.98147600E-03 -2.35541000E-04
2002-01-01T07:10:55.729  5.71567000E-04  4.73507100E-03  1.72860000E-04
2002-01-01T07:10:56.729  2.12951000E-04  4.94861800E-03 -5.37853000E-04
2002-01-01T07:10:57.733 -1.09168100E-03  4.21703500E-03  1.43249600E-03
2002-01-01T07:10:58.733  1.01031000E-04  5.79056300E-03  8.10501000E-04
2002-01-01T07:10:59.729 -1.10586600E-03  4.61578100E-03  4.21900000E-06
2002-01-01T07:11:00.729 -1.23292000E-04  4.52658200E-03  3.00464000E-04
2002-01-01T07:11:01.733  9.17036000E-04  5.89673300E-03  4.02427000E-04
2002-01-01T07:11:02.725 -5.22931000E-04  4.57984100E-03  1.21003400E-03
2002-01-01T07:11:03.733 -3.45131000E-04  5.26197600E-03  9.75272000E-04
2002-01-01T07:11:04.729  6.39306000E-04  6.24742200E-03  2.37046000E-04
2002-01-01T07:11:05.729 -1.59213200E-03  4.23729300E-03 -1.10501900E-03
2002-01-01T07:11:06.729 -3.20573000E-04  5.95354000E-03  5.97718000E-04
2002-01-01T07:11:07.733 -5.28900000E-04  4.92158300E-03  1.31095600E-03
2002-01-01T07:11:08.729 -2.98157000E-04  4.70531400E-03 -1.32308000E-04
2002-01-01T07:11:09.737 -8.69075000E-04  3.76954100E-03  1.02427100E-03
2002-01-01T07:11:10.729  5.76622000E-04  4.59275200E-03  7.05792000E-04
2002-01-01T07:11:11.729 -5.61433000E-04  2.81531300E-03  2.22086000E-04
2002-01-01T07:11:12.729  1.48814800E-03  4.88916000E-03  2.75836000E-04
2002-01-01T07:11:13.733 -3.27265000E-04  3.13190700E-03 -5.06685000E-04
2002-01-01T07:11:14.733  4.46800000E-05  4.55871100E-03  2.43977000E-04
2002-01-01T07:11:15.729 -1.51104000E-04  4.46796000E-03 -8.40690000E-05
2002-01-01T07:11:16.729 -1.41877400E-03  3.45305800E-03 -1.14699000E-04
2002-01-01T07:11:17.733  1.33658000E-04  5.01474900E-03  1.11711800E-03
2002-01-01T07:11:18.725 -7.65321000E-04  4.29558000E-03  5.45819000E-04
2002-01-01T07:11:19.733  3.96505000E-04  4.42523700E-03 -3.61101000E-04
2002-01-01T07:11:20.729  1.43062000E-03  5.71912300E-03  3.22335000E-04
2002-01-01T07:11:21.729  7.47940000E-05  6.25739400E-03  2.49259000E-04
2002-01-01T07:11:22.729 -5.93036000E-04  3.89888600E-03 -2.14287000E-04
2002-01-01T07:11:23.733 -3.36172000E-04  6.12872900E-03  4.02316000E-04
2002-01-01T07:11:24.729  5.27571000E-04  6.84766600E-03  1.57990000E-05
2002-01-01T07:11:25.737 -1.46971000E-04  3.79029800E-03  9.45677000E-04
2002-01-01T07:11:26.729 -1.17420000E-03  5.34866200E-03  2.45267000E-04
2002-01-01T07:11:27.729 -1.39120000E-05  6.56729700E-03 -5.98832000E-04
2002-01-01T07:11:28.729  2.49078000E-04  5.32278900E-03 -3.35767000E-04
2002-01-01T07:11:29.733 -9.78706000E-04  4.12569600E-03  6.74957000E-04
2002-01-01T07:11:30.733  3.13467000E-04  5.90679700E-03 -4.03635000E-04
2002-01-01T07:11:31.729 -1.19805800E-03  3.07806900E-03  4.34587000E-04
2002-01-01T07:11:32.729  5.20859000E-04  3.95048000E-03  1.98923000E-04
2002-01-01T07:11:33.733  6.91225000E-04  3.87917800E-03 -1.00795000E-03
2002-01-01T07:11:34.725 -1.36644800E-03  3.56753400E-03  4.90340000E-04
2002-01-01T07:11:35.733  9.12391000E-04  5.85694000E-03 -5.09680000E-05
2002-01-01T07:11:36.729  1.01939000E-04  3.19821100E-03 -3.47544000E-04
2002-01-01T07:11:37.729 -1.59750000E-04  3.11503500E-03  6.40583000E-04
2002-01-01T07:11:38.729  1.01742400E-03  4.37463500E-03 -8.42683000E-04
2002-01-01T07:11:39.733 -9.05310000E-04  3.26661000E-03 -2.35813000E-04
2002-01-01T07:11:40.729 -6.54786000E-04  3.70597600E-03  4.53278000E-04
2002-01-01T07:11:41.737  6.61107000E-04  4.10767800E-03 -7.71024000E-04
2002-01-01T07:11:42.729 -4.99042000E-04  2.27551100E-03 -5.15544000E-04
2002-01-01T07:11:43.729  8.36689000E-04  4.28342600E-03  7.97567000E-04
2002-01-01T07:11:44.729  3.68030000E-05  4.29301100E-03 -8.53625000E-04
2002-01-01T07:11:45.733 -7.96645000E-04  2.77521300E-03  1.59431000E-04
2002-01-01T07:11:46.733  5.70313000E-04  2.58131600E-03  7.49976000E-04
2002-01-01T07:11:47.729  7.22979000E-04  4.43354200E-03 -7.16288000E-04
2002-01-01T07:11:48.729 -4.95489000E-04  3.78963000E-03  8.99104000E-04
2002-01-01T07:11:49.733 -1.03819000E-03  2.34535400E-03  8.53338000E-04
2002-01-01T07:11:50.725  3.42501000E-04  4.04500100E-03 -2.24901000E-04
2002-01-01T07:11:51.733  6.40355000E-04  4.06128300E-03  9.62700000E-05
2002-01-01T07:11:52.729  4.27224000E-04  2.60326500E-03  5.97481000E-04
2002-01-01T07:11:53.729 -1.05439900E-03  2.63647700E-03 -8.43470000E-05
2002-01-01T07:11:54.729 -6.27209000E-04  2.63537700E-03  5.66550000E-05
2002-01-01T07:11:55.733  1.25793800E-03  3.34421500E-03  1.78749000E-04
2002-01-01T07:11:56.729  7.62633000E-04  4.11630100E-03 -3.26028000E-04
2002-01-01T07:11:57.737  9.27740000E-04  3.12666600E-03  1.98913000E-04
2002-01-01T07:11:58.729 -1.79672000E-04  3.49782000E-03 -6.75944000E-04
2002-01-01T07:11:59.729 -5.53001000E-04  1.82095300E-03  2.62779000E-04
2002-01-01T07:12:00.729 -4.14457000E-04  2.82615300E-03  1.11681500E-03
2002-01-01T07:12:01.733  1.53821200E-03  3.99900300E-03 -4.98625000E-04
2002-01-01T07:12:02.733  1.03830200E-03  3.19192500E-03 -1.43700000E-05
2002-01-01T07:12:03.729 -6.36904000E-04  3.43618400E-03  1.07582400E-03
2002-01-01T07:12:04.729 -3.89738000E-04  1.58927600E-03 -1.40739000E-03
2002-01-01T07:12:05.733 -1.72290800E-03  2.22803400E-03 -9.60290000E-05
2002-01-01T07:12:06.725  1.98350000E-05  2.85597500E-03  1.08825200E-03
2002-01-01T07:12:07.733  9.07288000E-04  4.04891700E-03 -4.85387000E-04
2002-01-01T07:12:08.729  9.70162000E-04  3.22712400E-03  7.46080000E-04
2002-01-01T07:12:09.729 -1.66890000E-05  2.92246700E-03 -9.74290000E-05
2002-01-01T07:12:10.729 -6.44935000E-04  2.74263500E-03 -9.07666000E-04
2002-01-01T07:12:11.733 -5.55504000E-04  1.79802300E-03  8.15462000E-04
2002-01-01T07:12:12.729 -1.07260000E-03  2.43786200E-03  1.53570000E-03
2002-01-01T07:12:13.737 -7.55811000E-04  1.75677100E-03 -4.60200000E-04
2002-01-01T07:12:14.729 -9.60080000E-05  3.23117800E-03 -8.10000000E-08
2002-01-01T07:12:15.729  1.93905100E-03  3.11179000E-03  2.86677000E-04
2002-01-01T07:12:16.729  2.99147000E-04  3.93524400E-03 -6.75740000E-05
2002-01-01T07:12:17.733  9.56924000E-04  2.72915800E-03  1.09782000E-03
2002-01-01T07:12:18.733 -5.81938000E-04  3.30558500E-03  4.68576000E-04
2002-01-01T07:12:19.729  3.96091000E-04  2.24194100E-03 -8.50205000E-04
2002-01-01T07:12:20.729 -8.41120000E-05  2.38170400E-03 -8.38300000E-06
2002-01-01T07:12:21.733 -1.70876000E-04  1.78099500E-03  5.86572000E-04
2002-01-01T07:12:22.725 -7.09733000E-04  1.84430900E-03  3.90971000E-04
2002-01-01T07:12:23.733 -9.98088000E-04  1.70363800E-03  2.28858000E-04
2002-01-01T07:12:24.729 -6.99805000E-04  1.34877400E-03 -1.42839000E-04
2002-01-01T07:12:25.729 -1.27726800E-03  1.80007400E-03 -1.51810900E-03
2002-01-01T07:12:26.729 -7.17635000E-04  9.00578000E-04  3.53340000E-04
2002-01-01T07:12:27.733 -1.29521100E-03  1.80923200E-03  7.49070000E-04
2002-01-01T07:12:28.729 -5.72209000E-04  1.16393200E-03 -8.99648000E-04
2002-01-01T07:12:29.737 -1.44247700E-03  1.75884400E-03  1.09101200E-03
2002-01-01T07:12:30.729 -1.13321000E-03  1.39280400E-03 -5.99375000E-04
2002-01-01T07:12:31.729 -7.94624000E-04  1.26572200E-03 -8.93365000E-04
2002-01-01T07:12:32.729 -1.52459000E-03  1.86065000E-03  4.59068000E-04
2002-01-01T07:12:33.733 -5.65574000E-04  6.28016000E-04 -1.48159000E-04
2002-01-01T07:12:34.733 -1.65770900E-03  1.80320900E-03  7.34819000E-04
2002-01-01T07:12:35.729 -9.92138000E-04  1.56907400E-03 -9.07790000E-05
2002-01-01T07:12:36.729 -9.59610000E-05  7.51284000E-04  2.03570000E-05
2002-01-01T07:12:37.733 -9.56105000E-04  1.84870300E-03  2.76086000E-04
2002-01-01T07:12:38.725 -4.98251000E-04  2.03847500E-03  1.22526100E-03
2002-01-01T07:12:39.733  4.41375000E-04  1.37135500E-03 -9.95961000E-04
2002-01-01T07:12:40.729  2.38407000E-04  2.51906200E-03  9.02140000E-05
2002-01-01T07:12:41.729  7.27195000E-04  2.31348500E-03  1.43726000E-03
2002-01-01T07:12:42.729  1.31797600E-03  2.50532500E-03 -9.02797000E-04
2002-01-01T07:12:43.733 -1.36280000E-05  1.93357400E-03  3.43490000E-05
2002-01-01T07:12:44.729  2.62027000E-04  2.38366800E-03  4.14431000E-04
2002-01-01T07:12:45.737  3.23514000E-04  1.36469400E-03  6.66573000E-04
2002-01-01T07:12:46.729 -6.80527000E-04  1.40448600E-03 -4.87046000E-04
2002-01-01T07:12:47.729 -1.38526300E-03  1.39469200E-03 -5.28057000E-04
2002-01-01T07:12:48.729 -6.96116000E-04  7.23513000E-04  3.40872000E-04
2002-01-01T07:12:49.733  7.04270000E-04  8.87144000E-04  6.41719000E-04
2002-01-01T07:12:50.733  5.26232000E-04  2.22424400E-03 -1.67503000E-04
2002-01-01T07:12:51.729  4.66230000E-05  2.61926300E-03 -2.62367000E-04
2002-01-01T07:12:52.729 -8.85281000E-04  9.67722000E-04  1.18870900E-03
2002-01-01T07:12:53.733 -1.18727300E-03  6.88981000E-04 -6.23874000E-04
2002-01-01T07:12:54.725  6.77443000E-04  5.00732000E-04 -1.40080000E-05
2002-01-01T07:12:55.733  1.06285900E-03  8.90007000E-04 -4.50295000E-04
2002-01-01T07:12:56.729  1.64140000E-04  8.71352000E-04 -3.46007000E-04
2002-01-01T07:12:57.729 -5.88637000E-04  6.07560000E-04  5.76466000E-04
2002-01-01T07:12:58.729 -4.16091000E-04  1.85097400E-03  6.28190000E-05
2002-01-01T07:12:59.733  4.34707000E-04  2.19192700E-03 -8.32534000E-04
2002-01-01T07:13:00.729 -7.73419000E-04  1.51927500E-03  6.05244000E-04
2002-01-01T07:13:01.737 -1.11932000E-03  9.72238000E-04 -3.92815000E-04
2002-01-01T07:13:02.729  6.77645000E-04  1.87189800E-03 -3.74284000E-04
2002-01-01T07:13:03.729 -1.13445100E-03  1.12460300E-03  4.19231000E-04
2002-01-01T07:13:04.729 -4.89254000E-04  4.73658000E-04  9.64186000E-04
2002-01-01T07:13:05.733  6.94778000E-04  1.40020400E-03 -1.16702900E-03
2002-01-01T07:13:06.733 -1.52225200E-03  5.30864000E-04  1.50222000E-04
2002-01-01T07:13:07.729 -4.06696000E-04  1.66289800E-03  7.59613000E-04
2002-01-01T07:13:08.729 -1.01896000E-04  1.22735700E-03 -6.31717000E-04
2002-01-01T07:13:09.733 -1.43975500E-03 -1.48070000E-05  2.44968000E-04
2002-01-01T07:13:10.725 -4.12934000E-04  1.65061300E-03  4.68250000E-05
2002-01-01T07:13:11.733 -1.18228100E-03  9.31634000E-04 -4.04598000E-04
2002-01-01T07:13:12.729 -7.17976000E-04  5.15910000E-05  7.06315000E-04
2002-01-01T07:13:13.729  2.06715000E-04  2.01836000E-03 -1.01050000E-05
2002-01-01T07:13:14.729  3.98592000E-04  6.20687000E-04 -5.76071000E-04
2002-01-01T07:13:15.733 -6.67257000E-04  1.34971000E-04  8.72936000E-04
2002-01-01T07:13:16.725  6.89486000E-04  1.91496200E-03 -7.27435000E-04
2002-01-01T07:13:17.737 -8.83241000E-04  2.22902000E-04  9.63060000E-05
2002-01-01T07:13:18.729 -8.14670000E-05  1.58084000E-04  4.59558000E-04
2002-01-01T07:13:19.729  1.18889900E-03  1.96669400E-03 -4.75003000E-04
2002-01-01T07:13:20.729 -9.64106000E-04  2.44543000E-04 -5.10521000E-04
2002-01-01T07:13:21.733  9.72490000E-05  3.44866000E-04  6.39934000E-04
2002-01-01T07:13:22.733  3.01059000E-04  5.32679000E-04 -5.22856000E-04
2002-01-01T07:13:23.729 -6.59019000E-04 -1.09605700E-03  1.51782000E-04
2002-01-01T07:13:24.729  1.10025800E-03  7.83610000E-04  1.26538000E-04
2002-01-01T07:13:25.733  4.19587000E-04  4.85268000E-04  9.94040000E-05
2002-01-01T07:13:26.725  1.08167000E-04  7.74970000E-05 -2.06967000E-04
2002-01-01T07:13:27.733  1.11579600E-03  6.98127000E-04 -2.35151000E-04
2002-01-01T07:13:28.729 -9.08596000E-04 -4.83272000E-04 -3.23708000E-04
2002-01-01T07:13:29.729  3.84073000E-04  8.40488000E-04  1.45134000E-04
2002-01-01T07:13:30.729 -1.53768100E-03  1.44075000E-04  6.77818000E-04
2002-01-01T07:13:31.733 -5.82853000E-04  9.24121000E-04 -6.66335000E-04
2002-01-01T07:13:32.729 -5.15675000E-04  7.07659000E-04 -4.07703000E-04
2002-01-01T07:13:33.737 -1.38804100E-03 -1.67111000E-04  8.08921000E-04
2002-01-01T07:13:34.729  7.86746000E-04  1.32223000E-03 -8.33921000E-04
2002-01-01T07:13:35.729 -5.22535000E-04 -7.33220000E-05 -2.73673000E-04
2002-01-01T07:13:36.729  8.47793000E-04  5.48040000E-05 -2.17594000E-04
2002-01-01T07:13:37.733  1.32423000E-04 -6.07466000E-04 -2.77746000E-04
2002-01-01T07:13:38.733 -1.29991000E-04  5.49780000E-04  1.03088000E-04
2002-01-01T07:13:39.729 -9.50840000E-04  9.58779000E-04  4.98720000E-04
2002-01-01T07:13:40.729 -8.81124000E-04  3.00269000E-04 -1.01218500E-03
2002-01-01T07:13:41.733  6.74560000E-04  6.35931000E-04  3.26059000E-04
2002-01-01T07:13:42.725 -5.90389000E-04 -9.09578000E-04  3.72793000E-04
2002-01-01T07:13:43.733  7.75980000E-04  1.02426200E-03  2.26751000E-04
2002-01-01T07:13:44.729 -3.99113000E-04 -9.00344000E-04  4.75388000E-04
2002-01-01T07:13:45.729  7.99134000E-04  8.88560000E-04  2.96808000E-04
2002-01-01T07:13:46.729 -9.16748000E-04  2.30516000E-04  2.93468000E-04
2002-01-01T07:13:47.729 -6.32380000E-05  9.28291000E-04  2.29124000E-04
2002-01-01T07:13:48.725 -8.13179000E-04  2.96070000E-05 -9.23195000E-04
2002-01-01T07:13:49.737  4.62400000E-05  2.84490000E-05  1.97191000E-04
2002-01-01T07:13:50.729  7.98791000E-04 -4.15420000E-04  5.79877000E-04
2002-01-01T07:13:51.729 -1.53897000E-04 -4.82529000E-04 -1.11043800E-03
2002-01-01T07:13:52.729  6.38664000E-04  9.45739000E-04 -1.96384000E-04
2002-01-01T07:13:53.733 -1.34250800E-03  4.29590000E-05  4.00733000E-04
2002-01-01T07:13:54.733  3.28642000E-04  1.69186000E-03  2.56050000E-05
2002-01-01T07:13:55.729 -7.57249000E-04  1.37900000E-06 -6.87010000E-04
2002-01-01T07:13:56.729  5.74707000E-04  4.89938000E-04  4.89790000E-04
2002-01-01T07:13:57.733 -5.24109000E-04 -7.46730000E-04 -1.37812000E-04
2002-01-01T07:13:58.725  1.10475900E-03 -1.71713000E-04  4.47726000E-04
2002-01-01T07:13:59.733 -8.71562000E-04 -6.40333000E-04  4.31926000E-04
2002-01-01T07:14:00.729 -1.85996000E-04  1.08351100E-03 -9.19779000E-04
2002-01-01T07:14:01.729  6.08600000E-05  7.15138000E-04  2.02657000E-04
2002-01-01T07:14:02.729 -1.99864000E-04  3.37897000E-04  3.53810000E-04
2002-01-01T07:14:03.729 -5.62900000E-06 -1.66258000E-04 -5.17457000E-04
2002-01-01T07:14:04.725  1.61053000E-04 -5.86217000E-04  5.43956000E-04
2002-01-01T07:14:05.737  1.47474000E-04  8.58810000E-05  3.93614000E-04
2002-01-01T07:14:06.729 -7.82248000E-04 -1.33701000E-04 -7.60782000E-04
2002-01-01T07:14:07.729  2.44911000E-04  1.70565600E-03  1.43426000E-04
2002-01-01T07:14:08.729 -1.33871300E-03 -1.66652000E-04  1.38331800E-03
2002-01-01T07:14:09.733  1.35297900E-03  3.76883000E-04 -3.99924000E-04
2002-01-01T07:14:10.733 -4.85105000E-04 -4.47759000E-04 -4.74203000E-04
2002-01-01T07:14:11.729  1.07488300E-03  3.32781000E-04 -9.75970000E-05
2002-01-01T07:14:12.729 -1.22549600E-03 -6.72072000E-04  2.63764000E-04
2002-01-01T07:14:13.733  5.34439000E-04  9.67214000E-04 -5.20970000E-05
2002-01-01T07:14:14.725 -5.73303000E-04  4.98280000E-05 -2.34674000E-04
2002-01-01T07:14:15.733  7.09918000E-04  4.73660000E-04  8.16500000E-06
2002-01-01T07:14:16.729  3.84037000E-04 -4.28843000E-04 -3.68812000E-04
2002-01-01T07:14:17.729  2.58602000E-04  1.61597000E-04  6.67288000E-04
2002-01-01T07:14:18.729 -1.00394000E-03 -8.23690000E-05 -6.95863000E-04
2002-01-01T07:14:19.729 -2.17346000E-04  3.17535000E-04  8.36440000E-05
2002-01-01T07:14:20.725 -7.73075000E-04  4.33443000E-04  9.79792000E-04
2002-01-01T07:14:21.737  5.91597000E-04 -4.81137000E-04 -3.36537000E-04
2002-01-01T07:14:22.729  1.54214800E-03  5.18350000E-05 -7.39222000E-04
2002-01-01T07:14:23.729 -2.84450000E-04 -3.31000000E-06  5.22463000E-04
2002-01-01T07:14:24.729  3.53647000E-04  1.32903300E-03  5.81360000E-05
2002-01-01T07:14:25.729 -1.35754400E-03  4.33269000E-04  2.66895000E-04
2002-01-01T07:14:26.733 -1.84580000E-04  7.49636000E-04 -7.77593000E-04
2002-01-01T07:14:27.729 -3.43668000E-04 -5.84288000E-04 -1.10592000E-04
2002-01-01T07:14:28.729  1.01553200E-03  5.61613000E-04 -2.45673000E-04
2002-01-01T07:14:29.729 -7.52516000E-04 -9.87947000E-04 -2.72969000E-04
2002-01-01T07:14:30.725  5.19163000E-04  9.56486000E-04  1.30203000E-04
2002-01-01T07:14:31.733 -1.05653100E-03 -1.68527000E-04 -4.66136000E-04
2002-01-01T07:14:32.729  4.88067000E-04  4.60765000E-04 -6.29444000E-04
2002-01-01T07:14:33.729 -4.33730000E-04 -1.96059000E-04 -5.37894000E-04
2002-01-01T07:14:34.729  7.74052000E-04 -3.34170000E-05  5.34837000E-04
2002-01-01T07:14:35.729 -8.28020000E-04 -8.29083000E-04 -8.52714000E-04
2002-01-01T07:14:36.725 -7.91500000E-05  7.14433000E-04 -8.79809000E-04
2002-01-01T07:14:37.737 -7.23007000E-04  6.77874000E-04  9.75837000E-04
2002-01-01T07:14:38.729 -5.75830000E-05 -2.14755000E-04  6.20543000E-04
2002-01-01T07:14:39.729 -2.28627000E-04  3.00735000E-04 -1.08569000E-04
2002-01-01T07:14:40.729  1.50840000E-05 -7.31313000E-04  6.51833000E-04
2002-01-01T07:14:41.733  4.42343000E-04  8.89704000E-04 -8.06635000E-04
2002-01-01T07:14:42.733 -6.02567000E-04 -4.86739000E-04 -3.73800000E-06
2002-01-01T07:14:43.729 -2.20586000E-04  9.16258000E-04  6.31582000E-04
2002-01-01T07:14:44.729 -1.34752300E-03 -1.81677000E-04 -3.76738000E-04
2002-01-01T07:14:45.733  1.20779200E-03  4.48318000E-04  1.97985000E-04
2002-01-01T07:14:46.725 -9.25966000E-04 -9.76275000E-04 -5.90188000E-04
2002-01-01T07:14:47.733  1.19801100E-03  1.38041000E-04 -5.66484000E-04
2002-01-01T07:14:48.729 -1.16312300E-03 -1.64892000E-04  1.09920000E-05
2002-01-01T07:14:49.729  1.34086000E-04  1.04457900E-03  5.60381000E-04
2002-01-01T07:14:50.729 -9.75759000E-04 -6.68098000E-04 -8.08707000E-04
2002-01-01T07:14:51.733  9.38253000E-04 -3.58298000E-04  5.40631000E-04
2002-01-01T07:14:52.729  3.26423000E-04 -2.37984000E-04  5.08028000E-04
2002-01-01T07:14:53.737  4.88115000E-04  1.35562000E-04 -3.40887000E-04
2002-01-01T07:14:54.729 -1.13668600E-03  1.57394000E-04  7.14756000E-04
2002-01-01T07:14:55.729 -4.18968000E-04  9.76381000E-04  3.01665000E-04
2002-01-01T07:14:56.729  3.44681000E-04 -1.01000500E-03 -8.86610000E-05
2002-01-01T07:14:57.733  5.48670000E-04  1.49513000E-04  4.45881000E-04
2002-01-01T07:14:58.733 -3.43095000E-04 -4.91262000E-04  4.12642000E-04
2002-01-01T07:14:59.729 -1.88349000E-04  3.85432000E-04 -1.13978000E-04
2002-01-01T07:15:00.729 -5.71119000E-04  7.11669000E-04 -6.80703000E-04
2002-01-01T07:15:01.733 -4.50472000E-04  6.10388000E-04  4.46426000E-04
2002-01-01T07:15:02.725  1.43308000E-04 -1.19206000E-04 -7.78341000E-04
2002-01-01T07:15:03.733  2.79371000E-04 -2.52310000E-04  1.21193200E-03
2002-01-01T07:15:04.729  4.68575000E-04 -1.53301000E-04 -5.65663000E-04
2002-01-01T07:15:05.729 -7.47424000E-04  4.02587000E-04 -2.70574000E-04
2002-01-01T07:15:06.729  3.91430000E-04  6.15856000E-04  2.28010000E-04
2002-01-01T07:15:07.729 -4.88341000E-04  2.69661000E-04 -4.56426000E-04
2002-01-01T07:15:08.725  1.28477400E-03 -4.84300000E-05 -5.25790000E-04
2002-01-01T07:15:09.737  2.62527000E-04 -9.97431000E-04  6.01093000E-04
2002-01-01T07:15:10.729  8.24802000E-04  4.16561000E-04  5.63459000E-04
2002-01-01T07:15:11.729 -1.04459600E-03  2.64000000E-07 -4.32669000E-04
2002-01-01T07:15:12.729  1.01738600E-03  1.53724200E-03 -5.80600000E-04
2002-01-01T07:15:13.733 -3.82692000E-04 -8.53605000E-04 -1.98415000E-04
2002-01-01T07:15:14.733  8.12306000E-04  3.35536000E-04 -1.15699600E-03
2002-01-01T07:15:15.729 -6.97274000E-04 -1.00012700E-03  6.45630000E-04
2002-01-01T07:15:16.729  5.09097000E-04  1.20929300E-03  1.06257000E-04
2002-01-01T07:15:17.729 -1.59653000E-03  7.04520000E-05 -5.60602000E-04
2002-01-01T07:15:18.725  7.56513000E-04  6.78482000E-04  7.28392000E-04
2002-01-01T07:15:19.733 -7.18696000E-04 -1.33862200E-03 -3.26184000E-04
2002-01-01T07:15:20.729  1.25062600E-03  8.06640000E-05  1.54994000E-04
2002-01-01T07:15:21.729 -1.09238100E-03 -8.76160000E-04  2.01062000E-04
2002-01-01T07:15:22.729  5.32212000E-04  7.42628000E-04  7.46778000E-04
2002-01-01T07:15:23.729 -1.01443300E-03  1.82090000E-05 -4.33050000E-05
2002-01-01T07:15:24.725  8.94980000E-04  9.47450000E-04 -2.19569000E-04
2002-01-01T07:15:25.736 -6.30624000E-04 -1.05160500E-03  7.00600000E-05
2002-01-01T07:15:26.729  1.15897000E-03  2.39499000E-04 -5.02727000E-04
2002-01-01T07:15:27.729 -6.70357000E-04 -3.04287000E-04  8.40819000E-04
2002-01-01T07:15:28.729 -4.63010000E-05  1.41259000E-03  6.80810000E-05
2002-01-01T07:15:29.729 -1.24081700E-03 -3.17090000E-04  4.11119000E-04
2002-01-01T07:15:30.733  1.07118000E-04  1.20891500E-03 -5.83500000E-04
2002-01-01T07:15:31.729 -2.37265000E-04 -3.22385000E-04  5.40920000E-05
2002-01-01T07:15:32.729  5.01016000E-04  1.27558000E-04  1.39147000E-04
2002-01-01T07:15:33.733 -2.67614000E-04 -6.98460000E-05  4.70730000E-05
2002-01-01T07:15:34.725 -4.17910000E-05  1.03420800E-03  5.00296000E-04
2002-01-01T07:15:35.729 -5.81902000E-04 -1.07092000E-04  1.09093300E-03
2002-01-01T07:15:36.729  8.18458000E-04 -2.51562000E-04  1.32078000E-04
2002-01-01T07:15:37.729  6.15540000E-05 -4.18880000E-04 -8.16138000E-04
2002-01-01T07:15:38.729 -2.01249000E-04  3.43623000E-04  9.61573000E-04
2002-01-01T07:15:39.729 -4.03332000E-04  1.01535100E-03  5.00288000E-04
2002-01-01T07:15:40.725 -5.69486000E-04  4.89806000E-04 -4.77438000E-04
2002-01-01T07:15:41.736  8.45863000E-04 -6.37824000E-04 -2.96699000E-04
2002-01-01T07:15:42.729  6.38313000E-04 -8.57440000E-04  4.77300000E-06
2002-01-01T07:15:43.729  1.78498000E-04  8.80200000E-05 -3.76435000E-04
2002-01-01T07:15:44.729 -2.03309000E-04  1.03928000E-04  1.57095000E-04
2002-01-01T07:15:45.729 -1.42557200E-03  9.25300000E-06 -2.51180000E-04
2002-01-01T07:15:46.733 -4.14377000E-04  3.85249000E-04 -2.80396000E-04
2002-01-01T07:15:47.729 -1.92862000E-04 -2.18003000E-04 -2.40310000E-04
2002-01-01T07:15:48.729  3.24588000E-04 -4.14690000E-04 -5.59168000E-04
2002-01-01T07:15:49.729 -4.95284000E-04 -3.74682000E-04 -5.00480000E-05
2002-01-01T07:15:50.725 -1.46643000E-04  3.57827000E-04  1.87224000E-04
2002-01-01T07:15:51.733  6.85480000E-04  9.04549000E-04  9.60570000E-05
2002-01-01T07:15:52.729 -1.00536000E-04 -7.03210000E-05  1.03486000E-04
2002-01-01T07:15:53.729  7.39962000E-04  2.11748000E-04  5.25391000E-04
2002-01-01T07:15:54.729 -3.99944000E-04 -6.61810000E-04 -3.23654000E-04
2002-01-01T07:15:55.729  2.38053000E-04  9.05145000E-04 -3.00540000E-04
2002-01-01T07:15:56.725 -1.23151200E-03  1.18436000E-04  1.05579000E-04
2002-01-01T07:15:57.736  9.87211000E-04  1.45277100E-03 -2.03093000E-04
2002-01-01T07:15:58.729 -7.88860000E-04 -8.76157000E-04 -3.53810000E-05
2002-01-01T07:15:59.729  1.38285600E-03  1.63357000E-04  3.72042000E-04
2002-01-01T07:16:00.725 -5.06200000E-04 -8.09345000E-04 -2.44974000E-04
2002-01-01T07:16:01.733  2.90262000E-04  2.15669000E-04 -7.04777000E-04
2002-01-01T07:16:02.733 -1.54947800E-03  2.68413000E-04  8.95729000E-04
2002-01-01T07:16:03.729  1.00162500E-03  1.73492700E-03 -1.54157000E-04
2002-01-01T07:16:04.729 -7.75445000E-04 -6.39462000E-04  1.70380000E-04
2002-01-01T07:16:05.729  1.39089700E-03 -2.33610000E-05  2.42483000E-04
2002-01-01T07:16:06.725 -7.49199000E-04 -8.41730000E-04 -2.50850000E-04
2002-01-01T07:16:07.729  1.74341000E-04  6.09855000E-04 -4.19550000E-05
2002-01-01T07:16:08.729 -1.41866900E-03  2.53137000E-04  9.65580000E-05
2002-01-01T07:16:09.729  6.07233000E-04  1.42640800E-03 -1.61504000E-04
2002-01-01T07:16:10.729 -4.60862000E-04 -1.11200400E-03  4.56116000E-04
2002-01-01T07:16:11.729  9.71379000E-04  3.88570000E-04  3.62302000E-04
2002-01-01T07:16:12.729 -8.73582000E-04 -1.07213600E-03 -1.37288000E-04
2002-01-01T07:16:13.736  4.46590000E-05  1.20923500E-03  7.64307000E-04
2002-01-01T07:16:14.729 -1.22117100E-03 -9.27085000E-04  3.90156000E-04
2002-01-01T07:16:15.729  1.17860100E-03  7.84585000E-04 -1.10034300E-03
2002-01-01T07:16:16.725 -5.11970000E-05 -1.46543200E-03 -3.28525000E-04
2002-01-01T07:16:17.729  8.38279000E-04  3.22657000E-04 -2.42031000E-04
2002-01-01T07:16:18.733 -1.21304900E-03 -2.68580000E-05 -9.81490000E-05
2002-01-01T07:16:19.729  4.21309000E-04  1.01749200E-03  8.01273000E-04
2002-01-01T07:16:20.729 -8.25439000E-04 -5.03653000E-04  1.22167000E-04
2002-01-01T07:16:21.733  1.37445400E-03  2.56891000E-04 -6.11494000E-04
2002-01-01T07:16:22.725 -5.46564000E-04 -2.16245000E-04 -2.20989000E-04
2002-01-01T07:16:23.729  6.61899000E-04  8.40092000E-04 -8.63493000E-04
2002-01-01T07:16:24.729 -1.75310500E-03 -8.52530000E-05 -4.19223000E-04
2002-01-01T07:16:25.729  6.85480000E-05  1.26167500E-03  6.13104000E-04
2002-01-01T07:16:26.729 -8.67572000E-04 -9.96791000E-04 -5.67996000E-04
2002-01-01T07:16:27.729  1.63851600E-03 -3.03331000E-04 -2.52450000E-05
2002-01-01T07:16:28.725 -1.21823800E-03 -7.76626000E-04  3.41962000E-04
2002-01-01T07:16:29.736  6.74315000E-04  1.06485900E-03 -2.22888000E-04
2002-01-01T07:16:30.729 -1.24448100E-03 -6.71210000E-04  1.21819000E-04
2002-01-01T07:16:31.729 -9.40800000E-05  9.30675000E-04  6.04223000E-04
2002-01-01T07:16:32.729 -9.86497000E-04 -1.27224100E-03  2.47630000E-05
2002-01-01T07:16:33.729  1.37868900E-03  2.70260000E-04  8.61480000E-05
2002-01-01T07:16:34.732 -6.48859000E-04 -4.64026000E-04 -3.96072000E-04
2002-01-01T07:16:35.729  8.08210000E-05  1.18832200E-03  4.49984000E-04
2002-01-01T07:16:36.729 -9.73047000E-04 -1.47158000E-04 -1.14916000E-04
2002-01-01T07:16:37.729  1.14338500E-03  6.88021000E-04  7.45880000E-04
2002-01-01T07:16:38.725 -2.36258000E-04 -1.63637300E-03 -5.57739000E-04
2002-01-01T07:16:39.729  6.59634000E-04  6.86759000E-04  7.65713000E-04
2002-01-01T07:16:40.729 -1.13785000E-03 -2.66724000E-04 -6.19542000E-04
2002-01-01T07:16:41.729 -9.65220000E-05  1.18607400E-03  9.26400000E-05
2002-01-01T07:16:42.729 -9.82853000E-04 -6.91927000E-04  6.78141000E-04
2002-01-01T07:16:43.729  1.70695200E-03  3.12510000E-05 -5.21562000E-04
2002-01-01T07:16:44.725 -4.19107000E-04 -6.89412000E-04 -3.03109000E-04
2002-01-01T07:16:45.736  9.82020000E-05  9.16839000E-04  7.99390000E-04
2002-01-01T07:16:46.729 -9.01144000E-04  4.52755000E-04 -7.37717000E-04
2002-01-01T07:16:47.729  1.52101000E-04  9.90787000E-04 -1.00282700E-03
2002-01-01T07:16:48.729 -2.31257000E-04 -8.67272000E-04  2.34337000E-04
2002-01-01T07:16:49.729  7.49669000E-04  1.13611000E-04 -7.23215000E-04
2002-01-01T07:16:50.732  1.65540000E-05  4.46880000E-05 -3.42488000E-04
2002-01-01T07:16:51.729 -3.64339000E-04  1.09479700E-03  1.07138000E-04
2002-01-01T07:16:52.729 -3.80439000E-04  2.88034000E-04 -6.28596000E-04
2002-01-01T07:16:53.729  2.86828000E-04  4.54896000E-04 -1.31967000E-04
2002-01-01T07:16:54.725 -3.97371000E-04 -7.03170000E-05 -2.73683000E-04
2002-01-01T07:16:55.729  7.06076000E-04  1.12683000E-04  1.93083000E-04
2002-01-01T07:16:56.729 -1.09156000E-04 -1.87581000E-04  2.49546000E-04
2002-01-01T07:16:57.729 -6.69970000E-05  8.92715000E-04  8.82483000E-04
2002-01-01T07:16:58.729 -1.09741800E-03 -1.56065000E-04 -9.18000000E-04
2002-01-01T07:16:59.729  7.31076000E-04  3.19790000E-05  7.28047000E-04
2002-01-01T07:17:00.725 -8.42265000E-04 -9.05838000E-04 -1.03549000E-04
2002-01-01T07:17:01.736  5.36763000E-04  7.83929000E-04 -3.76997000E-04
2002-01-01T07:17:02.729 -2.41038000E-03 -7.80050000E-05  7.35610000E-04
2002-01-01T07:17:03.729  8.54030000E-05  9.89378000E-04 -4.40926000E-04
2002-01-01T07:17:04.725 -9.35694000E-04  7.50550000E-05 -3.63069000E-04
2002-01-01T07:17:05.729  7.24248000E-04  2.91650000E-05  2.44415000E-04
2002-01-01T07:17:06.732 -1.25114900E-03 -1.94905000E-04 -7.08037000E-04
2002-01-01T07:17:07.729  1.79705000E-04  7.08240000E-04 -2.34459000E-04
2002-01-01T07:17:08.729 -4.93133000E-04  3.04476000E-04  2.55320000E-05
2002-01-01T07:17:09.729  1.94049000E-04  6.58434000E-04 -1.54963000E-04
2002-01-01T07:17:10.725 -5.87974000E-04 -5.71389000E-04  1.65548000E-04
2002-01-01T07:17:11.729  5.18727000E-04  3.02560000E-04  9.40610000E-05
2002-01-01T07:17:12.729 -5.05726000E-04 -1.75503000E-04  4.65450000E-05
2002-01-01T07:17:13.729 -4.90149000E-04  1.43694400E-03 -1.66132000E-04
2002-01-01T07:17:14.729 -1.14060800E-03 -3.00762000E-04 -6.98337000E-04
2002-01-01T07:17:15.729  1.01359300E-03  4.17179000E-04 -3.12486000E-04
2002-01-01T07:17:16.725 -7.31674000E-04 -1.22381300E-03 -2.31843000E-04
2002-01-01T07:17:17.736  4.68425000E-04  7.20403000E-04  5.73905000E-04
2002-01-01T07:17:18.729 -6.09023000E-04  1.92100000E-06 -6.08300000E-04
2002-01-01T07:17:19.729  5.34163000E-04  6.22606000E-04  6.92775000E-04
2002-01-01T07:17:20.725  1.25788000E-04 -1.15116300E-03  4.78900000E-06
2002-01-01T07:17:21.729  5.30910000E-04 -1.51733000E-04 -3.55695000E-04
2002-01-01T07:17:22.732 -5.79606000E-04 -8.15830000E-04  4.52800000E-04
2002-01-01T07:17:23.729  3.94540000E-05  9.97981000E-04 -2.15923000E-04
2002-01-01T07:17:24.729 -9.64877000E-04  1.88463000E-04  3.86340000E-05
2002-01-01T07:17:25.729  2.76028000E-04  2.59081000E-04  3.71424000E-04
2002-01-01T07:17:26.725 -5.83741000E-04 -1.21107500E-03  3.26390000E-05
2002-01-01T07:17:27.729  1.00131500E-03 -3.30986000E-04  5.54550000E-04
2002-01-01T07:17:28.729 -7.48360000E-04 -5.99009000E-04  3.15750000E-05
2002-01-01T07:17:29.729 -4.98982000E-04  9.81075000E-04 -6.05054000E-04
2002-01-01T07:17:30.729 -1.76559500E-03  1.62246000E-04  5.32880000E-04
2002-01-01T07:17:31.729  6.70459000E-04  1.10786000E-04  1.14511400E-03
2002-01-01T07:17:32.729 -2.97322000E-04 -1.04988000E-03 -8.78891000E-04
2002-01-01T07:17:33.736  4.90944000E-04  3.07623000E-04  3.75405000E-04
2002-01-01T07:17:34.729 -6.36921000E-04 -7.18962000E-04 -1.19343000E-04
2002-01-01T07:17:35.729 -3.41552000E-04  1.19673600E-03 -8.10191000E-04
2002-01-01T07:17:36.725  2.67287000E-04  2.25069000E-04  1.11302500E-03
2002-01-01T07:17:37.729  5.25342000E-04  1.21595000E-04  8.42291000E-04
2002-01-01T07:17:38.732 -3.84137000E-04 -1.20482400E-03  5.67000000E-06
2002-01-01T07:17:39.729  4.59968000E-04 -1.09004000E-04  1.40941000E-04
2002-01-01T07:17:40.729 -1.08237100E-03 -1.27134000E-04  2.86860000E-04
2002-01-01T07:17:41.728 -6.63344000E-04  1.20469900E-03 -1.64493000E-04
2002-01-01T07:17:42.725 -5.16585000E-04 -4.58796000E-04  6.20447000E-04
2002-01-01T07:17:43.728  6.27128000E-04 -5.13663000E-04  4.04293000E-04
2002-01-01T07:17:44.728 -2.08457000E-04 -6.73526000E-04  1.07491000E-04
2002-01-01T07:17:45.728 -3.86491000E-04  2.11967000E-04  9.08424000E-04
2002-01-01T07:17:46.728 -2.38527000E-04  1.10392400E-03 -5.39965000E-04
2002-01-01T07:17:47.728 -3.01065000E-04  6.65971000E-04 -1.04188400E-03
2002-01-01T07:17:48.725 -1.87263000E-04 -4.87160000E-04 -2.49320000E-04
2002-01-01T07:17:49.736  6.45421000E-04 -3.96061000E-04  7.83620000E-05
2002-01-01T07:17:50.728  3.19230000E-05 -3.83007000E-04  3.27164000E-04
2002-01-01T07:17:51.728 -4.68532000E-04  6.71342000E-04  7.10660000E-04
2002-01-01T07:17:52.728 -3.42430000E-04  4.83400000E-04 -5.01753000E-04
2002-01-01T07:17:53.728  2.28760900E-03  6.32994200E-03  3.57131900E-03
2002-01-01T07:17:54.732 -2.70440100E-03 -1.10166310E-02  1.41359300E-03
2002-01-01T07:17:55.725  5.04276000E-03 -5.35968000E-04 -3.16497800E-03
2002-01-01T07:17:56.728 -3.35185300E-03 -5.16417300E-03  9.92926000E-04
2002-01-01T07:17:57.728 -1.63746500E-03  8.81672700E-03 -2.98386500E-03
2002-01-01T07:17:58.725 -1.06968630E-02  2.50938400E-03 -2.99489600E-03
2002-01-01T07:17:59.728  2.73815300E-03  5.75648000E-03  5.17956200E-03
2002-01-01T07:18:00.728  1.04875500E-03 -4.74100700E-03 -3.74208300E-03
2002-01-01T07:18:01.725  4.55637200E-03 -4.02399200E-03 -6.66895600E-03
2002-01-01T07:18:02.728 -1.29831900E-03 -1.37269500E-03  3.87618700E-03
2002-01-01T07:18:03.728 -5.05700000E-04  6.46786600E-03  8.54277000E-04
2002-01-01T07:18:04.725 -7.55154000E-04 -2.12448500E-03 -1.10066250E-02
2002-01-01T07:18:05.732  1.55994200E-03  1.79873100E-03  8.00181200E-03
2002-01-01T07:18:06.728  1.56557000E-04 -3.96464800E-03  3.67264100E-03
2002-01-01T07:18:07.728  5.69834000E-03 -1.58527000E-04 -2.75902600E-03
2002-01-01T07:18:08.725 -7.89239800E-03  4.48565100E-03  1.80461600E-03
2002-01-01T07:18:09.728 -7.43924000E-04  4.54154700E-03  4.01518700E-03
2002-01-01T07:18:10.732  1.39739000E-03  3.65362600E-03 -9.88446100E-03
2002-01-01T07:18:11.725  4.31208200E-03 -3.12655300E-03  8.59915700E-03
2002-01-01T07:18:12.728  1.23981470E-02  1.56082800E-03  4.07096700E-03
2002-01-01T07:18:13.728 -2.43201100E-03 -3.27565500E-03 -9.05315000E-04
2002-01-01T07:18:14.725 -4.82520900E-03  2.61230700E-03 -2.66056600E-03
2002-01-01T07:18:15.728 -3.46135100E-03  6.01640200E-03  1.86540200E-03
2002-01-01T07:18:16.728 -1.21455800E-03  5.38596800E-03 -2.45566900E-03
2002-01-01T07:18:17.725  1.67880400E-03 -4.24444300E-03  5.52994600E-03
2002-01-01T07:18:18.728  1.00100520E-02  2.04650700E-03 -1.88109900E-03
2002-01-01T07:18:19.728 -5.73176300E-03 -1.75166000E-04  6.60960000E-05
2002-01-01T07:18:20.725 -9.84136000E-04  5.81077300E-03  2.99317300E-03
2002-01-01T07:18:21.732 -4.91191400E-03  1.76077600E-03 -1.57210100E-03
2002-01-01T07:18:22.728  4.57166500E-03  6.46241000E-03 -5.75569700E-03
2002-01-01T07:18:23.728  1.24526200E-03 -5.78568500E-03  4.62117100E-03
2002-01-01T07:18:24.725  6.23986600E-03  3.23883900E-03  8.99786000E-04
2002-01-01T07:18:25.728 -6.23920700E-03 -8.64304000E-04  1.08968400E-03
2002-01-01T07:18:26.732 -9.14100000E-05  1.07399630E-02  8.38759600E-03
2002-01-01T07:18:27.725 -6.42706400E-03 -6.03818100E-03 -6.37005600E-03
2002-01-01T07:18:28.728  7.30721200E-03 -5.84713000E-04 -2.73381600E-03
2002-01-01T07:18:29.728  1.42205100E-03 -7.41913000E-03  5.66891200E-03
2002-01-01T07:18:30.725 -9.73608000E-04  2.09269200E-03 -6.67644500E-03
2002-01-01T07:18:31.728 -9.65298700E-03  1.35746400E-03 -3.67160700E-03
2002-01-01T07:18:32.728 -2.60780000E-05  4.89458100E-03  7.74708500E-03
2002-01-01T07:18:33.725 -3.43869500E-03 -8.14660000E-05  7.17320000E-04
2002-01-01T07:18:34.728  4.17660900E-03 -4.56080800E-03 -5.71870200E-03
2002-01-01T07:18:35.728  4.57834100E-03 -3.57476000E-03  6.61817200E-03
2002-01-01T07:18:36.725 -3.98863300E-03  2.86892400E-03 -3.19720000E-05
2002-01-01T07:18:37.732 -7.29470800E-03  4.67862300E-03 -4.95100000E-05
2002-01-01T07:18:38.728 -4.59496000E-03  3.32546900E-03  5.77417400E-03
2002-01-01T07:18:39.728  7.27375800E-03 -6.19332500E-03 -1.15673300E-03
2002-01-01T07:18:40.725  9.27717000E-04 -6.23734000E-03 -1.24283600E-03
2002-01-01T07:18:41.728  2.13283000E-03 -2.97907800E-03  2.30698900E-03
2002-01-01T07:18:42.732 -4.16791800E-03  2.34227600E-03 -2.40757500E-03
2002-01-01T07:18:43.725 -5.54395000E-04 -5.22748000E-04 -1.79454800E-03
2002-01-01T07:18:44.728  4.64136000E-04 -6.06160000E-04  6.24639100E-03
2002-01-01T07:18:45.728  4.52367600E-03 -4.28487500E-03 -4.79417700E-03
2002-01-01T07:18:46.725 -2.32594400E-03 -2.59654800E-03 -4.82057700E-03
2002-01-01T07:18:47.728 -1.82748300E-03  2.14029000E-03  3.99484000E-03
2002-01-01T07:18:48.728 -5.20882600E-03  6.49737800E-03 -3.56640500E-03
2002-01-01T07:18:49.724 -5.22748900E-03 -4.21750200E-03  2.33671800E-03
2002-01-01T07:18:50.728  6.19200000E-06 -1.36302200E-03  5.16845800E-03
2002-01-01T07:18:51.728  3.16584300E-03 -3.68181500E-03 -7.63168000E-03
2002-01-01T07:18:52.728  5.60064300E-03  1.79693000E-04  9.46777000E-04
2002-01-01T07:18:53.732 -5.59673400E-03  5.70441800E-03  4.91757600E-03
2002-01-01T07:18:54.728 -1.40981000E-03  6.39537100E-03 -2.40959000E-04
