2001-11-21T17:20:55.769 -6.41177500E-03  2.23569300E-03  4.99473400E-03
2001-11-21T17:20:56.769 -5.37202000E-03  6.62962500E-03 -3.19514300E-03
2001-11-21T17:20:57.773  3.96721200E-03  1.26596100E-03 -2.77282600E-03
2001-11-21T17:20:58.769  1.78706300E-03 -5.62329000E-03  4.44713400E-03
2001-11-21T17:20:59.773  4.87895300E-03  2.75127700E-03 -6.43463000E-04
2001-11-21T17:21:00.769 -1.18296100E-03  1.19632000E-04 -4.29557000E-04
2001-11-21T17:21:01.773  9.82986000E-04  5.17154000E-04  1.18358000E-04
2001-11-21T17:21:02.769 -8.15136000E-04 -7.65732000E-04  3.07861000E-04
2001-11-21T17:21:03.773  1.53547800E-03  3.77899000E-04  8.09652000E-04
2001-11-21T17:21:04.769 -1.14076800E-03 -9.42212000E-04 -1.07012300E-03
2001-11-21T17:21:05.773  2.45705000E-04  9.62550000E-04 -1.97378000E-04
2001-11-21T17:21:06.769 -1.55377400E-03 -5.44549000E-04  4.86190000E-05
2001-11-21T17:21:07.773  1.17070600E-03  4.30957000E-04 -2.66420000E-05
2001-11-21T17:21:08.769 -8.01139000E-04 -1.33141200E-03 -4.37585000E-04
2001-11-21T17:21:09.773  4.52565000E-04  3.88507000E-04  2.86116000E-04
2001-11-21T17:21:10.773 -9.23266000E-04  2.10700000E-04  1.16913000E-04
2001-11-21T17:21:11.773 -3.37382000E-04  4.87477000E-04  3.43000000E-05
2001-11-21T17:21:12.769  1.92402000E-04 -6.53011000E-04 -6.84248000E-04
2001-11-21T17:21:13.773  2.64071000E-04 -5.48952000E-04 -1.46656900E-03
2001-11-21T17:21:14.769  2.62728000E-04  1.55943000E-04 -2.87121000E-04
2001-11-21T17:21:15.773 -8.38895000E-04  4.84781000E-04  2.67974000E-04
2001-11-21T17:21:16.769  3.96272000E-04 -4.35700000E-06 -1.34800000E-05
2001-11-21T17:21:17.773  7.67700000E-06 -6.28138000E-04  2.35477000E-04
2001-11-21T17:21:18.769  1.11186500E-03 -1.88467000E-04  7.48964000E-04
2001-11-21T17:21:19.773 -8.46900000E-04 -6.77340000E-04 -6.02973000E-04
2001-11-21T17:21:20.769  4.68320000E-04  1.55731500E-03  3.91449000E-04
2001-11-21T17:21:21.773 -1.22931500E-03  2.39176000E-04 -9.95913000E-04
2001-11-21T17:21:22.769  4.85160000E-05  4.43208000E-04  2.58850000E-04
2001-11-21T17:21:23.773  1.31098000E-04 -1.29719100E-03  7.13613000E-04
2001-11-21T17:21:24.769  8.37850000E-04  7.35369000E-04  8.09650000E-04
2001-11-21T17:21:25.773 -1.69858400E-03 -7.29733000E-04 -1.49850600E-03
2001-11-21T17:21:26.773 -6.08890000E-05  1.28012900E-03 -1.71887000E-04
2001-11-21T17:21:27.773 -8.21934000E-04 -4.92310000E-04  3.69676000E-04
2001-11-21T17:21:28.769  9.08683000E-04  1.52458000E-04 -2.53055000E-04
2001-11-21T17:21:29.773 -3.26710000E-05 -8.48961000E-04  4.62690000E-05
2001-11-21T17:21:30.769 -2.21470000E-05  1.02515600E-03 -4.67462000E-04
2001-11-21T17:21:31.769 -6.22819000E-04  4.53292000E-04 -2.13382000E-04
2001-11-21T17:21:32.769  1.50862000E-04  2.68266000E-04  5.98241000E-04
2001-11-21T17:21:33.773  4.77910000E-04 -8.29829000E-04  6.03450000E-05
2001-11-21T17:21:34.769  6.80680000E-05 -1.24305000E-04  8.03200000E-05
2001-11-21T17:21:35.773 -3.14507000E-04  9.19017000E-04  1.90307000E-04
2001-11-21T17:21:36.769 -6.94316000E-04 -3.68380000E-05  1.44862400E-03
2001-11-21T17:21:37.773  7.84622000E-04  2.45460000E-04  3.15997000E-04
2001-11-21T17:21:38.769 -1.90175000E-04 -1.16799900E-03 -1.10740400E-03
2001-11-21T17:21:39.773  3.14159000E-04  3.90258000E-04  2.07015000E-04
2001-11-21T17:21:40.769 -1.01142100E-03 -2.95793000E-04  2.53008000E-04
2001-11-21T17:21:41.773  9.78890000E-04  1.47618300E-03 -1.03119900E-03
2001-11-21T17:21:42.773 -5.32219000E-04 -9.02081000E-04 -1.32263400E-03
2001-11-21T17:21:43.773  1.73655200E-03  3.51732000E-04 -1.40182000E-04
2001-11-21T17:21:44.769 -8.61485000E-04  6.07600000E-06  8.59738000E-04
2001-11-21T17:21:45.773  7.18614000E-04  7.29182000E-04  5.27312000E-04
2001-11-21T17:21:46.769 -9.44783000E-04 -1.62173000E-04 -6.65263000E-04
2001-11-21T17:21:47.773  1.33856500E-03 -2.59034000E-04 -3.07166000E-04
2001-11-21T17:21:48.769 -6.04320000E-04 -1.49904800E-03  7.82510000E-04
2001-11-21T17:21:49.773  3.32604000E-04  5.09007000E-04  5.56410000E-05
2001-11-21T17:21:50.769 -5.86829000E-04  3.45315000E-04 -4.30420000E-05
2001-11-21T17:21:51.773  4.89517000E-04 -6.04010000E-05  3.53560000E-05
2001-11-21T17:21:52.769  3.28884000E-04 -5.60378000E-04  2.29593000E-04
2001-11-21T17:21:53.773  6.08226000E-04 -6.04491000E-04 -2.76489000E-04
2001-11-21T17:21:54.769 -7.24571000E-04 -1.08043000E-04 -6.53119000E-04
2001-11-21T17:21:55.773 -7.41711000E-04  5.50370000E-04 -7.84450000E-04
2001-11-21T17:21:56.769 -2.76431000E-04  7.24200000E-06  5.57821000E-04
2001-11-21T17:21:57.773 -3.01589000E-04 -6.65611000E-04  2.49800000E-06
2001-11-21T17:21:58.773  9.88040000E-04 -8.77170000E-05  3.24473000E-04
2001-11-21T17:21:59.773 -4.47294000E-04 -6.97410000E-04  4.87753000E-04
2001-11-21T17:22:00.769  7.86103000E-04  1.40057500E-03  7.14492000E-04
2001-11-21T17:22:01.773 -9.30482000E-04 -1.29430000E-04 -5.49424000E-04
2001-11-21T17:22:02.769  1.03622000E-03  5.63120000E-05 -8.48959000E-04
2001-11-21T17:22:03.773 -6.12121000E-04 -8.73876000E-04  3.95781000E-04
2001-11-21T17:22:04.769  8.75109000E-04  1.03229500E-03  3.91254000E-04
2001-11-21T17:22:05.773 -1.31760100E-03 -2.16294000E-04 -7.81324000E-04
2001-11-21T17:22:06.769  6.19966000E-04  1.16081700E-03  1.91533000E-04
2001-11-21T17:22:07.773 -3.30779000E-04 -1.12326900E-03 -3.03923000E-04
2001-11-21T17:22:08.769  1.14552700E-03  1.68167000E-04  6.10280000E-05
2001-11-21T17:22:09.777 -7.34298000E-04 -3.20826000E-04 -4.73403000E-04
2001-11-21T17:22:10.769 -9.59250000E-05  8.06371000E-04  5.18225000E-04
2001-11-21T17:22:11.773 -9.12018000E-04 -5.72674000E-04  1.06323400E-03
2001-11-21T17:22:12.769  8.06148000E-04 -6.09490000E-05 -1.44050000E-05
2001-11-21T17:22:13.773 -6.19986000E-04 -9.10034000E-04 -2.65809000E-04
2001-11-21T17:22:14.773 -1.06634000E-04  3.50206000E-04 -1.24855900E-03
2001-11-21T17:22:15.773 -4.59319000E-04  8.32138000E-04 -1.00579000E-04
2001-11-21T17:22:16.769 -5.30622000E-04  1.38689000E-04  5.13380000E-04
2001-11-21T17:22:17.773  1.11297600E-03  6.94019000E-04  1.23564000E-04
2001-11-21T17:22:18.769 -3.33276000E-04 -6.69406000E-04 -2.57070000E-04
2001-11-21T17:22:19.773  4.01879000E-04  3.10245000E-04  4.25532000E-04
2001-11-21T17:22:20.769 -1.11167600E-03 -4.15233000E-04  1.15797300E-03
2001-11-21T17:22:21.773  9.79090000E-04  1.16902100E-03  1.52881000E-04
2001-11-21T17:22:22.769 -9.39835000E-04 -6.26258000E-04 -7.99940000E-05
2001-11-21T17:22:23.773  1.52128400E-03  5.77132000E-04  2.15970000E-04
2001-11-21T17:22:24.769 -4.12326000E-04 -1.10059000E-03  6.07873000E-04
2001-11-21T17:22:25.773  2.68781000E-04  1.25379000E-03  5.98481000E-04
2001-11-21T17:22:26.769 -1.30818300E-03 -8.33071000E-04 -5.77969000E-04
2001-11-21T17:22:27.773  6.25373000E-04  6.79176000E-04  7.19162000E-04
2001-11-21T17:22:28.769  8.27190000E-05 -1.10796000E-03  4.85820000E-05
2001-11-21T17:22:29.773  4.38092000E-04  1.63725000E-04 -3.72252000E-04
2001-11-21T17:22:30.773 -7.42443000E-04  3.88525000E-04 -1.09305700E-03
2001-11-21T17:22:31.773 -2.12545000E-04  6.79099000E-04  2.33454000E-04
2001-11-21T17:22:32.769 -7.63832000E-04  6.07829000E-04  5.00823000E-04
2001-11-21T17:22:33.773  6.08273000E-04 -6.41807000E-04  1.97364000E-04
2001-11-21T17:22:34.769  2.69688000E-04  1.06292000E-04 -8.51961000E-04
2001-11-21T17:22:35.773 -5.18379000E-04  4.22270000E-04  1.02881000E-04
2001-11-21T17:22:36.769  6.45720000E-04  1.04247700E-03 -3.16443000E-04
2001-11-21T17:22:37.773 -7.98286000E-04 -6.23580000E-05 -2.53015000E-04
2001-11-21T17:22:38.769  1.30850200E-03  2.17809000E-04 -4.49210000E-04
2001-11-21T17:22:39.773 -2.55179000E-04 -8.60132000E-04  8.43473000E-04
2001-11-21T17:22:40.769  1.46063000E-04  4.14630000E-04  2.51831000E-04
2001-11-21T17:22:41.773 -1.19797100E-03  1.91452000E-04 -6.68458000E-04
2001-11-21T17:22:42.769  1.03920600E-03  4.95302000E-04 -7.59972000E-04
2001-11-21T17:22:43.773 -5.25866000E-04 -9.71198000E-04 -6.27946000E-04
2001-11-21T17:22:44.769  7.79692000E-04  4.29360000E-04 -1.28604000E-04
2001-11-21T17:22:45.773 -7.24600000E-04 -4.92075000E-04 -1.56274000E-04
2001-11-21T17:22:46.773  6.16978000E-04  1.30825400E-03  2.23062000E-04
2001-11-21T17:22:47.773 -1.08838300E-03  1.11008000E-04 -1.49012000E-04
2001-11-21T17:22:48.769  1.00286200E-03  7.34170000E-05  2.30726000E-04
2001-11-21T17:22:49.773 -8.63577000E-04 -1.31180300E-03 -4.26846000E-04
2001-11-21T17:22:50.769  4.64593000E-04  5.25116000E-04 -6.91699000E-04
2001-11-21T17:22:51.773 -1.79002400E-03 -4.31749000E-04  1.04065000E-04
2001-11-21T17:22:52.769 -5.17780000E-05  5.21622000E-04  9.06496000E-04
2001-11-21T17:22:53.773  3.50481000E-04 -6.75130000E-04 -7.53295000E-04
2001-11-21T17:22:54.769  4.34726000E-04 -9.06710000E-05 -1.82415000E-04
2001-11-21T17:22:55.773  3.36750000E-04  6.88751000E-04  6.27613000E-04
2001-11-21T17:22:56.769 -8.82321000E-04  3.02248000E-04  6.01128000E-04
2001-11-21T17:22:57.777 -4.91599000E-04  7.46116000E-04 -3.00446000E-04
2001-11-21T17:22:58.769 -2.32439000E-04 -4.19696000E-04 -9.71895000E-04
2001-11-21T17:22:59.773  1.15925700E-03  2.94109000E-04 -2.21810000E-04
2001-11-21T17:23:00.769 -8.92573000E-04 -7.42424000E-04 -3.15103000E-04
2001-11-21T17:23:01.773  5.37329000E-04  1.70764500E-03  2.34129000E-04
2001-11-21T17:23:02.773 -6.95415000E-04 -3.50565000E-04 -4.30272000E-04
2001-11-21T17:23:03.773  8.44378000E-04  9.30199000E-04 -2.74660000E-04
2001-11-21T17:23:04.769 -1.84821000E-04 -9.26462000E-04  9.59700000E-06
2001-11-21T17:23:05.773  7.85121000E-04  5.90384000E-04  3.33701000E-04
2001-11-21T17:23:06.769 -1.93804000E-04  8.22127000E-04 -8.51026000E-04
2001-11-21T17:23:07.773  4.71590000E-04  5.74523000E-04 -4.15306000E-04
2001-11-21T17:23:08.769 -5.99981000E-04 -6.35116000E-04  2.25017000E-04
2001-11-21T17:23:09.773  1.21306800E-03 -4.57438000E-04 -4.08000000E-06
2001-11-21T17:23:10.769 -5.53849000E-04  8.59330000E-05 -1.11541300E-03
2001-11-21T17:23:11.773 -1.97821000E-04  4.75105000E-04 -4.00360000E-05
2001-11-21T17:23:12.769 -1.71571000E-04  1.22796100E-03  5.71759000E-04
2001-11-21T17:23:13.773 -3.96916000E-04 -6.07555000E-04 -4.59472000E-04
2001-11-21T17:23:14.769  1.61300500E-03  3.13437000E-04  3.13462000E-04
2001-11-21T17:23:15.773 -8.32500000E-04 -5.91368000E-04 -5.46217000E-04
2001-11-21T17:23:16.769  3.21634000E-04  8.12837000E-04  1.54595000E-04
2001-11-21T17:23:17.773 -1.70289200E-03  1.25106000E-04  7.50335000E-04
2001-11-21T17:23:18.773  5.99840000E-04  8.51220000E-04 -4.98471000E-04
2001-11-21T17:23:19.773 -2.87515000E-04 -1.62532300E-03 -2.72689000E-04
2001-11-21T17:23:20.769  6.91298000E-04  7.69556000E-04  6.06042000E-04
2001-11-21T17:23:21.773 -1.43708600E-03 -4.75991000E-04 -4.19940000E-05
2001-11-21T17:23:22.769  4.68841000E-04  1.38236400E-03 -6.77325000E-04
2001-11-21T17:23:23.773 -5.99744000E-04 -3.34221000E-04 -5.05840000E-04
2001-11-21T17:23:24.769  8.35024000E-04  2.66180000E-04  2.55737000E-04
2001-11-21T17:23:25.773 -5.39473000E-04 -8.28616000E-04  6.84502000E-04
2001-11-21T17:23:26.769 -1.40830000E-05  7.52538000E-04  2.01400000E-05
2001-11-21T17:23:27.773 -2.65059000E-04  7.11002000E-04 -8.18578000E-04
2001-11-21T17:23:28.769  1.10056000E-04 -1.49770000E-04  6.35400000E-06
2001-11-21T17:23:29.777  1.07536500E-03 -8.44590000E-05 -1.53930000E-05
2001-11-21T17:23:30.769  3.55651000E-04 -7.21865000E-04 -2.54615000E-04
2001-11-21T17:23:31.773  4.60920000E-05  4.46934000E-04 -6.56644000E-04
2001-11-21T17:23:32.769 -6.75258000E-04  7.00080000E-05  3.30069000E-04
2001-11-21T17:23:33.773  6.17475000E-04  7.00467000E-04  5.57596000E-04
2001-11-21T17:23:34.777  2.06853000E-04 -7.89185000E-04 -2.72215000E-04
2001-11-21T17:23:35.773  1.57572100E-03  3.10107000E-04  1.69612000E-04
2001-11-21T17:23:36.769 -7.74915000E-04 -3.88009000E-04 -8.01404000E-04
2001-11-21T17:23:37.773  8.43438000E-04  1.50570500E-03  6.07566000E-04
2001-11-21T17:23:38.769 -2.76374000E-04 -1.01070300E-03 -5.20472000E-04
2001-11-21T17:23:39.773  1.69254900E-03  6.23210000E-05 -1.33446100E-03
2001-11-21T17:23:40.769  1.89798000E-04 -9.81177000E-04 -1.20590000E-04
2001-11-21T17:23:41.773  2.67061000E-04  7.02299000E-04  6.06374000E-04
2001-11-21T17:23:42.769 -9.96198000E-04  1.67256000E-04 -1.39116000E-04
2001-11-21T17:23:43.773  2.85898000E-04  6.08122000E-04 -1.22541000E-04
2001-11-21T17:23:44.769 -1.00522000E-04 -1.66108000E-04  4.47263000E-04
2001-11-21T17:23:45.773  4.76557000E-04 -5.27434000E-04  5.25568000E-04
2001-11-21T17:23:46.769 -5.95490000E-05 -2.07747000E-04 -1.93557000E-04
2001-11-21T17:23:47.773 -3.81663000E-04  2.06126000E-04 -4.05056000E-04
2001-11-21T17:23:48.769  1.80802000E-04  7.36125000E-04 -4.87025000E-04
2001-11-21T17:23:49.773 -1.28201000E-04 -7.97389000E-04  6.34141000E-04
2001-11-21T17:23:50.773  1.32554500E-03  1.68434000E-04 -4.62665000E-04
2001-11-21T17:23:51.773 -6.05614000E-04 -2.74061000E-04 -7.38777000E-04
2001-11-21T17:23:52.769  5.74982000E-04  1.46065800E-03  5.95330000E-05
2001-11-21T17:23:53.773 -7.50969000E-04 -1.05059300E-03  1.27039900E-03
2001-11-21T17:23:54.769  5.05963000E-04  6.47929000E-04 -5.88862000E-04
2001-11-21T17:23:55.773 -5.39032000E-04 -1.56606500E-03 -1.02976000E-03
2001-11-21T17:23:56.769  8.04402000E-04  7.86645000E-04 -6.01250000E-05
2001-11-21T17:23:57.773 -1.72618100E-03 -7.94167000E-04  3.15134000E-04
2001-11-21T17:23:58.769  3.63999000E-04  8.05574000E-04  2.41403000E-04
2001-11-21T17:23:59.773 -6.63377000E-04 -6.55499000E-04 -4.19353000E-04
2001-11-21T17:24:00.769  1.08466300E-03  5.33420000E-05  1.97130000E-05
2001-11-21T17:24:01.773 -8.45537000E-04 -8.38376000E-04  1.07428700E-03
2001-11-21T17:24:02.769  2.04638000E-04  1.11499700E-03  1.47733000E-04
2001-11-21T17:24:03.773 -7.73404000E-04 -7.16370000E-05 -9.67770000E-04
2001-11-21T17:24:04.769  8.27735000E-04  1.73711000E-04 -5.30038000E-04
2001-11-21T17:24:05.773 -3.77615000E-04 -4.69880000E-04 -3.38876000E-04
2001-11-21T17:24:06.773 -4.19000000E-06  5.83728000E-04  5.97372000E-04
2001-11-21T17:24:07.773 -9.93973000E-04  7.34146000E-04 -2.05044000E-04
2001-11-21T17:24:08.769  1.99568000E-04  1.04418000E-04  1.50031000E-04
2001-11-21T17:24:09.773  4.03777000E-04  2.46720000E-05 -3.31642000E-04
2001-11-21T17:24:10.769 -1.85787000E-04  7.85900000E-05 -7.34570000E-05
2001-11-21T17:24:11.773 -6.66238000E-04 -3.33990000E-05 -1.08151700E-03
2001-11-21T17:24:12.769 -7.68400000E-04 -1.25720000E-05  7.89349000E-04
2001-11-21T17:24:13.773  1.01684900E-03  1.53293000E-04  1.32608000E-04
2001-11-21T17:24:14.769 -1.51513000E-04 -1.19238000E-03  8.13170000E-05
2001-11-21T17:24:15.773  6.81978000E-04  2.02475000E-04  4.24051000E-04
2001-11-21T17:24:16.769 -1.57666000E-03 -3.56636000E-04  3.90501000E-04
2001-11-21T17:24:17.773  5.35390000E-05  1.80517000E-03  4.16126000E-04
2001-11-21T17:24:18.769 -8.47996000E-04 -1.48056700E-03  1.83921000E-04
2001-11-21T17:24:19.773  1.01101800E-03  5.03937000E-04 -4.46546000E-04
2001-11-21T17:24:20.769 -1.15816600E-03 -1.02079900E-03 -2.18523000E-04
2001-11-21T17:24:21.773  1.98581000E-04  1.10823000E-03 -1.88170000E-04
2001-11-21T17:24:22.773 -1.79763000E-03 -7.51080000E-04  2.44573000E-04
2001-11-21T17:24:23.773  1.04358000E-03  2.95541000E-04  1.94570000E-04
2001-11-21T17:24:24.769 -3.80787000E-04 -1.14055300E-03  3.65724000E-04
2001-11-21T17:24:25.773  6.17134000E-04  2.31892000E-04  1.75938000E-04
2001-11-21T17:24:26.769 -9.93961000E-04  2.00727000E-04 -2.19720000E-05
2001-11-21T17:24:27.773 -3.58949000E-04  1.20781000E-03 -1.01432600E-03
2001-11-21T17:24:28.769 -2.96457000E-04 -1.91227000E-04 -5.27989000E-04
2001-11-21T17:24:29.773  5.96197000E-04 -4.70250000E-04  3.60108000E-04
2001-11-21T17:24:30.769  1.90824000E-04  1.59599000E-04 -6.64250000E-05
2001-11-21T17:24:31.773 -7.47641000E-04  5.63058000E-04  8.55465000E-04
2001-11-21T17:24:32.769  1.20209000E-04  5.97559000E-04 -2.74079000E-04
2001-11-21T17:24:33.773  2.34950000E-05 -1.03988000E-03 -3.94009000E-04
2001-11-21T17:24:34.769  3.93916000E-04 -7.56460000E-05  2.94523000E-04
2001-11-21T17:24:35.773 -2.82253000E-04 -2.99274000E-04 -1.66212000E-04
2001-11-21T17:24:36.769  7.34132000E-04  1.49073800E-03 -1.16081700E-03
2001-11-21T17:24:37.773 -8.13038000E-04 -5.63137000E-04 -7.50788000E-04
2001-11-21T17:24:38.773  7.53637000E-04  3.33114000E-04  1.07640000E-03
2001-11-21T17:24:39.773 -2.54583000E-04 -1.17132000E-03 -8.89880000E-05
2001-11-21T17:24:40.769  7.46568000E-04  6.57114000E-04 -9.78978000E-04
2001-11-21T17:24:41.773 -1.44537200E-03 -2.32340000E-04 -5.00609000E-04
2001-11-21T17:24:42.769  7.37542000E-04  6.11954000E-04  3.92721000E-04
2001-11-21T17:24:43.773 -5.50694000E-04 -9.65896000E-04 -4.84358000E-04
2001-11-21T17:24:44.769  7.79470000E-04 -1.79226000E-04  3.87848000E-04
2001-11-21T17:24:45.773 -8.13470000E-04 -1.10637100E-03 -1.24594000E-04
2001-11-21T17:24:46.769  2.53277000E-04  4.95177000E-04  9.01939000E-04
2001-11-21T17:24:47.773 -1.19910100E-03  4.21678000E-04 -8.07520000E-04
2001-11-21T17:24:48.769  2.93674000E-04  1.68961000E-04  2.73510000E-05
2001-11-21T17:24:49.776  7.36330000E-05 -2.90201000E-04 -1.28361000E-04
2001-11-21T17:24:50.769  6.24690000E-05 -1.47224000E-04  2.43281000E-04
2001-11-21T17:24:51.773  2.60756000E-04  8.85481000E-04  1.28742000E-04
2001-11-21T17:24:52.769 -8.86464000E-04  6.95034000E-04 -5.69107000E-04
2001-11-21T17:24:53.773  3.93372000E-04 -2.09583000E-04  6.04588000E-04
2001-11-21T17:24:54.776  3.91860000E-04 -1.07665800E-03 -4.68030000E-05
2001-11-21T17:24:55.773  1.55744700E-03  8.82690000E-04  1.78676000E-04
2001-11-21T17:24:56.769 -1.26925400E-03 -7.22200000E-06 -4.56215000E-04
2001-11-21T17:24:57.773  3.40502000E-04  2.08599000E-04 -1.33875000E-04
2001-11-21T17:24:58.769 -5.85207000E-04 -7.71541000E-04  8.19244000E-04
2001-11-21T17:24:59.773  1.44244500E-03  6.43196000E-04  8.66064000E-04
2001-11-21T17:25:00.769 -1.11144200E-03 -3.86354000E-04 -1.07425000E-04
2001-11-21T17:25:01.773  6.90352000E-04  1.19104100E-03 -6.28778000E-04
2001-11-21T17:25:02.769 -1.29784700E-03 -6.50741000E-04 -1.24159000E-04
2001-11-21T17:25:03.773  1.12567500E-03  6.75601000E-04  6.71001000E-04
2001-11-21T17:25:04.769 -6.47620000E-05 -1.27862800E-03 -1.11076200E-03
2001-11-21T17:25:05.773  8.82876000E-04  7.04771000E-04 -2.02245000E-04
2001-11-21T17:25:06.769 -1.11619800E-03 -5.20538000E-04  7.21300000E-05
2001-11-21T17:25:07.773 -5.12450000E-05  5.99683000E-04  5.02967000E-04
2001-11-21T17:25:08.769 -4.96674000E-04 -7.73630000E-05 -1.09797900E-03
2001-11-21T17:25:09.772  1.33017300E-03 -3.54957000E-04 -5.88283000E-04
2001-11-21T17:25:10.772  2.50774000E-04 -6.39280000E-05  2.12340600E-03
2001-11-21T17:25:11.772  3.87090000E-05  3.89467000E-04 -3.03539000E-04
2001-11-21T17:25:12.769 -7.96409000E-04  2.52117000E-04 -1.11346300E-03
2001-11-21T17:25:13.772 -3.42644000E-04  4.87024000E-04 -6.28820000E-04
2001-11-21T17:25:14.769  6.41965000E-04  4.23920000E-05  4.73317000E-04
2001-11-21T17:25:15.772  3.12695000E-04 -5.10055000E-04  3.89283000E-04
2001-11-21T17:25:16.769  1.17984000E-04  1.33795000E-04 -2.36264000E-04
2001-11-21T17:25:17.772 -3.25808000E-04 -1.99746000E-04  4.31000000E-06
2001-11-21T17:25:18.769 -3.24401000E-04  6.86628000E-04 -2.84760000E-05
2001-11-21T17:25:19.772  1.97606000E-04 -1.01727300E-03  3.59224000E-04
2001-11-21T17:25:20.769  7.31312000E-04  2.98583000E-04 -7.43666000E-04
2001-11-21T17:25:21.772 -5.80810000E-05 -8.26013000E-04 -5.76303000E-04
2001-11-21T17:25:22.769  1.38028000E-04  6.18597000E-04  3.46641000E-04
2001-11-21T17:25:23.772 -1.05528600E-03 -5.53238000E-04 -7.79300000E-06
2001-11-21T17:25:24.769  9.74891000E-04  9.61716000E-04  2.44196000E-04
2001-11-21T17:25:25.772  4.31870000E-05 -1.24434300E-03 -4.68926000E-04
2001-11-21T17:25:26.772  5.44199000E-04  1.88418000E-04  1.22521400E-03
2001-11-21T17:25:27.772 -1.18795500E-03  1.83429000E-04 -3.34793000E-04
2001-11-21T17:25:28.769 -2.23015000E-04  1.05032500E-03 -8.03981000E-04
2001-11-21T17:25:29.776 -8.45297000E-04 -4.72560000E-05 -1.09225300E-03
2001-11-21T17:25:30.769  6.75249000E-04 -4.54671000E-04 -8.64780000E-05
2001-11-21T17:25:31.772  2.98771000E-04 -4.64296000E-04  7.03372000E-04
2001-11-21T17:25:32.769 -5.17085000E-04  2.56133000E-04  4.78026000E-04
2001-11-21T17:25:33.772 -4.11424000E-04  7.55182000E-04 -8.49569000E-04
2001-11-21T17:25:34.769 -2.43736000E-04 -8.91830000E-05 -5.11026000E-04
2001-11-21T17:25:35.772  1.26990700E-03 -2.34199000E-04 -2.96345000E-04
2001-11-21T17:25:36.769 -3.76460000E-04 -6.12073000E-04 -7.46896000E-04
2001-11-21T17:25:37.772  1.14462300E-03  9.47906000E-04  5.92195000E-04
2001-11-21T17:25:38.769 -8.50607000E-04  2.35135000E-04  1.42950000E-04
2001-11-21T17:25:39.772  6.96667000E-04  7.01003000E-04  2.24434000E-04
2001-11-21T17:25:40.769 -9.02890000E-04 -5.34287000E-04  2.74045000E-04
2001-11-21T17:25:41.772  1.47969200E-03 -2.44169000E-04 -7.97880000E-05
2001-11-21T17:25:42.772 -1.35752800E-03 -7.32854000E-04  6.80591000E-04
2001-11-21T17:25:43.772  4.48676000E-04  1.05602800E-03 -2.47169000E-04
2001-11-21T17:25:44.769 -1.16458200E-03  1.93241000E-04 -1.77881000E-04
2001-11-21T17:25:45.772  1.13840700E-03  2.15997000E-04 -6.69630000E-04
2001-11-21T17:25:46.769 -6.00350000E-05 -1.16740800E-03  2.29639000E-04
2001-11-21T17:25:47.772  5.25908000E-04  3.92517000E-04 -8.11800000E-04
2001-11-21T17:25:48.769 -4.33926000E-04  4.55371000E-04 -6.12670000E-04
2001-11-21T17:25:49.772 -7.22429000E-04  1.12144200E-03 -7.08530000E-04
2001-11-21T17:25:50.769  1.32665000E-04  5.32394000E-04  4.15000000E-07
2001-11-21T17:25:51.772  2.27520000E-05 -4.47327000E-04 -6.46510000E-05
2001-11-21T17:25:52.769  8.28376000E-04  7.10719000E-04 -1.41227400E-03
2001-11-21T17:25:53.772 -8.95078000E-04 -5.02180000E-05 -4.59220000E-05
2001-11-21T17:25:54.769  4.68214000E-04  4.88792000E-04 -5.28470000E-05
2001-11-21T17:25:55.772 -1.00801500E-03  5.41900000E-05 -3.92500000E-05
2001-11-21T17:25:56.769  9.37802000E-04  2.10535000E-04 -4.49497000E-04
2001-11-21T17:25:57.772 -3.53696000E-04 -7.69747000E-04 -3.42022000E-04
2001-11-21T17:25:58.772  8.41624000E-04  8.66573000E-04  3.95896000E-04
2001-11-21T17:25:59.772 -1.13436700E-03  6.76950000E-05 -3.09522000E-04
2001-11-21T17:26:00.769  9.58080000E-04  6.23688000E-04 -5.81992000E-04
2001-11-21T17:26:01.772 -5.53908000E-04 -8.93661000E-04  1.29315000E-04
2001-11-21T17:26:02.769  5.06360000E-04  3.03933000E-04  5.84571000E-04
2001-11-21T17:26:03.772  2.90186000E-04 -4.15727000E-04 -4.06552000E-04
2001-11-21T17:26:04.769 -5.55894000E-04  4.46882000E-04 -1.48338000E-04
2001-11-21T17:26:05.772  1.39644000E-04  6.35087000E-04  1.17983000E-04
2001-11-21T17:26:06.769 -1.23178500E-03  1.57667000E-04  4.40554000E-04
2001-11-21T17:26:07.772  7.71226000E-04  4.20789000E-04 -2.46704000E-04
2001-11-21T17:26:08.769 -2.34406000E-04 -1.29817100E-03 -8.91562000E-04
2001-11-21T17:26:09.776  6.41422000E-04  6.78806000E-04 -2.27609000E-04
2001-11-21T17:26:10.769 -1.19828400E-03 -4.29294000E-04  6.13459000E-04
2001-11-21T17:26:11.772  4.85587000E-04  1.05308300E-03  3.03501000E-04
2001-11-21T17:26:12.769 -5.69250000E-04 -1.26165200E-03 -1.43225200E-03
2001-11-21T17:26:13.772  1.18255000E-03  5.24750000E-05 -4.81194000E-04
2001-11-21T17:26:14.776  6.70820000E-05 -6.49795000E-04  4.69846000E-04
2001-11-21T17:26:15.772  7.19350000E-05  7.22354000E-04 -8.30769000E-04
2001-11-21T17:26:16.769 -2.65303000E-04  8.75514000E-04 -4.75990000E-04
2001-11-21T17:26:17.772 -4.87099000E-04 -9.80570000E-05 -1.25502000E-03
2001-11-21T17:26:18.769  5.54032000E-04  1.97464000E-04 -2.30051000E-04
2001-11-21T17:26:19.772 -2.38873000E-04 -8.65223000E-04  1.44190000E-03
2001-11-21T17:26:20.768  2.40720000E-04  4.42190000E-04  4.22550000E-04
2001-11-21T17:26:21.772 -1.52814000E-03  3.05479000E-04 -4.76230000E-04
2001-11-21T17:26:22.768  2.62867000E-04  1.23121400E-03  5.96568000E-04
2001-11-21T17:26:23.772 -1.19231700E-03 -4.04622000E-04 -1.54985000E-04
2001-11-21T17:26:24.768  9.54648000E-04  3.35655000E-04 -1.43687800E-03
2001-11-21T17:26:25.772  1.95675000E-04 -6.48377000E-04  5.31421000E-04
2001-11-21T17:26:26.768  2.02860000E-04  4.66571000E-04  4.77313000E-04
2001-11-21T17:26:27.772 -4.18615000E-04  7.06620000E-04  2.94991000E-04
2001-11-21T17:26:28.768 -6.38006000E-04  4.12320000E-05 -9.16230000E-05
2001-11-21T17:26:29.772  2.23963000E-04  7.32622000E-04 -1.19886700E-03
2001-11-21T17:26:30.772 -1.44905000E-04 -1.63139800E-03  3.34374000E-04
2001-11-21T17:26:31.772  1.25222100E-03 -8.11920000E-05  8.29367000E-04
2001-11-21T17:26:32.768 -5.95720000E-04 -2.71416000E-04 -6.98103000E-04
2001-11-21T17:26:33.772 -5.40320000E-05  6.55654000E-04 -3.62368000E-04
2001-11-21T17:26:34.768 -9.73371000E-04  6.38865000E-04  1.02372800E-03
2001-11-21T17:26:35.772 -5.57014000E-04 -3.49758000E-04  3.17322000E-04
2001-11-21T17:26:36.768  1.19324300E-03  7.43812000E-04 -2.99014000E-04
2001-11-21T17:26:37.772 -4.83319000E-04 -1.19447400E-03 -2.28052000E-04
2001-11-21T17:26:38.768  1.29719300E-03  1.76150000E-04  9.29068000E-04
2001-11-21T17:26:39.772 -3.77865000E-04  1.47263000E-04  4.68184000E-04
2001-11-21T17:26:40.768 -3.12452000E-04  4.29687000E-04  3.62411000E-04
2001-11-21T17:26:41.772  2.52411000E-04  1.64069000E-03  2.40545000E-04
2001-11-21T17:26:42.768 -1.80854600E-03  1.44124000E-04  7.52920000E-05
2001-11-21T17:26:43.772  7.74737000E-04  1.39159200E-03 -2.09045000E-04
2001-11-21T17:26:44.768 -5.35055000E-04  8.94890000E-05 -4.92011000E-04
2001-11-21T17:26:45.772  1.45552000E-04  7.68720000E-05 -4.24399000E-04
2001-11-21T17:26:46.772  1.64046100E-03  3.25183000E-04  8.08465000E-04
2001-11-21T17:26:47.772 -5.51292000E-04 -9.19197000E-04  5.19626000E-04
2001-11-21T17:26:48.768  1.08504500E-03  9.31142000E-04 -3.38624000E-04
2001-11-21T17:26:49.772 -4.40281000E-04  4.60399000E-04 -1.97554000E-04
2001-11-21T17:26:50.768 -7.89478000E-04  6.86891000E-04  1.15043600E-03
2001-11-21T17:26:51.772  9.04900000E-06  1.38634500E-03 -5.64611000E-04
2001-11-21T17:26:52.768 -1.18845500E-03  2.32982000E-04 -5.20267000E-04
2001-11-21T17:26:53.772  5.35070000E-05  1.45500700E-03  7.42243000E-04
2001-11-21T17:26:54.768 -3.19027000E-04  1.17877000E-04  1.83916000E-04
2001-11-21T17:26:55.772 -6.91669000E-04 -7.82034000E-04 -1.57275000E-04
2001-11-21T17:26:56.768  3.50796000E-04  1.21267300E-03 -6.44775000E-04
2001-11-21T17:26:57.772  1.47205000E-04  2.38920000E-05 -4.46982000E-04
2001-11-21T17:26:58.768  4.29830000E-05 -1.12059400E-03  2.50611000E-04
2001-11-21T17:26:59.772  1.19362500E-03  3.90599000E-04  3.58683000E-04
2001-11-21T17:27:00.768  4.68370000E-04  3.29399000E-04 -3.68767000E-04
2001-11-21T17:27:01.772 -4.74363000E-04  2.01700000E-06  1.52490000E-04
2001-11-21T17:27:02.772  8.16742000E-04  1.01826900E-03 -9.63104000E-04
2001-11-21T17:27:03.772 -3.80253000E-04  4.40617000E-04 -9.66418000E-04
2001-11-21T17:27:04.768 -5.22994000E-04 -4.28260000E-05  9.69600000E-06
2001-11-21T17:27:05.772  8.22676000E-04  1.06703100E-03 -5.45068000E-04
2001-11-21T17:27:06.768  7.30233000E-04  1.68030500E-03  2.83084000E-04
2001-11-21T17:27:07.772  1.83609000E-04  5.80426000E-04 -8.80020000E-05
2001-11-21T17:27:08.768 -1.07887300E-03  1.59346600E-03  1.23612000E-04
2001-11-21T17:27:09.772 -1.36266300E-03  1.11281600E-03  2.61674000E-04
2001-11-21T17:27:10.768 -5.36157000E-04  1.18386900E-03  8.31647000E-04
2001-11-21T17:27:11.772 -5.08114000E-04  1.94919700E-03  3.46369000E-04
2001-11-21T17:27:12.768 -8.29451000E-04  2.22050900E-03 -1.17712000E-04
2001-11-21T17:27:13.772 -1.70603000E-04  1.49666800E-03 -6.56600000E-06
2001-11-21T17:27:14.768 -1.21920300E-03  2.30971300E-03 -7.80530000E-05
2001-11-21T17:27:15.772 -6.96354000E-04  1.89757800E-03 -5.17322000E-04
2001-11-21T17:27:16.768 -7.26229000E-04  1.44229900E-03  4.61207000E-04
2001-11-21T17:27:17.772 -1.00882000E-03  1.81377200E-03  5.31569000E-04
2001-11-21T17:27:18.772 -3.97966000E-04  2.07627100E-03  5.27920000E-05
2001-11-21T17:27:19.772  1.44357000E-04  3.43005200E-03 -6.42871000E-04
2001-11-21T17:27:20.768  1.33621000E-03  2.90000700E-03  6.94117000E-04
2001-11-21T17:27:21.772  6.91765000E-04  3.47555900E-03  9.38759000E-04
2001-11-21T17:27:22.768  1.08049000E-04  2.72637700E-03  3.33628000E-04
2001-11-21T17:27:23.772 -2.04469000E-04  2.10068400E-03 -8.12153000E-04
2001-11-21T17:27:24.768 -6.10014000E-04  3.52972500E-03 -8.05725000E-04
2001-11-21T17:27:25.772  8.53248000E-04  3.41955500E-03 -6.14640000E-05
2001-11-21T17:27:26.768  6.76088000E-04  3.25110400E-03  7.50327000E-04
2001-11-21T17:27:27.772 -1.32034000E-03  3.19192700E-03 -2.14450000E-04
2001-11-21T17:27:28.768 -2.60440000E-04  3.65032800E-03 -4.90017000E-04
2001-11-21T17:27:29.776  4.89519000E-04  4.47181100E-03  4.03939000E-04
2001-11-21T17:27:30.768 -7.05898000E-04  2.46383700E-03  2.88271000E-04
2001-11-21T17:27:31.772  1.22093200E-03  4.76793300E-03 -5.20644000E-04
2001-11-21T17:27:32.768 -1.19081500E-03  2.91256800E-03  4.60705000E-04
2001-11-21T17:27:33.772  7.69416000E-04  5.11437600E-03  1.36700000E-03
2001-11-21T17:27:34.776 -8.45612000E-04  3.48515200E-03  5.73119000E-04
2001-11-21T17:27:35.772  1.11273700E-03  5.80955600E-03 -8.48216000E-04
2001-11-21T17:27:36.768 -1.18155600E-03  3.73162400E-03 -2.70365000E-04
2001-11-21T17:27:37.772  1.16707000E-04  4.81581100E-03  3.66840000E-04
2001-11-21T17:27:38.768  1.68664300E-03  5.48706700E-03 -3.38185000E-04
2001-11-21T17:27:39.772 -6.95364000E-04  3.59184100E-03 -5.67932000E-04
2001-11-21T17:27:40.768 -3.55039000E-04  5.30575600E-03  7.00310000E-05
2001-11-21T17:27:41.772  3.34340000E-05  5.59859400E-03  4.84681000E-04
2001-11-21T17:27:42.768 -1.70218400E-03  4.52600200E-03  6.62017000E-04
2001-11-21T17:27:43.772  6.43470000E-05  5.43022200E-03 -4.19170000E-05
2001-11-21T17:27:44.768  1.12869800E-03  6.24328500E-03  2.15049000E-04
2001-11-21T17:27:45.772 -6.69635000E-04  5.18317000E-03 -9.49530000E-05
2001-11-21T17:27:46.768 -1.50806500E-03  5.40985400E-03 -8.36798000E-04
2001-11-21T17:27:47.772 -2.52477000E-04  5.20198600E-03 -1.53196000E-04
2001-11-21T17:27:48.768 -8.45273000E-04  6.65983700E-03  9.51146000E-04
2001-11-21T17:27:49.776 -9.84100000E-05  6.52839600E-03  2.07164000E-04
2001-11-21T17:27:50.772 -7.72820000E-05  6.96476700E-03 -8.06834000E-04
2001-11-21T17:27:51.772  7.13113000E-04  6.21689900E-03 -1.09592000E-04
2001-11-21T17:27:52.768 -1.60503000E-04  7.33126700E-03  7.65163000E-04
2001-11-21T17:27:53.772  2.45253000E-04  6.70041200E-03  1.41081600E-03
2001-11-21T17:27:54.768 -1.20593000E-04  6.19722000E-03  5.50902000E-04
2001-11-21T17:27:55.772 -3.32670000E-05  6.38359400E-03 -8.31534000E-04
2001-11-21T17:27:56.768 -2.86693000E-04  6.69445400E-03  4.79805000E-04
2001-11-21T17:27:57.772 -3.55602000E-04  6.87214500E-03  1.05289200E-03
2001-11-21T17:27:58.768 -5.15140000E-05  5.93122900E-03  3.69460000E-04
2001-11-21T17:27:59.772 -1.09397200E-03  6.72131300E-03  3.27863000E-04
2001-11-21T17:28:00.768 -1.19937300E-03  6.57076900E-03  5.28971000E-04
2001-11-21T17:28:01.772  1.09768300E-03  8.58307900E-03  4.88430000E-04
2001-11-21T17:28:02.768  1.04218700E-03  7.71051300E-03 -5.14300000E-06
2001-11-21T17:28:03.772 -8.06895000E-04  6.80703300E-03  4.64060000E-04
2001-11-21T17:28:04.768  1.39916000E-04  7.52809600E-03 -4.05274000E-04
2001-11-21T17:28:05.772  3.76845000E-04  8.49248700E-03  8.98156000E-04
2001-11-21T17:28:06.772 -7.34848000E-04  6.66915000E-03  1.72027400E-03
2001-11-21T17:28:07.772  1.11711000E-03  9.58258000E-03 -2.96340000E-04
2001-11-21T17:28:08.768  3.13323000E-04  9.01082200E-03 -1.45846200E-03
2001-11-21T17:28:09.772 -4.97585000E-04  9.42079700E-03  1.06477000E-04
2001-11-21T17:28:10.768  9.52613000E-04  1.02315070E-02  2.22772000E-04
2001-11-21T17:28:11.772 -1.64847100E-03  8.66309500E-03 -1.45063000E-04
2001-11-21T17:28:12.768 -4.68727000E-04  9.05506700E-03  1.28015700E-03
2001-11-21T17:28:13.772  9.49073000E-04  1.02578710E-02 -2.61885000E-04
2001-11-21T17:28:14.768  8.71919000E-04  1.16805930E-02  5.01041000E-04
2001-11-21T17:28:15.772  7.45989000E-04  1.21407020E-02  1.57143000E-04
2001-11-21T17:28:16.768  5.07835000E-04  1.21791700E-02  8.63828000E-04
2001-11-21T17:28:17.772 -8.53095000E-04  1.15159020E-02  1.28503000E-04
2001-11-21T17:28:18.768 -2.15301300E-03  1.07528620E-02  2.11302000E-04
2001-11-21T17:28:19.772 -2.25424000E-04  1.21182100E-02  6.95104000E-04
2001-11-21T17:28:20.768  3.78199000E-04  1.26280230E-02 -4.54480000E-05
2001-11-21T17:28:21.772 -6.34354000E-04  1.13262610E-02  5.08932000E-04
2001-11-21T17:28:22.772 -1.48055900E-03  1.06277380E-02  4.80402000E-04
2001-11-21T17:28:23.772  4.38341000E-04  1.34086050E-02  3.68182000E-04
2001-11-21T17:28:24.768 -1.47432100E-03  1.15067570E-02 -6.53540000E-05
2001-11-21T17:28:25.772  1.31588500E-03  1.26438360E-02  2.93786000E-04
2001-11-21T17:28:26.768 -1.33748900E-03  1.23912520E-02  1.40305400E-03
2001-11-21T17:28:27.772  6.89965000E-04  1.42969180E-02  9.16949000E-04
2001-11-21T17:28:28.768 -1.77334600E-03  1.33079550E-02  2.18131000E-04
2001-11-21T17:28:29.772 -4.22793000E-04  1.36894750E-02  1.86659000E-04
2001-11-21T17:28:30.768  1.21894000E-04  1.44686460E-02  1.48416100E-03
2001-11-21T17:28:31.772  6.77950000E-04  1.51281890E-02  6.85496000E-04
2001-11-21T17:28:32.768 -1.99957100E-03  1.34461310E-02  8.79460000E-05
2001-11-21T17:28:33.772 -1.35077400E-03  1.35582620E-02  5.37186000E-04
2001-11-21T17:28:34.768 -1.44973700E-03  1.40072040E-02  8.30802000E-04
2001-11-21T17:28:35.772 -1.75074000E-03  1.43150320E-02  3.93350000E-05
2001-11-21T17:28:36.768 -1.59139000E-03  1.47698080E-02  5.31517000E-04
2001-11-21T17:28:37.772 -1.96461100E-03  1.48248310E-02  2.39778000E-04
2001-11-21T17:28:38.772 -1.01497100E-03  1.45971780E-02  1.42342700E-03
2001-11-21T17:28:39.772  3.32505000E-04  1.64713320E-02  7.70896000E-04
2001-11-21T17:28:40.768  8.09142000E-04  1.60876310E-02 -2.24177000E-04
2001-11-21T17:28:41.772  9.77421000E-04  1.65402180E-02  8.56800000E-05
2001-11-21T17:28:42.768 -2.57572000E-04  1.66865200E-02  5.75754000E-04
2001-11-21T17:28:43.772 -2.06246400E-03  1.57920160E-02  1.43934300E-03
2001-11-21T17:28:44.768  1.06113500E-03  1.73555200E-02 -2.29276000E-04
2001-11-21T17:28:45.772 -8.41888000E-04  1.65217130E-02  1.18198600E-03
2001-11-21T17:28:46.768  4.79208000E-04  1.84386350E-02  6.43052000E-04
2001-11-21T17:28:47.772 -7.48114000E-04  1.72896720E-02  5.13844000E-04
2001-11-21T17:28:48.768  5.21727000E-04  1.77831370E-02 -5.72990000E-05
2001-11-21T17:28:49.776 -8.88724000E-04  1.76059570E-02  6.00791000E-04
2001-11-21T17:28:50.768  2.49385000E-04  1.80118050E-02  1.11984000E-04
2001-11-21T17:28:51.772 -7.52966000E-04  1.72234620E-02 -2.11020000E-04
2001-11-21T17:28:52.768 -4.07200000E-05  1.75492610E-02  7.84958000E-04
2001-11-21T17:28:53.772 -1.58596000E-04  1.81731820E-02 -3.31185000E-04
2001-11-21T17:28:54.776 -7.03239000E-04  1.70894060E-02  1.25433000E-04
2001-11-21T17:28:55.772  3.73753000E-04  1.81218810E-02  4.17132000E-04
2001-11-21T17:28:56.768 -1.10360800E-03  1.72563050E-02  3.71225000E-04
2001-11-21T17:28:57.772  6.69385000E-04  1.80119440E-02 -2.57523000E-04
2001-11-21T17:28:58.768 -1.34810800E-03  1.77163870E-02  1.28604000E-04
2001-11-21T17:28:59.776 -4.28277000E-04  1.82093960E-02  6.93184000E-04
2001-11-21T17:29:00.768 -8.26165000E-04  1.80522930E-02  6.60384000E-04
2001-11-21T17:29:01.772  2.76590000E-04  1.88170560E-02  5.07518000E-04
2001-11-21T17:29:02.768 -1.24823000E-04  1.95436680E-02  6.99194000E-04
2001-11-21T17:29:03.772 -3.04475000E-04  1.97574630E-02  1.07089700E-03
2001-11-21T17:29:04.768  1.84197000E-04  1.91740920E-02  4.35407000E-04
2001-11-21T17:29:05.776 -6.22403000E-04  2.02190470E-02  1.34640900E-03
2001-11-21T17:29:06.768 -8.16334000E-04  2.03832020E-02  5.18709000E-04
2001-11-21T17:29:07.772 -9.92500000E-05  1.95498580E-02  1.25720500E-03
2001-11-21T17:29:08.768 -1.93509000E-04  1.96396350E-02  1.11008100E-03
2001-11-21T17:29:09.776 -1.62096000E-04  1.95922910E-02 -8.25845000E-04
2001-11-21T17:29:10.776 -7.88831000E-04  2.03594700E-02  7.11706000E-04
2001-11-21T17:29:11.772 -5.91544000E-04  2.00712680E-02  9.52540000E-05
2001-11-21T17:29:12.768 -5.07800000E-04  2.00338460E-02  1.22777500E-03
2001-11-21T17:29:13.772 -2.11076000E-04  1.96610840E-02  1.79830000E-04
2001-11-21T17:29:14.768 -1.36251000E-04  1.96382890E-02  8.82058000E-04
2001-11-21T17:29:15.772  7.36770000E-05  1.93299300E-02 -1.70280000E-05
2001-11-21T17:29:16.768  6.27180000E-05  1.84122600E-02  7.03166000E-04
2001-11-21T17:29:17.772 -1.40659400E-03  1.69299730E-02 -1.37641000E-04
2001-11-21T17:29:18.768  6.75167000E-04  2.01268380E-02 -3.25866000E-04
2001-11-21T17:29:19.776 -9.66995000E-04  1.90905050E-02  6.98052000E-04
2001-11-21T17:29:20.768 -1.06605000E-04  2.11961180E-02  2.84394000E-04
2001-11-21T17:29:21.776 -6.71606000E-04  2.03772280E-02 -5.15824000E-04
2001-11-21T17:29:22.768 -3.11250000E-05  1.94385960E-02  8.71494000E-04
2001-11-21T17:29:23.772 -1.98077000E-04  1.83876770E-02  7.00463000E-04
2001-11-21T17:29:24.768 -1.24698100E-03  1.69594100E-02 -6.56736000E-04
2001-11-21T17:29:25.772  9.58012000E-04  1.72823970E-02  2.28630000E-05
2001-11-21T17:29:26.776 -1.36319900E-03  1.40737530E-02 -2.31574000E-04
2001-11-21T17:29:27.772 -1.10064100E-03  1.34069050E-02  4.06060000E-05
2001-11-21T17:29:28.768  2.95874000E-04  1.49905710E-02  2.94952000E-04
2001-11-21T17:29:29.776 -1.76528200E-03  1.18704160E-02 -9.35057000E-04
2001-11-21T17:29:30.768 -9.64800000E-06  1.32943570E-02  5.75721000E-04
2001-11-21T17:29:31.772 -1.68124300E-03  1.20034020E-02  1.24178700E-03
2001-11-21T17:29:32.768 -7.05532000E-04  1.05784270E-02  6.08411000E-04
2001-11-21T17:29:33.772  6.28872000E-04  1.26268060E-02 -6.73963000E-04
2001-11-21T17:29:34.768  4.76841000E-04  1.30142170E-02  9.78539000E-04
2001-11-21T17:29:35.772 -1.53579000E-04  1.06809880E-02 -3.76514000E-04
2001-11-21T17:29:36.768  4.21163000E-04  1.01847880E-02 -1.29270000E-04
2001-11-21T17:29:37.776 -9.12907000E-04  8.59702100E-03 -3.01970000E-05
2001-11-21T17:29:38.768  6.11932000E-04  8.77905400E-03  1.13059400E-03
2001-11-21T17:29:39.776 -1.24427300E-03  7.38123900E-03 -4.01895000E-04
2001-11-21T17:29:40.768  5.86395000E-04  9.43701500E-03 -1.54140000E-04
2001-11-21T17:29:41.772 -6.81023000E-04  6.76211600E-03 -2.44400000E-04
2001-11-21T17:29:42.772  5.25467000E-04  1.12819300E-02  6.48471000E-04
2001-11-21T17:29:43.772  1.31893800E-03  1.21817500E-02  1.75947800E-03
2001-11-21T17:29:44.768 -7.35195000E-04  1.11061370E-02  9.41803000E-04
2001-11-21T17:29:45.772 -1.29871600E-03  1.00466270E-02 -1.02673200E-03
2001-11-21T17:29:46.768 -1.50414700E-03  1.00101880E-02  5.25900000E-04
2001-11-21T17:29:47.772 -1.42138700E-03  9.97544600E-03  8.61744000E-04
2001-11-21T17:29:48.768 -1.17049900E-03  1.03140750E-02  2.15972000E-04
2001-11-21T17:29:49.772 -1.48315000E-03  9.33623200E-03 -2.66686000E-04
2001-11-21T17:29:50.768 -6.56945000E-04  9.42086700E-03  4.17753000E-04
2001-11-21T17:29:51.772 -4.85110000E-05  1.04965330E-02  1.31905200E-03
2001-11-21T17:29:52.768  1.48998100E-03  1.03716230E-02 -5.45111000E-04
2001-11-21T17:29:53.772 -6.21266000E-04  9.10610100E-03 -9.45061000E-04
2001-11-21T17:29:54.768 -8.52817000E-04  8.57116700E-03 -2.03001000E-04
2001-11-21T17:29:55.772 -6.25098000E-04  1.04257990E-02  8.87547000E-04
2001-11-21T17:29:56.768  5.96099000E-04  9.71939800E-03  1.39870000E-05
2001-11-21T17:29:57.772 -7.24303000E-04  8.19337600E-03 -1.23503500E-03
2001-11-21T17:29:58.772  5.90345000E-04  1.03551480E-02  5.02427000E-04
2001-11-21T17:29:59.776 -1.68408000E-04  9.71528300E-03  1.54735300E-03
2001-11-21T17:30:00.768 -7.69044000E-04  8.81890600E-03 -6.97320000E-05
2001-11-21T17:30:01.772  1.08747800E-03  1.00193540E-02 -4.83799000E-04
2001-11-21T17:30:02.768 -1.22941100E-03  8.19860500E-03  1.09292000E-03
2001-11-21T17:30:03.772  6.84899000E-04  9.02329500E-03  1.30334300E-03
2001-11-21T17:30:04.768 -4.44067000E-04  8.71486900E-03 -8.80250000E-05
2001-11-21T17:30:05.772 -1.36337800E-03  7.25126400E-03  6.09970000E-05
2001-11-21T17:30:06.768  3.78649000E-04  8.05277100E-03  6.34022000E-04
2001-11-21T17:30:07.772  1.01069000E-03  8.59763900E-03  2.11893000E-04
2001-11-21T17:30:08.768 -4.73549000E-04  8.07389900E-03  8.45157000E-04
2001-11-21T17:30:09.776 -4.24480000E-04  7.89939800E-03 -3.58735000E-04
2001-11-21T17:30:10.768  1.78276200E-03  8.04260200E-03  3.98158000E-04
2001-11-21T17:30:11.772  8.91610000E-05  7.25531300E-03  7.19999000E-04
2001-11-21T17:30:12.768 -3.05823000E-04  7.34343600E-03  2.56348000E-04
2001-11-21T17:30:13.772  1.20451500E-03  8.91090000E-03  3.25216000E-04
2001-11-21T17:30:14.776 -3.20964000E-04  7.49141600E-03  9.72550000E-04
2001-11-21T17:30:15.772 -4.97265000E-04  7.80607500E-03  4.15218000E-04
2001-11-21T17:30:16.768 -1.82249000E-04  9.07756900E-03  9.76206000E-04
2001-11-21T17:30:17.772 -7.04789000E-04  7.60162200E-03 -7.94878000E-04
2001-11-21T17:30:18.768  4.20692000E-04  9.43413600E-03 -1.45430000E-05
2001-11-21T17:30:19.772 -7.13388000E-04  7.90174600E-03  1.15629900E-03
2001-11-21T17:30:20.768 -2.29024000E-04  8.66506400E-03  1.21195800E-03
2001-11-21T17:30:21.772 -9.50610000E-05  9.62030000E-03 -3.85786000E-04
2001-11-21T17:30:22.768 -1.26911100E-03  8.19154000E-03  2.03291000E-04
2001-11-21T17:30:23.772  3.85455000E-04  8.90655300E-03  7.34002000E-04
2001-11-21T17:30:24.768 -5.51178000E-04  7.20979300E-03 -2.01501000E-04
2001-11-21T17:30:25.776  4.10743000E-04  8.16081800E-03 -7.04534000E-04
2001-11-21T17:30:26.768  6.67655000E-04  1.03946160E-02  3.67320000E-04
2001-11-21T17:30:27.772 -6.45688000E-04  8.10951500E-03  1.06860900E-03
2001-11-21T17:30:28.768 -1.99279000E-04  9.29035100E-03  1.25480100E-03
2001-11-21T17:30:29.776 -3.42734000E-04  8.35952000E-03 -6.26357000E-04
2001-11-21T17:30:30.776 -1.72771000E-03  7.09737200E-03  1.27651000E-04
2001-11-21T17:30:31.772  6.59681000E-04  9.36433300E-03  4.21695000E-04
2001-11-21T17:30:32.768 -5.06729000E-04  7.95177800E-03  1.31917600E-03
2001-11-21T17:30:33.772 -2.49892000E-04  7.68724200E-03 -1.21804800E-03
2001-11-21T17:30:34.768 -4.16556000E-04  6.16854200E-03 -5.83227000E-04
2001-11-21T17:30:35.772  1.15231600E-03  8.18919900E-03  4.08200000E-04
2001-11-21T17:30:36.768  3.91324000E-04  8.02317900E-03  8.37353000E-04
2001-11-21T17:30:37.772  9.44414000E-04  6.61045900E-03 -2.30136000E-04
2001-11-21T17:30:38.768  1.05723600E-03  7.48655700E-03  2.11943000E-04
2001-11-21T17:30:39.776  1.24256100E-03  6.91336800E-03  2.12410000E-04
2001-11-21T17:30:40.768  8.52647000E-04  7.73537900E-03  6.70150000E-05
2001-11-21T17:30:41.776  1.35837400E-03  6.65609500E-03 -6.65470000E-04
2001-11-21T17:30:42.768 -5.48908000E-04  5.39709200E-03 -3.34964000E-04
2001-11-21T17:30:43.772 -1.12456600E-03  5.00599200E-03  5.59828000E-04
2001-11-21T17:30:44.768 -1.33589000E-04  5.39452300E-03  7.57084000E-04
2001-11-21T17:30:45.772  4.24701000E-04  5.21617800E-03 -3.77162000E-04
2001-11-21T17:30:46.776 -3.64060000E-04  3.68268800E-03 -8.27067000E-04
2001-11-21T17:30:47.772  6.22837000E-04  4.84656800E-03 -5.08510000E-04
2001-11-21T17:30:48.768 -4.36239000E-04  4.30105100E-03  2.70297000E-04
2001-11-21T17:30:49.776 -3.71187000E-04  4.53323000E-03  2.31417000E-04
2001-11-21T17:30:50.768 -3.02047000E-04  4.75590400E-03 -2.96440000E-04
2001-11-21T17:30:51.772 -6.88115000E-04  3.79755800E-03  6.90267000E-04
2001-11-21T17:30:52.768  5.88703000E-04  3.62663700E-03  2.70010000E-04
2001-11-21T17:30:53.772 -4.88598000E-04  3.00137800E-03 -1.10461400E-03
2001-11-21T17:30:54.768 -8.30225000E-04  2.51785200E-03 -5.07255000E-04
2001-11-21T17:30:55.772 -3.10467000E-04  1.91216800E-03  6.07376000E-04
2001-11-21T17:30:56.768 -8.91370000E-05  2.70049300E-03  4.53970000E-05
2001-11-21T17:30:57.776  4.95102000E-04  3.33473900E-03  2.05350000E-04
2001-11-21T17:30:58.768  1.12078000E-04  1.47438500E-03 -1.40159300E-03
2001-11-21T17:30:59.776  3.50432000E-04  4.61066000E-04 -7.64720000E-04
2001-11-21T17:31:00.768 -1.12928800E-03  1.40116000E-03 -2.78720000E-05
2001-11-21T17:31:01.772 -1.20844000E-03  1.63792700E-03  4.51226000E-04
2001-11-21T17:31:02.776 -2.42225000E-04  8.22121000E-04  2.08052000E-04
2001-11-21T17:31:03.772  2.26971000E-04  1.15349900E-03  3.80570000E-05
2001-11-21T17:31:04.768  2.50499000E-04  2.16789900E-03  6.74015000E-04
2001-11-21T17:31:05.772 -9.25800000E-05  2.86697700E-03 -1.30365300E-03
2001-11-21T17:31:06.768  9.13290000E-05  1.78614900E-03 -8.02511000E-04
2001-11-21T17:31:07.772 -7.09273000E-04  1.01927600E-03  3.87948000E-04
2001-11-21T17:31:08.768 -6.03721000E-04  5.37132000E-04  8.38380000E-04
2001-11-21T17:31:09.772  7.43293000E-04  7.56549000E-04 -2.01402000E-04
2001-11-21T17:31:10.768  7.99728000E-04  1.06009700E-03 -8.51984000E-04
2001-11-21T17:31:11.772 -4.93533000E-04 -4.51510000E-05 -2.60802000E-04
2001-11-21T17:31:12.768 -6.86150000E-05 -1.67651000E-04  1.42417300E-03
2001-11-21T17:31:13.772  1.53955300E-03  7.11500000E-04  4.26873000E-04
2001-11-21T17:31:14.768  2.94761000E-04  2.72849000E-04 -2.53901000E-04
2001-11-21T17:31:15.772 -4.69446000E-04 -5.65500000E-04 -3.69704000E-04
2001-11-21T17:31:16.768  9.95800000E-04  6.96671000E-04  5.97279000E-04
2001-11-21T17:31:17.772 -2.41299000E-04  8.00080000E-05 -1.17690000E-03
2001-11-21T17:31:18.776 -2.97975000E-04 -8.90430000E-05 -1.71636000E-04
2001-11-21T17:31:19.772  7.60307000E-04  1.31758100E-03  1.15105900E-03
2001-11-21T17:31:20.768 -3.01984000E-04  4.77519000E-04  8.68070000E-04
2001-11-21T17:31:21.772 -9.22276000E-04  4.45006000E-04 -4.25096000E-04
2001-11-21T17:31:22.768  7.44091000E-04  1.28303100E-03 -6.62563000E-04
2001-11-21T17:31:23.772 -7.60975000E-04  5.87930000E-04 -2.49273000E-04
2001-11-21T17:31:24.768 -1.12117200E-03  4.96332000E-04  1.11425200E-03
2001-11-21T17:31:25.772  3.09365000E-04  1.88177200E-03  1.94716000E-04
2001-11-21T17:31:26.768 -1.76484000E-04  9.94752000E-04 -5.67171000E-04
2001-11-21T17:31:27.772 -4.35484000E-04  3.85202000E-04 -1.31411000E-04
2001-11-21T17:31:28.768  8.44445000E-04  1.43101300E-03  7.09841000E-04
2001-11-21T17:31:29.776 -1.11311500E-03 -1.11893200E-03 -2.06180000E-05
2001-11-21T17:31:30.768  7.91123000E-04  9.04670000E-05  6.04960000E-05
2001-11-21T17:31:31.772  2.52447000E-04 -4.31848000E-04  1.73505000E-04
2001-11-21T17:31:32.768 -4.57709000E-04 -1.12246000E-04  6.64997000E-04
2001-11-21T17:31:33.772  5.83328000E-04  1.20167300E-03  7.23004000E-04
2001-11-21T17:31:34.776 -1.70199800E-03 -3.15288000E-04 -7.31340000E-04
2001-11-21T17:31:35.772 -2.21600000E-04  1.56208300E-03 -1.39163000E-04
2001-11-21T17:31:36.768 -5.56062000E-04  2.62486000E-04  9.14799000E-04
2001-11-21T17:31:37.772 -7.79930000E-05 -1.59830000E-04 -6.80430000E-05
2001-11-21T17:31:38.768  1.34117000E-03  9.19547000E-04 -7.69653000E-04
2001-11-21T17:31:39.772 -4.73541000E-04 -6.03021000E-04 -7.17393000E-04
2001-11-21T17:31:40.768  7.93551000E-04  1.10193600E-03  5.81708000E-04
2001-11-21T17:31:41.772 -2.33474000E-04  9.01226000E-04 -9.97906000E-04
2001-11-21T17:31:42.768 -3.07917000E-04  7.01574000E-04 -3.68187000E-04
2001-11-21T17:31:43.772 -4.14889000E-04  7.25120000E-04 -3.21426000E-04
2001-11-21T17:31:44.768 -7.12876000E-04 -4.00102000E-04  6.77785000E-04
2001-11-21T17:31:45.776  1.07505800E-03  5.16222000E-04  2.94424000E-04
2001-11-21T17:31:46.768  4.70920000E-04  1.51657000E-04 -6.75017000E-04
2001-11-21T17:31:47.772  1.41359000E-04  2.05134000E-04 -1.45671000E-04
2001-11-21T17:31:48.768  4.52809000E-04  8.15052000E-04  1.17719000E-04
2001-11-21T17:31:49.776 -1.41984500E-03  3.80201000E-04  1.18505000E-03
2001-11-21T17:31:50.776  5.25967000E-04  1.16891600E-03 -1.92381000E-04
2001-11-21T17:31:51.772 -6.00328000E-04 -1.30445000E-03 -1.05726600E-03
2001-11-21T17:31:52.768  9.97814000E-04  1.42296000E-04  3.65050000E-04
2001-11-21T17:31:53.772 -3.38304000E-04 -9.01832000E-04  2.99280000E-04
2001-11-21T17:31:54.768 -2.15737000E-04  2.89142000E-04  1.58050000E-04
2001-11-21T17:31:55.772  3.03777000E-04  1.12252500E-03 -5.16832000E-04
2001-11-21T17:31:56.768 -9.53965000E-04 -5.96890000E-04  1.65755000E-04
2001-11-21T17:31:57.772  1.50671000E-04  1.57829300E-03  1.49960000E-05
2001-11-21T17:31:58.768 -8.69272000E-04 -7.84811000E-04  1.42334000E-04
2001-11-21T17:31:59.772  1.14496500E-03  2.19000000E-04 -5.04993000E-04
2001-11-21T17:32:00.768 -8.50335000E-04 -3.33676000E-04 -2.06293000E-04
2001-11-21T17:32:01.772 -1.62283000E-04  6.46925000E-04 -1.09648000E-04
2001-11-21T17:32:02.768 -8.78212000E-04 -1.91228000E-04 -2.93446000E-04
2001-11-21T17:32:03.772 -1.99417000E-04 -8.02930000E-05  2.35853000E-04
2001-11-21T17:32:04.768  9.18307000E-04 -4.18659000E-04  1.49642000E-04
2001-11-21T17:32:05.772 -2.80059000E-04 -8.76953000E-04  2.26124000E-04
2001-11-21T17:32:06.776 -4.94787000E-04  7.01581000E-04 -2.16800000E-05
2001-11-21T17:32:07.772 -1.07812300E-03 -1.92580000E-05 -7.95777000E-04
2001-11-21T17:32:08.768  9.64020000E-04  1.38998600E-03 -9.44434000E-04
2001-11-21T17:32:09.776 -1.15848000E-04 -1.43216100E-03  2.52433000E-04
2001-11-21T17:32:10.768  1.05271000E-03  3.66171000E-04  4.81120000E-04
2001-11-21T17:32:11.772 -6.07766000E-04 -9.29056000E-04  6.03744000E-04
2001-11-21T17:32:12.768  2.50273000E-04  7.00357000E-04 -6.11796000E-04
2001-11-21T17:32:13.772 -1.13983100E-03 -3.19352000E-04  4.47217000E-04
2001-11-21T17:32:14.768  6.44270000E-05  5.41670000E-05 -1.01467000E-04
2001-11-21T17:32:15.772  4.40723000E-04 -9.30080000E-04  6.59670000E-05
2001-11-21T17:32:16.768  7.32580000E-05 -6.33141000E-04  1.53375000E-04
2001-11-21T17:32:17.772 -1.22830000E-05  3.73008000E-04  7.60490000E-04
2001-11-21T17:32:18.768 -1.50172800E-03  2.35637000E-04  4.59249000E-04
2001-11-21T17:32:19.772  5.42650000E-04  1.13941000E-03  5.93662000E-04
2001-11-21T17:32:20.768 -9.96837000E-04 -8.90780000E-04 -8.37212000E-04
2001-11-21T17:32:21.772  1.31523800E-03  1.01714000E-04 -7.68134000E-04
2001-11-21T17:32:22.776 -1.46756900E-03 -1.20567200E-03  5.67212000E-04
2001-11-21T17:32:23.772  1.76316000E-04  9.72750000E-04 -2.33752000E-04
2001-11-21T17:32:24.768 -1.02723900E-03  8.74120000E-05 -1.00483100E-03
2001-11-21T17:32:25.772  1.53319000E-04  8.08035000E-04 -7.80033000E-04
2001-11-21T17:32:26.768 -4.86550000E-05 -4.32157000E-04 -2.76216000E-04
2001-11-21T17:32:27.772  7.85239000E-04 -5.82298000E-04  4.13194000E-04
2001-11-21T17:32:28.768  2.46976000E-04  1.99606000E-04 -4.12661000E-04
2001-11-21T17:32:29.772 -7.96748000E-04  1.07344300E-03 -1.18286400E-03
2001-11-21T17:32:30.768 -4.98681000E-04  7.72551000E-04  9.29858000E-04
2001-11-21T17:32:31.772  2.39702000E-04 -4.94572000E-04  1.24058700E-03
2001-11-21T17:32:32.768  6.20672000E-04 -2.60876000E-04 -5.65450000E-05
2001-11-21T17:32:33.772 -1.85650000E-05 -4.08686000E-04 -7.87877000E-04
2001-11-21T17:32:34.768 -1.71755000E-04 -5.22780000E-05  2.90986000E-04
2001-11-21T17:32:35.772 -9.58141000E-04  3.56273000E-04  7.86322000E-04
2001-11-21T17:32:36.768  7.97872000E-04  1.51381800E-03  1.67230000E-04
2001-11-21T17:32:37.772 -4.14818000E-04 -4.60532000E-04 -5.45298000E-04
2001-11-21T17:32:38.776  1.44520900E-03  3.75750000E-04 -4.73304000E-04
2001-11-21T17:32:39.772 -9.32870000E-04 -8.85538000E-04  9.02530000E-05
2001-11-21T17:32:40.768  8.13200000E-06  1.49385000E-03 -8.53069000E-04
2001-11-21T17:32:41.772 -8.47321000E-04 -3.44676000E-04 -2.67586000E-04
2001-11-21T17:32:42.768  9.43142000E-04  4.39960000E-04 -4.72443000E-04
2001-11-21T17:32:43.772 -2.26200000E-05 -1.33114600E-03 -1.02694400E-03
2001-11-21T17:32:44.768  3.05355000E-04  1.87901000E-04  4.65709000E-04
2001-11-21T17:32:45.772 -6.16222000E-04 -6.41050000E-05 -6.72917000E-04
2001-11-21T17:32:46.768 -4.39872000E-04  8.49278000E-04 -1.02314300E-03
2001-11-21T17:32:47.772 -5.53770000E-04 -2.66480000E-04 -1.15424000E-04
2001-11-21T17:32:48.768  8.26832000E-04 -6.10784000E-04  2.87216000E-04
2001-11-21T17:32:49.776 -2.48463000E-04 -5.86347000E-04 -4.72809000E-04
2001-11-21T17:32:50.768 -3.40279000E-04 -4.82150000E-05 -6.92435000E-04
2001-11-21T17:32:51.772  2.24197000E-04  5.65999000E-04  5.47206000E-04
2001-11-21T17:32:52.768 -1.12902900E-03  3.21571000E-04 -9.38810000E-05
2001-11-21T17:32:53.772  5.39632000E-04 -2.00153000E-04  5.74011000E-04
2001-11-21T17:32:54.776 -2.94033000E-04 -9.65498000E-04 -1.13442000E-04
2001-11-21T17:32:55.772  1.28020800E-03  9.26205000E-04 -7.43397000E-04
2001-11-21T17:32:56.768 -1.11535700E-03 -5.13358000E-04  3.83900000E-05
2001-11-21T17:32:57.772 -4.78970000E-05  1.33096300E-03  4.97319000E-04
2001-11-21T17:32:58.768 -4.38730000E-04 -9.75538000E-04 -7.38393000E-04
2001-11-21T17:32:59.772  1.22222500E-03  3.55255000E-04 -8.63430000E-05
2001-11-21T17:33:00.768 -1.04300700E-03 -6.24099000E-04  3.51423000E-04
2001-11-21T17:33:01.772  1.81815000E-04  1.34866800E-03 -3.11236000E-04
2001-11-21T17:33:02.768 -1.30374300E-03  1.82450000E-04 -1.22510000E-05
2001-11-21T17:33:03.772  7.14206000E-04  3.61362000E-04  5.40451000E-04
2001-11-21T17:33:04.768 -4.54150000E-05 -5.89963000E-04  3.07732000E-04
2001-11-21T17:33:05.776  3.56124000E-04 -1.32225000E-04  4.85274000E-04
2001-11-21T17:33:06.768 -6.55594000E-04 -6.23520000E-05  2.63966000E-04
2001-11-21T17:33:07.772 -6.64880000E-04  8.67749000E-04 -4.30603000E-04
2001-11-21T17:33:08.768 -1.80633000E-04  7.11188000E-04  1.53199000E-04
2001-11-21T17:33:09.776  1.33395000E-04 -2.29205000E-04 -2.81892000E-04
2001-11-21T17:33:10.776  3.41754000E-04 -2.58476000E-04 -2.73827000E-04
2001-11-21T17:33:11.772 -2.79554000E-04 -3.30871000E-04 -5.53192000E-04
2001-11-21T17:33:12.768  1.89943000E-04  1.00517400E-03  5.62295000E-04
2001-11-21T17:33:13.772 -9.49887000E-04  2.28407000E-04  6.75551000E-04
2001-11-21T17:33:14.768  4.06248000E-04 -4.09609000E-04  2.23536000E-04
2001-11-21T17:33:15.772 -2.30750000E-04 -8.62387000E-04 -5.40770000E-04
2001-11-21T17:33:16.768  1.15641500E-03  4.60357000E-04  7.36089000E-04
2001-11-21T17:33:17.772 -1.19183900E-03 -2.85250000E-05 -9.00800000E-05
2001-11-21T17:33:18.768  1.09587600E-03  8.21683000E-04 -6.64653000E-04
2001-11-21T17:33:19.776 -7.90297000E-04 -1.31012700E-03 -6.24260000E-05
2001-11-21T17:33:20.768  1.12871400E-03 -4.09546000E-04 -2.28764000E-04
2001-11-21T17:33:21.772 -9.76285000E-04 -7.27591000E-04  7.53326000E-04
2001-11-21T17:33:22.768  5.47399000E-04  1.28061000E-03  4.92940000E-05
2001-11-21T17:33:23.772 -1.90697800E-03 -4.52416000E-04 -3.10894000E-04
2001-11-21T17:33:24.768  5.97797000E-04  7.84100000E-04  9.35970000E-05
2001-11-21T17:33:25.772 -4.14746000E-04 -1.12399900E-03  1.14253700E-03
2001-11-21T17:33:26.776  9.38402000E-04  1.59136000E-04  1.78899000E-04
2001-11-21T17:33:27.772 -1.36369000E-04  3.57999000E-04 -1.24017900E-03
2001-11-21T17:33:28.768 -4.09982000E-04  7.18825000E-04 -1.30694000E-04
2001-11-21T17:33:29.776 -2.61389000E-04 -6.83080000E-05 -1.84940000E-05
2001-11-21T17:33:30.768 -3.05312000E-04  7.52030000E-05  3.81969000E-04
2001-11-21T17:33:31.772  1.00055600E-03 -5.43539000E-04 -8.10279000E-04
2001-11-21T17:33:32.768 -2.55620000E-04 -6.23300000E-05 -4.60144000E-04
2001-11-21T17:33:33.772  2.29227000E-04  1.01617800E-03  3.91788000E-04
2001-11-21T17:33:34.768 -1.09263800E-03  1.80189000E-04  9.78618000E-04
2001-11-21T17:33:35.772  1.07184800E-03  6.60700000E-04 -4.34150000E-04
2001-11-21T17:33:36.768 -1.54150000E-04 -1.39824000E-03 -8.36119000E-04
2001-11-21T17:33:37.772  1.11137000E-03  6.35562000E-04  3.40181000E-04
2001-11-21T17:33:38.768 -7.57422000E-04 -3.90871000E-04 -1.61441000E-04
2001-11-21T17:33:39.772  7.14497000E-04  1.18574900E-03 -5.76018000E-04
2001-11-21T17:33:40.768 -1.19163900E-03 -6.26677000E-04 -1.35378000E-04
2001-11-21T17:33:41.772  6.16793000E-04  6.30108000E-04  5.12650000E-05
2001-11-21T17:33:42.776 -1.00679100E-03 -1.62816100E-03 -3.09507000E-04
2001-11-21T17:33:43.772  7.79178000E-04  5.93517000E-04 -3.77133000E-04
2001-11-21T17:33:44.768 -4.62689000E-04  2.15481000E-04 -3.92764000E-04
2001-11-21T17:33:45.772  2.33734000E-04  5.02257000E-04  6.01849000E-04
2001-11-21T17:33:46.768 -6.82980000E-04 -1.06451200E-03  1.50140000E-05
2001-11-21T17:33:47.772  5.11911000E-04 -1.18386000E-04 -4.49162000E-04
2001-11-21T17:33:48.768  2.08535000E-04 -4.11706000E-04 -1.04550500E-03
2001-11-21T17:33:49.772 -3.94533000E-04  6.09156000E-04  7.51856000E-04
2001-11-21T17:33:50.768 -4.16739000E-04  2.81560000E-05  5.20957000E-04
2001-11-21T17:33:51.772 -7.89265000E-04  4.39540000E-04 -3.19503000E-04
2001-11-21T17:33:52.768  2.98097000E-04 -4.73057000E-04 -8.55865000E-04
2001-11-21T17:33:53.772  2.29470000E-04 -7.01081000E-04  1.97310000E-04
2001-11-21T17:33:54.768  5.87827000E-04  1.51124600E-03  1.10994800E-03
2001-11-21T17:33:55.772 -1.15441200E-03  2.81164000E-04  1.07141000E-04
2001-11-21T17:33:56.768  9.71994000E-04  1.21166500E-03 -6.37291000E-04
2001-11-21T17:33:57.772 -3.65767000E-04 -8.92186000E-04  5.70038000E-04
2001-11-21T17:33:58.776  4.33598000E-04  1.99784000E-04  1.34186000E-04
2001-11-21T17:33:59.772 -1.28464900E-03 -4.14657000E-04  8.06700000E-05
2001-11-21T17:34:00.768  8.13642000E-04  1.36597000E-03 -1.07591900E-03
2001-11-21T17:34:01.772 -8.64343000E-04 -7.60240000E-05  2.31920000E-04
2001-11-21T17:34:02.768  1.15369300E-03  4.45284000E-04  4.05449000E-04
2001-11-21T17:34:03.772 -5.62036000E-04 -1.13814800E-03  9.15730000E-04
2001-11-21T17:34:04.768  5.82523000E-04  1.40318300E-03 -7.62489000E-04
2001-11-21T17:34:05.772 -1.19151100E-03  3.38458000E-04 -8.74415000E-04
2001-11-21T17:34:06.768  4.83005000E-04  1.17504900E-03 -2.55492000E-04
2001-11-21T17:34:07.772 -9.40413000E-04 -1.24534900E-03  2.87396000E-04
2001-11-21T17:34:08.768  1.20313700E-03  1.62477000E-04  3.94677000E-04
2001-11-21T17:34:09.776 -3.22892000E-04 -7.66334000E-04 -2.13144000E-04
2001-11-21T17:34:10.768  1.23090000E-04  1.26579100E-03 -2.46328000E-04
2001-11-21T17:34:11.772 -3.39475000E-04 -4.27403000E-04  9.82064000E-04
2001-11-21T17:34:12.768  9.89322000E-04 -1.07380000E-04 -1.11626000E-04
2001-11-21T17:34:13.772  1.76098000E-04 -1.18182900E-03 -2.76143000E-04
2001-11-21T17:34:14.776  1.96280000E-05  3.06631000E-04  1.26017000E-04
2001-11-21T17:34:15.772 -4.03204000E-04  3.25167000E-04  1.93035000E-04
2001-11-21T17:34:16.768 -4.30591000E-04  1.39956100E-03  1.97146000E-04
2001-11-21T17:34:17.772 -1.51323000E-04  1.37558000E-04 -2.82648000E-04
2001-11-21T17:34:18.768  5.12832000E-04 -4.26973000E-04  6.74665000E-04
2001-11-21T17:34:19.772 -4.40745000E-04 -6.62521000E-04  1.13517500E-03
2001-11-21T17:34:20.768 -2.59201000E-04  2.84017000E-04  7.81454000E-04
2001-11-21T17:34:21.772  1.80950000E-04  1.11190800E-03 -6.22323000E-04
2001-11-21T17:34:22.768 -5.94108000E-04  4.11304000E-04 -2.40323000E-04
2001-11-21T17:34:23.772  7.62397000E-04  5.71080000E-05  4.22615000E-04
2001-11-21T17:34:24.768 -3.90600000E-05 -7.82611000E-04  3.96227000E-04
2001-11-21T17:34:25.776  9.12361000E-04  4.50209000E-04 -4.08080000E-05
2001-11-21T17:34:26.768 -9.03124000E-04  1.59960000E-04 -5.09045000E-04
2001-11-21T17:34:27.772 -1.46659000E-04  8.25734000E-04 -7.52000000E-06
2001-11-21T17:34:28.768 -6.83910000E-04 -5.88652000E-04  7.57747000E-04
2001-11-21T17:34:29.776  1.24077300E-03  3.30247000E-04 -4.33182000E-04
2001-11-21T17:34:30.776 -7.06340000E-04 -7.43496000E-04 -6.81760000E-04
2001-11-21T17:34:31.772  6.06876000E-04  9.84114000E-04 -1.01754800E-03
2001-11-21T17:34:32.768 -1.51123200E-03 -1.05245000E-04  1.02393800E-03
2001-11-21T17:34:33.772  1.28660700E-03  3.15831000E-04  5.32614000E-04
2001-11-21T17:34:34.768 -3.36784000E-04 -1.89869500E-03 -7.75804000E-04
2001-11-21T17:34:35.772  1.08957500E-03  3.67187000E-04  6.29621000E-04
2001-11-21T17:34:36.768 -1.60517800E-03 -2.24889000E-04  1.27294700E-03
2001-11-21T17:34:37.772  1.69351000E-04  1.11545300E-03 -4.48531000E-04
2001-11-21T17:34:38.768 -5.47077000E-04  5.45675000E-04 -5.34699000E-04
2001-11-21T17:34:39.772  6.22933000E-04  2.61855000E-04 -8.12919000E-04
2001-11-21T17:34:40.768 -5.87731000E-04 -1.07178600E-03  6.22494000E-04
2001-11-21T17:34:41.772  5.50100000E-04  4.76596000E-04  1.36004000E-03
2001-11-21T17:34:42.768 -1.49919900E-03  1.03555000E-04  1.64885000E-04
2001-11-21T17:34:43.772 -2.03270000E-04  9.11784000E-04 -6.73503000E-04
2001-11-21T17:34:44.768 -9.19166000E-04 -5.12249000E-04  4.62121000E-04
2001-11-21T17:34:45.772  9.61599000E-04 -6.03016000E-04  5.88699000E-04
2001-11-21T17:34:46.776  3.83978000E-04 -1.79978000E-04  4.10968000E-04
2001-11-21T17:34:47.772 -2.96309000E-04  2.37377000E-04 -1.41737000E-04
2001-11-21T17:34:48.768 -8.40837000E-04  6.30765000E-04  3.69709000E-04
2001-11-21T17:34:49.776 -9.91380000E-05 -4.74192000E-04  5.18164000E-04
2001-11-21T17:34:50.768  3.01670000E-04 -5.03568000E-04  6.31680000E-05
2001-11-21T17:34:51.772 -7.96000000E-06 -9.35023000E-04 -9.62976000E-04
2001-11-21T17:34:52.768  1.26911100E-03  1.11260200E-03 -1.14989500E-03
2001-11-21T17:34:53.772 -1.46079800E-03  4.12291000E-04  1.19506700E-03
2001-11-21T17:34:54.768  7.09121000E-04  1.02858800E-03  5.79618000E-04
2001-11-21T17:34:55.772 -8.96481000E-04 -5.98032000E-04  2.58609000E-04
2001-11-21T17:34:56.768  8.95930000E-04  2.43286000E-04 -4.69048000E-04
2001-11-21T17:34:57.772 -3.58263000E-04 -6.47401000E-04  8.77722000E-04
2001-11-21T17:34:58.768  4.69212000E-04  9.85413000E-04  1.64910000E-04
2001-11-21T17:34:59.776 -1.86583900E-03 -1.95837000E-04 -1.44558900E-03
2001-11-21T17:35:00.768  4.34951000E-04  5.89156000E-04 -3.94163000E-04
2001-11-21T17:35:01.772 -5.49215000E-04 -5.94141000E-04  1.29009100E-03
2001-11-21T17:35:02.776  6.08762000E-04  2.90495000E-04  1.00106000E-04
2001-11-21T17:35:03.772 -1.60901600E-03 -4.45614000E-04 -3.60972000E-04
2001-11-21T17:35:04.768  1.52700000E-04  6.35331000E-04 -3.69596000E-04
2001-11-21T17:35:05.772 -4.66690000E-05 -5.42731000E-04  4.96745000E-04
2001-11-21T17:35:06.768  3.35051000E-04 -1.80045000E-04 -1.08887000E-04
2001-11-21T17:35:07.772  7.57280000E-04  5.62361000E-04 -6.92054000E-04
2001-11-21T17:35:08.768 -3.66733000E-04  1.72275000E-04 -1.07131400E-03
2001-11-21T17:35:09.772 -1.21295600E-03  5.47730000E-04  7.30825000E-04
2001-11-21T17:35:10.768 -3.43737000E-04 -3.75093000E-04  7.33937000E-04
2001-11-21T17:35:11.772  6.62907000E-04  1.15590000E-04 -8.01263000E-04
2001-11-21T17:35:12.768 -1.99118000E-04 -7.10643000E-04  2.21215000E-04
2001-11-21T17:35:13.776  4.22512000E-04  5.91547000E-04  9.36848000E-04
2001-11-21T17:35:14.768 -9.88584000E-04 -1.31670000E-05  7.43303000E-04
2001-11-21T17:35:15.772  4.46633000E-04  1.66191800E-03 -2.21460000E-05
2001-11-21T17:35:16.768 -1.13275000E-04 -1.64122900E-03 -3.89651000E-04
2001-11-21T17:35:17.772  1.16018300E-03  9.43040000E-05  4.41900000E-04
2001-11-21T17:35:18.776 -7.69495000E-04 -8.72257000E-04 -3.30897000E-04
2001-11-21T17:35:19.772  7.16658000E-04  1.56893300E-03 -4.98501000E-04
2001-11-21T17:35:20.768 -9.67633000E-04 -7.80180000E-05 -9.72392000E-04
2001-11-21T17:35:21.772  7.00132000E-04  5.24345000E-04  2.88073000E-04
2001-11-21T17:35:22.768  2.06880000E-05 -8.01366000E-04  1.94445000E-04
2001-11-21T17:35:23.772  7.92701000E-04  2.55254000E-04 -2.35621000E-04
2001-11-21T17:35:24.768  2.93251000E-04  4.96999000E-04 -1.94417000E-04
2001-11-21T17:35:25.772 -1.67743000E-04  1.15426400E-03 -6.80590000E-05
2001-11-21T17:35:26.768 -8.27875000E-04  3.77637000E-04  1.37876000E-04
2001-11-21T17:35:27.772  4.52957000E-04 -5.32622000E-04  7.73288000E-04
2001-11-21T17:35:28.768  1.62951000E-04 -4.75065000E-04 -7.67945000E-04
2001-11-21T17:35:29.779  1.00074000E-04 -9.69660000E-05 -3.11136000E-04
2001-11-21T17:35:30.768  9.25380000E-05  9.82786000E-04  5.62675000E-04
2001-11-21T17:35:31.772 -1.39813200E-03  7.17441000E-04 -3.45701000E-04
2001-11-21T17:35:32.768  1.01349900E-03  6.64120000E-04 -2.03796000E-04
2001-11-21T17:35:33.772 -2.93659000E-04 -8.28153000E-04 -4.12555000E-04
2001-11-21T17:35:34.776  9.01769000E-04  7.82462000E-04  4.14056000E-04
2001-11-21T17:35:35.772 -8.73451000E-04 -7.37698000E-04 -6.99310000E-05
2001-11-21T17:35:36.768  2.57149000E-04  1.64619600E-03  5.01838000E-04
2001-11-21T17:35:37.772 -6.46490000E-04 -8.88580000E-04 -4.09828000E-04
2001-11-21T17:35:38.768  9.53504000E-04  4.78496000E-04 -2.54105000E-04
2001-11-21T17:35:39.772 -5.52585000E-04 -1.72183300E-03  5.89586000E-04
2001-11-21T17:35:40.768  6.35218000E-04  8.00744000E-04  5.65500000E-05
2001-11-21T17:35:41.772 -1.98560200E-03 -3.30489000E-04 -6.83197000E-04
2001-11-21T17:35:42.768  1.40568000E-04  1.03615800E-03  1.42035000E-04
2001-11-21T17:35:43.772  2.27000000E-07 -2.99495000E-04 -4.64141000E-04
2001-11-21T17:35:44.768  5.26938000E-04  3.44060000E-04 -9.12829000E-04
2001-11-21T17:35:45.776 -9.93270000E-04 -1.36529300E-03 -9.69295000E-04
2001-11-21T17:35:46.768  3.35329000E-04  9.60556000E-04 -8.84819000E-04
2001-11-21T17:35:47.772 -9.97988000E-04  7.03469000E-04 -2.56942000E-04
2001-11-21T17:35:48.768  6.67296000E-04 -4.02190000E-05  8.99843000E-04
2001-11-21T17:35:49.776  3.14850000E-04 -5.00572000E-04  2.87327000E-04
2001-11-21T17:35:50.776  6.57285000E-04 -2.22132000E-04 -1.68516000E-04
2001-11-21T17:35:51.772 -8.29830000E-04 -6.03232000E-04  5.40807000E-04
2001-11-21T17:35:52.768 -3.93227000E-04  3.13733000E-04  4.50510000E-05
2001-11-21T17:35:53.772 -1.72932000E-04 -2.74437000E-04 -1.79887000E-04
2001-11-21T17:35:54.768  2.94386000E-04 -5.17868000E-04  4.98862000E-04
2001-11-21T17:35:55.772  5.12322000E-04 -4.81419000E-04  4.28617000E-04
2001-11-21T17:35:56.768 -3.55238000E-04 -1.88153000E-04  8.79816000E-04
2001-11-21T17:35:57.772  1.04764000E-04  8.85751000E-04  5.96906000E-04
2001-11-21T17:35:58.768 -1.04252800E-03  3.69785000E-04  8.83470000E-05
2001-11-21T17:35:59.772  1.46781800E-03  4.95807300E-03 -4.28647600E-03
2001-11-21T17:36:00.768  1.98797900E-03 -4.55416400E-03  6.65680500E-03
2001-11-21T17:36:01.772  9.83677100E-03  1.19748800E-03  5.25586100E-03
2001-11-21T17:36:02.768  3.62168000E-04 -5.05423700E-03 -4.43439500E-03
2001-11-21T17:36:03.768  3.69696500E-03  4.54107400E-03 -6.14849200E-03
2001-11-21T17:36:04.768 -1.17797860E-02  5.17230000E-04  5.37737800E-03
2001-11-21T17:36:05.772  6.80667100E-03  5.85967700E-03  1.89387100E-03
2001-11-21T17:36:06.772 -1.06539000E-04 -7.64094300E-03 -2.13683700E-03
2001-11-21T17:36:07.768  6.81429000E-03  2.35559300E-03  2.88316100E-03
2001-11-21T17:36:08.768 -3.07110500E-03 -4.48295200E-03  1.51448600E-03
2001-11-21T17:36:09.772  3.76342800E-03  8.18592400E-03 -3.74479300E-03
2001-11-21T17:36:10.768 -8.47553300E-03 -6.28893800E-03 -1.13602300E-03
2001-11-21T17:36:11.768  6.39743200E-03  1.55470200E-03  5.73422000E-04
2001-11-21T17:36:12.768 -1.27821200E-03 -7.77732700E-03  5.17284600E-03
2001-11-21T17:36:13.768  6.98854100E-03  4.37511500E-03  1.89152200E-03
2001-11-21T17:36:14.768 -8.87455600E-03 -3.42393600E-03 -6.13918200E-03
2001-11-21T17:36:15.772  3.32847000E-04  9.45844300E-03 -2.74362100E-03
2001-11-21T17:36:16.768 -8.44313800E-03 -3.71277100E-03  3.16109300E-03
2001-11-21T17:36:17.772  5.40122500E-03  6.77400000E-04  2.86302900E-03
2001-11-21T17:36:18.768  2.53793600E-03 -4.72439800E-03 -1.34473700E-03
2001-11-21T17:36:19.772  3.18631300E-03  3.20703000E-03 -2.23463800E-03
2001-11-21T17:36:20.768 -2.02233000E-04  4.18340500E-03  5.81099900E-03
2001-11-21T17:36:21.772 -1.66594400E-03  3.34730000E-04 -9.72609000E-04
2001-11-21T17:36:22.772  5.57815100E-03 -4.82607600E-03 -1.27185180E-02
2001-11-21T17:36:23.768  2.99608200E-03 -3.76963400E-03 -1.85808400E-03
2001-11-21T17:36:24.768  7.00411200E-03  4.20779900E-03  3.47583300E-03
2001-11-21T17:36:25.772 -1.14197950E-02 -2.61657500E-03  4.39308000E-04
2001-11-21T17:36:26.768  2.77646200E-03  1.28942280E-02 -5.99897800E-03
2001-11-21T17:36:27.768 -8.47900800E-03 -7.31589800E-03 -2.38234100E-03
2001-11-21T17:36:28.768  1.17356200E-02 -2.76106000E-04  7.14276700E-03
2001-11-21T17:36:29.772 -4.73368800E-03 -8.77009800E-03  3.88372100E-03
2001-11-21T17:36:30.768  7.68742700E-03  5.13120200E-03 -4.73027000E-04
2001-11-21T17:36:31.768 -7.57124000E-03 -3.35348500E-03 -4.43331200E-03
2001-11-21T17:36:32.768  2.16605800E-03  8.93274500E-03  3.11795100E-03
2001-11-21T17:36:33.772 -6.21599100E-03 -7.01000200E-03  6.46247900E-03
2001-11-21T17:36:34.768  7.22355300E-03 -5.10045000E-04 -5.51139600E-03
2001-11-21T17:36:35.772 -3.59818000E-03 -4.85043600E-03 -3.68659600E-03
2001-11-21T17:36:36.768  6.65225900E-03  1.19395500E-03  9.30841200E-03
2001-11-21T17:36:37.772 -5.46020600E-03 -7.34387000E-04 -8.00500000E-06
2001-11-21T17:36:38.772 -6.36119000E-04  5.98043900E-03 -6.46153800E-03
2001-11-21T17:36:39.772  1.20122100E-03 -4.01245800E-03 -4.20160400E-03
2001-11-21T17:36:40.768  4.76943000E-03 -1.60584200E-03  4.13958400E-03
2001-11-21T17:36:41.772 -2.73668000E-04 -4.47701900E-03  5.16280400E-03
2001-11-21T17:36:42.768 -4.24463500E-03  3.36237900E-03 -3.31258000E-03
2001-11-21T17:36:43.768  3.53298000E-04  1.75766100E-03 -3.75685700E-03
2001-11-21T17:36:44.768 -7.40191000E-04 -1.97840200E-03  6.10170400E-03
2001-11-21T17:36:45.768  8.67257300E-03 -2.18570000E-03  4.14989900E-03
2001-11-21T17:36:46.768  6.48424000E-04 -3.56609600E-03  2.86406400E-03
2001-11-21T17:36:47.768  5.72190600E-03  2.05680100E-03 -2.16780000E-03
2001-11-21T17:36:48.768 -6.53920100E-03  2.93338000E-03  6.26424500E-03
2001-11-21T17:36:49.775  2.59023300E-03  2.29782200E-03 -1.46580600E-03
2001-11-21T17:36:50.768  2.54776000E-04 -4.73229400E-03 -3.13185900E-03
2001-11-21T17:36:51.768  9.55123600E-03  2.45177800E-03 -3.28089700E-03
2001-11-21T17:36:52.768 -7.69368000E-03 -7.11249900E-03  4.30995600E-03
2001-11-21T17:36:53.772  4.59552500E-03  7.25956400E-03  6.03910800E-03
2001-11-21T17:36:54.775 -1.09916610E-02  9.23724000E-04 -3.26974000E-04
2001-11-21T17:36:55.768  7.42913800E-03  2.40057300E-03  1.41926900E-03
2001-11-21T17:36:56.768 -4.24328400E-03 -1.13007410E-02 -1.70476000E-03
2001-11-21T17:36:57.772  9.61354000E-03  9.56617000E-04  8.30419500E-03
2001-11-21T17:36:58.768 -1.05562090E-02 -1.42420800E-03 -3.67895100E-03
2001-11-21T17:36:59.772  4.17313400E-03  7.74605900E-03 -7.72497100E-03
