2002-01-02T10:26:58.511  4.32789800E-03  6.69253500E-03  3.44704400E-03
2002-01-02T10:26:59.507 -5.05335900E-03 -3.08559800E-03 -3.67374700E-03
2002-01-02T10:27:00.511  1.02844010E-02 -1.48122000E-04  6.04707400E-03
2002-01-02T10:27:01.511 -5.44939600E-03 -1.01047390E-02 -3.39424400E-03
2002-01-02T10:27:02.507  1.48521000E-04  1.01669400E-03  5.09686000E-04
2002-01-02T10:27:03.507 -8.95990000E-04  1.22072000E-04 -3.17043000E-04
2002-01-02T10:27:04.515  8.17925000E-04  7.12827000E-04 -5.61573000E-04
2002-01-02T10:27:05.507 -5.49055000E-04 -1.89285200E-03  4.82358000E-04
2002-01-02T10:27:06.519  1.29692900E-03  3.36616000E-04  5.80260000E-04
2002-01-02T10:27:07.507 -7.34636000E-04 -1.08688000E-04 -4.79092000E-04
2002-01-02T10:27:08.511  2.22947000E-04  1.57218500E-03 -5.96497000E-04
2002-01-02T10:27:09.507 -8.19006000E-04 -6.91912000E-04  2.78243000E-04
2002-01-02T10:27:10.515  8.28021000E-04  2.71302000E-04  1.88978000E-04
2002-01-02T10:27:11.511  4.94203000E-04 -4.76777000E-04  4.30030000E-05
2002-01-02T10:27:12.511  4.03407000E-04  9.29015000E-04 -4.01379000E-04
2002-01-02T10:27:13.507 -9.41862000E-04  7.84950000E-05  9.33770000E-05
2002-01-02T10:27:14.511 -4.34030000E-05  1.09637200E-03 -2.85390000E-04
2002-01-02T10:27:15.507 -6.07601000E-04 -6.78703000E-04  3.34788000E-04
2002-01-02T10:27:16.519  1.10974200E-03  6.06560000E-05 -5.53338000E-04
2002-01-02T10:27:17.507 -1.79849000E-04 -3.47260000E-05  2.56245000E-04
2002-01-02T10:27:18.507 -1.71519000E-04  1.09435200E-03 -5.95366000E-04
2002-01-02T10:27:19.507  1.58971000E-04  2.38267000E-04  1.34189100E-03
2002-01-02T10:27:20.511  8.09941000E-04  2.46710000E-05  1.81852000E-04
2002-01-02T10:27:21.511  3.04128000E-04 -9.70273000E-04 -6.54237000E-04
2002-01-02T10:27:22.511  1.19454000E-04  1.84692000E-04  3.76182000E-04
2002-01-02T10:27:23.507 -1.45071400E-03 -3.45920000E-04 -2.39426000E-04
2002-01-02T10:27:24.511 -1.46580000E-05  1.38861100E-03 -1.58885000E-04
2002-01-02T10:27:25.507  3.64920000E-05 -9.48442000E-04 -9.15350000E-04
2002-01-02T10:27:26.523  7.78952000E-04 -1.44613000E-04  4.19172000E-04
2002-01-02T10:27:27.507 -2.66320000E-04 -3.03633000E-04 -1.12700000E-06
2002-01-02T10:27:28.511 -2.02613000E-04  1.19814000E-03 -3.88501000E-04
2002-01-02T10:27:29.507 -9.82579000E-04  5.55081000E-04  7.25869000E-04
2002-01-02T10:27:30.511 -1.93400000E-05  1.00475200E-03  4.23073000E-04
2002-01-02T10:27:31.515  3.46459000E-04 -1.05085500E-03  1.43615800E-03
2002-01-02T10:27:32.511  5.27999000E-04  1.99484000E-04  1.04685000E-04
2002-01-02T10:27:33.507 -9.14721000E-04  4.45970000E-05  1.95702000E-04
2002-01-02T10:27:34.507 -2.72570000E-05  8.54775000E-04 -7.84150000E-05
2002-01-02T10:27:35.507  6.90250000E-05 -8.04432000E-04 -5.41275000E-04
2002-01-02T10:27:36.519  4.81508000E-04  7.85060000E-05  8.94490000E-04
2002-01-02T10:27:37.507  2.24299000E-04 -7.41073000E-04 -6.30221000E-04
2002-01-02T10:27:38.511  2.03576000E-04  2.95833000E-04  6.14377000E-04
2002-01-02T10:27:39.507  1.39965000E-04  2.03350000E-04 -1.03492200E-03
2002-01-02T10:27:40.511  3.66774000E-04  2.36924000E-04  9.03699000E-04
2002-01-02T10:27:41.511 -2.76950000E-04 -8.75994000E-04 -7.13065000E-04
2002-01-02T10:27:42.515  6.44467000E-04  4.98970000E-05 -8.45170000E-05
2002-01-02T10:27:43.507 -8.42078000E-04 -2.47177000E-04 -6.14480000E-05
2002-01-02T10:27:44.511 -9.64500000E-06  7.13669000E-04  6.53375000E-04
2002-01-02T10:27:45.507  1.84174000E-04 -4.19200000E-06 -7.05830000E-05
2002-01-02T10:27:46.519  3.78443000E-04  2.34032000E-04 -4.49708000E-04
2002-01-02T10:27:47.507  6.23630000E-04 -4.11964000E-04 -3.06364000E-04
2002-01-02T10:27:48.511  4.44560000E-04  3.14450000E-04 -1.59389000E-04
2002-01-02T10:27:49.507 -1.21171900E-03  4.31667000E-04 -7.29997000E-04
2002-01-02T10:27:50.507 -3.81410000E-05  9.77373000E-04  1.48716000E-04
2002-01-02T10:27:51.511  2.54100000E-06 -6.46040000E-04 -3.50954000E-04
2002-01-02T10:27:52.511  7.31501000E-04  9.32290000E-05  6.90390000E-04
2002-01-02T10:27:53.507 -3.60831000E-04  4.74379000E-04  9.54440000E-05
2002-01-02T10:27:54.511 -2.25125000E-04  4.74771000E-04  2.75265000E-04
2002-01-02T10:27:55.507 -1.15263100E-03 -2.27281000E-04 -7.69614000E-04
2002-01-02T10:27:56.515  3.04358000E-04  1.82331000E-04  9.91351000E-04
2002-01-02T10:27:57.507 -6.30615000E-04 -1.09772600E-03 -8.36274000E-04
2002-01-02T10:27:58.519  2.42728000E-04  6.38363000E-04  8.09012000E-04
2002-01-02T10:27:59.507 -4.28786000E-04 -1.12730000E-04 -1.10268200E-03
2002-01-02T10:28:00.511 -2.52705000E-04  1.16596500E-03  4.78332000E-04
2002-01-02T10:28:01.511 -2.41683000E-04 -8.07296000E-04 -2.43660000E-04
2002-01-02T10:28:02.511  8.97480000E-04 -2.40570000E-04 -2.06592000E-04
2002-01-02T10:28:03.507 -4.49674000E-04 -7.65929000E-04  7.60278000E-04
2002-01-02T10:28:04.511  1.06500000E-05  7.27932000E-04 -4.64424000E-04
2002-01-02T10:28:05.507 -1.24894900E-03  4.67881000E-04  4.83499000E-04
2002-01-02T10:28:06.515  1.99244000E-04  8.96934000E-04 -1.21355900E-03
2002-01-02T10:28:07.507 -7.19070000E-05  2.77171000E-04  1.06028600E-03
2002-01-02T10:28:08.511  1.21593700E-03  2.76324000E-04 -5.20056000E-04
2002-01-02T10:28:09.507 -3.34476000E-04 -2.83145000E-04  9.22100000E-04
2002-01-02T10:28:10.511  9.51110000E-05  1.83286400E-03 -3.11161000E-04
2002-01-02T10:28:11.511 -1.18288800E-03 -5.08897000E-04 -1.30133000E-04
2002-01-02T10:28:12.511  1.04101000E-03  5.52707000E-04 -1.42955200E-03
2002-01-02T10:28:13.507  1.91145000E-04 -1.42322900E-03  4.84070000E-04
2002-01-02T10:28:14.515  9.11414000E-04  6.94802000E-04  6.61310000E-05
2002-01-02T10:28:15.507 -1.20383000E-03  2.14377000E-04 -3.07426000E-04
2002-01-02T10:28:16.515  4.63891000E-04  1.03988200E-03  2.56870000E-04
2002-01-02T10:28:17.507 -9.17687000E-04 -7.33753000E-04 -2.78765000E-04
2002-01-02T10:28:18.511  1.54391100E-03  2.16334000E-04  7.66882000E-04
2002-01-02T10:28:19.507 -6.55719000E-04 -6.59249000E-04 -4.33978000E-04
2002-01-02T10:28:20.511  2.45319000E-04  9.39096000E-04  3.47433000E-04
2002-01-02T10:28:21.511 -1.03694400E-03 -2.17289000E-04 -7.39520000E-04
2002-01-02T10:28:22.507  9.94161000E-04  2.94520000E-04  2.34938000E-04
2002-01-02T10:28:23.507 -5.52775000E-04 -1.13184500E-03  3.46020000E-04
2002-01-02T10:28:24.511  6.77094000E-04  4.97728000E-04 -8.18055000E-04
2002-01-02T10:28:25.507 -9.74950000E-04  9.33370000E-05  3.42357000E-04
2002-01-02T10:28:26.519  3.98972000E-04  1.23509000E-03 -5.35780000E-04
2002-01-02T10:28:27.507 -1.35007200E-03 -1.38494000E-03  1.08913200E-03
2002-01-02T10:28:28.511  6.08672000E-04  4.36458000E-04 -5.59450000E-05
2002-01-02T10:28:29.507 -2.59456000E-04 -1.11900400E-03 -1.89218000E-04
2002-01-02T10:28:30.515  9.84058000E-04  8.77617000E-04 -3.16860000E-05
2002-01-02T10:28:31.511 -1.33943200E-03 -5.95281000E-04 -5.55611000E-04
2002-01-02T10:28:32.511  3.81753000E-04  7.76542000E-04  7.14207000E-04
2002-01-02T10:28:33.507 -4.84711000E-04 -1.21995600E-03 -1.54005700E-03
2002-01-02T10:28:34.511  1.24769200E-03  4.62559000E-04  7.13563000E-04
2002-01-02T10:28:35.507 -1.41668500E-03 -8.11017000E-04 -7.80320000E-05
2002-01-02T10:28:36.519 -3.39843000E-04  1.27837300E-03 -4.27541000E-04
2002-01-02T10:28:37.507 -1.09907600E-03 -8.87720000E-05 -3.52177000E-04
2002-01-02T10:28:38.507  9.14906000E-04  2.21823000E-04 -3.07827000E-04
2002-01-02T10:28:39.507 -3.25920000E-04 -9.72161000E-04 -3.77127000E-04
2002-01-02T10:28:40.511  7.40275000E-04  7.56125000E-04 -9.34379000E-04
2002-01-02T10:28:41.511 -8.40182000E-04  3.11559000E-04  4.57047000E-04
2002-01-02T10:28:42.511  1.37742000E-04  8.61994000E-04 -3.56116000E-04
2002-01-02T10:28:43.507  1.56791000E-04 -3.02934000E-04  4.34369000E-04
2002-01-02T10:28:44.511  6.13983000E-04 -9.42800000E-06 -5.95997000E-04
2002-01-02T10:28:45.507 -3.98320000E-05 -3.25049000E-04  8.15521000E-04
2002-01-02T10:28:46.523  6.18220000E-05  8.42975000E-04 -3.28777000E-04
2002-01-02T10:28:47.507 -4.29195000E-04  1.90914000E-04 -1.51746000E-04
2002-01-02T10:28:48.511  3.36108000E-04  2.89821000E-04 -4.36906000E-04
2002-01-02T10:28:49.507  5.14220000E-05 -7.08832000E-04 -6.69310000E-05
2002-01-02T10:28:50.511  3.46224000E-04  1.63611000E-04 -3.17727000E-04
2002-01-02T10:28:51.511 -1.13629000E-03  3.31275000E-04  7.21087000E-04
2002-01-02T10:28:52.511 -6.14340000E-05  6.16122000E-04  5.74724000E-04
2002-01-02T10:28:53.507 -3.55888000E-04  1.16077000E-04 -2.78257000E-04
2002-01-02T10:28:54.507  3.08664000E-04  1.54773000E-04  3.26393000E-04
2002-01-02T10:28:55.507  1.70919000E-04 -7.80273000E-04 -1.80174000E-04
2002-01-02T10:28:56.519  2.30549000E-04  6.19158000E-04  7.41964000E-04
2002-01-02T10:28:57.507 -7.29047000E-04  3.21050000E-04 -6.02664000E-04
2002-01-02T10:28:58.511  6.92930000E-05  5.09675000E-04 -4.34010000E-05
2002-01-02T10:28:59.507 -6.39041000E-04 -8.18039000E-04 -1.76008000E-04
2002-01-02T10:29:00.511  8.72064000E-04 -3.52191000E-04 -1.96578000E-04
2002-01-02T10:29:01.511  3.79729000E-04  4.20514000E-04  1.54380000E-05
2002-01-02T10:29:02.515  1.33078000E-04  5.63375000E-04 -6.74780000E-05
2002-01-02T10:29:03.507 -6.23591000E-04 -6.15900000E-06 -6.12655000E-04
2002-01-02T10:29:04.507  7.25805000E-04  2.79552000E-04 -1.57521000E-04
2002-01-02T10:29:05.507  5.87015000E-04 -3.33752000E-04  8.90156000E-04
2002-01-02T10:29:06.515  5.27008000E-04  1.53812000E-04 -3.79434000E-04
2002-01-02T10:29:07.507 -9.25871000E-04 -1.92810000E-05 -5.70433000E-04
2002-01-02T10:29:08.511  3.36545000E-04  8.84003000E-04 -6.55165000E-04
2002-01-02T10:29:09.507 -2.43171000E-04 -2.81734000E-04 -6.88459000E-04
2002-01-02T10:29:10.507  1.13574300E-03 -3.89344000E-04  5.74834000E-04
2002-01-02T10:29:11.511 -6.98776000E-04 -6.96294000E-04 -1.50850800E-03
2002-01-02T10:29:12.511 -9.33470000E-05  8.52151000E-04 -7.76190000E-05
2002-01-02T10:29:13.507 -8.83140000E-04 -1.20965000E-04  1.51559000E-04
2002-01-02T10:29:14.511  7.70099000E-04 -2.89598000E-04  7.41804000E-04
2002-01-02T10:29:15.507 -5.90850000E-05 -1.39552500E-03 -7.81097000E-04
2002-01-02T10:29:16.515  3.71022000E-04  3.35530000E-04  9.54023000E-04
2002-01-02T10:29:17.507 -1.11185700E-03 -2.31510000E-04 -7.56935000E-04
2002-01-02T10:29:18.515 -7.99010000E-05  6.10175000E-04  1.24151000E-04
2002-01-02T10:29:19.507 -7.30647000E-04 -1.01329600E-03  3.45535000E-04
2002-01-02T10:29:20.507  9.21249000E-04  1.00573000E-04  5.19432000E-04
2002-01-02T10:29:21.511 -7.97209000E-04 -5.45227000E-04  1.32652500E-03
2002-01-02T10:29:22.511  2.49822000E-04  7.29539000E-04 -1.45838600E-03
2002-01-02T10:29:23.507 -8.82958000E-04 -3.77387000E-04 -1.09734000E-04
2002-01-02T10:29:24.511  1.50920000E-04  4.63604000E-04 -1.31747600E-03
2002-01-02T10:29:25.507 -8.59390000E-04 -1.86452300E-03  3.64034000E-04
2002-01-02T10:29:26.519  7.06177000E-04  3.20836000E-04 -8.40291000E-04
2002-01-02T10:29:27.507 -1.48551600E-03 -3.99791000E-04 -8.33500000E-05
2002-01-02T10:29:28.511  1.47664000E-04  3.98399000E-04  4.82725000E-04
2002-01-02T10:29:29.507 -3.92203000E-04 -2.35380000E-05  9.07300000E-05
2002-01-02T10:29:30.511  1.13124300E-03 -2.08246000E-04 -1.26009000E-04
2002-01-02T10:29:31.511  1.19292000E-04 -2.74756000E-04  6.84320000E-05
2002-01-02T10:29:32.511 -8.23550000E-05  6.37840000E-04  4.75503000E-04
2002-01-02T10:29:33.507 -1.22126700E-03  3.16094000E-04 -5.33929000E-04
2002-01-02T10:29:34.515  3.88718000E-04  3.17362000E-04 -2.01050000E-05
2002-01-02T10:29:35.507  5.40100000E-06 -7.31287000E-04  3.26570000E-05
2002-01-02T10:29:36.515  6.05272000E-04 -2.39264000E-04 -4.79177000E-04
2002-01-02T10:29:37.507 -1.93921000E-04 -4.44940000E-05  9.91146000E-04
2002-01-02T10:29:38.511  8.96900000E-06  1.07390400E-03 -5.41090000E-05
2002-01-02T10:29:39.507 -6.74687000E-04  4.47200000E-05  2.37983000E-04
2002-01-02T10:29:40.511  5.78016000E-04 -3.41650000E-05 -1.00050800E-03
2002-01-02T10:29:41.511  2.69622000E-04 -4.07342000E-04  1.44014000E-04
2002-01-02T10:29:42.507  8.89070000E-05  3.08735000E-04 -1.20531900E-03
2002-01-02T10:29:43.507 -9.29105000E-04  8.02700000E-05 -2.01220000E-05
2002-01-02T10:29:44.511  4.04034000E-04 -3.77690000E-05 -6.52324000E-04
2002-01-02T10:29:45.507 -4.10626000E-04 -2.52539000E-04  3.46909000E-04
2002-01-02T10:29:46.519  9.42173000E-04 -6.13519000E-04  1.33055800E-03
2002-01-02T10:29:47.507 -4.25694000E-04 -3.47541000E-04 -7.80964000E-04
2002-01-02T10:29:48.511 -2.57193000E-04  8.43979000E-04  1.10115800E-03
2002-01-02T10:29:49.507 -2.62753000E-04 -3.93492000E-04  5.55780000E-05
2002-01-02T10:29:50.515  5.78175000E-04 -3.44021000E-04  3.89588000E-04
2002-01-02T10:29:51.511  1.22014000E-04 -3.11138000E-04 -2.66963000E-04
2002-01-02T10:29:52.511  3.07320000E-05  3.56411000E-04  2.34671000E-04
2002-01-02T10:29:53.507 -1.09111100E-03  2.46912000E-04  3.98329000E-04
2002-01-02T10:29:54.511 -4.74954000E-04  8.60686000E-04  2.68560000E-05
2002-01-02T10:29:55.507 -2.89365000E-04 -8.80064000E-04  3.61607000E-04
2002-01-02T10:29:56.519  3.35190000E-04 -3.00723000E-04 -1.54984000E-04
2002-01-02T10:29:57.507 -4.57037000E-04  4.66110000E-05  6.04146000E-04
2002-01-02T10:29:58.507 -5.12113000E-04  5.64444000E-04  3.79713000E-04
2002-01-02T10:29:59.507 -2.45526000E-04  3.96142000E-04 -6.79633000E-04
2002-01-02T10:30:00.511  1.39302000E-04 -3.37125000E-04  7.43255000E-04
2002-01-02T10:30:01.507  2.00934000E-04  4.78860000E-05 -2.22721000E-04
2002-01-02T10:30:02.511  1.33985000E-04 -1.64240000E-04 -3.28671000E-04
2002-01-02T10:30:03.507 -1.67004000E-04  7.26073000E-04 -4.63356000E-04
2002-01-02T10:30:04.507 -5.41585000E-04  4.47277000E-04  2.96831000E-04
2002-01-02T10:30:05.507 -4.32840000E-05 -7.21381000E-04 -8.21513000E-04
2002-01-02T10:30:06.523  1.01198000E-04 -5.55984000E-04  1.46314000E-04
2002-01-02T10:30:07.507  3.15195000E-04  6.61820000E-05 -2.49461000E-04
2002-01-02T10:30:08.511 -6.51047000E-04  2.21964000E-04  7.83475000E-04
2002-01-02T10:30:09.507 -2.56751000E-04  4.76408000E-04 -1.07267900E-03
2002-01-02T10:30:10.507 -5.97240000E-05 -5.80740000E-04  1.81928000E-04
2002-01-02T10:30:11.511  6.54218000E-04 -3.80594000E-04  1.73120000E-04
2002-01-02T10:30:12.511 -1.66953000E-04 -5.13064000E-04  6.26363000E-04
2002-01-02T10:30:13.507  2.43377000E-04  4.58613000E-04  2.41526000E-04
2002-01-02T10:30:14.507 -1.32185100E-03  2.78038000E-04 -1.23503400E-03
2002-01-02T10:30:15.507  6.62542000E-04 -1.04213000E-04  7.93257000E-04
2002-01-02T10:30:16.519 -2.72623000E-04 -7.41898000E-04 -5.17305000E-04
2002-01-02T10:30:17.507  8.25276000E-04  7.48860000E-05  6.97925000E-04
2002-01-02T10:30:18.511 -1.02061800E-03 -6.31407000E-04 -1.30423000E-04
2002-01-02T10:30:19.507  4.02546000E-04  1.50139200E-03  2.44429000E-04
2002-01-02T10:30:20.507 -9.08527000E-04 -3.03002000E-04 -7.65110000E-05
2002-01-02T10:30:21.511  1.59420100E-03  4.40837000E-04 -2.65677000E-04
2002-01-02T10:30:22.515  3.57270000E-05 -1.15008100E-03  2.19275000E-04
2002-01-02T10:30:23.507  7.57327000E-04  7.31568000E-04  9.28321000E-04
2002-01-02T10:30:24.507 -1.28516300E-03 -3.11477000E-04 -1.84491200E-03
2002-01-02T10:30:25.507  4.43351000E-04  1.15423300E-03  3.67181000E-04
2002-01-02T10:30:26.515 -8.91955000E-04 -4.73043000E-04  9.98375000E-04
2002-01-02T10:30:27.507  1.09933100E-03  7.19954000E-04  2.48656000E-04
2002-01-02T10:30:28.511 -8.70667000E-04 -1.13814800E-03 -2.61470000E-04
2002-01-02T10:30:29.507  7.07864000E-04  9.50471000E-04 -8.53655000E-04
2002-01-02T10:30:30.507 -1.41600000E-03  6.03794000E-04 -2.58986000E-04
2002-01-02T10:30:31.511  5.31460000E-04  1.31338800E-03 -9.81480000E-05
2002-01-02T10:30:32.511 -6.94023000E-04 -1.09216700E-03 -8.14662000E-04
2002-01-02T10:30:33.507  7.86725000E-04  7.49839000E-04 -6.61829000E-04
2002-01-02T10:30:34.511 -6.83143000E-04 -6.96503000E-04 -3.74591000E-04
2002-01-02T10:30:35.507  5.06645000E-04  6.38867000E-04  4.69363000E-04
2002-01-02T10:30:36.515 -6.23337000E-04  4.92742000E-04 -1.09813000E-04
2002-01-02T10:30:37.507  4.74264000E-04  3.47965000E-04  5.36003000E-04
2002-01-02T10:30:38.519 -5.80270000E-04 -1.45135700E-03 -3.01446000E-04
2002-01-02T10:30:39.507  8.91036000E-04  3.35370000E-05  1.58200000E-06
2002-01-02T10:30:40.507 -2.15358000E-04  1.41261000E-04 -5.12288000E-04
2002-01-02T10:30:41.511  2.18766000E-04  7.15893000E-04  1.05305700E-03
2002-01-02T10:30:42.511 -1.28366000E-03  5.69710000E-05 -1.69706000E-04
2002-01-02T10:30:43.507  4.44287000E-04  2.18429000E-04 -4.89228000E-04
2002-01-02T10:30:44.511  1.36266000E-04 -7.82000000E-04  4.35934000E-04
2002-01-02T10:30:45.507 -1.12768000E-04  4.42996000E-04  7.55933000E-04
2002-01-02T10:30:46.515 -4.75509000E-04  3.76651000E-04 -2.09813000E-04
2002-01-02T10:30:47.507 -2.31388000E-04  9.45259000E-04  8.72528000E-04
2002-01-02T10:30:48.511 -2.89962000E-04 -4.13263000E-04 -2.91675000E-04
2002-01-02T10:30:49.507  5.52174000E-04 -3.13126000E-04  4.28750000E-04
2002-01-02T10:30:50.511  8.50270000E-05 -5.01714000E-04 -5.28528000E-04
2002-01-02T10:30:51.511 -4.18210000E-05  3.19050000E-04 -6.86038000E-04
2002-01-02T10:30:52.511 -6.94574000E-04  4.93752000E-04  1.12126700E-03
2002-01-02T10:30:53.507 -1.54862000E-04  3.93870000E-04 -8.73670000E-04
2002-01-02T10:30:54.515  2.20530000E-05 -4.33703000E-04  3.15050000E-05
2002-01-02T10:30:55.507  3.98625000E-04 -3.11159000E-04  4.07820000E-04
2002-01-02T10:30:56.515  9.77390000E-04  5.68122000E-04 -3.66340000E-05
2002-01-02T10:30:57.507 -4.41380000E-04 -3.29380000E-05 -1.03494000E-04
2002-01-02T10:30:58.511 -5.19760000E-04  7.89438000E-04  3.10983000E-04
2002-01-02T10:30:59.507 -1.51530000E-05 -3.06513000E-04 -1.47841000E-04
2002-01-02T10:31:00.511  8.68645000E-04 -2.68305000E-04  2.06376000E-04
2002-01-02T10:31:01.511 -4.17859000E-04 -7.52923000E-04 -2.44629000E-04
2002-01-02T10:31:02.507  6.88645000E-04  3.88908000E-04 -9.79520000E-05
2002-01-02T10:31:03.507 -7.13866000E-04  1.54141000E-04 -3.41790000E-04
2002-01-02T10:31:04.511  2.97810000E-04  1.83369300E-03 -7.97792000E-04
2002-01-02T10:31:05.507 -9.01427000E-04  1.61409000E-04 -1.94331000E-04
2002-01-02T10:31:06.519  1.17601500E-03  6.69033000E-04 -1.46100000E-05
2002-01-02T10:31:07.507 -8.51112000E-04 -1.18664600E-03  5.33080000E-05
2002-01-02T10:31:08.511  1.04666400E-03  6.20365000E-04 -1.34757000E-04
2002-01-02T10:31:09.507 -5.89504000E-04 -3.13790000E-05  3.67266000E-04
2002-01-02T10:31:10.515  1.38430000E-05  1.01500100E-03 -1.51618000E-04
2002-01-02T10:31:11.511 -5.07000000E-06  6.76459000E-04 -2.41791000E-04
2002-01-02T10:31:12.507 -3.09629000E-04  7.75714000E-04 -1.35844800E-03
2002-01-02T10:31:13.507  3.89610000E-04 -2.67230000E-05 -3.00484000E-04
2002-01-02T10:31:14.511 -1.71983000E-04 -7.85230000E-04  3.85133000E-04
2002-01-02T10:31:15.507  4.97467000E-04  4.47338000E-04  1.02650000E-04
2002-01-02T10:31:16.519 -8.24328000E-04 -1.06490000E-04  6.27078000E-04
2002-01-02T10:31:17.507 -2.53116000E-04  9.10881000E-04 -2.54362000E-04
2002-01-02T10:31:18.507 -7.94057000E-04 -1.14116000E-04 -8.96680000E-05
2002-01-02T10:31:19.507  1.06453200E-03  9.01546000E-04 -4.47086000E-04
2002-01-02T10:31:20.511 -3.08700000E-05 -1.05077400E-03  1.77906000E-04
2002-01-02T10:31:21.507  1.39326800E-03  2.92855000E-04 -2.88858000E-04
2002-01-02T10:31:22.511 -8.24387000E-04  2.63800000E-06 -9.67832000E-04
2002-01-02T10:31:23.507 -3.67856000E-04  6.58025000E-04  2.30485000E-04
2002-01-02T10:31:24.507 -1.73333100E-03 -1.93378000E-04  3.65594000E-04
2002-01-02T10:31:25.507  1.79586000E-04 -1.89190000E-05  1.60804900E-03
2002-01-02T10:31:26.523  9.84740000E-04  3.85992000E-04 -1.15531400E-03
2002-01-02T10:31:27.507 -2.28219000E-04 -7.20637000E-04 -5.13671000E-04
2002-01-02T10:31:28.511  1.26443600E-03  9.82022000E-04 -3.58032000E-04
2002-01-02T10:31:29.507 -3.96633000E-04 -7.71429000E-04 -6.32817000E-04
2002-01-02T10:31:30.507  7.62347000E-04  9.76706000E-04  6.43330000E-05
2002-01-02T10:31:31.511 -5.85790000E-04  1.48850000E-04 -6.38078000E-04
2002-01-02T10:31:32.511  3.45418000E-04  7.41015000E-04  5.09639000E-04
2002-01-02T10:31:33.507  1.85288000E-04 -1.54150000E-05 -7.16535000E-04
2002-01-02T10:31:34.507  7.10160000E-05 -4.08712000E-04  5.50845000E-04
2002-01-02T10:31:35.507  6.83810000E-04  2.94218000E-04 -4.67680000E-05
2002-01-02T10:31:36.519 -5.44224000E-04 -8.70997000E-04  4.71094000E-04
2002-01-02T10:31:37.507  1.31929900E-03  3.55070000E-04  4.96161000E-04
2002-01-02T10:31:38.511 -1.55309900E-03 -5.02154000E-04 -2.07935000E-04
2002-01-02T10:31:39.507  4.35028000E-04  1.35111600E-03 -8.09670000E-05
2002-01-02T10:31:40.507 -5.06472000E-04  7.15690000E-04 -5.49742000E-04
2002-01-02T10:31:41.511 -8.97971000E-04  1.30831700E-03  1.49247200E-03
2002-01-02T10:31:42.515  1.97713000E-04  6.36745000E-04 -5.27953000E-04
2002-01-02T10:31:43.507 -2.64729000E-04 -6.68698000E-04  5.15242000E-04
2002-01-02T10:31:44.507  9.01090000E-04  1.99593000E-04  5.16800000E-06
2002-01-02T10:31:45.507 -1.17060000E-05 -7.12404000E-04  9.75600000E-06
2002-01-02T10:31:46.515  8.29604000E-04  9.22940000E-04 -4.76720000E-05
2002-01-02T10:31:47.507 -8.43156000E-04  3.03997000E-04 -8.88000000E-07
2002-01-02T10:31:48.511 -2.09058000E-04  6.81012000E-04  1.06082500E-03
2002-01-02T10:31:49.507  6.36863000E-04  1.56061000E-03 -5.16335000E-04
2002-01-02T10:31:50.507 -1.25568100E-03  3.67612000E-04  3.55324000E-04
2002-01-02T10:31:51.511  1.15117100E-03  6.65264000E-04 -9.81387000E-04
2002-01-02T10:31:52.511 -4.42760000E-05 -1.02656000E-03  7.82936000E-04
2002-01-02T10:31:53.507  8.42296000E-04 -8.82360000E-05 -3.93480000E-04
2002-01-02T10:31:54.511 -3.29247000E-04 -2.54382000E-04  3.04758000E-04
2002-01-02T10:31:55.507 -4.30375000E-04 -2.47892000E-04  3.91584000E-04
2002-01-02T10:31:56.519  6.60399000E-04  6.69836000E-04 -3.41732000E-04
2002-01-02T10:31:57.507 -1.53660900E-03  1.10866000E-04 -7.06901000E-04
2002-01-02T10:31:58.515  5.98526000E-04  1.49063300E-03  4.29072000E-04
2002-01-02T10:31:59.507 -1.15197400E-03  8.99771000E-04  4.84655000E-04
2002-01-02T10:32:00.507  1.49173000E-04  6.75195000E-04  3.20015000E-04
2002-01-02T10:32:01.511  2.34025000E-04 -5.32590000E-05  7.36936000E-04
2002-01-02T10:32:02.511 -6.54300000E-05 -2.65009000E-04 -2.66342000E-04
2002-01-02T10:32:03.507  1.07494100E-03  5.35727000E-04  8.03940000E-04
2002-01-02T10:32:04.511 -6.73854000E-04 -4.64126000E-04  5.85928000E-04
2002-01-02T10:32:05.507  8.34470000E-04  9.88357000E-04  5.86780000E-05
2002-01-02T10:32:06.515 -5.98601000E-04  3.33813000E-04  1.49002000E-04
2002-01-02T10:32:07.507 -4.68683000E-04  1.10877200E-03 -2.48400000E-06
2002-01-02T10:32:08.511 -7.80260000E-05  1.31267400E-03  5.99869000E-04
2002-01-02T10:32:09.507 -7.62166000E-04  9.09520000E-05 -6.37333000E-04
2002-01-02T10:32:10.511  6.23708000E-04  1.56903600E-03  4.73331000E-04
2002-01-02T10:32:11.511 -1.17357100E-03 -4.23636000E-04 -2.12631000E-04
2002-01-02T10:32:12.507  9.92464000E-04  3.41109000E-04  4.37748000E-04
2002-01-02T10:32:13.507  1.18902000E-03  6.44606000E-04 -2.04405000E-04
2002-01-02T10:32:14.515  2.08743000E-04 -2.32119000E-04 -7.71249000E-04
2002-01-02T10:32:15.507  1.49081000E-04  7.24789000E-04  1.43210000E-05
2002-01-02T10:32:16.515 -3.40576000E-04 -1.07290000E-05 -3.61991000E-04
2002-01-02T10:32:17.507 -2.00837000E-04  1.84036000E-03  3.33406000E-04
2002-01-02T10:32:18.511 -5.35295000E-04  1.08339300E-03  4.54250000E-05
2002-01-02T10:32:19.507 -5.73837000E-04  9.12009000E-04  4.40447000E-04
2002-01-02T10:32:20.511  4.40623000E-04  1.35596700E-03 -4.26152000E-04
2002-01-02T10:32:21.511 -1.17054800E-03  5.60000000E-08 -9.33640000E-04
2002-01-02T10:32:22.507  4.18927000E-04  1.23521200E-03 -2.98374000E-04
2002-01-02T10:32:23.507 -2.28669000E-04 -9.51080000E-05  4.30300000E-04
2002-01-02T10:32:24.511  8.02020000E-05  9.96450000E-05 -1.29319600E-03
2002-01-02T10:32:25.507  3.07861000E-04  1.02132800E-03  7.14933000E-04
2002-01-02T10:32:26.519  3.81770000E-05  3.96130000E-05 -5.88273000E-04
2002-01-02T10:32:27.507  3.60659000E-04 -5.95020000E-05 -1.56161000E-04
2002-01-02T10:32:28.511  1.08522600E-03  1.24304800E-03  9.24824000E-04
2002-01-02T10:32:29.507 -9.21687000E-04 -7.51565000E-04  8.89330000E-05
2002-01-02T10:32:30.515  7.90751000E-04  7.65647000E-04  6.90352000E-04
2002-01-02T10:32:31.511  8.40606000E-04  7.92363000E-04  4.56570000E-05
2002-01-02T10:32:32.507 -6.62440000E-04 -5.97483000E-04 -3.23359000E-04
2002-01-02T10:32:33.507  9.18406000E-04  7.64333000E-04  8.80706000E-04
2002-01-02T10:32:34.511  1.25152100E-03  5.01822000E-04 -3.65279000E-04
2002-01-02T10:32:35.507 -8.16736000E-04 -5.22220000E-04  9.54550000E-05
2002-01-02T10:32:36.519  6.62170000E-04  3.52431000E-04  1.01876000E-04
2002-01-02T10:32:37.507  7.15642000E-04 -8.65700000E-05  5.63216000E-04
2002-01-02T10:32:38.507 -1.21749100E-03 -3.28673000E-04  6.42308000E-04
2002-01-02T10:32:39.507 -6.11320000E-05  1.26021300E-03 -9.04305000E-04
2002-01-02T10:32:40.511  4.07740000E-04  1.24103000E-03  5.15562000E-04
2002-01-02T10:32:41.507 -1.10026000E-04  3.08963000E-04 -1.63706000E-04
2002-01-02T10:32:42.511 -8.71848000E-04  1.27942200E-03  3.04413000E-04
2002-01-02T10:32:43.507  3.33603000E-04  2.19233100E-03  1.95892000E-04
2002-01-02T10:32:44.507 -3.15028000E-04  7.75206000E-04  2.49954000E-04
2002-01-02T10:32:45.507 -1.08523400E-03  6.96551000E-04  8.42415000E-04
2002-01-02T10:32:46.527 -5.48140000E-05  1.46168600E-03 -7.11866000E-04
2002-01-02T10:32:47.507  1.12026000E-03  1.72938700E-03  4.86961000E-04
2002-01-02T10:32:48.511 -1.79120000E-04  5.71018000E-04 -5.96740000E-05
2002-01-02T10:32:49.507 -5.86520000E-04 -4.19747000E-04  4.97767000E-04
2002-01-02T10:32:50.511  6.00165000E-04  1.02647500E-03 -2.52993000E-04
2002-01-02T10:32:51.511  5.56453000E-04  2.44952100E-03 -1.54821000E-04
2002-01-02T10:32:52.511  3.56200000E-06  1.78843600E-03 -5.82735000E-04
2002-01-02T10:32:53.507 -1.10275200E-03  1.09394900E-03 -5.13470000E-04
2002-01-02T10:32:54.507 -8.01575000E-04  1.20292600E-03  6.97362000E-04
2002-01-02T10:32:55.507  7.58170000E-04  1.42310600E-03 -1.73333000E-04
2002-01-02T10:32:56.519  1.74879000E-03  1.36326300E-03 -4.05885000E-04
2002-01-02T10:32:57.507 -1.50287000E-04  1.59043500E-03 -2.41079000E-04
2002-01-02T10:32:58.511 -1.24540700E-03  7.67369000E-04  6.54738000E-04
2002-01-02T10:32:59.507 -9.32323000E-04  1.29079700E-03  3.90880000E-05
2002-01-02T10:33:00.507  4.02870000E-05  1.36744900E-03  7.86380000E-05
2002-01-02T10:33:01.511  8.46186000E-04  1.70484300E-03 -2.38853000E-04
2002-01-02T10:33:02.515  9.91735000E-04  1.68715500E-03  1.10140000E-04
2002-01-02T10:33:03.507 -6.13649000E-04  1.72682500E-03  1.06407500E-03
2002-01-02T10:33:04.507 -5.05100000E-05  1.43935700E-03 -5.47415000E-04
2002-01-02T10:33:05.507 -1.02145400E-03  6.16707000E-04  8.81941000E-04
2002-01-02T10:33:06.515 -1.88665000E-04  1.18216000E-03 -7.79230000E-04
2002-01-02T10:33:07.507 -3.94521000E-04  2.09295700E-03 -7.86905000E-04
2002-01-02T10:33:08.511  8.28319000E-04  2.02162500E-03 -1.51392000E-04
2002-01-02T10:33:09.507  9.20801000E-04  2.52724600E-03  8.26892000E-04
2002-01-02T10:33:10.507  7.00524000E-04  3.16441000E-03  6.37738000E-04
2002-01-02T10:33:11.511  6.63016000E-04  1.51785400E-03 -9.96609000E-04
2002-01-02T10:33:12.511  4.84383000E-04  2.11551400E-03  7.83267000E-04
2002-01-02T10:33:13.507  3.97595000E-04  2.42270000E-03 -6.93899000E-04
2002-01-02T10:33:14.511  9.17501000E-04  2.20616700E-03 -5.23882000E-04
2002-01-02T10:33:15.507  5.28452000E-04  3.38213900E-03 -3.05004000E-04
2002-01-02T10:33:16.515  1.24411600E-03  3.11598500E-03 -1.49990000E-04
2002-01-02T10:33:17.507  1.81298000E-04  3.11830600E-03  1.10068600E-03
2002-01-02T10:33:18.515 -4.00590000E-05  2.41947500E-03 -1.27779000E-04
2002-01-02T10:33:19.507  3.15306000E-04  3.23887500E-03  2.44204000E-04
2002-01-02T10:33:20.507  4.98182000E-04  2.72137100E-03 -5.04440000E-04
2002-01-02T10:33:21.511  5.89821000E-04  3.49108100E-03  4.96910000E-04
2002-01-02T10:33:22.511  5.71901000E-04  3.09148500E-03  9.23987000E-04
2002-01-02T10:33:23.507  1.02290100E-03  2.69010800E-03 -5.00779000E-04
2002-01-02T10:33:24.511  3.12530000E-05  3.23843700E-03  6.05345000E-04
2002-01-02T10:33:25.507  5.57672000E-04  2.35282500E-03 -5.47600000E-05
2002-01-02T10:33:26.515 -2.59852000E-04  2.99995800E-03  3.92485000E-04
2002-01-02T10:33:27.507  5.20590000E-05  2.37470200E-03 -6.39680000E-04
2002-01-02T10:33:28.511 -1.27758000E-04  2.24727900E-03 -8.43400000E-06
2002-01-02T10:33:29.507 -6.16272000E-04  2.61044600E-03  8.47740000E-05
2002-01-02T10:33:30.511  2.25586000E-04  1.41118200E-03  1.22395800E-03
2002-01-02T10:33:31.511 -7.64429000E-04  2.52088600E-03  1.47991500E-03
2002-01-02T10:33:32.507 -1.02711000E-04  1.46474900E-03 -8.74121000E-04
2002-01-02T10:33:33.507 -5.22579000E-04  2.35750400E-03  3.56250000E-05
2002-01-02T10:33:34.515 -6.15614000E-04  2.23033900E-03 -4.31228000E-04
2002-01-02T10:33:35.507 -6.33955000E-04  1.78299300E-03 -5.07213000E-04
2002-01-02T10:33:36.519 -1.28575900E-03  2.61367000E-03 -2.34671000E-04
2002-01-02T10:33:37.507 -4.06208000E-04  1.38922800E-03 -1.80949000E-04
2002-01-02T10:33:38.511 -1.21765200E-03  2.17998200E-03  3.01127000E-04
2002-01-02T10:33:39.507 -6.55708000E-04  2.88038100E-03 -1.84737000E-04
2002-01-02T10:33:40.511  7.66148000E-04  3.85242700E-03  8.68940000E-04
2002-01-02T10:33:41.511 -2.27106000E-04  3.60953900E-03 -1.18200000E-04
2002-01-02T10:33:42.507 -1.44517300E-03  3.06120000E-03  2.36214000E-04
2002-01-02T10:33:43.507  5.13828000E-04  4.68140800E-03 -9.20560000E-05
2002-01-02T10:33:44.511  2.82309000E-04  3.41523300E-03  8.60070000E-05
2002-01-02T10:33:45.507 -5.05217000E-04  2.26121100E-03 -8.08848000E-04
2002-01-02T10:33:46.519  9.13255000E-04  4.87926600E-03  6.32208000E-04
2002-01-02T10:33:47.507 -9.74153000E-04  3.87339400E-03 -9.67470000E-05
2002-01-02T10:33:48.511  1.68056200E-03  4.77799400E-03  1.29236000E-04
2002-01-02T10:33:49.507 -7.53185000E-04  3.57173200E-03  1.66416000E-04
2002-01-02T10:33:50.515  9.82618000E-04  4.85699800E-03 -2.00567000E-04
2002-01-02T10:33:51.511  1.22624000E-04  3.34209800E-03  7.83873000E-04
2002-01-02T10:33:52.507  8.82195000E-04  4.50673000E-03 -4.61464000E-04
2002-01-02T10:33:53.507 -9.63840000E-05  2.87885400E-03 -3.87326000E-04
2002-01-02T10:33:54.507  4.64758000E-04  3.96107300E-03  2.66662000E-04
2002-01-02T10:33:55.507 -1.76003000E-04  3.42761800E-03 -7.27090000E-05
2002-01-02T10:33:56.519  1.35049000E-04  4.21969800E-03 -3.35569000E-04
2002-01-02T10:33:57.507  2.37918000E-04  4.66850500E-03 -1.07321900E-03
2002-01-02T10:33:58.507 -1.43569500E-03  3.24098100E-03  5.66414000E-04
2002-01-02T10:33:59.507  1.00729800E-03  5.05086400E-03 -7.08814000E-04
2002-01-02T10:34:00.511 -1.16772900E-03  3.71612700E-03  3.82498000E-04
2002-01-02T10:34:01.507  3.53387000E-04  5.82344000E-03 -6.86832000E-04
2002-01-02T10:34:02.511 -1.47280900E-03  4.11699000E-03  3.19523000E-04
2002-01-02T10:34:03.507 -5.87500000E-04  4.42611200E-03  1.72307000E-04
2002-01-02T10:34:04.507 -1.18655000E-04  3.38124600E-03  7.62792000E-04
2002-01-02T10:34:05.507  8.96480000E-05  3.16516000E-03  4.00257000E-04
2002-01-02T10:34:06.522  4.84110000E-04  4.43935300E-03 -2.23593000E-04
2002-01-02T10:34:07.507 -1.21914900E-03  3.23363500E-03  3.14085000E-04
2002-01-02T10:34:08.511  1.03056700E-03  5.56294400E-03  3.52170000E-04
2002-01-02T10:34:09.507 -8.09847000E-04  3.91518200E-03  5.31310000E-05
2002-01-02T10:34:10.507 -1.41983100E-03  2.90408600E-03 -3.70346000E-04
2002-01-02T10:34:11.511  8.68330000E-04  4.76822700E-03  1.24779000E-04
2002-01-02T10:34:12.511 -1.74508600E-03  3.90428400E-03 -3.64794000E-04
2002-01-02T10:34:13.507 -7.46419000E-04  5.05172200E-03 -1.40586000E-04
2002-01-02T10:34:14.507 -1.64607900E-03  5.51723600E-03  1.57055000E-04
2002-01-02T10:34:15.507 -8.93165000E-04  4.76343000E-03 -4.68921000E-04
2002-01-02T10:34:16.515 -8.21059000E-04  5.85120900E-03  9.78168000E-04
2002-01-02T10:34:17.507 -1.49603100E-03  5.78092600E-03 -2.70268000E-04
2002-01-02T10:34:18.511 -8.76295000E-04  5.36040900E-03  6.81276000E-04
2002-01-02T10:34:19.507  8.35318000E-04  7.26648800E-03  1.18817200E-03
2002-01-02T10:34:20.507  1.04561700E-03  8.52994100E-03  5.43312000E-04
2002-01-02T10:34:21.511 -3.69908000E-04  7.91116500E-03  7.70551000E-04
2002-01-02T10:34:22.515 -7.74100000E-06  7.46959500E-03 -1.33230200E-03
2002-01-02T10:34:23.507 -7.10060000E-05  9.21370700E-03  1.40058400E-03
2002-01-02T10:34:24.507 -1.14969700E-03  8.67317200E-03  1.03436600E-03
2002-01-02T10:34:25.507  4.74302000E-04  9.27778800E-03 -8.16132000E-04
2002-01-02T10:34:26.519  6.13355000E-04  1.05255430E-02  2.26740000E-05
2002-01-02T10:34:27.507  4.69551000E-04  1.09090400E-02 -4.23505000E-04
2002-01-02T10:34:28.511 -8.04435000E-04  9.34368500E-03  4.25892000E-04
2002-01-02T10:34:29.507  8.53300000E-06  1.12485880E-02  5.19884000E-04
2002-01-02T10:34:30.507  6.16155000E-04  1.23927230E-02  1.51780000E-04
2002-01-02T10:34:31.511 -6.47823000E-04  1.27397100E-02  5.42597000E-04
2002-01-02T10:34:32.511 -1.14425100E-03  1.10416390E-02  7.39110000E-05
2002-01-02T10:34:33.507  7.05406000E-04  1.27428710E-02  1.31988700E-03
2002-01-02T10:34:34.511  2.73273000E-04  1.28267550E-02 -5.86747000E-04
2002-01-02T10:34:35.507 -1.30257900E-03  1.17679380E-02 -2.98467000E-04
2002-01-02T10:34:36.515 -1.82020700E-03  1.05941410E-02  6.84540000E-04
2002-01-02T10:34:37.507  8.12960000E-05  1.22073600E-02  4.63777000E-04
2002-01-02T10:34:38.515  4.75163000E-04  1.33090660E-02  5.95603000E-04
2002-01-02T10:34:39.507 -2.67423000E-04  1.12623670E-02  7.65420000E-05
2002-01-02T10:34:40.511  1.56067400E-03  1.38425650E-02  1.81044400E-03
2002-01-02T10:34:41.511 -7.27061000E-04  1.27703720E-02 -2.58289000E-04
2002-01-02T10:34:42.507  4.26133000E-04  1.26987240E-02 -3.31368000E-04
2002-01-02T10:34:43.507  3.30244000E-04  1.33404990E-02 -6.69970000E-05
2002-01-02T10:34:44.511 -4.92232000E-04  1.19795250E-02  7.85401000E-04
2002-01-02T10:34:45.507  8.35600000E-05  9.74532200E-03  5.50927000E-04
2002-01-02T10:34:46.515 -5.41746000E-04  7.61411100E-03  2.42581000E-04
2002-01-02T10:34:47.507 -3.98737000E-04  6.78655600E-03  3.96119000E-04
2002-01-02T10:34:48.511 -1.04172500E-03  6.69133200E-03 -2.11328000E-04
2002-01-02T10:34:49.507  2.16716000E-04  5.64609600E-03  4.40085000E-04
2002-01-02T10:34:50.511  9.97576000E-04  6.58970100E-03  2.95849000E-04
2002-01-02T10:34:51.511  1.49022400E-03  7.23816800E-03 -3.91373000E-04
2002-01-02T10:34:52.507 -1.29357700E-03  5.40692900E-03  3.22606000E-04
2002-01-02T10:34:53.507 -1.70529000E-04  6.41551200E-03  9.41500000E-06
2002-01-02T10:34:54.515  4.07573000E-04  8.88003300E-03  2.58721000E-04
2002-01-02T10:34:55.507 -1.67509800E-03  7.51333300E-03  1.16541000E-04
2002-01-02T10:34:56.515 -9.23880000E-05  9.94334000E-03 -5.99476000E-04
2002-01-02T10:34:57.507  7.49100000E-04  1.11818420E-02  2.06103000E-04
2002-01-02T10:34:58.511  2.73813000E-04  1.10427390E-02 -4.61352000E-04
2002-01-02T10:34:59.507 -7.47737000E-04  9.86233600E-03  5.90033000E-04
2002-01-02T10:35:00.511 -1.14820300E-03  8.99560400E-03  5.88656000E-04
2002-01-02T10:35:01.511 -3.47234000E-04  1.04797300E-02  1.15447100E-03
2002-01-02T10:35:02.507  3.14975000E-04  1.13126490E-02 -7.90254000E-04
2002-01-02T10:35:03.507  8.35332000E-04  1.07339790E-02  2.43097000E-04
2002-01-02T10:35:04.511 -1.34187000E-04  1.07922330E-02  5.58092000E-04
2002-01-02T10:35:05.507 -1.06230800E-03  1.13410230E-02  7.93817000E-04
2002-01-02T10:35:06.519 -1.36911200E-03  9.11476700E-03 -1.23976000E-04
2002-01-02T10:35:07.507 -8.78421000E-04  1.04879980E-02 -3.50033000E-04
2002-01-02T10:35:08.511  1.27572000E-04  1.17285570E-02  1.74017300E-03
2002-01-02T10:35:09.507  7.44892000E-04  1.24675790E-02 -6.28091000E-04
2002-01-02T10:35:10.515  5.31732000E-04  1.26893730E-02  1.03022400E-03
2002-01-02T10:35:11.511 -2.27960000E-05  1.19314120E-02 -1.03240300E-03
2002-01-02T10:35:12.511 -1.40576900E-03  1.10127830E-02  1.00389700E-03
2002-01-02T10:35:13.507  2.04755000E-04  1.28406250E-02  2.69727000E-04
2002-01-02T10:35:14.507  8.14040000E-05  1.26568050E-02  1.35202700E-03
2002-01-02T10:35:15.507 -7.67552000E-04  1.27165810E-02  1.09199600E-03
2002-01-02T10:35:16.518 -9.46760000E-05  1.32494110E-02 -4.96922000E-04
2002-01-02T10:35:17.503  3.26825000E-04  1.39770710E-02  7.35315000E-04
2002-01-02T10:35:18.507 -1.01656500E-03  1.31324730E-02  7.38030000E-05
2002-01-02T10:35:19.507  8.96169000E-04  1.43799860E-02  3.20097000E-04
2002-01-02T10:35:20.511 -2.05688800E-03  1.28141600E-02 -5.24928000E-04
2002-01-02T10:35:21.507 -4.54858000E-04  1.38531990E-02 -6.29100000E-05
2002-01-02T10:35:22.511  7.15715000E-04  1.44099050E-02  1.62452700E-03
2002-01-02T10:35:23.507  3.13420000E-04  1.54019670E-02 -9.57763000E-04
2002-01-02T10:35:24.507 -1.28321300E-03  1.36109590E-02  8.22308000E-04
2002-01-02T10:35:25.507 -1.01285200E-03  1.38589370E-02  9.98110000E-05
2002-01-02T10:35:26.522 -1.00473400E-03  1.48368660E-02  6.26787000E-04
2002-01-02T10:35:27.503 -1.11804100E-03  1.55451570E-02  6.52008000E-04
2002-01-02T10:35:28.511 -8.58234000E-04  1.65353450E-02 -6.08982000E-04
2002-01-02T10:35:29.503  5.88806000E-04  1.72029980E-02  5.48338000E-04
2002-01-02T10:35:30.507  5.17080000E-04  1.64312810E-02  4.03816000E-04
2002-01-02T10:35:31.511 -1.40611000E-03  1.62007120E-02  7.17875000E-04
2002-01-02T10:35:32.511  3.00336000E-04  1.81138550E-02 -1.43654000E-04
2002-01-02T10:35:33.507 -1.54715900E-03  1.67669000E-02  5.20492000E-04
2002-01-02T10:35:34.507 -5.75600000E-06  1.88551550E-02 -1.07565000E-04
2002-01-02T10:35:35.507  6.51967000E-04  1.86077950E-02  5.51940000E-04
2002-01-02T10:35:36.515 -1.44628400E-03  1.79045910E-02  2.06500000E-06
2002-01-02T10:35:37.503  1.66434000E-04  1.84622980E-02  1.25507900E-03
2002-01-02T10:35:38.511 -4.53906000E-04  1.81443500E-02 -4.99644000E-04
2002-01-02T10:35:39.507 -7.48034000E-04  1.68099550E-02  3.41911000E-04
2002-01-02T10:35:40.507 -3.80410000E-05  1.90031920E-02  8.86486000E-04
2002-01-02T10:35:41.511  1.61393000E-04  1.83131900E-02  2.22001000E-04
2002-01-02T10:35:42.515 -1.96734800E-03  1.71123560E-02  8.33238000E-04
2002-01-02T10:35:43.507  3.55430000E-05  1.85554180E-02 -6.60711000E-04
2002-01-02T10:35:44.507 -3.48304000E-04  1.97919220E-02  3.18041000E-04
2002-01-02T10:35:45.507 -8.73960000E-05  1.96232010E-02 -6.56210000E-05
2002-01-02T10:35:46.518 -2.42997300E-03  1.64095140E-02  5.34091000E-04
2002-01-02T10:35:47.507  3.42108000E-04  1.76099560E-02 -2.60446000E-04
2002-01-02T10:35:48.511  1.04321000E-04  1.76969600E-02  5.32385000E-04
2002-01-02T10:35:49.503 -4.54850000E-05  1.78566260E-02 -6.43310000E-05
2002-01-02T10:35:50.507 -4.09030000E-04  1.77463030E-02  3.02607000E-04
2002-01-02T10:35:51.511 -9.26790000E-04  1.82662120E-02  8.44684000E-04
2002-01-02T10:35:52.511  4.21651000E-04  1.87573130E-02 -1.03953200E-03
2002-01-02T10:35:53.503 -1.78351700E-03  1.64386950E-02  1.73108000E-04
2002-01-02T10:35:54.511  3.05648000E-04  1.84726570E-02 -1.96009000E-04
2002-01-02T10:35:55.507 -7.39261000E-04  1.73495560E-02  3.31489000E-04
2002-01-02T10:35:56.515 -2.47097000E-04  1.81676350E-02 -4.50821000E-04
2002-01-02T10:35:57.507  1.79030000E-05  1.93178370E-02  4.48088000E-04
2002-01-02T10:35:58.515 -5.71312000E-04  1.85396560E-02  8.12125000E-04
2002-01-02T10:35:59.503 -8.57134000E-04  1.77608450E-02 -8.37915000E-04
2002-01-02T10:36:00.507 -3.72343000E-04  1.87358560E-02  7.43850000E-04
2002-01-02T10:36:01.511 -4.48020000E-05  1.98807160E-02 -6.69460000E-04
2002-01-02T10:36:02.507  4.70414000E-04  2.07318050E-02  9.45164000E-04
2002-01-02T10:36:03.507 -4.08429000E-04  2.09066960E-02  4.84286000E-04
2002-01-02T10:36:04.511 -2.32404000E-04  1.98008700E-02  1.94065000E-04
2002-01-02T10:36:05.507 -7.40070000E-04  2.03659460E-02  6.80132000E-04
2002-01-02T10:36:06.518 -1.28107400E-03  1.74772700E-02  2.00152000E-04
2002-01-02T10:36:07.503 -1.65104000E-04  1.82283260E-02  2.07679000E-03
2002-01-02T10:36:08.511 -2.15938000E-04  1.95667040E-02  4.91800000E-05
2002-01-02T10:36:09.503  4.42925000E-04  1.89409680E-02  8.13435000E-04
2002-01-02T10:36:10.511 -8.17218000E-04  2.00594330E-02  1.07369000E-04
2002-01-02T10:36:11.511 -5.00339000E-04  2.01301260E-02  4.55790000E-04
2002-01-02T10:36:12.507 -1.15510800E-03  2.08719470E-02  8.43923000E-04
2002-01-02T10:36:13.503  3.72068000E-04  2.16501220E-02 -1.09263000E-04
2002-01-02T10:36:14.515 -6.29204000E-04  2.11636110E-02  8.81216000E-04
2002-01-02T10:36:15.507 -1.00729700E-03  2.07690350E-02 -3.18140000E-05
2002-01-02T10:36:16.515 -1.33655600E-03  2.09133740E-02  1.60549000E-04
2002-01-02T10:36:17.503  3.93555000E-04  2.19473280E-02  6.25686000E-04
2002-01-02T10:36:18.511 -9.81641000E-04  2.10692340E-02  6.76127000E-04
2002-01-02T10:36:19.507 -5.82775000E-04  2.15099940E-02  7.21985000E-04
2002-01-02T10:36:20.511 -3.60956000E-04  2.14592140E-02  6.14271000E-04
2002-01-02T10:36:21.511 -9.68264000E-04  2.08755730E-02  2.11674000E-04
2002-01-02T10:36:22.507 -1.02322100E-03  2.07094900E-02 -4.35100000E-05
2002-01-02T10:36:23.503  6.02096000E-04  2.16883030E-02  1.06367300E-03
2002-01-02T10:36:24.511 -6.78661000E-04  2.11956690E-02 -8.35950000E-05
2002-01-02T10:36:25.507  1.80791000E-04  2.25670580E-02  1.13390000E-03
2002-01-02T10:36:26.518 -6.45073000E-04  2.12173460E-02  3.04138000E-04
2002-01-02T10:36:27.503 -9.09888000E-04  2.06346720E-02  7.40857000E-04
2002-01-02T10:36:28.511 -5.21293000E-04  2.01206600E-02  8.36142000E-04
2002-01-02T10:36:29.503 -1.34565200E-03  2.10330780E-02 -2.57250000E-04
2002-01-02T10:36:30.518 -1.02435300E-03  2.03944890E-02  7.09449000E-04
2002-01-02T10:36:31.511  1.48211000E-03  2.24140080E-02 -5.27988000E-04
2002-01-02T10:36:32.507 -4.59806000E-04  2.07755270E-02  8.71202000E-04
2002-01-02T10:36:33.503 -1.07198200E-03  2.08021630E-02 -2.85214000E-04
2002-01-02T10:36:34.507 -4.18246000E-04  2.11418530E-02  7.48397000E-04
2002-01-02T10:36:35.507 -5.25092000E-04  2.12092210E-02 -9.36550000E-05
2002-01-02T10:36:36.514 -1.23885100E-03  2.12698280E-02  9.23115000E-04
2002-01-02T10:36:37.503 -7.20962000E-04  2.19618510E-02  1.05206300E-03
2002-01-02T10:36:38.507  1.24580800E-03  2.45739950E-02 -7.91583000E-04
2002-01-02T10:36:39.503 -1.14283200E-03  2.21083560E-02  1.10818200E-03
2002-01-02T10:36:40.511 -1.56047700E-03  2.31091490E-02 -7.49883000E-04
2002-01-02T10:36:41.507 -1.77787200E-03  2.38999050E-02  1.21125500E-03
2002-01-02T10:36:42.511 -1.35356200E-03  2.40201430E-02 -1.80793000E-04
2002-01-02T10:36:43.503  7.73491000E-04  2.58706640E-02  6.33594000E-04
2002-01-02T10:36:44.507 -1.20745100E-03  2.25901320E-02  9.25494000E-04
2002-01-02T10:36:45.507 -1.17589200E-03  2.23497660E-02 -3.55410000E-05
2002-01-02T10:36:46.522 -1.66601000E-04  2.25189440E-02  7.55389000E-04
2002-01-02T10:36:47.503 -8.44087000E-04  2.16220520E-02  5.37729000E-04
2002-01-02T10:36:48.511 -2.63971000E-04  2.22579730E-02  1.83554700E-03
2002-01-02T10:36:49.503 -1.40384900E-03  2.14361640E-02 -3.12626000E-04
2002-01-02T10:36:50.507 -6.22287000E-04  2.04844510E-02  3.12940000E-05
2002-01-02T10:36:51.511 -4.19400000E-06  2.04179620E-02  7.82750000E-04
2002-01-02T10:36:52.511 -1.52305000E-04  1.95573030E-02 -1.94385000E-04
2002-01-02T10:36:53.503 -5.96913000E-04  1.89841110E-02  1.06224900E-03
2002-01-02T10:36:54.507 -9.71940000E-04  1.86228830E-02  2.79376000E-04
2002-01-02T10:36:55.507 -7.61590000E-04  1.86355020E-02  1.07535000E-03
2002-01-02T10:36:56.518 -3.60164000E-04  1.94490590E-02  8.85210000E-04
2002-01-02T10:36:57.503  5.27660000E-05  1.93513520E-02  3.83600000E-05
2002-01-02T10:36:58.511 -3.61504000E-04  1.84680730E-02  8.20460000E-05
2002-01-02T10:36:59.503 -2.11417400E-03  1.74888430E-02  3.44799000E-04
2002-01-02T10:37:00.507  3.26220000E-05  1.87725520E-02  1.12510700E-03
2002-01-02T10:37:01.511  4.53550000E-05  1.89590230E-02  2.90400000E-05
2002-01-02T10:37:02.514 -1.16703800E-03  1.80411770E-02  1.71998000E-04
2002-01-02T10:37:03.503 -5.81138000E-04  1.81663090E-02 -1.08536000E-04
2002-01-02T10:37:04.507  4.94035000E-04  1.84664300E-02  8.51562000E-04
2002-01-02T10:37:05.507  1.09139000E-04  1.89449970E-02 -3.91353000E-04
2002-01-02T10:37:06.514 -1.30998800E-03  1.79035440E-02  1.06353400E-03
2002-01-02T10:37:07.507  4.28806000E-04  1.84762630E-02  2.73577000E-04
2002-01-02T10:37:08.511  5.92634000E-04  1.76463070E-02  8.94502000E-04
2002-01-02T10:37:09.503 -3.12100000E-04  1.78954250E-02 -2.18942000E-04
2002-01-02T10:37:10.507  6.36853000E-04  1.81560870E-02  4.43279000E-04
2002-01-02T10:37:11.511 -1.02728300E-03  1.75801370E-02  1.12093700E-03
2002-01-02T10:37:12.511  7.27784000E-04  1.80954650E-02 -4.31346000E-04
2002-01-02T10:37:13.503 -9.60426000E-04  1.69745980E-02  1.24566200E-03
2002-01-02T10:37:14.511 -1.66776000E-04  1.83715690E-02 -7.13972000E-04
2002-01-02T10:37:15.507 -1.06305900E-03  1.73060500E-02  1.42427700E-03
2002-01-02T10:37:16.514  7.82393000E-04  1.80250310E-02  7.47959000E-04
2002-01-02T10:37:17.503 -2.42829200E-03  1.63573060E-02 -7.63380000E-05
2002-01-02T10:37:18.514  4.83937000E-04  1.81259810E-02  7.13376000E-04
2002-01-02T10:37:19.503 -6.17193000E-04  1.70729270E-02 -5.52860000E-05
2002-01-02T10:37:20.507 -1.55062000E-04  1.83775870E-02  7.37266000E-04
2002-01-02T10:37:21.511 -8.84742000E-04  1.61141120E-02 -1.08833100E-03
2002-01-02T10:37:22.507  6.41246000E-04  1.76292790E-02  1.70600000E-04
2002-01-02T10:37:23.507 -1.35463700E-03  1.64157770E-02  5.09960000E-04
2002-01-02T10:37:24.511  4.13341000E-04  1.74037870E-02  3.43115000E-04
2002-01-02T10:37:25.507 -5.73130000E-05  1.68171130E-02  5.41173000E-04
2002-01-02T10:37:26.514 -1.72972300E-03  1.54421050E-02 -3.15129000E-04
2002-01-02T10:37:27.503  8.22531000E-04  1.75653210E-02  6.80588000E-04
2002-01-02T10:37:28.510  2.72700000E-05  1.66942030E-02  5.55016000E-04
2002-01-02T10:37:29.503 -9.56036000E-04  1.59379370E-02  3.30529000E-04
2002-01-02T10:37:30.510 -8.17016000E-04  1.54714770E-02  7.04881000E-04
2002-01-02T10:37:31.510  6.47380000E-05  1.63817700E-02 -1.27677100E-03
2002-01-02T10:37:32.507  7.69805000E-04  1.70952830E-02  1.09496200E-03
2002-01-02T10:37:33.503  4.09000000E-07  1.62157190E-02  7.93190000E-05
2002-01-02T10:37:34.514 -5.49616000E-04  1.57346780E-02 -1.05470000E-04
2002-01-02T10:37:35.507 -6.12444000E-04  1.48046270E-02  1.19587000E-03
2002-01-02T10:37:36.518 -1.10523400E-03  1.46113220E-02  6.88931000E-04
2002-01-02T10:37:37.503 -4.94143000E-04  1.48670400E-02  3.21013000E-04
2002-01-02T10:37:38.510  4.51262000E-04  1.51081720E-02  6.96272000E-04
2002-01-02T10:37:39.503  5.84138000E-04  1.49598690E-02  1.95001000E-04
2002-01-02T10:37:40.510 -1.11379000E-03  1.28512040E-02  1.10076000E-04
2002-01-02T10:37:41.510  6.98957000E-04  1.44277830E-02  9.21930000E-05
2002-01-02T10:37:42.507 -5.16377000E-04  1.21106340E-02 -6.09586000E-04
2002-01-02T10:37:43.503 -1.67517700E-03  1.04683980E-02  1.18884500E-03
2002-01-02T10:37:44.510 -1.70189800E-03  1.00877820E-02  4.14006000E-04
2002-01-02T10:37:45.507 -1.86177400E-03  1.04217390E-02 -3.88297000E-04
2002-01-02T10:37:46.518 -8.14590000E-04  9.51607100E-03 -1.63080000E-05
2002-01-02T10:37:47.507 -1.15578000E-04  1.00780880E-02  5.02953000E-04
2002-01-02T10:37:48.510  4.30978000E-04  1.03221600E-02  2.61204000E-04
2002-01-02T10:37:49.503 -1.01912200E-03  8.10641800E-03  1.47044000E-04
2002-01-02T10:37:50.514 -4.02125000E-04  8.53435500E-03  3.10329000E-04
2002-01-02T10:37:51.507  9.80517000E-04  7.69241900E-03 -1.70022000E-04
2002-01-02T10:37:52.507  1.01915800E-03  7.02119800E-03  7.31104000E-04
2002-01-02T10:37:53.503 -9.38690000E-05  4.44663100E-03 -4.02466000E-04
2002-01-02T10:37:54.507 -5.74575000E-04  4.92812000E-03  7.40052000E-04
2002-01-02T10:37:55.503  9.33385000E-04  5.22790400E-03  1.05555500E-03
2002-01-02T10:37:56.514 -9.52048000E-04  4.73854500E-03 -1.03012900E-03
2002-01-02T10:37:57.503  1.01662000E-04  4.14401900E-03  7.27519000E-04
2002-01-02T10:37:58.510  1.35398000E-04  4.19335800E-03  4.64499000E-04
2002-01-02T10:37:59.503 -1.38027100E-03  2.61395900E-03  8.48668000E-04
2002-01-02T10:38:00.510  8.13229000E-04  4.55728500E-03 -9.41849000E-04
2002-01-02T10:38:01.507 -1.52406600E-03  3.01259800E-03 -3.56174000E-04
2002-01-02T10:38:02.510  1.03445600E-03  4.52844000E-03  3.72173000E-04
2002-01-02T10:38:03.503 -4.53526000E-04  2.76778300E-03 -8.70140000E-05
2002-01-02T10:38:04.507  4.87787000E-04  4.50789500E-03  1.10360700E-03
2002-01-02T10:38:05.507 -6.81877000E-04  4.19106500E-03 -1.33879700E-03
2002-01-02T10:38:06.522 -8.14753000E-04  2.63795900E-03  5.37281000E-04
2002-01-02T10:38:07.503  8.94748000E-04  4.15553300E-03 -5.43978000E-04
2002-01-02T10:38:08.510 -1.09447000E-04  2.50945500E-03 -3.19109000E-04
2002-01-02T10:38:09.503  1.10419300E-03  4.94560900E-03  4.56461000E-04
2002-01-02T10:38:10.507  3.39827000E-04  3.29972600E-03  2.00930000E-05
2002-01-02T10:38:11.510 -6.28103000E-04  2.63693800E-03  1.32355000E-04
2002-01-02T10:38:12.510  8.55852000E-04  3.10961700E-03 -4.88949000E-04
2002-01-02T10:38:13.503  1.01848700E-03  3.93498700E-03  6.24816000E-04
2002-01-02T10:38:14.507 -6.89582000E-04  3.38361900E-03 -9.40455000E-04
2002-01-02T10:38:15.507 -7.58667000E-04  3.36990600E-03 -8.52010000E-04
2002-01-02T10:38:16.514  1.05798600E-03  3.49069100E-03  2.95580000E-05
2002-01-02T10:38:17.503  6.62294000E-04  4.27601400E-03  3.98719000E-04
2002-01-02T10:38:18.510  1.68821000E-04  3.32667200E-03  1.13329300E-03
2002-01-02T10:38:19.503 -5.42611000E-04  2.15974700E-03  1.92331000E-04
2002-01-02T10:38:20.507  1.44548900E-03  4.52726900E-03  1.63084000E-04
2002-01-02T10:38:21.510 -9.88530000E-05  4.22278300E-03  3.36514000E-04
2002-01-02T10:38:22.514 -8.29084000E-04  2.80848900E-03 -2.05558000E-04
2002-01-02T10:38:23.503  4.06323000E-04  3.57099200E-03  6.51078000E-04
2002-01-02T10:38:24.507  7.11298000E-04  3.80511500E-03 -9.91053000E-04
2002-01-02T10:38:25.507 -1.17273500E-03  3.23030200E-03  8.01419000E-04
2002-01-02T10:38:26.514  9.45594000E-04  5.26135600E-03 -4.96285000E-04
2002-01-02T10:38:27.507 -9.51930000E-05  4.19619000E-03  8.78391000E-04
2002-01-02T10:38:28.510 -5.07960000E-05  2.63453800E-03 -4.30178000E-04
2002-01-02T10:38:29.503  1.11333500E-03  4.37341500E-03 -5.42210000E-05
2002-01-02T10:38:30.507 -1.13890000E-05  3.96945700E-03  1.33984000E-04
2002-01-02T10:38:31.510 -1.31293600E-03  3.26935900E-03  1.84689000E-04
2002-01-02T10:38:32.510  4.53329000E-04  4.22695500E-03 -3.14201000E-04
2002-01-02T10:38:33.503  1.86808000E-04  4.12949900E-03 -4.24245000E-04
2002-01-02T10:38:34.510 -1.15266700E-03  2.33730300E-03 -1.20858000E-04
2002-01-02T10:38:35.506  9.84709000E-04  4.38873500E-03 -4.11821000E-04
2002-01-02T10:38:36.518 -2.68141000E-04  3.88914100E-03 -7.20670000E-05
2002-01-02T10:38:37.503 -1.17204000E-03  3.53066100E-03  9.85769000E-04
2002-01-02T10:38:38.514  1.51761000E-04  5.03794300E-03  1.29300000E-06
2002-01-02T10:38:39.503 -1.21543900E-03  3.14359900E-03  3.89139000E-04
2002-01-02T10:38:40.506  7.87008000E-04  5.48409400E-03 -5.52752000E-04
2002-01-02T10:38:41.510 -5.58944000E-04  3.25316900E-03  2.69383000E-04
2002-01-02T10:38:42.510 -7.10270000E-04  2.88314900E-03 -1.11310000E-05
2002-01-02T10:38:43.503  4.90931000E-04  4.15876200E-03 -4.10530000E-04
2002-01-02T10:38:44.510 -4.49890000E-05  4.18585200E-03  8.16463000E-04
2002-01-02T10:38:45.503 -1.61808000E-04  2.14092900E-03 -1.77016000E-04
2002-01-02T10:38:46.514 -1.12067500E-03  2.61761500E-03  2.99414000E-04
2002-01-02T10:38:47.503 -9.46509000E-04  1.37329200E-03 -1.65962000E-04
2002-01-02T10:38:48.510 -1.71989700E-03  2.49859100E-03  9.58344000E-04
2002-01-02T10:38:49.503 -6.52084000E-04  1.25878400E-03  2.40012000E-04
2002-01-02T10:38:50.510 -1.05017200E-03  2.01017300E-03 -3.34317000E-04
2002-01-02T10:38:51.510 -8.77326000E-04  9.78462000E-04  8.72911000E-04
2002-01-02T10:38:52.506 -1.95438000E-03  2.31832400E-03  1.27331000E-03
2002-01-02T10:38:53.503  4.70250000E-05  1.22804400E-03  3.13534000E-04
2002-01-02T10:38:54.514  3.60470000E-05  2.96801700E-03  4.10111000E-04
2002-01-02T10:38:55.506  3.94839000E-04  2.13221900E-03 -3.00622000E-04
2002-01-02T10:38:56.514  1.88514000E-04  3.43972100E-03  6.16334000E-04
2002-01-02T10:38:57.503  1.12547400E-03  2.27710900E-03 -6.58831000E-04
2002-01-02T10:38:58.510 -1.84135000E-04  3.81735400E-03  9.66515000E-04
2002-01-02T10:38:59.503  1.50364900E-03  2.91386500E-03 -4.04872000E-04
2002-01-02T10:39:00.510  1.38278000E-04  3.87322900E-03 -7.69119000E-04
2002-01-02T10:39:01.510  7.50715000E-04  2.93881800E-03  9.45000000E-04
2002-01-02T10:39:02.506 -1.82091000E-04  3.42985800E-03 -3.25515000E-04
2002-01-02T10:39:03.503  3.70062000E-04  2.76439200E-03 -1.75644000E-04
2002-01-02T10:39:04.510  2.23283000E-04  3.06228000E-03 -4.26866000E-04
2002-01-02T10:39:05.503 -6.69310000E-05  2.47891900E-03  3.70347000E-04
2002-01-02T10:39:06.518 -1.22411000E-04  1.96806900E-03  9.99145000E-04
2002-01-02T10:39:07.503 -5.76603000E-04  2.13316000E-03 -4.54822000E-04
2002-01-02T10:39:08.510 -4.39321000E-04  1.61796400E-03  5.45159000E-04
2002-01-02T10:39:09.503 -1.31799600E-03  1.78240200E-03  2.96323000E-04
2002-01-02T10:39:10.514 -6.64078000E-04  2.33041200E-03  2.66000000E-07
2002-01-02T10:39:11.506 -8.05324000E-04  2.34616200E-03  1.05527300E-03
2002-01-02T10:39:12.506 -3.56264000E-04  1.92370800E-03 -6.05143000E-04
2002-01-02T10:39:13.503  9.29060000E-05  2.59884100E-03  1.52542900E-03
2002-01-02T10:39:14.506  1.48858000E-04  4.03833100E-03 -2.59509000E-04
2002-01-02T10:39:15.506  1.29680500E-03  2.80658700E-03  3.77374000E-04
2002-01-02T10:39:16.514  4.73790000E-05  3.48167000E-03  1.03571800E-03
2002-01-02T10:39:17.503 -1.24634000E-04  2.14527700E-03 -2.58176000E-04
2002-01-02T10:39:18.506 -1.03802100E-03  2.59555600E-03  6.16318000E-04
2002-01-02T10:39:19.503 -8.69028000E-04  1.44867500E-03  6.18300000E-04
2002-01-02T10:39:20.510 -1.58341600E-03  1.93566400E-03 -2.29560000E-05
2002-01-02T10:39:21.506 -8.94737000E-04  2.78524500E-03  8.77899000E-04
2002-01-02T10:39:22.510  2.30655000E-04  2.99946800E-03 -1.08463000E-03
2002-01-02T10:39:23.503  1.09144000E-03  3.59140200E-03  1.17680000E-05
2002-01-02T10:39:24.506  5.59448000E-04  3.66145900E-03 -1.92244000E-04
2002-01-02T10:39:25.503  7.16669000E-04  3.61695300E-03  1.05507800E-03
2002-01-02T10:39:26.526  9.47074000E-04  3.78599800E-03  1.97927000E-04
2002-01-02T10:39:27.503  1.26628000E-04  1.58593300E-03 -2.22890000E-05
2002-01-02T10:39:28.510  1.02121400E-03  1.42294800E-03 -5.91523000E-04
2002-01-02T10:39:29.503 -1.38372200E-03  2.07343900E-03 -4.43261000E-04
2002-01-02T10:39:30.506 -1.14821700E-03  8.99218000E-04  1.04578300E-03
2002-01-02T10:39:31.510 -3.03911000E-04  3.03912000E-04 -1.01175900E-03
2002-01-02T10:39:32.510 -3.53021000E-04  1.39764400E-03  5.64062000E-04
2002-01-02T10:39:33.503  1.94910000E-05  2.40891500E-03 -5.22056000E-04
2002-01-02T10:39:34.506  6.03385000E-04  2.46567800E-03  5.36553000E-04
2002-01-02T10:39:35.503  1.29856600E-03  2.51377800E-03  8.24927000E-04
2002-01-02T10:39:36.514  2.58942000E-04  1.48995000E-04 -1.20185000E-04
2002-01-02T10:39:37.503 -3.73500000E-04  5.61055000E-04  5.32814000E-04
2002-01-02T10:39:38.510 -1.04321900E-03  1.13725200E-03 -3.89404000E-04
2002-01-02T10:39:39.503 -2.30353000E-04  2.21749400E-03  1.62192000E-04
2002-01-02T10:39:40.506  9.99143000E-04  2.13837300E-03  3.50541000E-04
2002-01-02T10:39:41.510 -3.33541000E-04  5.29602000E-04 -1.03999400E-03
2002-01-02T10:39:42.514 -5.27762000E-04 -9.68560000E-05  8.87871000E-04
2002-01-02T10:39:43.502  4.49845000E-04  8.15879000E-04 -9.17261000E-04
2002-01-02T10:39:44.506  1.34802000E-03  1.81854600E-03  8.54671000E-04
2002-01-02T10:39:45.502  3.73080000E-05  9.41358000E-04  7.94518000E-04
2002-01-02T10:39:46.514 -9.71880000E-04  4.22983000E-04 -2.83467000E-04
2002-01-02T10:39:47.506  2.29430000E-04  1.38147800E-03  6.05666000E-04
2002-01-02T10:39:48.510 -3.76890000E-05  2.39842900E-03 -6.50713000E-04
2002-01-02T10:39:49.502 -1.09799500E-03  1.09473900E-03  2.74107000E-04
2002-01-02T10:39:50.506 -8.74119000E-04  8.26444000E-04 -3.59172000E-04
2002-01-02T10:39:51.510  4.02890000E-04  1.83757400E-03  2.44689000E-04
2002-01-02T10:39:52.510 -5.88860000E-05  1.11048000E-03  2.63192000E-04
2002-01-02T10:39:53.502 -7.92964000E-04 -2.62316000E-04  4.56080000E-05
2002-01-02T10:39:54.510  3.38360000E-04  4.67820000E-04  2.20854000E-04
2002-01-02T10:39:55.502  1.56007200E-03  1.27231100E-03 -5.55686000E-04
2002-01-02T10:39:56.514 -8.30047000E-04 -3.27031000E-04  2.40848000E-04
2002-01-02T10:39:57.502  5.32215000E-04 -8.21490000E-05  4.39311000E-04
2002-01-02T10:39:58.514  1.35259100E-03  1.08103900E-03  8.78280000E-04
2002-01-02T10:39:59.502  2.96884000E-04  1.54413000E-04  5.50747000E-04
2002-01-02T10:40:00.506 -3.02014000E-04 -1.93500000E-06 -1.83536000E-04
2002-01-02T10:40:01.510  1.11810700E-03  1.18455200E-03 -2.10787000E-04
2002-01-02T10:40:02.506 -6.66643000E-04 -4.09558000E-04 -1.07004000E-03
2002-01-02T10:40:03.502  2.43417000E-04 -2.88898000E-04  3.97877000E-04
2002-01-02T10:40:04.506  1.11737200E-03  1.11219700E-03 -4.48778000E-04
2002-01-02T10:40:05.502 -9.51310000E-05  8.26054000E-04  2.89695000E-04
2002-01-02T10:40:06.514 -3.26339000E-04 -6.09600000E-05 -1.60130000E-05
2002-01-02T10:40:07.502  2.00780000E-04  1.07534200E-03 -4.69846000E-04
2002-01-02T10:40:08.510  1.35303000E-04  2.96551000E-04  4.62923000E-04
2002-01-02T10:40:09.502 -1.43095000E-04 -4.03729000E-04  1.26728000E-04
2002-01-02T10:40:10.510  8.05044000E-04  1.22416600E-03  7.17368000E-04
2002-01-02T10:40:11.510  2.57055000E-04  3.62283000E-04  4.20770000E-04
2002-01-02T10:40:12.506 -8.49047000E-04 -2.15533000E-04  8.39028000E-04
2002-01-02T10:40:13.502  6.73078000E-04  7.55492000E-04  6.34600000E-06
2002-01-02T10:40:14.514 -2.38540000E-05  1.19402200E-03 -6.99524000E-04
2002-01-02T10:40:15.502 -6.47575000E-04  1.01967000E-04  1.07868600E-03
2002-01-02T10:40:16.518  1.31359700E-03  6.05556000E-04 -9.24293000E-04
2002-01-02T10:40:17.502 -1.60828000E-04  6.68000000E-07  6.48840000E-04
2002-01-02T10:40:18.510 -3.44360000E-05 -7.98740000E-05  4.69871000E-04
2002-01-02T10:40:19.506  1.13378500E-03  1.18955000E-03 -1.22263300E-03
2002-01-02T10:40:20.506 -3.87792000E-04 -2.84747000E-04  7.86228000E-04
2002-01-02T10:40:21.510  1.15340000E-05  2.16210000E-04 -4.88845000E-04
2002-01-02T10:40:22.506  1.98691500E-03  6.63542000E-04  7.32456000E-04
2002-01-02T10:40:23.502 -7.72925000E-04 -9.69898000E-04 -2.35015000E-04
2002-01-02T10:40:24.506  9.77971000E-04  7.10307000E-04 -3.44990000E-05
2002-01-02T10:40:25.502  8.71953000E-04  1.66547000E-04  2.89767000E-04
2002-01-02T10:40:26.514 -5.24332000E-04  4.07883000E-04 -6.07904000E-04
2002-01-02T10:40:27.502  3.85083000E-04  8.97673000E-04  4.53978000E-04
2002-01-02T10:40:28.506 -6.47430000E-04 -1.94213000E-04 -6.97958000E-04
2002-01-02T10:40:29.502  1.80548000E-04  8.93500000E-04 -3.65033000E-04
2002-01-02T10:40:30.514  5.58710000E-05  7.52590000E-04 -8.38966000E-04
2002-01-02T10:40:31.506 -8.15593000E-04  4.87713000E-04 -2.48197000E-04
2002-01-02T10:40:32.506  6.49412000E-04  1.48243000E-03  5.89327000E-04
2002-01-02T10:40:33.502 -8.46887000E-04  5.12210000E-05  5.63370000E-05
2002-01-02T10:40:34.506  3.18395000E-04  1.41974000E-03  5.05538000E-04
2002-01-02T10:40:35.502 -1.51095000E-04  4.61593000E-04 -3.45126000E-04
2002-01-02T10:40:36.514  5.41700000E-05 -2.82772000E-04 -2.24786000E-04
2002-01-02T10:40:37.502  6.21214000E-04 -3.11126000E-04  4.12057000E-04
2002-01-02T10:40:38.506 -3.95212000E-04 -6.27105000E-04 -9.54642000E-04
2002-01-02T10:40:39.502  8.26410000E-04  6.92408000E-04  1.19450000E-04
2002-01-02T10:40:40.506 -6.03641000E-04  1.56631000E-04 -5.06777000E-04
2002-01-02T10:40:41.506 -1.91400000E-04  3.87427000E-04 -1.42534700E-03
2002-01-02T10:40:42.510 -1.92720000E-05  1.13897900E-03  6.01910000E-05
2002-01-02T10:40:43.502 -7.59510000E-04  2.65100000E-04  1.55790000E-05
2002-01-02T10:40:44.506  6.63685000E-04  1.42985900E-03  9.88670000E-04
2002-01-02T10:40:45.502 -9.29232000E-04  3.13691000E-04 -4.27670000E-05
2002-01-02T10:40:46.522  1.92322000E-04  1.10020500E-03 -3.59626000E-04
2002-01-02T10:40:47.502 -4.97200000E-05 -2.26250000E-05  5.32659000E-04
2002-01-02T10:40:48.506  2.95440000E-05 -3.63082000E-04  6.97995000E-04
2002-01-02T10:40:49.502  9.82693000E-04  2.39640000E-04  2.66381000E-04
2002-01-02T10:40:50.506 -9.31474000E-04 -6.80562000E-04 -1.71436000E-04
2002-01-02T10:40:51.510  1.06686300E-03  1.13155700E-03 -1.43996000E-04
2002-01-02T10:40:52.510 -8.12764000E-04  1.38515000E-04 -6.11610000E-05
2002-01-02T10:40:53.502  5.50440000E-05  9.94254000E-04  6.92127000E-04
2002-01-02T10:40:54.506 -9.08104000E-04  6.34792000E-04 -1.34981000E-04
2002-01-02T10:40:55.502 -5.21393000E-04  8.47972000E-04 -4.60074000E-04
2002-01-02T10:40:56.514  4.58611000E-04  5.55938000E-04  8.85138000E-04
2002-01-02T10:40:57.502 -1.67050000E-05 -4.87953000E-04 -2.66803000E-04
2002-01-02T10:40:58.510  4.00362000E-04  2.83569000E-04  1.95670000E-04
2002-01-02T10:40:59.502 -4.66347000E-04 -2.08947000E-04  2.63626000E-04
2002-01-02T10:41:00.506 -2.25061000E-04  1.55283500E-03  4.42156000E-04
2002-01-02T10:41:01.510 -1.11130400E-03  3.50768000E-04  1.04845400E-03
2002-01-02T10:41:02.514  4.50709000E-04  9.12436000E-04 -2.92757000E-04
2002-01-02T10:41:03.502 -8.21262000E-04 -8.43190000E-04  3.06580000E-04
2002-01-02T10:41:04.506  1.44720000E-03  6.86975000E-04 -6.69802000E-04
2002-01-02T10:41:05.502 -3.26917000E-04 -5.33540000E-04  2.47109000E-04
2002-01-02T10:41:06.518  5.62189000E-04  8.76034000E-04  5.10827000E-04
2002-01-02T10:41:07.506 -1.36747400E-03 -2.59671000E-04  2.04473000E-04
2002-01-02T10:41:08.510 -2.05453000E-04  1.52267400E-03  6.54724000E-04
2002-01-02T10:41:09.502 -1.77044200E-03 -4.69777000E-04 -2.65151000E-04
2002-01-02T10:41:10.506  2.16561000E-04  3.67968000E-04  1.21872400E-03
2002-01-02T10:41:11.510 -2.11765000E-04 -7.22516000E-04  8.46506000E-04
2002-01-02T10:41:12.506 -9.05850000E-05 -1.90603000E-04 -4.71351000E-04
2002-01-02T10:41:13.502  7.66670000E-05  4.19565000E-04  1.39644000E-03
2002-01-02T10:41:14.510 -8.53573000E-04  5.71210000E-05  4.55795000E-04
2002-01-02T10:41:15.502  3.32030000E-05  8.21825000E-04 -5.57052000E-04
2002-01-02T10:41:16.514 -9.82620000E-04 -8.94820000E-05 -4.14440000E-04
2002-01-02T10:41:17.502  5.80055000E-04  1.03229400E-03 -3.16744000E-04
2002-01-02T10:41:18.514 -2.62250000E-04 -1.48440200E-03  1.71170000E-05
2002-01-02T10:41:19.502  1.12258400E-03  2.66510000E-04  9.99009000E-04
2002-01-02T10:41:20.506 -1.46754900E-03 -9.15029000E-04 -6.45044000E-04
2002-01-02T10:41:21.510  5.01394000E-04  1.49268200E-03 -5.50356000E-04
2002-01-02T10:41:22.506 -5.39045000E-04  6.77324000E-04 -1.26311000E-04
2002-01-02T10:41:23.506  2.57260000E-04  8.21115000E-04 -4.70046000E-04
2002-01-02T10:41:24.506 -1.75639000E-04 -7.12760000E-04 -5.20789000E-04
2002-01-02T10:41:25.502  6.27703000E-04 -1.27396000E-04  5.47599000E-04
2002-01-02T10:41:26.514 -1.06469000E-04 -4.59558000E-04 -6.28818000E-04
2002-01-02T10:41:27.502  2.59041000E-04  2.94159000E-04  1.06014500E-03
2002-01-02T10:41:28.510 -7.88298000E-04  6.31869000E-04 -6.72403000E-04
2002-01-02T10:41:29.502 -3.05612000E-04  5.55600000E-04  6.92118000E-04
2002-01-02T10:41:30.510  2.87693000E-04 -4.07200000E-05 -2.04976000E-04
2002-01-02T10:41:31.510  4.32701000E-04 -2.25840000E-04 -3.52294000E-04
2002-01-02T10:41:32.506  2.06126000E-04 -1.12340000E-04  8.43448000E-04
2002-01-02T10:41:33.502  4.05450000E-05  4.06120000E-05 -7.69760000E-05
2002-01-02T10:41:34.514 -8.12795000E-04  8.34365000E-04  8.14530000E-05
2002-01-02T10:41:35.502 -6.31036000E-04  4.21758000E-04  6.73210000E-04
2002-01-02T10:41:36.514  1.57763000E-04  1.36969000E-04  1.93186000E-04
2002-01-02T10:41:37.502 -2.27115000E-04 -2.90028000E-04  9.16109000E-04
2002-01-02T10:41:38.510  1.33211100E-03  4.45327000E-04 -6.10573000E-04
2002-01-02T10:41:39.502 -5.18212000E-04 -5.58388000E-04  3.03626000E-04
2002-01-02T10:41:40.506  6.19500000E-05  5.55072000E-04 -1.78121000E-04
2002-01-02T10:41:41.506 -1.10167300E-03  6.23550000E-05  6.00614000E-04
2002-01-02T10:41:42.506  1.07263300E-03  1.53786100E-03  8.98787000E-04
2002-01-02T10:41:43.502 -3.22898000E-04 -1.28151000E-03 -2.62936000E-04
2002-01-02T10:41:44.506  1.36827700E-03  7.51822000E-04  3.58062000E-04
2002-01-02T10:41:45.502 -3.60722000E-04 -7.87989000E-04  5.31350000E-04
2002-01-02T10:41:46.514  4.70335000E-04  8.30423000E-04  2.65200000E-04
2002-01-02T10:41:47.502 -1.48784300E-03 -2.69693000E-04 -8.11468000E-04
2002-01-02T10:41:48.506  4.64475000E-04  1.38624800E-03 -3.18809000E-04
2002-01-02T10:41:49.502 -6.83668000E-04 -1.31077100E-03  4.10328000E-04
2002-01-02T10:41:50.514  1.08612200E-03  2.28476000E-04 -6.30270000E-04
2002-01-02T10:41:51.506 -5.14539000E-04 -1.01582400E-03  5.69867000E-04
2002-01-02T10:41:52.506  6.34197000E-04  5.63589000E-04 -8.99262000E-04
2002-01-02T10:41:53.502 -1.48468600E-03 -8.49500000E-06 -1.01489000E-04
2002-01-02T10:41:54.506  5.54274000E-04  1.43369800E-03  4.53456000E-04
2002-01-02T10:41:55.502 -4.74566000E-04 -1.02885500E-03 -7.73344000E-04
2002-01-02T10:41:56.518  1.01087600E-03  9.98670000E-05  5.54091000E-04
2002-01-02T10:41:57.502 -8.27356000E-04 -2.33846000E-04  3.94475000E-04
2002-01-02T10:41:58.506  3.81249000E-04  6.70911000E-04  5.71855000E-04
2002-01-02T10:41:59.502 -1.60204000E-03  4.14562000E-04  4.45422000E-04
2002-01-02T10:42:00.506  4.61478000E-04  1.01488200E-03 -6.51780000E-05
2002-01-02T10:42:01.506 -9.18433000E-04 -5.95348000E-04 -1.48844000E-04
2002-01-02T10:42:02.510  1.31400800E-03  2.89849000E-04 -4.84366000E-04
2002-01-02T10:42:03.502 -8.67830000E-05 -8.61696000E-04 -8.40339000E-04
2002-01-02T10:42:04.506  9.08210000E-05  1.35072800E-03  1.34329000E-04
2002-01-02T10:42:05.502 -1.54014300E-03 -3.72071000E-04  3.24076000E-04
2002-01-02T10:42:06.522  3.23084000E-04  8.72025000E-04  3.35137000E-04
2002-01-02T10:42:07.502 -5.29675000E-04 -7.56367000E-04 -1.05660000E-03
2002-01-02T10:42:08.510  1.20303600E-03  1.13099000E-04  5.44030000E-04
2002-01-02T10:42:09.502 -1.00287300E-03 -9.52241000E-04 -4.25820000E-04
2002-01-02T10:42:10.506  8.35297000E-04  9.33963000E-04  8.86589000E-04
2002-01-02T10:42:11.510 -6.74644000E-04 -2.46038000E-04 -4.00555000E-04
2002-01-02T10:42:12.506  7.17981000E-04  4.16726000E-04  7.58970000E-04
2002-01-02T10:42:13.502 -8.58258000E-04 -8.57113000E-04 -1.23310000E-04
2002-01-02T10:42:14.506  9.95652000E-04  4.47761000E-04 -3.21795000E-04
2002-01-02T10:42:15.502 -4.22578000E-04 -7.95878000E-04  1.11015400E-03
2002-01-02T10:42:16.514  6.43911000E-04  1.51297200E-03 -2.10373000E-04
2002-01-02T10:42:17.502 -1.43798300E-03  2.56943000E-04  7.61470000E-05
2002-01-02T10:42:18.510  7.11994000E-04  6.30606000E-04 -7.96910000E-05
2002-01-02T10:42:19.502 -9.18330000E-05 -2.94434000E-04 -5.70393000E-04
2002-01-02T10:42:20.506  1.45172600E-03 -3.62315000E-04  5.94436000E-04
2002-01-02T10:42:21.510 -1.07904000E-03 -8.44351000E-04  9.47280000E-05
2002-01-02T10:42:22.514  2.94319000E-04  1.24198500E-03 -2.04676000E-04
2002-01-02T10:42:23.502 -8.26393000E-04 -3.50727000E-04 -5.53309000E-04
2002-01-02T10:42:24.506  7.29640000E-04  9.26068000E-04  3.89609000E-04
2002-01-02T10:42:25.502 -8.66353000E-04 -7.63978000E-04 -8.31734000E-04
2002-01-02T10:42:26.514  1.03458900E-03  4.39940000E-04  6.72163000E-04
2002-01-02T10:42:27.502 -3.01423000E-04 -6.12259000E-04  9.98505000E-04
2002-01-02T10:42:28.510  1.66421000E-04  6.64170000E-04 -4.62867000E-04
2002-01-02T10:42:29.502 -1.61488500E-03 -3.17595000E-04  1.42699000E-04
2002-01-02T10:42:30.506  7.68891000E-04  6.98615000E-04  2.41197000E-04
2002-01-02T10:42:31.510  2.40611000E-04 -1.56237000E-04 -4.98275000E-04
2002-01-02T10:42:32.506  1.04389400E-03  3.27116000E-04  1.25024800E-03
2002-01-02T10:42:33.502 -1.08746800E-03 -1.07045900E-03 -7.18819000E-04
2002-01-02T10:42:34.510  5.49565000E-04  8.66757000E-04  8.05143000E-04
2002-01-02T10:42:35.502 -1.15773700E-03 -8.90570000E-05 -7.04539000E-04
2002-01-02T10:42:36.514  1.08329200E-03  4.43889000E-04  4.83491000E-04
2002-01-02T10:42:37.502 -3.75033000E-04 -1.10471900E-03  1.31855000E-04
2002-01-02T10:42:38.514  9.97191000E-04  2.42833000E-04 -1.13108000E-04
2002-01-02T10:42:39.502 -1.45678800E-03 -6.30534000E-04  5.04414000E-04
2002-01-02T10:42:40.506  3.14454000E-04  1.48839200E-03 -1.27039500E-03
2002-01-02T10:42:41.510 -1.53561300E-03 -1.50255000E-04  1.22471000E-03
2002-01-02T10:42:42.506  1.30812500E-03  2.77960000E-04  7.38888000E-04
2002-01-02T10:42:43.502 -5.59332000E-04 -1.49756200E-03 -1.51580000E-04
2002-01-02T10:42:44.506  6.54203000E-04  2.79461000E-04  3.36835000E-04
2002-01-02T10:42:45.502 -1.09811800E-03 -4.45915000E-04 -3.94840000E-05
2002-01-02T10:42:46.514  5.01748000E-04  1.21430200E-03  4.67480000E-05
2002-01-02T10:42:47.502 -1.47415900E-03 -7.48839000E-04  9.71780000E-05
2002-01-02T10:42:48.510  9.17658000E-04  5.13934000E-04  1.19206000E-04
2002-01-02T10:42:49.502 -1.11999000E-04 -9.81229000E-04 -1.03095000E-04
2002-01-02T10:42:50.506  6.62502000E-04  8.93749000E-04 -3.11445000E-04
2002-01-02T10:42:51.510 -1.45673300E-03 -5.20773000E-04 -4.53535000E-04
2002-01-02T10:42:52.506  3.60877000E-04  1.43701500E-03 -9.17330000E-05
2002-01-02T10:42:53.502 -9.49568000E-04 -1.03256600E-03  6.61773000E-04
2002-01-02T10:42:54.514  1.40713800E-03  8.18370000E-05 -6.55890000E-04
2002-01-02T10:42:55.502 -4.96255000E-04 -6.64892000E-04  3.21812000E-04
2002-01-02T10:42:56.514  3.99336000E-04  1.12934400E-03 -1.02952400E-03
2002-01-02T10:42:57.502 -1.02274100E-03  1.54541000E-04  7.14000000E-07
2002-01-02T10:42:58.510  4.85130000E-05  1.09867800E-03  8.22437000E-04
2002-01-02T10:42:59.502  3.00683000E-04 -1.19736000E-03 -5.69614000E-04
2002-01-02T10:43:00.506  1.24868700E-03  3.04320000E-05 -2.14910000E-04
2002-01-02T10:43:01.506 -7.68344000E-04 -3.62857000E-04 -1.19251000E-04
2002-01-02T10:43:02.506  3.09916000E-04  1.23001700E-03 -7.19236000E-04
2002-01-02T10:43:03.502 -1.20234100E-03 -9.53369000E-04  2.69608000E-04
2002-01-02T10:43:04.506  9.30568000E-04  7.42756000E-04 -5.51966000E-04
2002-01-02T10:43:05.502 -4.92188000E-04 -1.27619800E-03  1.51328000E-04
2002-01-02T10:43:06.514  1.15075100E-03  2.67640000E-04  6.21642000E-04
2002-01-02T10:43:07.502 -1.12493100E-03 -3.87915000E-04 -1.43582000E-04
2002-01-02T10:43:08.506  2.12791000E-04  1.33786400E-03 -1.04668900E-03
2002-01-02T10:43:09.502 -1.18141900E-03 -3.30394000E-04 -1.51671000E-04
2002-01-02T10:43:10.514  6.74002000E-04  1.88116000E-04  5.72725000E-04
2002-01-02T10:43:11.506 -6.53332000E-04 -1.19350600E-03 -7.51860000E-04
2002-01-02T10:43:12.506  5.48297000E-04  5.40341000E-04 -8.47980000E-05
2002-01-02T10:43:13.502 -1.50786200E-03 -4.82189000E-04 -4.47908000E-04
2002-01-02T10:43:14.506  4.06110000E-04  1.18317900E-03 -4.32822000E-04
2002-01-02T10:43:15.502 -1.20052300E-03 -1.16415300E-03  1.39031000E-04
2002-01-02T10:43:16.514  7.04440000E-04  5.41191000E-04  3.53996000E-04
2002-01-02T10:43:17.502 -2.91614000E-04 -1.03164200E-03  6.24155000E-04
2002-01-02T10:43:18.506  1.05040500E-03  5.82077000E-04 -8.77310000E-04
2002-01-02T10:43:19.502 -1.11513500E-03  2.44556000E-04 -6.72613000E-04
2002-01-02T10:43:20.506 -1.50561000E-04  1.18753400E-03  1.42271000E-04
2002-01-02T10:43:21.506  2.97489000E-04  2.66280000E-04 -3.98668000E-04
2002-01-02T10:43:22.510  1.24647000E-03 -2.77007000E-04  1.41290000E-05
2002-01-02T10:43:23.502 -1.73909000E-04 -2.72899000E-04 -2.64985000E-04
2002-01-02T10:43:24.506 -2.28990000E-05  9.60761000E-04 -8.95013000E-04
2002-01-02T10:43:25.502 -5.70991000E-04  1.36983000E-04  2.84664000E-04
2002-01-02T10:43:26.522 -8.89900000E-05  8.26297000E-04 -6.76030000E-04
2002-01-02T10:43:27.502 -5.14308000E-04 -7.79135000E-04  1.84239000E-04
2002-01-02T10:43:28.506  7.60771000E-04 -4.20164000E-04  6.94152000E-04
2002-01-02T10:43:29.502  3.05897000E-04  3.99118000E-04  4.08491000E-04
2002-01-02T10:43:30.506 -3.56083000E-04  6.93302000E-04  3.57645000E-04
2002-01-02T10:43:31.510 -1.03388000E-04 -3.96890000E-04 -1.01231500E-03
2002-01-02T10:43:32.506  2.07284000E-04  3.53200000E-04  1.60083000E-04
2002-01-02T10:43:33.502 -8.81676000E-04 -2.90430000E-04 -6.79210000E-04
2002-01-02T10:43:34.506  7.19473000E-04  2.67189000E-04  9.33170000E-04
2002-01-02T10:43:35.502 -8.46057000E-04 -5.50036000E-04  5.53367000E-04
2002-01-02T10:43:36.518 -1.15412000E-04  9.98117000E-04  3.62180000E-05
2002-01-02T10:43:37.502 -8.25197000E-04  7.56070000E-05  1.35671000E-04
2002-01-02T10:43:38.510  7.40575000E-04 -9.56600000E-06 -5.99462000E-04
2002-01-02T10:43:39.506  5.22140000E-04 -2.17179000E-04  5.47765000E-04
2002-01-02T10:43:40.506  1.30763000E-04 -2.44981000E-04  4.07063000E-04
2002-01-02T10:43:41.510  3.38498000E-04  5.10906000E-04 -2.39517000E-04
2002-01-02T10:43:42.514 -4.99064000E-04  6.73221000E-04  1.83173000E-04
2002-01-02T10:43:43.502 -1.86125000E-04  1.62215000E-04 -8.15933000E-04
2002-01-02T10:43:44.506  4.59357000E-04 -5.07399000E-04  5.74078000E-04
2002-01-02T10:43:45.502  4.54716000E-04 -5.34470000E-04 -8.21542000E-04
2002-01-02T10:43:46.514  2.80300000E-06  5.69620000E-05  1.21563000E-04
2002-01-02T10:43:47.502 -7.46087000E-04  2.99301000E-04 -1.82713000E-04
2002-01-02T10:43:48.510 -6.93351000E-04  1.11255900E-03 -2.07113000E-04
2002-01-02T10:43:49.502 -4.42054000E-04 -1.27295000E-04  9.94430000E-04
2002-01-02T10:43:50.506  9.44959000E-04 -6.46068000E-04  4.86719000E-04
2002-01-02T10:43:51.510  1.51251000E-04 -8.18141000E-04  4.36160000E-05
2002-01-02T10:43:52.506  7.33140000E-05  1.63024000E-04  1.30977400E-03
2002-01-02T10:43:53.502 -7.21611000E-04  6.30784000E-04 -3.16863000E-04
2002-01-02T10:43:54.506 -4.12229000E-04  5.64301000E-04  6.23773000E-04
2002-01-02T10:43:55.502  1.12282000E-04  3.25556000E-04 -2.07066000E-04
2002-01-02T10:43:56.514  5.41209000E-04 -5.55082000E-04 -8.38869000E-04
2002-01-02T10:43:57.502  2.17570000E-05 -1.64798000E-04  3.26153000E-04
2002-01-02T10:43:58.514 -1.24339000E-04 -1.20245000E-04 -3.91533000E-04
2002-01-02T10:43:59.502 -2.23601000E-04  1.00215900E-03  1.56300000E-06
2002-01-02T10:44:00.506 -2.93633000E-04  1.35335000E-04 -9.95610000E-05
2002-01-02T10:44:01.510  4.60813000E-04  4.22906000E-04 -3.42272000E-04
2002-01-02T10:44:02.506  2.64030000E-05 -4.53380000E-04  9.27587000E-04
2002-01-02T10:44:03.502  2.87932000E-04 -1.05429000E-04 -9.14394000E-04
2002-01-02T10:44:04.506 -3.43911000E-04  2.88074000E-04  1.26869000E-04
2002-01-02T10:44:05.502 -4.37966000E-04  3.44895000E-04 -1.94099000E-04
2002-01-02T10:44:06.510 -7.75620000E-05  2.99185000E-04 -6.19489000E-04
2002-01-02T10:44:07.502  1.17502900E-03 -3.50654000E-04  1.16758000E-04
2002-01-02T10:44:08.510  4.45563000E-04 -4.99529000E-04 -2.54955000E-04
2002-01-02T10:44:09.502  3.04908000E-04  1.40895000E-04  4.83245000E-04
2002-01-02T10:44:10.506 -4.44748000E-04  4.93032000E-04  2.64009000E-04
2002-01-02T10:44:11.510 -2.48750000E-04  4.29666000E-04  4.10674000E-04
2002-01-02T10:44:12.506  1.48139000E-04  1.01004000E-04  7.33317000E-04
2002-01-02T10:44:13.502 -2.43625000E-04  5.78375000E-04  3.82936000E-04
2002-01-02T10:44:14.514  5.73334000E-04 -2.26046000E-04  2.11960000E-05
2002-01-02T10:44:15.502  5.23800000E-05  1.49005000E-04 -9.41470000E-04
2002-01-02T10:44:16.514 -6.95730000E-05  8.37196000E-04  4.34610000E-05
2002-01-02T10:44:17.502 -6.17597000E-04  6.09942000E-04 -3.41813000E-04
2002-01-02T10:44:18.510  4.95802000E-04  3.72428000E-04 -8.74889000E-04
2002-01-02T10:44:19.502 -2.59675000E-04 -6.26044000E-04  1.74988000E-04
2002-01-02T10:44:20.506  8.30284000E-04  2.63800000E-06 -1.49669000E-04
2002-01-02T10:44:21.506 -1.01250200E-03  4.38120000E-05  4.58651000E-04
2002-01-02T10:44:22.506  1.19868000E-04  1.00663800E-03  1.94432000E-04
2002-01-02T10:44:23.502 -1.38675300E-03  6.38760000E-05 -2.56512000E-04
2002-01-02T10:44:24.506  8.67297000E-04  8.10751000E-04  5.55869000E-04
2002-01-02T10:44:25.502 -5.03424000E-04 -1.34263600E-03 -3.76329000E-04
2002-01-02T10:44:26.518  1.07933700E-03  3.58939000E-04  8.64900000E-05
2002-01-02T10:44:27.502 -7.44430000E-04 -5.31722000E-04 -6.15645000E-04
2002-01-02T10:44:28.506  9.61990000E-05  1.17005300E-03 -8.40887000E-04
2002-01-02T10:44:29.502 -1.31506400E-03 -7.22088000E-04  1.04349100E-03
2002-01-02T10:44:30.514  1.37797100E-03 -6.33890000E-05 -4.40504000E-04
2002-01-02T10:44:31.506 -7.83694000E-04 -1.23453400E-03 -1.06637000E-04
2002-01-02T10:44:32.506  8.18326000E-04  5.19248000E-04  2.63669000E-04
2002-01-02T10:44:33.502 -2.58090000E-04 -5.19030000E-05 -4.50731000E-04
2002-01-02T10:44:34.506  5.74293000E-04  1.66903600E-03  7.81899000E-04
2002-01-02T10:44:35.506 -2.68953000E-04 -4.84111000E-04 -6.42267000E-04
2002-01-02T10:44:36.514  1.50049700E-03 -4.37220000E-05  2.24858000E-04
2002-01-02T10:44:37.502 -7.37460000E-04 -1.01847600E-03 -8.39049000E-04
2002-01-02T10:44:38.506  1.00218700E-03  6.37843000E-04 -2.97361000E-04
2002-01-02T10:44:39.502 -1.16574600E-03  1.41608000E-04  5.30442000E-04
2002-01-02T10:44:40.506  5.84596000E-04  1.05182800E-03  7.39598000E-04
2002-01-02T10:44:41.506 -7.78815000E-04 -9.37028000E-04  5.87743000E-04
2002-01-02T10:44:42.510  9.33346000E-04  7.48041000E-04 -1.17953300E-03
2002-01-02T10:44:43.502 -7.50481000E-04 -1.02728100E-03  5.63766000E-04
2002-01-02T10:44:44.506  5.53936000E-04  8.85190000E-04 -6.24992000E-04
2002-01-02T10:44:45.502 -9.62368000E-04 -1.90791000E-04 -1.49560000E-04
2002-01-02T10:44:46.522 -3.03254000E-04  1.06425300E-03 -1.33819000E-04
2002-01-02T10:44:47.502 -1.13347100E-03 -1.47642000E-04 -1.43165000E-04
2002-01-02T10:44:48.506  1.06524000E-03  1.46603000E-04  5.58497000E-04
2002-01-02T10:44:49.502 -4.26241000E-04 -1.17685800E-03  8.73201000E-04
2002-01-02T10:44:50.506  6.24795000E-04  9.32322000E-04 -8.16562000E-04
2002-01-02T10:44:51.510 -1.33038300E-03  4.48682000E-04  1.67025000E-04
2002-01-02T10:44:52.506  2.43783000E-04  1.28652600E-03 -1.26184000E-04
2002-01-02T10:44:53.502 -3.34864000E-04 -9.17733000E-04 -4.81150000E-04
2002-01-02T10:44:54.506  5.31230000E-04 -1.98367000E-04  7.07474000E-04
2002-01-02T10:44:55.502 -3.32858000E-04 -2.68662000E-04 -3.02894000E-04
2002-01-02T10:44:56.514  3.85944000E-04  1.00695700E-03 -3.25420000E-05
2002-01-02T10:44:57.502 -7.65593000E-04  1.33963000E-04  1.68404000E-04
2002-01-02T10:44:58.510 -7.46254000E-04  1.63038000E-04 -4.32710000E-04
2002-01-02T10:44:59.502 -2.68286000E-04 -4.32430000E-04  8.86660000E-04
2002-01-02T10:45:00.506  1.26481500E-03 -4.38959000E-04 -1.14211600E-03
2002-01-02T10:45:01.510 -8.30840000E-05 -4.20694000E-04  1.78910000E-04
2002-01-02T10:45:02.514  1.33741000E-04  1.04466600E-03 -6.22159000E-04
2002-01-02T10:45:03.502 -8.79591000E-04  6.53950000E-05  3.58582000E-04
2002-01-02T10:45:04.506  7.12438000E-04  8.25914000E-04  4.27929000E-04
2002-01-02T10:45:05.502 -2.80137000E-04 -1.15053800E-03 -3.02807000E-04
2002-01-02T10:45:06.514 -1.70331000E-04 -7.22824000E-04  7.95176000E-04
2002-01-02T10:45:07.502 -6.12465000E-04 -5.42533000E-04 -4.84670000E-05
2002-01-02T10:45:08.510  1.00081700E-03  1.42049100E-03 -2.76980000E-04
2002-01-02T10:45:09.502 -1.34880200E-03  6.09650000E-05  4.62088000E-04
2002-01-02T10:45:10.506  1.00104200E-03  9.14240000E-04 -2.85211000E-04
2002-01-02T10:45:11.510 -3.62137000E-04 -5.87053000E-04  1.09480000E-04
2002-01-02T10:45:12.506  7.35159000E-04  3.15506000E-04  2.76514000E-04
2002-01-02T10:45:13.502 -2.38542000E-04 -7.84442000E-04  5.53188000E-04
2002-01-02T10:45:14.506  5.68275000E-04  1.23790100E-03 -4.54944000E-04
2002-01-02T10:45:15.502 -1.20723000E-03  2.54702000E-04  1.38491200E-03
2002-01-02T10:45:16.518  6.88800000E-06  9.92199000E-04  5.63258000E-04
2002-01-02T10:45:17.502 -4.77184000E-04 -4.42721000E-04 -6.03795000E-04
2002-01-02T10:45:18.514  9.40163000E-04 -4.85770000E-05  4.02395000E-04
2002-01-02T10:45:19.502 -1.32681000E-04 -6.99865000E-04  2.43813000E-04
2002-01-02T10:45:20.506 -2.58590000E-04  1.27399800E-03  1.92711000E-04
2002-01-02T10:45:21.510 -1.36161900E-03  4.36470000E-04  8.00469000E-04
2002-01-02T10:45:22.506  1.40122800E-03  5.62392000E-04 -1.19665100E-03
2002-01-02T10:45:23.502 -6.41499000E-04 -9.30800000E-04  1.29245200E-03
2002-01-02T10:45:24.506  6.82687000E-04 -1.83303000E-04 -4.29527000E-04
2002-01-02T10:45:25.502 -4.92183000E-04 -2.79219000E-04  3.71295000E-04
2002-01-02T10:45:26.510 -2.70292000E-04  7.97100000E-04 -1.11686000E-04
2002-01-02T10:45:27.502 -7.38307000E-04 -7.77750000E-05  6.56400000E-04
2002-01-02T10:45:28.510  1.12879000E-04  1.91256000E-04 -1.22237000E-04
2002-01-02T10:45:29.502 -6.95609000E-04 -3.35975000E-04  1.45374000E-04
2002-01-02T10:45:30.506  5.47053000E-04  1.44769000E-04 -7.41643000E-04
2002-01-02T10:45:31.510 -5.65795000E-04 -5.41991000E-04  2.69006000E-04
2002-01-02T10:45:32.506 -7.58964000E-04  9.13983000E-04 -9.05238000E-04
2002-01-02T10:45:33.502 -7.98883000E-04  2.27922000E-04  2.76080000E-04
2002-01-02T10:45:34.514  7.11502000E-04  6.48259000E-04 -1.25142000E-04
2002-01-02T10:45:35.502 -1.80647000E-04 -7.19526000E-04  7.18785000E-04
2002-01-02T10:45:36.514  8.92551000E-04  4.23717000E-04  3.75607000E-04
2002-01-02T10:45:37.502  1.75938400E-03 -1.86932400E-03 -1.13250070E-02
2002-01-02T10:45:38.506 -5.77478400E-03  1.83089100E-03  3.02207800E-03
2002-01-02T10:45:39.502 -3.44233900E-03  2.76996200E-03  9.78809000E-04
2002-01-02T10:45:40.506 -1.07368000E-03  4.52501000E-04 -3.64988500E-03
2002-01-02T10:45:41.506 -3.12323500E-03 -6.38208600E-03  5.57796800E-03
2002-01-02T10:45:42.502  1.81053000E-03 -8.14276000E-04 -4.22977100E-03
2002-01-02T10:45:43.502 -7.12135700E-03  4.44531500E-03  3.03460900E-03
2002-01-02T10:45:44.506 -3.62073500E-03  5.51732700E-03 -7.39022000E-04
2002-01-02T10:45:45.502 -1.49848400E-03 -3.52793000E-04  4.20498400E-03
2002-01-02T10:45:46.514 -1.50154100E-03 -2.70281200E-03  8.91703500E-03
2002-01-02T10:45:47.502  6.00410900E-03 -2.77556800E-03  2.08820500E-03
2002-01-02T10:45:48.506 -2.04368000E-04  1.25369500E-03  2.21965200E-03
2002-01-02T10:45:49.502 -9.46468000E-04  2.62826900E-03 -7.12144500E-03
2002-01-02T10:45:50.510 -7.68443000E-04  3.76326600E-03  3.49242800E-03
2002-01-02T10:45:51.506 -1.04045000E-04  2.18331700E-03  4.26799200E-03
2002-01-02T10:45:52.506  9.26992000E-04 -3.64789500E-03 -4.63862300E-03
2002-01-02T10:45:53.502  2.15335700E-03 -2.79726800E-03  4.20144100E-03
2002-01-02T10:45:54.506 -2.80281200E-03  3.71103200E-03 -6.97535800E-03
2002-01-02T10:45:55.502 -9.04789000E-04  7.75787000E-04  4.14516100E-03
2002-01-02T10:45:56.514 -1.35135300E-03  1.90347200E-03  5.56696000E-03
2002-01-02T10:45:57.502  3.38855400E-03 -8.84262000E-04  6.73392000E-04
2002-01-02T10:45:58.502  1.56815400E-03 -4.72442800E-03 -4.17668800E-03
2002-01-02T10:45:59.502  3.98179700E-03  3.64402400E-03 -4.74876600E-03
2002-01-02T10:46:00.506 -4.37664400E-03 -1.81705200E-03  4.08265800E-03
2002-01-02T10:46:01.506  1.37146900E-03  7.45339500E-03 -4.18043000E-03
2002-01-02T10:46:02.506 -8.39546200E-03 -3.27078600E-03  2.09464500E-03
2002-01-02T10:46:03.502  6.28819000E-03 -1.44998500E-03  3.73958800E-03
2002-01-02T10:46:04.506  1.10900000E-04 -7.72577500E-03 -2.12672700E-03
2002-01-02T10:46:05.502  6.80591000E-03  2.24270800E-03  2.95148000E-03
2002-01-02T10:46:06.521 -6.28883500E-03 -2.60946800E-03 -5.20574500E-03
2002-01-02T10:46:07.502 -2.32454200E-03  7.03756200E-03  1.56816900E-03
2002-01-02T10:46:08.506  2.65627000E-04  9.00980000E-04 -1.86390500E-03
2002-01-02T10:46:09.502  9.16398300E-03 -4.95435600E-03 -6.21065300E-03
2002-01-02T10:46:10.506  5.81364400E-03 -2.81601700E-03  3.69831800E-03
2002-01-02T10:46:11.510  3.49072000E-04  2.28257400E-03  5.04334000E-04
2002-01-02T10:46:12.506 -1.34555400E-03  4.26107800E-03  2.94709200E-03
2002-01-02T10:46:13.502 -2.48718200E-03  5.08234800E-03  9.00184000E-04
2002-01-02T10:46:14.502 -2.41519000E-04  1.17416400E-03 -5.92522600E-03
2002-01-02T10:46:15.502  3.15843400E-03 -2.65244000E-03  1.23284600E-03
2002-01-02T10:46:16.514 -9.40401000E-04 -1.54427000E-04 -2.78676600E-03
2002-01-02T10:46:17.502  1.75845600E-03  1.32013800E-03  4.52713500E-03
2002-01-02T10:46:18.506 -4.05902500E-03  1.41951200E-03 -9.65521300E-03
2002-01-02T10:46:19.502 -4.92521700E-03  4.42192600E-03 -1.72521400E-03
2002-01-02T10:46:20.506  7.75618000E-04 -1.63228000E-04  2.87626500E-03
2002-01-02T10:46:21.510  5.71468700E-03 -3.41180400E-03 -6.14998200E-03
2002-01-02T10:46:22.510 -2.09507100E-03 -1.86396600E-03  6.30890000E-04
2002-01-02T10:46:23.502  4.39290100E-03 -5.11110000E-05  2.39747100E-03
2002-01-02T10:46:24.506 -6.60944900E-03  4.91817000E-03  4.63576200E-03
2002-01-02T10:46:25.502  6.43564000E-04  5.06017500E-03  2.37105600E-03
2002-01-02T10:46:26.514 -3.60942900E-03 -9.41365700E-03 -7.56542000E-03
2002-01-02T10:46:27.502  6.59131200E-03 -1.96854700E-03  4.66425300E-03
2002-01-02T10:46:28.506 -9.01055000E-04 -4.58479300E-03 -5.39523000E-04
2002-01-02T10:46:29.502  3.11011800E-03  6.67387200E-03 -4.85602600E-03
2002-01-02T10:46:30.502 -7.20276600E-03 -2.17770000E-04  2.22101900E-03
2002-01-02T10:46:31.510  6.43592000E-04  5.19852400E-03 -6.28003000E-03
2002-01-02T10:46:32.506 -3.53901200E-03 -4.64544500E-03  8.48573500E-03
2002-01-02T10:46:33.502  5.59860600E-03 -2.01463000E-04 -1.02276700E-03
2002-01-02T10:46:34.506 -1.57162100E-03 -8.65203300E-03 -2.38015400E-03
2002-01-02T10:46:35.502  2.37061400E-03  5.23499500E-03  2.63604800E-03
2002-01-02T10:46:36.514 -9.46916900E-03  1.66114600E-03 -3.39845600E-03
2002-01-02T10:46:37.502  3.96002700E-03  6.44300000E-03  4.43664600E-03
