2002-01-11T06:59:05.409 -1.44688500E-03 -1.45697000E-04 -9.88192000E-04
2002-01-11T06:59:06.409 -2.70910000E-05  1.00951600E-03  4.16999000E-04
2002-01-11T06:59:07.409 -4.25577000E-04 -7.80791000E-04 -3.38314000E-04
2002-01-11T06:59:08.416  1.55104600E-03  3.33017000E-04  4.11358000E-04
2002-01-11T06:59:09.409 -7.28124000E-04 -5.87068000E-04 -3.65568000E-04
2002-01-11T06:59:10.408  8.33529000E-04  1.41186000E-03 -1.21375000E-04
2002-01-11T06:59:11.408 -1.18233000E-03 -3.91586000E-04 -2.57743000E-04
2002-01-11T06:59:12.408  5.89940000E-04  1.43364600E-03 -9.15854000E-04
2002-01-11T06:59:13.412 -9.56681000E-04 -8.40367000E-04  7.93580000E-04
2002-01-11T06:59:14.408  1.32607700E-03 -1.80923000E-04 -2.23976000E-04
2002-01-11T06:59:15.408 -6.59361000E-04 -7.05601000E-04  3.74998000E-04
2002-01-11T06:59:16.408  8.06211000E-04  1.13463300E-03 -2.90477000E-04
2002-01-11T06:59:17.408 -1.18002600E-03 -4.05128000E-04  1.70501000E-04
2002-01-11T06:59:18.408  5.23376000E-04  1.34752700E-03 -5.06465000E-04
2002-01-11T06:59:19.408 -1.29377200E-03 -7.76584000E-04  2.99704000E-04
2002-01-11T06:59:20.408  1.71855600E-03  1.31689000E-04 -4.02440000E-04
2002-01-11T06:59:21.408 -9.65058000E-04 -9.60163000E-04 -1.98585000E-04
2002-01-11T06:59:22.408  9.34660000E-05  1.04139400E-03 -3.77581000E-04
2002-01-11T06:59:23.408 -7.95737000E-04 -5.02095000E-04  9.06617000E-04
2002-01-11T06:59:24.416  1.18353000E-03  6.87057000E-04 -9.83433000E-04
2002-01-11T06:59:25.408 -8.01501000E-04 -1.00538700E-03  9.73475000E-04
2002-01-11T06:59:26.412  8.75154000E-04  9.44150000E-04 -6.77265000E-04
2002-01-11T06:59:27.408 -1.30129700E-03 -4.21703000E-04  7.02320000E-04
2002-01-11T06:59:28.408  1.16953700E-03  1.01933800E-03 -5.39639000E-04
2002-01-11T06:59:29.412 -6.67429000E-04 -9.24884000E-04 -1.13721200E-03
2002-01-11T06:59:30.408  7.05951000E-04 -5.18260000E-05  5.96244000E-04
2002-01-11T06:59:31.408 -3.83378000E-04 -1.21243700E-03 -8.47268000E-04
2002-01-11T06:59:32.408  1.02553700E-03  1.06953800E-03  5.06226000E-04
2002-01-11T06:59:33.408 -1.61775900E-03 -2.79893000E-04  7.48406000E-04
2002-01-11T06:59:34.408  7.31773000E-04  1.67843900E-03 -1.19369500E-03
2002-01-11T06:59:35.408 -6.57536000E-04 -9.59914000E-04  8.02737000E-04
2002-01-11T06:59:36.408  1.72688100E-03  2.11668000E-04 -6.89492000E-04
2002-01-11T06:59:37.408 -5.20501000E-04 -9.88981000E-04  2.88226000E-04
2002-01-11T06:59:38.408  4.01630000E-04  1.24738900E-03 -3.52500000E-05
2002-01-11T06:59:39.408 -1.53081700E-03 -6.22810000E-05  7.39865000E-04
2002-01-11T06:59:40.416  4.41763000E-04  1.34318800E-03  2.24160000E-04
2002-01-11T06:59:41.408 -4.16370000E-04 -1.22191700E-03  1.01186000E-04
2002-01-11T06:59:42.408  1.61171400E-03  3.15252000E-04  8.90016000E-04
2002-01-11T06:59:43.408 -7.95695000E-04 -7.28368000E-04 -4.98376000E-04
2002-01-11T06:59:44.408  1.00286000E-04  1.15497300E-03 -1.03865000E-03
2002-01-11T06:59:45.412 -1.70441400E-03  1.32176000E-04  6.83700000E-06
2002-01-11T06:59:46.408  1.09382900E-03  6.63559000E-04  8.87561000E-04
2002-01-11T06:59:47.408 -3.20415000E-04 -1.72122800E-03  3.97220000E-04
2002-01-11T06:59:48.408  1.07428300E-03  9.86435000E-04 -5.25959000E-04
2002-01-11T06:59:49.408 -1.08454100E-03 -3.52419000E-04  4.93239000E-04
2002-01-11T06:59:50.408  5.35533000E-04  1.36959900E-03 -5.66022000E-04
2002-01-11T06:59:51.408 -1.01631300E-03 -5.64785000E-04  1.53776000E-04
2002-01-11T06:59:52.408  1.30717300E-03  3.87891000E-04 -4.33812000E-04
2002-01-11T06:59:53.408 -6.43305000E-04 -1.22241100E-03 -9.40449000E-04
2002-01-11T06:59:54.408  9.99261000E-04  9.52533000E-04  6.48234000E-04
2002-01-11T06:59:55.408 -9.62583000E-04 -3.69758000E-04 -6.40085000E-04
2002-01-11T06:59:56.416  5.73434000E-04  1.34845300E-03  9.22160000E-05
2002-01-11T06:59:57.408 -5.04736000E-04  1.00070000E-05 -3.98183000E-04
2002-01-11T06:59:58.408  1.60789800E-03  4.72123000E-04  4.82163000E-04
2002-01-11T06:59:59.408 -5.94763000E-04 -7.91510000E-04  4.18228000E-04
2002-01-11T07:00:00.408  3.96399000E-04  5.42287000E-04 -4.97154000E-04
2002-01-11T07:00:01.412 -1.05721800E-03  1.76125000E-04  1.36385000E-04
2002-01-11T07:00:02.408 -4.81991000E-04  1.24724200E-03 -6.90083000E-04
2002-01-11T07:00:03.408 -6.38301000E-04 -3.39640000E-04  5.25640000E-04
2002-01-11T07:00:04.408  1.17485600E-03 -9.46500000E-06 -5.98456000E-04
2002-01-11T07:00:05.408 -5.95812000E-04 -7.80630000E-04  2.19783000E-04
2002-01-11T07:00:06.408  6.60480000E-04  8.33657000E-04  8.62714000E-04
2002-01-11T07:00:07.408 -8.57509000E-04 -2.52603000E-04 -6.55043000E-04
2002-01-11T07:00:08.408  3.29252000E-04  1.23296200E-03  6.91012000E-04
2002-01-11T07:00:09.408 -7.47992000E-04 -4.18719000E-04 -4.24766000E-04
2002-01-11T07:00:10.408  1.07291600E-03  6.90944000E-04 -2.85345000E-04
2002-01-11T07:00:11.408  1.70474000E-04 -9.07241000E-04  9.20970000E-05
2002-01-11T07:00:12.416  4.71641000E-04  7.45600000E-05 -1.11893100E-03
2002-01-11T07:00:13.408 -1.45473300E-03 -2.00902000E-04  6.64346000E-04
2002-01-11T07:00:14.408  5.54950000E-04  8.54946000E-04 -9.04530000E-05
2002-01-11T07:00:15.408 -6.73505000E-04 -1.55391900E-03 -1.77868000E-04
2002-01-11T07:00:16.408  1.29047900E-03  1.11838500E-03 -3.39296000E-04
2002-01-11T07:00:17.412 -9.71220000E-04 -1.20237500E-03  8.19878000E-04
2002-01-11T07:00:18.408  6.59998000E-04  1.11441000E-03  4.10050000E-05
2002-01-11T07:00:19.408 -7.45709000E-04 -6.46575000E-04  3.67273000E-04
2002-01-11T07:00:20.408  3.71784000E-04  1.14671500E-03  2.20871000E-04
2002-01-11T07:00:21.408 -7.76700000E-04 -9.71867000E-04 -4.09280000E-04
2002-01-11T07:00:22.408  1.20595500E-03  3.58793000E-04  3.39566000E-04
2002-01-11T07:00:23.408 -3.76460000E-04 -5.41629000E-04 -7.91827000E-04
2002-01-11T07:00:24.408  3.91622000E-04  1.25991300E-03 -2.91025000E-04
2002-01-11T07:00:25.408 -1.78038500E-03 -3.42860000E-05 -3.89614000E-04
2002-01-11T07:00:26.408  8.70477000E-04  1.01588800E-03 -4.48611000E-04
2002-01-11T07:00:27.408  1.69800000E-05 -1.10123600E-03  4.31072000E-04
2002-01-11T07:00:28.416  1.47238700E-03  3.22320000E-04  3.55560000E-04
2002-01-11T07:00:29.408 -5.24663000E-04 -5.26544000E-04  6.23799000E-04
2002-01-11T07:00:30.444  5.75400000E-04  1.02398100E-03  2.72788000E-04
2002-01-11T07:00:31.408 -2.10399300E-03 -4.25192000E-04 -1.15416700E-03
2002-01-11T07:00:32.408  3.53388000E-04  1.11622000E-03  3.11846000E-04
2002-01-11T07:00:33.408  4.64099000E-04 -4.42527000E-04 -8.20972000E-04
2002-01-11T07:00:34.408  1.52600500E-03  6.56130000E-05  1.17551500E-03
2002-01-11T07:00:35.408 -9.13631000E-04 -3.95401000E-04  7.21848000E-04
2002-01-11T07:00:36.408  2.07114000E-04  1.27772300E-03 -7.20877000E-04
2002-01-11T07:00:37.408 -1.59921200E-03 -1.74263000E-04  1.47158200E-03
2002-01-11T07:00:38.408  3.98274000E-04  5.36944000E-04 -6.88165000E-04
2002-01-11T07:00:39.408  5.42378000E-04 -3.98857000E-04  1.18743900E-03
2002-01-11T07:00:40.408  1.08356800E-03  5.29560000E-05 -4.57075000E-04
2002-01-11T07:00:41.408 -5.71996000E-04 -3.45358000E-04  1.08895300E-03
2002-01-11T07:00:42.408  3.28273000E-04  9.44179000E-04 -3.46648000E-04
2002-01-11T07:00:43.408 -6.89260000E-04  5.18368000E-04  1.46445000E-04
2002-01-11T07:00:44.416  1.70100000E-04  5.76081000E-04  2.44568000E-04
2002-01-11T07:00:45.408 -3.54427000E-04 -1.49051600E-03 -4.48614000E-04
2002-01-11T07:00:46.408  1.07156000E-03  2.07120000E-05  3.11929000E-04
2002-01-11T07:00:47.408 -7.42748000E-04 -4.02525000E-04 -1.43862000E-03
2002-01-11T07:00:48.408 -2.80003000E-04  1.33709300E-03  1.44302400E-03
2002-01-11T07:00:49.412 -4.47829000E-04  1.07666000E-04 -8.89549000E-04
2002-01-11T07:00:50.408  4.61055000E-04  7.48862000E-04  3.03440000E-05
2002-01-11T07:00:51.408 -3.10143000E-04 -1.41011700E-03  8.05020000E-05
2002-01-11T07:00:52.408  4.05387000E-04  4.29579000E-04 -8.98550000E-04
2002-01-11T07:00:53.408 -1.01259100E-03  3.06958000E-04  5.46722000E-04
2002-01-11T07:00:54.408 -3.67473000E-04  4.66152000E-04 -4.31450000E-04
2002-01-11T07:00:55.408  1.10192000E-04  1.44774000E-04  4.74797000E-04
2002-01-11T07:00:56.408  6.54014000E-04 -4.62327000E-04  7.30370000E-05
2002-01-11T07:00:57.408  2.82900000E-05 -9.26123000E-04  7.76480000E-05
2002-01-11T07:00:58.408  1.95567000E-04  7.94570000E-05  9.46560000E-05
2002-01-11T07:00:59.408 -3.77710000E-05  1.10437400E-03  2.42467000E-04
2002-01-11T07:01:00.416 -9.62898000E-04  1.85517000E-04  2.76500000E-04
2002-01-11T07:01:01.408  2.19298000E-04  2.47239000E-04  1.26531800E-03
2002-01-11T07:01:02.408  9.17400000E-06 -8.96840000E-04  1.87954000E-04
2002-01-11T07:01:03.408  1.08459100E-03  6.54260000E-04  1.22800000E-05
2002-01-11T07:01:04.408 -6.26745000E-04 -4.23919000E-04 -2.24604000E-04
2002-01-11T07:01:05.412 -1.07570000E-05  1.20164000E-03  4.05197000E-04
2002-01-11T07:01:06.408 -1.21162200E-03  1.26729000E-04 -8.41206000E-04
2002-01-11T07:01:07.408  1.06143700E-03 -1.98330000E-05  2.35294000E-04
2002-01-11T07:01:08.408 -1.53658000E-04 -1.46750800E-03 -6.30114000E-04
2002-01-11T07:01:09.408  8.70144000E-04  3.25530000E-04  8.36570000E-04
2002-01-11T07:01:10.408 -7.68009000E-04 -4.47690000E-04  5.05762000E-04
2002-01-11T07:01:11.408  2.94761000E-04  1.49384700E-03 -3.40745000E-04
2002-01-11T07:01:12.408 -8.40025000E-04 -5.83850000E-05  5.11044000E-04
2002-01-11T07:01:13.408  5.53755000E-04  1.53724900E-03 -3.98667000E-04
2002-01-11T07:01:14.408 -2.73545000E-04 -7.21767000E-04 -9.66500000E-05
2002-01-11T07:01:15.408  1.19984600E-03  2.78916000E-04 -2.55835000E-04
2002-01-11T07:01:16.416 -6.45529000E-04 -5.62728000E-04 -5.65416000E-04
2002-01-11T07:01:17.408  6.92100000E-04  1.57075500E-03  1.68011000E-04
2002-01-11T07:01:18.408 -1.38411000E-03 -1.39718000E-04 -3.58607000E-04
2002-01-11T07:01:19.408  1.27123300E-03  9.89082000E-04 -7.65303000E-04
2002-01-11T07:01:20.408 -3.76474000E-04 -1.07008900E-03 -2.66314000E-04
2002-01-11T07:01:21.412  1.46328300E-03  1.04453000E-04 -4.03548000E-04
2002-01-11T07:01:22.408 -8.25494000E-04 -3.88479000E-04  1.13196000E-04
2002-01-11T07:01:23.408  5.70068000E-04  1.26910500E-03 -1.12709400E-03
2002-01-11T07:01:24.408 -1.61663300E-03 -2.38047000E-04  1.01168900E-03
2002-01-11T07:01:25.408  2.96778000E-04  7.96422000E-04 -1.32474000E-04
2002-01-11T07:01:26.408 -7.42961000E-04 -1.09293100E-03  3.00366000E-04
2002-01-11T07:01:27.408  1.16602100E-03  1.78862000E-04 -5.27505000E-04
2002-01-11T07:01:28.408 -7.64051000E-04 -5.68541000E-04  3.45932000E-04
2002-01-11T07:01:29.408  2.44025000E-04  1.39170800E-03  1.71577000E-04
2002-01-11T07:01:30.408 -1.21708600E-03  2.86565000E-04 -5.44997000E-04
2002-01-11T07:01:31.408  5.08704000E-04  8.37587000E-04  3.03908000E-04
2002-01-11T07:01:32.416 -1.64121000E-04  4.72063000E-04 -1.20838300E-03
2002-01-11T07:01:33.408  5.60326000E-04  1.39002000E-04  1.23744100E-03
2002-01-11T07:01:34.408 -1.07099000E-04 -5.97780000E-04 -4.59597000E-04
2002-01-11T07:01:35.408  2.48502000E-04  2.24251000E-04  2.31264000E-04
2002-01-11T07:01:36.408 -4.46803000E-04  5.35378000E-04 -8.22190000E-04
2002-01-11T07:01:37.412 -6.33640000E-05  2.36014000E-04  5.67935000E-04
2002-01-11T07:01:38.408 -1.34043000E-04 -4.12360000E-04  5.01733000E-04
2002-01-11T07:01:39.408 -1.09445000E-04 -9.05100000E-05 -3.03371000E-04
2002-01-11T07:01:40.408  1.57181200E-03  9.22098000E-04 -1.46870000E-05
2002-01-11T07:01:41.408 -7.35172000E-04 -4.02392000E-04  5.38983000E-04
2002-01-11T07:01:42.408  1.03715700E-03  1.65285100E-03 -4.52815000E-04
2002-01-11T07:01:43.408 -1.54189400E-03  1.70627000E-04  6.67120000E-05
2002-01-11T07:01:44.408  6.87013000E-04  1.25196000E-03 -5.49741000E-04
2002-01-11T07:01:45.408 -1.27358500E-03 -1.23919000E-04  9.71055000E-04
2002-01-11T07:01:46.408  1.39489400E-03  4.08056000E-04 -8.70033000E-04
2002-01-11T07:01:47.408 -7.69627000E-04 -1.23713800E-03  1.94898000E-04
2002-01-11T07:01:48.416  5.57911000E-04  9.79064000E-04 -5.24161000E-04
2002-01-11T07:01:49.408 -1.50884500E-03  8.88280000E-05 -1.07862000E-04
2002-01-11T07:01:50.408 -6.44900000E-05  1.09641400E-03 -5.86580000E-04
2002-01-11T07:01:51.408 -3.99394000E-04  6.05177000E-04 -2.51029000E-04
2002-01-11T07:01:52.408  6.01211000E-04  9.12950000E-05  2.32259000E-04
2002-01-11T07:01:53.408  6.76829000E-04 -3.97753000E-04 -4.47536000E-04
2002-01-11T07:01:54.408  3.54058000E-04  6.25200000E-05  1.04803000E-04
2002-01-11T07:01:55.408  3.04520000E-04  2.63172000E-04  1.51073000E-04
2002-01-11T07:01:56.408 -4.14417000E-04  1.74825000E-04 -6.84452000E-04
2002-01-11T07:01:57.408 -7.03379000E-04  1.08621200E-03  6.77119000E-04
2002-01-11T07:01:58.408 -3.33574000E-04 -2.61660000E-04 -3.11941000E-04
2002-01-11T07:01:59.408  7.28684000E-04  1.38653600E-03 -3.32665000E-04
2002-01-11T07:02:00.408 -3.18997000E-04 -1.28860200E-03 -3.25497000E-04
2002-01-11T07:02:01.408  1.44180800E-03  8.56199000E-04  1.02414400E-03
2002-01-11T07:02:02.408  4.57800000E-06 -8.04941000E-04  3.41251000E-04
2002-01-11T07:02:03.408  8.37865000E-04  5.18307000E-04 -5.60903000E-04
2002-01-11T07:02:04.416 -7.26292000E-04  4.12380000E-05  9.30633000E-04
2002-01-11T07:02:05.408  2.70150000E-05  1.16708800E-03 -3.25782000E-04
2002-01-11T07:02:06.408 -9.80352000E-04  7.36378000E-04  1.13256400E-03
2002-01-11T07:02:07.408 -5.01332000E-04  9.30776000E-04 -5.88760000E-05
2002-01-11T07:02:08.408  8.73984000E-04  7.47979000E-04 -4.12283000E-04
2002-01-11T07:02:09.408 -7.30250000E-05 -5.48252000E-04  1.60549000E-04
2002-01-11T07:02:10.408  1.64806600E-03  8.92052000E-04  5.51348000E-04
2002-01-11T07:02:11.408 -1.05800800E-03 -1.99061000E-04 -3.58253000E-04
2002-01-11T07:02:12.408  3.41644000E-04  1.67018200E-03 -6.18270000E-05
2002-01-11T07:02:13.408 -1.01159600E-03 -5.86583000E-04  3.85983000E-04
2002-01-11T07:02:14.408 -5.30850000E-05  1.57506800E-03 -1.81770000E-04
2002-01-11T07:02:15.408 -1.13821700E-03  2.37767000E-04  4.06703000E-04
2002-01-11T07:02:16.408  1.03934800E-03 -1.82523000E-04 -4.03377000E-04
2002-01-11T07:02:17.408 -3.22170000E-04 -9.62213000E-04 -2.11118000E-04
2002-01-11T07:02:18.408  5.96332000E-04 -3.17478000E-04  3.65470000E-04
2002-01-11T07:02:19.408  1.14626000E-04  4.97918000E-04 -1.15216700E-03
2002-01-11T07:02:20.408 -1.06904400E-03  2.50502000E-04  1.27494000E-04
2002-01-11T07:02:21.408  8.41884000E-04  1.78528400E-03  4.37680000E-05
2002-01-11T07:02:22.408 -1.23159500E-03 -3.81280000E-04 -5.38906000E-04
2002-01-11T07:02:23.408  4.98901000E-04  1.41683100E-03  4.96165000E-04
2002-01-11T07:02:24.408 -7.30625000E-04 -9.10144000E-04 -1.39729000E-04
2002-01-11T07:02:25.412  6.35446000E-04  5.35856000E-04  6.06442000E-04
2002-01-11T07:02:26.408  1.34706000E-04 -8.78378000E-04 -4.59979000E-04
2002-01-11T07:02:27.408  3.29006000E-04  2.06272000E-04  5.56161000E-04
2002-01-11T07:02:28.408 -2.51275000E-04  3.82594000E-04 -1.35085200E-03
2002-01-11T07:02:29.408 -6.76837000E-04  5.32669000E-04 -2.94250000E-05
2002-01-11T07:02:30.408  1.46700000E-05  1.42772900E-03 -5.68821000E-04
2002-01-11T07:02:31.408 -1.35088900E-03  8.54110000E-05  3.66875000E-04
2002-01-11T07:02:32.408  6.57687000E-04  9.31648000E-04 -1.03265900E-03
2002-01-11T07:02:33.408 -2.06501000E-04 -2.55820000E-04 -2.81489000E-04
2002-01-11T07:02:34.408  6.76043000E-04  4.53736000E-04  4.75488000E-04
2002-01-11T07:02:35.408 -1.16722000E-04 -5.92996000E-04  1.72744000E-04
2002-01-11T07:02:36.416  2.48191000E-04 -1.49536000E-04 -4.03210000E-05
2002-01-11T07:02:37.408  6.81509000E-04  4.36231000E-04 -4.53966000E-04
2002-01-11T07:02:38.408 -6.87174000E-04 -5.35539000E-04  1.58247000E-04
2002-01-11T07:02:39.408 -9.08520000E-05  1.14288700E-03 -3.30170000E-05
2002-01-11T07:02:40.408 -1.17964000E-03  2.78832000E-04  7.08450000E-05
2002-01-11T07:02:41.408  2.58915000E-04  1.57834100E-03  9.04991000E-04
2002-01-11T07:02:42.408 -2.53025000E-04  1.70481000E-04 -6.00105000E-04
2002-01-11T07:02:43.408  1.43830000E-05  7.14903000E-04  9.69895000E-04
2002-01-11T07:02:44.408 -2.81445000E-04  5.57157000E-04  1.16289000E-04
2002-01-11T07:02:45.408  2.65667000E-04 -7.74747000E-04 -2.52067000E-04
2002-01-11T07:02:46.408  8.86963000E-04 -1.09805000E-04 -1.16858000E-04
2002-01-11T07:02:47.408 -2.32323000E-04 -8.61963000E-04  2.14901000E-04
2002-01-11T07:02:48.408  7.60654000E-04  4.93146000E-04  3.57121000E-04
2002-01-11T07:02:49.408 -7.97332000E-04 -1.24917000E-04 -7.33503000E-04
2002-01-11T07:02:50.408 -8.82300000E-05  1.10269700E-03  5.57197000E-04
2002-01-11T07:02:51.408 -3.98442000E-04  8.23309000E-04 -4.96113000E-04
2002-01-11T07:02:52.408 -1.04359500E-03  1.40186300E-03  1.71396000E-04
2002-01-11T07:02:53.408  4.41997000E-04  1.16877500E-03  1.79756000E-04
2002-01-11T07:02:54.408 -1.24359400E-03  6.52396000E-04 -1.89469000E-04
2002-01-11T07:02:55.408  2.84636000E-04  9.76024000E-04  6.12813000E-04
2002-01-11T07:02:56.408 -5.19041000E-04 -2.64668000E-04 -5.00080000E-04
2002-01-11T07:02:57.408  6.72187000E-04  6.23214000E-04 -4.52606000E-04
2002-01-11T07:02:58.408  1.52290000E-05  3.49435000E-04 -1.27720900E-03
2002-01-11T07:02:59.408 -3.22971000E-04 -3.83885000E-04  3.58446000E-04
2002-01-11T07:03:00.408  1.21946800E-03  3.47062000E-04  4.08400000E-06
2002-01-11T07:03:01.408 -6.89296000E-04 -6.45849000E-04 -9.56907000E-04
2002-01-11T07:03:02.408  5.99680000E-04  8.53210000E-04  8.56270000E-04
2002-01-11T07:03:03.408 -4.42500000E-06  7.55243000E-04  6.68200000E-06
2002-01-11T07:03:04.408 -4.79124000E-04  2.47574000E-04 -9.91240000E-05
2002-01-11T07:03:05.408 -1.46075000E-04  1.73341200E-03  1.42846000E-04
2002-01-11T07:03:06.408 -1.45825500E-03  2.17975000E-04 -1.01923000E-03
2002-01-11T07:03:07.408  2.90900000E-04  1.09215600E-03  1.25135600E-03
2002-01-11T07:03:08.408 -8.13387000E-04  6.98911000E-04 -1.32210000E-03
2002-01-11T07:03:09.408 -8.62595000E-04  9.29449000E-04  6.82349000E-04
2002-01-11T07:03:10.408  7.87009000E-04  1.43055700E-03 -9.07168000E-04
2002-01-11T07:03:11.408 -5.38097000E-04  4.89286000E-04  8.24969000E-04
2002-01-11T07:03:12.408 -4.17930000E-05  7.75062000E-04 -3.90179000E-04
2002-01-11T07:03:13.408  1.28512000E-04  3.96256000E-04 -4.31761000E-04
2002-01-11T07:03:14.408 -1.12365900E-03 -1.85007000E-04  8.13630000E-05
2002-01-11T07:03:15.408  5.85240000E-04  9.87452000E-04 -6.26198000E-04
2002-01-11T07:03:16.408  5.03741000E-04  9.64169000E-04  8.90669000E-04
2002-01-11T07:03:17.408 -9.98040000E-04  4.18040000E-05 -7.66930000E-04
2002-01-11T07:03:18.408  3.53448000E-04  1.34871100E-03  6.02303000E-04
2002-01-11T07:03:19.408  3.77405000E-04  1.14468000E-03 -5.60023000E-04
2002-01-11T07:03:20.408 -9.01244000E-04 -1.26494000E-04  1.50800000E-05
2002-01-11T07:03:21.408  3.95215000E-04  1.19791300E-03  8.36956000E-04
2002-01-11T07:03:22.408  1.13676200E-03  1.21549300E-03 -1.22702600E-03
2002-01-11T07:03:23.408 -1.32085900E-03  2.55297000E-04  2.79103000E-04
2002-01-11T07:03:24.408  8.92364000E-04  6.54266000E-04 -7.23650000E-04
2002-01-11T07:03:25.408 -2.28383000E-04  1.20965100E-03  8.40960000E-04
2002-01-11T07:03:26.408 -7.16207000E-04  8.36070000E-04  7.89450000E-04
2002-01-11T07:03:27.408 -4.42662000E-04  1.42180300E-03 -2.79012000E-04
2002-01-11T07:03:28.408  5.52555000E-04  2.49285800E-03  4.34895000E-04
2002-01-11T07:03:29.408 -8.09414000E-04  1.09472600E-03 -6.23830000E-04
2002-01-11T07:03:30.408 -7.02030000E-05  9.23758000E-04  9.38193000E-04
2002-01-11T07:03:31.408  4.48536000E-04  2.41890500E-03 -1.37498000E-04
2002-01-11T07:03:32.408 -1.49368200E-03  6.64228000E-04  2.31389000E-04
2002-01-11T07:03:33.408 -9.32098000E-04  1.20149700E-03  3.30429000E-04
2002-01-11T07:03:34.408  2.56920000E-04  1.98066400E-03 -2.52480000E-05
2002-01-11T07:03:35.408 -5.96650000E-05  3.88391000E-04  5.83714000E-04
2002-01-11T07:03:36.408 -6.95601000E-04  6.20601000E-04  7.98032000E-04
2002-01-11T07:03:37.408  5.87494000E-04  1.37431800E-03 -1.52030000E-05
2002-01-11T07:03:38.408  1.05917900E-03  1.46475400E-03 -2.02743000E-04
2002-01-11T07:03:39.408 -1.10080800E-03 -2.21234000E-04 -9.62312000E-04
2002-01-11T07:03:40.408  6.17595000E-04  7.64780000E-04  5.02434000E-04
2002-01-11T07:03:41.408  3.20376000E-04  8.05750000E-04 -9.38970000E-05
2002-01-11T07:03:42.408 -5.68383000E-04 -7.17149000E-04 -4.53006000E-04
2002-01-11T07:03:43.408  9.17420000E-05  7.10426000E-04  9.16590000E-05
2002-01-11T07:03:44.408  1.24256100E-03  9.50687000E-04 -5.01630000E-05
2002-01-11T07:03:45.408  2.07889000E-04  8.93600000E-05  3.30910000E-04
2002-01-11T07:03:46.408 -1.82863000E-04  6.40054000E-04 -1.00309800E-03
2002-01-11T07:03:47.408  1.03336700E-03  1.50119500E-03  1.46663400E-03
2002-01-11T07:03:48.408 -1.13478000E-04  1.01234500E-03  1.36500000E-06
2002-01-11T07:03:49.408 -8.67283000E-04  8.42669000E-04  4.11947000E-04
2002-01-11T07:03:50.408 -4.30087000E-04  1.61762700E-03 -9.80740000E-04
2002-01-11T07:03:51.408  6.03050000E-04  2.23382500E-03 -2.29416000E-04
2002-01-11T07:03:52.408  4.05294000E-04  1.44280200E-03  4.96199000E-04
2002-01-11T07:03:53.408 -7.24179000E-04 -1.01963000E-04  7.85730000E-04
2002-01-11T07:03:54.408 -3.95480000E-05  1.61166000E-04  5.74548000E-04
2002-01-11T07:03:55.408  9.37933000E-04  1.55275500E-03 -8.09480000E-04
2002-01-11T07:03:56.408  1.16133800E-03  2.46772100E-03  2.63902000E-04
2002-01-11T07:03:57.408 -1.13982400E-03  1.13458500E-03  3.17759000E-04
2002-01-11T07:03:58.408 -1.16429900E-03  7.97477000E-04 -2.28643000E-04
2002-01-11T07:03:59.408  6.93160000E-05  1.29611500E-03  1.09183500E-03
2002-01-11T07:04:00.408  1.10613300E-03  1.56573300E-03 -3.65510000E-05
2002-01-11T07:04:01.412  7.36857000E-04  1.15214700E-03 -2.23455000E-04
2002-01-11T07:04:02.408 -9.03263000E-04  8.90894000E-04  1.19141400E-03
2002-01-11T07:04:03.408 -1.11350500E-03  8.23088000E-04 -1.34219000E-04
2002-01-11T07:04:04.408 -4.76698000E-04  1.62622300E-03  5.55631000E-04
2002-01-11T07:04:05.408  8.04324000E-04  1.73114300E-03 -1.10360000E-04
2002-01-11T07:04:06.408  1.05268000E-03  1.64585300E-03  1.78045000E-04
2002-01-11T07:04:07.408 -1.04401000E-04  1.15871100E-03  2.03560000E-05
2002-01-11T07:04:08.408 -1.52005500E-03  9.60975000E-04  6.74777000E-04
2002-01-11T07:04:09.408 -5.95649000E-04  1.42032000E-03 -7.72724000E-04
2002-01-11T07:04:10.408  2.92129000E-04  1.89351600E-03  3.66380000E-04
2002-01-11T07:04:11.408  9.54448000E-04  1.84805100E-03  2.14780000E-04
2002-01-11T07:04:12.408  6.56158000E-04  5.43944000E-04 -8.99090000E-05
2002-01-11T07:04:13.408 -6.15889000E-04  1.03798200E-03  1.02796200E-03
2002-01-11T07:04:14.408 -1.05983100E-03  1.27112900E-03 -1.69942000E-04
2002-01-11T07:04:15.408  9.17140000E-05  1.97043400E-03 -1.04712000E-04
2002-01-11T07:04:16.408  1.30577600E-03  2.18597400E-03 -7.04796000E-04
2002-01-11T07:04:17.412  7.33892000E-04  9.18962000E-04 -2.61145000E-04
2002-01-11T07:04:18.408 -4.65839000E-04 -9.60900000E-06  1.03960300E-03
2002-01-11T07:04:19.408 -8.59637000E-04  8.85221000E-04 -4.61925000E-04
2002-01-11T07:04:20.408 -6.37510000E-04  2.27154500E-03  1.01122300E-03
2002-01-11T07:04:21.408  6.52384000E-04  2.15217800E-03 -2.87072000E-04
2002-01-11T07:04:22.408  1.41160500E-03  1.79927900E-03  2.58359000E-04
2002-01-11T07:04:23.408 -4.86374000E-04  8.88113000E-04  5.71080000E-04
2002-01-11T07:04:24.408 -9.41148000E-04  8.45710000E-04 -3.83055000E-04
2002-01-11T07:04:25.408 -5.74536000E-04  1.66328300E-03  1.62649000E-04
2002-01-11T07:04:26.408  6.68899000E-04  2.03130300E-03 -3.60593000E-04
2002-01-11T07:04:27.408  5.30556000E-04  1.98341300E-03  3.78086000E-04
2002-01-11T07:04:28.408 -6.93653000E-04  6.41778000E-04 -5.45087000E-04
2002-01-11T07:04:29.408 -1.50174200E-03  9.92525000E-04 -4.26370000E-04
2002-01-11T07:04:30.408 -1.99488000E-04  1.73542800E-03  4.65220000E-05
2002-01-11T07:04:31.408  2.94616000E-04  2.61772200E-03  6.45179000E-04
2002-01-11T07:04:32.408  9.91627000E-04  1.93509100E-03  2.32550000E-04
2002-01-11T07:04:33.408  6.98640000E-05  1.06684500E-03 -9.66751000E-04
2002-01-11T07:04:34.408 -8.67256000E-04  1.07639900E-03  1.23354000E-04
2002-01-11T07:04:35.408 -7.70263000E-04  5.34933000E-04 -3.45292000E-04
2002-01-11T07:04:36.408 -2.02789000E-04  9.15417000E-04  1.11398700E-03
2002-01-11T07:04:37.408 -7.49250000E-04  2.07787600E-03  3.78062000E-04
2002-01-11T07:04:38.408  2.32995000E-04  2.55328600E-03 -4.13406000E-04
2002-01-11T07:04:39.408  9.59089000E-04  1.59833500E-03  1.11085000E-04
2002-01-11T07:04:40.408  6.92080000E-05  2.35466600E-03 -1.07522000E-04
2002-01-11T07:04:41.408  3.26600000E-05  2.83351500E-03  3.99244000E-04
2002-01-11T07:04:42.408  6.79950000E-04  1.87737400E-03 -5.06960000E-04
2002-01-11T07:04:43.408 -4.35300000E-04  1.39264600E-03  5.48864000E-04
2002-01-11T07:04:44.408 -2.18671000E-03  1.39543500E-03 -4.28860000E-04
2002-01-11T07:04:45.408 -8.67044000E-04  1.07023600E-03 -2.54651000E-04
2002-01-11T07:04:46.439  3.91731000E-04  9.43529000E-04  4.49663000E-04
2002-01-11T07:04:47.408  2.14270000E-04  2.02095400E-03  5.43197000E-04
2002-01-11T07:04:48.408  1.44670000E-04  2.76344700E-03  7.40409000E-04
2002-01-11T07:04:49.408  1.20758300E-03  2.28688700E-03 -6.56647000E-04
2002-01-11T07:04:50.408  9.28114000E-04  2.41199600E-03  2.13682000E-04
2002-01-11T07:04:51.408  2.74344000E-04  2.54736400E-03  2.05517000E-04
2002-01-11T07:04:52.408 -4.10252000E-04  1.08606500E-03  8.20060000E-04
2002-01-11T07:04:53.408 -8.09748000E-04  1.72581100E-03 -3.38315000E-04
2002-01-11T07:04:54.408 -5.50097000E-04  1.18838700E-03 -2.75671000E-04
2002-01-11T07:04:55.408 -1.38904100E-03  1.09119700E-03  7.60994000E-04
2002-01-11T07:04:56.408 -1.21519500E-03  1.90932600E-03 -3.71236000E-04
2002-01-11T07:04:57.408 -3.20596000E-04  1.85692900E-03 -2.25978000E-04
2002-01-11T07:04:58.408  7.64356000E-04  1.57463200E-03 -7.39506000E-04
2002-01-11T07:04:59.408  9.04255000E-04  2.54249100E-03  3.91780000E-05
2002-01-11T07:05:00.408 -5.83380000E-05  2.00264400E-03  2.11411000E-04
2002-01-11T07:05:01.408 -1.44864900E-03  4.75853000E-04 -9.24130000E-04
2002-01-11T07:05:02.408 -4.02668000E-04  6.36265000E-04  9.31670000E-05
2002-01-11T07:05:03.408  8.64368000E-04  1.32981300E-03  3.29268000E-04
2002-01-11T07:05:04.408  1.05405100E-03  1.81465600E-03 -3.33324000E-04
2002-01-11T07:05:05.408 -7.81567000E-04  1.22498000E-03  6.30115000E-04
2002-01-11T07:05:06.408 -1.68605800E-03  1.35038300E-03 -8.31800000E-05
2002-01-11T07:05:07.408 -6.60915000E-04  1.73807000E-03  7.97488000E-04
2002-01-11T07:05:08.408  6.69268000E-04  2.24888500E-03 -9.95900000E-05
2002-01-11T07:05:09.408  9.25344000E-04  5.67861000E-04  1.84604000E-04
2002-01-11T07:05:10.408  2.98880000E-05  5.07457000E-04 -7.97675000E-04
2002-01-11T07:05:11.408 -7.87665000E-04  9.06194000E-04  2.76245000E-04
2002-01-11T07:05:12.408 -1.59289000E-04  1.91345700E-03  1.26484800E-03
2002-01-11T07:05:13.408  8.60362000E-04  2.38743500E-03 -1.19155000E-04
2002-01-11T07:05:14.408  8.88944000E-04  1.61816200E-03  3.89664000E-04
2002-01-11T07:05:15.408 -8.00257000E-04  7.89561000E-04 -6.10221000E-04
2002-01-11T07:05:16.408 -9.64160000E-04  1.43541900E-03  9.83024000E-04
2002-01-11T07:05:17.408 -9.26111000E-04  1.41577000E-03 -2.80392000E-04
2002-01-11T07:05:18.408  7.10450000E-05  1.63550500E-03  9.77390000E-05
2002-01-11T07:05:19.408  1.12879200E-03  1.45429300E-03 -7.42179000E-04
2002-01-11T07:05:20.408  2.80839000E-04  2.90210800E-03  4.65685000E-04
2002-01-11T07:05:21.408  1.04666100E-03  3.05098500E-03  5.54870000E-05
2002-01-11T07:05:22.408  6.71149000E-04  1.46592200E-03 -4.19040000E-05
2002-01-11T07:05:23.408 -1.24467100E-03  8.24002000E-04 -6.75709000E-04
2002-01-11T07:05:24.408 -1.37088300E-03  1.77697500E-03  9.62458000E-04
2002-01-11T07:05:25.408 -6.81545000E-04  5.77913000E-04 -7.22266000E-04
2002-01-11T07:05:26.408 -2.58580000E-04  7.67286000E-04  1.39489800E-03
2002-01-11T07:05:27.408 -2.82253000E-04  2.70716300E-03  8.39078000E-04
2002-01-11T07:05:28.408  4.40468000E-04  2.66510700E-03  1.15755000E-04
2002-01-11T07:05:29.408  3.99778000E-04  1.56930800E-03 -1.23117000E-04
2002-01-11T07:05:30.408 -1.00638000E-04 -1.76584000E-04 -4.62415000E-04
2002-01-11T07:05:31.408 -7.32374000E-04  6.77417000E-04  4.37228000E-04
2002-01-11T07:05:32.408 -3.52711000E-04  1.85599800E-03 -1.97295000E-04
2002-01-11T07:05:33.408  3.72584000E-04  1.96863000E-03  3.73310000E-05
2002-01-11T07:05:34.408  1.03735300E-03  2.39360400E-03 -1.11001400E-03
2002-01-11T07:05:35.408  1.01369800E-03  1.11565900E-03  3.70805000E-04
2002-01-11T07:05:36.408 -1.35612100E-03  8.96764000E-04 -2.75787000E-04
2002-01-11T07:05:37.408 -1.17089600E-03  9.96470000E-04  1.04634800E-03
2002-01-11T07:05:38.408  4.71610000E-05  8.21015000E-04 -9.81010000E-05
2002-01-11T07:05:39.408  8.68310000E-05  1.71054200E-03 -9.51330000E-05
2002-01-11T07:05:40.408  1.51854000E-04  2.40112400E-03  7.79786000E-04
2002-01-11T07:05:41.408  4.81338000E-04  2.52537400E-03 -2.39240000E-05
2002-01-11T07:05:42.408  1.36882300E-03  1.64418300E-03  5.39493000E-04
2002-01-11T07:05:43.408  2.48377000E-04  2.99241900E-03  8.02844000E-04
2002-01-11T07:05:44.408  7.65162000E-04  2.21193100E-03 -7.78762000E-04
2002-01-11T07:05:45.408  1.95207000E-04  1.59865400E-03  7.71307000E-04
2002-01-11T07:05:46.408 -5.98956000E-04  2.24348100E-03 -1.69220000E-05
2002-01-11T07:05:47.408 -1.23051000E-04  1.23518800E-03  9.73194000E-04
2002-01-11T07:05:48.408 -5.62647000E-04  1.27267700E-03 -9.09993000E-04
2002-01-11T07:05:49.408 -1.03906300E-03  1.86712500E-03 -2.13838000E-04
2002-01-11T07:05:50.408 -7.23493000E-04  1.03709900E-03 -5.77907000E-04
2002-01-11T07:05:51.408 -1.12887900E-03  1.67793700E-03  3.62619000E-04
2002-01-11T07:05:52.408 -8.13115000E-04  1.73669400E-03 -2.53149000E-04
2002-01-11T07:05:53.408 -9.26297000E-04  1.25061700E-03 -3.98804000E-04
2002-01-11T07:05:54.408 -1.28334700E-03  1.98145400E-03  7.13338000E-04
2002-01-11T07:05:55.408 -6.67108000E-04  1.56785200E-03 -5.01972000E-04
2002-01-11T07:05:56.408 -9.09478000E-04  2.74148500E-03  3.97166000E-04
2002-01-11T07:05:57.408  1.17246100E-03  2.43197900E-03  2.13437000E-04
2002-01-11T07:05:58.408  1.38359000E-04  3.78468900E-03  2.04179000E-04
2002-01-11T07:05:59.408  8.44205000E-04  3.12416900E-03 -2.15452000E-04
2002-01-11T07:06:00.408  2.98825000E-04  3.09952800E-03 -4.29135000E-04
2002-01-11T07:06:01.408 -9.43847000E-04  2.76398400E-03 -4.11511000E-04
2002-01-11T07:06:02.408 -7.54815000E-04  2.21339200E-03 -1.90669000E-04
2002-01-11T07:06:03.408 -6.26460000E-05  3.16097600E-03  4.82642000E-04
2002-01-11T07:06:04.408  1.22927600E-03  3.55885900E-03 -1.62583000E-04
2002-01-11T07:06:05.408  5.04500000E-05  3.13362000E-03 -3.54227000E-04
2002-01-11T07:06:06.408 -1.24326500E-03  2.47948200E-03  2.65190000E-04
2002-01-11T07:06:07.408 -3.02404000E-04  3.01478600E-03  5.31183000E-04
2002-01-11T07:06:08.408  1.14389900E-03  3.52808000E-03 -5.11257000E-04
2002-01-11T07:06:09.408 -8.54550000E-05  3.31485500E-03  4.56123000E-04
2002-01-11T07:06:10.408 -1.18302900E-03  3.28617400E-03 -2.09150000E-04
2002-01-11T07:06:11.408 -6.69013000E-04  2.30678100E-03  3.52108000E-04
2002-01-11T07:06:12.408  1.15205700E-03  3.72157700E-03 -2.37403000E-04
2002-01-11T07:06:13.408  8.68260000E-05  3.91305400E-03  8.14351000E-04
2002-01-11T07:06:14.408 -6.08738000E-04  3.18992200E-03 -1.29429400E-03
2002-01-11T07:06:15.408 -6.59790000E-04  2.01954000E-03  1.46778000E-04
2002-01-11T07:06:16.408  1.14532000E-04  3.71855200E-03 -1.92393000E-04
2002-01-11T07:06:17.408  7.49238000E-04  4.25994500E-03 -2.69580000E-04
2002-01-11T07:06:18.408  4.81929000E-04  2.93192800E-03  2.79120000E-05
2002-01-11T07:06:19.408 -1.31883900E-03  2.61217500E-03  5.47694000E-04
2002-01-11T07:06:20.408  8.46200000E-06  2.17050100E-03 -1.70080000E-05
2002-01-11T07:06:21.408  1.16400400E-03  3.64444300E-03 -7.77589000E-04
2002-01-11T07:06:22.408  4.27190000E-04  3.50390000E-03  3.40613000E-04
2002-01-11T07:06:23.408 -3.16351000E-04  2.61870900E-03  1.05692600E-03
2002-01-11T07:06:24.408 -7.12133000E-04  2.09523700E-03 -4.59505000E-04
2002-01-11T07:06:25.408 -2.18845000E-04  3.18175200E-03  1.48965000E-04
2002-01-11T07:06:26.408  1.24926600E-03  4.26094900E-03 -3.87228000E-04
2002-01-11T07:06:27.408  8.86141000E-04  2.89381000E-03  3.41692000E-04
2002-01-11T07:06:28.408 -5.44019000E-04  2.82013400E-03 -2.57243000E-04
2002-01-11T07:06:29.408 -1.47972500E-03  2.19409200E-03 -4.87773000E-04
2002-01-11T07:06:30.408  4.44172000E-04  2.79877200E-03  1.01254300E-03
2002-01-11T07:06:31.408 -7.41628000E-04  3.36362500E-03 -9.01692000E-04
2002-01-11T07:06:32.408  1.04244800E-03  4.16409000E-03  6.13959000E-04
2002-01-11T07:06:33.408  7.53421000E-04  2.52485100E-03  2.63418000E-04
2002-01-11T07:06:34.408 -6.05559000E-04  3.36454200E-03  8.05146000E-04
2002-01-11T07:06:35.408 -3.28540000E-05  1.58284700E-03 -2.31160000E-05
2002-01-11T07:06:36.408 -1.72366700E-03  2.39722000E-03 -8.93240000E-05
2002-01-11T07:06:37.408 -5.09459000E-04  2.67861400E-03  2.94196000E-04
2002-01-11T07:06:38.408  2.38492000E-04  2.90890000E-03  8.68539000E-04
2002-01-11T07:06:39.408  2.34892000E-04  3.87927800E-03 -1.18925000E-04
2002-01-11T07:06:40.408  5.04309000E-04  3.90821300E-03  1.07088000E-04
2002-01-11T07:06:41.408  1.92367000E-04  3.70955900E-03 -6.15008000E-04
2002-01-11T07:06:42.408  1.40300000E-05  2.98905200E-03  1.05812600E-03
2002-01-11T07:06:43.408 -6.34251000E-04  2.32022600E-03  3.16755000E-04
2002-01-11T07:06:44.408 -1.51496300E-03  2.31029700E-03  2.80330000E-04
2002-01-11T07:06:45.408 -2.67801000E-04  1.87831900E-03 -1.46855000E-04
2002-01-11T07:06:46.408 -1.05211000E-04  3.34804100E-03 -2.45402000E-04
2002-01-11T07:06:47.408  9.08760000E-05  3.34019400E-03 -4.08323000E-04
2002-01-11T07:06:48.408  1.28466600E-03  3.06355600E-03  3.29547000E-04
2002-01-11T07:06:49.408 -2.10248000E-04  3.07858900E-03  4.14370000E-04
2002-01-11T07:06:50.408 -3.61838000E-04  1.97477100E-03 -3.79941000E-04
2002-01-11T07:06:51.408 -1.43197300E-03  1.59950300E-03  3.80776000E-04
2002-01-11T07:06:52.408 -2.09800000E-06  4.19598700E-03 -7.07150000E-05
2002-01-11T07:06:53.408  1.19852100E-03  3.59306600E-03 -4.43779000E-04
2002-01-11T07:06:54.408  9.57119000E-04  3.12455400E-03  8.37040000E-04
2002-01-11T07:06:55.408 -5.35259000E-04  3.38526500E-03  2.05890000E-04
2002-01-11T07:06:56.408 -4.00603000E-04  2.07959500E-03 -4.61400000E-06
2002-01-11T07:06:57.408 -1.13309500E-03  2.28676900E-03  1.51300000E-05
2002-01-11T07:06:58.408 -8.82831000E-04  2.38603200E-03 -2.91410000E-05
2002-01-11T07:06:59.408 -6.40470000E-05  2.22959000E-03 -3.34708000E-04
2002-01-11T07:07:00.408 -3.97033000E-04  3.01549800E-03  6.49050000E-04
2002-01-11T07:07:01.408  7.75242000E-04  3.15825700E-03  5.16693000E-04
2002-01-11T07:07:02.408  5.76978000E-04  4.27186700E-03 -1.06257100E-03
2002-01-11T07:07:03.408  8.65285000E-04  3.26679900E-03  2.41282000E-04
2002-01-11T07:07:04.408  8.83422000E-04  3.03696100E-03 -1.23357200E-03
2002-01-11T07:07:05.408  6.95613000E-04  2.77313600E-03  5.88866000E-04
2002-01-11T07:07:06.408 -8.95929000E-04  3.42869700E-03 -7.97970000E-05
2002-01-11T07:07:07.408 -5.35061000E-04  1.55639200E-03  1.53287000E-04
2002-01-11T07:07:08.408 -1.49598500E-03  2.19794900E-03  4.14773000E-04
2002-01-11T07:07:09.408 -2.35260000E-04  3.02408100E-03 -1.01675800E-03
2002-01-11T07:07:10.408  7.40975000E-04  3.50071200E-03  4.13275000E-04
2002-01-11T07:07:11.408  6.46890000E-05  4.38977000E-03 -4.94133000E-04
2002-01-11T07:07:12.408  7.79231000E-04  3.12823100E-03  6.46356000E-04
2002-01-11T07:07:13.408 -8.77652000E-04  3.28206000E-03  5.27175000E-04
2002-01-11T07:07:14.408 -1.22630600E-03  2.60572200E-03  2.41457000E-04
2002-01-11T07:07:15.408  5.14152000E-04  2.49460200E-03 -8.10010000E-05
2002-01-11T07:07:16.408  6.01025000E-04  4.66688200E-03 -9.61929000E-04
2002-01-11T07:07:17.408  9.96600000E-06  3.58810200E-03  6.71935000E-04
2002-01-11T07:07:18.408  1.35378000E-04  2.77899800E-03 -3.41310000E-04
2002-01-11T07:07:19.408 -1.18032300E-03  2.60446900E-03  7.82210000E-05
2002-01-11T07:07:20.408 -1.23584200E-03  2.33319600E-03 -5.93220000E-05
2002-01-11T07:07:21.408  2.23710000E-05  3.37296000E-03  1.15966000E-04
2002-01-11T07:07:22.408  3.53745000E-04  4.28810500E-03  1.25321400E-03
2002-01-11T07:07:23.408  7.12650000E-04  2.36327200E-03 -5.12616000E-04
2002-01-11T07:07:24.408 -6.65354000E-04  2.72986200E-03  3.73230000E-04
2002-01-11T07:07:25.408 -5.11393000E-04  1.34579600E-03 -3.39856000E-04
2002-01-11T07:07:26.408 -6.14402000E-04  2.12832500E-03  1.58149000E-04
2002-01-11T07:07:27.408 -1.94475000E-04  2.58081700E-03 -2.82271000E-04
2002-01-11T07:07:28.408  1.51882800E-03  3.44053600E-03  4.46480000E-05
2002-01-11T07:07:29.408  6.14149000E-04  3.23737700E-03  6.15689000E-04
2002-01-11T07:07:30.408  6.83414000E-04  2.97744900E-03  1.78906000E-04
2002-01-11T07:07:31.408 -1.15845000E-04  3.20622800E-03 -1.30652200E-03
2002-01-11T07:07:32.408  2.30610000E-05  1.90116000E-03 -3.11725000E-04
2002-01-11T07:07:33.408 -2.10601700E-03  3.00139600E-03  2.45422000E-04
2002-01-11T07:07:34.408 -1.51591000E-04  1.02075200E-03 -2.35890000E-05
2002-01-11T07:07:35.408 -1.30673900E-03  2.70830800E-03 -4.58831000E-04
2002-01-11T07:07:36.408  9.69663000E-04  2.51406000E-03  1.03884900E-03
2002-01-11T07:07:37.408  2.90797000E-04  4.09897800E-03 -3.86800000E-06
2002-01-11T07:07:38.408  9.85363000E-04  2.79327400E-03 -3.98438000E-04
2002-01-11T07:07:39.408 -3.29200000E-05  2.82961900E-03  3.98917000E-04
2002-01-11T07:07:40.408 -3.10845000E-04  2.29125400E-03 -7.02689000E-04
2002-01-11T07:07:41.408 -6.13461000E-04  1.82282600E-03  5.97921000E-04
2002-01-11T07:07:42.408 -5.75141000E-04  2.14172900E-03 -4.45222000E-04
2002-01-11T07:07:43.408 -3.90941000E-04  2.14810300E-03  6.43977000E-04
2002-01-11T07:07:44.408 -7.77601000E-04  2.98013200E-03  5.60060000E-05
2002-01-11T07:07:45.408  6.26927000E-04  2.84229300E-03 -1.04921000E-03
2002-01-11T07:07:46.408  7.72665000E-04  3.77928900E-03  1.65469000E-04
2002-01-11T07:07:47.408  1.13551400E-03  3.15943200E-03  1.42330000E-04
2002-01-11T07:07:48.408  4.62748000E-04  3.53872700E-03  8.21201000E-04
2002-01-11T07:07:49.408  1.36321000E-04  2.52260400E-03 -6.24750000E-04
2002-01-11T07:07:50.408 -7.14550000E-04  2.44808500E-03  9.06203000E-04
2002-01-11T07:07:51.408 -1.19642800E-03  1.94772100E-03 -7.95896000E-04
2002-01-11T07:07:52.408 -7.02373000E-04  1.94976000E-03  5.92009000E-04
2002-01-11T07:07:53.408 -8.41704000E-04  2.72920200E-03  7.57674000E-04
2002-01-11T07:07:54.408  1.45960700E-03  3.77365400E-03 -1.08688400E-03
2002-01-11T07:07:55.408  9.32396000E-04  3.73731000E-03  4.22382000E-04
2002-01-11T07:07:56.408  9.93790000E-04  2.85378900E-03 -2.64907000E-04
2002-01-11T07:07:57.408 -7.44611000E-04  3.27352300E-03 -2.91265000E-04
2002-01-11T07:07:58.408 -3.70670000E-05  1.61987700E-03  3.96770000E-05
2002-01-11T07:07:59.408 -1.00985600E-03  2.58838400E-03 -3.25314000E-04
2002-01-11T07:08:00.408 -8.65801000E-04  1.01677800E-03  4.30214000E-04
2002-01-11T07:08:01.408 -8.68472000E-04  2.85073300E-03 -3.92355000E-04
2002-01-11T07:08:02.408  6.50170000E-04  2.75319000E-03  1.21940100E-03
2002-01-11T07:08:03.408  1.71873800E-03  3.65726300E-03 -9.15110000E-04
2002-01-11T07:08:04.408  6.46837000E-04  3.62495600E-03  6.57282000E-04
2002-01-11T07:08:05.408  6.41140000E-04  3.10122900E-03 -4.80325000E-04
2002-01-11T07:08:06.408 -3.91513000E-04  3.37137000E-03 -5.04039000E-04
2002-01-11T07:08:07.408 -3.15463000E-04  1.63013300E-03 -9.05070000E-05
2002-01-11T07:08:08.408 -1.65429600E-03  2.86615600E-03  5.22548000E-04
2002-01-11T07:08:09.408  6.13401000E-04  2.48212800E-03 -3.71804000E-04
2002-01-11T07:08:10.408 -7.95930000E-05  3.00417100E-03 -1.92230000E-05
2002-01-11T07:08:11.408  7.31653000E-04  3.59375400E-03 -5.89790000E-05
2002-01-11T07:08:12.408  5.37758000E-04  3.30314400E-03  1.84534000E-04
2002-01-11T07:08:13.408 -7.26030000E-04  3.40513100E-03 -1.92185000E-04
2002-01-11T07:08:14.408 -6.18253000E-04  1.64939000E-03  6.21992000E-04
2002-01-11T07:08:15.408 -1.11121800E-03  2.33154000E-03 -5.84841000E-04
2002-01-11T07:08:16.408  6.60486000E-04  2.84674200E-03 -6.31467000E-04
2002-01-11T07:08:17.408  7.05848000E-04  2.96781400E-03 -4.63983000E-04
2002-01-11T07:08:18.408  3.71136000E-04  4.19078700E-03  2.76420000E-04
2002-01-11T07:08:19.408  2.63672000E-04  2.96120400E-03 -3.38544000E-04
2002-01-11T07:08:20.408 -9.31685000E-04  2.63352300E-03  1.14668000E-04
2002-01-11T07:08:21.408 -1.23003100E-03  1.60479100E-03 -1.72945000E-04
2002-01-11T07:08:22.408  2.00228000E-04  1.97447300E-03  8.30396000E-04
2002-01-11T07:08:23.408  1.21469000E-04  3.73780100E-03  6.46113000E-04
2002-01-11T07:08:24.408  7.36422000E-04  3.26077700E-03 -1.17476400E-03
2002-01-11T07:08:25.408  8.34626000E-04  2.91573700E-03  1.10219600E-03
2002-01-11T07:08:26.408 -7.12332000E-04  3.31851800E-03 -1.25539200E-03
2002-01-11T07:08:27.408 -6.20408000E-04  1.43569600E-03 -1.61348000E-04
2002-01-11T07:08:28.408 -1.19172900E-03  1.61687400E-03 -2.16857000E-04
2002-01-11T07:08:29.408  1.27975000E-04  2.57160300E-03  3.39842000E-04
2002-01-11T07:08:30.408  6.85433000E-04  2.32587200E-03 -2.40299000E-04
2002-01-11T07:08:31.408  4.73034000E-04  4.07563400E-03  8.62030000E-05
2002-01-11T07:08:32.408  6.58944000E-04  3.00016300E-03  5.36068000E-04
2002-01-11T07:08:33.408 -7.42462000E-04  3.05867500E-03 -3.28268000E-04
2002-01-11T07:08:34.408 -1.07471900E-03  2.37751200E-03  7.06690000E-05
2002-01-11T07:08:35.408 -9.19583000E-04  1.70624900E-03  1.20218600E-03
2002-01-11T07:08:36.408 -8.27604000E-04  2.62228300E-03 -6.26090000E-04
2002-01-11T07:08:37.408  1.14398300E-03  2.94992100E-03  4.17862000E-04
2002-01-11T07:08:38.408  9.33924000E-04  4.08805800E-03 -7.72240000E-04
2002-01-11T07:08:39.408  8.83866000E-04  3.26139800E-03  5.57921000E-04
2002-01-11T07:08:40.408 -7.97500000E-06  3.67224800E-03  2.34744000E-04
2002-01-11T07:08:41.408  1.42998000E-04  2.33460400E-03 -6.91455000E-04
2002-01-11T07:08:42.408 -1.04442500E-03  2.61898100E-03  8.56838000E-04
2002-01-11T07:08:43.408 -9.42470000E-04  1.66837000E-03 -3.36756000E-04
2002-01-11T07:08:44.408 -1.23670100E-03  1.60770200E-03  6.10200000E-04
2002-01-11T07:08:45.408 -1.09197000E-03  2.17167500E-03  3.47190000E-04
2002-01-11T07:08:46.408 -2.05302000E-04  2.76785000E-03 -7.61690000E-05
2002-01-11T07:08:47.408 -1.14101000E-04  3.31917400E-03  2.01232000E-04
2002-01-11T07:08:48.408  1.58233600E-03  3.63174700E-03 -4.44936000E-04
2002-01-11T07:08:49.408  1.28301300E-03  3.72677200E-03 -3.27749000E-04
2002-01-11T07:08:50.408  1.16108200E-03  3.01913600E-03 -1.00390700E-03
2002-01-11T07:08:51.408  4.24097000E-04  3.35120600E-03  3.41955000E-04
2002-01-11T07:08:52.408  6.75632000E-04  2.84863500E-03 -1.97911000E-04
2002-01-11T07:08:53.408 -1.91807000E-04  3.30230800E-03 -2.29822000E-04
2002-01-11T07:08:54.408  1.12025000E-04  2.64696300E-03  2.56075000E-04
2002-01-11T07:08:55.408 -8.03344000E-04  2.95429900E-03  7.77310000E-05
2002-01-11T07:08:56.408  2.23972000E-04  1.52632500E-03  3.83664000E-04
2002-01-11T07:08:57.408 -7.19967000E-04  2.18329400E-03  5.83620000E-05
2002-01-11T07:08:58.408 -6.22717000E-04  1.03234700E-03  7.86681000E-04
2002-01-11T07:08:59.408 -1.02249500E-03  2.27629100E-03 -8.68059000E-04
2002-01-11T07:09:00.408 -1.44081500E-03  1.12806700E-03  9.70219000E-04
2002-01-11T07:09:01.408 -1.22972900E-03  1.43818500E-03  2.75564000E-04
2002-01-11T07:09:02.439 -5.88330000E-05  2.07837600E-03 -2.45469000E-04
2002-01-11T07:09:03.408  8.06019000E-04  1.93207500E-03  6.33042000E-04
2002-01-11T07:09:04.408 -1.86954000E-04  2.66053800E-03 -1.02590000E-05
2002-01-11T07:09:05.408  8.08416000E-04  2.27140300E-03  3.26201000E-04
2002-01-11T07:09:06.408  2.00966000E-04  2.82136100E-03 -4.90881000E-04
2002-01-11T07:09:07.408  9.27894000E-04  2.33147400E-03 -2.68787000E-04
2002-01-11T07:09:08.408  8.87420000E-05  3.62651300E-03 -7.19721000E-04
2002-01-11T07:09:09.408  1.23172300E-03  2.45232600E-03  3.10930000E-04
2002-01-11T07:09:10.408  2.98958000E-04  3.35404600E-03  4.79798000E-04
2002-01-11T07:09:11.408  9.49246000E-04  2.79098100E-03 -1.64075000E-04
2002-01-11T07:09:12.408  1.80815100E-03  2.29007800E-03  5.53095000E-04
2002-01-11T07:09:13.408  9.09489000E-04  2.91753300E-03  1.69901000E-04
2002-01-11T07:09:14.408  1.27242000E-03  3.08848200E-03 -1.99335000E-04
2002-01-11T07:09:15.408  1.14992800E-03  2.83027500E-03 -7.77702000E-04
2002-01-11T07:09:16.408 -7.10006000E-04  2.79560500E-03  1.95996000E-04
2002-01-11T07:09:17.408  8.90251000E-04  2.46627900E-03  3.30712000E-04
2002-01-11T07:09:18.408  2.39662000E-04  2.86680500E-03 -3.83930000E-04
2002-01-11T07:09:19.408 -3.36341000E-04  2.90361100E-03  7.66480000E-04
2002-01-11T07:09:20.408 -2.46672000E-04  8.60597000E-04  1.83928000E-04
2002-01-11T07:09:21.408 -3.88665000E-04  1.22702500E-03 -5.76205000E-04
2002-01-11T07:09:22.408 -1.67975700E-03  9.14354000E-04 -2.21866000E-04
2002-01-11T07:09:23.408 -2.70669000E-04  1.10669200E-03  4.97441000E-04
2002-01-11T07:09:24.408 -8.92501000E-04  1.26030400E-03  3.45846000E-04
2002-01-11T07:09:25.408 -1.18633400E-03  1.96631200E-03  1.02465000E-04
2002-01-11T07:09:26.408  8.34600000E-06  1.31190500E-03  1.01126600E-03
2002-01-11T07:09:27.408  1.59408000E-04  1.29770000E-03  1.84776000E-04
2002-01-11T07:09:28.408 -3.74300000E-04  2.13553500E-03 -1.05663000E-04
2002-01-11T07:09:29.408  8.02247000E-04  1.77844100E-03  3.48428000E-04
2002-01-11T07:09:30.408  1.08231000E-04  2.98769200E-03  3.08920000E-04
2002-01-11T07:09:31.408  3.18082000E-04  2.63889900E-03  4.74005000E-04
2002-01-11T07:09:32.408  9.21145000E-04  2.66227400E-03  1.03982000E-04
2002-01-11T07:09:33.408  7.10776000E-04  3.04724100E-03 -1.96287000E-04
2002-01-11T07:09:34.408  7.34753000E-04  3.26871200E-03 -8.61780000E-05
2002-01-11T07:09:35.408  1.80639200E-03  2.35004600E-03 -5.16909000E-04
2002-01-11T07:09:36.408  9.11935000E-04  3.87558800E-03  2.51992000E-04
2002-01-11T07:09:37.408  8.63783000E-04  3.05571800E-03  1.57108000E-04
2002-01-11T07:09:38.408  7.83190000E-04  1.64704900E-03 -5.13885000E-04
2002-01-11T07:09:39.408 -1.87724000E-04  2.34617200E-03  3.30146000E-04
2002-01-11T07:09:40.408  1.15328000E-04  1.98562500E-03 -6.39270000E-04
2002-01-11T07:09:41.408 -9.57784000E-04  1.40851400E-03  9.31175000E-04
2002-01-11T07:09:42.408 -7.55897000E-04  1.61348500E-03 -6.37689000E-04
2002-01-11T07:09:43.408 -1.20167400E-03  1.07441300E-03 -1.43117000E-04
2002-01-11T07:09:44.408  3.68132000E-04  1.10187400E-03 -3.35642000E-04
2002-01-11T07:09:45.408 -9.48557000E-04  1.52625400E-03  4.97223000E-04
2002-01-11T07:09:46.408 -9.52096000E-04  7.77704000E-04 -1.19840000E-05
2002-01-11T07:09:47.408 -1.85511000E-04  7.79864000E-04 -7.32931000E-04
2002-01-11T07:09:48.408 -1.32456000E-03  1.49920400E-03  1.23923200E-03
2002-01-11T07:09:49.408 -2.35235000E-04  1.06366700E-03 -6.65050000E-05
2002-01-11T07:09:50.408 -1.07611000E-03  1.56364300E-03 -3.29348000E-04
2002-01-11T07:09:51.408 -5.92331000E-04  1.84322300E-03  2.69005000E-04
2002-01-11T07:09:52.408 -3.97210000E-05  1.31693900E-03 -5.50819000E-04
2002-01-11T07:09:53.408 -5.24942000E-04  2.37926100E-03  6.60013000E-04
2002-01-11T07:09:54.408  7.83640000E-05  2.14035100E-03 -3.33415000E-04
2002-01-11T07:09:55.408  1.03750000E-03  2.06712700E-03  6.65520000E-05
2002-01-11T07:09:56.408  8.78240000E-04  2.84521000E-03  4.93401000E-04
2002-01-11T07:09:57.408  4.56066000E-04  2.89374800E-03 -1.71281000E-04
2002-01-11T07:09:58.408  1.20062800E-03  2.49764300E-03 -9.62009000E-04
2002-01-11T07:09:59.408  2.59981000E-04  1.84333600E-03 -3.65640000E-04
2002-01-11T07:10:00.408 -5.04335000E-04  1.99617700E-03 -4.65322000E-04
2002-01-11T07:10:01.408 -4.55338000E-04  1.24021800E-03  3.50165000E-04
2002-01-11T07:10:02.408 -1.18211000E-04  4.98491000E-04 -9.31969000E-04
2002-01-11T07:10:03.408 -1.00103400E-03  1.69320200E-03  4.51079000E-04
2002-01-11T07:10:04.408 -9.60590000E-05  1.54854300E-03 -9.82818000E-04
2002-01-11T07:10:05.408  4.50027000E-04  2.20873100E-03  9.87993000E-04
2002-01-11T07:10:06.408  2.54700000E-06  3.01640700E-03 -2.67981000E-04
2002-01-11T07:10:07.408  1.53667000E-04  3.03395700E-03  5.74987000E-04
2002-01-11T07:10:08.408  1.26568800E-03  1.88777100E-03  4.21612000E-04
2002-01-11T07:10:09.408  1.48396000E-04  2.48553400E-03 -6.39100000E-05
2002-01-11T07:10:10.408 -4.27270000E-04  2.28324400E-03  2.02437000E-04
2002-01-11T07:10:11.408 -5.80999000E-04  7.69675000E-04 -9.09193000E-04
2002-01-11T07:10:12.408 -1.22314000E-03  5.14773000E-04  5.66360000E-04
2002-01-11T07:10:13.408 -1.33878900E-03  2.15442300E-03 -7.04469000E-04
2002-01-11T07:10:14.408 -2.78089000E-04  1.69127300E-03  2.01861000E-03
2002-01-11T07:10:15.408  7.97910000E-05  1.89048400E-03  9.71612000E-04
2002-01-11T07:10:16.408  2.08469000E-04  2.58182900E-03  4.31650000E-04
2002-01-11T07:10:17.408  6.43326000E-04  2.78380400E-03  4.69900000E-04
2002-01-11T07:10:18.408  2.77981000E-04  1.38483700E-03 -5.02017000E-04
2002-01-11T07:10:19.408 -6.69903000E-04  1.50995200E-03 -2.93929000E-04
2002-01-11T07:10:20.408 -1.19847600E-03  2.11558600E-03 -9.29436000E-04
2002-01-11T07:10:21.408 -4.86469000E-04  7.81802000E-04 -1.31160000E-04
2002-01-11T07:10:22.408  2.22295000E-04  1.03064100E-03  2.64121000E-04
2002-01-11T07:10:23.408 -1.84984000E-04  2.63293500E-03 -8.06031000E-04
2002-01-11T07:10:24.408  7.95309000E-04  2.81115200E-03  6.39100000E-06
2002-01-11T07:10:25.408  1.04085000E-03  2.09051200E-03 -2.20506000E-04
2002-01-11T07:10:26.408 -1.93611000E-04  1.51109300E-03 -1.84218000E-04
2002-01-11T07:10:27.408 -4.97339000E-04  1.64950400E-03  5.30250000E-04
2002-01-11T07:10:28.408 -1.01788400E-03  9.77474000E-04  4.15850000E-05
2002-01-11T07:10:29.408 -3.88614000E-04  7.25737000E-04  4.52317000E-04
2002-01-11T07:10:30.408  2.69548000E-04  1.23702000E-03 -1.15148900E-03
2002-01-11T07:10:31.408  2.00502000E-04  2.98631600E-03  5.87267000E-04
2002-01-11T07:10:32.408  9.07447000E-04  2.03766600E-03 -1.14895000E-03
2002-01-11T07:10:33.408 -8.49080000E-05  4.39877000E-04  9.59970000E-05
2002-01-11T07:10:34.408 -2.78552000E-04  6.02737000E-04  1.30543000E-04
2002-01-11T07:10:35.408 -9.97588000E-04  1.39289400E-03  8.85188000E-04
2002-01-11T07:10:36.408  6.64346000E-04  1.96678900E-03 -8.66890000E-05
2002-01-11T07:10:37.408  5.57932000E-04  2.31850500E-03 -2.72057000E-04
2002-01-11T07:10:38.408  6.65683000E-04  1.05022700E-03  2.21197000E-04
2002-01-11T07:10:39.408 -1.46388000E-04  1.52854000E-04 -1.32281000E-03
2002-01-11T07:10:40.408 -8.71700000E-04  1.50209000E-03  1.16801200E-03
2002-01-11T07:10:41.408  2.02264000E-04  2.29339000E-03 -5.71304000E-04
2002-01-11T07:10:42.408  4.87036000E-04  2.39206600E-03 -5.76399000E-04
2002-01-11T07:10:43.408 -6.84576000E-04  5.14327000E-04 -9.71834000E-04
2002-01-11T07:10:44.408 -1.00294300E-03  4.83074000E-04 -9.03328000E-04
2002-01-11T07:10:45.408  2.11473000E-04  3.88510000E-04 -1.94948000E-04
2002-01-11T07:10:46.408  4.82303000E-04  2.16764000E-03  3.37093000E-04
2002-01-11T07:10:47.408  7.95922000E-04  2.50394100E-03 -1.58532000E-04
2002-01-11T07:10:48.408 -1.09265800E-03  1.25544100E-03 -4.05125000E-04
2002-01-11T07:10:49.408 -7.29341000E-04  6.91685000E-04 -3.89972000E-04
2002-01-11T07:10:50.408  1.59761000E-04  1.99457000E-04  9.23712000E-04
2002-01-11T07:10:51.408  8.39668000E-04  1.45644600E-03  5.78870000E-05
2002-01-11T07:10:52.408  1.49289700E-03  2.01720700E-03  3.04562000E-04
2002-01-11T07:10:53.408 -1.06146500E-03  1.55914700E-03  3.62556000E-04
2002-01-11T07:10:54.408 -1.26279600E-03  1.53120400E-03  3.80098000E-04
2002-01-11T07:10:55.408  1.56821000E-04  1.76569400E-03  1.45494500E-03
2002-01-11T07:10:56.408  1.68065400E-03  1.68724800E-03  7.14100000E-05
2002-01-11T07:10:57.408  1.41097000E-04  5.70505000E-04  4.42075000E-04
2002-01-11T07:10:58.408 -8.21597000E-04  2.49274000E-04 -6.03115000E-04
2002-01-11T07:10:59.408  3.99450000E-05  1.25765300E-03  2.60365000E-04
2002-01-11T07:11:00.407  8.88167000E-04  1.76461400E-03  1.58123000E-04
2002-01-11T07:11:01.407 -4.22437000E-04  1.89946200E-03 -5.82180000E-04
2002-01-11T07:11:02.407 -1.06643200E-03  4.63125000E-04 -5.96390000E-05
2002-01-11T07:11:03.407 -3.36259000E-04  7.47549000E-04  2.57091000E-04
2002-01-11T07:11:04.407  7.23841000E-04  1.94401300E-03  2.75408000E-04
2002-01-11T07:11:05.407  1.08984000E-03  4.76016000E-04 -1.03483300E-03
2002-01-11T07:11:06.407 -9.16070000E-04  2.95654000E-04  1.05697100E-03
2002-01-11T07:11:07.407 -6.54568000E-04  1.23755300E-03 -1.15982000E-04
2002-01-11T07:11:08.407  4.43470000E-05  2.64565800E-03  2.43107000E-04
2002-01-11T07:11:09.407  2.02659000E-04  2.00460200E-03 -3.04560000E-04
2002-01-11T07:11:10.407  1.38110000E-04  1.64011000E-03 -2.19786000E-04
2002-01-11T07:11:11.407 -2.11786000E-04  3.01000000E-07  1.09509500E-03
2002-01-11T07:11:12.407  9.46337000E-04  6.70611000E-04  2.77394000E-04
2002-01-11T07:11:13.407  1.42839400E-03  1.63883300E-03 -3.41015000E-04
2002-01-11T07:11:14.407 -2.89247000E-04  8.43625000E-04  1.09869900E-03
2002-01-11T07:11:15.407 -1.30988500E-03  9.02929000E-04 -2.74288000E-04
2002-01-11T07:11:16.407  3.13140000E-04  1.30687600E-03  2.78403000E-04
2002-01-11T07:11:17.407 -7.25400000E-06  2.05515400E-03 -9.45924000E-04
2002-01-11T07:11:18.407 -1.33329300E-03  6.72334000E-04  8.20104000E-04
2002-01-11T07:11:19.407 -1.67079000E-04  5.83976000E-04 -5.04934000E-04
2002-01-11T07:11:20.407  1.01267700E-03  1.23643300E-03  8.59973000E-04
2002-01-11T07:11:21.407  7.10045000E-04  1.15867000E-03 -2.42210000E-05
2002-01-11T07:11:22.407 -2.73511000E-04 -2.15511000E-04 -1.23720000E-05
2002-01-11T07:11:23.407 -4.38530000E-04  3.32223000E-04 -2.30320000E-05
2002-01-11T07:11:24.407 -2.24548000E-04  2.10058700E-03 -3.49560000E-05
2002-01-11T07:11:25.407  3.13294000E-04  1.65030100E-03  9.18126000E-04
2002-01-11T07:11:26.407 -1.33190100E-03  1.05550700E-03 -2.25802000E-04
2002-01-11T07:11:27.407 -7.21093000E-04  1.39491700E-03  1.15646400E-03
2002-01-11T07:11:28.407  8.09939000E-04  2.10450700E-03  6.08349000E-04
2002-01-11T07:11:29.407  3.90123000E-04  1.39584200E-03 -1.08783000E-04
2002-01-11T07:11:30.407 -9.22117000E-04  1.39725000E-04  9.49412000E-04
2002-01-11T07:11:31.407  3.28353000E-04  8.21045000E-04 -2.74800000E-05
2002-01-11T07:11:32.407  1.37578900E-03  1.58589600E-03 -2.62109000E-04
2002-01-11T07:11:33.407  6.04760000E-05  7.86170000E-05  1.14141900E-03
2002-01-11T07:11:34.407 -6.50639000E-04  3.38144000E-04 -5.91585000E-04
2002-01-11T07:11:35.407  4.58167000E-04  1.56522900E-03  6.59718000E-04
2002-01-11T07:11:36.407  6.54679000E-04  7.81813000E-04  3.96351000E-04
2002-01-11T07:11:37.407 -7.12448000E-04  6.82866000E-04 -6.66078000E-04
2002-01-11T07:11:38.407 -2.80706000E-04  1.25744300E-03 -9.49275000E-04
2002-01-11T07:11:39.407  2.39811000E-04  2.49043500E-03 -3.09685000E-04
2002-01-11T07:11:40.407 -1.26622000E-04  1.15641900E-03 -1.95267000E-04
2002-01-11T07:11:41.407 -7.01872000E-04  6.38937000E-04 -8.09556000E-04
2002-01-11T07:11:42.407  2.49476000E-04  1.62891000E-03  2.34927000E-04
2002-01-11T07:11:43.407  5.68131000E-04  1.44578600E-03 -6.57742000E-04
2002-01-11T07:11:44.407 -1.18392300E-03 -2.54902000E-04  2.89029000E-04
2002-01-11T07:11:45.407  4.50368000E-04  8.55424000E-04  8.69620000E-05
2002-01-11T07:11:46.407  1.69717400E-03  1.22666100E-03 -3.50843000E-04
2002-01-11T07:11:47.407 -3.79538000E-04 -4.66475000E-04 -5.59937000E-04
2002-01-11T07:11:48.407 -1.90473000E-04 -8.92610000E-05 -6.44888000E-04
2002-01-11T07:11:49.407  1.20303300E-03  4.09650000E-04 -4.76391000E-04
2002-01-11T07:11:50.407  5.64944000E-04  1.48816700E-03 -2.48622000E-04
2002-01-11T07:11:51.407 -4.99302000E-04 -3.30461000E-04  1.03920000E-03
2002-01-11T07:11:52.407  9.39899000E-04  4.11692000E-04 -4.09068000E-04
2002-01-11T07:11:53.407  7.34755000E-04  1.60195200E-03 -6.34733000E-04
2002-01-11T07:11:54.407 -3.71605000E-04 -2.00869000E-04  2.84862000E-04
2002-01-11T07:11:55.407 -3.41243000E-04  1.15567500E-03 -5.85184000E-04
2002-01-11T07:11:56.407  4.98030000E-04  2.65909200E-03  1.25168300E-03
2002-01-11T07:11:57.407 -2.98051000E-04  1.85392000E-03 -5.22044000E-04
2002-01-11T07:11:58.407 -1.30599000E-03  9.52435000E-04 -2.35033000E-04
2002-01-11T07:11:59.407 -1.80404000E-04  1.77499600E-03 -2.14671000E-04
2002-01-11T07:12:00.407  5.34651000E-04  2.24240100E-03  2.84782000E-04
2002-01-11T07:12:01.407 -1.48515300E-03  7.17743000E-04  1.05966600E-03
2002-01-11T07:12:02.407 -6.77350000E-05  9.71431000E-04  6.89873000E-04
2002-01-11T07:12:03.407  9.14017000E-04  2.03858600E-03  8.15399000E-04
2002-01-11T07:12:04.407 -5.98539000E-04  1.52800000E-06 -2.28016000E-04
2002-01-11T07:12:05.407 -6.05374000E-04 -1.14162000E-04  9.38015000E-04
2002-01-11T07:12:06.407  1.07194500E-03  9.00013000E-04 -3.52416000E-04
2002-01-11T07:12:07.407  3.93870000E-04  4.77070000E-04  1.86883000E-04
2002-01-11T07:12:08.407 -1.27631300E-03 -3.24157000E-04  3.49517000E-04
2002-01-11T07:12:09.407  2.49208000E-04  7.26245000E-04 -2.04632000E-04
2002-01-11T07:12:10.407  6.26608000E-04  1.02560200E-03  1.16100500E-03
2002-01-11T07:12:11.407 -1.99630000E-04  1.46629100E-03  3.15316000E-04
2002-01-11T07:12:12.407 -9.17364000E-04  6.79794000E-04  3.29120000E-05
2002-01-11T07:12:13.407  2.26787000E-04  2.18855100E-03  4.18687000E-04
2002-01-11T07:12:14.407 -4.03858000E-04  1.07100600E-03  4.35683000E-04
2002-01-11T07:12:15.407 -1.26542500E-03  7.47978000E-04  1.63681000E-04
2002-01-11T07:12:16.407 -1.13911000E-04  1.55831300E-03 -3.93609000E-04
2002-01-11T07:12:17.407  7.21274000E-04  2.56752700E-03 -2.09174000E-04
2002-01-11T07:12:18.407 -1.06758700E-03  2.20523000E-04 -2.19423000E-04
2002-01-11T07:12:19.407 -1.75028000E-04  4.90632000E-04  7.89108000E-04
2002-01-11T07:12:20.407  4.56602000E-04  1.58790700E-03 -2.30900000E-06
2002-01-11T07:12:21.407  1.85988000E-04 -2.38205000E-04 -8.88911000E-04
2002-01-11T07:12:22.407 -2.18323000E-04 -2.15110000E-04  3.11271000E-04
2002-01-11T07:12:23.407  1.01920600E-03  7.37221000E-04 -1.54821600E-03
2002-01-11T07:12:24.407 -6.73160000E-05  4.77060000E-04 -1.21237000E-04
2002-01-11T07:12:25.407 -3.62364000E-04 -2.32752000E-04 -1.13466300E-03
2002-01-11T07:12:26.407  7.10911000E-04  1.42797600E-03  7.64555000E-04
2002-01-11T07:12:27.407  3.46714000E-04  9.58082000E-04 -4.85001000E-04
2002-01-11T07:12:28.407 -1.08661500E-03  6.45612000E-04 -2.90425000E-04
2002-01-11T07:12:29.407 -2.29617000E-04  1.23070000E-03  2.06959000E-04
2002-01-11T07:12:30.407  4.08487000E-04  1.74171600E-03  6.18790000E-05
2002-01-11T07:12:31.407 -8.04507000E-04  1.45519500E-03  6.28520000E-05
2002-01-11T07:12:32.407 -4.74788000E-04  8.07420000E-04  3.26251000E-04
2002-01-11T07:12:33.407  8.44194000E-04  1.99558700E-03  1.59914000E-04
2002-01-11T07:12:34.407 -3.56002000E-04  7.18346000E-04 -1.60938000E-04
2002-01-11T07:12:35.407 -3.90859000E-04  2.76036000E-04 -2.92292000E-04
2002-01-11T07:12:36.407  1.11109600E-03  9.66609000E-04 -8.45460000E-04
2002-01-11T07:12:37.407  4.69668000E-04  8.09190000E-04 -9.36319000E-04
2002-01-11T07:12:38.407  3.32000000E-06 -3.03000000E-07  6.51452000E-04
2002-01-11T07:12:39.407  6.85768000E-04  7.23706000E-04  4.46178000E-04
2002-01-11T07:12:40.407  1.08216500E-03  9.45044000E-04 -8.49144000E-04
2002-01-11T07:12:41.407 -7.91746000E-04 -2.69258000E-04  2.21496000E-04
2002-01-11T07:12:42.407 -2.76712000E-04  1.28977500E-03 -6.80231000E-04
2002-01-11T07:12:43.407  1.61499600E-03  1.95173600E-03  1.09772100E-03
2002-01-11T07:12:44.407 -7.61746000E-04 -5.37240000E-05 -1.20476700E-03
2002-01-11T07:12:45.407  1.45266000E-04  9.93337000E-04  1.03608500E-03
2002-01-11T07:12:46.407  3.99914000E-04  2.50346700E-03 -6.64556000E-04
2002-01-11T07:12:47.407 -1.87983100E-03  8.05010000E-04  1.06904900E-03
2002-01-11T07:12:48.407 -2.13713000E-04  1.40603300E-03 -1.52805000E-04
2002-01-11T07:12:49.407  2.50189000E-04  2.13281800E-03  7.69819000E-04
2002-01-11T07:12:50.407 -1.42498900E-03  5.64481000E-04  2.55260000E-04
2002-01-11T07:12:51.407 -4.02734000E-04  1.61123600E-03 -6.53332000E-04
2002-01-11T07:12:52.407  6.08292000E-04  1.27626900E-03  5.21911000E-04
2002-01-11T07:12:53.407 -1.46338300E-03  5.94197000E-04 -4.74640000E-04
2002-01-11T07:12:54.407 -3.18513000E-04  1.45818600E-03  2.94044000E-04
2002-01-11T07:12:55.407  1.26771700E-03  1.75625600E-03 -1.14077400E-03
2002-01-11T07:12:56.407 -1.27133400E-03 -4.15820000E-05  1.09656400E-03
2002-01-11T07:12:57.407  3.95490000E-05  1.13673900E-03 -6.18207000E-04
2002-01-11T07:12:58.407  3.09964000E-04  1.19152900E-03  6.27974000E-04
2002-01-11T07:12:59.407 -3.94195000E-04  2.35154000E-04 -2.99451000E-04
2002-01-11T07:13:00.407  8.87780000E-05  8.05531000E-04 -1.05796000E-04
2002-01-11T07:13:01.407  8.56324000E-04  1.26017200E-03  1.01976100E-03
2002-01-11T07:13:02.407 -5.12491000E-04 -1.87800000E-05 -7.69360000E-05
2002-01-11T07:13:03.407  6.67799000E-04  2.79889000E-04 -8.05344000E-04
2002-01-11T07:13:04.407  1.41792600E-03  7.45295000E-04  2.92211000E-04
2002-01-11T07:13:05.407 -4.16768000E-04 -8.31250000E-05  8.38310000E-05
2002-01-11T07:13:06.407  7.45163000E-04  3.63317000E-04  5.65020000E-04
2002-01-11T07:13:07.407  9.23537000E-04  7.48877000E-04  1.56570000E-05
2002-01-11T07:13:08.407 -9.33255000E-04 -4.40897000E-04  5.63106000E-04
2002-01-11T07:13:09.407  4.78275000E-04  6.84237000E-04 -1.07796200E-03
2002-01-11T07:13:10.407  9.09397000E-04  1.35023600E-03  2.74024000E-04
2002-01-11T07:13:11.407 -5.58716000E-04 -2.76517000E-04 -9.59286000E-04
2002-01-11T07:13:12.407  1.07559000E-03  5.58813000E-04  5.08567000E-04
2002-01-11T07:13:13.407  5.63679000E-04 -1.69392000E-04 -8.88184000E-04
2002-01-11T07:13:14.407 -2.62107000E-04 -1.20743000E-04 -8.20477000E-04
2002-01-11T07:13:15.407  1.40240300E-03  9.13532000E-04  1.86535200E-03
2002-01-11T07:13:16.407 -4.86726000E-04 -1.28315000E-04 -8.90801000E-04
2002-01-11T07:13:17.407  4.14931000E-04  7.95660000E-05  4.14130000E-05
2002-01-11T07:13:18.439  9.52005000E-04  1.93336000E-04 -5.78231000E-04
2002-01-11T07:13:19.407 -2.02531000E-04 -5.23006000E-04  8.06260000E-04
2002-01-11T07:13:20.407  7.42009000E-04  9.33531000E-04  6.67400000E-06
2002-01-11T07:13:21.407  1.30949000E-04 -4.09140000E-04  1.10127600E-03
2002-01-11T07:13:22.407  6.41120000E-05 -3.60660000E-04  3.70230000E-04
2002-01-11T07:13:23.407  1.24045300E-03  7.33301000E-04 -7.43082000E-04
2002-01-11T07:13:24.407 -5.48056000E-04 -9.96102000E-04  1.44642600E-03
2002-01-11T07:13:25.407  6.56960000E-04  2.38247000E-04 -3.37885000E-04
2002-01-11T07:13:26.407 -2.51580000E-04  1.51538000E-04  7.63315000E-04
2002-01-11T07:13:27.407 -5.55061000E-04 -6.55510000E-05 -1.23057300E-03
2002-01-11T07:13:28.407  7.35206000E-04  1.82501100E-03  1.82472000E-04
2002-01-11T07:13:29.407 -8.91511000E-04  3.21197000E-04 -8.97161000E-04
2002-01-11T07:13:30.407 -6.70135000E-04  1.72496100E-03  1.04108300E-03
2002-01-11T07:13:31.407 -3.14440000E-05  6.34727000E-04 -1.75047000E-04
2002-01-11T07:13:32.407 -1.06312700E-03  5.27748000E-04  1.04854100E-03
2002-01-11T07:13:33.407  1.18286200E-03  6.54098000E-04 -1.43895000E-04
2002-01-11T07:13:34.407 -5.66620000E-04 -2.46751000E-04 -3.30468000E-04
2002-01-11T07:13:35.407  3.54090000E-04  4.04437000E-04 -7.81315000E-04
2002-01-11T07:13:36.407  1.42814000E-04 -2.36165000E-04 -4.48087000E-04
2002-01-11T07:13:37.411 -5.31954000E-04  5.00190000E-05  1.55634000E-04
2002-01-11T07:13:38.407  1.39992100E-03  4.04893000E-04 -3.97583000E-04
2002-01-11T07:13:39.407 -4.28252000E-04 -5.96711000E-04 -1.13652900E-03
2002-01-11T07:13:40.407  8.70182000E-04  8.49311000E-04  6.28117000E-04
2002-01-11T07:13:41.407 -8.74922000E-04  2.14852000E-04 -9.54102000E-04
2002-01-11T07:13:42.407 -2.51941000E-04  1.17485900E-03 -2.55518000E-04
2002-01-11T07:13:43.407 -7.74593000E-04  7.16132000E-04 -2.21800000E-05
2002-01-11T07:13:44.407 -7.85506000E-04  9.64708000E-04  6.92894000E-04
2002-01-11T07:13:45.407  1.26468500E-03  1.03298700E-03  1.69770000E-05
2002-01-11T07:13:46.407 -1.14363800E-03 -1.04996000E-04 -5.54800000E-05
2002-01-11T07:13:47.407  1.18584200E-03  7.35233000E-04 -7.41159000E-04
2002-01-11T07:13:48.407  5.09046000E-04 -8.60217000E-04 -1.23597700E-03
2002-01-11T07:13:49.407  8.48655000E-04  2.89589000E-04  7.39642000E-04
2002-01-11T07:13:50.407 -4.55850000E-05  1.74984000E-04 -3.39012000E-04
2002-01-11T07:13:51.407 -9.66080000E-05  4.97826000E-04  3.62259000E-04
2002-01-11T07:13:52.407  3.72042000E-04  8.44681000E-04 -5.58450000E-04
2002-01-11T07:13:53.407 -9.44327000E-04  4.40689000E-04 -1.59520000E-04
2002-01-11T07:13:54.407 -3.57539000E-04  9.92880000E-04  9.13583000E-04
2002-01-11T07:13:55.407 -5.44088000E-04 -5.05531000E-04 -4.39483000E-04
2002-01-11T07:13:56.407  1.21663400E-03  9.29753000E-04 -3.11019000E-04
2002-01-11T07:13:57.407 -4.51209000E-04 -9.79467000E-04 -6.30483000E-04
2002-01-11T07:13:58.407  1.13429600E-03  4.22227000E-04 -2.57090000E-05
2002-01-11T07:13:59.407  7.38580000E-05 -4.02879000E-04 -4.10727000E-04
2002-01-11T07:14:00.407 -1.08926000E-04  9.28044000E-04 -5.22248000E-04
2002-01-11T07:14:01.407 -2.43310000E-05  9.28192000E-04 -5.43770000E-05
2002-01-11T07:14:02.407 -9.06399000E-04  4.66395000E-04 -3.51790000E-04
2002-01-11T07:14:03.407  7.59500000E-05  7.96863000E-04  2.52642000E-04
2002-01-11T07:14:04.407 -1.30603600E-03  2.75414000E-04 -4.16517000E-04
2002-01-11T07:14:05.407  8.75809000E-04  1.26239000E-03  8.81885000E-04
2002-01-11T07:14:06.407 -4.27409000E-04 -1.54825400E-03  1.77242000E-04
2002-01-11T07:14:07.407  1.03846800E-03  3.50010000E-04 -7.01174000E-04
2002-01-11T07:14:08.407 -7.36827000E-04 -7.51797000E-04  8.21763000E-04
2002-01-11T07:14:09.407  1.38372000E-04  5.29586000E-04 -7.60420000E-05
2002-01-11T07:14:10.407 -6.84345000E-04  7.78620000E-05  2.53142000E-04
2002-01-11T07:14:11.407 -1.09271400E-03  6.89767000E-04  1.53110000E-04
2002-01-11T07:14:12.407  6.82551000E-04  7.47502000E-04  2.57084000E-04
2002-01-11T07:14:13.407 -6.30888000E-04 -1.08351000E-04 -1.77875000E-04
2002-01-11T07:14:14.407  9.64704000E-04  1.07027500E-03 -8.99575000E-04
2002-01-11T07:14:15.407 -3.14170000E-04 -8.52711000E-04 -9.99270000E-05
2002-01-11T07:14:16.407  1.10108500E-03  7.09688000E-04 -4.64248000E-04
2002-01-11T07:14:17.407 -2.19266000E-04  3.34020000E-05  5.41478000E-04
2002-01-11T07:14:18.407  5.82915000E-04  5.91496000E-04 -3.08327000E-04
2002-01-11T07:14:19.407  9.58400000E-05  9.57380000E-04 -1.43215000E-04
2002-01-11T07:14:20.407  2.44960000E-05  1.58684600E-03 -7.02019000E-04
2002-01-11T07:14:21.407 -3.48970000E-05 -1.56422000E-04 -4.10929000E-04
2002-01-11T07:14:22.407  1.05469000E-04 -3.00139000E-04 -2.92816000E-04
2002-01-11T07:14:23.407  2.01983500E-03  1.49689000E-04 -4.74101000E-04
2002-01-11T07:14:24.407 -1.71950000E-04 -3.88415000E-04  8.93923000E-04
2002-01-11T07:14:25.407  4.99024000E-04  5.38064000E-04 -1.10293600E-03
2002-01-11T07:14:26.407 -9.87626000E-04 -4.53700000E-06  1.13782300E-03
2002-01-11T07:14:27.407  4.36506000E-04  1.38440300E-03 -1.09027200E-03
2002-01-11T07:14:28.407 -1.40198400E-03  3.28225000E-04  7.14526000E-04
2002-01-11T07:14:29.407  2.93705000E-04  1.32394400E-03 -2.58245000E-04
2002-01-11T07:14:30.407 -5.58321000E-04  1.74730000E-05 -8.60123000E-04
2002-01-11T07:14:31.407  2.18535000E-04  4.86311000E-04  1.07315000E-04
2002-01-11T07:14:32.407  2.49960000E-05 -3.31594000E-04  2.80344000E-04
2002-01-11T07:14:33.407 -2.59707000E-04 -1.12459000E-04  5.67074000E-04
2002-01-11T07:14:34.407  9.85739000E-04  4.19807000E-04 -8.63225000E-04
2002-01-11T07:14:35.407 -8.18939000E-04 -4.14822000E-04  3.07061000E-04
2002-01-11T07:14:36.407  3.25554000E-04  1.66867900E-03  2.56599000E-04
2002-01-11T07:14:37.407 -1.40747000E-03 -1.75790000E-05 -6.45300000E-05
2002-01-11T07:14:38.407 -2.56185000E-04  1.34984700E-03  1.03271000E-04
2002-01-11T07:14:39.407 -8.45345000E-04 -5.92361000E-04 -9.18117000E-04
2002-01-11T07:14:40.407  1.19922200E-03  5.99020000E-05  8.60246000E-04
2002-01-11T07:14:41.407 -6.40163000E-04 -7.28527000E-04 -8.08036000E-04
2002-01-11T07:14:42.407  4.75819000E-04  6.08904000E-04  7.98037000E-04
2002-01-11T07:14:43.407 -6.96114000E-04 -2.65724000E-04 -3.31526000E-04
2002-01-11T07:14:44.407  9.92010000E-05  5.82097000E-04 -5.42753000E-04
2002-01-11T07:14:45.407 -5.66312000E-04  8.75567000E-04  3.67995000E-04
2002-01-11T07:14:46.407 -4.09834000E-04  4.04743000E-04 -1.26924500E-03
2002-01-11T07:14:47.407  1.07757000E-03  4.34923000E-04 -2.07520000E-05
2002-01-11T07:14:48.407 -2.67689000E-04 -7.31200000E-04 -9.12803000E-04
2002-01-11T07:14:49.407  1.40249900E-03 -6.59360000E-05 -2.26035000E-04
2002-01-11T07:14:50.407 -8.55623000E-04 -6.37267000E-04 -4.16839000E-04
2002-01-11T07:14:51.407  1.11947800E-03  1.18193900E-03  1.11380000E-04
2002-01-11T07:14:52.407 -9.59159000E-04  2.55896000E-04 -2.24224000E-04
2002-01-11T07:14:53.407  2.90500000E-04  1.17710800E-03 -3.41837000E-04
2002-01-11T07:14:54.407 -9.08613000E-04 -1.03583000E-04  3.03826000E-04
2002-01-11T07:14:55.407  8.42297000E-04  5.34792000E-04  1.69522000E-04
2002-01-11T07:14:56.407 -6.52290000E-04 -1.42667100E-03 -5.50044000E-04
2002-01-11T07:14:57.407  7.82799000E-04  1.40775000E-04  3.91655000E-04
2002-01-11T07:14:58.407 -3.21199000E-04  2.35036000E-04 -5.00106000E-04
2002-01-11T07:14:59.407 -4.77260000E-05  8.08329000E-04  4.58934000E-04
2002-01-11T07:15:00.407 -1.12203600E-03  7.78623000E-04 -2.62225000E-04
2002-01-11T07:15:01.407 -3.37961000E-04  1.63702000E-04  1.60598000E-04
2002-01-11T07:15:02.407  6.58486000E-04  8.08098000E-04 -6.04768000E-04
2002-01-11T07:15:03.407 -3.93079000E-04 -1.39060000E-05  9.59210000E-04
2002-01-11T07:15:04.407  9.67935000E-04  2.68520000E-05 -4.25835000E-04
2002-01-11T07:15:05.407 -2.81997000E-04 -3.71920000E-04  3.24399000E-04
2002-01-11T07:15:06.407  7.90364000E-04  1.21047300E-03 -2.09786000E-04
2002-01-11T07:15:07.407 -1.17350600E-03  7.44796000E-04 -6.16101000E-04
2002-01-11T07:15:08.407  1.82853000E-04  8.03097000E-04 -5.09760000E-05
2002-01-11T07:15:09.407 -3.37883000E-04 -1.01418700E-03 -4.34571000E-04
2002-01-11T07:15:10.407  1.47580900E-03  1.25210000E-05  6.24820000E-05
2002-01-11T07:15:11.407 -6.65393000E-04 -9.63861000E-04 -2.78626000E-04
2002-01-11T07:15:12.407  6.12796000E-04  8.68500000E-04 -4.45902000E-04
2002-01-11T07:15:13.407 -1.30069500E-03 -4.93603000E-04  5.38938000E-04
2002-01-11T07:15:14.407  2.37505000E-04  1.20030400E-03 -4.47671000E-04
2002-01-11T07:15:15.407 -8.33891000E-04 -1.01115900E-03 -3.98245000E-04
2002-01-11T07:15:16.407  6.91410000E-04  6.39834000E-04 -5.14376000E-04
2002-01-11T07:15:17.407  3.96775000E-04 -4.05473000E-04 -1.14594000E-04
2002-01-11T07:15:18.407  9.66413000E-04  4.36167000E-04 -1.72548000E-04
2002-01-11T07:15:19.407 -7.73338000E-04  2.75762000E-04 -5.32984000E-04
2002-01-11T07:15:20.407 -2.05531000E-04  7.41958000E-04 -9.90969000E-04
2002-01-11T07:15:21.407 -2.98995000E-04  2.79397000E-04 -9.35271000E-04
2002-01-11T07:15:22.407  8.45893000E-04 -9.27940000E-05  9.11506000E-04
2002-01-11T07:15:23.407  1.02741000E-04 -4.03633000E-04 -1.39180000E-03
2002-01-11T07:15:24.407  2.07785000E-04  4.89012000E-04 -3.68145000E-04
2002-01-11T07:15:25.407 -2.23660000E-05  8.79106000E-04  7.35641000E-04
2002-01-11T07:15:26.407 -6.64614000E-04  1.21452900E-03 -1.88580000E-04
2002-01-11T07:15:27.407 -4.55433000E-04 -4.01565000E-04  5.83381000E-04
2002-01-11T07:15:28.407  6.16091000E-04 -4.08465000E-04  3.09488000E-04
2002-01-11T07:15:29.407  2.38440000E-05 -7.41058000E-04  1.55680000E-05
2002-01-11T07:15:30.407  4.55503000E-04  2.30891000E-04 -9.94114000E-04
2002-01-11T07:15:31.407 -3.59245000E-04  2.60905000E-04  4.47388000E-04
2002-01-11T07:15:32.407 -2.28798000E-04  7.23427000E-04  5.05718000E-04
2002-01-11T07:15:33.407  1.06918000E-04  2.25755000E-04 -7.71863000E-04
2002-01-11T07:15:34.411  5.62351000E-04 -1.29070000E-05  1.38090700E-03
2002-01-11T07:15:35.407  3.01301000E-04 -2.56632000E-04 -1.58455000E-04
2002-01-11T07:15:36.407 -8.94190000E-05 -6.73100000E-05  1.15600600E-03
2002-01-11T07:15:37.407 -6.10385000E-04  5.01674000E-04 -1.29623200E-03
2002-01-11T07:15:38.407 -8.41668000E-04  6.15438000E-04  1.55785000E-04
2002-01-11T07:15:39.407 -1.22774000E-04  5.61489000E-04 -6.14746000E-04
2002-01-11T07:15:40.407  4.33400000E-06 -7.43414000E-04  1.11463400E-03
2002-01-11T07:15:41.407  8.96051000E-04 -7.07840000E-05  1.89504000E-04
2002-01-11T07:15:42.407 -5.25047000E-04 -2.78701000E-04  5.33980000E-05
2002-01-11T07:15:43.407  3.16493000E-04  1.31415800E-03  1.07608400E-03
2002-01-11T07:15:44.407 -9.45594000E-04 -2.90718000E-04 -3.45303000E-04
2002-01-11T07:15:45.407  8.23323000E-04  8.82439000E-04 -1.71316000E-04
2002-01-11T07:15:46.407 -3.54747000E-04 -8.03317000E-04 -3.22385000E-04
2002-01-11T07:15:47.407  1.25680200E-03  6.35831000E-04 -3.55426000E-04
2002-01-11T07:15:48.407 -8.30518000E-04 -8.46693000E-04 -1.80811000E-04
2002-01-11T07:15:49.407  3.37284000E-04  1.25942800E-03  8.61810000E-05
2002-01-11T07:15:50.411 -1.35004200E-03 -6.52937000E-04  9.20400000E-06
2002-01-11T07:15:51.407 -4.48069000E-04  4.94132000E-04  6.25681000E-04
2002-01-11T07:15:52.407 -7.84016000E-04 -1.07267500E-03 -6.38131000E-04
2002-01-11T07:15:53.407  1.11290000E-03  3.99619000E-04 -1.04831000E-04
2002-01-11T07:15:54.407 -9.90334000E-04 -1.26890400E-03 -8.05440000E-05
2002-01-11T07:15:55.407  2.64719000E-04  9.38709000E-04 -5.00426000E-04
2002-01-11T07:15:56.407 -9.69616000E-04 -8.07920000E-04  3.72703000E-04
2002-01-11T07:15:57.407  2.58916000E-04  1.00006700E-03  1.17472200E-03
2002-01-11T07:15:58.407  2.55771000E-04 -5.90719000E-04  2.76497000E-04
2002-01-11T07:15:59.407  1.05802200E-03 -1.39630000E-05  1.66410000E-05
2002-01-11T07:16:00.407 -2.09600000E-06 -1.92840000E-04  1.76659000E-04
2002-01-11T07:16:01.407  4.57343000E-04  6.45998000E-04 -3.28204000E-04
2002-01-11T07:16:02.407 -1.23509300E-03  6.86720000E-05  2.29969000E-04
2002-01-11T07:16:03.407  3.26572000E-04  7.91242000E-04 -8.26086000E-04
2002-01-11T07:16:04.407 -6.19133000E-04 -6.45207000E-04  4.27640000E-05
2002-01-11T07:16:05.407  8.62485000E-04 -7.38270000E-05  1.52425000E-04
2002-01-11T07:16:06.411 -1.53684000E-04 -4.29802000E-04 -1.36149000E-04
2002-01-11T07:16:07.407 -3.67450000E-05  7.15138000E-04  4.73670000E-05
2002-01-11T07:16:08.407 -8.94705000E-04  3.35332000E-04 -1.85780000E-05
2002-01-11T07:16:09.407  4.59561000E-04  2.18214000E-04  1.21552000E-04
2002-01-11T07:16:10.407  9.55400000E-05 -6.97491000E-04 -1.23625100E-03
2002-01-11T07:16:11.407  5.79273000E-04  6.23220000E-05  1.13514600E-03
2002-01-11T07:16:12.407  4.55081000E-04  5.25629000E-04  7.18500000E-06
2002-01-11T07:16:13.407 -3.13032000E-04  1.08546600E-03  4.56150000E-05
2002-01-11T07:16:14.407 -7.37645000E-04  1.09614000E-04 -3.78206000E-04
2002-01-11T07:16:15.407  8.73380000E-05  6.50955000E-04  2.41076000E-04
2002-01-11T07:16:16.407  3.03475000E-04 -1.08875300E-03  5.22794000E-04
2002-01-11T07:16:17.407  5.09616000E-04 -2.73253000E-04 -8.59210000E-04
2002-01-11T07:16:18.407 -3.20957000E-04 -2.03960000E-04 -5.09520000E-04
2002-01-11T07:16:19.407 -1.56300000E-05  4.49944000E-04  1.07639500E-03
2002-01-11T07:16:20.407 -3.00411000E-04  3.61935000E-04 -4.94487000E-04
2002-01-11T07:16:21.407  5.48553000E-04 -5.53278000E-04  5.03341000E-04
2002-01-11T07:16:22.411  9.74371000E-04 -7.96450000E-05 -9.68750000E-04
2002-01-11T07:16:23.407 -1.71416000E-04 -2.80894000E-04 -3.54896000E-04
2002-01-11T07:16:24.407 -3.30205000E-04  9.11575000E-04  8.69193000E-04
2002-01-11T07:16:25.407 -6.77150000E-04  2.69253000E-04  1.23660000E-04
2002-01-11T07:16:26.407 -4.72676000E-04  4.29881000E-04 -1.32791000E-04
2002-01-11T07:16:27.407 -1.09100000E-06 -4.05431000E-04  1.54203000E-04
2002-01-11T07:16:28.407  4.10579000E-04 -4.50091000E-04  1.04672000E-04
2002-01-11T07:16:29.407  1.59372000E-04 -2.34730000E-04 -7.07340000E-05
2002-01-11T07:16:30.407  1.79583000E-04  8.76882000E-04  5.45148000E-04
2002-01-11T07:16:31.407 -7.82115000E-04 -2.76420000E-05 -1.06148100E-03
2002-01-11T07:16:32.407  4.88700000E-04  1.28776700E-03  5.05023000E-04
2002-01-11T07:16:33.407 -4.92594000E-04 -4.32795000E-04 -6.06512000E-04
2002-01-11T07:16:34.407  9.62042000E-04 -4.91512000E-04 -2.88567000E-04
2002-01-11T07:16:35.407 -3.73455000E-04 -3.46647000E-04  4.72071000E-04
2002-01-11T07:16:36.407  3.79980000E-05  9.71246000E-04  2.26617000E-04
2002-01-11T07:16:37.407 -7.67301000E-04 -2.91536000E-04  5.73563000E-04
2002-01-11T07:16:38.411  9.88146000E-04  5.90905000E-04 -1.06303000E-04
2002-01-11T07:16:39.407 -8.45884000E-04 -2.46142000E-04 -1.50956000E-04
2002-01-11T07:16:40.407  6.92545000E-04 -7.71099000E-04  5.18656000E-04
2002-01-11T07:16:41.407 -6.43199000E-04 -1.34402000E-04 -3.37667000E-04
2002-01-11T07:16:42.407 -2.10760000E-05  4.15447000E-04 -7.75952000E-04
2002-01-11T07:16:43.407 -1.25732000E-03  4.41603000E-04 -5.83898000E-04
2002-01-11T07:16:44.407  5.57024000E-04  1.11033900E-03 -5.73084000E-04
2002-01-11T07:16:45.407 -6.46092000E-04 -2.75235000E-04 -4.36357000E-04
2002-01-11T07:16:46.407  8.32022000E-04  9.82790000E-05 -6.46120000E-05
2002-01-11T07:16:47.407 -6.00349000E-04 -1.78783000E-04  7.08082000E-04
2002-01-11T07:16:48.407  9.64785000E-04  1.32312700E-03 -1.31221800E-03
2002-01-11T07:16:49.407 -5.54632000E-04 -3.67296000E-04  6.55612000E-04
2002-01-11T07:16:50.407  6.90785000E-04  5.51696000E-04  3.49000000E-07
2002-01-11T07:16:51.407 -3.61640000E-05 -6.52477000E-04  4.85694000E-04
2002-01-11T07:16:52.407  9.54579000E-04  6.07520000E-04 -9.21480000E-05
2002-01-11T07:16:53.407 -4.74868000E-04 -1.10120000E-04  7.79570000E-05
2002-01-11T07:16:54.411  4.23807000E-04  1.02044100E-03 -2.47310000E-05
2002-01-11T07:16:55.407 -4.69481000E-04 -3.47232000E-04 -3.90750000E-04
2002-01-11T07:16:56.407  4.02652000E-04  1.04423100E-03  4.13128000E-04
2002-01-11T07:16:57.407  2.45840000E-04 -1.09799200E-03 -7.82397000E-04
2002-01-11T07:16:58.407  4.91167000E-04  3.37861000E-04 -8.59350000E-05
2002-01-11T07:16:59.407 -6.31346000E-04 -3.84604000E-04 -9.27660000E-05
2002-01-11T07:17:00.407  1.72004000E-04  1.00848800E-03 -7.19300000E-06
2002-01-11T07:17:01.407 -4.76951000E-04 -3.53695000E-04  5.97901000E-04
2002-01-11T07:17:02.407  9.86281000E-04  2.15845000E-04 -6.11266000E-04
2002-01-11T07:17:03.407 -3.63941000E-04 -7.13644000E-04  9.91349000E-04
2002-01-11T07:17:04.407  6.21772000E-04  3.87372000E-04 -4.12048000E-04
2002-01-11T07:17:05.407 -8.08983000E-04 -1.68132000E-04 -6.25989000E-04
2002-01-11T07:17:06.407 -1.83211000E-04  6.70607000E-04  3.89121000E-04
2002-01-11T07:17:07.407 -9.51144000E-04 -2.04728000E-04 -9.51633000E-04
2002-01-11T07:17:08.407  1.17362500E-03  2.08437000E-04  2.39880000E-05
2002-01-11T07:17:09.407 -1.84244000E-04 -8.47903000E-04 -5.02909000E-04
2002-01-11T07:17:10.411  1.26808000E-04  6.82520000E-05 -8.46980000E-05
2002-01-11T07:17:11.407 -9.20869000E-04 -6.25520000E-05 -6.31464000E-04
2002-01-11T07:17:12.407  1.75904000E-04  1.06771400E-03  1.89002000E-04
2002-01-11T07:17:13.407  1.85069000E-04 -4.86487000E-04  1.78001000E-04
2002-01-11T07:17:14.407  8.34366000E-04 -6.45610000E-05 -1.73791000E-04
2002-01-11T07:17:15.407 -3.32835000E-04 -5.30481000E-04  8.20909000E-04
2002-01-11T07:17:16.407  5.13795000E-04  8.48689000E-04 -8.05634000E-04
2002-01-11T07:17:17.407 -1.24501300E-03  2.23677000E-04  1.10084700E-03
2002-01-11T07:17:18.407  6.97040000E-05  1.07531400E-03 -8.62691000E-04
2002-01-11T07:17:19.407 -7.23810000E-05 -9.71322000E-04  5.11629000E-04
2002-01-11T07:17:20.407  1.09719800E-03  2.60000000E-07 -7.85581000E-04
2002-01-11T07:17:21.407 -4.28720000E-04 -5.61355000E-04  1.37873500E-03
2002-01-11T07:17:22.407  2.97554000E-04  9.85919000E-04 -7.93399000E-04
2002-01-11T07:17:23.407 -1.37039700E-03  1.52513000E-04 -4.08861000E-04
2002-01-11T07:17:24.407 -9.07430000E-05  4.42678000E-04  4.69092000E-04
2002-01-11T07:17:25.407 -3.11568000E-04 -2.39408000E-04  1.64387000E-04
2002-01-11T07:17:26.411  1.01334400E-03 -7.21760000E-05  8.31027000E-04
2002-01-11T07:17:27.407 -4.67895000E-04 -7.18096000E-04  2.41230000E-04
2002-01-11T07:17:28.407  8.44692000E-04  1.49596000E-03 -1.10872900E-03
2002-01-11T07:17:29.407 -1.00241600E-03 -1.49978000E-04  1.03914100E-03
2002-01-11T07:17:30.407  7.28744000E-04  1.10055800E-03 -2.14000000E-07
2002-01-11T07:17:31.407 -2.44360000E-04 -7.89174000E-04 -2.87396000E-04
2002-01-11T07:17:32.407  3.41071000E-04  3.09040000E-05 -5.94768000E-04
2002-01-11T07:17:33.407 -5.70191000E-04 -2.10528000E-04  4.24285000E-04
2002-01-11T07:17:34.438 -4.77800000E-06  7.88321000E-04 -2.20734000E-04
2002-01-11T07:17:35.407 -9.95977000E-04  6.45411000E-04  5.29671000E-04
2002-01-11T07:17:36.407  3.89424000E-04 -3.62083000E-04 -1.32077000E-04
2002-01-11T07:17:37.407  3.74545000E-04 -5.66655000E-04 -6.47332000E-04
2002-01-11T07:17:38.407  5.09278000E-04 -7.39590000E-05  8.93671000E-04
2002-01-11T07:17:39.407 -6.71904000E-04  3.14198000E-04 -9.85938000E-04
2002-01-11T07:17:40.407 -4.03349000E-04  7.77862000E-04  1.03917300E-03
2002-01-11T07:17:41.407 -4.71494000E-04  4.03981000E-04 -3.00251000E-04
2002-01-11T07:17:42.411 -1.11667000E-04  2.51866000E-04  2.74401000E-04
2002-01-11T07:17:43.407  5.34474000E-04 -7.73470000E-04 -6.06056000E-04
2002-01-11T07:17:44.407  6.39338000E-04  5.32351000E-04 -4.66984000E-04
2002-01-11T07:17:45.407 -8.77711000E-04  2.79482000E-04  8.35853000E-04
2002-01-11T07:17:46.403 -4.39852000E-04  1.06310500E-03 -6.73248000E-04
2002-01-11T07:17:47.407 -2.75742000E-04 -2.07734000E-04  1.11762200E-03
2002-01-11T07:17:48.407 -1.70420000E-05 -1.88467000E-04 -6.13640000E-04
2002-01-11T07:17:49.407  6.90040000E-05 -4.06015000E-04  1.88633800E-03
2002-01-11T07:17:50.407  1.58289000E-04  2.58565000E-04 -7.33570000E-05
2002-01-11T07:17:51.407 -5.55778000E-04  6.64672000E-04  9.46190000E-05
2002-01-11T07:17:52.407 -6.73072000E-04  5.66151000E-04 -3.96156000E-04
2002-01-11T07:17:53.407 -3.31580000E-04  1.97745000E-04 -4.98037000E-04
2002-01-11T07:17:54.407  4.29817000E-04 -2.09924000E-04  6.01793000E-04
2002-01-11T07:17:55.407  1.60690000E-05 -1.49270000E-05 -1.13143700E-03
2002-01-11T07:17:56.407 -3.40498000E-04  3.40032000E-04  3.87738000E-04
2002-01-11T07:17:57.403 -7.36866000E-04  6.57406000E-04  6.19321000E-04
2002-01-11T07:17:58.411 -8.90950000E-05 -3.72995000E-04 -3.12568000E-04
2002-01-11T07:17:59.407  4.04074000E-04 -6.58790000E-04  3.58221000E-04
2002-01-11T07:18:00.407  1.08293900E-03  4.36099000E-04 -8.89408000E-04
2002-01-11T07:18:01.407 -1.49660000E-05 -6.32260000E-05  4.04145000E-04
2002-01-11T07:18:02.407 -1.17271000E-03 -2.27575000E-04 -4.26009000E-04
2002-01-11T07:18:03.407 -5.02687000E-04  7.45837000E-04 -1.32218600E-03
2002-01-11T07:18:04.407 -8.43046000E-04 -3.17880000E-05  5.75763000E-04
2002-01-11T07:18:05.407  3.15218000E-04 -2.30797000E-04 -3.06255000E-04
2002-01-11T07:18:06.407  1.03998600E-03  3.27302000E-04  6.26282000E-04
2002-01-11T07:18:07.407  2.72112000E-04  1.17921000E-04 -1.29748000E-04
2002-01-11T07:18:08.407 -1.29771400E-03 -1.71442000E-04  4.12078000E-04
2002-01-11T07:18:09.407  3.31585000E-04  5.61903000E-04 -2.95200000E-06
2002-01-11T07:18:10.407 -1.26871000E-04 -9.56434000E-04  3.41646000E-04
2002-01-11T07:18:11.407  9.68301000E-04 -2.88100000E-05 -6.27056000E-04
2002-01-11T07:18:12.407 -8.68167000E-04 -1.52036400E-03  4.90254000E-04
2002-01-11T07:18:13.407  4.32933000E-04  8.13800000E-04 -7.88758000E-04
2002-01-11T07:18:14.411 -1.13844700E-03 -1.09063000E-04 -3.04586000E-04
2002-01-11T07:18:15.407  1.75421000E-04  1.15921200E-03 -6.68534000E-04
2002-01-11T07:18:16.407 -2.17085000E-04 -1.10985000E-03 -1.87057000E-04
2002-01-11T07:18:17.403  9.66819000E-04  5.46336000E-04  8.71288000E-04
2002-01-11T07:18:18.407 -8.30386000E-04 -9.50355000E-04 -3.08922000E-04
2002-01-11T07:18:19.407  9.18012000E-04  1.16624600E-03  1.31870500E-03
2002-01-11T07:18:20.407 -1.25808400E-03 -7.20980000E-05 -4.33589000E-04
2002-01-11T07:18:21.407  8.92054000E-04  3.34371000E-04  5.63632000E-04
2002-01-11T07:18:22.407 -4.86695000E-04 -7.18015000E-04  3.50223000E-04
2002-01-11T07:18:23.407  9.70622000E-04  6.79980000E-05  4.02460000E-05
2002-01-11T07:18:24.407 -4.26612000E-04 -4.29381000E-04  1.75454000E-04
2002-01-11T07:18:25.411  3.19806000E-04  1.04745000E-03  4.08568000E-04
2002-01-11T07:18:26.407 -6.81906000E-04 -1.90212000E-04  4.19072000E-04
2002-01-11T07:18:27.407  5.40235000E-04  3.08977000E-04 -1.79662000E-04
2002-01-11T07:18:28.407 -7.79220000E-05 -8.49282000E-04  4.31003000E-04
2002-01-11T07:18:29.403  3.41283000E-04  4.22390000E-05  1.68955000E-04
2002-01-11T07:18:30.411 -2.78224000E-04  2.75600000E-06  4.76403000E-04
2002-01-11T07:18:31.407  2.19190000E-04  8.28041000E-04  4.59752000E-04
2002-01-11T07:18:32.407 -2.92079000E-04  3.13459000E-04  2.85520000E-05
2002-01-11T07:18:33.403  1.25824000E-04 -5.17080000E-04  1.43532000E-04
2002-01-11T07:18:34.403  1.86259000E-04 -8.23550000E-05  1.49542000E-04
2002-01-11T07:18:35.407 -4.34387000E-04  1.41450000E-05  5.75671000E-04
2002-01-11T07:18:36.407 -2.50011000E-04  4.42479000E-04 -8.95658000E-04
2002-01-11T07:18:37.407 -1.03389400E-03  1.66400000E-06  1.04128000E-04
2002-01-11T07:18:38.407  3.14119000E-04  2.35566000E-04 -3.02604000E-04
2002-01-11T07:18:39.407 -3.91140000E-05 -8.28181000E-04 -7.63958000E-04
2002-01-11T07:18:40.407  3.66993000E-04  3.13480000E-04 -3.96755000E-04
2002-01-11T07:18:41.407 -9.28095000E-04  1.44499000E-04 -7.83316000E-04
2002-01-11T07:18:42.407 -7.41690000E-05  5.63923000E-04  6.34336000E-04
2002-01-11T07:18:43.407  3.75290000E-04 -1.03526200E-03 -7.64854000E-04
2002-01-11T07:18:44.407  5.13726000E-04 -3.71291000E-04  1.10581000E-03
2002-01-11T07:18:45.403  2.38425000E-04 -6.48291000E-04 -1.43469000E-04
2002-01-11T07:18:46.411  3.05147000E-04  4.25177000E-04 -7.74350000E-05
2002-01-11T07:18:47.407 -8.98272000E-04  1.50650000E-05 -9.69970000E-04
2002-01-11T07:18:48.407  6.83450000E-05  7.64007000E-04  2.17922000E-04
2002-01-11T07:18:49.403 -8.04001000E-04 -9.36159000E-04  1.08887100E-03
2002-01-11T07:18:50.403  8.34806000E-04 -3.17383000E-04 -2.18463000E-04
2002-01-11T07:18:51.407 -9.10983000E-04 -1.31355900E-03  8.38108000E-04
2002-01-11T07:18:52.407  2.35048000E-04  6.17703000E-04 -8.23243000E-04
2002-01-11T07:18:53.403 -1.09915100E-03  7.15700000E-05  2.41881000E-04
2002-01-11T07:18:54.407  2.11076000E-04  3.17736000E-04  4.18929000E-04
2002-01-11T07:18:55.407 -5.29432000E-04 -6.22434000E-04 -1.25638000E-04
2002-01-11T07:18:56.407  9.13189000E-04  3.37727000E-04  6.28135000E-04
2002-01-11T07:18:57.407 -1.39641400E-03 -7.46402000E-04 -1.35270500E-03
2002-01-11T07:18:58.407  2.73138000E-04  1.74243900E-03  9.41736000E-04
2002-01-11T07:18:59.407 -1.25199300E-03  7.38770000E-05 -1.17980700E-03
2002-01-11T07:19:00.407  8.03649000E-04  4.94154000E-04  1.71300000E-03
2002-01-11T07:19:01.403 -4.32247000E-04 -1.65610800E-03  6.72670000E-05
2002-01-11T07:19:02.411  8.94014000E-04  5.93649000E-04 -1.60907000E-04
2002-01-11T07:19:03.407 -1.15305400E-03  4.83980000E-05 -8.93556000E-04
2002-01-11T07:19:04.407 -6.04880000E-05  1.94425500E-03  4.70118000E-04
