2001-12-28T08:36:02.657 -5.53725900E-03 -5.45752900E-03 -8.25963700E-03
2001-12-28T08:36:03.653  8.51075600E-03  1.02469300E-03  9.47892000E-04
2001-12-28T08:36:04.653 -4.93358000E-03 -5.58322500E-03  6.98800600E-03
2001-12-28T08:36:05.657  2.60228600E-03  9.40560800E-03  1.87915800E-03
2001-12-28T08:36:06.661 -5.68205000E-04 -5.20993000E-04 -1.77424100E-03
2001-12-28T08:36:07.657  8.28699000E-04 -1.73318000E-04  5.08703000E-04
2001-12-28T08:36:08.657  8.78924000E-04 -5.22028000E-04 -3.03442000E-04
2001-12-28T08:36:09.653 -1.93180000E-05  6.12805000E-04 -3.22450000E-05
2001-12-28T08:36:10.653 -7.42395000E-04 -7.83700000E-06  5.22207000E-04
2001-12-28T08:36:11.653  1.95010000E-05  3.81599000E-04 -7.91426000E-04
2001-12-28T08:36:12.657  5.93133000E-04 -5.60226000E-04 -7.89234000E-04
2001-12-28T08:36:13.653  3.58408000E-04 -4.79776000E-04  4.65354000E-04
2001-12-28T08:36:14.653 -8.15980000E-04  5.80650000E-05 -1.88978000E-04
2001-12-28T08:36:15.653 -5.53900000E-04  7.27340000E-04 -3.66638000E-04
2001-12-28T08:36:16.653 -2.78787000E-04 -2.66299000E-04 -4.18020000E-04
2001-12-28T08:36:17.657  5.09899000E-04 -7.99553000E-04  1.06252200E-03
2001-12-28T08:36:18.653  4.98613000E-04 -8.24220000E-05 -7.56482000E-04
2001-12-28T08:36:19.653 -1.79921000E-04 -3.52280000E-04 -9.27927000E-04
2001-12-28T08:36:20.653  4.08170000E-05  1.57415200E-03 -3.57370000E-04
2001-12-28T08:36:21.653 -9.08251000E-04 -8.91760000E-05 -4.36749000E-04
2001-12-28T08:36:22.661  2.98278000E-04 -1.91137000E-04 -8.97008000E-04
2001-12-28T08:36:23.653 -4.29840000E-04 -1.18568200E-03  2.70460000E-05
2001-12-28T08:36:24.653  1.34499800E-03  1.20170000E-03 -1.36593000E-04
2001-12-28T08:36:25.653 -1.35436000E-03 -4.20395000E-04 -5.23910000E-05
2001-12-28T08:36:26.653  3.69547000E-04  1.10859900E-03  3.48052000E-04
2001-12-28T08:36:27.653 -4.37337000E-04 -1.34586700E-03 -2.63096000E-04
2001-12-28T08:36:28.653  1.46890300E-03  5.31542000E-04 -7.12593000E-04
2001-12-28T08:36:29.653 -1.21852200E-03 -7.91983000E-04 -5.63218000E-04
2001-12-28T08:36:30.653  5.31577000E-04  1.31948000E-03  8.07861000E-04
2001-12-28T08:36:31.653 -9.33556000E-04 -3.76697000E-04  1.78117000E-04
2001-12-28T08:36:32.653  1.21652800E-03  3.86639000E-04 -1.34717000E-04
2001-12-28T08:36:33.657 -1.50805000E-04 -6.05633000E-04  2.54591000E-04
2001-12-28T08:36:34.653  5.81198000E-04  6.92397000E-04  8.12832000E-04
2001-12-28T08:36:35.653 -1.05897000E-03  5.14032000E-04 -6.52164000E-04
2001-12-28T08:36:36.653  6.56721000E-04  3.02237000E-04 -1.40336000E-04
2001-12-28T08:36:37.657  3.08693000E-04  4.86949000E-04  1.72341000E-04
2001-12-28T08:36:38.661  4.01268000E-04 -3.89847000E-04  3.16416000E-04
2001-12-28T08:36:39.653 -1.69455000E-04  2.62965000E-04  1.36080000E-05
2001-12-28T08:36:40.653 -4.92360000E-05  2.62727000E-04  6.36634000E-04
2001-12-28T08:36:41.653 -7.29778000E-04 -1.93933000E-04  3.95812000E-04
2001-12-28T08:36:42.653  8.70140000E-05 -5.66337000E-04 -5.29752000E-04
2001-12-28T08:36:43.653  9.60050000E-05 -8.54168000E-04 -3.10623000E-04
2001-12-28T08:36:44.653 -1.27201000E-04 -1.79500000E-04  8.29467000E-04
2001-12-28T08:36:45.653 -3.20170000E-04  7.37969000E-04 -4.91845000E-04
2001-12-28T08:36:46.653 -9.10295000E-04  9.29000000E-04 -4.57820000E-05
2001-12-28T08:36:47.653  6.80934000E-04  1.43361000E-04 -3.27971000E-04
2001-12-28T08:36:48.653  2.35039000E-04 -8.38347000E-04 -5.45600000E-06
2001-12-28T08:36:49.653  4.56018000E-04  2.21230000E-04 -7.86475000E-04
2001-12-28T08:36:50.653 -6.24377000E-04  9.73100000E-05 -4.16861000E-04
2001-12-28T08:36:51.653 -6.74862000E-04  8.27684000E-04  4.13227000E-04
2001-12-28T08:36:52.653 -5.03003000E-04 -2.48200000E-06 -1.91753000E-04
2001-12-28T08:36:53.653  6.18440000E-04 -8.43470000E-05  3.22710000E-04
2001-12-28T08:36:54.660 -3.89764000E-04 -4.97140000E-04  5.83065000E-04
2001-12-28T08:36:55.653 -1.73196000E-04  8.63101000E-04 -6.44734000E-04
2001-12-28T08:36:56.653 -6.15581000E-04  8.29810000E-05  1.02023500E-03
2001-12-28T08:36:57.653  4.81670000E-04  4.83615000E-04  2.13592000E-04
2001-12-28T08:36:58.653 -4.50148000E-04 -1.05009300E-03 -6.25872000E-04
2001-12-28T08:36:59.653  8.21773000E-04  5.33569000E-04 -6.44724000E-04
2001-12-28T08:37:00.653 -9.87364000E-04 -2.42088000E-04 -2.14000000E-05
2001-12-28T08:37:01.653  5.93270000E-04  1.29069100E-03 -9.46046000E-04
2001-12-28T08:37:02.653 -1.47492000E-03 -2.02930000E-05 -1.23571000E-04
2001-12-28T08:37:03.653  1.67952000E-03  4.61605000E-04  3.78240000E-05
2001-12-28T08:37:04.653 -4.63569000E-04 -1.20646000E-03  1.00142900E-03
2001-12-28T08:37:05.657  6.33060000E-04  8.56600000E-04 -3.26267000E-04
2001-12-28T08:37:06.653 -1.03027400E-03 -5.96718000E-04 -1.03387800E-03
2001-12-28T08:37:07.657  1.20356500E-03  5.33321000E-04  7.10586000E-04
2001-12-28T08:37:08.653 -4.30178000E-04 -1.21671400E-03  3.44738000E-04
2001-12-28T08:37:09.653  9.90828000E-04  2.07730000E-04 -1.03655800E-03
2001-12-28T08:37:10.660 -1.80712800E-03 -6.21837000E-04  5.56672000E-04
2001-12-28T08:37:11.653 -8.62510000E-05  1.05357000E-03 -1.09070000E-05
2001-12-28T08:37:12.657 -1.93864000E-04  1.81281000E-04 -4.18462000E-04
2001-12-28T08:37:13.653  6.12983000E-04 -3.73277000E-04  1.37568000E-04
2001-12-28T08:37:14.653 -1.16019000E-04 -5.73742000E-04 -2.12030000E-04
2001-12-28T08:37:15.653 -2.14219000E-04  2.84318000E-04  4.38934000E-04
2001-12-28T08:37:16.653 -1.43846000E-04  9.50300000E-05 -3.82810000E-04
2001-12-28T08:37:17.653 -2.04320000E-04 -2.98420000E-05  4.02030000E-05
2001-12-28T08:37:18.653  5.02698000E-04 -5.57974000E-04 -5.59883000E-04
2001-12-28T08:37:19.653  1.46331000E-04 -7.42539000E-04 -7.02762000E-04
2001-12-28T08:37:20.653  2.96110000E-04  8.78058000E-04  5.02377000E-04
2001-12-28T08:37:21.657 -7.54767000E-04 -1.60497000E-04  5.33194000E-04
2001-12-28T08:37:22.657  9.37315000E-04  9.43340000E-04 -5.72377000E-04
2001-12-28T08:37:23.653 -6.22380000E-05 -1.12571900E-03 -1.07046000E-04
2001-12-28T08:37:24.653  5.89434000E-04  6.23432000E-04  7.90163000E-04
2001-12-28T08:37:25.653 -6.22484000E-04 -1.88735000E-04  1.84928000E-04
2001-12-28T08:37:26.660  4.76143000E-04  7.82576000E-04  2.74720000E-04
2001-12-28T08:37:27.653 -7.21014000E-04 -1.17122200E-03  2.55748000E-04
2001-12-28T08:37:28.653  1.31235800E-03 -1.91248000E-04  3.70090000E-04
2001-12-28T08:37:29.653 -6.60816000E-04 -2.60723000E-04  2.26698000E-04
2001-12-28T08:37:30.653  4.88717000E-04  5.13730000E-04 -1.02785000E-03
2001-12-28T08:37:31.653 -1.47893800E-03 -6.09370000E-05 -5.60367000E-04
2001-12-28T08:37:32.657  2.28589000E-04  4.43952000E-04  3.96481000E-04
2001-12-28T08:37:33.653  6.69687000E-04 -6.92717000E-04 -1.20289900E-03
2001-12-28T08:37:34.653  5.19744000E-04 -1.85702000E-04 -3.35607000E-04
2001-12-28T08:37:35.653 -1.08459000E-04  2.07196000E-04 -3.54994000E-04
2001-12-28T08:37:36.653 -6.08228000E-04  7.18735000E-04  4.69100000E-04
2001-12-28T08:37:37.657 -1.89254000E-04  6.84110000E-05 -1.90250000E-04
2001-12-28T08:37:38.653  2.55979000E-04 -2.05718000E-04  1.09710000E-05
2001-12-28T08:37:39.653  5.91100000E-04 -2.82160000E-04 -3.56523000E-04
2001-12-28T08:37:40.653 -4.02781000E-04 -2.03182000E-04 -9.78726000E-04
2001-12-28T08:37:41.653 -4.23981000E-04  4.47629000E-04  3.18505000E-04
2001-12-28T08:37:42.660 -9.99130000E-05 -3.56289000E-04  5.87588000E-04
2001-12-28T08:37:43.653  1.36753500E-03 -1.30100000E-06 -7.84900000E-05
2001-12-28T08:37:44.653 -3.17209000E-04 -8.34324000E-04  8.21856000E-04
2001-12-28T08:37:45.653  1.44742000E-04  1.06454900E-03  3.34497000E-04
2001-12-28T08:37:46.653 -6.70169000E-04 -5.33934000E-04  2.59360000E-04
2001-12-28T08:37:47.653  1.20715300E-03  7.69402000E-04 -2.98266000E-04
2001-12-28T08:37:48.653 -1.25653000E-04 -1.26282400E-03 -7.25714000E-04
2001-12-28T08:37:49.653  1.04966600E-03  7.81605000E-04  6.04709000E-04
2001-12-28T08:37:50.653 -9.55242000E-04 -4.94113000E-04 -2.74329000E-04
2001-12-28T08:37:51.653  3.86672000E-04  9.09258000E-04  7.65947000E-04
2001-12-28T08:37:52.653 -8.00814000E-04 -7.80590000E-04  7.34911000E-04
2001-12-28T08:37:53.653  9.14907000E-04 -9.65480000E-05 -6.15116000E-04
2001-12-28T08:37:54.653 -7.74775000E-04 -4.80828000E-04 -1.18419000E-04
2001-12-28T08:37:55.653  5.84375000E-04  1.41461800E-03  9.33362000E-04
2001-12-28T08:37:56.653 -3.40819000E-04 -5.86668000E-04 -3.11200000E-04
2001-12-28T08:37:57.653  8.57352000E-04  4.93146000E-04 -8.86567000E-04
2001-12-28T08:37:58.660 -1.29032000E-04 -1.07139000E-03  4.80692000E-04
2001-12-28T08:37:59.653  3.99850000E-05  8.64205000E-04 -7.31580000E-04
2001-12-28T08:38:00.653 -9.62788000E-04  1.10772000E-04 -7.17799000E-04
2001-12-28T08:38:01.653  3.50590000E-05  5.44135000E-04  2.25839000E-04
2001-12-28T08:38:02.653  1.57761000E-04 -7.85014000E-04 -3.22313000E-04
2001-12-28T08:38:03.653  4.68478000E-04 -1.29913000E-04 -7.98416000E-04
2001-12-28T08:38:04.653 -8.50504000E-04  1.56551000E-04 -9.92000000E-07
2001-12-28T08:38:05.653 -4.09483000E-04  8.81313000E-04  8.34940000E-05
2001-12-28T08:38:06.653 -5.91340000E-04 -4.80306000E-04  1.00061600E-03
2001-12-28T08:38:07.656  9.59900000E-05 -6.01478000E-04 -4.36009000E-04
2001-12-28T08:38:08.653  8.84164000E-04  3.75226000E-04  6.12460000E-05
2001-12-28T08:38:09.653 -1.02046100E-03  3.56540000E-05  1.12091200E-03
2001-12-28T08:38:10.653 -9.72960000E-05  1.63664700E-03 -3.51060000E-04
2001-12-28T08:38:11.653 -2.62967000E-04 -9.10839000E-04 -8.08943000E-04
2001-12-28T08:38:12.653  1.55978500E-03  4.08672000E-04 -3.19268000E-04
2001-12-28T08:38:13.653 -3.02329000E-04 -7.94170000E-04 -5.78246000E-04
2001-12-28T08:38:14.660  8.06524000E-04  9.59307000E-04 -5.78313000E-04
2001-12-28T08:38:15.653 -1.52344700E-03 -5.31470000E-04  3.94170000E-04
2001-12-28T08:38:16.653  5.30183000E-04  8.87704000E-04  2.22416000E-04
2001-12-28T08:38:17.653 -9.49500000E-06 -5.94957000E-04 -3.61993000E-04
2001-12-28T08:38:18.653  1.19423000E-03  2.66469000E-04  1.39619000E-04
2001-12-28T08:38:19.653 -1.10646400E-03 -2.69302000E-04 -2.18735000E-04
2001-12-28T08:38:20.653  1.79195000E-04  7.47355000E-04 -1.29831300E-03
2001-12-28T08:38:21.653 -7.51622000E-04 -4.61140000E-05 -1.47740000E-04
2001-12-28T08:38:22.653  5.87437000E-04  3.99220000E-05  5.80971000E-04
2001-12-28T08:38:23.653  1.02077000E-04 -3.66617000E-04 -6.77152000E-04
2001-12-28T08:38:24.653  2.37710000E-05 -1.42014000E-04 -1.35463900E-03
2001-12-28T08:38:25.656 -5.95175000E-04  6.93685000E-04  1.16270200E-03
2001-12-28T08:38:26.653 -2.76496000E-04  5.62170000E-05  1.38701100E-03
2001-12-28T08:38:27.653 -5.55740000E-05  3.96000000E-07 -7.85377000E-04
2001-12-28T08:38:28.653  3.27223000E-04 -9.57118000E-04  8.92225000E-04
2001-12-28T08:38:29.653  4.75227000E-04  3.92305000E-04  1.79795000E-04
2001-12-28T08:38:30.660 -6.81973000E-04  4.74541000E-04 -2.39366000E-04
2001-12-28T08:38:31.653 -4.40060000E-05  7.21779000E-04  9.95890000E-05
2001-12-28T08:38:32.656 -3.81472000E-04 -4.95178000E-04  5.45571000E-04
2001-12-28T08:38:33.653  1.47713800E-03  7.62900000E-05 -8.60779000E-04
2001-12-28T08:38:34.653 -3.67724000E-04 -6.07595000E-04 -3.13584000E-04
2001-12-28T08:38:35.653  3.99307000E-04  3.30017000E-04  6.42262000E-04
2001-12-28T08:38:36.653 -1.03270600E-03  1.94326000E-04 -8.89044000E-04
2001-12-28T08:38:37.653  1.63826500E-03  1.00000300E-03 -8.61322000E-04
2001-12-28T08:38:38.653 -1.50199000E-04 -1.09832800E-03  9.57544000E-04
2001-12-28T08:38:39.653  1.12662000E-03  7.79520000E-05  4.46644000E-04
2001-12-28T08:38:40.653 -1.09644700E-03 -2.33142000E-04 -1.18205100E-03
2001-12-28T08:38:41.656  4.79264000E-04  1.78926300E-03 -2.06437000E-04
2001-12-28T08:38:42.656 -1.16189200E-03 -1.00823800E-03  6.18950000E-04
2001-12-28T08:38:43.653  1.04021200E-03  4.96624000E-04 -3.03587000E-04
2001-12-28T08:38:44.653 -4.56479000E-04 -1.15743500E-03 -4.06063000E-04
2001-12-28T08:38:45.653  6.56276000E-04  1.02130100E-03  5.14474000E-04
2001-12-28T08:38:46.656 -1.26885000E-03  3.12133000E-04 -1.11970000E-05
2001-12-28T08:38:47.653  6.21779000E-04  1.16189600E-03 -5.56704000E-04
2001-12-28T08:38:48.653 -8.49181000E-04 -1.14133000E-03 -4.55485000E-04
2001-12-28T08:38:49.653  6.36674000E-04  6.00438000E-04  1.06229400E-03
2001-12-28T08:38:50.653 -1.19632800E-03 -3.59239000E-04 -1.74770000E-04
2001-12-28T08:38:51.653 -4.99120000E-05  1.30259100E-03 -6.03129000E-04
2001-12-28T08:38:52.656 -3.31964000E-04  2.23401000E-04 -2.67880000E-05
2001-12-28T08:38:53.653  8.59613000E-04 -1.48171000E-04  5.28584000E-04
2001-12-28T08:38:54.653  1.99350000E-05 -1.11902700E-03 -1.22831000E-03
2001-12-28T08:38:55.653 -2.09081000E-04  5.12041000E-04  5.45986000E-04
2001-12-28T08:38:56.653 -5.64538000E-04  1.21913800E-03  1.17080000E-05
2001-12-28T08:38:57.656 -1.49349000E-04  2.77533000E-04 -2.80276000E-04
2001-12-28T08:38:58.653  2.71548000E-04 -6.52934000E-04 -3.05752000E-04
2001-12-28T08:38:59.653  1.02231000E-04 -1.16913000E-04  1.09600900E-03
2001-12-28T08:39:00.653 -6.28010000E-05  2.31721000E-04  1.03833000E-04
2001-12-28T08:39:01.652 -6.95811000E-04  2.78508000E-04 -1.19868000E-04
2001-12-28T08:39:02.660  2.33255000E-04  5.70482000E-04 -3.46597000E-04
2001-12-28T08:39:03.652 -2.35770000E-04 -7.02671000E-04 -2.85070000E-05
2001-12-28T08:39:04.652  6.58603000E-04  4.35921000E-04 -8.74676000E-04
2001-12-28T08:39:05.652 -1.08137100E-03  1.17892000E-04 -2.41720000E-05
2001-12-28T08:39:06.652  5.69622000E-04 -8.90300000E-06  4.35781000E-04
2001-12-28T08:39:07.652 -1.16410000E-04 -9.19296000E-04  8.39032000E-04
2001-12-28T08:39:08.652  1.65317400E-03  6.19378000E-04 -6.75267000E-04
2001-12-28T08:39:09.652 -5.69467000E-04 -8.94438000E-04  8.36447000E-04
2001-12-28T08:39:10.652  2.87754000E-04  8.37395000E-04  1.37931800E-03
2001-12-28T08:39:11.652 -1.39498200E-03 -3.86840000E-05 -7.17324000E-04
2001-12-28T08:39:12.652  1.04147900E-03  4.61802000E-04 -3.31066000E-04
2001-12-28T08:39:13.652 -3.02743000E-04 -1.81466800E-03  2.51682000E-04
2001-12-28T08:39:14.652  9.78902000E-04  6.00576000E-04  4.18240000E-05
2001-12-28T08:39:15.652 -1.10483200E-03 -6.39405000E-04 -3.02935000E-04
2001-12-28T08:39:16.652  1.24126000E-04  8.13119000E-04  4.54381000E-04
2001-12-28T08:39:17.652 -5.32724000E-04 -2.46557000E-04  3.97499000E-04
2001-12-28T08:39:18.660  9.63717000E-04  1.18165000E-04  3.96587000E-04
2001-12-28T08:39:19.652 -1.16241900E-03 -1.35475000E-03  4.12204000E-04
2001-12-28T08:39:20.652  4.82276000E-04  3.17762000E-04  4.07672000E-04
2001-12-28T08:39:21.652 -9.82626000E-04  7.65359000E-04 -5.92600000E-05
2001-12-28T08:39:22.652  3.36840000E-04  2.84183000E-04  2.02530000E-05
2001-12-28T08:39:23.652 -1.11456600E-03 -9.32946000E-04  1.01088000E-04
2001-12-28T08:39:24.652  5.45039000E-04 -1.09803000E-04  6.32751000E-04
2001-12-28T08:39:25.652  2.79697000E-04  1.83842000E-04 -1.02332400E-03
2001-12-28T08:39:26.652 -4.87248000E-04  5.93736000E-04 -3.42151000E-04
2001-12-28T08:39:27.652  8.70800000E-06 -2.71266000E-04  2.07130000E-05
2001-12-28T08:39:28.652 -1.53230000E-05 -5.92973000E-04  2.47160000E-05
2001-12-28T08:39:29.652  1.01923300E-03  4.41256000E-04 -2.24271000E-04
2001-12-28T08:39:30.652 -3.47971000E-04 -5.79443000E-04  3.33917000E-04
2001-12-28T08:39:31.652 -4.91341000E-04  6.51585000E-04  1.25133500E-03
2001-12-28T08:39:32.652 -1.08704100E-03 -2.56853000E-04  1.26014000E-04
2001-12-28T08:39:33.652  6.97088000E-04  1.51157500E-03 -4.89680000E-05
2001-12-28T08:39:34.660 -4.60615000E-04 -1.54291400E-03  3.47039000E-04
2001-12-28T08:39:35.652  1.31214100E-03  7.03493000E-04  7.91500000E-06
2001-12-28T08:39:36.652 -1.46552300E-03 -4.51251000E-04 -1.62597000E-04
2001-12-28T08:39:37.656  6.21355000E-04  6.02814000E-04  3.54695000E-04
2001-12-28T08:39:38.652 -4.06140000E-04 -3.83318000E-04 -4.52200000E-06
2001-12-28T08:39:39.652  9.85289000E-04  5.00070000E-05  2.24300000E-04
2001-12-28T08:39:40.652  3.37575000E-04 -6.49340000E-04  9.38610000E-05
2001-12-28T08:39:41.652 -1.14929000E-04  5.37387000E-04  1.79006000E-04
2001-12-28T08:39:42.652 -1.31874200E-03  2.67061000E-04  8.86641000E-04
2001-12-28T08:39:43.652 -2.74142000E-04  4.48918000E-04 -4.37252000E-04
2001-12-28T08:39:44.652  9.61050000E-04 -2.69259000E-04 -6.45790000E-05
2001-12-28T08:39:45.656  7.11650000E-05 -6.21811000E-04  6.08282000E-04
2001-12-28T08:39:46.652  1.45519400E-03  1.37112100E-03 -9.48881000E-04
2001-12-28T08:39:47.652 -9.00983000E-04 -3.09280000E-05  2.55752000E-04
2001-12-28T08:39:48.652  7.90444000E-04  1.38175400E-03  1.13212500E-03
2001-12-28T08:39:49.652 -9.69886000E-04 -5.13611000E-04  8.32673000E-04
2001-12-28T08:39:50.660  1.15760500E-03  5.98625000E-04 -1.05049400E-03
2001-12-28T08:39:51.652 -9.39765000E-04 -1.31722600E-03 -3.83668000E-04
2001-12-28T08:39:52.656  4.02683000E-04  9.90792000E-04  5.92751000E-04
2001-12-28T08:39:53.652 -9.46223000E-04  4.93771000E-04  9.37480000E-05
2001-12-28T08:39:54.652  1.85682000E-04  4.76556000E-04 -9.75258000E-04
2001-12-28T08:39:55.652 -5.48468000E-04 -8.60369000E-04  9.51100000E-04
2001-12-28T08:39:56.652  2.86049000E-04 -6.70030000E-04  8.21094000E-04
2001-12-28T08:39:57.652  5.63785000E-04  8.62290000E-05  9.07373000E-04
2001-12-28T08:39:58.652 -5.59482000E-04 -3.69696000E-04  2.45033000E-04
2001-12-28T08:39:59.652  3.74895000E-04  1.72524900E-03 -6.27147000E-04
2001-12-28T08:40:00.652 -1.09681000E-03 -1.44345000E-04  3.30917000E-04
2001-12-28T08:40:01.652  6.40532000E-04  8.37062000E-04  3.05196000E-04
2001-12-28T08:40:02.656 -8.47011000E-04 -1.07380600E-03  1.34807200E-03
2001-12-28T08:40:03.652  1.03670500E-03  3.12337000E-04 -8.65225000E-04
2001-12-28T08:40:04.652 -1.20743700E-03 -8.11968000E-04 -2.55763000E-04
2001-12-28T08:40:05.652  2.84487000E-04  9.39847000E-04  4.79348000E-04
2001-12-28T08:40:06.660 -9.82003000E-04 -3.97223000E-04  2.83125000E-04
2001-12-28T08:40:07.652  4.15270000E-05  5.22850000E-05  2.38023000E-04
2001-12-28T08:40:08.652  3.18295000E-04  8.16990000E-05 -3.94262000E-04
2001-12-28T08:40:09.652  4.90411000E-04 -9.25484000E-04 -1.01960000E-05
2001-12-28T08:40:10.652  5.99057000E-04  8.21870000E-04 -3.08714000E-04
2001-12-28T08:40:11.652 -1.12768100E-03 -1.19944000E-04  1.49297000E-04
2001-12-28T08:40:12.656  3.65112000E-04  1.26538100E-03 -1.30940000E-04
2001-12-28T08:40:13.652 -1.47535500E-03 -5.39541000E-04 -1.30865000E-04
2001-12-28T08:40:14.652  1.11777400E-03  6.81385000E-04 -3.00898000E-04
2001-12-28T08:40:15.652 -3.29543000E-04 -8.96296000E-04 -9.50370000E-05
2001-12-28T08:40:16.652  6.87573000E-04  2.17391000E-04  4.25941000E-04
2001-12-28T08:40:17.656 -7.31520000E-05 -7.36170000E-05 -1.31570000E-05
2001-12-28T08:40:18.652 -5.59886000E-04  7.25526000E-04  7.18080000E-05
2001-12-28T08:40:19.652 -3.73858000E-04  7.68813000E-04  2.51668000E-04
2001-12-28T08:40:20.652 -7.85985000E-04 -6.66460000E-05 -7.98769000E-04
2001-12-28T08:40:21.652  7.96849000E-04  6.75445000E-04 -6.81071000E-04
2001-12-28T08:40:22.660  1.54289000E-04 -1.04412400E-03 -1.03831800E-03
2001-12-28T08:40:23.652  1.05256500E-03  3.27746000E-04  2.52714000E-04
2001-12-28T08:40:24.652 -1.03034600E-03 -2.96899000E-04  9.06002000E-04
2001-12-28T08:40:25.652 -1.24518000E-04  9.22425000E-04 -2.60873000E-04
2001-12-28T08:40:26.652 -9.65570000E-05  6.13721000E-04  4.99684000E-04
2001-12-28T08:40:27.652 -5.86043000E-04  2.88028000E-04  2.07411000E-04
2001-12-28T08:40:28.652  1.62634600E-03  3.99388000E-04 -4.52752000E-04
2001-12-28T08:40:29.652  1.30300000E-06 -1.08474200E-03  2.00576000E-04
2001-12-28T08:40:30.652  9.72364000E-04  5.38668000E-04 -3.46542000E-04
2001-12-28T08:40:31.652 -5.76773000E-04  1.56389000E-04 -8.51379000E-04
2001-12-28T08:40:32.652 -8.09030000E-05  9.09669000E-04  4.14750000E-04
2001-12-28T08:40:33.652 -1.07473000E-04  7.55540000E-04  4.25680000E-04
2001-12-28T08:40:34.652 -6.71493000E-04  2.93459000E-04 -3.70165000E-04
2001-12-28T08:40:35.652  5.01769000E-04  8.04222000E-04 -1.08839300E-03
2001-12-28T08:40:36.652 -1.03552800E-03  3.46180000E-05 -8.26001000E-04
2001-12-28T08:40:37.656  8.50602000E-04  2.89451000E-04  6.18968000E-04
2001-12-28T08:40:38.660  5.33440000E-05 -1.68338000E-04 -1.01536000E-03
2001-12-28T08:40:39.652 -5.74255000E-04 -3.13451000E-04 -1.92506000E-04
2001-12-28T08:40:40.652  9.09068000E-04  1.03637600E-03  6.58957000E-04
2001-12-28T08:40:41.652 -1.22217200E-03  5.19311000E-04  2.12523000E-04
2001-12-28T08:40:42.652 -1.94447000E-04  6.90701000E-04 -4.33549000E-04
2001-12-28T08:40:43.652 -6.34440000E-05  9.50231000E-04  4.63901000E-04
2001-12-28T08:40:44.652 -1.14759200E-03  2.89089000E-04 -1.56937000E-04
2001-12-28T08:40:45.652  4.63994000E-04  1.25473900E-03  2.31601000E-04
2001-12-28T08:40:46.652 -9.42921000E-04 -4.67359000E-04  5.91000000E-06
2001-12-28T08:40:47.652 -5.08893000E-04  2.66191000E-04  4.08791000E-04
2001-12-28T08:40:48.652  9.58297000E-04  1.32595200E-03 -2.03512000E-04
2001-12-28T08:40:49.652 -4.23730000E-04 -5.88398000E-04 -6.51325000E-04
2001-12-28T08:40:50.652  8.27570000E-04  2.11646000E-04  9.63922000E-04
2001-12-28T08:40:51.652  2.75840000E-04  2.61619000E-04  5.85838000E-04
2001-12-28T08:40:52.652 -5.87222000E-04 -4.00080000E-04 -8.97434000E-04
2001-12-28T08:40:53.652  9.05937000E-04  8.42870000E-04  2.18996000E-04
2001-12-28T08:40:54.660  2.06664000E-04  4.63166000E-04  9.32091000E-04
2001-12-28T08:40:55.652 -8.65421000E-04 -2.86776000E-04  4.17077000E-04
2001-12-28T08:40:56.652  1.15958000E-03  1.10214000E-03 -3.31063000E-04
2001-12-28T08:40:57.652  1.96188000E-04  7.20610000E-04  2.71194000E-04
2001-12-28T08:40:58.652 -2.84462000E-04  2.31187000E-04  3.68546000E-04
2001-12-28T08:40:59.652  9.35033000E-04  1.49020800E-03 -1.03961000E-04
2001-12-28T08:41:00.652 -1.01658100E-03  7.49333000E-04 -5.25337000E-04
2001-12-28T08:41:01.652 -4.47370000E-04  1.50626000E-04 -2.46561000E-04
2001-12-28T08:41:02.652  9.31122000E-04  9.49687000E-04 -8.41766000E-04
2001-12-28T08:41:03.652  8.77447000E-04  1.36399500E-03 -4.12287000E-04
2001-12-28T08:41:04.652 -1.16172200E-03 -1.18500000E-06  5.48765000E-04
2001-12-28T08:41:05.656  1.74254000E-04  6.66749000E-04  9.13072000E-04
2001-12-28T08:41:06.652  1.21402700E-03  1.62413100E-03 -6.05719000E-04
2001-12-28T08:41:07.656 -3.97107000E-04 -2.58363000E-04 -1.54989000E-04
2001-12-28T08:41:08.652 -6.77804000E-04 -1.67247000E-04 -2.55970000E-05
2001-12-28T08:41:09.652  8.21008000E-04  2.94199000E-04 -4.28530000E-04
2001-12-28T08:41:10.660  6.12512000E-04  1.69326900E-03 -2.05171000E-04
2001-12-28T08:41:11.652 -2.54640000E-05  6.26397000E-04  1.20853000E-04
2001-12-28T08:41:12.656 -4.95976000E-04  5.76620000E-05 -3.11977000E-04
2001-12-28T08:41:13.652  9.35133000E-04  5.29482000E-04  5.30302000E-04
2001-12-28T08:41:14.652  9.77933000E-04  2.09116400E-03  2.86913000E-04
2001-12-28T08:41:15.652 -4.77613000E-04  1.28742200E-03  6.34153000E-04
2001-12-28T08:41:16.652 -1.40042700E-03  7.39301000E-04 -5.25519000E-04
2001-12-28T08:41:17.652 -2.09284000E-04  1.39853000E-03 -2.70929000E-04
2001-12-28T08:41:18.652  1.23999000E-04  2.42188300E-03 -8.71245000E-04
2001-12-28T08:41:19.652  6.08259000E-04  1.68458800E-03  4.30491000E-04
2001-12-28T08:41:20.652 -5.59334000E-04  1.01852800E-03 -2.20407000E-04
2001-12-28T08:41:21.656 -3.60184000E-04  2.20048000E-04 -3.89420000E-05
2001-12-28T08:41:22.656  7.37763000E-04  7.26046000E-04  1.25827000E-04
2001-12-28T08:41:23.652  1.23592000E-03  1.77599700E-03  1.96791000E-04
2001-12-28T08:41:24.652  1.73290000E-04  1.51600300E-03 -1.45338000E-04
2001-12-28T08:41:25.652 -8.18324000E-04  1.48599900E-03  7.62874000E-04
2001-12-28T08:41:26.660 -1.37565700E-03  1.29542000E-03 -2.71665000E-04
2001-12-28T08:41:27.652  3.58130000E-04  1.59150300E-03 -1.10427700E-03
2001-12-28T08:41:28.652  1.34153800E-03  1.85957000E-03  4.97623000E-04
2001-12-28T08:41:29.652 -7.26550000E-05  7.73512000E-04 -5.52206000E-04
2001-12-28T08:41:30.652 -1.13682700E-03  4.74374000E-04 -4.31184000E-04
2001-12-28T08:41:31.652 -1.30437200E-03  1.50855900E-03  7.68483000E-04
2001-12-28T08:41:32.656  3.63410000E-05  2.33285800E-03  4.43310000E-05
2001-12-28T08:41:33.652  5.58678000E-04  2.05927100E-03 -2.39616000E-04
2001-12-28T08:41:34.652  1.05449700E-03  2.52099600E-03  3.23400000E-06
2001-12-28T08:41:35.652  5.14843000E-04  2.14422200E-03 -2.44342000E-04
2001-12-28T08:41:36.652  3.28073000E-04  2.76077700E-03  3.94776000E-04
2001-12-28T08:41:37.656  3.41962000E-04  1.20830300E-03  3.97930000E-04
2001-12-28T08:41:38.652 -6.94000000E-04  2.05882600E-03 -1.08357000E-04
2001-12-28T08:41:39.652 -1.63035400E-03  1.53668500E-03  4.42193000E-04
2001-12-28T08:41:40.652 -6.35765000E-04  7.52079000E-04 -5.46880000E-04
2001-12-28T08:41:41.652 -3.29957000E-04  1.61142200E-03  4.61904000E-04
2001-12-28T08:41:42.660 -6.69684000E-04  1.68362800E-03  7.66594000E-04
2001-12-28T08:41:43.652 -2.75072000E-04  2.33169800E-03  2.13299000E-04
2001-12-28T08:41:44.652 -5.23035000E-04  2.14178800E-03 -9.63815000E-04
2001-12-28T08:41:45.652  3.05914000E-04  1.25733700E-03 -6.44746000E-04
2001-12-28T08:41:46.652 -2.65224000E-04  2.23345800E-03  6.00244000E-04
2001-12-28T08:41:47.652 -2.98742000E-04  1.91886100E-03  4.73403000E-04
2001-12-28T08:41:48.652  2.09266000E-04  1.84586800E-03 -1.15160700E-03
2001-12-28T08:41:49.652 -8.88880000E-04  1.95697200E-03 -8.85802000E-04
2001-12-28T08:41:50.652  3.94040000E-04  1.49260400E-03  4.37074000E-04
2001-12-28T08:41:51.652  2.17710000E-05  2.50517100E-03 -1.07238800E-03
2001-12-28T08:41:52.652  2.10861000E-04  2.69808400E-03  9.04271000E-04
2001-12-28T08:41:53.652  8.96463000E-04  2.39629200E-03  7.16580000E-05
2001-12-28T08:41:54.652  1.18445900E-03  3.53600000E-03  7.31659000E-04
2001-12-28T08:41:55.652  1.30304000E-04  3.08856900E-03 -4.91654000E-04
2001-12-28T08:41:56.652  7.56328000E-04  2.82656100E-03  1.65315000E-04
2001-12-28T08:41:57.652 -6.10819000E-04  2.86026100E-03  8.44909000E-04
2001-12-28T08:41:58.660 -8.14893000E-04  1.60490800E-03  2.82675000E-04
2001-12-28T08:41:59.652  2.24180000E-05  3.27286100E-03 -3.15263000E-04
2001-12-28T08:42:00.652  8.32730000E-04  4.23784100E-03  3.57900000E-06
2001-12-28T08:42:01.652  6.26701000E-04  2.97931600E-03  7.49918000E-04
2001-12-28T08:42:02.652 -1.18872600E-03  2.65425400E-03 -2.39831000E-04
2001-12-28T08:42:03.652 -1.01419900E-03  2.91641700E-03 -5.45565000E-04
2001-12-28T08:42:04.652  1.43083700E-03  3.27310500E-03  1.94169000E-04
2001-12-28T08:42:05.652  4.01922000E-04  3.68099700E-03 -4.11940000E-04
2001-12-28T08:42:06.652 -5.86021000E-04  3.02978500E-03  4.86529000E-04
2001-12-28T08:42:07.656 -9.47395000E-04  2.68138700E-03  9.27516000E-04
2001-12-28T08:42:08.652  2.12291000E-04  3.21982700E-03  1.74340000E-05
2001-12-28T08:42:09.652  7.04174000E-04  3.95569100E-03 -8.31481000E-04
2001-12-28T08:42:10.652 -6.39476000E-04  2.96548200E-03 -3.97202000E-04
2001-12-28T08:42:11.652 -9.17066000E-04  2.70395500E-03  6.15966000E-04
2001-12-28T08:42:12.652  5.26457000E-04  4.65192500E-03 -3.24130000E-05
2001-12-28T08:42:13.652  3.20163000E-04  3.64457000E-03 -2.53482000E-04
2001-12-28T08:42:14.660 -3.73410000E-04  2.10739000E-03  2.93569000E-04
2001-12-28T08:42:15.652 -1.00111200E-03  3.26563700E-03  6.89368000E-04
2001-12-28T08:42:16.652  8.60612000E-04  4.44066400E-03 -3.59412000E-04
2001-12-28T08:42:17.652 -1.73665000E-04  3.37961200E-03  1.96987000E-04
2001-12-28T08:42:18.652 -4.22354000E-04  3.37265100E-03 -9.61520000E-05
2001-12-28T08:42:19.652  6.83963000E-04  4.32505700E-03 -9.52159000E-04
2001-12-28T08:42:20.652 -4.36770000E-05  3.36386300E-03 -4.83815000E-04
2001-12-28T08:42:21.652 -3.96969000E-04  2.65268100E-03  8.00984000E-04
2001-12-28T08:42:22.652  1.38582600E-03  4.03773100E-03  4.87930000E-04
2001-12-28T08:42:23.652 -2.83444000E-04  3.31225900E-03 -7.41975000E-04
2001-12-28T08:42:24.652  8.54583000E-04  5.23931500E-03 -1.13074000E-04
2001-12-28T08:42:25.656 -2.85670000E-04  3.70152100E-03  9.68444000E-04
2001-12-28T08:42:26.652  6.02080000E-05  4.27909300E-03 -5.83809000E-04
2001-12-28T08:42:27.652 -1.83063000E-04  4.56358200E-03  1.92803000E-04
2001-12-28T08:42:28.652  6.53520000E-05  5.68321700E-03  3.81970000E-05
2001-12-28T08:42:29.652 -3.24677000E-04  4.69273500E-03  6.14555000E-04
2001-12-28T08:42:30.660 -1.16878500E-03  4.20658500E-03 -7.37640000E-05
2001-12-28T08:42:31.652  6.05704000E-04  4.40054700E-03  2.04260000E-04
2001-12-28T08:42:32.656  4.30806000E-04  4.41322400E-03  6.14872000E-04
2001-12-28T08:42:33.652  5.85280000E-05  4.24729600E-03 -1.13875100E-03
2001-12-28T08:42:34.652  5.38403000E-04  7.06567500E-03 -3.23031000E-04
2001-12-28T08:42:35.652 -1.09968200E-03  4.37384300E-03  8.50710000E-05
2001-12-28T08:42:36.652 -9.40400000E-06  4.24070300E-03  6.84710000E-05
2001-12-28T08:42:37.652  4.26443000E-04  4.35535600E-03 -6.13737000E-04
2001-12-28T08:42:38.652 -3.60437000E-04  3.51694600E-03  2.29873000E-04
2001-12-28T08:42:39.652 -3.86460000E-05  5.77418100E-03  2.67686000E-04
2001-12-28T08:42:40.652  7.27116000E-04  6.52607300E-03  2.77930000E-04
2001-12-28T08:42:41.652  1.04447800E-03  6.17626000E-03  4.27530000E-05
2001-12-28T08:42:42.656  1.78367000E-04  6.33756300E-03  8.50630000E-05
2001-12-28T08:42:43.652 -9.86753000E-04  5.55992700E-03 -7.94947000E-04
2001-12-28T08:42:44.652 -1.81816600E-03  5.67461100E-03 -2.06307000E-04
2001-12-28T08:42:45.652 -1.47333300E-03  5.41965800E-03  1.41575400E-03
2001-12-28T08:42:46.660 -1.10648700E-03  5.40970100E-03  3.18426000E-04
2001-12-28T08:42:47.652  1.08717000E-03  8.67473200E-03 -4.46061000E-04
2001-12-28T08:42:48.652 -1.21275000E-03  7.74785400E-03 -6.82819000E-04
2001-12-28T08:42:49.652 -2.81079000E-04  9.95932100E-03  1.33770600E-03
2001-12-28T08:42:50.652  4.28837000E-04  1.12291500E-02  6.18162000E-04
2001-12-28T08:42:51.652  7.21657000E-04  1.15202820E-02  8.80270000E-05
2001-12-28T08:42:52.656  7.51596000E-04  1.10802770E-02  1.47858600E-03
2001-12-28T08:42:53.652 -3.82654000E-04  1.07519410E-02 -1.92971000E-04
2001-12-28T08:42:54.652 -1.42201900E-03  8.70411300E-03 -7.59340000E-05
2001-12-28T08:42:55.652 -1.35754000E-03  9.55198000E-03  8.67475000E-04
2001-12-28T08:42:56.652 -1.45810100E-03  1.01060360E-02  4.37976000E-04
2001-12-28T08:42:57.656  6.61267000E-04  1.25897710E-02 -4.24603000E-04
2001-12-28T08:42:58.652  6.62760000E-04  1.25907760E-02 -1.64812000E-04
2001-12-28T08:42:59.652 -1.59827400E-03  1.10017070E-02  9.91028000E-04
2001-12-28T08:43:00.652  7.81150000E-04  1.25976700E-02  8.10780000E-05
2001-12-28T08:43:01.652 -5.06185000E-04  1.31588080E-02  8.85418000E-04
2001-12-28T08:43:02.660  6.16002000E-04  1.42331610E-02 -1.18444000E-04
2001-12-28T08:43:03.652 -1.04932700E-03  1.26047410E-02  1.46020700E-03
2001-12-28T08:43:04.652 -3.78363000E-04  1.27508680E-02 -3.20158000E-04
2001-12-28T08:43:05.652 -2.42525000E-04  1.25077880E-02  2.47326000E-04
2001-12-28T08:43:06.652  5.65103000E-04  1.39578800E-02  1.03174400E-03
2001-12-28T08:43:07.652 -1.24779300E-03  1.26420530E-02  5.59333000E-04
2001-12-28T08:43:08.652  1.15952000E-03  1.35537700E-02  5.48986000E-04
2001-12-28T08:43:09.652 -1.53695100E-03  1.23065470E-02 -3.76311000E-04
2001-12-28T08:43:10.652  3.31824000E-04  1.36513940E-02  1.83130000E-05
2001-12-28T08:43:11.652  5.61677000E-04  1.46200240E-02 -1.24139000E-04
2001-12-28T08:43:12.652 -1.42534000E-03  1.28783750E-02  4.40592000E-04
2001-12-28T08:43:13.652  2.29009000E-04  1.45091640E-02  9.92731000E-04
2001-12-28T08:43:14.652  4.24856000E-04  1.40355960E-02 -9.03859000E-04
2001-12-28T08:43:15.652 -8.92649000E-04  1.27958610E-02 -1.12039000E-04
2001-12-28T08:43:16.652 -1.10237200E-03  1.22505320E-02 -6.99270000E-05
2001-12-28T08:43:17.652  8.70529000E-04  1.25633550E-02 -1.91029000E-04
2001-12-28T08:43:18.660  9.61325000E-04  1.49002040E-02  6.03018000E-04
2001-12-28T08:43:19.652 -2.21740800E-03  1.27691270E-02  1.88987000E-04
2001-12-28T08:43:20.652  3.19413000E-04  1.43748320E-02 -2.53060000E-05
2001-12-28T08:43:21.652  4.73832000E-04  1.60640010E-02 -1.43700000E-04
2001-12-28T08:43:22.656 -1.64362100E-03  1.30452720E-02 -6.71204000E-04
2001-12-28T08:43:23.652 -1.71936700E-03  1.39867930E-02  1.16352000E-03
2001-12-28T08:43:24.652 -3.02922000E-04  1.45214830E-02  2.78287000E-04
2001-12-28T08:43:25.652 -1.84899600E-03  1.16703510E-02  1.45146000E-04
2001-12-28T08:43:26.652  5.87688000E-04  1.37814590E-02  1.08418900E-03
2001-12-28T08:43:27.652 -1.44970500E-03  1.23773010E-02  7.18900000E-06
2001-12-28T08:43:28.652  2.22684000E-04  1.28693340E-02 -7.15575000E-04
2001-12-28T08:43:29.652 -9.67864000E-04  1.21921670E-02  6.45395000E-04
2001-12-28T08:43:30.652  3.54260000E-04  1.46938420E-02  6.49231000E-04
2001-12-28T08:43:31.652 -1.05775800E-03  1.28627060E-02  3.21720000E-04
2001-12-28T08:43:32.652 -1.82543100E-03  1.40579740E-02 -8.43507000E-04
2001-12-28T08:43:33.652 -1.03443900E-03  1.38472810E-02  6.32355000E-04
2001-12-28T08:43:34.660 -1.47697000E-04  1.46256870E-02  2.91101000E-04
2001-12-28T08:43:35.652 -6.08802000E-04  1.57161430E-02  8.03139000E-04
2001-12-28T08:43:36.652 -1.81761300E-03  1.54391610E-02  6.55642000E-04
2001-12-28T08:43:37.656 -2.07217200E-03  1.53638600E-02  7.97973000E-04
2001-12-28T08:43:38.652  1.00481900E-03  1.64778720E-02  2.49785000E-04
2001-12-28T08:43:39.652  5.99489000E-04  1.71636600E-02 -1.11720000E-05
2001-12-28T08:43:40.652 -6.57910000E-05  1.66195390E-02  1.74401700E-03
2001-12-28T08:43:41.652 -1.51951100E-03  1.56630760E-02  5.36270000E-04
2001-12-28T08:43:42.652 -2.43229800E-03  1.48591900E-02  4.58277000E-04
2001-12-28T08:43:43.652 -2.43751000E-04  1.77091060E-02  2.73347000E-04
2001-12-28T08:43:44.652 -2.09966000E-04  1.71939640E-02  1.14719100E-03
2001-12-28T08:43:45.656 -7.90823000E-04  1.67051140E-02 -8.41680000E-05
2001-12-28T08:43:46.652  2.53957000E-04  1.75706170E-02 -2.23573000E-04
2001-12-28T08:43:47.652 -2.54713000E-04  1.72355850E-02  1.65549400E-03
2001-12-28T08:43:48.652  2.90031000E-04  1.76625460E-02  7.58302000E-04
2001-12-28T08:43:49.652 -6.26726000E-04  1.68071610E-02 -2.21062000E-04
2001-12-28T08:43:50.660  7.11905000E-04  1.74029170E-02  2.60268000E-04
2001-12-28T08:43:51.652 -2.26456300E-03  1.55789970E-02  3.54713000E-04
2001-12-28T08:43:52.656  8.86341000E-04  1.75097600E-02  2.90278000E-04
2001-12-28T08:43:53.652 -1.69529700E-03  1.65749710E-02 -2.58337000E-04
2001-12-28T08:43:54.652 -5.31008000E-04  1.83698110E-02  6.97225000E-04
2001-12-28T08:43:55.652  1.12974700E-03  1.99571160E-02  5.57332000E-04
2001-12-28T08:43:56.652  9.36300000E-05  1.88760870E-02 -9.75822000E-04
2001-12-28T08:43:57.652  5.82612000E-04  1.78109020E-02 -4.83343000E-04
2001-12-28T08:43:58.652  6.48267000E-04  1.85378570E-02  1.43966000E-04
2001-12-28T08:43:59.652 -6.88646000E-04  1.73269860E-02 -5.54749000E-04
2001-12-28T08:44:00.652 -9.15605000E-04  1.81052820E-02  1.76636000E-04
2001-12-28T08:44:01.656  4.08156000E-04  1.87220420E-02  9.47694000E-04
2001-12-28T08:44:02.652 -5.93941000E-04  1.82589030E-02  2.64371000E-04
2001-12-28T08:44:03.652  6.99735000E-04  1.92126950E-02 -4.40503000E-04
2001-12-28T08:44:04.652 -5.01954000E-04  2.02881150E-02 -8.15600000E-06
2001-12-28T08:44:05.652 -6.86323000E-04  2.01541950E-02  7.27916000E-04
2001-12-28T08:44:06.660 -6.07682000E-04  2.00595190E-02 -1.02931600E-03
2001-12-28T08:44:07.652 -4.81271000E-04  1.93554480E-02  5.30319000E-04
2001-12-28T08:44:08.652 -1.61354500E-03  1.68329100E-02  1.15381000E-03
2001-12-28T08:44:09.652  6.77597000E-04  1.81508060E-02 -2.97510000E-05
2001-12-28T08:44:10.652 -2.11517300E-03  1.69121120E-02 -8.41630000E-05
2001-12-28T08:44:11.652  6.46650000E-05  1.86234530E-02  9.21305000E-04
2001-12-28T08:44:12.652  1.97217000E-04  1.90709420E-02  7.87195000E-04
2001-12-28T08:44:13.652 -4.91470000E-05  1.89462100E-02 -3.20941000E-04
2001-12-28T08:44:14.652  2.72058000E-04  1.99204120E-02  2.04465000E-04
2001-12-28T08:44:15.652 -4.41580000E-04  1.81246190E-02  9.74344000E-04
2001-12-28T08:44:16.652  1.61054000E-04  1.90007000E-02 -6.85821000E-04
2001-12-28T08:44:17.656  2.25765000E-04  1.91415660E-02  5.63010000E-04
2001-12-28T08:44:18.652 -1.02717700E-03  1.80328790E-02  6.04676000E-04
2001-12-28T08:44:19.652 -1.02960900E-03  1.83851480E-02  1.06363400E-03
2001-12-28T08:44:20.652 -2.09055000E-03  1.78761130E-02  1.45071000E-04
2001-12-28T08:44:21.652  8.99660000E-05  1.81760970E-02  6.97171000E-04
2001-12-28T08:44:22.660  2.05828000E-04  1.77695290E-02  8.43791000E-04
2001-12-28T08:44:23.652 -3.52359000E-04  1.69254900E-02 -2.82956000E-04
2001-12-28T08:44:24.652  6.46472000E-04  1.82625170E-02 -4.85525000E-04
2001-12-28T08:44:25.652 -1.57066400E-03  1.71266140E-02  1.10549200E-03
2001-12-28T08:44:26.652 -3.41440000E-05  1.83300490E-02  2.84152000E-04
2001-12-28T08:44:27.652  5.39493000E-04  1.87036490E-02  1.11418900E-03
2001-12-28T08:44:28.656 -9.44720000E-05  1.91674510E-02 -8.96060000E-05
2001-12-28T08:44:29.652 -4.67246000E-04  1.97518860E-02  1.10693500E-03
2001-12-28T08:44:30.652 -3.45417000E-04  1.98658430E-02  5.43276000E-04
2001-12-28T08:44:31.652 -4.08232000E-04  1.98984630E-02 -1.31831000E-04
2001-12-28T08:44:32.652 -6.52481000E-04  2.02048610E-02  6.37047000E-04
2001-12-28T08:44:33.652 -2.59348000E-04  1.94837470E-02  6.89075000E-04
2001-12-28T08:44:34.652 -4.37697000E-04  1.89636740E-02  1.17661000E-04
2001-12-28T08:44:35.652  5.17717000E-04  1.89889370E-02  8.36344000E-04
2001-12-28T08:44:36.652  2.02133000E-04  1.97409800E-02  5.96239000E-04
2001-12-28T08:44:37.656 -2.39832000E-04  1.99653190E-02 -5.73674000E-04
2001-12-28T08:44:38.660 -2.88573000E-04  1.92439330E-02 -7.79733000E-04
2001-12-28T08:44:39.652 -1.17263100E-03  1.68582890E-02  7.42893000E-04
2001-12-28T08:44:40.652 -7.65782000E-04  1.87910240E-02  6.33809000E-04
2001-12-28T08:44:41.652  1.82210000E-05  1.91782490E-02 -2.99608000E-04
2001-12-28T08:44:42.652  2.73474000E-04  1.89685490E-02 -4.62630000E-05
2001-12-28T08:44:43.652  1.02223000E-04  1.84012480E-02  5.37613000E-04
2001-12-28T08:44:44.652 -8.35351000E-04  1.73895990E-02  2.10762000E-04
2001-12-28T08:44:45.652 -3.23921000E-04  1.62010140E-02  1.35327000E-04
2001-12-28T08:44:46.652  1.02422900E-03  1.69844680E-02  4.39887000E-04
2001-12-28T08:44:47.652 -1.70209700E-03  1.63166540E-02  7.13294000E-04
2001-12-28T08:44:48.652  7.38180000E-04  1.77269500E-02  9.49156000E-04
2001-12-28T08:44:49.652 -2.08409900E-03  1.61172580E-02  4.66882000E-04
2001-12-28T08:44:50.656  4.73213000E-04  1.80155910E-02  1.05702000E-04
2001-12-28T08:44:51.652 -3.21237000E-04  1.81508250E-02  1.68100000E-06
2001-12-28T08:44:52.652 -1.29150400E-03  1.79522780E-02 -5.10400000E-06
2001-12-28T08:44:53.652 -3.44385000E-04  1.93584110E-02  2.55212000E-04
2001-12-28T08:44:54.660  2.09954000E-04  1.91343260E-02  3.81353000E-04
2001-12-28T08:44:55.652 -2.26473100E-03  1.72295480E-02  9.74430000E-04
2001-12-28T08:44:56.652 -4.19315000E-04  1.84707470E-02  5.29031000E-04
2001-12-28T08:44:57.652 -8.03650000E-05  1.89306740E-02  1.11102300E-03
2001-12-28T08:44:58.652 -1.90979800E-03  1.71464290E-02 -9.23483000E-04
2001-12-28T08:44:59.652 -4.31760000E-04  1.77759160E-02 -1.14705000E-04
2001-12-28T08:45:00.652  4.77373000E-04  1.87496080E-02  9.26950000E-04
2001-12-28T08:45:01.652 -3.53484000E-04  1.65336430E-02 -2.93414000E-04
2001-12-28T08:45:02.652 -1.26077100E-03  1.56187580E-02  7.76500000E-06
2001-12-28T08:45:03.652  1.08714000E-03  1.67990810E-02  2.88082000E-04
2001-12-28T08:45:04.652 -6.82763000E-04  1.49975500E-02 -1.20547000E-04
2001-12-28T08:45:05.656 -5.68891000E-04  1.52776230E-02 -5.90940000E-05
2001-12-28T08:45:06.652  9.76697000E-04  1.61115620E-02  3.42065000E-04
2001-12-28T08:45:07.656 -3.22564000E-04  1.47316920E-02 -1.41478000E-04
2001-12-28T08:45:08.652  1.14633700E-03  1.61945520E-02  3.93833000E-04
2001-12-28T08:45:09.652 -1.64728500E-03  1.24747100E-02 -6.90464000E-04
2001-12-28T08:45:10.660  1.59251000E-04  1.31720740E-02 -3.38335000E-04
2001-12-28T08:45:11.652 -5.53766000E-04  1.38112830E-02  1.60022000E-03
2001-12-28T08:45:12.656 -1.74260000E-05  1.23815360E-02  6.90544000E-04
2001-12-28T08:45:13.652 -1.42337800E-03  1.10256940E-02  4.54165000E-04
2001-12-28T08:45:14.652  8.21541000E-04  1.21724050E-02  3.59217000E-04
2001-12-28T08:45:15.652  8.66773000E-04  1.21052300E-02  6.75590000E-05
2001-12-28T08:45:16.652 -4.34628000E-04  1.18464640E-02  2.35609000E-04
2001-12-28T08:45:17.652  1.75645800E-03  1.31787950E-02  8.69695000E-04
2001-12-28T08:45:18.652  1.18666000E-04  1.23433330E-02  2.63721000E-04
2001-12-28T08:45:19.652 -9.77889000E-04  1.13860420E-02 -2.57448000E-04
2001-12-28T08:45:20.652 -2.84617000E-04  1.15696130E-02 -1.92756000E-04
2001-12-28T08:45:21.652  4.12341000E-04  1.28535230E-02  9.33682000E-04
2001-12-28T08:45:22.652 -6.83293000E-04  1.31425600E-02  3.07110000E-05
2001-12-28T08:45:23.652  6.09803000E-04  1.28234930E-02  2.14551000E-04
2001-12-28T08:45:24.652 -1.59426300E-03  1.13206410E-02  1.32543000E-04
2001-12-28T08:45:25.652  6.81300000E-04  1.35508100E-02  1.49104600E-03
2001-12-28T08:45:26.660 -1.11332000E-03  1.15632920E-02 -5.15589000E-04
2001-12-28T08:45:27.652  5.69938000E-04  1.36370710E-02 -5.30764000E-04
2001-12-28T08:45:28.652 -1.54439700E-03  1.22561100E-02 -1.21070000E-05
2001-12-28T08:45:29.652  5.56020000E-04  1.37025560E-02 -8.07520000E-05
2001-12-28T08:45:30.652 -6.95037000E-04  1.22725380E-02 -1.85410000E-05
2001-12-28T08:45:31.652  8.73273000E-04  1.41705740E-02  1.04693000E-03
2001-12-28T08:45:32.652 -1.67293600E-03  1.28105670E-02  3.72376000E-04
2001-12-28T08:45:33.652  2.97638000E-04  1.33624950E-02  3.62010000E-05
2001-12-28T08:45:34.652  5.29350000E-04  1.25319760E-02  3.45933000E-04
2001-12-28T08:45:35.652  7.37594000E-04  1.16815020E-02  9.40100000E-04
2001-12-28T08:45:36.652  4.43267000E-04  1.20224470E-02  2.32198000E-04
2001-12-28T08:45:37.656  1.05600200E-03  1.15683220E-02 -4.71720000E-04
2001-12-28T08:45:38.652  4.57798000E-04  1.11322820E-02  7.37343000E-04
2001-12-28T08:45:39.652  8.17212000E-04  1.18120980E-02  1.36359400E-03
2001-12-28T08:45:40.652  6.05046000E-04  1.20554440E-02 -6.08200000E-05
2001-12-28T08:45:41.652  5.61856000E-04  1.19671030E-02  5.63179000E-04
2001-12-28T08:45:42.660  1.07298400E-03  1.17017240E-02  3.19798000E-04
2001-12-28T08:45:43.652  8.10374000E-04  1.13308540E-02 -2.69540000E-05
2001-12-28T08:45:44.652  8.37774000E-04  1.12326630E-02  3.95250000E-05
2001-12-28T08:45:45.652 -3.14470000E-05  1.08621550E-02 -2.93317000E-04
2001-12-28T08:45:46.652 -7.78890000E-04  8.34058600E-03  4.60636000E-04
2001-12-28T08:45:47.652  4.52021000E-04  9.41449700E-03  6.78347000E-04
2001-12-28T08:45:48.652 -1.03480800E-03  7.24255700E-03  1.67146000E-04
2001-12-28T08:45:49.652  8.15612000E-04  8.79324700E-03  1.66791000E-04
2001-12-28T08:45:50.652 -5.32150000E-04  8.05860900E-03  9.78322000E-04
2001-12-28T08:45:51.652 -1.27111700E-03  6.56571700E-03 -6.99178000E-04
2001-12-28T08:45:52.652 -8.55111000E-04  6.25666300E-03 -2.38908000E-04
2001-12-28T08:45:53.652  1.82270000E-05  7.70891300E-03  9.22850000E-04
2001-12-28T08:45:54.652  4.82237000E-04  8.34817500E-03  9.21800000E-05
2001-12-28T08:45:55.652 -1.27071200E-03  8.18761800E-03  6.84471000E-04
2001-12-28T08:45:56.652  3.20547000E-04  9.78034200E-03  1.48414000E-04
2001-12-28T08:45:57.652 -1.19110800E-03  6.57580300E-03  4.05372000E-04
2001-12-28T08:45:58.660  6.87883000E-04  9.21288800E-03 -9.01126000E-04
2001-12-28T08:45:59.652  1.03359700E-03  1.07450730E-02 -3.08688000E-04
2001-12-28T08:46:00.652  1.66140000E-05  1.04545410E-02 -3.70047000E-04
2001-12-28T08:46:01.652 -7.53123000E-04  8.04334600E-03  6.52480000E-04
2001-12-28T08:46:02.652  1.72967500E-03  8.93765300E-03  5.35690000E-05
2001-12-28T08:46:03.652  1.02309500E-03  7.50065800E-03  1.30176000E-03
2001-12-28T08:46:04.652  1.04667300E-03  6.60859800E-03  3.34210000E-04
2001-12-28T08:46:05.652 -8.49888000E-04  4.03292800E-03 -2.55827000E-04
2001-12-28T08:46:06.652  3.32728000E-04  4.76514100E-03 -6.16993000E-04
2001-12-28T08:46:07.656  5.13818000E-04  5.24071900E-03  2.20650000E-04
2001-12-28T08:46:08.652  1.44353000E-04  3.38149800E-03  4.69612000E-04
2001-12-28T08:46:09.652  9.76167000E-04  4.20185300E-03  8.46710000E-05
2001-12-28T08:46:10.652 -4.56332000E-04  3.82247000E-03  3.61107000E-04
2001-12-28T08:46:11.652  9.79949000E-04  4.12911500E-03  8.00664000E-04
2001-12-28T08:46:12.652  1.74849000E-04  3.42792200E-03 -1.73342000E-04
2001-12-28T08:46:13.652  5.96448000E-04  4.23970700E-03 -3.73483000E-04
2001-12-28T08:46:14.660  1.82023000E-04  3.99769000E-03 -1.81600000E-04
2001-12-28T08:46:15.652 -6.80348000E-04  3.76104200E-03  2.89587000E-04
2001-12-28T08:46:16.652  1.03775000E-04  4.95079000E-03 -1.21716500E-03
2001-12-28T08:46:17.652 -1.22110300E-03  3.84253800E-03 -2.06822000E-04
2001-12-28T08:46:18.652  8.77212000E-04  4.84260400E-03  1.69444700E-03
2001-12-28T08:46:19.652 -9.16895000E-04  3.07213000E-03  5.15940000E-05
2001-12-28T08:46:20.652 -8.15498000E-04  2.76332000E-03 -4.44219000E-04
2001-12-28T08:46:21.652  6.42588000E-04  3.87311400E-03  7.55271000E-04
2001-12-28T08:46:22.652 -9.13430000E-04  2.98816500E-03 -1.93379000E-04
2001-12-28T08:46:23.652  1.01937800E-03  3.65358000E-03 -8.44114000E-04
2001-12-28T08:46:24.652  1.02766100E-03  4.02331800E-03 -4.53610000E-05
2001-12-28T08:46:25.656 -6.64007000E-04  3.20860000E-03  3.91856000E-04
2001-12-28T08:46:26.652 -1.37712200E-03  2.93064000E-03  1.02057600E-03
2001-12-28T08:46:27.652  1.03620300E-03  4.00502600E-03 -9.51067000E-04
2001-12-28T08:46:28.652  3.94050000E-04  3.59835100E-03  5.66755000E-04
2001-12-28T08:46:29.652 -1.80735000E-04  2.45761900E-03  1.14975000E-04
2001-12-28T08:46:30.660 -5.38699000E-04  2.44142400E-03 -6.76064000E-04
2001-12-28T08:46:31.652 -4.47386000E-04  2.17953600E-03  2.16825000E-04
2001-12-28T08:46:32.652 -5.88167000E-04  2.42943100E-03  9.76965000E-04
2001-12-28T08:46:33.652  5.24835000E-04  4.46763500E-03  5.24810000E-04
2001-12-28T08:46:34.652  4.98170000E-04  2.80518900E-03  2.07050000E-05
2001-12-28T08:46:35.652 -2.64114000E-04  2.66454800E-03 -2.05753000E-04
2001-12-28T08:46:36.652 -7.54833000E-04  2.24985800E-03  7.80427000E-04
2001-12-28T08:46:37.652 -1.46742700E-03  2.25538400E-03 -4.27484000E-04
2001-12-28T08:46:38.652 -4.80495000E-04  3.79663700E-03 -1.33583800E-03
2001-12-28T08:46:39.652  1.16552000E-03  3.10093800E-03  6.87009000E-04
2001-12-28T08:46:40.652  1.85000000E-07  4.09449400E-03  5.46067000E-04
2001-12-28T08:46:41.652 -1.27148000E-04  2.38898100E-03 -9.30524000E-04
2001-12-28T08:46:42.652 -9.11052000E-04  2.45506300E-03  3.35494000E-04
2001-12-28T08:46:43.652 -1.40976900E-03  2.44713600E-03  3.02861000E-04
2001-12-28T08:46:44.652  2.07579000E-04  2.07261100E-03  3.49164000E-04
2001-12-28T08:46:45.652  2.22233000E-04  4.17835800E-03 -1.98485000E-04
2001-12-28T08:46:46.660  9.53075000E-04  2.76094700E-03  7.69647000E-04
2001-12-28T08:46:47.652 -3.00855000E-04  3.82256000E-03  6.97056000E-04
2001-12-28T08:46:48.652 -5.41680000E-05  2.51851700E-03  5.32655000E-04
2001-12-28T08:46:49.652 -1.03012400E-03  2.66878200E-03 -5.24452000E-04
2001-12-28T08:46:50.652 -8.82389000E-04  2.07646900E-03 -1.05674000E-04
2001-12-28T08:46:51.652 -7.56220000E-04  2.38978800E-03  8.18622000E-04
2001-12-28T08:46:52.652 -1.05070000E-04  1.76255900E-03 -5.00594000E-04
2001-12-28T08:46:53.652 -6.60109000E-04  2.46892300E-03  3.91273000E-04
2001-12-28T08:46:54.652 -6.73950000E-04  9.41161000E-04  1.61658000E-04
2001-12-28T08:46:55.652 -1.44550900E-03  1.49510100E-03  3.43278000E-04
2001-12-28T08:46:56.652 -6.92892000E-04  1.59802100E-03 -1.39575000E-04
2001-12-28T08:46:57.656 -3.08765000E-04  1.52894300E-03 -3.01669000E-04
2001-12-28T08:46:58.652 -9.44652000E-04  2.25489200E-03  2.59454000E-04
2001-12-28T08:46:59.652 -1.00876700E-03  5.47969000E-04 -7.70710000E-05
2001-12-28T08:47:00.652 -7.65198000E-04  7.03974000E-04 -3.36285000E-04
2001-12-28T08:47:01.652 -1.65397300E-03  2.11058000E-03  1.21055600E-03
2001-12-28T08:47:02.660 -6.02318000E-04  1.49295600E-03  5.73145000E-04
2001-12-28T08:47:03.652  3.03265000E-04  1.49536700E-03 -4.98570000E-04
2001-12-28T08:47:04.652  3.27252000E-04  1.90701600E-03  3.31500000E-04
2001-12-28T08:47:05.652  5.79172000E-04  2.51488200E-03 -1.07451000E-04
2001-12-28T08:47:06.652  1.41440500E-03  2.24849200E-03  9.71033000E-04
2001-12-28T08:47:07.652  7.27510000E-04  8.41871000E-04 -7.29130000E-04
2001-12-28T08:47:08.652 -6.13660000E-04  5.16433000E-04  1.20414800E-03
2001-12-28T08:47:09.652 -8.62587000E-04  7.52296000E-04  1.04770800E-03
2001-12-28T08:47:10.652 -3.03990000E-04  1.61953700E-03 -4.17304000E-04
2001-12-28T08:47:11.652  2.47195000E-04  2.38520700E-03  4.68165000E-04
2001-12-28T08:47:12.652  1.66517500E-03  2.00509100E-03  3.10234000E-04
2001-12-28T08:47:13.652  5.19662000E-04  4.57782000E-04 -2.88983000E-04
2001-12-28T08:47:14.652 -1.31965000E-04 -1.47522000E-04 -1.70190000E-04
2001-12-28T08:47:15.652 -4.58396000E-04  1.26486500E-03  3.83678000E-04
2001-12-28T08:47:16.652  5.01255000E-04  1.84664300E-03  6.70077000E-04
2001-12-28T08:47:17.652  1.70763000E-04  1.83258000E-03 -8.76373000E-04
2001-12-28T08:47:18.656  3.83440000E-05  1.60472100E-03 -5.46240000E-04
2001-12-28T08:47:19.652 -6.70988000E-04  2.13991000E-04  8.63569000E-04
2001-12-28T08:47:20.652  3.69958000E-04  7.26778000E-04  3.10009000E-04
2001-12-28T08:47:21.652  1.67373800E-03  1.15800900E-03  9.25370000E-05
2001-12-28T08:47:22.652  2.68316000E-04  4.77056000E-04  3.16426000E-04
2001-12-28T08:47:23.652 -5.20208000E-04 -6.57690000E-05  2.39740000E-04
2001-12-28T08:47:24.652  8.67568000E-04  3.86072000E-04  7.98891000E-04
2001-12-28T08:47:25.652  1.32388200E-03  7.79010000E-04 -4.90035000E-04
2001-12-28T08:47:26.652 -4.96338000E-04  1.76637000E-04 -3.03567000E-04
2001-12-28T08:47:27.652 -6.78457000E-04  8.66863000E-04  4.66654000E-04
2001-12-28T08:47:28.652  1.43559000E-04  2.00220300E-03 -2.87751000E-04
2001-12-28T08:47:29.652 -7.82616000E-04  1.59634200E-03  9.33064000E-04
2001-12-28T08:47:30.652 -1.57586200E-03  2.28557000E-04  7.75633000E-04
2001-12-28T08:47:31.652 -4.29660000E-04  1.05583900E-03  3.17897000E-04
2001-12-28T08:47:32.652  5.76539000E-04  2.07018300E-03 -9.34974000E-04
2001-12-28T08:47:33.652 -3.29421000E-04  1.06607500E-03 -6.62060000E-04
2001-12-28T08:47:34.660 -1.27060000E-03  4.94704000E-04 -2.07819000E-04
2001-12-28T08:47:35.652  3.49598000E-04  1.19389000E-03  1.12490000E-04
2001-12-28T08:47:36.652  9.03685000E-04  2.14620400E-03 -4.92964000E-04
2001-12-28T08:47:37.656 -9.27266000E-04 -1.20250000E-04 -6.53148000E-04
2001-12-28T08:47:38.652  2.44190000E-05  4.65470000E-05  7.40072000E-04
2001-12-28T08:47:39.652  9.59954000E-04  1.12190300E-03 -1.95940000E-04
2001-12-28T08:47:40.652 -1.72065000E-04 -6.43373000E-04 -1.00108100E-03
2001-12-28T08:47:41.652 -2.34535000E-04 -2.58765000E-04  1.21054000E-03
2001-12-28T08:47:42.652  1.04990600E-03  1.30404500E-03  7.65662000E-04
2001-12-28T08:47:43.652 -5.30401000E-04 -1.42966000E-04 -9.17260000E-04
2001-12-28T08:47:44.652 -1.71935000E-04  4.39520000E-04  3.36651000E-04
2001-12-28T08:47:45.652  9.18285000E-04  1.92776300E-03 -2.24626000E-04
2001-12-28T08:47:46.652 -1.20971400E-03 -9.91510000E-05  2.64509000E-04
2001-12-28T08:47:47.652 -2.85572000E-04  9.09344000E-04  3.14410000E-04
2001-12-28T08:47:48.652  1.92340000E-05  1.34682500E-03  3.22478000E-04
2001-12-28T08:47:49.652 -1.70733600E-03 -2.60010000E-04  6.76721000E-04
2001-12-28T08:47:50.656 -4.36370000E-05  1.27024900E-03 -2.77160000E-05
2001-12-28T08:47:51.652  3.39113000E-04  2.33488100E-03 -1.00689500E-03
2001-12-28T08:47:52.652 -1.38859300E-03  1.27478000E-04 -4.13095000E-04
2001-12-28T08:47:53.652 -4.43751000E-04  1.54646900E-03  4.63181000E-04
2001-12-28T08:47:54.652  8.80800000E-06  2.13265400E-03  1.09120700E-03
2001-12-28T08:47:55.652 -1.07091700E-03  4.38564000E-04  3.03539000E-04
2001-12-28T08:47:56.652 -4.17491000E-04  1.33531200E-03  3.44152000E-04
2001-12-28T08:47:57.652  4.71095000E-04  1.97848100E-03  5.53026000E-04
2001-12-28T08:47:58.652 -1.53064800E-03  4.49630000E-05 -3.41332000E-04
2001-12-28T08:47:59.652  5.66587000E-04  7.31799000E-04 -8.02758000E-04
2001-12-28T08:48:00.652 -2.26041000E-04  1.04679500E-03  4.61341000E-04
2001-12-28T08:48:01.652 -6.09296000E-04 -2.72940000E-04  2.42410000E-05
2001-12-28T08:48:02.652  7.66106000E-04  6.35764000E-04  6.09480000E-05
2001-12-28T08:48:03.652 -1.75420000E-05  2.58585000E-04 -1.97840000E-04
2001-12-28T08:48:04.652 -2.28034000E-04 -8.96157000E-04  4.26642000E-04
2001-12-28T08:48:05.652  1.43923200E-03  4.92172000E-04 -3.67473000E-04
2001-12-28T08:48:06.656  2.93901000E-04 -3.92060000E-04 -1.18306000E-04
2001-12-28T08:48:07.652  2.15431000E-04  9.74400000E-06  5.73169000E-04
2001-12-28T08:48:08.652  1.32167500E-03  1.18477000E-03  6.15752000E-04
2001-12-28T08:48:09.652 -7.67069000E-04  4.26690000E-05  1.00074000E-04
2001-12-28T08:48:10.652  6.59884000E-04  4.78298000E-04 -1.11033700E-03
2001-12-28T08:48:11.652 -7.67127000E-04  4.02057000E-04 -4.96410000E-05
2001-12-28T08:48:12.652 -9.20614000E-04  5.28497000E-04  3.46998000E-04
2001-12-28T08:48:13.652  1.20529000E-04  2.01214900E-03  2.26520000E-05
2001-12-28T08:48:14.652 -1.79527900E-03  3.26066000E-04  1.21504000E-04
2001-12-28T08:48:15.652 -2.86064000E-04  1.55819900E-03  5.99759000E-04
2001-12-28T08:48:16.652  3.28830000E-04  1.17949600E-03 -6.28223000E-04
2001-12-28T08:48:17.656 -1.72234000E-04 -6.14382000E-04 -5.54948000E-04
2001-12-28T08:48:18.652  7.76906000E-04  4.40657000E-04 -2.31314000E-04
2001-12-28T08:48:19.652 -4.21301000E-04 -9.52997000E-04 -2.29096000E-04
2001-12-28T08:48:20.652  7.43673000E-04  2.54664000E-04 -8.87228000E-04
2001-12-28T08:48:21.652  2.02169000E-04  6.41589000E-04  9.92870000E-05
2001-12-28T08:48:22.660 -7.43349000E-04  4.22236000E-04  9.87911000E-04
2001-12-28T08:48:23.652  2.30956000E-04  1.29035200E-03  5.94344000E-04
2001-12-28T08:48:24.652 -8.14121000E-04 -8.33660000E-05 -1.49099000E-04
2001-12-28T08:48:25.652  6.53192000E-04  9.76721000E-04  5.25192000E-04
2001-12-28T08:48:26.652  7.22262000E-04 -1.14711000E-04  5.83157000E-04
2001-12-28T08:48:27.652  4.33828000E-04 -4.96796000E-04  1.81909000E-04
2001-12-28T08:48:28.652  1.21602500E-03  8.26026000E-04 -5.12424000E-04
2001-12-28T08:48:29.652 -5.55333000E-04 -4.62724000E-04  1.55520000E-04
2001-12-28T08:48:30.652  5.88241000E-04  9.92662000E-04  6.98926000E-04
2001-12-28T08:48:31.652 -1.21285300E-03  4.24394000E-04 -4.30228000E-04
2001-12-28T08:48:32.652 -4.72598000E-04  1.06507700E-03 -4.53480000E-05
2001-12-28T08:48:33.652  6.66333000E-04  1.10530900E-03  3.31265000E-04
2001-12-28T08:48:34.652 -9.96320000E-05 -7.32830000E-04  1.20705000E-03
2001-12-28T08:48:35.652  6.88928000E-04  6.66690000E-04 -5.09533000E-04
2001-12-28T08:48:36.652 -6.97910000E-05 -1.18035800E-03 -1.32195000E-03
2001-12-28T08:48:37.656  7.30064000E-04  3.63067000E-04  7.44600000E-06
2001-12-28T08:48:38.660 -8.31665000E-04 -1.53392000E-04  1.01731400E-03
2001-12-28T08:48:39.652 -4.41341000E-04  5.38853000E-04  2.39761000E-04
2001-12-28T08:48:40.652 -5.29549000E-04  8.98091000E-04 -3.59525000E-04
2001-12-28T08:48:41.652 -6.25654000E-04 -2.57674000E-04  9.07016000E-04
2001-12-28T08:48:42.652  9.33997000E-04  1.01944200E-03  3.61303000E-04
2001-12-28T08:48:43.652 -7.89271000E-04 -1.10841100E-03  2.56462000E-04
2001-12-28T08:48:44.652  8.78876000E-04  2.16130000E-05 -2.14254000E-04
2001-12-28T08:48:45.652 -5.20567000E-04 -6.56324000E-04  7.15147000E-04
2001-12-28T08:48:46.652  2.48250000E-05  7.71923000E-04  3.31803000E-04
2001-12-28T08:48:47.652 -1.18342400E-03  1.48016000E-04 -7.47304000E-04
2001-12-28T08:48:48.652 -4.39359000E-04  6.24762000E-04 -7.71086000E-04
2001-12-28T08:48:49.656 -6.12577000E-04  6.97512000E-04 -2.15874000E-04
2001-12-28T08:48:50.652 -6.55718000E-04 -2.86910000E-05  1.07756000E-04
2001-12-28T08:48:51.652  1.22277900E-03 -2.85198000E-04  5.43970000E-05
2001-12-28T08:48:52.652 -9.84766000E-04 -7.31414000E-04  3.91842000E-04
2001-12-28T08:48:53.652  4.48454000E-04  7.60952000E-04  8.15134000E-04
2001-12-28T08:48:54.659 -7.86430000E-04  4.66370000E-05  1.15243000E-04
2001-12-28T08:48:55.652  5.07375000E-04  8.15417000E-04 -9.01503000E-04
2001-12-28T08:48:56.652 -4.97903000E-04 -1.52797200E-03  1.89150000E-04
2001-12-28T08:48:57.652  9.47704000E-04  1.58268000E-04  1.46555000E-04
2001-12-28T08:48:58.652  4.49980000E-05 -7.34134000E-04 -7.72972000E-04
2001-12-28T08:48:59.652  1.84109000E-04 -8.00690000E-05 -2.04859000E-04
2001-12-28T08:49:00.652 -4.76075000E-04  8.98338000E-04  7.51280000E-05
2001-12-28T08:49:01.652 -2.68445000E-04 -2.21308000E-04 -5.65289000E-04
2001-12-28T08:49:02.652  7.73999000E-04  3.61782000E-04 -4.20438000E-04
2001-12-28T08:49:03.652 -1.30879000E-04 -1.05789500E-03  5.17252000E-04
2001-12-28T08:49:04.652  7.42040000E-04  7.65321000E-04  4.40882000E-04
2001-12-28T08:49:05.656 -6.44605000E-04 -5.40597000E-04 -6.08614000E-04
2001-12-28T08:49:06.652 -4.31013000E-04  1.15429900E-03 -5.17000000E-07
2001-12-28T08:49:07.652 -8.78360000E-04 -1.36400000E-05 -5.97700000E-06
2001-12-28T08:49:08.652  8.08397000E-04  6.98126000E-04 -7.20193000E-04
2001-12-28T08:49:09.652  1.27200000E-04 -4.11460000E-04 -3.60901000E-04
2001-12-28T08:49:10.656  7.63417000E-04  2.05573000E-04 -2.49400000E-05
2001-12-28T08:49:11.652 -5.30664000E-04 -8.98830000E-05  3.81445000E-04
2001-12-28T08:49:12.652 -1.92550000E-04  4.92176000E-04 -1.50012000E-04
2001-12-28T08:49:13.652 -3.55080000E-05  1.10931300E-03 -1.65475100E-03
2001-12-28T08:49:14.652 -2.77148000E-04 -2.90265000E-04  3.63468000E-04
2001-12-28T08:49:15.652  4.61011000E-04  7.67222000E-04  8.83266000E-04
2001-12-28T08:49:16.652 -5.46271000E-04 -4.87003000E-04 -1.08251300E-03
2001-12-28T08:49:17.652  1.55424000E-03  1.10967800E-03 -4.65240000E-04
2001-12-28T08:49:18.652 -1.20848700E-03 -5.51792000E-04  1.22044600E-03
2001-12-28T08:49:19.652  4.89901000E-04  1.26896200E-03 -4.40392000E-04
2001-12-28T08:49:20.652 -6.74947000E-04 -7.77230000E-04 -4.97096000E-04
2001-12-28T08:49:21.656  1.60611500E-03 -2.08497000E-04 -1.21855000E-04
2001-12-28T08:49:22.652 -7.61129000E-04 -4.73231000E-04  4.25532000E-04
2001-12-28T08:49:23.652  1.15086000E-04  7.15374000E-04  3.22573000E-04
2001-12-28T08:49:24.652 -8.58094000E-04  2.54313000E-04  1.52510000E-05
2001-12-28T08:49:25.652 -1.62236000E-04  6.22929000E-04  6.58370000E-05
2001-12-28T08:49:26.656 -4.88250000E-05 -8.79020000E-05  7.69141000E-04
2001-12-28T08:49:27.652  3.57783000E-04 -4.68775000E-04 -4.57925000E-04
2001-12-28T08:49:28.652  4.20218000E-04  3.31498000E-04  2.46610000E-04
2001-12-28T08:49:29.652 -6.08920000E-04  3.77967000E-04 -1.12300000E-06
2001-12-28T08:49:30.652  5.78999000E-04  8.41934000E-04  3.66000000E-06
2001-12-28T08:49:31.652  9.83000000E-07 -8.42013000E-04 -1.66380000E-03
2001-12-28T08:49:32.652  2.00115600E-03  4.54565000E-04  2.31424000E-04
2001-12-28T08:49:33.652 -4.17273000E-04 -8.28893000E-04  8.68182000E-04
2001-12-28T08:49:34.652  6.98427000E-04  7.16038000E-04  2.42944000E-04
2001-12-28T08:49:35.652 -1.22270400E-03  1.51442000E-04  7.04897000E-04
2001-12-28T08:49:36.652  2.08324000E-04  7.43898000E-04  4.33820000E-05
2001-12-28T08:49:37.656 -7.36125000E-04 -3.01947000E-04  5.82339000E-04
2001-12-28T08:49:38.652  1.69425200E-03  2.79390000E-04  6.63460000E-04
2001-12-28T08:49:39.652 -6.08473000E-04 -5.10061000E-04 -9.46709000E-04
2001-12-28T08:49:40.652  6.27202000E-04  1.57085700E-03  1.70275000E-04
2001-12-28T08:49:41.652 -9.51196000E-04 -4.35847000E-04 -3.16301000E-04
2001-12-28T08:49:42.659  4.53294000E-04  1.10334400E-03 -1.01102000E-04
2001-12-28T08:49:43.652 -1.01572000E-04 -1.19913000E-03 -3.25851000E-04
2001-12-28T08:49:44.652  9.19386000E-04  5.02959000E-04  1.00846000E-04
2001-12-28T08:49:45.652 -1.18621400E-03 -2.57390000E-04  6.28570000E-04
2001-12-28T08:49:46.652  1.84691000E-04  1.17990100E-03 -3.79503000E-04
2001-12-28T08:49:47.652 -1.03988000E-03 -1.74201000E-04 -3.46163000E-04
2001-12-28T08:49:48.652  3.69373000E-04  1.68556000E-04  3.06471000E-04
2001-12-28T08:49:49.652 -5.45030000E-05 -7.06060000E-04 -1.64558000E-04
2001-12-28T08:49:50.652  9.10790000E-05  1.38674000E-04 -4.91587000E-04
2001-12-28T08:49:51.652 -9.44897000E-04  4.58911000E-04  5.50417000E-04
2001-12-28T08:49:52.652 -4.44192000E-04  7.95523000E-04  6.54230000E-04
2001-12-28T08:49:53.656 -3.47634000E-04 -1.36189000E-04 -3.06508000E-04
2001-12-28T08:49:54.652  2.06628000E-04 -3.92950000E-04 -7.50850000E-04
2001-12-28T08:49:55.652  5.32920000E-05 -8.87600000E-06  3.75040000E-04
2001-12-28T08:49:56.652 -2.20369000E-04  4.08705000E-04  2.37806000E-04
2001-12-28T08:49:57.652 -6.93556000E-04  3.56690000E-04 -3.96969000E-04
2001-12-28T08:49:58.655 -3.01908000E-04  4.37960000E-04  1.05644600E-03
2001-12-28T08:49:59.652  4.21434000E-04 -4.35821000E-04  5.44125000E-04
2001-12-28T08:50:00.652  1.17114000E-04 -7.28456000E-04 -7.02740000E-04
2001-12-28T08:50:01.652  5.55210000E-04  7.20765000E-04  1.24501000E-04
2001-12-28T08:50:02.652 -8.76050000E-04  8.75190000E-05 -4.50483000E-04
2001-12-28T08:50:03.652  1.28336000E-04  8.81746000E-04 -8.18667000E-04
2001-12-28T08:50:04.652 -6.90919000E-04 -5.32765000E-04 -2.19931000E-04
2001-12-28T08:50:05.652  1.26479900E-03  3.27261000E-04  1.17011700E-03
2001-12-28T08:50:06.652 -5.58207000E-04 -1.08124700E-03 -1.15076000E-04
2001-12-28T08:50:07.652  2.76721000E-04  1.14149600E-03 -3.00146000E-04
2001-12-28T08:50:08.652 -1.36852700E-03  6.46240000E-05 -1.90380000E-04
2001-12-28T08:50:09.655  5.15220000E-04  8.35089000E-04  9.57528000E-04
2001-12-28T08:50:10.652 -4.92138000E-04 -8.00322000E-04  6.52575000E-04
2001-12-28T08:50:11.652  1.67517900E-03  6.85504000E-04 -4.15490000E-04
2001-12-28T08:50:12.652 -6.76533000E-04 -1.20188000E-04 -9.70774000E-04
2001-12-28T08:50:13.652  1.83073000E-04  1.09136200E-03  1.16240000E-05
2001-12-28T08:50:14.655 -4.90057000E-04 -5.77147000E-04  5.60638000E-04
2001-12-28T08:50:15.652  1.16685700E-03  8.17287000E-04  1.30244000E-04
2001-12-28T08:50:16.652 -3.60175000E-04 -4.50706000E-04 -7.65487000E-04
2001-12-28T08:50:17.652  9.39681000E-04  1.20718300E-03 -1.44411000E-04
2001-12-28T08:50:18.652 -1.14581500E-03  3.09668000E-04 -1.30430000E-04
2001-12-28T08:50:19.652  9.03684000E-04  5.48210000E-04 -2.23238000E-04
2001-12-28T08:50:20.652 -1.23090700E-03 -5.75952000E-04 -7.28832000E-04
2001-12-28T08:50:21.652  6.74923000E-04 -2.18163000E-04  1.09520300E-03
2001-12-28T08:50:22.652 -5.98445000E-04 -8.57212000E-04  2.36982000E-04
2001-12-28T08:50:23.652 -5.81240000E-05  9.06337000E-04 -8.77719000E-04
2001-12-28T08:50:24.652 -2.95090000E-05 -4.26257000E-04 -1.53975000E-04
2001-12-28T08:50:25.655  3.14395000E-04 -2.05026000E-04  7.47849000E-04
2001-12-28T08:50:26.652  5.85415000E-04 -7.44476000E-04  1.37170000E-04
2001-12-28T08:50:27.652  1.88627000E-04  2.64858000E-04 -7.79974000E-04
2001-12-28T08:50:28.652 -1.49065000E-04  1.94786000E-04  8.81909000E-04
2001-12-28T08:50:29.652  2.15800000E-06  3.71368000E-04  1.39980800E-03
2001-12-28T08:50:30.655 -4.13656000E-04 -1.24390000E-05  3.40335000E-04
2001-12-28T08:50:31.652  4.67477000E-04 -4.03705000E-04 -4.03496000E-04
2001-12-28T08:50:32.652  1.84647000E-04 -5.81283000E-04  4.68517000E-04
2001-12-28T08:50:33.652 -1.18925000E-04  1.27483000E-04  6.82228000E-04
2001-12-28T08:50:34.652 -1.36759000E-04  1.31515000E-04 -3.30014000E-04
2001-12-28T08:50:35.652 -3.93872000E-04 -1.26700000E-05 -1.00241600E-03
2001-12-28T08:50:36.652  5.69857000E-04 -1.52025000E-04  1.60753000E-04
2001-12-28T08:50:37.652 -1.27251000E-04 -9.37297000E-04  5.75282000E-04
2001-12-28T08:50:38.652  7.92450000E-04  7.76434000E-04 -3.59501000E-04
2001-12-28T08:50:39.652 -1.12651600E-03 -4.20920000E-05  1.07182600E-03
2001-12-28T08:50:40.652  1.00435500E-03  1.35204000E-03  9.77500000E-04
2001-12-28T08:50:41.655 -4.34601000E-04 -6.59864000E-04  4.63519000E-04
2001-12-28T08:50:42.652  1.89128900E-03  5.69930000E-05 -6.39646000E-04
2001-12-28T08:50:43.652 -8.64939000E-04 -8.73200000E-04 -1.83276000E-04
2001-12-28T08:50:44.652  4.99635000E-04  1.76984500E-03  1.37763900E-03
2001-12-28T08:50:45.652 -1.45372900E-03 -4.27464000E-04 -3.82862000E-04
2001-12-28T08:50:46.655  5.91709000E-04  8.87637000E-04 -1.63301000E-04
2001-12-28T08:50:47.652 -3.53281000E-04 -5.40121000E-04  4.76862000E-04
2001-12-28T08:50:48.652  8.18145000E-04 -4.01840000E-04  3.10870000E-05
2001-12-28T08:50:49.652 -5.16870000E-04 -2.40350000E-05 -7.10597000E-04
2001-12-28T08:50:50.652  4.96589000E-04  7.97059000E-04  5.81814000E-04
2001-12-28T08:50:51.652 -1.66013600E-03  1.86957000E-04  3.67245000E-04
2001-12-28T08:50:52.652  7.99401000E-04 -2.47401000E-04 -1.01781000E-04
2001-12-28T08:50:53.652  1.75262000E-04 -9.20220000E-04 -1.45609700E-03
2001-12-28T08:50:54.652  6.21020000E-04  2.81109000E-04  4.27636000E-04
2001-12-28T08:50:55.652 -9.62628000E-04 -1.17456000E-04  1.18503500E-03
2001-12-28T08:50:56.652 -3.63134000E-04  1.16868600E-03 -6.28428000E-04
2001-12-28T08:50:57.655 -6.57768000E-04 -2.29530000E-04 -4.64457000E-04
2001-12-28T08:50:58.652  7.78978000E-04 -1.94188000E-04  1.15420000E-03
2001-12-28T08:50:59.652 -2.35927000E-04 -8.44717000E-04  1.36152000E-04
2001-12-28T08:51:00.652 -4.66300000E-05  2.58684000E-04 -7.21805000E-04
2001-12-28T08:51:01.652 -6.91389000E-04 -7.85000000E-07 -2.67210000E-05
2001-12-28T08:51:02.659 -4.98213000E-04  8.36666000E-04  7.41394000E-04
2001-12-28T08:51:03.652 -1.35011000E-04 -7.28386000E-04 -7.20255000E-04
2001-12-28T08:51:04.652  5.18648000E-04 -1.37375000E-04 -7.56811000E-04
2001-12-28T08:51:05.651 -9.79968000E-04 -4.48603000E-04 -7.19278000E-04
2001-12-28T08:51:06.651 -3.86545000E-04  8.81486000E-04  6.39630000E-05
2001-12-28T08:51:07.651 -9.01371000E-04  4.57046000E-04  6.27249000E-04
2001-12-28T08:51:08.651  1.36258000E-04  2.72252000E-04 -6.31300000E-05
2001-12-28T08:51:09.651 -4.48480000E-05 -7.59471000E-04  7.74733000E-04
2001-12-28T08:51:10.651  4.25610000E-05 -2.27718000E-04 -4.65851000E-04
2001-12-28T08:51:11.651 -7.93712000E-04 -2.37230000E-05  3.35027000E-04
2001-12-28T08:51:12.651 -9.25965000E-04  5.97762000E-04 -9.55300000E-05
2001-12-28T08:51:13.655 -1.04595000E-04  4.15755000E-04  1.23612100E-03
2001-12-28T08:51:14.651  3.71056000E-04 -7.83138000E-04  8.93401000E-04
2001-12-28T08:51:15.651  6.44388000E-04  9.34770000E-05 -1.19925800E-03
2001-12-28T08:51:16.651 -8.41207000E-04 -1.82065000E-04 -3.31667000E-04
2001-12-28T08:51:17.651  1.07785900E-03  1.17906800E-03  4.05840000E-05
2001-12-28T08:51:18.655 -4.76740000E-04 -2.98860000E-04  1.00008900E-03
2001-12-28T08:51:19.651  1.44242100E-03 -1.19494000E-04  5.55394000E-04
2001-12-28T08:51:20.651 -6.97533000E-04 -2.78714000E-04  9.26710000E-05
2001-12-28T08:51:21.651  2.70094000E-04  8.89768000E-04 -4.09209000E-04
2001-12-28T08:51:22.651 -8.37272000E-04  3.16737000E-04 -6.93031000E-04
2001-12-28T08:51:23.651  1.30474100E-03  6.25662000E-04  3.03885000E-04
2001-12-28T08:51:24.651 -5.55906000E-04 -1.14409700E-03  3.76762000E-04
2001-12-28T08:51:25.651  1.10646000E-03  7.43538000E-04  5.59254000E-04
2001-12-28T08:51:26.651 -5.81726000E-04 -8.02665000E-04 -4.64333000E-04
2001-12-28T08:51:27.651  2.07482000E-04  1.27946100E-03 -7.74042000E-04
2001-12-28T08:51:28.651 -9.59852000E-04 -4.70041000E-04  4.09916000E-04
2001-12-28T08:51:29.655  4.29037000E-04  4.92559000E-04  8.23379000E-04
2001-12-28T08:51:30.651 -6.20731000E-04 -1.43667500E-03 -1.03479500E-03
2001-12-28T08:51:31.651  9.55612000E-04  1.18425000E-04  3.74055000E-04
2001-12-28T08:51:32.651 -3.94625000E-04 -2.51739000E-04  4.47571000E-04
2001-12-28T08:51:33.651 -1.60452000E-04  1.24900100E-03 -5.26249000E-04
2001-12-28T08:51:34.655 -1.65430000E-05 -1.98305000E-04  4.14566000E-04
2001-12-28T08:51:35.651  6.86641000E-04  6.60338000E-04  6.60796000E-04
2001-12-28T08:51:36.651 -2.66511000E-04 -9.43202000E-04  7.23763000E-04
2001-12-28T08:51:37.651  6.05862000E-04  4.54149000E-04 -5.38825000E-04
2001-12-28T08:51:38.651 -7.82935000E-04  5.30201000E-04  4.47163000E-04
2001-12-28T08:51:39.651  8.04470000E-04  1.41890000E-05  2.51986000E-04
2001-12-28T08:51:40.651  1.05500000E-06 -4.91781000E-04 -3.24300000E-06
2001-12-28T08:51:41.651  9.31696000E-04 -1.86783000E-04 -4.65159000E-04
2001-12-28T08:51:42.651 -1.01240000E-03 -5.17038000E-04  7.07530000E-05
2001-12-28T08:51:43.651 -1.91460000E-05  4.18488000E-04 -3.61600000E-05
2001-12-28T08:51:44.651 -1.23761000E-04  8.37699000E-04  5.34766000E-04
2001-12-28T08:51:45.655  5.19597000E-04 -4.28723000E-04  5.10155000E-04
2001-12-28T08:51:46.651  5.07030000E-04 -7.44269000E-04  1.93526000E-04
2001-12-28T08:51:47.651 -1.99450000E-04  1.09162000E-04 -1.37933000E-04
2001-12-28T08:51:48.651 -1.38630000E-04  5.35514000E-04 -5.20346000E-04
2001-12-28T08:51:49.651 -7.27098000E-04  3.86091000E-04  2.20794000E-04
2001-12-28T08:51:50.655 -2.95895000E-04 -8.35290000E-05  1.80399000E-04
2001-12-28T08:51:51.651  2.82575000E-04 -7.62784000E-04 -1.11005400E-03
2001-12-28T08:51:52.651  8.09650000E-05 -1.25634000E-04  2.26098000E-04
2001-12-28T08:51:53.651 -1.50468000E-04 -1.51359000E-04  9.14413000E-04
2001-12-28T08:51:54.651 -5.76189000E-04  1.94773000E-04 -1.03966600E-03
2001-12-28T08:51:55.651 -4.56134000E-04  5.94691000E-04 -5.83470000E-04
2001-12-28T08:51:56.651 -4.57577000E-04 -6.75646000E-04  5.19623000E-04
2001-12-28T08:51:57.651  1.82397000E-04 -4.99620000E-04  7.73970000E-05
2001-12-28T08:51:58.651  6.34414000E-04  1.05622000E-04 -8.39797000E-04
2001-12-28T08:51:59.651 -3.48875000E-04  2.92050000E-05  6.31285000E-04
2001-12-28T08:52:00.651 -1.17580000E-04  6.67908000E-04 -4.45200000E-05
2001-12-28T08:52:01.655 -2.93643000E-04 -8.08950000E-05 -5.67839000E-04
2001-12-28T08:52:02.651  6.30760000E-04 -3.57300000E-05 -1.86772000E-04
2001-12-28T08:52:03.651  2.78857000E-04 -6.01809000E-04  8.38603000E-04
2001-12-28T08:52:04.651  2.00415000E-04  1.05600400E-03  1.81415000E-04
2001-12-28T08:52:05.651 -5.68971000E-04  1.61118000E-04 -4.58110000E-04
2001-12-28T08:52:06.655  9.03241000E-04  7.64742000E-04  3.31650000E-05
2001-12-28T08:52:07.651  3.46670000E-05 -5.79450000E-04  7.26989000E-04
2001-12-28T08:52:08.651  6.52182000E-04 -8.56225000E-04 -4.27780000E-04
2001-12-28T08:52:09.651 -6.82184000E-04 -2.73937000E-04 -5.66718000E-04
2001-12-28T08:52:10.651  3.46576000E-04  1.05603800E-03  1.90507000E-04
2001-12-28T08:52:11.651 -1.35696900E-03 -3.77590000E-05  3.55986000E-04
2001-12-28T08:52:12.651  1.46547000E-03 -4.81160000E-05 -1.11419800E-03
2001-12-28T08:52:13.651 -1.43432000E-04 -1.09361600E-03 -7.11026000E-04
2001-12-28T08:52:14.651  7.99234000E-04  8.65785000E-04  1.17229000E-04
2001-12-28T08:52:15.651 -1.20001100E-03 -4.08588000E-04 -7.55290000E-05
2001-12-28T08:52:16.651  5.11254000E-04  1.84519500E-03  1.97173000E-04
2001-12-28T08:52:17.655 -1.09617900E-03  2.64583000E-04 -5.29317000E-04
2001-12-28T08:52:18.651  8.47789000E-04  1.19976400E-03 -9.79000000E-07
2001-12-28T08:52:19.651 -7.38108000E-04 -9.29365000E-04 -1.47861000E-04
2001-12-28T08:52:20.651  1.00153300E-03  6.76446000E-04 -7.54020000E-05
2001-12-28T08:52:21.651 -9.93398000E-04 -9.85710000E-05  2.59258000E-04
2001-12-28T08:52:22.659  3.97693000E-04  1.14259400E-03  2.05557000E-04
2001-12-28T08:52:23.651  1.27014000E-04 -7.24880000E-04 -6.57279000E-04
2001-12-28T08:52:24.651  1.22775100E-03 -1.15840000E-04  8.81790000E-05
2001-12-28T08:52:25.651  2.78401000E-04 -1.73104000E-04  7.06596000E-04
2001-12-28T08:52:26.651  5.52852000E-04  6.73598000E-04  8.97933000E-04
2001-12-28T08:52:27.651 -1.22288500E-03 -8.97310000E-05 -4.98011000E-04
2001-12-28T08:52:28.651  4.34058000E-04  5.91386000E-04 -2.20057000E-04
2001-12-28T08:52:29.651  4.52250000E-05 -1.00374400E-03 -5.00740000E-05
2001-12-28T08:52:30.651  6.90130000E-04 -1.75018000E-04 -8.15801000E-04
2001-12-28T08:52:31.651 -6.35995000E-04 -1.78020000E-04  2.78046000E-04
2001-12-28T08:52:32.651  1.28532000E-04  7.05763000E-04  5.47757000E-04
2001-12-28T08:52:33.655 -4.73308000E-04  7.65180000E-05  4.83237000E-04
2001-12-28T08:52:34.651  3.58729000E-04 -2.71628000E-04 -3.12592000E-04
2001-12-28T08:52:35.651  1.24986000E-04 -9.02256000E-04 -3.22377000E-04
2001-12-28T08:52:36.651 -2.27049000E-04  2.59149000E-04  5.08355000E-04
2001-12-28T08:52:37.651 -2.00162000E-04  3.38170000E-05  4.78967000E-04
2001-12-28T08:52:38.655  1.59466000E-04  2.02180000E-04 -4.14396000E-04
2001-12-28T08:52:39.651  2.76456000E-04  3.84874000E-04 -7.79012000E-04
2001-12-28T08:52:40.651  5.16994000E-04 -7.62239000E-04  2.10640000E-04
2001-12-28T08:52:41.651  5.25276000E-04  4.85246000E-04 -5.58120000E-05
2001-12-28T08:52:42.651 -1.18193900E-03  4.83465000E-04 -3.25532000E-04
2001-12-28T08:52:43.651 -1.15062000E-04  1.31768700E-03  8.49884000E-04
2001-12-28T08:52:44.651 -2.02052000E-04 -5.51216000E-04  3.96431000E-04
2001-12-28T08:52:45.651  8.21016000E-04 -8.75300000E-05 -2.62410000E-05
2001-12-28T08:52:46.651  2.58984000E-04 -7.27974000E-04  1.64760000E-05
2001-12-28T08:52:47.651  5.65460000E-05  5.62373000E-04 -2.31444000E-04
2001-12-28T08:52:48.651 -6.34882000E-04  4.78986000E-04  4.16203000E-04
2001-12-28T08:52:49.655  8.66400000E-06 -5.45107000E-04  3.67459000E-04
2001-12-28T08:52:50.651  5.07330000E-05 -3.31297000E-04  6.12988000E-04
2001-12-28T08:52:51.651  9.05280000E-04 -3.96147000E-04 -9.97304000E-04
2001-12-28T08:52:52.651 -4.87470000E-05  1.52003000E-04 -6.23070000E-04
2001-12-28T08:52:53.651 -1.10849900E-03  4.07713000E-04  1.64525000E-04
2001-12-28T08:52:54.655 -2.20890000E-04 -2.14037000E-04  6.54905000E-04
2001-12-28T08:52:55.651 -2.44048000E-04 -4.84660000E-04  6.74573000E-04
2001-12-28T08:52:56.651  8.00550000E-05 -1.20187900E-03 -4.50851000E-04
2001-12-28T08:52:57.651  6.39230000E-05 -6.36846000E-04 -4.04986000E-04
2001-12-28T08:52:58.651 -7.98209000E-04  1.59851000E-04 -4.28932000E-04
2001-12-28T08:52:59.651  5.94223000E-04  3.41397000E-04  8.13087000E-04
2001-12-28T08:53:00.651 -8.28734000E-04  7.93700000E-05 -1.60786000E-04
2001-12-28T08:53:01.651  1.38746200E-03  2.77281000E-04  9.98450000E-05
2001-12-28T08:53:02.651  2.04621000E-04 -8.40399000E-04  1.86856000E-04
2001-12-28T08:53:03.651  6.62389000E-04  1.20849700E-03  2.53780000E-04
2001-12-28T08:53:04.651 -1.09796000E-03  2.38847000E-04 -2.51836000E-04
2001-12-28T08:53:05.655  2.69545000E-04  5.96874000E-04  1.49576000E-04
2001-12-28T08:53:06.651 -4.94237000E-04 -5.48492000E-04 -1.88408000E-04
2001-12-28T08:53:07.651  8.42349000E-04 -3.39237000E-04 -1.06660400E-03
2001-12-28T08:53:08.651 -5.64617000E-04 -8.80816000E-04  4.10262000E-04
2001-12-28T08:53:09.651  2.80950000E-05  1.00398400E-03  3.11770000E-04
2001-12-28T08:53:10.655 -7.73284000E-04  2.12280000E-05  1.98527000E-04
2001-12-28T08:53:11.651  4.41757000E-04  6.74636000E-04  1.00672600E-03
2001-12-28T08:53:12.651 -2.43601000E-04 -1.35392800E-03  1.51170000E-04
2001-12-28T08:53:13.651  1.61559700E-03  5.58836000E-04  2.52971000E-04
2001-12-28T08:53:14.651 -9.53116000E-04 -2.36186000E-04  3.41338000E-04
2001-12-28T08:53:15.651  6.38385000E-04  1.22875500E-03  3.41034000E-04
2001-12-28T08:53:16.651 -9.72289000E-04 -5.37093000E-04  2.99606000E-04
2001-12-28T08:53:17.651  1.25308800E-03 -1.30489000E-04  1.65446000E-04
2001-12-28T08:53:18.651 -2.61027000E-04 -7.88177000E-04 -9.20687000E-04
2001-12-28T08:53:19.651  3.18286000E-04  7.44448000E-04 -7.61311000E-04
2001-12-28T08:53:20.651 -1.17864310E-02 -3.21490800E-03  1.35257600E-03
2001-12-28T08:53:21.655  4.97221800E-03  8.94373700E-03  5.03116100E-03
2001-12-28T08:53:22.651 -4.64935300E-03 -6.90643000E-03 -1.18328600E-03
2001-12-28T08:53:23.651  1.18629910E-02 -7.32449000E-04 -1.88364400E-03
2001-12-28T08:53:24.651 -5.82843000E-03 -4.86346900E-03  1.01150200E-03
2001-12-28T08:53:25.651 -2.05670000E-04  8.97487200E-03  3.24114800E-03
2001-12-28T08:53:26.655 -7.84831700E-03 -1.88910100E-03 -5.56278600E-03
2001-12-28T08:53:27.651  1.80328800E-03  9.10894500E-03 -5.33754900E-03
2001-12-28T08:53:28.651 -3.39620200E-03 -9.34255200E-03  4.62900400E-03
2001-12-28T08:53:29.651  1.01171460E-02 -6.45759000E-04  1.12936480E-02
2001-12-28T08:53:30.651 -5.41814100E-03 -6.13604700E-03 -1.94279000E-04
2001-12-28T08:53:31.651  3.62000000E-06  8.57382600E-03 -3.19677400E-03
2001-12-28T08:53:32.651 -8.54632400E-03 -2.47010700E-03  5.34296800E-03
2001-12-28T08:53:33.651  5.40146700E-03  1.63890500E-03 -1.70747000E-03
2001-12-28T08:53:34.651 -3.10721400E-03 -9.92191400E-03 -2.97604100E-03
2001-12-28T08:53:35.651  6.61687600E-03  1.56228400E-03 -4.57237300E-03
2001-12-28T08:53:36.651 -6.57767000E-03 -4.72920500E-03  8.91458100E-03
2001-12-28T08:53:37.655 -9.05570000E-05  8.29584200E-03  7.53470000E-05
2001-12-28T08:53:38.651 -4.53127500E-03 -6.30477300E-03 -8.77390700E-03
2001-12-28T08:53:39.651  4.59144900E-03 -1.85809500E-03  1.70762000E-04
2001-12-28T08:53:40.651 -5.26909200E-03 -2.91482700E-03  5.77971700E-03
2001-12-28T08:53:41.651 -5.86054000E-04  4.18424800E-03 -6.75964000E-04
2001-12-28T08:53:42.655 -6.05129400E-03  1.91015900E-03 -4.22952300E-03
2001-12-28T08:53:43.651 -1.07008000E-03  4.91298700E-03  7.30236200E-03
2001-12-28T08:53:44.651  1.08322200E-03 -3.32519300E-03  8.92827000E-04
2001-12-28T08:53:45.651  2.92813900E-03  4.41453000E-04 -2.14500600E-03
2001-12-28T08:53:46.651 -2.26059900E-03  2.37046900E-03 -1.35836500E-03
2001-12-28T08:53:47.651 -3.28015600E-03  5.92268200E-03  2.66244600E-03
2001-12-28T08:53:48.651 -4.77510300E-03  5.92377300E-03  2.93256600E-03
2001-12-28T08:53:49.651  1.65333800E-03 -1.03466200E-03 -4.80681400E-03
2001-12-28T08:53:50.651  3.61097400E-03 -5.85166000E-03  5.66478000E-04
2001-12-28T08:53:51.651 -3.67098800E-03 -2.96910000E-05  9.23397800E-03
2001-12-28T08:53:52.651 -6.90580000E-04  8.14501800E-03  4.09250900E-03
2001-12-28T08:53:53.655 -2.40171400E-03  1.07142500E-03 -4.35874100E-03
2001-12-28T08:53:54.651  4.04872300E-03  6.08086600E-03 -1.44200600E-03
2001-12-28T08:53:55.651  1.69233900E-03 -8.47532000E-03  9.21208800E-03
2001-12-28T08:53:56.651  9.72061200E-03  3.09199300E-03 -3.25024700E-03
2001-12-28T08:53:57.651 -3.88357700E-03 -1.42471100E-03 -2.50801000E-03
2001-12-28T08:53:58.655 -2.56986900E-03  6.78434500E-03  3.65342800E-03
2001-12-28T08:53:59.651 -7.44555600E-03 -1.20002400E-03  1.87920000E-03
2001-12-28T08:54:00.651  1.05511510E-02  1.24274500E-03 -7.78773100E-03
2001-12-28T08:54:01.651  1.72577000E-04 -5.43433300E-03  1.54800000E-06
2001-12-28T08:54:02.651  6.08992600E-03  3.42455000E-03  3.64026200E-03
2001-12-28T08:54:03.651 -1.07520840E-02 -1.95485000E-03  4.36304000E-03
2001-12-28T08:54:04.651  6.59672700E-03  7.61670300E-03 -7.32003200E-03
2001-12-28T08:54:05.651 -6.21628700E-03 -7.10728300E-03 -2.09555000E-03
2001-12-28T08:54:06.651  1.07521080E-02  4.55621000E-04 -1.22224400E-03
2001-12-28T08:54:07.651 -5.97921200E-03 -7.30536500E-03  1.07840200E-03
2001-12-28T08:54:08.651  2.69634400E-03  9.63922000E-03 -5.51423300E-03
2001-12-28T08:54:09.655 -8.89832500E-03 -2.91926400E-03 -2.78500800E-03
2001-12-28T08:54:10.651  1.94747700E-03  7.88778800E-03  2.35184800E-03
2001-12-28T08:54:11.651 -2.20653300E-03 -9.23314600E-03  3.38567500E-03
2001-12-28T08:54:12.651  7.88712200E-03  3.64028800E-03 -4.59687900E-03
2001-12-28T08:54:13.651 -8.04327100E-03 -1.10818400E-03 -3.31501900E-03
2001-12-28T08:54:14.655  3.66875400E-03  1.01332940E-02  6.04932000E-04
2001-12-28T08:54:15.651 -6.77884200E-03 -4.27485100E-03  1.99348600E-03
2001-12-28T08:54:16.651  8.56097500E-03 -2.59811000E-04 -6.52234300E-03
2001-12-28T08:54:17.651 -4.73702500E-03 -6.47780500E-03  5.87340000E-05
2001-12-28T08:54:18.651  5.53975400E-03  5.26558000E-03  8.43493000E-04
2001-12-28T08:54:19.651 -9.45516500E-03 -6.42991000E-04 -5.83508800E-03
2001-12-28T08:54:20.651  1.29115600E-03  7.77465400E-03 -3.02781700E-03
