2001-12-10T16:15:52.345 -1.01140300E-03  2.53540000E-05  5.74300000E-06
2001-12-10T16:15:53.349  1.85250000E-05  1.16831900E-03  9.74501000E-04
2001-12-10T16:15:54.349 -1.22573400E-03 -7.97343000E-04 -3.18298000E-04
2001-12-10T16:15:55.341  1.63787700E-03 -1.80584000E-04 -9.94610000E-05
2001-12-10T16:15:56.345 -4.50001000E-04 -9.85619000E-04 -3.47494000E-04
2001-12-10T16:15:57.341  7.13722000E-04  7.57718000E-04 -1.98995000E-04
2001-12-10T16:15:58.353 -1.10170700E-03  1.52818000E-04  8.24850000E-05
2001-12-10T16:15:59.337  5.36886000E-04  9.95901000E-04 -4.10395000E-04
2001-12-10T16:16:00.349  4.71136000E-04 -8.96894000E-04 -9.84381000E-04
2001-12-10T16:16:01.341  5.55911000E-04 -3.89670000E-05 -1.31507000E-04
2001-12-10T16:16:02.345 -2.82837000E-04 -3.30869000E-04 -4.27455000E-04
2001-12-10T16:16:03.341 -4.60960000E-04  6.41862000E-04  2.99482000E-04
2001-12-10T16:16:04.349 -4.36514000E-04  2.72482000E-04  9.21130000E-05
2001-12-10T16:16:05.341  4.76844000E-04 -1.24149000E-03  9.74216000E-04
2001-12-10T16:16:06.349  3.40589000E-04 -1.04580000E-05  1.63770000E-05
2001-12-10T16:16:07.345 -6.84338000E-04  1.44324000E-04 -1.64544000E-04
2001-12-10T16:16:08.345  6.58960000E-05  2.80321000E-04 -8.60979000E-04
2001-12-10T16:16:09.349 -4.66369000E-04 -6.88564000E-04  3.87170000E-04
2001-12-10T16:16:10.349  1.50410900E-03  2.26015000E-04  8.77800000E-05
2001-12-10T16:16:11.341 -4.53224000E-04 -6.78441000E-04 -1.02613000E-04
2001-12-10T16:16:12.345  1.71032000E-04  6.65707000E-04 -7.73812000E-04
2001-12-10T16:16:13.341 -1.21799100E-03 -2.79227000E-04  7.68866000E-04
2001-12-10T16:16:14.353  1.04262800E-03  9.90794000E-04 -2.82291000E-04
2001-12-10T16:16:15.337 -2.61127000E-04 -8.17743000E-04 -6.13795000E-04
2001-12-10T16:16:16.349  8.67749000E-04  7.10751000E-04  6.20887000E-04
2001-12-10T16:16:17.341 -1.17105900E-03 -2.35217000E-04  4.68805000E-04
2001-12-10T16:16:18.345  5.02392000E-04  6.16178000E-04  5.57835000E-04
2001-12-10T16:16:19.341 -3.87050000E-04 -7.24125000E-04 -7.17329000E-04
2001-12-10T16:16:20.349  1.23382300E-03 -2.27989000E-04  7.25831000E-04
2001-12-10T16:16:21.341 -7.59204000E-04 -8.14290000E-04 -5.28447000E-04
2001-12-10T16:16:22.349  4.56544000E-04  1.04340700E-03  9.84150000E-05
2001-12-10T16:16:23.345 -7.30154000E-04 -6.95001000E-04 -5.65040000E-04
2001-12-10T16:16:24.345  4.61189000E-04  2.59811000E-04 -1.15783600E-03
2001-12-10T16:16:25.349  4.29522000E-04 -9.78125000E-04 -3.58040000E-04
2001-12-10T16:16:26.349  9.41795000E-04  1.59694000E-04 -1.00343000E-04
2001-12-10T16:16:27.341 -8.00454000E-04 -2.34743000E-04  8.35367000E-04
2001-12-10T16:16:28.345  4.48140000E-05  7.01805000E-04 -8.41819000E-04
2001-12-10T16:16:29.341 -1.47240100E-03 -3.92902000E-04 -7.63472000E-04
2001-12-10T16:16:30.353  1.19948900E-03 -4.25295000E-04  1.97893000E-04
2001-12-10T16:16:31.337 -8.81400000E-05 -1.23857900E-03  7.42643000E-04
2001-12-10T16:16:32.349  1.28843000E-04  2.76909000E-04 -2.64848000E-04
2001-12-10T16:16:33.341  1.95100000E-06  9.68836000E-04 -5.48542000E-04
2001-12-10T16:16:34.345 -1.66805000E-04 -1.53291000E-04  1.58417000E-04
2001-12-10T16:16:35.341  3.41847000E-04  2.51850000E-05  1.48040000E-04
2001-12-10T16:16:36.349 -6.02910000E-05 -3.04297000E-04 -2.25268000E-04
2001-12-10T16:16:37.341 -1.10016000E-04  3.00112000E-04  1.04153100E-03
2001-12-10T16:16:38.349 -7.83587000E-04 -4.45920000E-05  6.75838000E-04
2001-12-10T16:16:39.345  1.34651000E-03  8.01471000E-04 -6.82814000E-04
2001-12-10T16:16:40.345 -5.40143000E-04 -9.10176000E-04 -2.53481000E-04
2001-12-10T16:16:41.349  1.06204800E-03  6.03667000E-04  3.65804000E-04
2001-12-10T16:16:42.349 -8.11656000E-04 -7.22210000E-04  6.59510000E-04
2001-12-10T16:16:43.341  1.99546000E-04  1.62001400E-03  2.37988000E-04
2001-12-10T16:16:44.345 -8.49435000E-04 -6.29140000E-04  9.69900000E-06
2001-12-10T16:16:45.341  1.61729700E-03  1.69164000E-04  4.03631000E-04
2001-12-10T16:16:46.353 -6.32019000E-04 -8.13222000E-04 -7.97649000E-04
2001-12-10T16:16:47.337  4.77785000E-04  1.00911400E-03 -7.14562000E-04
2001-12-10T16:16:48.349 -8.59133000E-04  7.25710000E-05 -9.33880000E-05
2001-12-10T16:16:49.341  6.44398000E-04  2.14192000E-04 -4.28400000E-06
2001-12-10T16:16:50.345 -2.73502000E-04 -9.40794000E-04  4.28642000E-04
2001-12-10T16:16:51.341  8.77704000E-04 -4.39850000E-05 -1.27903000E-04
2001-12-10T16:16:52.349 -5.57574000E-04 -1.34540000E-05  7.29620000E-05
2001-12-10T16:16:53.341 -2.94949000E-04  7.99531000E-04 -7.70112000E-04
2001-12-10T16:16:54.349 -5.94900000E-05 -8.32960000E-05 -7.38155000E-04
2001-12-10T16:16:55.345  1.00611000E-03 -8.27299000E-04 -1.18352000E-03
2001-12-10T16:16:56.345 -8.78460000E-05 -6.47511000E-04  8.28507000E-04
2001-12-10T16:16:57.349  1.04732000E-04  2.01949000E-04 -1.24053500E-03
2001-12-10T16:16:58.345 -1.07910400E-03  2.44633000E-04 -3.02138000E-04
2001-12-10T16:16:59.341 -3.69639000E-04  3.24537000E-04  2.68110000E-05
2001-12-10T16:17:00.345 -4.41110000E-05 -8.04339000E-04  2.88452000E-04
2001-12-10T16:17:01.341  1.89023000E-04 -6.11806000E-04 -1.49473000E-04
2001-12-10T16:17:02.353  6.51838000E-04  7.70751000E-04 -2.53470000E-05
2001-12-10T16:17:03.337 -1.23354600E-03  2.11831000E-04  5.01108000E-04
2001-12-10T16:17:04.349  9.81748000E-04  1.33426400E-03 -1.61639000E-04
2001-12-10T16:17:05.341 -3.29616000E-04 -1.28738300E-03 -2.37716000E-04
2001-12-10T16:17:06.345  1.37634100E-03  3.79870000E-04 -2.18504000E-04
2001-12-10T16:17:07.341 -7.44668000E-04 -9.87488000E-04 -7.23780000E-04
2001-12-10T16:17:08.349 -6.63470000E-05  1.50118800E-03  4.71738000E-04
2001-12-10T16:17:09.341 -9.76555000E-04  2.57034000E-04 -1.41170700E-03
2001-12-10T16:17:10.349  6.71866000E-04  5.20358000E-04 -2.16100000E-06
2001-12-10T16:17:11.345 -3.56894000E-04 -1.26939300E-03  1.73572000E-03
2001-12-10T16:17:12.345  8.10199000E-04  6.86306000E-04  3.92156000E-04
2001-12-10T16:17:13.349 -5.61800000E-04  4.24845000E-04 -6.92388000E-04
2001-12-10T16:17:14.349  5.18371000E-04  8.22635000E-04 -4.63436000E-04
2001-12-10T16:17:15.341 -8.67038000E-04 -3.53294000E-04  5.07470000E-05
2001-12-10T16:17:16.345  1.00089700E-03 -2.68273000E-04 -6.77408000E-04
2001-12-10T16:17:17.341 -4.59167000E-04 -1.28540000E-05 -5.69800000E-04
2001-12-10T16:17:18.353 -4.65528000E-04  5.87204000E-04  4.07740000E-05
2001-12-10T16:17:19.337 -5.12391000E-04  7.97390000E-05 -1.20774000E-04
2001-12-10T16:17:20.349  7.99375000E-04 -5.18930000E-04 -8.96178000E-04
2001-12-10T16:17:21.341  5.25108000E-04 -2.79011000E-04  3.80257000E-04
2001-12-10T16:17:22.345  1.11273000E-04 -1.12311000E-04  3.35780000E-05
2001-12-10T16:17:23.341 -1.37876000E-04  7.89315000E-04 -3.02140000E-04
2001-12-10T16:17:24.349 -3.83120000E-04  4.71523000E-04 -1.17298100E-03
2001-12-10T16:17:25.341 -1.40877000E-04 -2.67999000E-04  1.98177000E-04
2001-12-10T16:17:26.349  5.58743000E-04 -7.67054000E-04 -5.01559000E-04
2001-12-10T16:17:27.345  2.51276000E-04  3.98363000E-04  1.90223000E-04
2001-12-10T16:17:28.345 -6.14641000E-04  3.78459000E-04  1.17066000E-04
2001-12-10T16:17:29.349  3.05147000E-04  4.46525000E-04  4.29509000E-04
2001-12-10T16:17:30.349 -2.52688000E-04 -8.56222000E-04  1.92804000E-04
2001-12-10T16:17:31.341  1.27065400E-03  1.56291000E-04 -1.52736100E-03
2001-12-10T16:17:32.345 -7.23232000E-04 -9.39077000E-04  5.53022000E-04
2001-12-10T16:17:33.341 -2.09374000E-04  1.24127200E-03  8.75552000E-04
2001-12-10T16:17:34.353 -5.58138000E-04 -5.59676000E-04 -1.21322800E-03
2001-12-10T16:17:35.337  1.12278300E-03  1.01994300E-03 -4.31495000E-04
2001-12-10T16:17:36.349 -4.58708000E-04 -1.16479100E-03  8.35920000E-04
2001-12-10T16:17:37.341  7.89464000E-04  3.26833000E-04  5.60710000E-05
2001-12-10T16:17:38.345 -1.36680200E-03 -3.36406000E-04 -3.95440000E-04
2001-12-10T16:17:39.341  1.41320000E-05  1.41435200E-03  4.11877000E-04
2001-12-10T16:17:40.349 -1.47984700E-03 -5.92371000E-04  8.75850000E-05
2001-12-10T16:17:41.341  1.32209600E-03 -1.74197000E-04 -3.05913000E-04
2001-12-10T16:17:42.349  9.89860000E-05 -7.83206000E-04 -9.09773000E-04
2001-12-10T16:17:43.345  2.67896000E-04  9.62459000E-04 -1.08160000E-04
2001-12-10T16:17:44.345 -1.41975100E-03 -3.24099000E-04  7.37680000E-04
2001-12-10T16:17:45.349  5.17140000E-05  7.27720000E-04  1.08483800E-03
2001-12-10T16:17:46.349  2.08448000E-04 -9.47568000E-04 -4.04410000E-04
2001-12-10T16:17:47.341  4.79880000E-04 -2.47806000E-04  1.92653000E-04
2001-12-10T16:17:48.345 -5.36246000E-04 -1.95951000E-04  8.02596000E-04
2001-12-10T16:17:49.341 -3.69111000E-04  3.84316000E-04 -1.75479300E-03
2001-12-10T16:17:50.353  1.42359000E-04  1.37112000E-04 -7.40581000E-04
2001-12-10T16:17:51.337  1.89344000E-04 -6.02441000E-04 -2.56429000E-04
2001-12-10T16:17:52.349  7.83500000E-06 -2.05950000E-05  9.08900000E-06
2001-12-10T16:17:53.341 -4.54858000E-04  2.18339000E-04 -6.84996000E-04
2001-12-10T16:17:54.345  1.63917000E-04  9.70775000E-04  2.38726000E-04
2001-12-10T16:17:55.341 -7.60791000E-04  1.08334000E-04  4.86174000E-04
2001-12-10T16:17:56.349  1.31192300E-03 -2.12697000E-04 -9.64687000E-04
2001-12-10T16:17:57.341 -2.57468000E-04 -9.77788000E-04 -8.30780000E-05
2001-12-10T16:17:58.349 -3.93703000E-04  5.14114000E-04  1.15176500E-03
2001-12-10T16:17:59.345 -1.31650500E-03  1.00851000E-04 -6.51942000E-04
2001-12-10T16:18:00.345  6.89661000E-04  1.31925900E-03 -9.73810000E-04
2001-12-10T16:18:01.349 -1.21247000E-04 -1.29198300E-03  9.48923000E-04
2001-12-10T16:18:02.349  1.15873700E-03  3.00063000E-04 -1.90068000E-04
2001-12-10T16:18:03.341 -9.31488000E-04 -7.10690000E-05 -9.39791000E-04
2001-12-10T16:18:04.345  5.65151000E-04  9.46668000E-04 -3.65910000E-05
2001-12-10T16:18:05.341 -1.22196800E-03 -6.52702000E-04 -3.53623000E-04
2001-12-10T16:18:06.353  1.30189100E-03  2.12114000E-04 -5.97293000E-04
2001-12-10T16:18:07.337 -2.29762000E-04 -7.16291000E-04  2.70965000E-04
2001-12-10T16:18:08.349  9.20460000E-04  7.91926000E-04 -4.92413000E-04
2001-12-10T16:18:09.341 -1.04934600E-03  5.74482000E-04 -2.00544000E-04
2001-12-10T16:18:10.345  3.11104000E-04  1.02906800E-03 -3.53129000E-04
2001-12-10T16:18:11.341 -7.12862000E-04 -1.03974600E-03  2.19849000E-04
2001-12-10T16:18:12.349  7.20127000E-04  2.86123000E-04  5.42284000E-04
2001-12-10T16:18:13.341 -6.47388000E-04  6.96730000E-05 -5.51354000E-04
2001-12-10T16:18:14.349  1.62180000E-05  1.10708400E-03 -8.94867000E-04
2001-12-10T16:18:15.345  1.40664000E-04  4.14772000E-04 -4.57448000E-04
2001-12-10T16:18:16.345  3.80494000E-04  2.79800000E-05  5.11911000E-04
2001-12-10T16:18:17.349  1.03108000E-04 -8.34800000E-04  1.85877000E-04
2001-12-10T16:18:18.345  2.12715000E-04  9.94820000E-05 -8.90767000E-04
2001-12-10T16:18:19.341 -4.88219000E-04  6.46683000E-04 -1.92931000E-04
2001-12-10T16:18:20.345 -7.57030000E-05 -2.74235000E-04  4.07490000E-05
2001-12-10T16:18:21.341  7.18791000E-04 -5.66969000E-04 -9.90272000E-04
2001-12-10T16:18:22.353  5.88375000E-04 -4.42917000E-04 -4.39802000E-04
2001-12-10T16:18:23.337  4.75743000E-04  1.05392900E-03 -5.04040000E-04
2001-12-10T16:18:24.349 -3.15236000E-04 -1.55317000E-04 -4.63460000E-04
2001-12-10T16:18:25.341  1.43536000E-04 -2.04987000E-04 -6.39981000E-04
2001-12-10T16:18:26.345 -8.43090000E-05 -3.20800000E-04 -2.14741000E-04
2001-12-10T16:18:27.341  2.44272000E-04 -6.94425000E-04  9.67440000E-04
2001-12-10T16:18:28.349 -4.84354000E-04 -5.12209000E-04  9.43474000E-04
2001-12-10T16:18:29.341  2.40850000E-05  1.33087900E-03 -7.19410000E-05
2001-12-10T16:18:30.349 -5.58142000E-04 -1.53480000E-04  4.09106000E-04
2001-12-10T16:18:31.345  1.31773800E-03 -1.28887000E-04  1.38953000E-04
2001-12-10T16:18:32.345 -1.83357000E-04 -8.18651000E-04  1.10090000E-04
2001-12-10T16:18:33.349  1.12723500E-03  6.61259000E-04 -5.46385000E-04
2001-12-10T16:18:34.349 -1.18673800E-03 -4.02767000E-04  1.94304000E-04
2001-12-10T16:18:35.341  1.27212100E-03  3.74086000E-04 -8.56735000E-04
2001-12-10T16:18:36.345 -1.08111100E-03 -2.80486000E-04  2.88651000E-04
2001-12-10T16:18:37.341  1.18595200E-03  2.10272000E-04  9.12540000E-05
2001-12-10T16:18:38.353 -1.04542600E-03 -3.47580000E-04  1.96527000E-04
2001-12-10T16:18:39.337  4.14620000E-05  1.22012700E-03 -5.43032000E-04
2001-12-10T16:18:40.349 -3.52373000E-04 -2.49126000E-04 -2.74809000E-04
2001-12-10T16:18:41.341  1.29308100E-03 -3.78759000E-04 -8.28000000E-06
2001-12-10T16:18:42.345 -1.53894000E-04 -9.18925000E-04  5.08904000E-04
2001-12-10T16:18:43.341  4.92318000E-04  4.86098000E-04 -2.64690000E-04
2001-12-10T16:18:44.349 -5.60065000E-04  5.49669000E-04  3.32810000E-04
2001-12-10T16:18:45.341  1.36514000E-04  6.14891000E-04 -7.11245000E-04
2001-12-10T16:18:46.349 -2.01411000E-04 -5.20995000E-04 -1.42945000E-04
2001-12-10T16:18:47.345  7.15430000E-04 -1.57686000E-04  1.27122700E-03
2001-12-10T16:18:48.345 -3.75121000E-04 -3.34366000E-04  8.79549000E-04
2001-12-10T16:18:49.349 -2.41589000E-04  7.45188000E-04  4.67047000E-04
2001-12-10T16:18:50.345 -1.01963600E-03 -4.77436000E-04 -7.20774000E-04
2001-12-10T16:18:51.341  4.91645000E-04 -1.73121000E-04 -2.53846000E-04
2001-12-10T16:18:52.345  7.72980000E-05 -4.63856000E-04 -9.24195000E-04
2001-12-10T16:18:53.341 -2.69519000E-04  3.18700000E-06 -6.54305000E-04
2001-12-10T16:18:54.353 -4.88993000E-04  1.14306800E-03  3.41018000E-04
2001-12-10T16:18:55.337 -3.58298000E-04  6.92590000E-05 -6.68598000E-04
2001-12-10T16:18:56.349  3.62410000E-04 -3.75361000E-04 -2.18031000E-04
2001-12-10T16:18:57.341 -2.19172000E-04 -9.03009000E-04  9.19545000E-04
2001-12-10T16:18:58.345  6.68583000E-04  1.05312800E-03  7.69320000E-05
2001-12-10T16:18:59.341 -1.41548500E-03  1.46028000E-04  1.15253800E-03
2001-12-10T16:19:00.349  6.74546000E-04  7.26658000E-04  3.07153000E-04
2001-12-10T16:19:01.341 -9.12636000E-04 -6.70510000E-04  5.80412000E-04
2001-12-10T16:19:02.349  1.23070700E-03  1.17266000E-04  4.02308000E-04
2001-12-10T16:19:03.345 -1.33917600E-03 -8.13822000E-04 -3.27243000E-04
2001-12-10T16:19:04.345  4.29762000E-04  8.35352000E-04  1.58080000E-04
2001-12-10T16:19:05.349 -1.02225000E-03 -1.06103900E-03 -1.92479000E-04
2001-12-10T16:19:06.345  1.33760400E-03  1.39747000E-04 -4.07411000E-04
2001-12-10T16:19:07.341 -9.22431000E-04 -1.14046800E-03  1.81164000E-04
2001-12-10T16:19:08.345  7.28554000E-04  1.04273300E-03  7.00748000E-04
2001-12-10T16:19:09.341 -1.16172300E-03 -5.95238000E-04  5.84846000E-04
2001-12-10T16:19:10.353  2.76614000E-04  7.94293000E-04  5.19210000E-05
2001-12-10T16:19:11.337 -6.61288000E-04 -1.27501200E-03  1.00635500E-03
2001-12-10T16:19:12.349  1.19818400E-03 -3.99032000E-04  1.50290100E-03
2001-12-10T16:19:13.341 -7.49900000E-04 -8.76772000E-04 -4.25514000E-04
2001-12-10T16:19:14.345 -1.38813000E-04  1.11206600E-03  2.10986000E-04
2001-12-10T16:19:15.341 -8.44945000E-04 -4.36578000E-04 -3.29005000E-04
2001-12-10T16:19:16.349  1.04508600E-03  8.20670000E-05  6.78152000E-04
2001-12-10T16:19:17.341  5.60960000E-04 -4.46003000E-04 -1.44018600E-03
2001-12-10T16:19:18.349  3.15153000E-04  6.00256000E-04  1.75948000E-04
2001-12-10T16:19:19.345 -1.45997700E-03  4.72595000E-04 -5.04000000E-05
2001-12-10T16:19:20.345  3.81542000E-04  2.61974000E-04 -4.11457000E-04
2001-12-10T16:19:21.349  7.86360000E-04 -5.93932000E-04 -4.61777000E-04
2001-12-10T16:19:22.349  6.57964000E-04 -3.33354000E-04  3.02344000E-04
2001-12-10T16:19:23.341  1.37107000E-04  7.51750000E-05 -7.58202000E-04
2001-12-10T16:19:24.345 -2.99749000E-04  4.54156000E-04 -1.31543300E-03
2001-12-10T16:19:25.341 -2.40819000E-04  1.96905000E-04  4.32204000E-04
2001-12-10T16:19:26.353 -9.44810000E-05 -8.43380000E-05  5.67200000E-05
2001-12-10T16:19:27.337  8.58099000E-04 -5.91330000E-05  4.23233000E-04
2001-12-10T16:19:28.349 -3.95711000E-04 -4.55746000E-04 -1.00504000E-03
2001-12-10T16:19:29.341  2.78352000E-04  1.20134300E-03  3.75030000E-05
2001-12-10T16:19:30.345 -6.95542000E-04 -5.98916000E-04  3.60560000E-05
2001-12-10T16:19:31.341  5.06748000E-04 -4.13888000E-04  1.49210000E-04
2001-12-10T16:19:32.349 -5.23076000E-04 -9.68700000E-04 -3.17195000E-04
2001-12-10T16:19:33.341  8.14895000E-04  7.21536000E-04  1.86946000E-03
2001-12-10T16:19:34.380 -1.05675600E-03 -1.61014000E-04 -5.21205000E-04
2001-12-10T16:19:35.345  4.09064000E-04  1.07858600E-03 -2.11352000E-04
2001-12-10T16:19:36.345 -1.43959000E-04 -1.66667800E-03 -3.50560000E-04
2001-12-10T16:19:37.349  1.49074100E-03 -1.86318000E-04  1.13594800E-03
2001-12-10T16:19:38.345 -1.17616500E-03 -8.64595000E-04  3.79511000E-04
2001-12-10T16:19:39.341  6.93018000E-04  1.04856700E-03 -9.85533000E-04
2001-12-10T16:19:40.345 -1.32443400E-03 -3.45000000E-06  2.37900000E-05
2001-12-10T16:19:41.341  7.52200000E-04  8.30852000E-04  5.14175000E-04
2001-12-10T16:19:42.353 -4.51317000E-04 -1.68006600E-03 -4.78060000E-05
2001-12-10T16:19:43.337  9.09984000E-04  4.30743000E-04 -1.16972100E-03
2001-12-10T16:19:44.349 -1.31862100E-03  2.88151000E-04  7.79895000E-04
2001-12-10T16:19:45.341  5.16913000E-04  8.80860000E-04  7.00161000E-04
2001-12-10T16:19:46.345 -2.55418000E-04 -9.59637000E-04 -1.23171900E-03
2001-12-10T16:19:47.341  7.06564000E-04  1.73594000E-04  4.88910000E-04
2001-12-10T16:19:48.349 -5.11433000E-04 -4.76315000E-04  1.00686400E-03
2001-12-10T16:19:49.341  1.45196000E-04  5.70909000E-04 -1.02330600E-03
2001-12-10T16:19:50.349 -3.04973000E-04  5.75528000E-04 -1.94752000E-04
2001-12-10T16:19:51.345  1.04430000E-05  2.05942000E-04  4.08889000E-04
2001-12-10T16:19:52.345  1.04282200E-03 -2.66585000E-04  1.11114000E-03
2001-12-10T16:19:53.349 -2.69253000E-04 -3.28651000E-04 -4.56602000E-04
2001-12-10T16:19:54.345 -3.40571000E-04  6.53087000E-04 -5.16407000E-04
2001-12-10T16:19:55.341 -3.54714000E-04 -1.98411000E-04  2.17733000E-04
2001-12-10T16:19:56.345  5.12479000E-04  7.08000000E-06  7.05976000E-04
2001-12-10T16:19:57.341 -2.22424000E-04 -1.03399300E-03 -3.08660000E-04
2001-12-10T16:19:58.353  5.71662000E-04  1.62886000E-04  9.68518000E-04
2001-12-10T16:19:59.337 -1.29960700E-03 -1.92032000E-04  4.34000000E-05
2001-12-10T16:20:00.349  1.86445000E-04  3.68091000E-04 -2.98558000E-04
2001-12-10T16:20:01.341 -1.09234100E-03 -1.00094300E-03 -9.01744000E-04
2001-12-10T16:20:02.345  1.44574500E-03 -2.69698000E-04  8.28543000E-04
2001-12-10T16:20:03.341 -4.01628000E-04 -1.19618800E-03  2.75693000E-04
2001-12-10T16:20:04.349  6.55201000E-04  1.35611900E-03 -3.34821000E-04
2001-12-10T16:20:05.341 -1.11812200E-03  2.12414000E-04 -1.47751000E-04
2001-12-10T16:20:06.349  3.02676000E-04  7.58931000E-04  1.08153500E-03
2001-12-10T16:20:07.345 -8.20154000E-04 -4.31045000E-04 -3.28977000E-04
2001-12-10T16:20:08.345  1.06592600E-03  1.63856000E-04 -3.46176000E-04
2001-12-10T16:20:09.349 -6.04201000E-04 -1.63388000E-04 -2.50228000E-04
2001-12-10T16:20:10.345 -1.52533000E-04  1.35912600E-03  4.66000000E-05
2001-12-10T16:20:11.341 -4.23421000E-04 -1.07631000E-03 -5.56276000E-04
2001-12-10T16:20:12.345  8.90644000E-04  1.32701000E-04  4.43263000E-04
2001-12-10T16:20:13.341 -4.83582000E-04 -1.03860700E-03 -1.89347000E-04
2001-12-10T16:20:14.353  5.08224000E-04  4.35734000E-04  8.45200000E-05
2001-12-10T16:20:15.337 -1.32668700E-03  5.87001000E-04 -1.22764100E-03
2001-12-10T16:20:16.349 -5.19400000E-06  8.46633000E-04 -5.84288000E-04
2001-12-10T16:20:17.341  4.92616000E-04 -2.87241000E-04  6.55017000E-04
2001-12-10T16:20:18.345  5.51478000E-04 -1.34782000E-04 -2.16975000E-04
2001-12-10T16:20:19.341 -3.35274000E-04 -3.71276000E-04  4.04224000E-04
2001-12-10T16:20:20.349 -2.50345000E-04  4.28251000E-04 -3.23765000E-04
2001-12-10T16:20:21.341 -6.51572000E-04 -2.19323000E-04  9.06875000E-04
2001-12-10T16:20:22.349  4.07850000E-05 -2.11597000E-04 -3.94694000E-04
2001-12-10T16:20:23.345  5.60853000E-04 -5.96756000E-04 -7.44661000E-04
2001-12-10T16:20:24.345 -3.67408000E-04 -1.35382000E-04  8.52568000E-04
2001-12-10T16:20:25.349  3.64676000E-04  1.73883400E-03  2.45222000E-04
2001-12-10T16:20:26.349 -8.73483000E-04 -6.91043000E-04  6.09868000E-04
2001-12-10T16:20:27.341  9.07363000E-04  3.40339000E-04 -8.05879000E-04
2001-12-10T16:20:28.345 -6.86929000E-04 -1.03791400E-03  7.13426000E-04
2001-12-10T16:20:29.341  8.27567000E-04  7.09018000E-04  1.42009000E-04
2001-12-10T16:20:30.353 -1.18193500E-03  9.91690000E-05 -2.40178000E-04
2001-12-10T16:20:31.337  3.89270000E-04  1.51791900E-03  2.11379000E-04
2001-12-10T16:20:32.349 -1.26580000E-03 -1.01157400E-03  1.04174300E-03
2001-12-10T16:20:33.341  1.68526700E-03  5.43793000E-04 -7.36184000E-04
2001-12-10T16:20:34.345 -5.19315000E-04 -3.03691000E-04 -1.21611300E-03
2001-12-10T16:20:35.341  4.06885000E-04  1.35511000E-03  6.81840000E-04
2001-12-10T16:20:36.349 -1.37729700E-03 -7.81910000E-05  1.85433000E-04
2001-12-10T16:20:37.341  1.62734200E-03 -1.44115000E-04 -8.67401000E-04
2001-12-10T16:20:38.349 -2.42667000E-04 -1.18922600E-03 -1.75026000E-04
2001-12-10T16:20:39.345  5.39586000E-04  1.25331800E-03  5.49356000E-04
2001-12-10T16:20:40.345 -9.20006000E-04  2.23202000E-04 -4.20246000E-04
2001-12-10T16:20:41.349  3.04071000E-04  8.67439000E-04 -1.21969500E-03
2001-12-10T16:20:42.349  2.35079000E-04 -1.14399200E-03  6.61921000E-04
2001-12-10T16:20:43.341  5.76621000E-04  1.90540000E-04 -1.52122000E-04
2001-12-10T16:20:44.345 -1.77399000E-04  7.49330000E-04 -7.10721000E-04
2001-12-10T16:20:45.341 -3.53932000E-04  8.12826000E-04 -1.28200000E-03
2001-12-10T16:20:46.353  4.72518000E-04 -2.57674000E-04  1.51898000E-04
2001-12-10T16:20:47.337  5.56270000E-04 -4.34052000E-04  3.94638000E-04
2001-12-10T16:20:48.349  2.19750000E-04 -1.64203000E-04  3.82580000E-05
2001-12-10T16:20:49.341 -6.88616000E-04  2.16038000E-04  1.43625000E-04
2001-12-10T16:20:50.345  8.25100000E-06  8.57431000E-04  1.08904200E-03
2001-12-10T16:20:51.341 -5.24646000E-04 -4.03845000E-04 -4.24984000E-04
2001-12-10T16:20:52.349  1.42355100E-03  9.83928000E-04 -3.11258000E-04
2001-12-10T16:20:53.341 -3.49912000E-04 -5.87983000E-04 -3.57380000E-05
2001-12-10T16:20:54.349  2.33470000E-04  8.24272000E-04  2.57487000E-04
2001-12-10T16:20:55.345 -1.52709400E-03  5.10636000E-04  1.00217000E-04
2001-12-10T16:20:56.345  1.42236500E-03  6.47049000E-04 -1.46135000E-04
2001-12-10T16:20:57.349 -3.51308000E-04 -1.15248100E-03  8.31661000E-04
2001-12-10T16:20:58.349  1.34019800E-03  4.72321000E-04  6.52752000E-04
2001-12-10T16:20:59.341 -1.11253000E-03 -2.26052000E-04  4.43107000E-04
2001-12-10T16:21:00.345  6.58379000E-04  6.87208000E-04 -1.26436100E-03
2001-12-10T16:21:01.341 -7.99805000E-04 -3.83175000E-04  5.99165000E-04
2001-12-10T16:21:02.353  8.11366000E-04  3.66494000E-04  1.18120000E-04
2001-12-10T16:21:03.337 -3.20603000E-04 -8.79295000E-04  1.89607000E-04
2001-12-10T16:21:04.349  4.43804000E-04  1.10167500E-03 -4.51937000E-04
2001-12-10T16:21:05.341 -1.64008400E-03  9.31480000E-05  8.17304000E-04
2001-12-10T16:21:06.345  4.88295000E-04  8.52030000E-04 -1.16679000E-04
2001-12-10T16:21:07.341  3.91349000E-04 -5.90443000E-04 -4.44667000E-04
2001-12-10T16:21:08.349  4.89357000E-04  1.14900000E-04  1.35500100E-03
2001-12-10T16:21:09.341 -1.18478600E-03 -5.02082000E-04 -1.82688000E-04
2001-12-10T16:21:10.349  1.01668000E-04  9.03391000E-04 -1.98404900E-03
2001-12-10T16:21:11.345 -9.76287000E-04 -3.27960000E-05  5.47671000E-04
2001-12-10T16:21:12.345  6.75612000E-04 -7.37680000E-05  3.52941000E-04
2001-12-10T16:21:13.349  4.42091000E-04 -6.97938000E-04 -7.49035000E-04
2001-12-10T16:21:14.345  1.02431000E-04  1.55637000E-04  8.91226000E-04
2001-12-10T16:21:15.341 -8.63063000E-04  2.13375000E-04 -4.61595000E-04
2001-12-10T16:21:16.345  4.97396000E-04 -2.70182000E-04  5.10323000E-04
2001-12-10T16:21:17.341  1.44821000E-04 -3.95965000E-04 -2.75562000E-04
2001-12-10T16:21:18.353  1.79267000E-04 -1.08270000E-05  1.17256000E-04
2001-12-10T16:21:19.337 -3.33864000E-04 -1.01274000E-04  3.80375000E-04
2001-12-10T16:21:20.349 -3.42879000E-04  3.73300000E-05 -4.89631000E-04
2001-12-10T16:21:21.341  8.16207000E-04  1.39556000E-04  7.21740000E-05
2001-12-10T16:21:22.345 -6.70780000E-05 -5.48219000E-04 -6.15410000E-05
2001-12-10T16:21:23.341  1.26519800E-03  1.40849000E-04  2.98172000E-04
2001-12-10T16:21:24.349 -6.26731000E-04  4.05910000E-05 -8.95227000E-04
2001-12-10T16:21:25.341  7.65394000E-04  1.19721400E-03  2.37792000E-04
2001-12-10T16:21:26.349 -5.03596000E-04 -8.32437000E-04  6.73742000E-04
2001-12-10T16:21:27.345  1.32980600E-03  9.71825000E-04 -5.30696000E-04
2001-12-10T16:21:28.345 -8.57370000E-05 -1.08131800E-03 -1.56458700E-03
2001-12-10T16:21:29.341  5.51217000E-04  5.23619000E-04  4.32276000E-04
2001-12-10T16:21:30.345 -1.43909500E-03 -2.33960000E-05  5.90876000E-04
2001-12-10T16:21:31.341  4.62610000E-04  1.39598200E-03 -3.64905000E-04
2001-12-10T16:21:32.345 -6.50092000E-04 -1.38210200E-03 -6.20059000E-04
2001-12-10T16:21:33.341  4.68292000E-04  2.74840000E-04  1.07288500E-03
2001-12-10T16:21:34.353 -8.68240000E-04 -8.88101000E-04 -4.88534000E-04
2001-12-10T16:21:35.337  3.22465000E-04  1.00963900E-03 -2.40759000E-04
2001-12-10T16:21:36.349 -9.66948000E-04 -1.21360000E-05  2.67770000E-05
2001-12-10T16:21:37.341  9.01868000E-04 -6.40070000E-05  6.93951000E-04
2001-12-10T16:21:38.345  4.98089000E-04 -7.71619000E-04 -9.28384000E-04
2001-12-10T16:21:39.341  5.79489000E-04  1.39158000E-04 -8.51149000E-04
2001-12-10T16:21:40.349 -1.89898000E-04  2.08621000E-04 -3.54800000E-05
2001-12-10T16:21:41.341 -4.64818000E-04  8.02395000E-04  4.78820000E-05
2001-12-10T16:21:42.349  8.54784000E-04 -1.88058000E-04 -6.97675000E-04
2001-12-10T16:21:43.345  1.19003000E-04 -9.49038000E-04  9.12016000E-04
2001-12-10T16:21:44.345  6.97852000E-04  3.01019000E-04 -3.96740000E-05
2001-12-10T16:21:45.341 -1.22456600E-03  2.50121000E-04  2.35757000E-04
2001-12-10T16:21:46.349  1.87431000E-04  9.37276000E-04  5.56499000E-04
2001-12-10T16:21:47.341 -1.08317100E-03 -7.28048000E-04 -1.16756000E-04
2001-12-10T16:21:48.345  1.71952300E-03  4.76303000E-04  7.91997000E-04
2001-12-10T16:21:49.341 -8.97976000E-04 -5.61156000E-04  4.35902000E-04
2001-12-10T16:21:50.352  4.19594000E-04  1.39997500E-03 -1.34234700E-03
2001-12-10T16:21:51.337 -1.31869300E-03 -2.32593000E-04 -4.55162000E-04
2001-12-10T16:21:52.349  9.31211000E-04  1.64765000E-04  7.99210000E-04
2001-12-10T16:21:53.341 -1.48992000E-04 -1.34072200E-03  7.50605000E-04
2001-12-10T16:21:54.345  9.30501000E-04  4.37559000E-04 -2.97706000E-04
2001-12-10T16:21:55.341 -1.40852500E-03  9.11100000E-05  1.05665000E-04
2001-12-10T16:21:56.349  5.48692000E-04  9.01836000E-04 -1.73875000E-04
2001-12-10T16:21:57.341 -8.88239000E-04 -6.28165000E-04 -5.75340000E-04
2001-12-10T16:21:58.349  8.48411000E-04  2.48542000E-04 -7.45590000E-05
2001-12-10T16:21:59.345 -4.47260000E-05 -5.07450000E-04 -6.15055000E-04
2001-12-10T16:22:00.345 -1.32066000E-04  5.21624000E-04 -2.05771000E-04
2001-12-10T16:22:01.341  3.09650000E-05  1.05913900E-03 -6.95459000E-04
2001-12-10T16:22:02.345 -2.59920000E-05  2.86310000E-05 -7.12526000E-04
2001-12-10T16:22:03.341  1.07056900E-03 -4.20372000E-04  1.77085000E-04
2001-12-10T16:22:04.345 -1.43088000E-04 -8.37220000E-05 -1.88591000E-04
2001-12-10T16:22:05.341 -1.74344000E-04  3.37810000E-04  6.41768000E-04
2001-12-10T16:22:06.352 -6.83062000E-04  1.56497000E-04  4.19429000E-04
2001-12-10T16:22:07.337  1.06167800E-03  6.41914000E-04  7.07598000E-04
2001-12-10T16:22:08.349 -1.07800000E-05 -1.08795100E-03 -5.50212000E-04
2001-12-10T16:22:09.341  5.85433000E-04  8.64000000E-05 -3.44190000E-05
2001-12-10T16:22:10.345 -1.22223800E-03  1.50248000E-04  3.81174000E-04
2001-12-10T16:22:11.341  5.06948000E-04  1.61762000E-03 -1.28903900E-03
2001-12-10T16:22:12.349 -6.81439000E-04 -5.17739000E-04 -1.08043100E-03
2001-12-10T16:22:13.341  1.62078400E-03  3.52544000E-04  1.34363000E-04
2001-12-10T16:22:14.349 -8.17738000E-04 -6.75699000E-04  1.76927000E-04
2001-12-10T16:22:15.345  9.28441000E-04  8.04384000E-04 -8.88378000E-04
2001-12-10T16:22:16.345 -1.24790900E-03 -5.02900000E-04  8.14940000E-05
2001-12-10T16:22:17.341  9.16556000E-04  2.98142000E-04  1.49955800E-03
2001-12-10T16:22:18.345 -3.87081000E-04 -8.06568000E-04 -5.04950000E-05
2001-12-10T16:22:19.341  9.10128000E-04  6.16210000E-05 -1.09737800E-03
2001-12-10T16:22:20.345 -8.45770000E-05 -2.29190000E-04  2.65189000E-04
2001-12-10T16:22:21.341  3.99100000E-04  4.05817000E-04 -4.76739000E-04
2001-12-10T16:22:22.352 -7.01685000E-04  1.36454000E-04 -1.09766400E-03
2001-12-10T16:22:23.337  4.25846000E-04 -2.43940000E-05 -5.71377000E-04
2001-12-10T16:22:24.349 -5.81141000E-04 -3.33701000E-04  1.01178600E-03
2001-12-10T16:22:25.341  8.39590000E-05 -2.20804000E-04 -2.54842000E-04
2001-12-10T16:22:26.345  1.48008000E-04  9.28337000E-04 -6.05075000E-04
2001-12-10T16:22:27.341 -1.05604800E-03  2.66962000E-04  1.09266500E-03
2001-12-10T16:22:28.349  3.23951000E-04  3.55824000E-04 -4.00274000E-04
2001-12-10T16:22:29.341 -1.01687000E-04 -9.15309000E-04 -1.39564000E-04
2001-12-10T16:22:30.349  1.35727500E-03  5.42008000E-04  9.27067000E-04
2001-12-10T16:22:31.345 -5.30353000E-04 -4.81371000E-04 -3.83090000E-05
2001-12-10T16:22:32.345  2.83262000E-04  1.41884300E-03  6.27265000E-04
2001-12-10T16:22:33.341 -7.15330000E-04 -3.91097000E-04 -7.60502000E-04
2001-12-10T16:22:34.345  5.87541000E-04  1.00992500E-03  1.16470000E-05
2001-12-10T16:22:35.341 -1.63619000E-04 -9.63365000E-04  4.50565000E-04
2001-12-10T16:22:36.345  7.49614000E-04 -6.95080000E-05  1.18085700E-03
2001-12-10T16:22:37.341 -2.84169000E-04 -1.87935000E-04 -9.20411000E-04
2001-12-10T16:22:38.352 -2.63647000E-04  9.07417000E-04 -6.10577000E-04
2001-12-10T16:22:39.337 -9.14244000E-04  3.64013000E-04  1.01843100E-03
2001-12-10T16:22:40.349 -4.16152000E-04 -1.34357000E-04  5.02493000E-04
2001-12-10T16:22:41.341  7.03629000E-04 -2.66232000E-04 -4.89269000E-04
2001-12-10T16:22:42.345 -5.29959000E-04 -6.26684000E-04  2.48810000E-05
2001-12-10T16:22:43.341  5.40972000E-04  1.38234400E-03  2.82290000E-05
2001-12-10T16:22:44.349 -1.69264100E-03 -6.86000000E-05 -1.73075000E-04
2001-12-10T16:22:45.341  7.37677000E-04  5.97526000E-04 -9.09882000E-04
2001-12-10T16:22:46.349 -1.06741800E-03 -6.23096000E-04  4.14202000E-04
2001-12-10T16:22:47.345  1.48071700E-03  8.41210000E-05  2.86597000E-04
2001-12-10T16:22:48.345  2.94448000E-04 -1.86448000E-04 -4.73131000E-04
2001-12-10T16:22:49.341 -2.23910000E-05  9.86498000E-04  2.93729000E-04
2001-12-10T16:22:50.349 -3.12393000E-04  7.94620000E-04  6.04310000E-04
2001-12-10T16:22:51.341 -5.75591000E-04  2.72917000E-04  5.61945000E-04
2001-12-10T16:22:52.345 -1.49528000E-04  1.06015400E-03  3.82115000E-04
2001-12-10T16:22:53.341 -8.88180000E-04 -5.50940000E-05 -1.65411600E-03
2001-12-10T16:22:54.352  1.24405900E-03 -4.10467000E-04  2.25551000E-04
2001-12-10T16:22:55.337  1.80609000E-04 -8.18175000E-04 -3.91563000E-04
2001-12-10T16:22:56.349  2.38927000E-04  5.96729000E-04 -6.82000000E-07
2001-12-10T16:22:57.341 -1.00217000E-04  3.06016000E-04  5.40288000E-04
2001-12-10T16:22:58.345 -8.29731000E-04  5.13120000E-04  6.56815000E-04
2001-12-10T16:22:59.341 -2.18300000E-05  1.72860900E-03 -5.53488000E-04
2001-12-10T16:23:00.348 -1.19852000E-03  2.18940000E-04 -5.91513000E-04
2001-12-10T16:23:01.341  1.11490100E-03  5.35895000E-04 -3.68397000E-04
2001-12-10T16:23:02.348  1.16790000E-05 -2.63507000E-04  2.73182000E-04
2001-12-10T16:23:03.345  2.71485000E-04 -1.13506000E-04 -3.61183000E-04
2001-12-10T16:23:04.345  1.08668600E-03  4.93581000E-04  4.54054000E-04
2001-12-10T16:23:05.341 -3.80337000E-04  7.70880000E-05  3.90785000E-04
2001-12-10T16:23:06.348  4.51118000E-04  1.16889200E-03  4.78691000E-04
2001-12-10T16:23:07.341 -4.80189000E-04  1.08073900E-03 -5.40290000E-05
2001-12-10T16:23:08.345 -1.09735400E-03  6.27907000E-04 -8.25227000E-04
2001-12-10T16:23:09.341  3.47901000E-04  1.88092100E-03  9.38834000E-04
2001-12-10T16:23:10.352 -5.92575000E-04  1.22111700E-03 -6.81770000E-05
2001-12-10T16:23:11.337 -1.00177500E-03  1.09873100E-03  3.86607000E-04
2001-12-10T16:23:12.348  5.90540000E-05  1.81572500E-03  7.51443000E-04
2001-12-10T16:23:13.341 -4.67995000E-04  1.57775900E-03  3.92839000E-04
2001-12-10T16:23:14.345 -7.31308000E-04  5.49499000E-04 -2.73159000E-04
2001-12-10T16:23:15.341 -2.20420000E-04  1.56430000E-03  1.64988000E-04
2001-12-10T16:23:16.348  6.56291000E-04  2.05760800E-03 -1.93155000E-04
2001-12-10T16:23:17.341 -1.20645700E-03  5.45567000E-04  9.30455000E-04
2001-12-10T16:23:18.348 -7.64257000E-04  6.73985000E-04 -3.53844000E-04
2001-12-10T16:23:19.345  5.25916000E-04  1.71008000E-03 -5.46400000E-04
2001-12-10T16:23:20.345  4.35919000E-04  1.31737000E-03 -3.36607000E-04
2001-12-10T16:23:21.341 -8.50112000E-04  9.79300000E-05  8.95957000E-04
2001-12-10T16:23:22.345 -3.11990000E-04  9.52347000E-04  5.76213000E-04
2001-12-10T16:23:23.341  1.11546800E-03  1.59989000E-03 -5.24623000E-04
2001-12-10T16:23:24.345  1.65642000E-04  7.19336000E-04  1.65956000E-04
2001-12-10T16:23:25.341 -5.91568000E-04 -4.82555000E-04 -1.57328000E-04
2001-12-10T16:23:26.352  4.99931000E-04  2.98964000E-04 -3.40518000E-04
2001-12-10T16:23:27.337  1.35159300E-03  1.56118000E-03 -1.46835000E-04
2001-12-10T16:23:28.348  2.01973000E-04  1.03750200E-03  2.17529000E-04
2001-12-10T16:23:29.341 -9.16815000E-04  1.27604000E-04  5.12316000E-04
2001-12-10T16:23:30.345 -2.47704000E-04  1.73730500E-03 -3.51683000E-04
2001-12-10T16:23:31.341  3.97120000E-05  1.74765900E-03 -2.67520000E-05
2001-12-10T16:23:32.348 -4.72540000E-05  1.83209800E-03  1.35286000E-04
2001-12-10T16:23:33.341 -6.96330000E-04  4.78979000E-04 -5.93300000E-04
2001-12-10T16:23:34.348 -7.60240000E-04 -6.87790000E-05 -6.02888000E-04
2001-12-10T16:23:35.345  4.33891000E-04  7.58448000E-04  7.70902000E-04
2001-12-10T16:23:36.345  5.51890000E-04  1.87602800E-03  1.04172300E-03
2001-12-10T16:23:37.341  1.07657300E-03  2.69097000E-03 -1.99906000E-04
2001-12-10T16:23:38.348 -2.20293000E-04  2.27043200E-03  7.83903000E-04
2001-12-10T16:23:39.341 -4.75635000E-04  1.05779500E-03  1.97164000E-04
2001-12-10T16:23:40.345 -9.44822000E-04  2.85652000E-04 -4.58730000E-04
2001-12-10T16:23:41.341 -7.86531000E-04  9.83525000E-04 -9.36000000E-05
2001-12-10T16:23:42.352 -9.29968000E-04  1.17837600E-03  8.59029000E-04
2001-12-10T16:23:43.341 -5.81741000E-04  8.79426000E-04  2.35064000E-04
2001-12-10T16:23:44.348 -1.15996500E-03  1.82542600E-03  3.13879000E-04
2001-12-10T16:23:45.341 -8.36221000E-04  1.47383500E-03 -1.16784200E-03
2001-12-10T16:23:46.345 -8.38869000E-04  9.67655000E-04 -3.02350000E-04
2001-12-10T16:23:47.341 -1.27072700E-03  1.52599400E-03  6.99657000E-04
2001-12-10T16:23:48.348 -5.64047000E-04  2.10079900E-03 -3.12444000E-04
2001-12-10T16:23:49.341 -4.64744000E-04  1.50676200E-03 -2.67040000E-04
2001-12-10T16:23:50.380 -4.60165000E-04  2.30807600E-03  5.68260000E-05
2001-12-10T16:23:51.345  9.04222000E-04  2.75571700E-03  4.14204000E-04
2001-12-10T16:23:52.345  2.57218000E-04  3.04174200E-03 -6.52405000E-04
2001-12-10T16:23:53.341  4.84405000E-04  3.53318000E-03 -3.51152000E-04
2001-12-10T16:23:54.348 -2.49512000E-04  3.12837100E-03  3.54181000E-04
2001-12-10T16:23:55.341 -8.53154000E-04  2.35326700E-03 -2.02672000E-04
2001-12-10T16:23:56.345 -1.01063000E-04  2.04847400E-03  6.37200000E-04
2001-12-10T16:23:57.341  3.21977000E-04  3.70600000E-03  1.26514100E-03
2001-12-10T16:23:58.352 -2.53158000E-04  3.60284000E-03  1.18979800E-03
2001-12-10T16:23:59.337 -9.90979000E-04  2.79072800E-03 -1.37690200E-03
2001-12-10T16:24:00.348  1.04395700E-03  3.74874100E-03 -4.19041000E-04
2001-12-10T16:24:01.341 -5.76891000E-04  3.65309800E-03  1.02317100E-03
2001-12-10T16:24:02.345 -3.90710000E-05  4.88878700E-03  4.37809000E-04
2001-12-10T16:24:03.341 -3.91518000E-04  4.77431500E-03  6.25962000E-04
2001-12-10T16:24:04.348 -1.26128000E-03  3.60465200E-03  6.43960000E-05
2001-12-10T16:24:05.341  9.99830000E-05  4.88444500E-03  9.34639000E-04
2001-12-10T16:24:06.348 -9.03534000E-04  4.75483200E-03 -1.63155000E-04
2001-12-10T16:24:07.345 -7.08073000E-04  5.17783700E-03 -2.44394000E-04
2001-12-10T16:24:08.345  8.02781000E-04  6.48334100E-03  1.29645000E-04
2001-12-10T16:24:09.341 -1.54462200E-03  4.15540700E-03  1.26020000E-05
2001-12-10T16:24:10.348 -7.24850000E-05  4.96885300E-03  1.45972000E-04
2001-12-10T16:24:11.341  9.41831000E-04  6.33839300E-03 -7.20105000E-04
2001-12-10T16:24:12.344 -9.32510000E-04  5.65208200E-03  1.93550000E-05
2001-12-10T16:24:13.341 -1.10252100E-03  5.17124000E-03  4.17591000E-04
2001-12-10T16:24:14.352 -1.01760900E-03  4.45244300E-03  1.50934000E-04
2001-12-10T16:24:15.337 -1.04131500E-03  5.76023500E-03  4.70682000E-04
2001-12-10T16:24:16.348 -5.96590000E-05  5.42360300E-03  5.96820000E-05
2001-12-10T16:24:17.341 -2.68121000E-04  6.34103800E-03  1.56033200E-03
2001-12-10T16:24:18.344  2.74220000E-04  6.26852500E-03 -8.26000000E-04
2001-12-10T16:24:19.341  3.40530000E-05  7.01499500E-03  5.34592000E-04
2001-12-10T16:24:20.348  6.25641000E-04  6.30010400E-03  1.74682500E-03
2001-12-10T16:24:21.341  1.57511000E-04  6.79198000E-03 -5.35600000E-05
2001-12-10T16:24:22.348  2.12656000E-04  6.64807000E-03  4.99525000E-04
2001-12-10T16:24:23.344 -4.84065000E-04  7.31869300E-03  5.73477000E-04
2001-12-10T16:24:24.344 -3.23140000E-04  6.33411000E-03  9.34966000E-04
2001-12-10T16:24:25.341 -6.05171000E-04  5.89294800E-03 -7.12439000E-04
2001-12-10T16:24:26.348 -1.51022600E-03  6.23863100E-03 -1.08290000E-05
2001-12-10T16:24:27.341 -7.85171000E-04  5.31066900E-03  1.25772800E-03
2001-12-10T16:24:28.344 -1.62270200E-03  6.00657600E-03  5.48378000E-04
2001-12-10T16:24:29.341  3.30328000E-04  7.87518200E-03  1.61630000E-04
2001-12-10T16:24:30.352  6.70375000E-04  7.56577600E-03  9.14630000E-05
2001-12-10T16:24:31.337 -2.69004000E-04  6.16990100E-03  2.08566000E-04
2001-12-10T16:24:32.348  5.30512000E-04  8.30191400E-03  1.49131700E-03
2001-12-10T16:24:33.341 -1.36080000E-04  8.07884800E-03 -1.30092000E-04
2001-12-10T16:24:34.344  1.52785000E-04  7.84031700E-03  1.26440200E-03
2001-12-10T16:24:35.341  8.90456000E-04  8.50969100E-03  5.13426000E-04
2001-12-10T16:24:36.348 -1.38869800E-03  8.16704400E-03  3.41856000E-04
2001-12-10T16:24:37.341  1.01628700E-03  9.09513900E-03 -8.39775000E-04
2001-12-10T16:24:38.348 -3.15018000E-04  8.03791000E-03 -2.78161000E-04
2001-12-10T16:24:39.344  9.10367000E-04  9.75911500E-03  2.27044000E-04
2001-12-10T16:24:40.344 -1.13232200E-03  8.01997300E-03 -5.41101000E-04
2001-12-10T16:24:41.341  9.14895000E-04  9.75472900E-03 -3.62337000E-04
2001-12-10T16:24:42.348  9.44920000E-05  1.03057770E-02  6.07536000E-04
2001-12-10T16:24:43.341 -6.78185000E-04  9.47986000E-03  1.48809900E-03
2001-12-10T16:24:44.344 -1.21192000E-03  1.00505930E-02  1.28736500E-03
2001-12-10T16:24:45.341 -1.09309400E-03  1.01625220E-02  3.93380000E-04
2001-12-10T16:24:46.352 -6.47863000E-04  9.65364500E-03  1.02497600E-03
2001-12-10T16:24:47.337 -8.95532000E-04  1.08348350E-02 -6.02930000E-05
2001-12-10T16:24:48.348 -7.06024000E-04  1.05857360E-02 -1.60320000E-05
2001-12-10T16:24:49.341 -1.19977200E-03  1.01069830E-02 -1.81777000E-04
2001-12-10T16:24:50.344 -8.10976000E-04  1.06238160E-02  8.13702000E-04
2001-12-10T16:24:51.341  8.94117000E-04  1.32592550E-02  8.47672000E-04
2001-12-10T16:24:52.348 -1.15734400E-03  1.29420610E-02 -5.79104000E-04
2001-12-10T16:24:53.341 -1.80792200E-03  1.05516260E-02  1.06365300E-03
2001-12-10T16:24:54.348 -2.28815500E-03  1.08476230E-02  5.30885000E-04
2001-12-10T16:24:55.344 -8.56816000E-04  1.06945040E-02 -3.83391000E-04
2001-12-10T16:24:56.344  7.99162000E-04  1.19186910E-02 -3.80613000E-04
2001-12-10T16:24:57.341 -2.21166000E-04  1.34807690E-02  2.24157000E-04
2001-12-10T16:24:58.348 -7.23168000E-04  1.17184270E-02 -3.17960000E-05
2001-12-10T16:24:59.341  4.73895000E-04  1.21794520E-02 -3.79168000E-04
2001-12-10T16:25:00.344  3.47495000E-04  1.27139470E-02  7.18247000E-04
2001-12-10T16:25:01.341 -1.48201000E-04  1.39393120E-02  7.03692000E-04
2001-12-10T16:25:02.352 -1.42439400E-03  1.32709010E-02 -8.07324000E-04
2001-12-10T16:25:03.337  2.66543000E-04  1.41891390E-02  8.42060000E-05
2001-12-10T16:25:04.348  6.11370000E-04  1.53605320E-02  7.13209000E-04
2001-12-10T16:25:05.341 -2.02765000E-03  1.26881540E-02  5.20253000E-04
2001-12-10T16:25:06.344 -6.29815000E-04  1.39027140E-02  3.48360000E-04
2001-12-10T16:25:07.341  1.51100000E-05  1.47170640E-02  1.43726300E-03
2001-12-10T16:25:08.348  8.97697000E-04  1.45325660E-02  9.90670000E-05
2001-12-10T16:25:09.341 -1.08451500E-03  1.32151200E-02 -1.12854000E-04
2001-12-10T16:25:10.348  3.01239000E-04  1.51823600E-02  5.36036000E-04
2001-12-10T16:25:11.344 -1.03848100E-03  1.43744280E-02 -5.29970000E-05
2001-12-10T16:25:12.344 -2.06343000E-03  1.42376320E-02  3.76181000E-04
2001-12-10T16:25:13.341  6.07299000E-04  1.51528190E-02  1.48481000E-04
2001-12-10T16:25:14.348 -1.63996600E-03  1.49473690E-02  7.32100000E-06
2001-12-10T16:25:15.341  5.22452000E-04  1.74497220E-02  8.47940000E-04
2001-12-10T16:25:16.344 -8.37822000E-04  1.62755510E-02  1.28297600E-03
2001-12-10T16:25:17.341  8.31441000E-04  1.69979240E-02  7.45014000E-04
2001-12-10T16:25:18.352 -6.78020000E-05  1.73121650E-02 -1.04979100E-03
2001-12-10T16:25:19.337 -2.22168000E-04  1.48974210E-02  3.10728000E-04
2001-12-10T16:25:20.348 -1.47860000E-04  1.72205960E-02  8.53741000E-04
2001-12-10T16:25:21.341  1.16148000E-03  1.67072340E-02  5.78774000E-04
2001-12-10T16:25:22.344  5.84884000E-04  1.66274120E-02 -3.09325000E-04
2001-12-10T16:25:23.340 -1.55195700E-03  1.55602850E-02  9.01575000E-04
2001-12-10T16:25:24.348 -1.16067500E-03  1.57263000E-02  8.96904000E-04
2001-12-10T16:25:25.340  2.75524000E-04  1.69107470E-02 -1.18924000E-04
2001-12-10T16:25:26.348 -3.63990000E-04  1.70155910E-02  4.73811000E-04
2001-12-10T16:25:27.344 -9.87880000E-05  1.83691610E-02  9.19992000E-04
2001-12-10T16:25:28.344 -1.63048000E-04  1.94102210E-02  4.96268000E-04
2001-12-10T16:25:29.340 -4.33230000E-04  1.95074170E-02 -5.13952000E-04
2001-12-10T16:25:30.348 -8.81433000E-04  2.00133550E-02  1.05645700E-03
2001-12-10T16:25:31.340 -2.20854400E-03  1.66639050E-02  7.93539000E-04
2001-12-10T16:25:32.344 -6.42666000E-04  1.92367830E-02 -2.37922000E-04
2001-12-10T16:25:33.344  3.92250000E-05  2.07562880E-02 -2.18300000E-05
2001-12-10T16:25:34.352 -1.89064000E-04  1.95314050E-02  1.10332900E-03
2001-12-10T16:25:35.337 -1.54758700E-03  2.13121900E-02  1.74531200E-03
2001-12-10T16:25:36.348  4.02975000E-04  2.25116000E-02 -1.86770000E-04
2001-12-10T16:25:37.340 -7.26890000E-04  2.15235540E-02  6.93127000E-04
2001-12-10T16:25:38.344 -1.12220300E-03  2.13165660E-02  4.91792000E-04
2001-12-10T16:25:39.340 -4.84997000E-04  2.12138200E-02  6.51145000E-04
2001-12-10T16:25:40.348 -8.09593000E-04  2.05523240E-02 -3.35736000E-04
2001-12-10T16:25:41.340 -3.37744000E-04  1.98019000E-02  3.83265000E-04
2001-12-10T16:25:42.348 -1.23453700E-03  2.08660310E-02  7.25375000E-04
2001-12-10T16:25:43.344 -1.51315000E-04  2.18148570E-02  3.52653000E-04
2001-12-10T16:25:44.348 -8.80634000E-04  2.15522890E-02 -4.90208000E-04
2001-12-10T16:25:45.340 -7.23417000E-04  2.19298210E-02  1.25126600E-03
2001-12-10T16:25:46.348 -8.03779000E-04  2.06098050E-02  5.56060000E-04
2001-12-10T16:25:47.340 -3.01249000E-04  1.97983830E-02  5.75327000E-04
2001-12-10T16:25:48.344  1.12247100E-03  2.28708220E-02  7.93887000E-04
2001-12-10T16:25:49.340 -6.69855000E-04  2.07233930E-02  4.49651000E-04
2001-12-10T16:25:50.352 -6.85162000E-04  2.02839320E-02  3.79265000E-04
2001-12-10T16:25:51.337 -2.00292000E-04  1.96866280E-02 -2.12783000E-04
2001-12-10T16:25:52.348  7.05759000E-04  2.26432310E-02  1.28059300E-03
2001-12-10T16:25:53.340 -2.76317000E-04  2.08372680E-02  9.24088000E-04
2001-12-10T16:25:54.344  5.43512000E-04  2.23564820E-02  4.63740000E-04
2001-12-10T16:25:55.340 -8.63364000E-04  2.14729140E-02 -5.44000000E-07
2001-12-10T16:25:56.348  7.19162000E-04  2.30271670E-02  8.26479000E-04
2001-12-10T16:25:57.340 -1.94644000E-04  2.05846690E-02  1.26670500E-03
2001-12-10T16:25:58.348 -1.32466100E-03  2.09542180E-02 -5.07469000E-04
2001-12-10T16:25:59.344  6.22960000E-05  1.88697260E-02  6.27266000E-04
2001-12-10T16:26:00.344 -1.42930000E-04  1.95430780E-02  1.23259100E-03
2001-12-10T16:26:01.340  1.53165600E-03  2.37621610E-02 -1.12590000E-05
2001-12-10T16:26:02.348 -8.77678000E-04  2.20940620E-02  9.77297000E-04
2001-12-10T16:26:03.340 -6.37911000E-04  2.20498160E-02  1.26001600E-03
2001-12-10T16:26:04.344  3.55636000E-04  2.41337100E-02  1.11053700E-03
2001-12-10T16:26:05.340 -1.32572700E-03  2.13866120E-02  5.14781000E-04
2001-12-10T16:26:06.352 -1.12758900E-03  2.24902520E-02  9.13402000E-04
2001-12-10T16:26:07.337  9.48330000E-04  2.26178910E-02  1.76101600E-03
2001-12-10T16:26:08.348 -5.40927000E-04  2.10099050E-02  2.09311200E-03
2001-12-10T16:26:09.340 -8.54684000E-04  2.09988820E-02 -1.49346000E-04
2001-12-10T16:26:10.344 -5.06667000E-04  2.19128770E-02 -6.07700000E-06
2001-12-10T16:26:11.340 -6.41811000E-04  2.04072950E-02  2.05876400E-03
2001-12-10T16:26:12.348 -8.42578000E-04  2.03976890E-02  1.01098500E-03
2001-12-10T16:26:13.340  8.04891000E-04  2.26480290E-02  1.15261000E-04
2001-12-10T16:26:14.348 -1.07613500E-03  2.13837180E-02  7.25123000E-04
2001-12-10T16:26:15.344 -1.20921500E-03  2.09230170E-02  1.46550600E-03
2001-12-10T16:26:16.344 -4.52418000E-04  2.31937240E-02  4.00127000E-04
2001-12-10T16:26:17.344 -1.37491900E-03  2.42742970E-02  1.75677000E-04
2001-12-10T16:26:18.348 -1.34521000E-03  2.32276900E-02  1.63657500E-03
2001-12-10T16:26:19.340 -2.81662000E-04  2.26749930E-02  8.82930000E-04
2001-12-10T16:26:20.344 -6.45085000E-04  2.13966280E-02 -1.02586200E-03
2001-12-10T16:26:21.340 -1.35749000E-04  2.12623480E-02  5.40879000E-04
2001-12-10T16:26:22.352 -1.00602600E-03  2.21708420E-02  1.69506200E-03
2001-12-10T16:26:23.337 -1.13752600E-03  2.25197360E-02 -6.58070000E-05
2001-12-10T16:26:24.348 -5.47323000E-04  2.23511900E-02 -2.78624000E-04
2001-12-10T16:26:25.340  2.45326000E-04  2.35124850E-02  5.90301000E-04
2001-12-10T16:26:26.344 -1.12135500E-03  2.18433370E-02  1.24398500E-03
2001-12-10T16:26:27.340 -4.95833000E-04  2.22541020E-02  3.23972000E-04
2001-12-10T16:26:28.348  2.12029000E-04  2.33999300E-02  2.26251000E-04
2001-12-10T16:26:29.340  2.06404000E-04  2.41021050E-02 -1.54602000E-04
2001-12-10T16:26:30.348  3.74217000E-04  2.35436150E-02 -3.62178000E-04
2001-12-10T16:26:31.344 -1.32439500E-03  2.24374440E-02  4.50444000E-04
2001-12-10T16:26:32.344  8.66102000E-04  2.53681500E-02  6.89600000E-06
2001-12-10T16:26:33.340  5.84952000E-04  2.60255390E-02  6.73235000E-04
2001-12-10T16:26:34.348 -6.16260000E-04  2.44868900E-02  7.20371000E-04
2001-12-10T16:26:35.340 -1.15408900E-03  2.34467610E-02  8.12400000E-06
2001-12-10T16:26:36.344 -1.22916200E-03  2.33501010E-02 -1.30502000E-04
2001-12-10T16:26:37.340 -1.81640400E-03  2.41464690E-02  6.65231000E-04
2001-12-10T16:26:38.352 -1.37572100E-03  2.28544320E-02  1.24580300E-03
2001-12-10T16:26:39.336 -8.72977000E-04  2.27857140E-02  6.51283000E-04
2001-12-10T16:26:40.348 -1.89365000E-04  2.27042460E-02  1.33072800E-03
2001-12-10T16:26:41.340 -5.50004000E-04  2.38160400E-02  1.62810300E-03
2001-12-10T16:26:42.344  3.30424000E-04  2.31881220E-02 -1.00329800E-03
2001-12-10T16:26:43.340  7.65509000E-04  2.47157220E-02  1.60889100E-03
2001-12-10T16:26:44.348 -4.59154000E-04  2.35041190E-02  1.13815500E-03
2001-12-10T16:26:45.340 -1.53850800E-03  2.29797050E-02  6.16381000E-04
2001-12-10T16:26:46.348 -1.15722000E-03  2.19830390E-02  2.81957000E-04
2001-12-10T16:26:47.344 -4.24680000E-04  2.24328530E-02  7.56679000E-04
2001-12-10T16:26:48.344 -4.28155000E-04  2.39018330E-02  8.26085000E-04
2001-12-10T16:26:49.340  4.16110000E-04  2.40337660E-02 -4.23982000E-04
2001-12-10T16:26:50.348 -6.78400000E-06  2.43033000E-02  5.08873000E-04
2001-12-10T16:26:51.340 -1.03217000E-04  2.43880950E-02  1.49029000E-03
2001-12-10T16:26:52.344 -5.40767000E-04  2.40742900E-02  9.29999000E-04
2001-12-10T16:26:53.340 -6.65280000E-04  2.27906260E-02  1.42617000E-04
2001-12-10T16:26:54.352 -1.80998400E-03  2.27866280E-02  8.43149000E-04
2001-12-10T16:26:55.336 -5.49359000E-04  2.40732000E-02  1.46643400E-03
2001-12-10T16:26:56.348 -1.77939800E-03  2.29684100E-02  9.76650000E-05
2001-12-10T16:26:57.340 -9.92059000E-04  2.26560330E-02  8.68290000E-05
2001-12-10T16:26:58.344  5.98640000E-05  2.36679350E-02  9.60464000E-04
2001-12-10T16:26:59.340  1.34518900E-03  2.40607750E-02  2.75603000E-04
2001-12-10T16:27:00.348 -1.17310100E-03  2.25311160E-02  9.98772000E-04
2001-12-10T16:27:01.340 -1.59755900E-03  2.26894780E-02  1.05904200E-03
2001-12-10T16:27:02.348 -1.30191400E-03  2.26557160E-02  1.56851200E-03
2001-12-10T16:27:03.344 -8.92956000E-04  2.33396940E-02  7.75936000E-04
2001-12-10T16:27:04.344  1.31302500E-03  2.41334030E-02  3.62020000E-04
2001-12-10T16:27:05.340 -1.21478900E-03  2.24483440E-02  6.21414000E-04
2001-12-10T16:27:06.348 -1.10003800E-03  2.19207960E-02  1.45494900E-03
2001-12-10T16:27:07.340 -1.21808000E-04  2.33587490E-02  1.17099900E-03
2001-12-10T16:27:08.344  3.31768000E-04  2.38474440E-02  1.09366000E-04
2001-12-10T16:27:09.340  6.54520000E-04  2.40916700E-02 -4.03295000E-04
2001-12-10T16:27:10.352  6.15910000E-04  2.41038460E-02  1.45857200E-03
2001-12-10T16:27:11.336 -1.05556500E-03  2.25759580E-02 -2.08870000E-05
2001-12-10T16:27:12.348 -1.41287400E-03  2.27618980E-02 -4.28270000E-05
2001-12-10T16:27:13.340 -1.19915900E-03  2.24590920E-02  6.46847000E-04
2001-12-10T16:27:14.344 -3.61790000E-04  2.28245110E-02  1.07921700E-03
2001-12-10T16:27:15.340  1.02224600E-03  2.33519820E-02  2.69854000E-04
2001-12-10T16:27:16.348 -1.33858400E-03  2.16388390E-02  1.67016000E-04
2001-12-10T16:27:17.340  1.47168200E-03  2.19491850E-02  9.55039000E-04
2001-12-10T16:27:18.348 -6.79435000E-04  2.07100700E-02  3.81212000E-04
2001-12-10T16:27:19.344 -5.69970000E-04  2.01628190E-02 -6.53040000E-05
2001-12-10T16:27:20.344 -4.35893000E-04  1.97853740E-02 -1.18294000E-04
2001-12-10T16:27:21.340  7.32360000E-05  1.92859360E-02 -5.23002000E-04
2001-12-10T16:27:22.344  4.95385000E-04  1.88035020E-02  1.10447200E-03
2001-12-10T16:27:23.340 -8.00947000E-04  1.65390820E-02  6.25356000E-04
2001-12-10T16:27:24.344  4.72775000E-04  1.83637270E-02  1.17795100E-03
2001-12-10T16:27:25.340 -1.91016400E-03  1.67349500E-02  2.02739000E-04
2001-12-10T16:27:26.352 -1.99900000E-06  1.87248620E-02  1.09020500E-03
2001-12-10T16:27:27.336 -5.82853000E-04  1.79265440E-02  5.65286000E-04
2001-12-10T16:27:28.348 -6.62050000E-05  1.78039000E-02 -1.05603000E-04
2001-12-10T16:27:29.340 -1.23693600E-03  1.65114590E-02  2.96184000E-04
2001-12-10T16:27:30.344 -1.60426200E-03  1.52846150E-02  3.48223000E-04
2001-12-10T16:27:31.340  6.59302000E-04  1.65939370E-02  3.72037000E-04
2001-12-10T16:27:32.348  1.24729000E-04  1.66276190E-02 -2.83632000E-04
2001-12-10T16:27:33.340  1.95659000E-04  1.69210140E-02  5.59330000E-04
2001-12-10T16:27:34.348 -1.04118700E-03  1.58159770E-02 -1.09588000E-04
2001-12-10T16:27:35.344 -4.71211000E-04  1.58046630E-02 -1.51853000E-04
2001-12-10T16:27:36.344  9.35229000E-04  1.53799750E-02  9.20764000E-04
2001-12-10T16:27:37.340  1.28974300E-03  1.51725260E-02  1.00971000E-03
2001-12-10T16:27:38.348  6.28074000E-04  1.51838710E-02  1.34747000E-04
2001-12-10T16:27:39.340 -1.59067400E-03  1.31354690E-02  4.76412000E-04
2001-12-10T16:27:40.344 -2.96753000E-04  1.41439330E-02 -6.33670000E-04
2001-12-10T16:27:41.340  1.00579600E-03  1.50970000E-02  4.19820000E-04
2001-12-10T16:27:42.352 -2.24478500E-03  1.23370630E-02  3.47355000E-04
2001-12-10T16:27:43.336  3.44899000E-04  1.38305660E-02 -8.08230000E-05
2001-12-10T16:27:44.348  1.27037900E-03  1.43304170E-02  3.82343000E-04
2001-12-10T16:27:45.340 -2.85309000E-04  1.27606430E-02  1.01723300E-03
2001-12-10T16:27:46.344 -9.67231000E-04  1.06534160E-02  6.93186000E-04
2001-12-10T16:27:47.340  3.63624000E-04  1.18690770E-02  3.77023000E-04
2001-12-10T16:27:48.348  8.26863000E-04  1.26295820E-02  6.21762000E-04
2001-12-10T16:27:49.340 -5.26842000E-04  1.01954200E-02  4.81587000E-04
2001-12-10T16:27:50.348  6.84540000E-04  1.21965820E-02  3.42751000E-04
2001-12-10T16:27:51.344 -3.63312000E-04  1.17781300E-02 -1.19883900E-03
2001-12-10T16:27:52.344 -1.17541700E-03  9.88545500E-03 -2.50111000E-04
2001-12-10T16:27:53.340 -1.36791300E-03  9.25902900E-03  1.60328900E-03
2001-12-10T16:27:54.348 -1.01524600E-03  9.32234200E-03  2.85300000E-05
2001-12-10T16:27:55.340  5.69300000E-04  9.38677500E-03 -5.04499000E-04
2001-12-10T16:27:56.344  1.33589500E-03  1.01058910E-02 -6.01576000E-04
2001-12-10T16:27:57.340  1.49329000E-03  1.13780780E-02  2.00760000E-05
2001-12-10T16:27:58.352 -9.09494000E-04  8.46145700E-03 -5.34944000E-04
2001-12-10T16:27:59.336 -1.53638700E-03  9.92478600E-03 -5.00372000E-04
2001-12-10T16:28:00.348 -9.09596000E-04  1.01887790E-02  4.42851000E-04
2001-12-10T16:28:01.340  9.31246000E-04  9.73130900E-03  1.18705000E-04
2001-12-10T16:28:02.344  5.23560000E-04  1.19850110E-02 -3.56572000E-04
2001-12-10T16:28:03.340  1.81740500E-03  1.09664790E-02 -2.20026000E-04
2001-12-10T16:28:04.348 -1.66386900E-03  7.94578600E-03  4.80254000E-04
2001-12-10T16:28:05.340 -2.86920000E-04  9.64910400E-03 -2.42645000E-04
2001-12-10T16:28:06.379  1.10420500E-03  1.01309140E-02 -3.06267000E-04
2001-12-10T16:28:07.344 -1.48688600E-03  7.68559300E-03 -1.70807000E-04
2001-12-10T16:28:08.344  4.70955000E-04  9.52279500E-03  6.49388000E-04
2001-12-10T16:28:09.340 -8.75347000E-04  7.20217500E-03  9.84147000E-04
2001-12-10T16:28:10.348  7.63040000E-05  8.43783700E-03  5.91790000E-05
2001-12-10T16:28:11.340  6.53121000E-04  8.18664800E-03  1.35907600E-03
2001-12-10T16:28:12.344  5.00911000E-04  7.23626500E-03  4.88017000E-04
2001-12-10T16:28:13.340  6.51552000E-04  6.45106800E-03 -7.41511000E-04
2001-12-10T16:28:14.352  4.25846000E-04  7.46793900E-03 -7.02640000E-05
2001-12-10T16:28:15.336  9.49555000E-04  6.27517500E-03  1.18220800E-03
2001-12-10T16:28:16.348 -1.49233800E-03  4.52655000E-03  9.83473000E-04
2001-12-10T16:28:17.340 -7.68387000E-04  5.21547200E-03 -6.02592000E-04
2001-12-10T16:28:18.344  3.41421000E-04  5.60927800E-03 -1.03785000E-04
2001-12-10T16:28:19.340 -1.24333600E-03  3.89557800E-03  9.56898000E-04
2001-12-10T16:28:20.348  1.66680000E-04  4.74914900E-03 -2.61770000E-04
2001-12-10T16:28:21.340 -1.03121800E-03  4.74010500E-03 -4.25326000E-04
2001-12-10T16:28:22.348 -8.99767000E-04  3.56539900E-03 -8.32640000E-04
2001-12-10T16:28:23.344  4.77101000E-04  4.62641000E-03 -1.03310000E-05
2001-12-10T16:28:24.344 -8.54512000E-04  2.50243300E-03 -1.95534000E-04
2001-12-10T16:28:25.340  4.54248000E-04  3.60649300E-03  1.93652000E-04
2001-12-10T16:28:26.348  4.19446000E-04  4.05480600E-03  6.16363000E-04
2001-12-10T16:28:27.340 -1.02861500E-03  3.13574500E-03  3.03108000E-04
2001-12-10T16:28:28.344  1.11470000E-04  2.23461700E-03  7.51307000E-04
2001-12-10T16:28:29.340  1.32406300E-03  4.05577900E-03 -6.51313000E-04
2001-12-10T16:28:30.352  2.14821000E-04  4.09423900E-03 -7.97505000E-04
2001-12-10T16:28:31.336 -1.52969300E-03  2.93642300E-03  7.77851000E-04
2001-12-10T16:28:32.348  1.32497900E-03  3.57592600E-03  2.34556000E-04
2001-12-10T16:28:33.340  1.29184800E-03  3.78768100E-03  5.00945000E-04
2001-12-10T16:28:34.344 -1.03546800E-03  3.79850400E-03  7.46345000E-04
2001-12-10T16:28:35.340 -2.41823000E-04  1.80267300E-03  8.84691000E-04
2001-12-10T16:28:36.348 -6.77300000E-04  1.63470000E-03  2.66572000E-04
2001-12-10T16:28:37.340 -4.58328000E-04  1.78381600E-03 -4.25296000E-04
2001-12-10T16:28:38.348  2.28952000E-04  6.35272000E-04  2.34866000E-04
2001-12-10T16:28:39.344 -3.22698000E-04  1.85015600E-03  6.41457000E-04
2001-12-10T16:28:40.344 -1.94678000E-04  2.29475600E-03 -6.49117000E-04
2001-12-10T16:28:41.340  5.53409000E-04  2.38143700E-03  2.22053000E-04
2001-12-10T16:28:42.344  1.67105700E-03  1.84705700E-03  1.28664400E-03
2001-12-10T16:28:43.340 -1.23360000E-04  9.35234000E-04  1.50853000E-04
2001-12-10T16:28:44.344  2.71158000E-04 -4.66745000E-04 -9.20576000E-04
2001-12-10T16:28:45.340  3.07352000E-04  1.50892200E-03 -5.07756000E-04
2001-12-10T16:28:46.352  7.07951000E-04  1.76623600E-03 -3.39039000E-04
2001-12-10T16:28:47.336 -7.81430000E-04  5.38473000E-04  9.13270000E-05
2001-12-10T16:28:48.348 -1.22963600E-03  1.03145800E-03 -5.57638000E-04
2001-12-10T16:28:49.340  8.28517000E-04  1.67178300E-03 -1.50363000E-04
2001-12-10T16:28:50.344 -9.14423000E-04  7.23730000E-05  2.29168000E-04
2001-12-10T16:28:51.344 -9.72402000E-04  5.02325000E-04  3.27136000E-04
2001-12-10T16:28:52.348  5.76962000E-04  1.34367100E-03 -4.47920000E-04
2001-12-10T16:28:53.340 -1.12655600E-03  5.91842000E-04  4.56839000E-04
2001-12-10T16:28:54.348 -6.63790000E-04  3.81863000E-04  1.29032500E-03
2001-12-10T16:28:55.344  4.93645000E-04  1.92985300E-03 -5.21299000E-04
2001-12-10T16:28:56.344 -2.28037000E-04  1.12732400E-03 -3.67331000E-04
2001-12-10T16:28:57.340 -9.71041000E-04  2.87437000E-04 -1.08447800E-03
2001-12-10T16:28:58.344  7.72292000E-04  1.00803300E-03  5.99042000E-04
2001-12-10T16:28:59.340  3.61077000E-04 -6.40155000E-04  8.67403000E-04
2001-12-10T16:29:00.344 -3.36137000E-04 -4.03400000E-05 -9.56190000E-05
2001-12-10T16:29:01.340  1.41620700E-03  6.97552000E-04 -7.02092000E-04
2001-12-10T16:29:02.352 -5.58408000E-04 -1.32767500E-03 -1.20508000E-04
2001-12-10T16:29:03.336  6.48378000E-04  7.65498000E-04 -2.05811000E-04
2001-12-10T16:29:04.348  3.85760000E-05  2.94948000E-04 -8.15741000E-04
2001-12-10T16:29:05.340 -3.70194000E-04  4.79050000E-04 -3.03550000E-05
2001-12-10T16:29:06.344  4.29927000E-04  1.84596500E-03  4.56790000E-05
2001-12-10T16:29:07.340 -6.57486000E-04  9.09390000E-05 -7.17616000E-04
2001-12-10T16:29:08.348  5.86050000E-05  1.19003500E-03 -8.45623000E-04
2001-12-10T16:29:09.340 -4.81132000E-04  1.05275000E-04  1.11926500E-03
2001-12-10T16:29:10.348 -3.83192000E-04 -3.21920000E-05  2.92283000E-04
2001-12-10T16:29:11.344  1.31449500E-03  7.84809000E-04 -9.17730000E-05
2001-12-10T16:29:12.344 -2.08959000E-04 -4.98168000E-04  5.78748000E-04
2001-12-10T16:29:13.340  8.28611000E-04  1.01087400E-03  8.69290000E-04
2001-12-10T16:29:14.344 -2.76450000E-05  3.50392000E-04 -7.94589000E-04
2001-12-10T16:29:15.340 -3.24144000E-04  5.94974000E-04  1.39460000E-04
2001-12-10T16:29:16.344  2.04523000E-04  1.47931600E-03  1.82167000E-04
2001-12-10T16:29:17.340 -1.32815100E-03  5.08025000E-04  4.57330000E-04
2001-12-10T16:29:18.352  1.27399100E-03  1.23801100E-03 -5.54613000E-04
2001-12-10T16:29:19.336 -1.02993200E-03 -6.77302000E-04 -3.93802000E-04
2001-12-10T16:29:20.348  1.19760700E-03  1.60437000E-04  1.54817000E-04
2001-12-10T16:29:21.340 -6.32628000E-04 -8.42725000E-04 -3.40084000E-04
2001-12-10T16:29:22.344 -3.29657000E-04  4.64346000E-04  8.56568000E-04
2001-12-10T16:29:23.340  1.75467000E-04  1.19432000E-03  2.07405000E-04
2001-12-10T16:29:24.348 -8.48134000E-04 -1.28310000E-04  6.49251000E-04
2001-12-10T16:29:25.340  9.77040000E-04  8.89681000E-04 -1.29358000E-04
2001-12-10T16:29:26.348 -7.54018000E-04 -1.29190100E-03 -1.45162000E-04
2001-12-10T16:29:27.344  8.59721000E-04  6.80715000E-04 -6.98582000E-04
2001-12-10T16:29:28.344 -4.99338000E-04 -5.01660000E-04  8.19650000E-05
2001-12-10T16:29:29.340  5.45077000E-04  1.15558000E-03  7.82685000E-04
2001-12-10T16:29:30.344 -4.74629000E-04 -1.51141000E-04 -8.04107000E-04
2001-12-10T16:29:31.340  5.03576000E-04  2.55221000E-04 -1.07917000E-04
2001-12-10T16:29:32.344 -9.26860000E-05 -7.03918000E-04  6.94081000E-04
2001-12-10T16:29:33.340  2.22810000E-04 -1.34351000E-04  1.26990000E-04
2001-12-10T16:29:34.352 -2.35897000E-04 -8.58725000E-04 -6.47345000E-04
2001-12-10T16:29:35.336 -4.78318000E-04  3.95613000E-04 -6.36900000E-06
2001-12-10T16:29:36.348 -3.95408000E-04  2.48237000E-04  4.70081000E-04
2001-12-10T16:29:37.340 -8.22800000E-04 -1.01489000E-04 -1.57523100E-03
2001-12-10T16:29:38.344  1.39246400E-03  6.68655000E-04  5.16551000E-04
2001-12-10T16:29:39.340 -4.86063000E-04 -1.23337300E-03  1.09117600E-03
2001-12-10T16:29:40.348  1.01339700E-03  3.51425000E-04  5.39090000E-05
2001-12-10T16:29:41.340 -5.03445000E-04 -2.28792000E-04 -1.14618900E-03
2001-12-10T16:29:42.348  8.30030000E-05  1.64639300E-03  7.46790000E-05
2001-12-10T16:29:43.344 -1.14699000E-03 -6.26532000E-04  1.01641800E-03
2001-12-10T16:29:44.344  9.94392000E-04 -3.48514000E-04 -5.84744000E-04
2001-12-10T16:29:45.340  1.30530000E-05 -9.77717000E-04  2.43401000E-04
2001-12-10T16:29:46.344 -2.21588000E-04  2.86596000E-04  2.90833000E-04
2001-12-10T16:29:47.340 -3.91615000E-04 -4.67123000E-04  6.18941000E-04
2001-12-10T16:29:48.344 -9.50803000E-04  8.20544000E-04 -1.17315500E-03
2001-12-10T16:29:49.340  6.16416000E-04  1.96000000E-07 -6.78505000E-04
2001-12-10T16:29:50.352 -3.18330000E-05 -7.92648000E-04  5.17088000E-04
2001-12-10T16:29:51.336  7.58547000E-04  1.00799200E-03 -2.88607000E-04
2001-12-10T16:29:52.348 -7.64185000E-04  2.54518000E-04  6.23470000E-05
2001-12-10T16:29:53.340 -6.28117000E-04  9.48904000E-04 -3.86441000E-04
2001-12-10T16:29:54.344 -6.17600000E-04 -5.43259000E-04 -4.77810000E-05
2001-12-10T16:29:55.340  1.48939500E-03  4.62781000E-04  4.98322000E-04
2001-12-10T16:29:56.348 -2.39696000E-04 -9.20002000E-04  4.26140000E-04
2001-12-10T16:29:57.340  5.83617000E-04  1.11700800E-03  1.31497000E-04
2001-12-10T16:29:58.348 -1.40393700E-03 -6.79839000E-04  3.28560000E-05
2001-12-10T16:29:59.344  2.21148000E-04  1.08651100E-03  9.90640000E-05
2001-12-10T16:30:00.344 -8.19027000E-04 -1.03297200E-03 -7.09609000E-04
2001-12-10T16:30:01.340  1.27445800E-03 -1.62990000E-05 -1.00591100E-03
2001-12-10T16:30:02.344 -1.14963100E-03 -9.71421000E-04 -1.05437000E-04
2001-12-10T16:30:03.340  2.71728000E-04  1.04276500E-03  1.06906000E-03
2001-12-10T16:30:04.344 -1.63278900E-03 -3.57927000E-04 -4.82168000E-04
2001-12-10T16:30:05.340  5.07185000E-04  7.66348000E-04 -1.75759000E-04
2001-12-10T16:30:06.352  4.27219000E-04 -4.36561000E-04  2.62878000E-04
2001-12-10T16:30:07.336  6.62696000E-04 -3.28550000E-05  4.45853000E-04
2001-12-10T16:30:08.348 -1.62733000E-04  7.12010000E-05 -7.15768000E-04
2001-12-10T16:30:09.340 -4.02389000E-04  6.24255000E-04 -2.82370000E-05
2001-12-10T16:30:10.344 -6.19193000E-04  2.16333000E-04  6.93176000E-04
2001-12-10T16:30:11.340  4.12019000E-04 -5.74330000E-04  5.40364000E-04
2001-12-10T16:30:12.348 -2.94769000E-04 -6.47014000E-04  7.37770000E-05
2001-12-10T16:30:13.340  2.00030000E-05 -2.76213000E-04  9.12080000E-05
2001-12-10T16:30:14.348 -3.98856000E-04  9.90920000E-04  6.74003000E-04
2001-12-10T16:30:15.344 -1.11969200E-03  2.00279000E-04  3.56637000E-04
2001-12-10T16:30:16.344  1.50246900E-03  5.75825000E-04 -2.74092000E-04
2001-12-10T16:30:17.340  3.84709000E-04 -1.21140500E-03 -6.53088000E-04
2001-12-10T16:30:18.344  1.01476000E-04  4.82130000E-05  8.75003000E-04
2001-12-10T16:30:19.340 -6.21045000E-04 -1.12408000E-04 -2.61383000E-04
2001-12-10T16:30:20.344  2.48056000E-04  1.52966500E-03 -4.13618000E-04
2001-12-10T16:30:21.340 -1.13695900E-03 -3.29284000E-04 -2.25410000E-05
2001-12-10T16:30:22.352  1.50392900E-03  5.85870000E-05  1.12151800E-03
2001-12-10T16:30:23.336 -6.15248000E-04 -1.31000300E-03 -6.69942000E-04
2001-12-10T16:30:24.348  7.56206000E-04  1.26717100E-03 -3.11652000E-04
2001-12-10T16:30:25.340 -1.11070500E-03  1.24173000E-04 -3.80775000E-04
2001-12-10T16:30:26.344  7.78642000E-04  7.55776000E-04 -3.55678000E-04
2001-12-10T16:30:27.340 -3.90000000E-04 -1.41058200E-03 -3.81755000E-04
2001-12-10T16:30:28.348  1.04183300E-03  6.69279000E-04 -3.23660000E-05
2001-12-10T16:30:29.340 -6.15168000E-04 -1.70113000E-04  2.97561000E-04
2001-12-10T16:30:30.348  3.57158000E-04  9.18263000E-04 -6.48151000E-04
2001-12-10T16:30:31.344 -8.27014000E-04 -1.00875000E-04 -1.30257100E-03
2001-12-10T16:30:32.356  8.48844000E-04  4.10731000E-04  1.50099700E-03
2001-12-10T16:30:33.340 -1.13089400E-03 -1.07640590E-02  3.73176700E-03
2001-12-10T16:30:34.344  7.80392600E-03  2.52675400E-03  3.99391800E-03
2001-12-10T16:30:35.340 -5.12779200E-03 -5.20411100E-03  9.38833000E-04
2001-12-10T16:30:36.344  4.12768000E-04  1.05229670E-02  6.76355300E-03
2001-12-10T16:30:37.340 -5.96566100E-03 -1.25239200E-03  2.03320000E-03
2001-12-10T16:30:38.348  8.31597700E-03  4.82646200E-03 -2.92057500E-03
2001-12-10T16:30:39.336 -3.79000600E-03 -1.02236560E-02 -5.39253700E-03
2001-12-10T16:30:40.344  1.17907600E-03  9.30617700E-03  7.97417000E-03
2001-12-10T16:30:41.340 -9.39449100E-03  2.06802000E-04  5.79852900E-03
2001-12-10T16:30:42.340  2.76425800E-03  6.98782700E-03 -1.81735100E-03
2001-12-10T16:30:43.340 -3.53868200E-03 -1.09528920E-02  7.38711000E-04
2001-12-10T16:30:44.344  7.05129900E-03  3.03603100E-03  3.73906900E-03
2001-12-10T16:30:45.336 -5.29501900E-03 -5.00116100E-03 -4.16264400E-03
2001-12-10T16:30:46.344 -3.86788000E-03  8.44280600E-03 -4.83049300E-03
2001-12-10T16:30:47.340 -9.18756600E-03  5.38948800E-03  4.50121400E-03
2001-12-10T16:30:48.344 -1.41264900E-03  5.54216500E-03  3.10056700E-03
2001-12-10T16:30:49.340  1.76175100E-03 -8.06738200E-03 -3.73263500E-03
2001-12-10T16:30:50.344  6.23369300E-03  1.27776700E-03 -5.56220000E-04
2001-12-10T16:30:51.340  3.29330900E-03  4.92427600E-03  1.84490500E-03
2001-12-10T16:30:52.344 -5.07750100E-03 -1.46858900E-03  1.32633700E-03
2001-12-10T16:30:53.340  1.19093600E-03  4.70963300E-03  5.88222000E-04
2001-12-10T16:30:54.348 -4.49883400E-03 -8.14301300E-03 -1.48750400E-03
2001-12-10T16:30:55.336  7.79025900E-03 -1.31690000E-05 -2.08599900E-03
2001-12-10T16:30:56.344 -4.97173900E-03 -1.09226000E-04  4.80539600E-03
2001-12-10T16:30:57.340  1.97150400E-03  8.85987000E-03 -2.42110800E-03
2001-12-10T16:30:58.340 -5.78652400E-03  2.42528800E-03 -2.46273800E-03
2001-12-10T16:30:59.340  3.00024100E-03  9.95549000E-04  6.47470700E-03
2001-12-10T16:31:00.344 -1.77029700E-03 -1.13978100E-02 -1.31101500E-03
2001-12-10T16:31:01.336  8.89414600E-03  5.00228300E-03 -5.31016500E-03
2001-12-10T16:31:02.344 -8.87341400E-03 -2.75422600E-03  8.65250000E-05
2001-12-10T16:31:03.340  3.08079500E-03  1.23705640E-02  6.94699000E-03
2001-12-10T16:31:04.344 -1.01235010E-02 -3.93810700E-03 -5.06225700E-03
2001-12-10T16:31:05.340  1.13580460E-02 -2.02491300E-03 -4.37833900E-03
2001-12-10T16:31:06.344 -4.92110000E-03 -7.32996500E-03  1.16875010E-02
2001-12-10T16:31:07.336  5.74580100E-03  2.56874500E-03  2.41457100E-03
2001-12-10T16:31:08.344 -1.08434810E-02  1.41859600E-03 -9.76123200E-03
2001-12-10T16:31:09.340  4.15133500E-03  6.40993600E-03  2.89544200E-03
2001-12-10T16:31:10.348 -5.21056700E-03 -4.00609500E-03  1.21349400E-03
2001-12-10T16:31:11.336  7.98631100E-03 -1.09076900E-03  6.64193200E-03
2001-12-10T16:31:12.344 -2.02408900E-03 -2.92162400E-03 -5.72477400E-03
2001-12-10T16:31:13.340  1.09290600E-03  8.32456800E-03 -6.21313400E-03
2001-12-10T16:31:14.340 -5.24270900E-03  3.49576000E-03  5.05493700E-03
2001-12-10T16:31:15.340  3.72781700E-03  1.23855300E-03  4.44220000E-05
2001-12-10T16:31:16.344  4.11362800E-03 -4.03735300E-03 -5.64699400E-03
2001-12-10T16:31:17.336  7.04527700E-03 -3.46019400E-03  3.60946000E-03
2001-12-10T16:31:18.344 -3.32004700E-03 -8.36489000E-04  2.18152500E-03
2001-12-10T16:31:19.340 -1.63288600E-03  5.91953700E-03  1.28776700E-03
2001-12-10T16:31:20.344 -7.74197000E-04  9.60771000E-03 -9.46130000E-04
2001-12-10T16:31:21.340  1.15679700E-03 -6.86398900E-03  3.64126900E-03
2001-12-10T16:31:22.344 -7.71007000E-04 -3.62280000E-05  1.54234400E-03
2001-12-10T16:31:23.336  4.07594500E-03 -3.83893000E-04 -2.04616200E-03
2001-12-10T16:31:24.344 -4.37347600E-03 -1.14216000E-04 -1.04425500E-03
2001-12-10T16:31:25.340 -8.66913000E-04  6.66346200E-03  3.68190900E-03
2001-12-10T16:31:26.348 -6.28384400E-03 -9.00044000E-04 -4.20449100E-03
2001-12-10T16:31:27.336  8.06223400E-03 -5.35939000E-03 -6.57483400E-03
2001-12-10T16:31:28.344 -7.86287000E-04 -7.62933100E-03  2.31404400E-03
2001-12-10T16:31:29.340  2.71718500E-03  2.56294200E-03  5.88305000E-04
2001-12-10T16:31:30.340 -8.43747300E-03 -1.01243100E-03 -3.03348200E-03
2001-12-10T16:31:31.340  2.68048700E-03  2.33756700E-03 -3.69516800E-03
2001-12-10T16:31:32.344 -1.51235300E-03 -6.20407400E-03  2.72455200E-03
2001-12-10T16:31:33.336  2.72703300E-03  3.20374000E-04  6.68285600E-03
