2002-01-06T02:08:21.556 -6.46285000E-04 -2.22966000E-04  7.26744000E-04
2002-01-06T02:08:22.556  3.54866000E-04  4.82444000E-04 -2.76220000E-04
2002-01-06T02:08:23.556  1.32031000E-04 -1.55511900E-03  5.59972000E-04
2002-01-06T02:08:24.556  6.40788000E-04  6.06171000E-04  7.15342000E-04
2002-01-06T02:08:25.556 -9.41603000E-04 -2.39222000E-04 -6.79265000E-04
2002-01-06T02:08:26.556  2.63431000E-04  1.08918300E-03  5.96264000E-04
2002-01-06T02:08:27.559 -5.49263000E-04 -4.89801000E-04 -9.72667000E-04
2002-01-06T02:08:28.556  1.22651700E-03 -1.68754000E-04 -1.28130000E-05
2002-01-06T02:08:29.556 -3.12228000E-04 -7.20307000E-04  3.25916000E-04
2002-01-06T02:08:30.556  9.47210000E-05  5.62620000E-04 -3.32706000E-04
2002-01-06T02:08:31.556 -1.63866400E-03 -2.13090000E-05  2.61756000E-04
2002-01-06T02:08:32.559  8.63168000E-04  3.54492000E-04 -8.94530000E-05
2002-01-06T02:08:33.556 -1.00782900E-03 -6.35118000E-04 -2.28325000E-04
2002-01-06T02:08:34.556  1.15068800E-03  1.59245000E-04 -4.42332000E-04
2002-01-06T02:08:35.556 -7.43951000E-04 -7.02587000E-04  8.61263000E-04
2002-01-06T02:08:36.556  2.27868000E-04  1.37035500E-03  7.21800000E-06
2002-01-06T02:08:37.556 -1.09535500E-03  4.88000000E-07  7.40200000E-05
2002-01-06T02:08:38.556  6.43812000E-04  2.69900000E-06  3.61298000E-04
2002-01-06T02:08:39.556 -2.44996000E-04 -8.84815000E-04 -9.89855000E-04
2002-01-06T02:08:40.556  1.03187100E-03  3.91143000E-04  1.05120600E-03
2002-01-06T02:08:41.556 -6.85747000E-04 -6.21804000E-04  2.95655000E-04
2002-01-06T02:08:42.556  1.59084000E-04  6.03066000E-04 -6.76640000E-05
2002-01-06T02:08:43.559 -6.31346000E-04  3.37980000E-05 -6.28771000E-04
2002-01-06T02:08:44.556  6.53244000E-04 -5.77910000E-05 -4.79426000E-04
2002-01-06T02:08:45.556  2.91040000E-04 -1.16130700E-03  3.23266000E-04
2002-01-06T02:08:46.556  2.46040000E-04  3.46802000E-04 -4.36631000E-04
2002-01-06T02:08:47.556 -5.71105000E-04  3.75338000E-04  7.80178000E-04
2002-01-06T02:08:48.559  8.25850000E-05  1.10457200E-03 -9.05451000E-04
2002-01-06T02:08:49.556 -2.99756000E-04  7.82660000E-05  7.92994000E-04
2002-01-06T02:08:50.556  8.67569000E-04 -4.47489000E-04 -3.88031000E-04
2002-01-06T02:08:51.556  1.74170000E-05 -4.25990000E-04 -5.39639000E-04
2002-01-06T02:08:52.556  4.44906000E-04  7.31624000E-04 -8.41883000E-04
2002-01-06T02:08:53.556 -3.20476000E-04  5.88271000E-04 -5.51332000E-04
2002-01-06T02:08:54.556 -1.46020000E-05  8.56482000E-04 -1.91546000E-04
2002-01-06T02:08:55.556  4.74635000E-04 -6.50874000E-04 -5.71469000E-04
2002-01-06T02:08:56.556  5.61502000E-04 -8.40607000E-04  2.77000000E-04
2002-01-06T02:08:57.556  3.96898000E-04 -3.20901000E-04  4.85785000E-04
2002-01-06T02:08:58.556 -6.60753000E-04  3.03563000E-04 -1.05408000E-04
2002-01-06T02:08:59.559 -2.99683000E-04  6.97532000E-04  5.46124000E-04
2002-01-06T02:09:00.556  1.05520000E-05 -5.57756000E-04  6.69325000E-04
2002-01-06T02:09:01.556  7.84581000E-04 -3.62359000E-04 -3.97923000E-04
2002-01-06T02:09:02.556 -2.80737000E-04 -1.44420000E-04  4.66445000E-04
2002-01-06T02:09:03.556 -1.47758000E-04  4.99460000E-05  2.32613000E-04
2002-01-06T02:09:04.559 -7.38372000E-04  5.33175000E-04  4.05642000E-04
2002-01-06T02:09:05.556 -1.46647000E-04  2.11724000E-04 -7.37622000E-04
2002-01-06T02:09:06.555  5.96698000E-04 -4.10746000E-04  6.81848000E-04
2002-01-06T02:09:07.555  4.39062000E-04 -2.09347000E-04 -5.04992000E-04
2002-01-06T02:09:08.555 -2.98967000E-04 -3.77712000E-04 -1.23764200E-03
2002-01-06T02:09:09.555 -2.03425000E-04  1.15552200E-03  5.95872000E-04
2002-01-06T02:09:10.555 -7.42204000E-04 -2.01910000E-04 -3.58720000E-05
2002-01-06T02:09:11.555  6.52470000E-04  1.00475000E-04  5.89297000E-04
2002-01-06T02:09:12.555 -1.88230000E-04 -1.05160500E-03 -5.50785000E-04
2002-01-06T02:09:13.555  5.79536000E-04  2.59749000E-04  1.19820100E-03
2002-01-06T02:09:14.555 -7.19364000E-04  2.05063000E-04 -9.61547000E-04
2002-01-06T02:09:15.559  2.99788000E-04  1.51272000E-03 -1.61524000E-04
2002-01-06T02:09:16.555 -1.15341500E-03 -7.71206000E-04  2.40185000E-04
2002-01-06T02:09:17.555  1.22065700E-03  4.10060000E-05 -3.55833000E-04
2002-01-06T02:09:18.555 -1.59823000E-04 -1.21220500E-03  2.91502000E-04
2002-01-06T02:09:19.555  4.09538000E-04  6.32845000E-04 -1.74592000E-04
2002-01-06T02:09:20.559 -1.37457200E-03 -7.59953000E-04  3.14032000E-04
2002-01-06T02:09:21.555  7.46142000E-04  5.29222000E-04  9.24580000E-05
2002-01-06T02:09:22.555 -6.20041000E-04 -8.36679000E-04 -3.55254000E-04
2002-01-06T02:09:23.555  1.08910500E-03 -1.98047000E-04  3.50700000E-06
2002-01-06T02:09:24.555 -8.34262000E-04 -5.54385000E-04  9.86500000E-05
2002-01-06T02:09:25.555  7.58690000E-05  1.32726700E-03  1.16100600E-03
2002-01-06T02:09:26.555 -1.44928800E-03  3.65417000E-04 -6.46059000E-04
2002-01-06T02:09:27.555  5.78196000E-04  7.59101000E-04  9.22584000E-04
2002-01-06T02:09:28.555  1.17668000E-04 -1.34372100E-03 -1.07225000E-03
2002-01-06T02:09:29.555  9.45002000E-04  5.25992000E-04  1.56301100E-03
2002-01-06T02:09:30.555 -7.50903000E-04 -3.36794000E-04 -1.82891000E-04
2002-01-06T02:09:31.559 -1.72200000E-05  8.87296000E-04 -7.64833000E-04
2002-01-06T02:09:32.555 -8.12201000E-04 -6.84140000E-05  7.10106000E-04
2002-01-06T02:09:33.555 -5.84070000E-05  5.69632000E-04 -7.74240000E-05
2002-01-06T02:09:34.555  8.62000000E-07 -8.76221000E-04  6.53680000E-05
2002-01-06T02:09:35.555  1.17328800E-03  5.81069000E-04 -1.05127100E-03
2002-01-06T02:09:36.559 -7.22504000E-04  1.71530000E-04 -1.87462000E-04
2002-01-06T02:09:37.555 -3.80566000E-04 -1.15235000E-04  4.35934000E-04
2002-01-06T02:09:38.555 -4.20254000E-04 -2.78745000E-04 -7.84694000E-04
2002-01-06T02:09:39.555  1.07671400E-03 -8.43433000E-04 -3.60850000E-05
2002-01-06T02:09:40.555  9.26800000E-06 -2.36250000E-04 -7.64400000E-05
2002-01-06T02:09:41.555  1.21291000E-04  1.25496400E-03  8.84986000E-04
2002-01-06T02:09:42.555 -7.52602000E-04  5.62637000E-04  4.30814000E-04
2002-01-06T02:09:43.555 -1.58037000E-04  6.12073000E-04 -7.88560000E-05
2002-01-06T02:09:44.555  2.92500000E-06 -1.67879000E-04  1.11068700E-03
2002-01-06T02:09:45.555  3.75103000E-04 -6.44520000E-04 -7.49753000E-04
2002-01-06T02:09:46.555 -1.97454000E-04  3.47347000E-04 -2.52017000E-04
2002-01-06T02:09:47.559 -1.01674400E-03  4.01602000E-04 -1.70800000E-06
2002-01-06T02:09:48.555  1.27240000E-04  3.00241000E-04  1.61927000E-04
2002-01-06T02:09:49.555 -5.32820000E-05 -4.25033000E-04  2.85056000E-04
2002-01-06T02:09:50.555  4.26945000E-04 -6.82780000E-05  3.40022000E-04
2002-01-06T02:09:51.555 -8.88563000E-04 -5.26698000E-04  2.17222000E-04
2002-01-06T02:09:52.559  2.51331000E-04  6.34781000E-04  1.69962000E-04
2002-01-06T02:09:53.555 -1.53290200E-03  2.63578000E-04  3.69652000E-04
2002-01-06T02:09:54.555  6.61113000E-04 -1.72319000E-04 -4.70999000E-04
2002-01-06T02:09:55.555  5.22760000E-05 -9.31423000E-04  2.12463000E-04
2002-01-06T02:09:56.555  6.62067000E-04  2.20787000E-04 -5.36540000E-05
2002-01-06T02:09:57.555 -6.11555000E-04 -1.54339000E-04  2.81182000E-04
2002-01-06T02:09:58.555  1.95241000E-04  8.33460000E-04  6.81329000E-04
2002-01-06T02:09:59.555 -7.30285000E-04 -3.59412000E-04 -5.80648000E-04
2002-01-06T02:10:00.555  7.21784000E-04  3.33099000E-04  1.13068000E-04
2002-01-06T02:10:01.555 -6.35611000E-04 -8.45870000E-04 -6.05017000E-04
2002-01-06T02:10:02.555  5.20795000E-04  1.18592200E-03 -6.84054000E-04
2002-01-06T02:10:03.559 -1.47590500E-03 -6.94131000E-04  1.08514000E-04
2002-01-06T02:10:04.555  3.18903000E-04  1.09408200E-03  2.94815000E-04
2002-01-06T02:10:05.555 -1.05604200E-03 -1.39471400E-03  6.02184000E-04
2002-01-06T02:10:06.555  1.19339300E-03  8.47640000E-05  7.73473000E-04
2002-01-06T02:10:07.555 -6.02671000E-04 -6.09935000E-04 -9.53435000E-04
2002-01-06T02:10:08.559  2.42071000E-04  1.08925800E-03  8.89055000E-04
2002-01-06T02:10:09.555 -1.39115400E-03 -3.68726000E-04 -1.00984200E-03
2002-01-06T02:10:10.555  6.57184000E-04  9.10672000E-04  3.15238000E-04
2002-01-06T02:10:11.555 -2.68067000E-04 -1.15765100E-03 -8.86889000E-04
2002-01-06T02:10:12.555  1.22902500E-03  2.06341000E-04  3.31586000E-04
2002-01-06T02:10:13.555 -1.26183500E-03 -7.64860000E-05 -7.91377000E-04
2002-01-06T02:10:14.555  4.82896000E-04  7.45635000E-04  2.87493000E-04
2002-01-06T02:10:15.555 -3.11735000E-04 -6.29161000E-04 -3.62860000E-05
2002-01-06T02:10:16.555  6.21611000E-04  2.04910000E-05 -2.52396000E-04
2002-01-06T02:10:17.555 -2.19156000E-04 -3.55172000E-04  1.01239300E-03
2002-01-06T02:10:18.555 -2.23616000E-04  2.34244000E-04 -1.74562800E-03
2002-01-06T02:10:19.559 -9.44004000E-04  6.81545000E-04  4.40240000E-04
2002-01-06T02:10:20.555  6.53519000E-04  5.85366000E-04  3.23697000E-04
2002-01-06T02:10:21.555  1.16823000E-04 -5.41443000E-04  7.00407000E-04
2002-01-06T02:10:22.555  1.18932300E-03 -9.07140000E-05 -3.18820000E-04
2002-01-06T02:10:23.555 -2.54626000E-04 -2.13154000E-04  9.53270000E-05
2002-01-06T02:10:24.559 -5.73556000E-04  1.00965000E-03  1.96565000E-04
2002-01-06T02:10:25.555 -5.70364000E-04  3.83152000E-04 -1.90436000E-04
2002-01-06T02:10:26.555  8.52260000E-04  5.11776000E-04 -6.43095000E-04
2002-01-06T02:10:27.555  2.01390000E-05 -3.07175000E-04 -7.72456000E-04
2002-01-06T02:10:28.555 -4.74587000E-04 -6.29492000E-04  2.01140000E-05
2002-01-06T02:10:29.555 -9.15150000E-05  4.82609000E-04  9.27637000E-04
2002-01-06T02:10:30.555 -8.66583000E-04  2.91846000E-04 -3.93560000E-05
2002-01-06T02:10:31.555  3.38483000E-04  2.06006000E-04  4.10012000E-04
2002-01-06T02:10:32.555  1.11607000E-04 -6.69509000E-04 -8.18422000E-04
2002-01-06T02:10:33.555  9.55236000E-04 -4.24166000E-04  2.53079000E-04
2002-01-06T02:10:34.555 -3.76099000E-04 -8.18280000E-05  2.69480000E-04
2002-01-06T02:10:35.559  3.41935000E-04  6.37496000E-04 -2.83271000E-04
2002-01-06T02:10:36.555 -1.39268500E-03 -7.07736000E-04  1.22370700E-03
2002-01-06T02:10:37.555  7.88887000E-04  8.34290000E-05 -1.29708900E-03
2002-01-06T02:10:38.555  5.73607000E-04 -4.95383000E-04  3.49347000E-04
2002-01-06T02:10:39.555  7.05086000E-04  1.79941000E-04 -4.41983000E-04
2002-01-06T02:10:40.559 -9.13080000E-05  8.02360000E-05 -2.06976000E-04
2002-01-06T02:10:41.555  2.85957000E-04  7.30776000E-04 -1.10122400E-03
2002-01-06T02:10:42.555 -5.51829000E-04 -3.27115000E-04 -2.12503000E-04
2002-01-06T02:10:43.555  9.92623000E-04  1.60813000E-04  1.18551200E-03
2002-01-06T02:10:44.555 -5.21414000E-04 -4.03302000E-04 -1.83806000E-04
2002-01-06T02:10:45.555  5.64195000E-04  9.87436000E-04  3.40412000E-04
2002-01-06T02:10:46.555 -1.18811000E-03  3.71523000E-04  3.33895000E-04
2002-01-06T02:10:47.555  5.05430000E-05  1.36978100E-03 -6.80832000E-04
2002-01-06T02:10:48.555 -1.95118000E-04 -7.85203000E-04  4.74593000E-04
2002-01-06T02:10:49.555  9.75549000E-04  2.83651000E-04 -2.61407000E-04
2002-01-06T02:10:50.555 -6.60014000E-04 -1.01004500E-03  3.31955000E-04
2002-01-06T02:10:51.559  6.39997000E-04  7.92143000E-04  3.33590000E-04
2002-01-06T02:10:52.555 -1.56372500E-03 -1.38971000E-04 -1.58480000E-05
2002-01-06T02:10:53.555  7.86064000E-04  7.74998000E-04  7.20824000E-04
2002-01-06T02:10:54.555 -4.93330000E-04 -1.65112700E-03 -1.39938000E-04
2002-01-06T02:10:55.555  1.28098100E-03  5.27941000E-04 -4.91382000E-04
2002-01-06T02:10:56.559 -9.61449000E-04 -8.02162000E-04 -5.29130000E-05
2002-01-06T02:10:57.555  1.62175000E-04  8.47021000E-04 -5.27731000E-04
2002-01-06T02:10:58.555 -1.79103700E-03 -4.18932000E-04  1.44888100E-03
2002-01-06T02:10:59.555  5.23637000E-04  2.03347000E-04 -8.87618000E-04
2002-01-06T02:11:00.555 -5.36521000E-04 -1.67373900E-03  1.01480000E-03
2002-01-06T02:11:01.555  1.27777100E-03  2.88948000E-04 -6.12438000E-04
2002-01-06T02:11:02.555 -9.32552000E-04 -5.04167000E-04  3.31689000E-04
2002-01-06T02:11:03.555  5.09110000E-04  1.00998200E-03  3.46535000E-04
2002-01-06T02:11:04.555 -8.47885000E-04  5.02810000E-05 -9.20767000E-04
2002-01-06T02:11:05.555  5.69164000E-04  3.90900000E-04  2.34205000E-04
2002-01-06T02:11:06.555 -5.39944000E-04 -1.22323800E-03 -8.66667000E-04
2002-01-06T02:11:07.559  9.95287000E-04  4.51839000E-04  6.55622000E-04
2002-01-06T02:11:08.555 -3.25966000E-04  1.63190000E-04 -5.50890000E-05
2002-01-06T02:11:09.555  5.38508000E-04  1.01201500E-03 -1.71014000E-04
2002-01-06T02:11:10.555 -9.55791000E-04  4.00688000E-04 -1.75210000E-05
2002-01-06T02:11:11.555  6.84337000E-04  2.48975000E-04 -7.61934000E-04
2002-01-06T02:11:12.559 -2.55561000E-04 -4.82753000E-04  6.58838000E-04
2002-01-06T02:11:13.555  9.99241000E-04 -2.83901000E-04 -1.09506000E-03
2002-01-06T02:11:14.555 -3.95669000E-04 -1.31073000E-04 -2.46221000E-04
2002-01-06T02:11:15.555 -2.45777000E-04  8.85975000E-04  1.72203000E-04
2002-01-06T02:11:16.555 -4.94698000E-04 -1.42253000E-04 -2.12390000E-05
2002-01-06T02:11:17.555  8.25285000E-04 -7.99403000E-04  7.20060000E-05
2002-01-06T02:11:18.555  4.38918000E-04 -1.81862000E-04 -1.31089600E-03
2002-01-06T02:11:19.555  1.59135000E-04 -5.44508000E-04  3.52105000E-04
2002-01-06T02:11:20.555  4.49777000E-04  8.44493000E-04  3.20110000E-05
2002-01-06T02:11:21.555 -8.65182000E-04  5.42726000E-04 -2.98500000E-06
2002-01-06T02:11:22.555 -5.60724000E-04  1.85808000E-04  1.02836000E-03
2002-01-06T02:11:23.559 -1.72585000E-04 -1.08496000E-04 -3.67292000E-04
2002-01-06T02:11:24.555  9.10966000E-04 -1.81611000E-04  9.30417000E-04
2002-01-06T02:11:25.555  6.25480000E-05 -6.81169000E-04 -4.20175000E-04
2002-01-06T02:11:26.555  6.98306000E-04  4.19214000E-04 -5.97301000E-04
2002-01-06T02:11:27.555 -1.09951400E-03  2.48208000E-04  9.77614000E-04
2002-01-06T02:11:28.559  2.73781000E-04  1.60222000E-03 -1.16504000E-04
2002-01-06T02:11:29.555 -7.83813000E-04 -3.64315000E-04  1.55181600E-03
2002-01-06T02:11:30.555  1.03455500E-03  1.39256000E-04 -1.12031300E-03
2002-01-06T02:11:31.555 -1.16053000E-04 -1.06540800E-03 -7.08548000E-04
2002-01-06T02:11:32.555  1.04485000E-03  3.59770000E-05  3.11696000E-04
2002-01-06T02:11:33.555 -9.66689000E-04 -2.95085000E-04  6.65070000E-05
2002-01-06T02:11:34.555  1.53328000E-04  1.38900800E-03  5.39950000E-05
2002-01-06T02:11:35.555 -8.04334000E-04 -3.51298000E-04 -1.50507000E-04
2002-01-06T02:11:36.555  1.14377200E-03  3.72522000E-04 -1.13316300E-03
2002-01-06T02:11:37.555 -6.92549000E-04 -1.53885100E-03  1.09552100E-03
2002-01-06T02:11:38.555  1.07133400E-03  2.71164000E-04 -5.90800000E-04
2002-01-06T02:11:39.559 -1.05884900E-03 -1.05232000E-04  7.49429000E-04
2002-01-06T02:11:40.555  1.73980000E-05  1.47978400E-03 -4.64974000E-04
2002-01-06T02:11:41.555 -7.81235000E-04 -3.36217000E-04  1.94377000E-04
2002-01-06T02:11:42.555  1.52176300E-03  1.32590000E-04 -1.98996000E-04
2002-01-06T02:11:43.555 -4.63638000E-04 -1.57100000E-03 -2.43511000E-04
2002-01-06T02:11:44.559  1.52692200E-03  1.24719000E-04  8.00646000E-04
2002-01-06T02:11:45.555 -1.12644900E-03 -1.05654200E-03 -1.19321100E-03
2002-01-06T02:11:46.555  6.09127000E-04  1.15473400E-03  2.74940000E-04
2002-01-06T02:11:47.555 -1.58056300E-03 -8.50430000E-05 -3.73848000E-04
2002-01-06T02:11:48.555  5.28054000E-04  1.44304100E-03  2.38873000E-04
2002-01-06T02:11:49.555 -9.45825000E-04 -1.36315600E-03 -6.95382000E-04
2002-01-06T02:11:50.555  1.92137100E-03  2.45376000E-04  5.34751000E-04
2002-01-06T02:11:51.555 -9.44263000E-04 -1.30848500E-03 -6.03620000E-05
2002-01-06T02:11:52.555  7.73555000E-04  1.13652600E-03  6.32824000E-04
2002-01-06T02:11:53.555 -1.36338800E-03 -5.85650000E-05  8.79740000E-05
2002-01-06T02:11:54.555  1.51875000E-04  1.05523200E-03  1.12023000E-03
2002-01-06T02:11:55.559 -3.97839000E-04 -8.53620000E-05 -6.04789000E-04
2002-01-06T02:11:56.555  1.03349000E-03  1.15266000E-04  8.37245000E-04
2002-01-06T02:11:57.555  1.43691000E-04 -3.54418000E-04 -4.20978000E-04
2002-01-06T02:11:58.555  3.71410000E-04  4.63942000E-04  9.14480000E-04
2002-01-06T02:11:59.555 -4.91474000E-04  1.37260000E-04 -8.82822000E-04
2002-01-06T02:12:00.559 -1.33469000E-04  1.19500500E-03  4.82270000E-05
2002-01-06T02:12:01.555 -7.11888000E-04 -7.80139000E-04 -4.38753000E-04
2002-01-06T02:12:02.555  1.33630000E-04  4.99877000E-04 -5.71910000E-05
2002-01-06T02:12:03.555  1.56580000E-05 -4.94742000E-04  5.27505000E-04
2002-01-06T02:12:04.555  3.70039000E-04 -3.75721000E-04 -2.81358000E-04
2002-01-06T02:12:05.555 -2.13436000E-04 -2.41942000E-04  8.35243000E-04
2002-01-06T02:12:06.555 -9.47366000E-04  8.48508000E-04 -2.06367000E-04
2002-01-06T02:12:07.555  9.11026000E-04  1.15400300E-03 -1.26851000E-04
2002-01-06T02:12:08.555 -7.06834000E-04 -1.75762000E-04  9.80420000E-04
2002-01-06T02:12:09.555  1.46385800E-03  1.14457900E-03 -1.07737000E-03
2002-01-06T02:12:10.555 -5.44946000E-04 -6.74983000E-04  2.80557000E-04
2002-01-06T02:12:11.559  1.01608200E-03  7.94177000E-04 -6.61504000E-04
2002-01-06T02:12:12.555 -8.87460000E-04 -1.25922000E-04  1.46186000E-04
2002-01-06T02:12:13.555  8.29785000E-04  1.12245400E-03 -1.26975000E-04
2002-01-06T02:12:14.555 -1.49126000E-04 -5.89352000E-04  4.66490000E-04
2002-01-06T02:12:15.555  1.46647400E-03 -1.12376000E-04 -1.24166000E-04
2002-01-06T02:12:16.559  9.86900000E-06 -4.21238000E-04 -3.09482000E-04
2002-01-06T02:12:17.555  9.09830000E-04  7.70188000E-04 -1.12942000E-03
2002-01-06T02:12:18.555 -8.40273000E-04 -1.56370000E-05 -4.75330000E-05
2002-01-06T02:12:19.555 -2.00750000E-04  1.26420200E-03  8.44540000E-05
2002-01-06T02:12:20.555 -8.31779000E-04  6.71910000E-05  5.79698000E-04
2002-01-06T02:12:21.555 -2.72690000E-05  9.50480000E-04 -5.52476000E-04
2002-01-06T02:12:22.555  1.25779000E-04 -7.33400000E-06  3.75637000E-04
2002-01-06T02:12:23.555 -1.52552000E-04  5.19701000E-04  2.45878000E-04
2002-01-06T02:12:24.555  1.37270000E-04 -1.12050000E-05  8.32664000E-04
2002-01-06T02:12:25.555  1.36970000E-04  1.73033000E-04 -1.10644000E-03
2002-01-06T02:12:26.555  1.98131000E-04  2.36425000E-04 -3.39406000E-04
2002-01-06T02:12:27.559 -6.89972000E-04  3.94462000E-04  7.53352000E-04
2002-01-06T02:12:28.555  1.00887000E-04  6.94387000E-04 -2.58598000E-04
2002-01-06T02:12:29.555 -7.21114000E-04  4.72210000E-05 -3.64634000E-04
2002-01-06T02:12:30.555  2.15930000E-04  6.56665000E-04 -7.39330000E-05
2002-01-06T02:12:31.555 -4.99475000E-04 -6.42963000E-04  1.61509000E-04
2002-01-06T02:12:32.559  1.60782000E-03  6.45202000E-04 -2.30883000E-04
2002-01-06T02:12:33.555 -4.16318000E-04 -2.36490000E-05 -8.14014000E-04
2002-01-06T02:12:34.555  2.91582000E-04  1.26671700E-03  8.36800000E-06
2002-01-06T02:12:35.555 -1.02545600E-03  9.89300000E-04 -1.19682000E-04
2002-01-06T02:12:36.555  6.92660000E-05  1.03416300E-03  1.16905800E-03
2002-01-06T02:12:37.555 -4.32709000E-04  2.16036000E-04 -3.20709000E-04
2002-01-06T02:12:38.555 -3.67090000E-05  1.44406000E-04  8.92021000E-04
2002-01-06T02:12:39.555  5.12673000E-04 -3.67896000E-04  1.84000000E-07
2002-01-06T02:12:40.555 -2.95835000E-04 -1.81654000E-04  2.08122000E-04
2002-01-06T02:12:41.555  4.17305000E-04  3.92601000E-04  1.09760800E-03
2002-01-06T02:12:42.555 -3.63697000E-04 -5.06617000E-04 -1.74043000E-04
2002-01-06T02:12:43.559  6.82176000E-04  1.23227400E-03 -1.94000000E-06
2002-01-06T02:12:44.555 -1.47068600E-03  3.70762000E-04 -1.20246700E-03
2002-01-06T02:12:45.555  4.63371000E-04  1.27399600E-03  4.00741000E-04
2002-01-06T02:12:46.555 -1.42133000E-04  1.88480000E-04 -2.56985000E-04
2002-01-06T02:12:47.555  6.76790000E-04  1.36553000E-04 -7.89854000E-04
2002-01-06T02:12:48.559  1.19589200E-03 -4.98743000E-04  4.70786000E-04
2002-01-06T02:12:49.555  7.50867000E-04 -3.68776000E-04 -3.00914000E-04
2002-01-06T02:12:50.555  2.88094000E-04  4.98986000E-04  3.86414000E-04
2002-01-06T02:12:51.555 -6.75314000E-04  9.06580000E-05  9.44860000E-04
2002-01-06T02:12:52.555  5.66253000E-04  1.78317700E-03 -2.99401000E-04
2002-01-06T02:12:53.555 -1.18148400E-03  3.79394000E-04 -3.31160000E-04
2002-01-06T02:12:54.555  5.53698000E-04  1.49459700E-03  2.34250000E-05
2002-01-06T02:12:55.555 -1.50054100E-03 -6.27524000E-04  1.33817000E-04
2002-01-06T02:12:56.555  5.52830000E-05  1.16827000E-03  1.80199000E-04
2002-01-06T02:12:57.555 -6.83106000E-04  2.90272000E-04 -4.82740000E-05
2002-01-06T02:12:58.555  3.83223000E-04 -1.51430000E-04  1.47567000E-04
2002-01-06T02:12:59.559  9.72327000E-04  7.54618000E-04 -5.79854000E-04
2002-01-06T02:13:00.555  1.70690000E-05 -8.15142000E-04  2.16992000E-04
2002-01-06T02:13:01.555  1.15615200E-03  7.10916000E-04  3.07515000E-04
2002-01-06T02:13:02.555 -5.21494000E-04 -4.47450000E-05 -8.25694000E-04
2002-01-06T02:13:03.555  5.30093000E-04  5.28540000E-04  6.79854000E-04
2002-01-06T02:13:04.559 -8.83798000E-04  8.03092000E-04  1.52643000E-04
2002-01-06T02:13:05.555 -8.07128000E-04  8.26274000E-04  1.10427000E-04
2002-01-06T02:13:06.555  4.03331000E-04  1.23009200E-03 -4.21302000E-04
2002-01-06T02:13:07.555 -1.33435800E-03 -1.12816000E-04  1.06602600E-03
2002-01-06T02:13:08.555  1.82861000E-04  1.45013400E-03 -6.31285000E-04
2002-01-06T02:13:09.555  5.84200000E-05  4.14082000E-04 -3.71723000E-04
2002-01-06T02:13:10.555  3.15852000E-04 -6.33800000E-05 -2.71588000E-04
2002-01-06T02:13:11.555  1.25369000E-04  4.32737000E-04 -9.65332000E-04
2002-01-06T02:13:12.555 -4.66224000E-04 -3.90318000E-04  1.29735100E-03
2002-01-06T02:13:13.555  1.18300500E-03  8.21350000E-04 -7.02331000E-04
2002-01-06T02:13:14.555 -4.87999000E-04 -9.99033000E-04  8.85429000E-04
2002-01-06T02:13:15.559  9.27650000E-04  8.23220000E-05 -8.01303000E-04
2002-01-06T02:13:16.555 -4.44840000E-05  4.24130000E-04 -3.68716000E-04
2002-01-06T02:13:17.555 -7.50000000E-06 -6.22690000E-05  3.28362000E-04
2002-01-06T02:13:18.555  1.04372900E-03  1.76512200E-03 -1.30235000E-04
2002-01-06T02:13:19.555 -1.25689100E-03 -3.93240000E-05  6.48375000E-04
2002-01-06T02:13:20.559  2.77598000E-04  1.11696800E-03 -4.83095000E-04
2002-01-06T02:13:21.555 -3.57998000E-04  1.00112900E-03  2.16606000E-04
2002-01-06T02:13:22.555 -9.78744000E-04  5.15588000E-04  5.59570000E-05
2002-01-06T02:13:23.555  8.04076000E-04  1.85870900E-03  2.83466000E-04
2002-01-06T02:13:24.555 -1.07443100E-03  3.37970000E-04 -2.21822000E-04
2002-01-06T02:13:25.555 -4.46434000E-04  9.86977000E-04 -3.46520000E-04
2002-01-06T02:13:26.555  2.19793000E-04  1.12355800E-03  7.74969000E-04
2002-01-06T02:13:27.555 -1.71035400E-03  7.08103000E-04 -1.95514000E-04
2002-01-06T02:13:28.555 -3.02392000E-04  1.63084700E-03  1.61734000E-04
2002-01-06T02:13:29.555  1.37286000E-04  1.78195000E-03  1.07247100E-03
2002-01-06T02:13:30.555 -1.10265100E-03  4.04203000E-04 -5.09014000E-04
2002-01-06T02:13:31.559  1.22904000E-04  1.76542900E-03  5.49717000E-04
2002-01-06T02:13:32.555  1.52067000E-04  1.47096400E-03 -2.37919000E-04
2002-01-06T02:13:33.555 -1.08726600E-03  3.52520000E-05  4.43838000E-04
2002-01-06T02:13:34.555  2.48096000E-04  1.61596200E-03 -1.10986200E-03
2002-01-06T02:13:35.555  4.40900000E-05  1.03495800E-03  3.98910000E-04
2002-01-06T02:13:36.559 -9.75784000E-04 -3.59150000E-05  5.25191000E-04
2002-01-06T02:13:37.555  5.96463000E-04  1.25830300E-03 -7.23723000E-04
2002-01-06T02:13:38.555  2.73204000E-04  6.57047000E-04  4.32079000E-04
2002-01-06T02:13:39.555 -8.59787000E-04 -2.20196000E-04 -2.26649000E-04
2002-01-06T02:13:40.555  4.57354000E-04  9.08601000E-04  1.07203600E-03
2002-01-06T02:13:41.555  6.59435000E-04  8.37056000E-04  2.14312000E-04
2002-01-06T02:13:42.555 -4.55892000E-04 -5.74965000E-04  4.67372000E-04
2002-01-06T02:13:43.555  4.12515000E-04  6.36906000E-04  8.51805000E-04
2002-01-06T02:13:44.555  1.68343800E-03  8.69311000E-04 -1.28867800E-03
2002-01-06T02:13:45.555  6.29355000E-04 -1.67653000E-04 -1.08343000E-04
2002-01-06T02:13:46.555 -1.10023000E-04  6.60150000E-04 -3.99385000E-04
2002-01-06T02:13:47.559  5.38670000E-04  1.34822600E-03 -8.04205000E-04
2002-01-06T02:13:48.555 -3.19856000E-04 -1.10148000E-04  9.00479000E-04
2002-01-06T02:13:49.555 -3.74313000E-04  1.14692100E-03 -5.98726000E-04
2002-01-06T02:13:50.555  2.90128000E-04  1.82178600E-03  9.97101000E-04
2002-01-06T02:13:51.555 -1.28719800E-03  8.77530000E-04 -7.79954000E-04
2002-01-06T02:13:52.559 -8.08119000E-04  1.14159100E-03  7.53055000E-04
2002-01-06T02:13:53.555 -5.68350000E-05  1.96805600E-03  1.51912000E-04
2002-01-06T02:13:54.555 -1.18537000E-04  1.33036800E-03  3.96654000E-04
2002-01-06T02:13:55.555 -9.24582000E-04  2.34267000E-04 -3.50660000E-04
2002-01-06T02:13:56.555  8.69280000E-05  1.43073900E-03  3.50902000E-04
2002-01-06T02:13:57.555  5.88922000E-04  1.14665900E-03  2.56165000E-04
2002-01-06T02:13:58.555 -1.95631000E-04  5.90399000E-04 -2.21158000E-04
2002-01-06T02:13:59.555  6.71120000E-05 -1.44662000E-04 -1.90117000E-04
2002-01-06T02:14:00.555  7.89462000E-04  9.12492000E-04 -3.16503000E-04
2002-01-06T02:14:01.555  2.00393000E-04  6.23586000E-04  3.30584000E-04
2002-01-06T02:14:02.555 -5.43604000E-04 -1.63168000E-04 -1.48863000E-04
2002-01-06T02:14:03.559 -4.71815000E-04  1.52490500E-03  2.15611000E-04
2002-01-06T02:14:04.555  6.92592000E-04  1.86635600E-03  2.10382000E-04
2002-01-06T02:14:05.555 -8.11802000E-04  1.87538700E-03 -2.45135000E-04
2002-01-06T02:14:06.555 -1.18768400E-03  7.31138000E-04  3.79574000E-04
2002-01-06T02:14:07.555 -5.81560000E-05  1.35106400E-03  6.05930000E-05
2002-01-06T02:14:08.559  8.79398000E-04  1.79521000E-03 -1.19243900E-03
2002-01-06T02:14:09.555 -6.33973000E-04 -6.21350000E-05  3.43444000E-04
2002-01-06T02:14:10.555 -3.58354000E-04 -1.87988000E-04 -8.12548000E-04
2002-01-06T02:14:11.555 -3.90399000E-04  1.55823300E-03  2.92922000E-04
2002-01-06T02:14:12.555  2.26465000E-04  2.14890400E-03 -2.66999000E-04
2002-01-06T02:14:13.555 -3.28159000E-04  2.59938500E-03  1.13722800E-03
2002-01-06T02:14:14.555 -5.09427000E-04  7.04095000E-04 -6.33937000E-04
2002-01-06T02:14:15.555 -4.26915000E-04 -2.66250000E-05 -7.57095000E-04
2002-01-06T02:14:16.555  5.54785000E-04  6.89903000E-04  6.38223000E-04
2002-01-06T02:14:17.555  9.62090000E-04  2.04551300E-03 -2.49823000E-04
2002-01-06T02:14:18.555  1.46540000E-05  2.17925000E-03  3.85529000E-04
2002-01-06T02:14:19.559 -1.06022900E-03  8.86477000E-04  1.66007000E-04
2002-01-06T02:14:20.555 -7.41888000E-04  6.38589000E-04 -6.41741000E-04
2002-01-06T02:14:21.555  5.85194000E-04  7.60748000E-04  3.32258000E-04
2002-01-06T02:14:22.555  8.50321000E-04  1.90087300E-03 -6.71420000E-05
2002-01-06T02:14:23.555  1.03426400E-03  1.58881300E-03  1.00883300E-03
2002-01-06T02:14:24.559 -5.13454000E-04  1.71989000E-03 -9.74278000E-04
2002-01-06T02:14:25.555 -1.48868500E-03  9.59973000E-04  1.34295500E-03
2002-01-06T02:14:26.555  6.11850000E-05  1.19988600E-03  1.96171000E-04
2002-01-06T02:14:27.555  8.17641000E-04  1.46448200E-03 -3.36145000E-04
2002-01-06T02:14:28.555 -1.13803000E-04  2.05293300E-03  5.23257000E-04
2002-01-06T02:14:29.555 -2.96046000E-04  1.95253600E-03 -1.02951000E-04
2002-01-06T02:14:30.555 -5.93964000E-04  1.66099200E-03  4.51300000E-04
2002-01-06T02:14:31.555 -5.46772000E-04  6.27984000E-04 -7.71367000E-04
2002-01-06T02:14:32.555  5.53386000E-04  8.18468000E-04 -2.27777000E-04
2002-01-06T02:14:33.555  5.44991000E-04  1.75955300E-03  7.60655000E-04
2002-01-06T02:14:34.555  5.51047000E-04  3.26850300E-03 -6.77339000E-04
2002-01-06T02:14:35.559  5.42906000E-04  1.31177100E-03  8.67399000E-04
2002-01-06T02:14:36.555  4.17897000E-04  5.51400000E-04 -4.52566000E-04
2002-01-06T02:14:37.555 -6.03384000E-04  7.02127000E-04  7.55587000E-04
2002-01-06T02:14:38.555 -9.59366000E-04  1.75938600E-03  1.56346000E-04
2002-01-06T02:14:39.555  5.34544000E-04  1.90194200E-03  2.39140000E-05
2002-01-06T02:14:40.559  1.46712500E-03  1.41236600E-03  2.00584000E-04
2002-01-06T02:14:41.555  7.59419000E-04  2.13985600E-03  4.15465000E-04
2002-01-06T02:14:42.555 -5.56388000E-04  2.11794100E-03  7.75760000E-04
2002-01-06T02:14:43.555 -7.29368000E-04  9.10564000E-04 -5.74924000E-04
2002-01-06T02:14:44.555 -1.01641000E-04  2.87748000E-04  1.19596400E-03
2002-01-06T02:14:45.555 -4.13068000E-04  1.68203000E-03 -7.34027000E-04
2002-01-06T02:14:46.555  7.69770000E-05  2.45118800E-03  2.65340000E-05
2002-01-06T02:14:47.555  1.06320800E-03  2.57829900E-03  1.86220000E-04
2002-01-06T02:14:48.555  9.23388000E-04  1.13227700E-03  1.73830000E-04
2002-01-06T02:14:49.555 -1.17742900E-03  1.30508200E-03  6.17863000E-04
2002-01-06T02:14:50.555 -1.35369100E-03  1.87323900E-03 -1.85462000E-04
2002-01-06T02:14:51.559 -1.54026000E-04  5.57324000E-04  4.13904000E-04
2002-01-06T02:14:52.555  2.37302000E-04  1.69843600E-03 -1.83907000E-04
2002-01-06T02:14:53.555  1.75028000E-04  2.78714900E-03  4.06389000E-04
2002-01-06T02:14:54.555  6.52627000E-04  2.04433400E-03 -4.08890000E-05
2002-01-06T02:14:55.555  1.44074000E-03  2.53063100E-03 -3.01081000E-04
2002-01-06T02:14:56.559 -1.74210000E-04  1.81974300E-03  2.38561000E-04
2002-01-06T02:14:57.555 -1.48782400E-03  1.43207900E-03  1.90808000E-04
2002-01-06T02:14:58.555 -5.51123000E-04  3.66008000E-04  1.06618500E-03
2002-01-06T02:14:59.555 -2.33808000E-04  1.35040200E-03 -1.71820000E-05
2002-01-06T02:15:00.555 -2.50224000E-04  2.07963700E-03  6.39390000E-04
2002-01-06T02:15:01.555  5.86961000E-04  2.07816800E-03 -8.06723000E-04
2002-01-06T02:15:02.555  1.05957400E-03  2.04100400E-03  4.89705000E-04
2002-01-06T02:15:03.555  9.14076000E-04  2.85438700E-03  1.26853000E-04
2002-01-06T02:15:04.555 -7.69171000E-04  1.79340100E-03 -3.98202000E-04
2002-01-06T02:15:05.555  5.44780000E-05  1.53046800E-03  4.05433000E-04
2002-01-06T02:15:06.555 -1.21571000E-03  8.59902000E-04  1.93989000E-04
2002-01-06T02:15:07.559 -1.36848300E-03  1.44958900E-03  4.81141000E-04
2002-01-06T02:15:08.555 -2.08645000E-04  1.33843600E-03  5.11990000E-05
2002-01-06T02:15:09.555 -1.81756000E-04  2.01371000E-03  9.33464000E-04
2002-01-06T02:15:10.555 -2.31770000E-04  3.12359300E-03 -1.59311000E-04
2002-01-06T02:15:11.555  1.13859000E-03  2.06310500E-03 -1.97075000E-04
2002-01-06T02:15:12.559  1.47269900E-03  2.17210700E-03  1.86097000E-04
2002-01-06T02:15:13.555  2.13500000E-06  3.00556500E-03  6.44530000E-05
2002-01-06T02:15:14.555  1.05052300E-03  2.47204600E-03  9.77994000E-04
2002-01-06T02:15:15.555 -5.66491000E-04  2.54311600E-03 -8.55434000E-04
2002-01-06T02:15:16.555  7.95423000E-04  2.82822300E-03  1.62239000E-04
2002-01-06T02:15:17.555  5.43051000E-04  2.99392700E-03  3.63524000E-04
2002-01-06T02:15:18.555  5.74027000E-04  3.26518900E-03 -5.90359000E-04
2002-01-06T02:15:19.555  1.20498000E-03  3.26270700E-03  6.68484000E-04
2002-01-06T02:15:20.555  5.11304000E-04  3.12501700E-03 -7.07687000E-04
2002-01-06T02:15:21.555  8.12284000E-04  3.17999400E-03 -3.21450000E-05
2002-01-06T02:15:22.555  8.85671000E-04  3.27345500E-03 -7.28827000E-04
2002-01-06T02:15:23.559  1.57004300E-03  2.60068900E-03  9.48380000E-05
2002-01-06T02:15:24.555  4.25233000E-04  3.36685900E-03  1.83893000E-04
2002-01-06T02:15:25.555  1.02472900E-03  2.78624700E-03 -2.43594000E-04
2002-01-06T02:15:26.555  3.38896000E-04  3.47398100E-03 -2.37261000E-04
2002-01-06T02:15:27.555  9.39907000E-04  2.12659200E-03  1.49802000E-04
2002-01-06T02:15:28.559 -9.48600000E-04  3.07984000E-03  7.45547000E-04
2002-01-06T02:15:29.555 -7.93270000E-04  2.36807200E-03  8.87052000E-04
2002-01-06T02:15:30.555 -9.32757000E-04  1.84036700E-03  9.30944000E-04
2002-01-06T02:15:31.555 -5.35022000E-04  3.30736900E-03  1.96862000E-04
2002-01-06T02:15:32.555  7.57428000E-04  3.57864500E-03  3.26707000E-04
2002-01-06T02:15:33.555  9.74970000E-04  3.46294800E-03  3.47991000E-04
2002-01-06T02:15:34.555 -3.38290000E-05  3.43445800E-03 -2.44536000E-04
2002-01-06T02:15:35.555 -6.28261000E-04  2.15630700E-03  2.03561000E-04
2002-01-06T02:15:36.555 -1.10742100E-03  2.32427200E-03 -6.30715000E-04
2002-01-06T02:15:37.555 -1.90510000E-05  3.38506100E-03  8.06267000E-04
2002-01-06T02:15:38.555  1.09766400E-03  3.20796700E-03  6.98516000E-04
2002-01-06T02:15:39.559  3.70768000E-04  3.31819200E-03 -9.99541000E-04
2002-01-06T02:15:40.555 -9.11493000E-04  3.44191100E-03  1.64794200E-03
2002-01-06T02:15:41.555 -9.94161000E-04  1.98559200E-03 -1.22745300E-03
2002-01-06T02:15:42.555 -8.48540000E-05  3.65790900E-03  5.12511000E-04
2002-01-06T02:15:43.555  3.48950000E-05  4.86232000E-03 -1.10424600E-03
2002-01-06T02:15:44.559  4.53012000E-04  3.65095600E-03  3.35378000E-04
2002-01-06T02:15:45.555 -4.97291000E-04  2.06653800E-03 -4.42979000E-04
2002-01-06T02:15:46.555 -9.23401000E-04  3.40630100E-03  1.23491000E-03
2002-01-06T02:15:47.555  5.03860000E-04  5.11111200E-03 -3.08184000E-04
2002-01-06T02:15:48.555  1.00009000E-04  3.08466100E-03 -1.50229000E-04
2002-01-06T02:15:49.555 -1.14447800E-03  1.97660600E-03  6.65590000E-04
2002-01-06T02:15:50.555  6.65545000E-04  4.57338300E-03 -2.14773000E-04
2002-01-06T02:15:51.555 -3.11283000E-04  4.43189600E-03  1.07606000E-04
2002-01-06T02:15:52.555 -1.44444600E-03  3.26583700E-03 -1.35884000E-04
2002-01-06T02:15:53.555  6.65555000E-04  3.97633200E-03  8.83760000E-05
2002-01-06T02:15:54.555  4.26580000E-04  3.83786300E-03 -1.58530000E-05
2002-01-06T02:15:55.559 -8.96419000E-04  2.35256600E-03 -9.07905000E-04
2002-01-06T02:15:56.555  3.80546000E-04  4.48247500E-03  5.52949000E-04
2002-01-06T02:15:57.555 -5.52520000E-05  4.76765100E-03 -8.78453000E-04
2002-01-06T02:15:58.555 -1.45781800E-03  2.83670600E-03  4.86162000E-04
2002-01-06T02:15:59.555 -4.93738000E-04  3.49698400E-03  9.10541000E-04
2002-01-06T02:16:00.559  1.05721600E-03  4.00058800E-03  7.80750000E-05
2002-01-06T02:16:01.555 -4.49533000E-04  3.38473100E-03  5.64988000E-04
2002-01-06T02:16:02.555 -8.17770000E-04  3.76286400E-03 -1.52469300E-03
2002-01-06T02:16:03.555  2.07250000E-04  4.77683500E-03  8.23840000E-04
2002-01-06T02:16:04.555 -2.01435000E-04  3.22470200E-03 -4.22864000E-04
2002-01-06T02:16:05.555 -8.68100000E-06  2.34484900E-03  6.97702000E-04
2002-01-06T02:16:06.555  1.20981800E-03  4.33000500E-03  2.81965000E-04
2002-01-06T02:16:07.555 -8.68857000E-04  3.50351400E-03 -1.18398000E-04
2002-01-06T02:16:08.555 -9.30519000E-04  4.32977700E-03  3.65587000E-04
2002-01-06T02:16:09.555  6.23400000E-05  4.66641000E-03 -2.95002000E-04
2002-01-06T02:16:10.555 -8.80574000E-04  2.76674600E-03  9.97651000E-04
2002-01-06T02:16:11.559  7.83501000E-04  3.98690500E-03 -4.36610000E-04
2002-01-06T02:16:12.555  6.30669000E-04  4.25782600E-03 -1.68934000E-04
2002-01-06T02:16:13.555 -8.28395000E-04  3.34579500E-03  3.73766000E-04
2002-01-06T02:16:14.555  3.79691000E-04  5.08086200E-03 -4.50108000E-04
2002-01-06T02:16:15.555  9.97449000E-04  4.11259100E-03  8.74896000E-04
2002-01-06T02:16:16.559 -4.58285000E-04  2.52880200E-03  1.96314000E-04
2002-01-06T02:16:17.555  4.33252000E-04  3.15945700E-03  1.57251000E-04
2002-01-06T02:16:18.555  3.59754000E-04  4.52012500E-03 -2.80700000E-05
2002-01-06T02:16:19.555 -5.73092000E-04  3.46103800E-03 -3.36962000E-04
2002-01-06T02:16:20.555 -9.48958000E-04  3.32434000E-03  1.45960000E-04
2002-01-06T02:16:21.555  6.94047000E-04  4.50704900E-03 -7.15280000E-05
2002-01-06T02:16:22.555 -9.29854000E-04  2.61338500E-03 -5.05995000E-04
2002-01-06T02:16:23.555  1.27619500E-03  4.60681000E-03  5.52005000E-04
2002-01-06T02:16:24.555 -9.49069000E-04  3.30208200E-03 -1.51586000E-04
2002-01-06T02:16:25.555  7.33559000E-04  4.79176600E-03  9.64219000E-04
2002-01-06T02:16:26.555 -9.52827000E-04  3.63645600E-03 -1.91997000E-04
2002-01-06T02:16:27.559  6.36634000E-04  5.12243700E-03 -9.61460000E-05
2002-01-06T02:16:28.555 -1.88078900E-03  3.50333400E-03 -4.09590000E-04
2002-01-06T02:16:29.555  1.07821200E-03  5.11583800E-03 -2.72247000E-04
2002-01-06T02:16:30.555 -8.39169000E-04  2.98399800E-03  1.71261000E-04
2002-01-06T02:16:31.555  1.01463600E-03  4.02258500E-03  2.71558000E-04
2002-01-06T02:16:32.559  3.30122000E-04  3.91245300E-03  9.89079000E-04
2002-01-06T02:16:33.555  5.58390000E-04  3.67276300E-03 -9.22512000E-04
2002-01-06T02:16:34.555  6.66056000E-04  3.75731500E-03  1.07031500E-03
2002-01-06T02:16:35.555 -1.03046000E-03  2.94802900E-03 -4.47242000E-04
2002-01-06T02:16:36.555  9.92527000E-04  5.15135800E-03 -5.76987000E-04
2002-01-06T02:16:37.555 -6.94041000E-04  3.85292100E-03  1.58100800E-03
2002-01-06T02:16:38.555 -1.18483000E-04  4.43912800E-03 -1.33464000E-04
2002-01-06T02:16:39.555  2.37265000E-04  4.44878700E-03  2.13016000E-04
2002-01-06T02:16:40.555 -1.00196800E-03  3.05394800E-03 -6.72452000E-04
2002-01-06T02:16:41.555  5.59464000E-04  4.75139900E-03 -4.62140000E-04
2002-01-06T02:16:42.555 -1.50301000E-04  3.24042400E-03 -1.92393000E-04
2002-01-06T02:16:43.559 -4.18348000E-04  3.61681000E-03  1.79810000E-04
2002-01-06T02:16:44.555  6.79539000E-04  4.30661600E-03  7.21493000E-04
2002-01-06T02:16:45.555 -1.16364100E-03  3.07360300E-03 -4.20313000E-04
2002-01-06T02:16:46.555  9.53686000E-04  4.64888300E-03  7.35969000E-04
2002-01-06T02:16:47.555 -5.78800000E-04  3.21307500E-03  4.01244000E-04
2002-01-06T02:16:48.559  6.50989000E-04  4.69335500E-03 -1.42761000E-04
2002-01-06T02:16:49.555 -1.18375700E-03  3.97933700E-03  8.81073000E-04
2002-01-06T02:16:50.555  7.88894000E-04  5.50433300E-03  1.80423000E-04
2002-01-06T02:16:51.555 -1.29789200E-03  3.23815900E-03  9.70922000E-04
2002-01-06T02:16:52.555  2.43790000E-04  5.26293600E-03  1.90702000E-04
2002-01-06T02:16:53.555 -1.29374900E-03  4.11345800E-03  1.04212200E-03
2002-01-06T02:16:54.555 -3.05500000E-04  5.71097100E-03 -1.36518000E-04
2002-01-06T02:16:55.555 -1.27345300E-03  3.36732500E-03  5.09053000E-04
2002-01-06T02:16:56.555  4.09720000E-04  5.12282800E-03 -1.32520000E-04
2002-01-06T02:16:57.555 -1.99361000E-04  3.69657800E-03 -1.40124100E-03
2002-01-06T02:16:58.555  2.83715000E-04  6.07780100E-03 -6.58560000E-04
2002-01-06T02:16:59.559 -7.41006000E-04  4.14807700E-03 -7.91330000E-05
2002-01-06T02:17:00.555  1.10235400E-03  4.99649000E-03  1.21223200E-03
2002-01-06T02:17:01.555 -1.06007000E-03  4.28680000E-03  1.30314000E-04
2002-01-06T02:17:02.555 -1.37154600E-03  3.74662700E-03  9.08080000E-05
2002-01-06T02:17:03.555  4.38864000E-04  4.66702300E-03 -1.38677000E-04
2002-01-06T02:17:04.559 -1.72685600E-03  3.74774500E-03 -5.81875000E-04
2002-01-06T02:17:05.555  5.50823000E-04  5.17645500E-03  7.92730000E-04
2002-01-06T02:17:06.555 -5.97583000E-04  5.12404400E-03 -4.63350000E-04
2002-01-06T02:17:07.555 -3.65441000E-04  4.21521800E-03  9.18847000E-04
2002-01-06T02:17:08.555  3.65784000E-04  6.20513100E-03  8.04776000E-04
2002-01-06T02:17:09.555 -8.55403000E-04  5.09427000E-03 -3.52732000E-04
2002-01-06T02:17:10.555 -1.11609000E-03  5.20035200E-03  1.03233000E-04
2002-01-06T02:17:11.555 -2.20000000E-06  5.74100500E-03  3.90341000E-04
2002-01-06T02:17:12.555  5.19169000E-04  6.37232600E-03 -6.07270000E-05
2002-01-06T02:17:13.555  6.30383000E-04  6.15121400E-03  4.40325000E-04
2002-01-06T02:17:14.555 -2.24897000E-04  6.45386000E-03  2.43316000E-04
2002-01-06T02:17:15.559 -4.87070000E-04  5.05571300E-03  8.92100000E-04
2002-01-06T02:17:16.555 -1.17808800E-03  5.49182500E-03 -1.32429600E-03
2002-01-06T02:17:17.555 -4.17140000E-04  4.84096300E-03  7.78398000E-04
2002-01-06T02:17:18.555 -8.09578000E-04  6.03363600E-03 -6.69671000E-04
2002-01-06T02:17:19.555  3.26063000E-04  5.84114500E-03  9.00835000E-04
2002-01-06T02:17:20.559  3.03900000E-04  7.13573600E-03 -5.90193000E-04
2002-01-06T02:17:21.555  7.56443000E-04  6.13572400E-03  7.57765000E-04
2002-01-06T02:17:22.555 -6.13601000E-04  4.94642600E-03  8.15284000E-04
2002-01-06T02:17:23.555 -4.91709000E-04  5.47169700E-03 -2.32517000E-04
2002-01-06T02:17:24.555  4.88496000E-04  6.15332900E-03  1.06506100E-03
2002-01-06T02:17:25.555 -9.62645000E-04  4.42190200E-03  3.29962000E-04
2002-01-06T02:17:26.555  8.68274000E-04  4.59056500E-03  3.11294000E-04
2002-01-06T02:17:27.555 -9.04386000E-04  3.90231200E-03  6.54498000E-04
2002-01-06T02:17:28.555 -6.11760000E-05  4.19725600E-03  1.36770000E-04
2002-01-06T02:17:29.555  6.48316000E-04  6.09170700E-03  8.16280000E-04
2002-01-06T02:17:30.555 -1.48826000E-04  5.86138500E-03 -1.80450000E-04
2002-01-06T02:17:31.559 -1.48125000E-04  4.77996700E-03 -3.35400000E-04
2002-01-06T02:17:32.555  3.19603000E-04  6.25008000E-03 -1.01552000E-04
2002-01-06T02:17:33.555  1.26378200E-03  6.30182900E-03  5.12977000E-04
2002-01-06T02:17:34.555 -4.82718000E-04  5.12073800E-03  4.63593000E-04
2002-01-06T02:17:35.555 -4.87962000E-04  5.22688400E-03 -9.11840000E-05
2002-01-06T02:17:36.559 -8.08162000E-04  5.59001900E-03  1.59899200E-03
2002-01-06T02:17:37.555  6.11961000E-04  5.49850400E-03 -5.09476000E-04
2002-01-06T02:17:38.555  1.40423000E-04  7.22663200E-03  1.15544000E-03
2002-01-06T02:17:39.555  6.18996000E-04  6.61175700E-03  3.71620000E-05
2002-01-06T02:17:40.555  6.84571000E-04  6.76697600E-03 -1.62559000E-04
2002-01-06T02:17:41.555  5.37426000E-04  5.75576800E-03  1.42659000E-04
2002-01-06T02:17:42.555 -1.15768800E-03  4.79971600E-03 -1.97505000E-04
2002-01-06T02:17:43.555 -8.98081000E-04  5.49207800E-03  1.12246300E-03
2002-01-06T02:17:44.555 -5.03565000E-04  6.09224100E-03  3.58735000E-04
2002-01-06T02:17:45.555  1.19310000E-04  6.61283500E-03 -4.56720000E-05
2002-01-06T02:17:46.555  1.21830400E-03  6.23574800E-03  1.02776700E-03
2002-01-06T02:17:47.559  3.21824000E-04  6.71580000E-03 -1.61828000E-04
2002-01-06T02:17:48.555 -2.96412000E-04  5.17460600E-03 -1.95260000E-05
2002-01-06T02:17:49.555 -1.28957200E-03  5.49868400E-03 -1.58022000E-04
2002-01-06T02:17:50.555 -9.13668000E-04  4.80557300E-03  1.04211000E-03
2002-01-06T02:17:51.555 -1.12238500E-03  5.77239800E-03 -4.15802000E-04
2002-01-06T02:17:52.559  2.17744000E-04  5.75329400E-03  6.95331000E-04
2002-01-06T02:17:53.555  5.26079000E-04  6.92983400E-03  3.08507000E-04
2002-01-06T02:17:54.555  9.72361000E-04  6.52336000E-03  5.59658000E-04
2002-01-06T02:17:55.555  1.03044000E-04  6.17803400E-03  6.29224000E-04
2002-01-06T02:17:56.555  2.62243000E-04  5.98984100E-03 -6.86105000E-04
2002-01-06T02:17:57.555 -1.41504500E-03  5.76472500E-03  7.38573000E-04
2002-01-06T02:17:58.555 -1.04934000E-03  5.15023800E-03 -1.15453300E-03
2002-01-06T02:17:59.555 -8.69076000E-04  5.24352700E-03  3.44624000E-04
2002-01-06T02:18:00.555 -5.80824000E-04  4.98732300E-03  3.81226000E-04
2002-01-06T02:18:01.555 -8.85332000E-04  5.81615800E-03 -1.47153000E-04
2002-01-06T02:18:02.555  9.54400000E-05  6.51207800E-03 -1.88453000E-04
2002-01-06T02:18:03.559 -1.42561000E-04  7.24456600E-03  1.19997400E-03
2002-01-06T02:18:04.555  1.48093800E-03  5.99069800E-03  2.42273000E-04
2002-01-06T02:18:05.555 -3.82350000E-05  5.92861700E-03 -4.33052000E-04
2002-01-06T02:18:06.555 -1.64532200E-03  4.87015200E-03  4.07867000E-04
2002-01-06T02:18:07.555 -3.68966000E-04  5.06739300E-03 -4.59720000E-05
2002-01-06T02:18:08.559 -5.99940000E-05  6.80006300E-03  7.16426000E-04
2002-01-06T02:18:09.555  8.40475000E-04  6.29206500E-03  1.55278000E-04
2002-01-06T02:18:10.555  9.95133000E-04  5.89282300E-03 -8.48176000E-04
2002-01-06T02:18:11.555 -1.59133800E-03  4.81394500E-03  9.30565000E-04
2002-01-06T02:18:12.555 -5.39462000E-04  5.49516600E-03 -5.45780000E-04
2002-01-06T02:18:13.555 -1.82960000E-04  6.51208800E-03  6.86087000E-04
2002-01-06T02:18:14.555  1.20060800E-03  5.96017300E-03 -1.30842700E-03
2002-01-06T02:18:15.555  1.03653000E-04  6.80685700E-03 -2.03500000E-06
2002-01-06T02:18:16.555  1.41851300E-03  6.62868000E-03  3.68070000E-04
2002-01-06T02:18:17.555  9.50373000E-04  7.85732200E-03  1.30242000E-04
2002-01-06T02:18:18.555  1.36223000E-04  7.33310300E-03  1.56640000E-05
2002-01-06T02:18:19.559  9.04013000E-04  6.83026200E-03 -6.89545000E-04
2002-01-06T02:18:20.555 -3.44382000E-04  7.11641600E-03  2.39840000E-04
2002-01-06T02:18:21.555  8.03720000E-05  6.80792600E-03 -8.15767000E-04
2002-01-06T02:18:22.555  1.02782100E-03  7.27548700E-03  4.37678000E-04
2002-01-06T02:18:23.555  2.47523000E-04  7.35007000E-03  2.49069000E-04
2002-01-06T02:18:24.559  1.02062400E-03  6.79458600E-03  4.10432000E-04
2002-01-06T02:18:25.555  1.04642100E-03  7.75774500E-03 -1.07593000E-04
2002-01-06T02:18:26.555  5.85851000E-04  8.27298700E-03  1.07564300E-03
2002-01-06T02:18:27.555  3.28515000E-04  7.66514300E-03  5.17910000E-05
2002-01-06T02:18:28.555  3.31776000E-04  7.51745000E-03  8.73766000E-04
2002-01-06T02:18:29.555  2.85988000E-04  7.32540700E-03 -4.99085000E-04
2002-01-06T02:18:30.555 -2.37683000E-04  6.95747400E-03 -2.46803000E-04
2002-01-06T02:18:31.555 -3.63007000E-04  5.85446900E-03 -4.46252000E-04
2002-01-06T02:18:32.555 -2.61187000E-04  6.68095200E-03  1.03681000E-04
2002-01-06T02:18:33.555 -1.29689900E-03  6.91672900E-03 -2.11767000E-04
2002-01-06T02:18:34.555  1.11566200E-03  8.57808700E-03 -6.75923000E-04
2002-01-06T02:18:35.559  1.13542700E-03  7.86879400E-03  4.22236000E-04
2002-01-06T02:18:36.555  1.02697800E-03  6.92689600E-03 -3.04316000E-04
2002-01-06T02:18:37.555  2.05655000E-04  7.12422600E-03  8.62253000E-04
2002-01-06T02:18:38.555 -9.52311000E-04  7.21674600E-03 -3.16659000E-04
2002-01-06T02:18:39.555 -3.52607000E-04  6.16367900E-03  3.25940000E-05
2002-01-06T02:18:40.559 -9.00096000E-04  5.59256900E-03  3.55708000E-04
2002-01-06T02:18:41.555 -4.00632000E-04  7.36548800E-03  8.75100000E-06
2002-01-06T02:18:42.555  3.86598000E-04  8.01947200E-03  1.02278000E-03
2002-01-06T02:18:43.555  6.67205000E-04  8.23510600E-03 -2.83222000E-04
2002-01-06T02:18:44.555  4.11123000E-04  7.32381800E-03  6.72072000E-04
2002-01-06T02:18:45.555 -7.08847000E-04  7.23445100E-03 -3.69142000E-04
2002-01-06T02:18:46.555 -1.68227300E-03  6.61652900E-03  7.15200000E-04
2002-01-06T02:18:47.555  2.19914000E-04  7.70322800E-03  3.84386000E-04
2002-01-06T02:18:48.555  1.53386000E-03  8.47020900E-03  3.59363000E-04
2002-01-06T02:18:49.555  3.96392000E-04  8.17230300E-03  7.36631000E-04
2002-01-06T02:18:50.555 -5.62953000E-04  7.56114900E-03 -9.30930000E-05
2002-01-06T02:18:51.559 -3.00376000E-04  7.01506600E-03 -7.68590000E-05
2002-01-06T02:18:52.555  9.63827000E-04  8.50754100E-03  1.99439000E-04
2002-01-06T02:18:53.555  6.34142000E-04  8.03573900E-03  6.59857000E-04
2002-01-06T02:18:54.555 -8.86256000E-04  7.48724500E-03 -5.87726000E-04
2002-01-06T02:18:55.555 -1.15714800E-03  6.88012300E-03 -1.07240000E-05
2002-01-06T02:18:56.559  5.84345000E-04  9.65293500E-03  5.75470000E-04
2002-01-06T02:18:57.555 -5.26400000E-06  8.46357500E-03 -1.24157000E-04
2002-01-06T02:18:58.555 -7.56549000E-04  7.37669700E-03  1.25615500E-03
2002-01-06T02:18:59.555 -8.35726000E-04  6.82667900E-03 -7.40584000E-04
2002-01-06T02:19:00.555  1.96418000E-04  7.99214300E-03  1.01140800E-03
2002-01-06T02:19:01.555  7.16530000E-04  7.76993100E-03  3.92430000E-04
2002-01-06T02:19:02.555  1.90689000E-04  7.46610900E-03  7.10082000E-04
2002-01-06T02:19:03.555 -1.06410000E-04  6.89470900E-03  4.61049000E-04
2002-01-06T02:19:04.555 -1.33698000E-04  6.80971500E-03 -2.40803000E-04
2002-01-06T02:19:05.555  1.63448000E-04  6.51978100E-03  7.18323000E-04
2002-01-06T02:19:06.555  4.11630000E-04  6.70614100E-03  1.02529000E-04
2002-01-06T02:19:07.559  6.91691000E-04  6.82496000E-03  4.56149000E-04
2002-01-06T02:19:08.555  6.91511000E-04  7.43078700E-03  4.41623000E-04
2002-01-06T02:19:09.555  8.25748000E-04  5.94107200E-03  4.31410000E-05
2002-01-06T02:19:10.555  6.91835000E-04  7.05373700E-03  1.25907900E-03
2002-01-06T02:19:11.555 -1.34596500E-03  5.18015800E-03 -1.85607000E-04
2002-01-06T02:19:12.559 -6.13526000E-04  5.40373100E-03 -1.46857000E-04
2002-01-06T02:19:13.555  2.47064000E-04  6.62615200E-03  1.01720000E-05
2002-01-06T02:19:14.555  4.88167000E-04  6.21335300E-03  2.73768000E-04
2002-01-06T02:19:15.555 -2.96965000E-04  4.44890000E-03  3.49490000E-05
2002-01-06T02:19:16.555 -1.00854400E-03  5.17386600E-03  3.45889000E-04
2002-01-06T02:19:17.555  7.31478000E-04  5.68137400E-03  1.52303000E-04
2002-01-06T02:19:18.555  1.63426200E-03  5.69693700E-03 -1.62678900E-03
2002-01-06T02:19:19.555 -1.13757200E-03  5.25324700E-03 -3.92926000E-04
2002-01-06T02:19:20.555 -8.62460000E-05  5.03638600E-03  1.32830000E-05
2002-01-06T02:19:21.555  9.59132000E-04  6.26716000E-03  5.49774000E-04
2002-01-06T02:19:22.555 -1.59760600E-03  4.54759600E-03 -7.41370000E-04
2002-01-06T02:19:23.559 -1.94334000E-04  5.15966500E-03  3.38058000E-04
2002-01-06T02:19:24.555  1.30378100E-03  5.88039200E-03 -1.14526000E-04
2002-01-06T02:19:25.555  1.69160000E-05  5.26830600E-03 -1.79794000E-04
2002-01-06T02:19:26.555 -1.16496900E-03  4.99929100E-03  4.62516000E-04
2002-01-06T02:19:27.555  5.58902000E-04  5.77563300E-03  8.99582000E-04
2002-01-06T02:19:28.559  1.37724900E-03  6.08694500E-03 -1.43760000E-04
2002-01-06T02:19:29.555 -7.59266000E-04  4.82507100E-03 -1.55262000E-04
2002-01-06T02:19:30.555 -1.02014200E-03  5.00413500E-03  6.04485000E-04
2002-01-06T02:19:31.555  3.08410000E-04  5.70659100E-03 -1.01753000E-04
2002-01-06T02:19:32.555 -6.38483000E-04  6.11222200E-03  9.52600000E-04
2002-01-06T02:19:33.555 -1.03993000E-03  4.91536700E-03 -1.24783400E-03
2002-01-06T02:19:34.555 -3.17719000E-04  4.96116200E-03  1.08429400E-03
2002-01-06T02:19:35.555  1.27842500E-03  5.17330600E-03 -5.49721000E-04
2002-01-06T02:19:36.555 -1.69610100E-03  4.41177700E-03 -7.37630000E-04
2002-01-06T02:19:37.555  7.36700000E-06  5.51181700E-03  7.75102000E-04
2002-01-06T02:19:38.555 -1.38459000E-03  3.21110800E-03 -5.86580000E-05
2002-01-06T02:19:39.559  5.44229000E-04  3.48512600E-03  3.21095000E-04
2002-01-06T02:19:40.555  1.22440700E-03  3.53188200E-03  1.60188000E-04
2002-01-06T02:19:41.555 -5.48186000E-04  3.39190400E-03  2.14474000E-04
2002-01-06T02:19:42.555 -5.47104000E-04  2.09704600E-03  3.35421000E-04
2002-01-06T02:19:43.555 -6.57431000E-04  2.93276000E-03  7.09930000E-04
2002-01-06T02:19:44.559 -2.12813000E-04  2.94744500E-03  1.61110000E-05
2002-01-06T02:19:45.555  1.08109500E-03  3.19109700E-03 -3.38852000E-04
2002-01-06T02:19:46.555  3.88687000E-04  4.03995900E-03  5.43459000E-04
2002-01-06T02:19:47.555  3.64728000E-04  3.28909800E-03 -7.33649000E-04
2002-01-06T02:19:48.555 -8.02878000E-04  2.81025800E-03  6.15887000E-04
2002-01-06T02:19:49.555 -5.45303000E-04  2.40699600E-03  6.67482000E-04
2002-01-06T02:19:50.555  1.66986900E-03  3.80919600E-03 -2.55734000E-04
2002-01-06T02:19:51.555  4.29923000E-04  3.97185300E-03  9.77247000E-04
2002-01-06T02:19:52.555 -6.65380000E-04  3.48383400E-03 -5.76067000E-04
2002-01-06T02:19:53.555 -4.07532000E-04  1.81571300E-03  6.19177000E-04
2002-01-06T02:19:54.555  7.10113000E-04  3.04755100E-03 -5.07018000E-04
2002-01-06T02:19:55.562  2.07929000E-04  3.69964400E-03  9.68395000E-04
2002-01-06T02:19:56.555 -1.63482900E-03  3.09938500E-03  8.36359000E-04
2002-01-06T02:19:57.555  1.54749600E-03  4.24244500E-03 -9.18447000E-04
2002-01-06T02:19:58.555  5.83783000E-04  3.22594900E-03  2.05412000E-04
2002-01-06T02:19:59.555 -1.00848300E-03  2.95060600E-03 -2.79820000E-04
2002-01-06T02:20:00.559 -1.94043000E-04  4.45530500E-03 -3.55229000E-04
2002-01-06T02:20:01.555  2.00325000E-04  3.91776600E-03 -4.46483000E-04
2002-01-06T02:20:02.555 -5.64539000E-04  2.21169900E-03 -4.25169000E-04
2002-01-06T02:20:03.555  7.58000000E-07  2.76843500E-03  1.19798300E-03
2002-01-06T02:20:04.555  3.28970000E-04  4.84160100E-03 -1.87835000E-04
2002-01-06T02:20:05.555  3.64669000E-04  3.47040200E-03  2.37068000E-04
2002-01-06T02:20:06.555 -3.01765000E-04  2.40640100E-03 -3.05194000E-04
2002-01-06T02:20:07.555 -1.97346800E-03  2.96741000E-03  3.92760000E-04
2002-01-06T02:20:08.555  6.66685000E-04  3.62129200E-03  3.40270000E-04
2002-01-06T02:20:09.555  1.09726600E-03  3.84312000E-03 -3.82892000E-04
2002-01-06T02:20:10.555  4.73538000E-04  3.69962200E-03  3.73480000E-04
2002-01-06T02:20:11.558  7.06058000E-04  2.92969500E-03  1.45905000E-04
2002-01-06T02:20:12.555 -9.29640000E-05  2.62944900E-03  2.48153000E-04
2002-01-06T02:20:13.555  1.37653000E-04  1.92053500E-03  2.65599000E-04
2002-01-06T02:20:14.555 -1.07834400E-03  2.54049900E-03  6.33535000E-04
2002-01-06T02:20:15.555 -6.20146000E-04  1.91624300E-03 -9.97220000E-05
2002-01-06T02:20:16.558 -5.26423000E-04  1.67891200E-03  6.97230000E-05
2002-01-06T02:20:17.555 -6.99180000E-04  1.27671400E-03 -1.96248000E-04
2002-01-06T02:20:18.555 -1.04641200E-03  2.05447600E-03 -9.84900000E-05
2002-01-06T02:20:19.555 -7.50118000E-04  1.76983700E-03  1.14582000E-03
2002-01-06T02:20:20.555  2.78300000E-05  1.79179600E-03 -7.09118000E-04
2002-01-06T02:20:21.555  3.09438000E-04  2.70709200E-03  2.64146000E-04
2002-01-06T02:20:22.555 -4.88051000E-04  2.45060900E-03  1.74740000E-04
2002-01-06T02:20:23.555 -2.44340000E-05  2.32188600E-03 -1.52876000E-04
2002-01-06T02:20:24.555  2.40676000E-04  3.31791800E-03  8.14770000E-05
2002-01-06T02:20:25.555  1.16745400E-03  3.19548400E-03 -4.30387000E-04
2002-01-06T02:20:26.555  6.43092000E-04  3.42156600E-03 -2.97325000E-04
2002-01-06T02:20:27.558  8.90926000E-04  2.53279100E-03  1.37177000E-04
2002-01-06T02:20:28.555 -5.91030000E-05  3.20422900E-03  5.76492000E-04
2002-01-06T02:20:29.555  3.87492000E-04  2.21763600E-03  3.95821000E-04
2002-01-06T02:20:30.555  1.54016000E-04  2.30276300E-03  5.24437000E-04
2002-01-06T02:20:31.555 -1.18616000E-04  2.20636700E-03 -4.95550000E-05
2002-01-06T02:20:32.558 -3.56374000E-04  1.94539500E-03 -3.33297000E-04
2002-01-06T02:20:33.555 -4.33022000E-04  2.27462900E-03  5.26143000E-04
2002-01-06T02:20:34.555 -3.74930000E-04  1.76755600E-03 -7.67973000E-04
2002-01-06T02:20:35.555 -8.95647000E-04  2.39283200E-03  4.23698000E-04
2002-01-06T02:20:36.555  2.40261000E-04  1.17995000E-03 -1.35852700E-03
2002-01-06T02:20:37.555  1.98483000E-04  2.00061500E-03 -5.15875000E-04
2002-01-06T02:20:38.555 -1.35378000E-04  2.57041900E-03 -6.62653000E-04
2002-01-06T02:20:39.555  1.20630200E-03  1.55857700E-03  1.06538000E-03
2002-01-06T02:20:40.555  3.05368000E-04  2.90999000E-03 -1.09811700E-03
2002-01-06T02:20:41.555  8.93195000E-04  2.62224000E-03 -1.03086000E-04
2002-01-06T02:20:42.555  1.03398200E-03  1.70026700E-03 -4.28995000E-04
2002-01-06T02:20:43.558 -5.69740000E-04  2.32152000E-04  2.89004000E-04
2002-01-06T02:20:44.555 -1.01145600E-03  8.52824000E-04 -3.26420000E-04
2002-01-06T02:20:45.555 -7.09426000E-04  1.75276100E-03 -2.72194000E-04
2002-01-06T02:20:46.555  6.94729000E-04  2.07918900E-03  3.07432000E-04
2002-01-06T02:20:47.555  4.03346000E-04  1.02515200E-03  1.25086000E-04
2002-01-06T02:20:48.558 -5.33331000E-04  9.78790000E-05  3.38563000E-04
2002-01-06T02:20:49.555 -6.16203000E-04  3.69337000E-04 -2.74907000E-04
2002-01-06T02:20:50.555  2.15370000E-05  1.74279200E-03 -5.55482000E-04
2002-01-06T02:20:51.555 -3.69100000E-05  2.50384000E-03  4.91902000E-04
2002-01-06T02:20:52.555 -2.43590000E-04  1.78747000E-03 -1.16448300E-03
2002-01-06T02:20:53.555 -8.86490000E-04  4.27902000E-04  2.39740000E-05
2002-01-06T02:20:54.555  5.55796000E-04  9.24199000E-04 -1.85160000E-04
2002-01-06T02:20:55.555  1.47003400E-03  1.28307600E-03 -1.49542000E-04
2002-01-06T02:20:56.555 -6.33150000E-05  1.11805300E-03 -3.89572000E-04
2002-01-06T02:20:57.555 -1.22497100E-03  1.94894000E-04 -1.15409700E-03
2002-01-06T02:20:58.555 -4.71922000E-04  1.70358500E-03  3.97955000E-04
2002-01-06T02:20:59.558  2.51593000E-04  2.64767300E-03 -2.29285000E-04
2002-01-06T02:21:00.555 -5.13073000E-04  1.35945900E-03  3.84773000E-04
2002-01-06T02:21:01.555 -9.91889000E-04  3.08282000E-04 -8.50233000E-04
2002-01-06T02:21:02.555  5.12850000E-04  7.47148000E-04  9.77810000E-05
2002-01-06T02:21:03.555  2.10585300E-03  1.04880200E-03  3.74691000E-04
2002-01-06T02:21:04.558 -1.70406000E-04  4.94299000E-04 -3.55004000E-04
2002-01-06T02:21:05.555 -4.97980000E-04  2.49928000E-04  3.05930000E-05
2002-01-06T02:21:06.555  4.70917000E-04  1.63080600E-03  5.10689000E-04
2002-01-06T02:21:07.555  1.13950000E-04  2.20715500E-03  4.96918000E-04
2002-01-06T02:21:08.555 -1.08585800E-03  9.14776000E-04 -6.95513000E-04
2002-01-06T02:21:09.555 -8.18369000E-04  1.28720200E-03  1.11122100E-03
2002-01-06T02:21:10.554  7.08823000E-04  1.73513000E-03 -7.10462000E-04
2002-01-06T02:21:11.554 -2.90845000E-04  1.15488000E-03 -1.15006000E-04
2002-01-06T02:21:12.554 -8.71714000E-04 -1.45196000E-04 -1.15404100E-03
2002-01-06T02:21:13.554  4.40558000E-04  5.60019000E-04  2.74506000E-04
2002-01-06T02:21:14.554  1.40250100E-03  1.53557800E-03 -5.39236000E-04
2002-01-06T02:21:15.558  7.79260000E-05  5.03157000E-04 -2.19586000E-04
2002-01-06T02:21:16.554 -9.61408000E-04  8.93600000E-04 -1.76861000E-04
2002-01-06T02:21:17.554  4.97059000E-04  2.29607000E-03 -2.84793000E-04
2002-01-06T02:21:18.554  3.44072000E-04  1.66821700E-03  3.16401000E-04
2002-01-06T02:21:19.554 -9.29900000E-04  1.88562000E-04 -9.85664000E-04
2002-01-06T02:21:20.558 -1.95725000E-04  1.87591000E-03  1.56449100E-03
2002-01-06T02:21:21.554  1.45469000E-03  1.92203300E-03 -3.62036000E-04
2002-01-06T02:21:22.554 -8.99838000E-04  4.50729000E-04 -5.29013000E-04
2002-01-06T02:21:23.554 -1.95011000E-04  4.01163000E-04  2.59470000E-05
2002-01-06T02:21:24.554  1.04655600E-03  8.48694000E-04  5.28463000E-04
2002-01-06T02:21:25.554  2.87919000E-04  5.55070000E-04  4.69984000E-04
2002-01-06T02:21:26.554 -6.93875000E-04  4.96290000E-05  1.29424000E-04
2002-01-06T02:21:27.554  5.69640000E-04  7.77647000E-04 -3.38637000E-04
2002-01-06T02:21:28.554  9.70990000E-04  1.70490800E-03  3.53727000E-04
2002-01-06T02:21:29.554 -1.76515500E-03  7.54471000E-04  2.27499000E-04
2002-01-06T02:21:30.554 -7.41305000E-04  1.11418800E-03 -1.47244000E-04
2002-01-06T02:21:31.558  5.07061000E-04  2.55350400E-03 -5.42312000E-04
2002-01-06T02:21:32.554 -1.26605400E-03  7.20574000E-04  1.00501000E-03
2002-01-06T02:21:33.554 -9.90449000E-04  8.85566000E-04 -4.91749000E-04
2002-01-06T02:21:34.554  2.90493000E-04  1.66519900E-03  5.64895000E-04
2002-01-06T02:21:35.554  8.96250000E-04  1.25860000E-03  2.20146000E-04
2002-01-06T02:21:36.558 -5.53693000E-04  8.84700000E-05 -5.35930000E-05
2002-01-06T02:21:37.554  5.40745000E-04  2.06755000E-04  4.32252000E-04
2002-01-06T02:21:38.554  1.03578400E-03  2.07153800E-03 -8.14417000E-04
2002-01-06T02:21:39.554 -3.29538000E-04  2.46565000E-04  2.76612000E-04
2002-01-06T02:21:40.554 -8.46840000E-04  1.02461500E-03 -1.14589000E-04
2002-01-06T02:21:41.554  6.79946000E-04  2.01453600E-03  1.20599000E-04
2002-01-06T02:21:42.554 -1.15130000E-03  5.70872000E-04 -4.59530000E-05
2002-01-06T02:21:43.554 -1.43973900E-03  9.56757000E-04  1.13027000E-04
2002-01-06T02:21:44.554  2.44450000E-05  2.27050200E-03 -3.92881000E-04
2002-01-06T02:21:45.554 -2.92100000E-04  1.88548800E-03 -4.69465000E-04
2002-01-06T02:21:46.554 -1.37060300E-03  4.50653000E-04  3.94954000E-04
2002-01-06T02:21:47.558  4.53380000E-05  1.22790800E-03 -5.32217000E-04
2002-01-06T02:21:48.554  8.51899000E-04  1.47986400E-03 -4.74519000E-04
2002-01-06T02:21:49.554 -3.99658000E-04 -2.62831000E-04  1.01250000E-04
2002-01-06T02:21:50.554  5.74770000E-05  1.05457000E-04 -2.88310000E-04
2002-01-06T02:21:51.554  1.09347700E-03  1.33517400E-03 -8.23760000E-04
2002-01-06T02:21:52.558  5.07216000E-04  5.38530000E-04 -4.17211000E-04
2002-01-06T02:21:53.554  2.25927000E-04 -3.85860000E-04 -3.28519000E-04
2002-01-06T02:21:54.554  1.31641300E-03  1.05592800E-03  9.86642000E-04
2002-01-06T02:21:55.554  8.57725000E-04  4.56469000E-04  3.68044000E-04
2002-01-06T02:21:56.554 -4.80988000E-04 -2.91802000E-04 -1.04527000E-03
2002-01-06T02:21:57.554  9.21236000E-04  1.11453500E-03  7.84610000E-04
2002-01-06T02:21:58.554  1.97855000E-04  5.91152000E-04  2.46936000E-04
2002-01-06T02:21:59.554 -8.46698000E-04  2.70009000E-04 -2.97482000E-04
2002-01-06T02:22:00.554  9.64104000E-04  1.19182800E-03  1.78471000E-04
2002-01-06T02:22:01.554  4.77873000E-04 -4.74738000E-04 -1.07037300E-03
2002-01-06T02:22:02.554  7.50520000E-05 -1.79120000E-05  6.71290000E-05
2002-01-06T02:22:03.558  1.07109700E-03  1.68309100E-03 -7.25300000E-05
2002-01-06T02:22:04.554 -7.33906000E-04 -5.25983000E-04  4.53334000E-04
2002-01-06T02:22:05.554  2.03407000E-04  3.14739000E-04 -5.44994000E-04
2002-01-06T02:22:06.554  9.28368000E-04  5.67491000E-04  2.96664000E-04
2002-01-06T02:22:07.554 -8.58790000E-05 -1.08391300E-03 -2.54945000E-04
2002-01-06T02:22:08.558  8.66356000E-04  6.00553000E-04 -4.11525000E-04
2002-01-06T02:22:09.554  5.69652000E-04  5.28325000E-04 -3.89843000E-04
2002-01-06T02:22:10.554 -4.54870000E-04 -7.98800000E-04  5.15792000E-04
2002-01-06T02:22:11.554  1.63086200E-03  6.60985000E-04  2.79556000E-04
2002-01-06T02:22:12.554  1.01960000E-05  2.54688000E-04 -1.92947000E-04
2002-01-06T02:22:13.554  5.76634000E-04 -2.60319000E-04  5.75716000E-04
2002-01-06T02:22:14.554  8.35954000E-04  6.92379000E-04  5.60900000E-05
2002-01-06T02:22:15.554 -9.75689000E-04 -7.13472000E-04 -1.56755000E-04
2002-01-06T02:22:16.554  4.27941000E-04  3.99310000E-04  8.16594000E-04
2002-01-06T02:22:17.554 -4.17683000E-04  1.04870000E-04 -1.11940500E-03
2002-01-06T02:22:18.554 -6.59851000E-04  1.25117000E-04 -6.32902000E-04
2002-01-06T02:22:19.558  4.96769000E-04  1.47314800E-03  6.12747000E-04
2002-01-06T02:22:20.554 -1.55617600E-03  2.25870000E-05 -7.51161000E-04
2002-01-06T02:22:21.554  2.54970000E-05  1.55605400E-03  9.77898000E-04
2002-01-06T02:22:22.554 -3.71351000E-04  1.22160700E-03 -5.26058000E-04
2002-01-06T02:22:23.554 -8.36355000E-04  3.99427000E-04  1.54221000E-04
2002-01-06T02:22:24.558  5.26743000E-04  1.46112300E-03 -5.15400000E-05
2002-01-06T02:22:25.554 -7.23473000E-04  1.60999000E-04  5.20704000E-04
2002-01-06T02:22:26.554  9.48783000E-04  4.58015000E-04 -1.99776000E-04
2002-01-06T02:22:27.554 -4.75109000E-04 -2.79293000E-04  8.14780000E-05
2002-01-06T02:22:28.554  3.67607000E-04 -5.29550000E-04 -1.28250000E-04
2002-01-06T02:22:29.554  1.43142800E-03  1.10901900E-03  4.60406000E-04
2002-01-06T02:22:30.554 -5.66092000E-04 -9.97488000E-04  1.96711000E-04
2002-01-06T02:22:31.554  1.25025000E-03  1.00009700E-03 -1.17062500E-03
2002-01-06T02:22:32.554 -7.22137000E-04  1.68699000E-04  8.56229000E-04
2002-01-06T02:22:33.554 -2.43840000E-05  1.09581200E-03 -4.88260000E-05
2002-01-06T02:22:34.554 -6.24511000E-04  1.13176800E-03 -1.01723000E-04
2002-01-06T02:22:35.558 -1.06555100E-03  7.25652000E-04 -2.55304000E-04
2002-01-06T02:22:36.554  7.54959000E-04  7.64974000E-04 -5.40442000E-04
2002-01-06T02:22:37.554 -6.00239000E-04 -1.35715000E-04  4.37498000E-04
2002-01-06T02:22:38.554  4.14514000E-04  9.59168000E-04 -3.61078000E-04
2002-01-06T02:22:39.554 -4.74585000E-04  1.97410000E-05  6.70267000E-04
2002-01-06T02:22:40.558  6.14042000E-04  1.02872000E-04 -2.24379000E-04
2002-01-06T02:22:41.554  2.40350000E-04 -3.08868000E-04 -6.97700000E-06
2002-01-06T02:22:42.554  9.73070000E-05 -6.05439000E-04 -2.66533000E-04
2002-01-06T02:22:43.554  3.50003000E-04 -2.28857000E-04 -8.30140000E-05
2002-01-06T02:22:44.554 -9.49541000E-04 -7.94290000E-04  3.36435000E-04
2002-01-06T02:22:45.554  8.49847000E-04  9.17653000E-04 -6.84670000E-05
2002-01-06T02:22:46.554 -1.56563400E-03 -2.94707000E-04  7.23590000E-05
2002-01-06T02:22:47.554  1.23119000E-04  1.12943700E-03 -3.94216000E-04
2002-01-06T02:22:48.554 -2.46708000E-04  4.78418000E-04  9.02246000E-04
2002-01-06T02:22:49.554 -4.04357000E-04  9.69299000E-04 -1.55420000E-04
2002-01-06T02:22:50.554  5.64734000E-04  9.35303000E-04 -2.42371000E-04
2002-01-06T02:22:51.558  1.62980000E-04 -1.00778100E-03  4.70560000E-04
2002-01-06T02:22:52.554  7.33324000E-04  9.32237000E-04 -1.01910000E-05
2002-01-06T02:22:53.554 -4.27877000E-04 -1.02201100E-03  1.11596200E-03
2002-01-06T02:22:54.554  1.00411800E-03  9.40380000E-04 -3.26845000E-04
2002-01-06T02:22:55.554 -4.69756000E-04 -7.27777000E-04  1.33014500E-03
2002-01-06T02:22:56.558  4.69242000E-04  5.84699000E-04  4.67724000E-04
2002-01-06T02:22:57.554 -6.43105000E-04  7.59101000E-04 -5.72681000E-04
2002-01-06T02:22:58.554 -2.82159000E-04  8.94900000E-04  1.69278000E-04
2002-01-06T02:22:59.554 -1.16012400E-03  8.80070000E-04  7.58121000E-04
2002-01-06T02:23:00.554 -3.64509000E-04  9.79110000E-05  1.31780000E-05
2002-01-06T02:23:01.554  1.12380000E-04  1.50617200E-03  2.87171000E-04
2002-01-06T02:23:02.554 -1.11537700E-03 -6.93479000E-04 -3.49390000E-05
2002-01-06T02:23:03.554  8.95175000E-04  9.42793000E-04 -1.17558000E-04
2002-01-06T02:23:04.554  1.20384000E-04 -6.56676000E-04 -2.45201000E-04
2002-01-06T02:23:05.554  9.61002000E-04 -3.82297000E-04  7.58182000E-04
2002-01-06T02:23:06.554  6.62436000E-04 -1.45128000E-04 -7.66319000E-04
2002-01-06T02:23:07.558 -1.40515000E-04 -2.98367000E-04  5.27527000E-04
2002-01-06T02:23:08.554 -8.09850000E-05  2.71468000E-04 -6.12243000E-04
2002-01-06T02:23:09.554 -9.30579000E-04  1.53000000E-06  2.84397000E-04
2002-01-06T02:23:10.554  5.12265000E-04  1.46383400E-03  7.29174000E-04
2002-01-06T02:23:11.554 -1.00298700E-03 -5.02773000E-04 -2.44972000E-04
2002-01-06T02:23:12.558  6.56400000E-05  9.50833000E-04  7.46261000E-04
2002-01-06T02:23:13.554 -8.44403000E-04  3.19656000E-04 -1.10331700E-03
2002-01-06T02:23:14.554  8.84409000E-04  6.22880000E-05  5.70240000E-05
2002-01-06T02:23:15.554  1.52980000E-05 -5.15875000E-04 -7.75360000E-05
2002-01-06T02:23:16.554  4.07291000E-04 -1.61787000E-04 -1.98659000E-04
2002-01-06T02:23:17.554  6.00406000E-04  3.07110000E-04 -6.78636000E-04
2002-01-06T02:23:18.554 -1.95672000E-04  8.69300000E-05  6.59697000E-04
2002-01-06T02:23:19.554  4.63400000E-06  1.42339000E-03 -4.93156000E-04
2002-01-06T02:23:20.554 -9.65345000E-04  3.00251000E-04  6.79647000E-04
2002-01-06T02:23:21.554  7.61200000E-04  1.39320900E-03 -1.31545000E-04
2002-01-06T02:23:22.554  7.59100000E-06 -5.85673000E-04 -7.21850000E-04
2002-01-06T02:23:23.558  1.24048100E-03  1.56149000E-04  3.13317000E-04
2002-01-06T02:23:24.554 -2.63669000E-04 -1.17832600E-03 -1.19314100E-03
2002-01-06T02:23:25.554  1.05159300E-03  5.12942000E-04  8.13568000E-04
2002-01-06T02:23:26.554 -7.29194000E-04 -6.62200000E-06  3.54230000E-04
2002-01-06T02:23:27.554 -1.57876000E-04  1.22022200E-03 -7.32438000E-04
2002-01-06T02:23:28.558 -2.57200000E-06  1.03669300E-03  2.75615000E-04
2002-01-06T02:23:29.554 -7.93751000E-04  1.17302000E-03 -7.42122000E-04
2002-01-06T02:23:30.554  1.14902200E-03  6.26936000E-04  8.25060000E-05
2002-01-06T02:23:31.554  2.60879000E-04 -6.98159000E-04 -2.47757000E-04
2002-01-06T02:23:32.554  1.14898600E-03 -3.60071000E-04  3.57705000E-04
2002-01-06T02:23:33.554  4.91970000E-05 -3.36339000E-04  2.68660000E-05
2002-01-06T02:23:34.554 -2.33479000E-04 -1.04601000E-04 -6.11587000E-04
2002-01-06T02:23:35.554 -1.23272000E-03  4.90566000E-04  5.26795000E-04
2002-01-06T02:23:36.554  4.40700000E-04  1.20658300E-03 -3.12514000E-04
2002-01-06T02:23:37.554 -7.61496000E-04 -1.16034000E-04  2.25473000E-04
2002-01-06T02:23:38.554  1.53993300E-03  9.39158000E-04 -3.67478000E-04
2002-01-06T02:23:39.558 -3.82552000E-04 -7.06190000E-04  9.61321000E-04
2002-01-06T02:23:40.554  9.99757000E-04  3.30666000E-04 -5.82142000E-04
2002-01-06T02:23:41.554 -1.01619400E-03 -4.63329000E-04 -1.81140000E-04
2002-01-06T02:23:42.554  6.26987000E-04  1.28488800E-03 -2.17748000E-04
2002-01-06T02:23:43.554 -1.33631400E-03 -2.82787000E-04 -5.28654000E-04
2002-01-06T02:23:44.558  6.75421000E-04  3.36584000E-04  5.19987000E-04
2002-01-06T02:23:45.554 -3.90215000E-04 -1.35563500E-03 -1.42726000E-03
2002-01-06T02:23:46.554  9.60052000E-04  4.40731000E-04  3.20637000E-04
2002-01-06T02:23:47.554 -3.66586000E-04 -3.46887000E-04 -1.68130000E-04
2002-01-06T02:23:48.554 -4.37860000E-05  1.25308900E-03 -2.05725000E-04
2002-01-06T02:23:49.554 -7.32139000E-04  6.88224000E-04  4.35001000E-04
2002-01-06T02:23:50.554 -9.94220000E-05  1.22464800E-03 -6.25163000E-04
2002-01-06T02:23:51.554 -5.49894000E-04 -1.24623300E-03  4.73552000E-04
2002-01-06T02:23:52.554  7.89653000E-04  8.92450000E-05 -2.88560000E-04
2002-01-06T02:23:53.554  3.09622000E-04  1.79078000E-04  1.94241000E-04
2002-01-06T02:23:54.554  2.85644000E-04  3.86960000E-04 -2.88784000E-04
2002-01-06T02:23:55.558 -5.92586000E-04  3.72115000E-04 -1.41637000E-04
2002-01-06T02:23:56.554  2.51590000E-05  6.20009000E-04 -2.60916000E-04
2002-01-06T02:23:57.554 -4.63447000E-04  6.02297000E-04 -4.03242000E-04
2002-01-06T02:23:58.554  1.60091000E-04  2.50183000E-04  2.18373000E-04
2002-01-06T02:23:59.554  6.85010000E-05 -5.05452000E-04 -7.80564000E-04
2002-01-06T02:24:00.558  4.32942000E-04 -1.32500000E-06 -3.79100000E-05
2002-01-06T02:24:01.554 -1.95593000E-04 -9.65900000E-06  3.81826000E-04
2002-01-06T02:24:02.554 -4.32472000E-04  7.13434000E-04 -1.25701100E-03
2002-01-06T02:24:03.554 -1.41580000E-04  2.11370000E-04  7.47034000E-04
2002-01-06T02:24:04.554  1.84090000E-04 -6.62560000E-05 -2.17603000E-04
2002-01-06T02:24:05.554  5.21205000E-04 -4.58945000E-04  5.10584000E-04
2002-01-06T02:24:06.554  3.63093000E-04 -3.28100000E-05  7.35870000E-05
2002-01-06T02:24:07.554  5.02030000E-05  5.08321000E-04  3.60755000E-04
2002-01-06T02:24:08.554 -7.05894000E-04  7.44327000E-04 -4.51424000E-04
2002-01-06T02:24:09.554 -1.75270000E-05 -4.21404000E-04 -1.83882000E-04
2002-01-06T02:24:10.554  9.18274000E-04 -3.22205000E-04 -3.48350000E-05
2002-01-06T02:24:11.558  2.12080000E-04 -2.64084000E-04 -7.04341000E-04
2002-01-06T02:24:12.554  4.21742000E-04  8.06030000E-05  5.14617000E-04
2002-01-06T02:24:13.554 -8.06441000E-04 -1.75770000E-04 -5.59230000E-04
2002-01-06T02:24:14.554 -7.98030000E-05  6.67735000E-04  1.16747400E-03
2002-01-06T02:24:15.554 -1.10042900E-03 -5.70703000E-04 -5.42519000E-04
2002-01-06T02:24:16.558  2.43073000E-04  1.17717000E-04  8.48968000E-04
2002-01-06T02:24:17.554 -9.51568000E-04 -4.56655000E-04 -1.77949000E-04
2002-01-06T02:24:18.554  6.37945000E-04  2.25264000E-04 -9.26200000E-06
2002-01-06T02:24:19.554 -9.21096000E-04 -4.37744000E-04 -4.20212000E-04
2002-01-06T02:24:20.554 -2.59461000E-04  1.05917500E-03  4.05795000E-04
2002-01-06T02:24:21.554 -4.90755000E-04  3.40981000E-04 -2.17792000E-04
2002-01-06T02:24:22.554  2.43343000E-04  5.13681000E-04  5.76340000E-05
2002-01-06T02:24:23.554  3.38460000E-04 -5.30474000E-04 -4.18466000E-04
2002-01-06T02:24:24.554  2.97019000E-04 -9.73760000E-05 -2.42130000E-04
2002-01-06T02:24:25.554 -9.11440000E-04 -4.15602000E-04  7.42884000E-04
2002-01-06T02:24:26.554 -9.86480000E-05  1.96614000E-04 -3.58210000E-04
2002-01-06T02:24:27.558 -8.37932000E-04  6.05106000E-04  4.81095000E-04
2002-01-06T02:24:28.554  1.50810000E-04 -2.15970000E-05 -3.63633000E-04
2002-01-06T02:24:29.554 -6.16460000E-05 -7.89579000E-04 -3.47550000E-05
2002-01-06T02:24:30.554  5.19026000E-04  1.44500000E-06 -3.95882000E-04
2002-01-06T02:24:31.554 -2.33992000E-04 -2.87958000E-04  2.94376000E-04
2002-01-06T02:24:32.558 -5.02004000E-04  9.93093000E-04  1.33368000E-03
2002-01-06T02:24:33.554 -6.27124000E-04  7.46029000E-04 -5.65400000E-04
2002-01-06T02:24:34.554 -1.92807000E-04  5.28149000E-04  6.57230000E-04
2002-01-06T02:24:35.554  1.59636000E-04 -1.28891400E-03 -5.51635000E-04
2002-01-06T02:24:36.554  6.27837000E-04 -6.14167000E-04  2.10421000E-04
2002-01-06T02:24:37.554  3.83505000E-04  2.51501000E-04  3.45900000E-05
2002-01-06T02:24:38.554 -3.40970000E-04  3.24841000E-04  3.63974000E-04
2002-01-06T02:24:39.554 -6.89490000E-05  8.78186000E-04  1.69030000E-04
2002-01-06T02:24:40.554 -3.17388000E-04  5.45761000E-04 -2.35264000E-04
2002-01-06T02:24:41.554  3.97616000E-04 -1.63837000E-04 -4.13696000E-04
2002-01-06T02:24:42.554  1.83691000E-04 -4.13802000E-04 -1.20089000E-04
2002-01-06T02:24:43.558  6.69440000E-05 -6.56240000E-05  7.89837000E-04
2002-01-06T02:24:44.554 -4.36888000E-04  5.35616000E-04 -4.81290000E-05
2002-01-06T02:24:45.554 -9.25752000E-04  1.35120000E-04  7.15463000E-04
2002-01-06T02:24:46.554 -5.55280000E-05  2.21541000E-04 -1.16995000E-04
2002-01-06T02:24:47.554  2.99354000E-04 -1.57538000E-04 -2.76067000E-04
2002-01-06T02:24:48.558  2.11609000E-04 -4.14277000E-04  2.73481000E-04
2002-01-06T02:24:49.554  3.16450000E-05  9.25290000E-05 -5.48442000E-04
2002-01-06T02:24:50.554 -4.52726000E-04  2.90835000E-04  3.92420000E-05
2002-01-06T02:24:51.554 -1.12365300E-03 -1.92250000E-04 -6.41685000E-04
2002-01-06T02:24:52.554  7.65063000E-04 -3.68932000E-04  1.99734000E-04
2002-01-06T02:24:53.554  4.70123000E-04  9.38000000E-05  1.36950000E-05
2002-01-06T02:24:54.554  3.96887000E-04 -3.97414000E-04  4.99800000E-05
2002-01-06T02:24:55.554  6.39605000E-04  6.67040000E-04 -1.86922000E-04
2002-01-06T02:24:56.554 -3.71382000E-04  3.81768000E-04  5.33462000E-04
2002-01-06T02:24:57.554 -1.15240000E-04  4.30681000E-04  6.24110000E-05
2002-01-06T02:24:58.554  4.58815000E-04 -5.26163000E-04  9.49540000E-05
2002-01-06T02:24:59.558  6.13142000E-04 -2.77351000E-04  3.81531000E-04
2002-01-06T02:25:00.554  1.16840000E-04  1.67476000E-04  3.50850000E-05
2002-01-06T02:25:01.554 -2.48432000E-04  7.70395000E-04  6.57110000E-05
2002-01-06T02:25:02.554 -2.12206000E-04  5.48919000E-04 -2.78107000E-04
2002-01-06T02:25:03.554  3.06236000E-04  8.21031000E-04  4.32032000E-04
2002-01-06T02:25:04.558 -3.61281000E-04  4.46302000E-04 -6.74389000E-04
2002-01-06T02:25:05.554 -1.72989000E-04 -9.49287000E-04 -6.37889000E-04
2002-01-06T02:25:06.554  1.15597000E-04  4.40558000E-04  5.93709000E-04
2002-01-06T02:25:07.554 -5.55977000E-04  5.33211000E-04 -4.27700000E-06
2002-01-06T02:25:08.554 -2.09760000E-05  3.40171000E-04  5.26109000E-04
2002-01-06T02:25:09.554  3.23758000E-04 -4.73589000E-04 -2.99629000E-04
2002-01-06T02:25:10.554  2.05278000E-04  7.30320000E-05  1.15155000E-04
2002-01-06T02:25:11.554 -4.06752000E-04 -4.75904000E-04  1.16078000E-04
2002-01-06T02:25:12.554 -8.93550000E-05  8.11474000E-04  3.76166000E-04
2002-01-06T02:25:13.554 -9.65953000E-04  8.17666000E-04  3.98698000E-04
2002-01-06T02:25:14.554  6.06980000E-04 -4.92920000E-04 -5.04412000E-04
2002-01-06T02:25:15.558 -5.96790000E-05 -4.97311000E-04  2.26658000E-04
2002-01-06T02:25:16.554  5.44878000E-04 -9.46270000E-05  1.71196000E-04
2002-01-06T02:25:17.554 -5.92905000E-04  2.14716000E-04  8.15110000E-04
2002-01-06T02:25:18.554 -1.67578000E-04  7.98224000E-04  9.97000000E-07
2002-01-06T02:25:19.554 -3.78253000E-04 -1.21303000E-04  1.30171700E-03
2002-01-06T02:25:20.558  1.17605700E-03 -2.04366000E-04  4.46941000E-04
2002-01-06T02:25:21.554  2.86939000E-04 -6.44417000E-04  7.96395000E-04
2002-01-06T02:25:22.554  7.32169000E-04  1.22384000E-04 -1.15526600E-03
2002-01-06T02:25:23.554 -1.12240200E-03 -6.45306000E-04 -1.78919000E-04
2002-01-06T02:25:24.554  1.57433000E-04  1.55624100E-03  4.44847000E-04
2002-01-06T02:25:25.554 -8.29811000E-04  1.21308000E-04 -1.60575000E-04
2002-01-06T02:25:26.554  7.83643000E-04  1.44538000E-04  5.39180000E-04
2002-01-06T02:25:27.554 -4.75178000E-04 -9.89167000E-04 -2.50244000E-04
2002-01-06T02:25:28.554  9.42735000E-04  2.14464000E-04  8.75374000E-04
2002-01-06T02:25:29.554 -5.92638000E-04 -6.19341000E-04 -8.57955000E-04
2002-01-06T02:25:30.554 -9.59420000E-05  1.15281900E-03  1.98484000E-04
2002-01-06T02:25:31.558 -1.44733800E-03 -4.50710000E-05 -8.78058000E-04
2002-01-06T02:25:32.554  1.41273700E-03  1.20956000E-04 -2.15296000E-04
2002-01-06T02:25:33.554 -1.25707000E-04 -1.42839200E-03 -2.84572000E-04
2002-01-06T02:25:34.554  1.40389000E-03  5.31167000E-04  7.04029000E-04
2002-01-06T02:25:35.554 -1.05104700E-03 -5.84098000E-04  2.26179000E-04
2002-01-06T02:25:36.558  6.63258000E-04  1.50661700E-03 -3.53670000E-05
2002-01-06T02:25:37.554 -1.09000200E-03 -3.45768000E-04  6.33690000E-05
2002-01-06T02:25:38.554  1.10296400E-03  7.70096000E-04 -3.10635000E-04
2002-01-06T02:25:39.554 -5.18824000E-04 -1.20407100E-03  7.23678000E-04
2002-01-06T02:25:40.554  3.56634000E-04  2.62758000E-04  4.12836000E-04
2002-01-06T02:25:41.554 -8.08857000E-04 -5.25030000E-05 -3.30024000E-04
2002-01-06T02:25:42.554  7.99138000E-04  1.02224500E-03  8.14808000E-04
2002-01-06T02:25:43.554 -1.73241000E-04 -1.13546000E-04 -4.34000000E-04
2002-01-06T02:25:44.554  4.05004000E-04 -7.92929000E-04  1.22940200E-03
2002-01-06T02:25:45.554  1.71329000E-04 -2.98150000E-04 -3.61712000E-04
2002-01-06T02:25:46.554  1.40508000E-04  7.95858000E-04 -6.19500000E-06
2002-01-06T02:25:47.558 -7.18436000E-04  7.73184000E-04  4.98875000E-04
2002-01-06T02:25:48.554 -5.93722000E-04  1.03629800E-03  8.22755000E-04
2002-01-06T02:25:49.554  1.61310000E-05 -3.54897000E-04 -7.84744000E-04
2002-01-06T02:25:50.554  4.57948000E-04 -2.51206000E-04  1.37561500E-03
2002-01-06T02:25:51.554 -1.37450000E-05 -3.63256000E-04 -4.18100000E-06
2002-01-06T02:25:52.558 -9.74922000E-04  8.37440000E-05  1.16561800E-03
2002-01-06T02:25:53.554 -6.95507000E-04  5.38718000E-04  2.62563000E-04
2002-01-06T02:25:54.554  3.05490000E-04  2.50440000E-04 -2.25039000E-04
2002-01-06T02:25:55.554  3.45970000E-04 -4.69765000E-04  7.34284000E-04
2002-01-06T02:25:56.554  4.91798000E-04 -1.26707000E-04 -2.51570000E-04
2002-01-06T02:25:57.554 -4.84317000E-04  5.54256000E-04 -2.08292000E-04
2002-01-06T02:25:58.554  3.88480000E-04  9.02070000E-04 -5.89497000E-04
2002-01-06T02:25:59.554  6.14602000E-04 -1.31093000E-04  6.42572000E-04
2002-01-06T02:26:00.554 -5.73430000E-04 -5.04709000E-04 -1.03365800E-03
2002-01-06T02:26:01.554  8.31249000E-04 -4.46710000E-04  4.11481000E-04
2002-01-06T02:26:02.554 -3.36520000E-04 -4.34669000E-04  2.82213000E-04
2002-01-06T02:26:03.558  1.23353000E-04  1.17259600E-03 -1.99596000E-04
2002-01-06T02:26:04.554 -1.16134300E-03 -4.03145000E-04 -7.13300000E-05
2002-01-06T02:26:05.554  6.25920000E-04  9.45104000E-04 -7.49815000E-04
2002-01-06T02:26:06.554 -5.75089000E-04 -1.55508000E-03  1.01485400E-03
2002-01-06T02:26:07.554  1.20303700E-03  4.25479000E-04  2.11725000E-04
2002-01-06T02:26:08.558 -7.61377000E-04 -5.81546000E-04  6.35451000E-04
2002-01-06T02:26:09.554  3.48693000E-04  1.15561800E-03 -6.31344000E-04
2002-01-06T02:26:10.554 -1.32768100E-03  3.80564000E-04  1.01803000E-03
2002-01-06T02:26:11.554  9.04236000E-04  6.35032000E-04  5.57261000E-04
2002-01-06T02:26:12.554  2.99474000E-04 -1.62754500E-03 -5.05468000E-04
2002-01-06T02:26:13.554  1.21616100E-03  2.93431000E-04  9.09910000E-04
2002-01-06T02:26:14.554 -1.60816700E-03 -4.88573000E-04 -2.61317000E-04
2002-01-06T02:26:15.554  5.73748000E-04  1.12090100E-03  4.81052000E-04
2002-01-06T02:26:16.554 -1.21501900E-03 -4.76209000E-04 -2.88962000E-04
2002-01-06T02:26:17.554  9.51270000E-04  5.36705000E-04  7.78282000E-04
2002-01-06T02:26:18.554 -3.22543000E-04 -1.35469800E-03 -3.43685000E-04
2002-01-06T02:26:19.558  5.75480000E-04  4.79408000E-04  1.28284500E-03
2002-01-06T02:26:20.554 -1.70907200E-03 -2.93545000E-04 -1.33915300E-03
2002-01-06T02:26:21.554  3.00741000E-04  1.00003500E-03  9.22316000E-04
2002-01-06T02:26:22.554 -7.43939000E-04 -1.91870000E-05  3.24612000E-04
2002-01-06T02:26:23.554  1.54764400E-03 -3.13319000E-04  8.72418000E-04
2002-01-06T02:26:24.558 -6.30450000E-05 -6.99711000E-04 -2.46541000E-04
2002-01-06T02:26:25.554  8.88490000E-04  1.39515000E-03  3.45460000E-05
2002-01-06T02:26:26.554 -1.24011900E-03 -4.67514000E-04  4.41404000E-04
2002-01-06T02:26:27.554  4.74181000E-04  1.07051900E-03 -6.09363000E-04
2002-01-06T02:26:28.554 -1.28413000E-03 -1.86190000E-04  1.27948300E-03
2002-01-06T02:26:29.554  5.04159000E-04  6.11370000E-05  6.84310000E-05
2002-01-06T02:26:30.554 -2.01761000E-04 -1.15553000E-03  7.04084000E-04
2002-01-06T02:26:31.554  5.23779000E-04  5.51707000E-04 -1.00815000E-04
2002-01-06T02:26:32.554 -9.60163000E-04  1.42086000E-04 -6.48802000E-04
2002-01-06T02:26:33.554  6.90044000E-04  6.74617000E-04  6.28086000E-04
2002-01-06T02:26:34.554 -3.78685000E-04 -7.70599000E-04 -3.16472000E-04
2002-01-06T02:26:35.558  1.39722500E-03 -4.78624000E-04  5.12390000E-04
2002-01-06T02:26:36.554 -7.93849000E-04 -4.39697000E-04  6.17230000E-05
2002-01-06T02:26:37.554  1.10972000E-04  8.51278000E-04  6.30429000E-04
2002-01-06T02:26:38.554 -1.02306800E-03  4.45306000E-04 -1.54538400E-03
2002-01-06T02:26:39.554  2.51121000E-04 -1.50050000E-05  5.21848000E-04
2002-01-06T02:26:40.558 -1.23149000E-04 -6.64107000E-04 -1.03999700E-03
2002-01-06T02:26:41.554  1.47790000E-05 -7.45049000E-04  6.56622000E-04
2002-01-06T02:26:42.554  2.38867000E-04 -2.70313000E-04 -4.28304000E-04
2002-01-06T02:26:43.554 -5.30563000E-04  2.74293000E-04 -2.38774000E-04
2002-01-06T02:26:44.554 -8.05867000E-04  9.45471000E-04 -3.41220000E-04
2002-01-06T02:26:45.554  5.20720000E-05  6.48518000E-04 -2.71688000E-04
2002-01-06T02:26:46.554 -1.04195000E-04 -1.11632000E-04  3.37512000E-04
2002-01-06T02:26:47.554  2.35782000E-04 -3.70452000E-04 -9.46655000E-04
2002-01-06T02:26:48.554 -1.20474000E-04  1.03914000E-04  1.01024400E-03
2002-01-06T02:26:49.554 -7.99850000E-04  5.67107000E-04 -1.07031100E-03
2002-01-06T02:26:50.554 -1.50313000E-04  3.78129000E-04  5.75239000E-04
2002-01-06T02:26:51.558  2.58995000E-04 -4.36787000E-04  5.07109000E-04
2002-01-06T02:26:52.554  7.78641000E-04 -2.32592000E-04  2.93191000E-04
2002-01-06T02:26:53.554 -5.29908000E-04 -1.99106000E-04  3.46456000E-04
2002-01-06T02:26:54.554  2.41432000E-04  1.12773000E-03  5.75182000E-04
2002-01-06T02:26:55.554 -1.24465300E-03 -5.31985000E-04  4.42980000E-04
2002-01-06T02:26:56.558  6.78475000E-04  2.63881000E-04 -2.85567000E-04
2002-01-06T02:26:57.554 -6.42735000E-04 -1.76791300E-03  7.88457000E-04
2002-01-06T02:26:58.554  7.88861000E-04  2.34315000E-04 -7.05392000E-04
2002-01-06T02:26:59.554 -1.46098200E-03 -6.91251000E-04 -6.40005000E-04
2002-01-06T02:27:00.554  2.43167000E-04  1.28856300E-03  4.73292000E-04
2002-01-06T02:27:01.554 -1.46083100E-03  1.74068000E-04 -5.90163000E-04
2002-01-06T02:27:02.554  7.60796000E-04  1.34927900E-03 -9.04460000E-05
2002-01-06T02:27:03.554 -6.00625000E-04 -1.10067200E-03 -3.34099000E-04
2002-01-06T02:27:04.554  8.74526000E-04  7.47847000E-04  4.71077000E-04
2002-01-06T02:27:05.554 -1.06309600E-03 -7.22180000E-04 -1.90640800E-03
2002-01-06T02:27:06.554  2.38101000E-04  1.32749500E-03  4.48072000E-04
2002-01-06T02:27:07.558 -1.03999900E-03 -2.94749000E-04 -3.90632000E-04
2002-01-06T02:27:08.554  3.04103000E-04 -1.11920000E-05  5.45234000E-04
2002-01-06T02:27:09.554  2.37416000E-04 -8.08685000E-04 -9.94184000E-04
2002-01-06T02:27:10.554  3.13283000E-04  3.77640000E-04 -5.46982000E-04
2002-01-06T02:27:11.554 -6.63373000E-04  5.74601000E-04 -1.66201000E-04
2002-01-06T02:27:12.558  3.05650000E-05  4.23649000E-04  3.39027000E-04
2002-01-06T02:27:13.554 -6.09056000E-04  3.96905000E-04  4.25370000E-05
2002-01-06T02:27:14.554  3.63643000E-04  1.06876000E-04 -1.64195000E-04
2002-01-06T02:27:15.554  7.34077000E-04 -4.92502000E-04 -5.51940000E-05
2002-01-06T02:27:16.554 -2.09581000E-04 -2.93337000E-04 -6.71454000E-04
2002-01-06T02:27:17.554 -2.03504000E-04  7.87079000E-04  8.90955000E-04
2002-01-06T02:27:18.554 -1.35099200E-03 -6.50535000E-04 -4.49032000E-04
2002-01-06T02:27:19.554  3.03152000E-04  6.01420000E-04  4.59749000E-04
2002-01-06T02:27:20.554 -6.14650000E-05 -7.08613000E-04 -2.86282000E-04
2002-01-06T02:27:21.554  7.87991000E-04 -1.41990000E-04  9.29414000E-04
2002-01-06T02:27:22.554 -1.58479000E-04 -6.40347000E-04 -3.84361000E-04
2002-01-06T02:27:23.558  9.40140000E-05  1.24473200E-03 -7.99940000E-05
2002-01-06T02:27:24.554 -7.74753000E-04 -6.20864000E-04  2.30694000E-04
2002-01-06T02:27:25.554  9.37433000E-04  4.26756000E-04 -1.59082000E-04
2002-01-06T02:27:26.554 -2.40033000E-04 -1.17899900E-03  9.91650000E-05
2002-01-06T02:27:27.554  1.02961900E-03  1.43767000E-04 -1.07737700E-03
2002-01-06T02:27:28.558 -8.91709000E-04 -4.45243000E-04  3.00611000E-04
2002-01-06T02:27:29.554  4.70639000E-04  1.51733600E-03 -1.43226700E-03
2002-01-06T02:27:30.554 -5.79658000E-04 -6.56113000E-04  6.07984000E-04
2002-01-06T02:27:31.554  1.62060700E-03 -2.65430000E-05 -1.32237900E-03
2002-01-06T02:27:32.554 -4.31722000E-04 -2.59069000E-04  2.90233000E-04
2002-01-06T02:27:33.554  6.92256000E-04  1.04489200E-03  1.71336000E-04
2002-01-06T02:27:34.554 -1.19661900E-03 -8.51830000E-05 -8.35942000E-04
2002-01-06T02:27:35.554  4.27162000E-04  1.31063300E-03  4.92150000E-04
2002-01-06T02:27:36.554 -2.96064000E-04 -1.34820900E-03 -8.48409000E-04
2002-01-06T02:27:37.554  1.53809500E-03  2.68560000E-04  3.65727000E-04
2002-01-06T02:27:38.554 -7.19385000E-04 -8.98651000E-04 -3.29785000E-04
2002-01-06T02:27:39.558  6.33325000E-04  1.23798300E-03 -2.12921000E-04
2002-01-06T02:27:40.554 -1.96092200E-03  3.51732000E-04  2.78425000E-04
2002-01-06T02:27:41.554  4.85244000E-04  1.13857300E-03 -2.66981000E-04
2002-01-06T02:27:42.554 -1.38426000E-04 -8.62278000E-04 -4.51065000E-04
2002-01-06T02:27:43.554  1.61544000E-03  2.67225000E-04 -4.72830000E-04
2002-01-06T02:27:44.558 -7.06429000E-04 -7.46041000E-04  3.19730000E-04
2002-01-06T02:27:45.554  3.44222000E-04  4.85717000E-04 -6.37087000E-04
2002-01-06T02:27:46.554 -5.60042000E-04 -4.09282000E-04  4.78385000E-04
2002-01-06T02:27:47.554  4.70127000E-04  5.54088000E-04 -1.44193700E-03
2002-01-06T02:27:48.554  1.28520000E-05 -7.25606000E-04  8.61318000E-04
2002-01-06T02:27:49.554  6.69030000E-04 -2.60908000E-04 -9.63320000E-04
2002-01-06T02:27:50.554 -4.07766000E-04  3.51952000E-04  9.81302000E-04
2002-01-06T02:27:51.554 -3.90199000E-04  4.50079000E-04 -5.05972000E-04
2002-01-06T02:27:52.554 -3.00800000E-06  8.50120000E-05  2.46672000E-04
2002-01-06T02:27:53.554 -2.93610000E-05 -2.94750000E-05 -1.88771000E-04
2002-01-06T02:27:54.554  1.02231900E-03 -8.16085000E-04  1.71609000E-04
2002-01-06T02:27:55.558 -9.20423000E-04 -6.73783000E-04  5.06645000E-04
2002-01-06T02:27:56.554 -8.98880000E-05  7.24407000E-04 -2.06624000E-04
2002-01-06T02:27:57.554 -5.88142000E-04  5.32647000E-04  9.32424000E-04
2002-01-06T02:27:58.554  1.84555000E-04  8.35660000E-04 -6.79980000E-05
2002-01-06T02:27:59.554 -5.65735000E-04 -5.68374000E-04  1.10381200E-03
2002-01-06T02:28:00.558  1.20475100E-03 -1.88435000E-04 -4.24230000E-05
2002-01-06T02:28:01.554 -8.04905000E-04 -4.41292000E-04  7.69548000E-04
2002-01-06T02:28:02.554 -3.04600000E-05  8.78525000E-04 -5.17530000E-04
2002-01-06T02:28:03.554 -1.08977100E-03 -1.74760000E-05  1.83922000E-04
2002-01-06T02:28:04.554  5.73159000E-04  5.51768000E-04  1.08522000E-04
2002-01-06T02:28:05.554 -1.05710000E-04 -8.17259000E-04 -1.36835000E-04
2002-01-06T02:28:06.554  4.69810000E-04  4.56427000E-04 -3.49287000E-04
2002-01-06T02:28:07.554 -1.11197400E-03 -3.03450000E-04 -2.58755000E-04
2002-01-06T02:28:08.554  2.41952000E-04  9.96011000E-04 -4.12710000E-05
2002-01-06T02:28:09.554 -7.17319000E-04 -3.01993000E-04  5.19456000E-04
2002-01-06T02:28:10.554  6.87474000E-04  3.24129000E-04  6.55432000E-04
2002-01-06T02:28:11.558 -5.11704000E-04 -9.45592000E-04 -5.02433000E-04
2002-01-06T02:28:12.554  5.90323000E-04  8.64137000E-04  5.22564000E-04
2002-01-06T02:28:13.554 -1.67797800E-03 -1.72078000E-04  4.58209000E-04
2002-01-06T02:28:14.554  4.42377000E-04  1.13469500E-03 -8.18959000E-04
2002-01-06T02:28:15.554 -7.34653000E-04 -8.04623000E-04  6.32368000E-04
2002-01-06T02:28:16.558  1.34470000E-04  1.60888000E-04 -9.00453000E-04
2002-01-06T02:28:17.554 -4.47735000E-04 -1.03202900E-03  3.32382000E-04
2002-01-06T02:28:18.554 -5.01205000E-04  7.73014000E-04 -6.02750000E-05
2002-01-06T02:28:19.554 -1.07284500E-03 -2.19900000E-05  2.19923000E-04
2002-01-06T02:28:20.554  1.46911000E-04  1.05343100E-03 -5.06280000E-04
