2001-12-17T03:13:45.293  2.61513000E-04 -2.46086000E-04 -3.97840000E-05
2001-12-17T03:13:46.285  6.31521000E-04 -2.25464000E-04  3.52074000E-04
2001-12-17T03:13:47.285 -1.77534000E-04 -3.28799000E-04  5.08170000E-04
2001-12-17T03:13:48.285 -5.01485000E-04  8.09200000E-05  4.40972000E-04
2001-12-17T03:13:49.289 -6.84180000E-04  3.74006000E-04 -8.32398000E-04
2001-12-17T03:13:50.285  8.58925000E-04  1.11600000E-06  3.89965000E-04
2001-12-17T03:13:51.285 -6.37900000E-06 -4.48911000E-04  1.55045000E-04
2001-12-17T03:13:52.285  2.64502000E-04  3.00288000E-04  6.10830000E-05
2001-12-17T03:13:53.281 -1.09533000E-03  4.37100000E-06 -7.50440000E-05
2001-12-17T03:13:54.285 -6.76650000E-05  1.35349900E-03 -5.16167000E-04
2001-12-17T03:13:55.289 -2.70549000E-04 -1.01506800E-03  5.56142000E-04
2001-12-17T03:13:56.285  3.93109000E-04  5.33847000E-04 -6.01033000E-04
2001-12-17T03:13:57.285 -2.44773000E-04 -6.14748000E-04 -7.85608000E-04
2001-12-17T03:13:58.285  2.00605000E-04  8.15202000E-04  1.35235100E-03
2001-12-17T03:13:59.285 -5.72446000E-04 -2.74451000E-04 -3.85799000E-04
2001-12-17T03:14:00.285  1.16981600E-03  1.21981000E-03  5.39690000E-05
2001-12-17T03:14:01.293 -4.53073000E-04 -1.06916700E-03  1.10789000E-04
2001-12-17T03:14:02.285  1.21194900E-03  8.92438000E-04 -1.78048000E-04
2001-12-17T03:14:03.285 -8.81241000E-04 -3.69358000E-04  3.19613000E-04
2001-12-17T03:14:04.285  2.90108000E-04  6.01732000E-04 -1.38471000E-04
2001-12-17T03:14:05.285 -9.88947000E-04 -2.06631000E-04  4.86720000E-05
2001-12-17T03:14:06.285  1.59528200E-03 -2.23810000E-05 -2.64989000E-04
2001-12-17T03:14:07.289 -5.86880000E-04 -9.09577000E-04  7.16293000E-04
2001-12-17T03:14:08.285  5.47398000E-04  1.33708800E-03 -1.11397200E-03
2001-12-17T03:14:09.281 -1.33112100E-03 -9.05400000E-05 -6.62771000E-04
2001-12-17T03:14:10.285  9.22565000E-04  3.61172000E-04  1.93794000E-04
2001-12-17T03:14:11.285 -4.27586000E-04 -1.61782400E-03 -5.73714000E-04
2001-12-17T03:14:12.289  1.19665100E-03  1.85279000E-04  5.58972000E-04
2001-12-17T03:14:13.289 -8.86035000E-04 -4.27354000E-04  5.03932000E-04
2001-12-17T03:14:14.285  1.44192000E-04  1.02812600E-03  1.33768000E-04
2001-12-17T03:14:15.285 -4.92846000E-04 -7.72321000E-04  4.76729000E-04
2001-12-17T03:14:16.285  1.00671700E-03 -2.39860000E-05  1.35386200E-03
2001-12-17T03:14:17.293 -2.34433000E-04 -1.09965400E-03 -4.17112000E-04
2001-12-17T03:14:18.285  6.02805000E-04  5.45546000E-04  5.55862000E-04
2001-12-17T03:14:19.289 -1.89773100E-03  1.76884000E-04 -2.84594000E-04
2001-12-17T03:14:20.285  6.44547000E-04  5.49422000E-04 -1.72598000E-04
2001-12-17T03:14:21.285  5.62159000E-04 -4.05051000E-04  9.99790000E-05
2001-12-17T03:14:22.285  6.33525000E-04 -4.58913000E-04  5.46938000E-04
2001-12-17T03:14:23.285 -8.38056000E-04  3.21286000E-04 -1.73835800E-03
2001-12-17T03:14:24.285 -4.19290000E-04  8.19683000E-04  4.86906000E-04
2001-12-17T03:14:25.285 -7.04631000E-04  2.00572000E-04  2.15848000E-04
2001-12-17T03:14:26.285  8.63035000E-04 -1.05714500E-03 -7.35719000E-04
2001-12-17T03:14:27.285  7.00022000E-04 -2.31345000E-04  3.66583000E-04
2001-12-17T03:14:28.285 -1.61390000E-04 -9.50300000E-06 -2.49735000E-04
2001-12-17T03:14:29.285 -4.61620000E-04  1.13396700E-03 -3.78152000E-04
2001-12-17T03:14:30.285 -1.16651500E-03  1.14760500E-03 -4.49000000E-04
2001-12-17T03:14:31.285  7.70899000E-04  2.16871000E-04 -2.81760000E-04
2001-12-17T03:14:32.285 -9.10450000E-05 -3.91943000E-04 -5.33556000E-04
2001-12-17T03:14:33.293  6.99587000E-04  4.08616000E-04  8.73521000E-04
2001-12-17T03:14:34.285 -9.22401000E-04  1.41788000E-04  2.82595000E-04
2001-12-17T03:14:35.285  5.09913000E-04  1.05151200E-03 -1.00253400E-03
2001-12-17T03:14:36.285 -3.97651000E-04 -1.08568100E-03  4.30626000E-04
2001-12-17T03:14:37.289  1.07803600E-03  3.39956000E-04  4.40911000E-04
2001-12-17T03:14:38.285 -8.05480000E-04 -9.31686000E-04  2.25675000E-04
2001-12-17T03:14:39.285  9.34370000E-05  8.88699000E-04 -9.82010000E-05
2001-12-17T03:14:40.285 -1.12631200E-03  7.28200000E-06 -9.67940000E-04
2001-12-17T03:14:41.281  1.42224900E-03  2.27382000E-04 -8.51200000E-04
2001-12-17T03:14:42.285 -4.37919000E-04 -1.21179600E-03  5.72040000E-04
2001-12-17T03:14:43.289  1.15786800E-03  1.01470500E-03  1.67016000E-04
2001-12-17T03:14:44.289 -1.87244000E-03 -6.02808000E-04 -1.87904000E-04
2001-12-17T03:14:45.289  4.32098000E-04  7.09213000E-04  1.68034400E-03
2001-12-17T03:14:46.285 -1.02932800E-03 -1.09676200E-03 -1.26658000E-03
2001-12-17T03:14:47.285  1.34713700E-03 -7.28260000E-05  1.37726000E-04
2001-12-17T03:14:48.285 -1.02778600E-03 -9.65907000E-04  4.52977000E-04
2001-12-17T03:14:49.293  3.75156000E-04  1.21739200E-03 -8.30220000E-04
2001-12-17T03:14:50.285 -7.48070000E-04 -2.04449000E-04  7.70784000E-04
2001-12-17T03:14:51.285  1.26325000E-03  7.47423000E-04 -9.85360000E-05
2001-12-17T03:14:52.285 -8.33514000E-04 -1.52693500E-03  2.11600000E-05
2001-12-17T03:14:53.285  9.39428000E-04  3.91500000E-06 -2.38544000E-04
2001-12-17T03:14:54.285 -1.24806000E-03 -1.39980000E-04  4.93273000E-04
2001-12-17T03:14:55.289 -7.50850000E-05  1.13491500E-03  4.52520000E-05
2001-12-17T03:14:56.285 -8.09308000E-04 -1.37406900E-03  1.76582000E-04
2001-12-17T03:14:57.281  1.30237500E-03  4.98587000E-04 -1.20523600E-03
2001-12-17T03:14:58.285  9.69480000E-05 -4.64718000E-04 -7.09792000E-04
2001-12-17T03:14:59.285  7.12810000E-04  8.02609000E-04  9.61757000E-04
2001-12-17T03:15:00.289 -1.53241600E-03  8.81660000E-05 -1.83838000E-04
2001-12-17T03:15:01.289  1.02993900E-03  3.64701000E-04 -4.40344000E-04
2001-12-17T03:15:02.285 -6.44663000E-04 -1.35167000E-03  1.98921000E-04
2001-12-17T03:15:03.285  1.28010500E-03  9.00490000E-05 -7.00036000E-04
2001-12-17T03:15:04.285 -6.57006000E-04  2.55564000E-04 -9.68551000E-04
2001-12-17T03:15:05.293  3.43434000E-04  9.64617000E-04  3.61500000E-04
2001-12-17T03:15:06.285 -2.59967000E-04  1.25441000E-04  8.47098000E-04
2001-12-17T03:15:07.289  8.52156000E-04 -1.46291000E-04 -3.39548000E-04
2001-12-17T03:15:08.285 -5.09810000E-05 -5.36675000E-04  6.31358000E-04
2001-12-17T03:15:09.285 -2.77503000E-04  7.48498000E-04  6.25270000E-04
2001-12-17T03:15:10.285 -5.86604000E-04  1.28116000E-04 -7.78759000E-04
2001-12-17T03:15:11.285  3.59693000E-04 -6.09650000E-05  1.05611000E-03
2001-12-17T03:15:12.285  4.58250000E-05 -3.40676000E-04  4.86611000E-04
2001-12-17T03:15:13.285  4.78132000E-04 -5.13720000E-05  2.74760000E-04
2001-12-17T03:15:14.285 -4.16555000E-04  7.20860000E-05 -1.51600000E-05
2001-12-17T03:15:15.289 -5.44361000E-04  1.13524900E-03  3.02512000E-04
2001-12-17T03:15:16.289  3.68422000E-04  1.11580300E-03  3.10789000E-04
2001-12-17T03:15:17.285  5.46955000E-04 -9.42093000E-04 -5.74395000E-04
2001-12-17T03:15:18.285  5.26389000E-04 -1.81798000E-04  3.91304000E-04
2001-12-17T03:15:19.285 -4.15072000E-04 -1.40380000E-04 -1.99783000E-04
2001-12-17T03:15:20.285  1.50505000E-04  1.37614000E-03  6.78480000E-05
2001-12-17T03:15:21.293 -6.17566000E-04 -2.92100000E-05  4.17259000E-04
2001-12-17T03:15:22.285  2.01354000E-04 -4.88322000E-04 -1.51697400E-03
2001-12-17T03:15:23.285 -1.47433000E-04 -5.99810000E-04 -2.35208000E-04
2001-12-17T03:15:24.285  2.04431000E-04  8.50072000E-04  1.30658000E-04
2001-12-17T03:15:25.289 -1.08035900E-03  1.16456000E-04 -4.87370000E-04
2001-12-17T03:15:26.285  6.00719000E-04  7.90165000E-04  3.36067000E-04
2001-12-17T03:15:27.285  1.13953000E-04 -1.55575500E-03 -1.82508000E-04
2001-12-17T03:15:28.285  1.62408200E-03  6.29721000E-04 -2.68105000E-04
2001-12-17T03:15:29.281 -9.34682000E-04 -4.06889000E-04  5.19209000E-04
2001-12-17T03:15:30.285 -3.58346000E-04  4.34753000E-04 -2.70260000E-04
2001-12-17T03:15:31.289 -6.84545000E-04 -4.47135000E-04 -9.82616000E-04
2001-12-17T03:15:32.285  8.73842000E-04  1.25068000E-04  9.08779000E-04
2001-12-17T03:15:33.285 -3.32790000E-05 -3.22435000E-04  8.85446000E-04
2001-12-17T03:15:34.285  3.77678000E-04  4.37657000E-04 -2.57773000E-04
2001-12-17T03:15:35.285 -1.25542700E-03 -3.95350000E-05  1.33735000E-04
2001-12-17T03:15:36.285  3.90240000E-04  8.39711000E-04 -4.80851000E-04
2001-12-17T03:15:37.293 -5.50116000E-04 -1.29225400E-03 -8.76617000E-04
2001-12-17T03:15:38.285  1.31569900E-03  3.71150000E-05  3.67849000E-04
2001-12-17T03:15:39.285 -7.63571000E-04 -5.27249000E-04 -6.50737000E-04
2001-12-17T03:15:40.285  4.71944000E-04  1.38758400E-03  9.88980000E-05
2001-12-17T03:15:41.285 -1.08429300E-03 -8.76794000E-04 -4.97779000E-04
2001-12-17T03:15:42.285  7.51592000E-04  4.93762000E-04  4.61740000E-05
2001-12-17T03:15:43.289 -9.20323000E-04 -1.44168200E-03  1.28282000E-04
2001-12-17T03:15:44.285  6.27268000E-04  4.84180000E-05  1.38007000E-04
2001-12-17T03:15:45.285 -1.48194500E-03 -6.19344000E-04 -3.98912000E-04
2001-12-17T03:15:46.285  1.37953000E-04  1.72205900E-03  6.01296000E-04
2001-12-17T03:15:47.285 -4.94372000E-04 -5.66692000E-04 -2.41977000E-04
2001-12-17T03:15:48.285  1.01052800E-03 -8.09500000E-06 -1.12990500E-03
2001-12-17T03:15:49.289 -5.46013000E-04 -1.03369800E-03  4.78840000E-04
2001-12-17T03:15:50.285  6.03703000E-04  7.90298000E-04  3.54023000E-04
2001-12-17T03:15:51.285 -1.40809800E-03  5.07580000E-05 -8.94221000E-04
2001-12-17T03:15:52.285  3.14398000E-04  6.77018000E-04  6.11160000E-04
2001-12-17T03:15:53.293 -8.10390000E-04 -9.77032000E-04 -1.86642000E-04
2001-12-17T03:15:54.285  7.43428000E-04  1.74811000E-04  3.02435000E-04
2001-12-17T03:15:55.289 -1.24561100E-03 -1.02642300E-03  2.51035000E-04
2001-12-17T03:15:56.285  3.02013000E-04  1.16232500E-03 -7.53878000E-04
2001-12-17T03:15:57.285 -3.31402000E-04  2.63924000E-04  3.11853000E-04
2001-12-17T03:15:58.285 -1.34118000E-04  8.72556000E-04  4.92023000E-04
2001-12-17T03:15:59.285 -6.36653000E-04 -1.48182400E-03 -4.70640000E-04
2001-12-17T03:16:00.285  1.23327000E-04  3.87706000E-04 -6.90905000E-04
2001-12-17T03:16:01.285 -1.06068100E-03  4.54473000E-04  2.42302000E-04
2001-12-17T03:16:02.285  1.33767000E-04  4.00796000E-04 -2.46210000E-04
2001-12-17T03:16:03.285 -2.73167000E-04 -2.43058000E-04 -7.46933000E-04
2001-12-17T03:16:04.285  7.55130000E-04 -2.24452000E-04  1.48300000E-03
2001-12-17T03:16:05.285 -2.88218000E-04 -5.30807000E-04 -6.13124000E-04
2001-12-17T03:16:06.285 -2.12432000E-04  5.99561000E-04 -2.01043000E-04
2001-12-17T03:16:07.285  4.05970000E-05  7.12909000E-04  4.27781000E-04
2001-12-17T03:16:08.285 -3.89633000E-04  8.17460000E-05 -6.80280000E-04
2001-12-17T03:16:09.293  7.63037000E-04  1.97786000E-04 -5.75498000E-04
2001-12-17T03:16:10.285 -2.63660000E-05 -7.73727000E-04 -6.27517000E-04
2001-12-17T03:16:11.285  1.17643400E-03  1.26045200E-03  8.15420000E-05
2001-12-17T03:16:12.285 -1.20226800E-03  7.67880000E-05  3.96659000E-04
2001-12-17T03:16:13.289  1.47446000E-04  1.06709000E-04 -5.42968000E-04
2001-12-17T03:16:14.285 -1.73376000E-04 -7.13775000E-04  1.51600000E-05
2001-12-17T03:16:15.289  8.46368000E-04 -1.76080000E-04  5.67159000E-04
2001-12-17T03:16:16.285 -6.99401000E-04 -3.08710000E-04  2.19820000E-05
2001-12-17T03:16:17.281  9.59618000E-04  1.42914200E-03 -4.61734000E-04
2001-12-17T03:16:18.285 -9.68385000E-04 -2.14948000E-04 -1.64367000E-04
2001-12-17T03:16:19.289  1.56896700E-03 -7.89080000E-05  1.62654000E-04
2001-12-17T03:16:20.289 -2.52621000E-04 -6.79041000E-04 -3.27470000E-04
2001-12-17T03:16:21.285  1.17960800E-03  1.08179500E-03 -5.71759000E-04
2001-12-17T03:16:22.285 -1.28307100E-03 -9.17280000E-05  1.63603000E-04
2001-12-17T03:16:23.285  5.64374000E-04  1.48673200E-03  8.85860000E-05
2001-12-17T03:16:24.285 -6.12716000E-04 -1.21889200E-03  2.05652000E-04
2001-12-17T03:16:25.297  1.21683400E-03  4.77113000E-04  7.34335000E-04
2001-12-17T03:16:26.285 -8.85979000E-04 -1.13342800E-03 -1.60536000E-04
2001-12-17T03:16:27.285  2.87127000E-04  9.46056000E-04  2.67039000E-04
2001-12-17T03:16:28.285 -1.42500000E-03 -7.40647000E-04  1.63011000E-04
2001-12-17T03:16:29.285  8.99759000E-04  5.41252000E-04 -6.83850000E-05
2001-12-17T03:16:30.285 -1.11050000E-04 -1.08911100E-03 -3.42426000E-04
2001-12-17T03:16:31.289  8.34899000E-04  3.50283000E-04 -1.25407900E-03
2001-12-17T03:16:32.285 -6.89077000E-04 -2.48210000E-04 -7.69834000E-04
2001-12-17T03:16:33.281  7.16976000E-04  6.51501000E-04  1.97176000E-04
2001-12-17T03:16:34.285 -1.27953600E-03 -1.10445300E-03  7.05315000E-04
2001-12-17T03:16:35.285  1.34338700E-03  2.14233000E-04 -5.75054000E-04
2001-12-17T03:16:36.285 -5.22215000E-04 -9.47568000E-04  8.35390000E-05
2001-12-17T03:16:37.289  4.94306000E-04  6.70661000E-04 -4.09459000E-04
2001-12-17T03:16:38.285 -1.46997300E-03 -2.07154000E-04 -3.27908000E-04
2001-12-17T03:16:39.285  1.54507000E-04  1.05678500E-03  1.56872900E-03
2001-12-17T03:16:40.285 -5.88319000E-04 -1.09361300E-03 -1.28749000E-04
2001-12-17T03:16:41.293  1.11445400E-03 -4.32900000E-06 -7.87840000E-04
2001-12-17T03:16:42.285 -1.15939900E-03 -4.44249000E-04 -5.75780000E-05
2001-12-17T03:16:43.289  6.26210000E-05  9.71940000E-04  3.56778000E-04
2001-12-17T03:16:44.285 -1.44240000E-03 -8.87293000E-04 -3.47262000E-04
2001-12-17T03:16:45.285  9.67345000E-04 -2.79086000E-04  1.12643000E-04
2001-12-17T03:16:46.285  2.56518000E-04 -6.52712000E-04 -1.03482600E-03
2001-12-17T03:16:47.285  4.63231000E-04  8.58041000E-04 -8.13816000E-04
2001-12-17T03:16:48.285 -1.66379700E-03  1.25767000E-04  1.37141300E-03
2001-12-17T03:16:49.285 -1.00034000E-04  5.78534000E-04 -1.06350800E-03
2001-12-17T03:16:50.285 -9.43570000E-05 -6.92748000E-04 -6.50648000E-04
2001-12-17T03:16:51.285  6.66731000E-04 -2.30051000E-04  8.48646000E-04
2001-12-17T03:16:52.285 -8.56071000E-04 -7.06824000E-04 -4.38453000E-04
2001-12-17T03:16:53.285 -3.97663000E-04  1.14269100E-03 -5.67457000E-04
2001-12-17T03:16:54.285 -5.88798000E-04  5.88714000E-04  1.41306200E-03
2001-12-17T03:16:55.289  7.20348000E-04 -2.78954000E-04  1.31529000E-04
2001-12-17T03:16:56.285 -4.84926000E-04 -1.09798500E-03  1.41500000E-06
2001-12-17T03:16:57.293  1.92850000E-04  1.89678000E-04 -6.18890000E-05
2001-12-17T03:16:58.285 -5.51100000E-05  6.85607000E-04  6.84944000E-04
2001-12-17T03:16:59.285  5.18880000E-05  4.53550000E-05 -8.85711000E-04
2001-12-17T03:17:00.285  7.41577000E-04 -4.92883000E-04  9.41271000E-04
2001-12-17T03:17:01.285  5.14618000E-04 -4.91570000E-04 -2.21970000E-05
2001-12-17T03:17:02.285  5.21882000E-04  2.60562000E-04 -5.04449000E-04
2001-12-17T03:17:03.285 -3.98060000E-04  5.51290000E-05  7.83931000E-04
2001-12-17T03:17:04.285  2.37818000E-04  9.21005000E-04 -1.22656500E-03
2001-12-17T03:17:05.285 -2.62235000E-04 -3.76921000E-04  5.99784000E-04
2001-12-17T03:17:06.285  5.86779000E-04 -6.46969000E-04  3.60448000E-04
2001-12-17T03:17:07.289 -3.45366000E-04 -4.77628000E-04  5.96596000E-04
2001-12-17T03:17:08.285  8.78710000E-05  3.42418000E-04 -2.51023000E-04
2001-12-17T03:17:09.285 -8.34885000E-04 -7.18530000E-05  5.35982000E-04
2001-12-17T03:17:10.285 -2.45403000E-04  6.55054000E-04  3.76893000E-04
2001-12-17T03:17:11.285 -2.58120000E-05 -5.58969000E-04 -7.04897000E-04
2001-12-17T03:17:12.285  1.55901800E-03  8.05117000E-04  2.04010000E-05
2001-12-17T03:17:13.297 -7.66619000E-04 -4.32574000E-04  3.14850000E-05
2001-12-17T03:17:14.285  3.18174000E-04  1.49911500E-03 -3.78050000E-04
2001-12-17T03:17:15.285 -8.12006000E-04 -7.59752000E-04  6.26104000E-04
2001-12-17T03:17:16.285  1.35061200E-03  3.32097000E-04  6.46708000E-04
2001-12-17T03:17:17.285 -8.34460000E-04 -9.03898000E-04 -1.05364000E-04
2001-12-17T03:17:18.285  1.31109000E-04  9.31831000E-04 -8.64784000E-04
2001-12-17T03:17:19.289 -1.75662100E-03  1.83310000E-05 -4.21677000E-04
2001-12-17T03:17:20.285  4.98156000E-04  2.86280000E-04  3.65238000E-04
2001-12-17T03:17:21.281 -8.32526000E-04 -1.25604600E-03 -2.15950000E-05
2001-12-17T03:17:22.285  1.16431000E-03  1.53820000E-04 -1.34868000E-04
2001-12-17T03:17:23.285 -8.61866000E-04 -3.07212000E-04  8.27950000E-04
2001-12-17T03:17:24.289  3.51658000E-04  1.12887900E-03 -5.67406000E-04
2001-12-17T03:17:25.289 -4.79520000E-05 -7.72484000E-04 -4.64694000E-04
2001-12-17T03:17:26.285  1.03240600E-03  2.99390000E-04 -2.46624000E-04
2001-12-17T03:17:27.285 -1.74818000E-04 -7.20052000E-04  5.90213000E-04
2001-12-17T03:17:28.285  4.23705000E-04  5.16974000E-04 -9.90935000E-04
2001-12-17T03:17:29.293 -9.58966000E-04  6.28624000E-04 -5.67400000E-06
2001-12-17T03:17:30.285  8.05782000E-04  8.41050000E-05  2.62698000E-04
2001-12-17T03:17:31.289  5.56773000E-04 -1.21953300E-03 -7.27042000E-04
2001-12-17T03:17:32.285  8.72806000E-04  2.06942000E-04  1.62000000E-04
2001-12-17T03:17:33.285 -9.69188000E-04 -5.11485000E-04 -1.33786000E-04
2001-12-17T03:17:34.285 -8.63440000E-05  1.46522300E-03  1.79477000E-04
2001-12-17T03:17:35.285 -3.98767000E-04 -7.33226000E-04 -1.65576000E-04
2001-12-17T03:17:36.285  4.93260000E-04  2.74010000E-04 -9.98100000E-06
2001-12-17T03:17:37.285 -3.64284000E-04 -6.47167000E-04  7.12294000E-04
2001-12-17T03:17:38.285 -8.06420000E-05  5.83069000E-04  3.48778000E-04
2001-12-17T03:17:39.285 -1.02043900E-03 -4.22516000E-04 -8.13454000E-04
2001-12-17T03:17:40.285 -4.99510000E-05  7.70095000E-04  5.05270000E-05
2001-12-17T03:17:41.289 -3.56768000E-04 -9.80365000E-04 -5.12783000E-04
2001-12-17T03:17:42.285  3.69537000E-04  9.11180000E-05 -2.01310000E-04
2001-12-17T03:17:43.285 -1.26391800E-03 -3.64839000E-04 -1.93254000E-04
2001-12-17T03:17:44.285 -1.51227000E-04  8.37363000E-04  7.85849000E-04
2001-12-17T03:17:45.293 -8.32089000E-04  3.99186000E-04  1.85644000E-04
2001-12-17T03:17:46.285  7.32505000E-04 -2.84307000E-04 -9.57997000E-04
2001-12-17T03:17:47.285  5.55450000E-05 -7.82021000E-04  1.50188000E-04
2001-12-17T03:17:48.285  8.20954000E-04 -6.23050000E-05 -4.77772000E-04
2001-12-17T03:17:49.289 -1.17116600E-03 -2.66863000E-04  1.19353000E-04
2001-12-17T03:17:50.285 -3.00381000E-04  6.51210000E-04 -1.34796000E-04
2001-12-17T03:17:51.285 -5.81295000E-04 -4.96598000E-04 -7.35336000E-04
2001-12-17T03:17:52.285  3.40152000E-04 -2.15556000E-04  7.97990000E-05
2001-12-17T03:17:53.281 -1.91499000E-04 -4.80741000E-04 -4.11433000E-04
2001-12-17T03:17:54.285 -5.80809000E-04  1.97773000E-04 -6.74922000E-04
2001-12-17T03:17:55.289 -3.27918000E-04  8.81377000E-04  9.56849000E-04
2001-12-17T03:17:56.285 -4.21538000E-04 -3.75270000E-05  5.78440000E-05
2001-12-17T03:17:57.285  1.24038100E-03  2.88490000E-05  1.77036000E-04
2001-12-17T03:17:58.285 -3.44561000E-04 -4.15614000E-04 -4.88884000E-04
2001-12-17T03:17:59.285  4.30720000E-05  1.10928200E-03  2.14623000E-04
2001-12-17T03:18:00.285 -4.66389000E-04  1.33300000E-06  1.16122000E-04
2001-12-17T03:18:01.293  1.37490100E-03 -1.43507000E-04 -9.22903000E-04
2001-12-17T03:18:02.285  3.45574000E-04 -7.62011000E-04  7.05046000E-04
2001-12-17T03:18:03.285  4.99063000E-04  2.14149000E-04 -9.60079000E-04
2001-12-17T03:18:04.285 -6.06701000E-04 -6.06630000E-05  5.76562000E-04
2001-12-17T03:18:05.285  2.45556000E-04  5.29382000E-04  2.70370000E-04
2001-12-17T03:18:06.285  1.39662000E-04 -7.77506000E-04  5.85122000E-04
2001-12-17T03:18:07.289  6.24554000E-04 -7.32173000E-04 -7.22358000E-04
2001-12-17T03:18:08.285 -1.78208000E-04 -1.45788000E-04  2.56462000E-04
2001-12-17T03:18:09.281 -6.58908000E-04  1.00192200E-03 -7.03314000E-04
2001-12-17T03:18:10.285 -8.18595000E-04  5.77220000E-04  5.10969000E-04
2001-12-17T03:18:11.285  3.69914000E-04  2.67841000E-04 -4.35428000E-04
2001-12-17T03:18:12.289 -2.44481000E-04 -7.67190000E-04  1.07606200E-03
2001-12-17T03:18:13.289  1.05553600E-03  6.33586000E-04 -3.30296000E-04
2001-12-17T03:18:14.285 -9.35500000E-04 -7.36900000E-05  5.37361000E-04
2001-12-17T03:18:15.285  1.11300800E-03  1.28012700E-03 -1.43889000E-03
2001-12-17T03:18:16.285 -7.81998000E-04 -6.73834000E-04  3.33203000E-04
2001-12-17T03:18:17.293  1.48634400E-03  2.99231000E-04  1.31866000E-04
2001-12-17T03:18:18.285 -4.40929000E-04 -9.85540000E-04  1.32800000E-05
2001-12-17T03:18:19.289  7.36487000E-04  1.33227700E-03 -5.67592000E-04
2001-12-17T03:18:20.285 -9.73432000E-04 -4.66556000E-04 -1.59320000E-04
2001-12-17T03:18:21.285  1.16675400E-03  1.53612000E-04  1.78152000E-04
2001-12-17T03:18:22.285 -6.48280000E-04 -9.23371000E-04 -5.57495000E-04
2001-12-17T03:18:23.285  9.32015000E-04  9.97013000E-04  5.67493000E-04
2001-12-17T03:18:24.285 -1.57603800E-03 -5.45983000E-04  6.78160000E-05
2001-12-17T03:18:25.285  1.38019000E-04  1.91541600E-03  2.84079000E-04
2001-12-17T03:18:26.285 -9.50623000E-04 -1.58855000E-04 -8.55545000E-04
2001-12-17T03:18:27.285  1.17237600E-03  3.07824000E-04 -5.81632000E-04
2001-12-17T03:18:28.285  1.66199000E-04  7.03010000E-05  1.62291600E-03
2001-12-17T03:18:29.285  1.81170000E-04  8.61744000E-04 -4.19108000E-04
2001-12-17T03:18:30.285 -1.40286300E-03 -4.71730000E-05 -8.71569000E-04
2001-12-17T03:18:31.285  4.71561000E-04  7.20997000E-04 -3.49566000E-04
2001-12-17T03:18:32.285 -2.34892000E-04 -1.27041000E-03  3.02612000E-04
2001-12-17T03:18:33.293  4.91843000E-04  2.21110000E-04 -2.09144000E-04
2001-12-17T03:18:34.285 -8.34487000E-04  1.55871000E-04 -2.19028000E-04
2001-12-17T03:18:35.285 -7.82400000E-05  1.04854100E-03  1.36124000E-04
2001-12-17T03:18:36.285 -6.43324000E-04 -7.93956000E-04 -8.84852000E-04
2001-12-17T03:18:37.285  7.88762000E-04 -2.58426000E-04  6.04524000E-04
2001-12-17T03:18:38.285  5.33120000E-05 -2.91560000E-04  2.71632000E-04
2001-12-17T03:18:39.285 -3.96717000E-04  7.24037000E-04 -7.22427000E-04
2001-12-17T03:18:40.285 -1.25349100E-03 -4.53990000E-05  6.65048000E-04
2001-12-17T03:18:41.281  4.43124000E-04 -4.07299000E-04  5.49490000E-05
2001-12-17T03:18:42.285 -4.48631000E-04  1.03500000E-04 -1.13002000E-04
2001-12-17T03:18:43.289  4.34942000E-04 -6.72168000E-04  2.60057000E-04
2001-12-17T03:18:44.285 -9.14259000E-04 -3.46783000E-04  2.57253000E-04
2001-12-17T03:18:45.289  1.24061000E-04 -1.92366000E-04 -1.25489800E-03
2001-12-17T03:18:46.285  4.98959000E-04  5.01028000E-04  7.49861000E-04
2001-12-17T03:18:47.285  9.79750000E-05 -7.23637000E-04 -3.96772000E-04
2001-12-17T03:18:48.285  2.20849000E-04 -4.51707000E-04  6.35648000E-04
2001-12-17T03:18:49.293 -4.54867000E-04  1.41853000E-04  5.33133000E-04
2001-12-17T03:18:50.285 -1.57461000E-04  3.26323000E-04 -3.61558000E-04
2001-12-17T03:18:51.285 -5.90838000E-04  2.80829000E-04  1.72883000E-04
2001-12-17T03:18:52.285  3.37175000E-04  1.16852000E-04 -5.70267000E-04
2001-12-17T03:18:53.285 -2.60461000E-04 -7.46449000E-04  2.81507000E-04
2001-12-17T03:18:54.285  1.25788800E-03  1.38564800E-03 -2.00590000E-05
2001-12-17T03:18:55.289 -1.00964900E-03  7.04150000E-05 -2.18101000E-04
2001-12-17T03:18:56.285  7.73243000E-04  6.75982000E-04 -3.22255000E-04
2001-12-17T03:18:57.281 -7.24345000E-04 -7.43451000E-04  3.77320000E-05
2001-12-17T03:18:58.285  8.94060000E-04  3.24933000E-04  9.86638000E-04
2001-12-17T03:18:59.285 -4.31250000E-04 -9.97132000E-04 -8.27702000E-04
2001-12-17T03:19:00.289  1.03609700E-03  8.20846000E-04  2.85182000E-04
2001-12-17T03:19:01.289 -1.36596600E-03 -3.54968000E-04 -8.66078000E-04
2001-12-17T03:19:02.285  8.62424000E-04  8.61131000E-04 -2.34248000E-04
2001-12-17T03:19:03.285 -4.82979000E-04 -2.77115000E-04  7.69172000E-04
2001-12-17T03:19:04.285  1.07662600E-03  2.06261000E-04 -4.13790000E-04
2001-12-17T03:19:05.292 -1.25780900E-03 -6.76463000E-04 -7.95819000E-04
2001-12-17T03:19:06.285  3.69916000E-04  4.76764000E-04  3.12504000E-04
2001-12-17T03:19:07.289 -1.62509000E-04 -4.20783000E-04  2.97710000E-05
2001-12-17T03:19:08.285  6.56672000E-04 -1.23555000E-04  9.16360000E-05
2001-12-17T03:19:09.285  3.83539000E-04 -3.69480000E-04  1.09273000E-04
2001-12-17T03:19:10.285 -1.18504000E-04  2.94047000E-04 -6.94220000E-04
2001-12-17T03:19:11.285 -1.89727000E-04  8.78767000E-04 -4.97344000E-04
2001-12-17T03:19:12.285 -7.51142000E-04  7.54920000E-04  9.86864000E-04
2001-12-17T03:19:13.285  1.45219900E-03 -2.11329000E-04 -3.35901000E-04
2001-12-17T03:19:14.285  1.95996000E-04 -6.01205000E-04  3.30810000E-05
2001-12-17T03:19:15.289 -4.09988000E-04  1.34679000E-04  2.27327000E-04
2001-12-17T03:19:16.285 -5.53586000E-04  2.53943000E-04 -7.37422000E-04
2001-12-17T03:19:17.285 -3.30980000E-05  9.89084000E-04  6.99050000E-05
2001-12-17T03:19:18.285 -1.49493000E-04 -4.04881000E-04  1.07266200E-03
2001-12-17T03:19:19.285  1.21335000E-03 -1.30727000E-04 -7.99454000E-04
2001-12-17T03:19:20.285 -4.15788000E-04 -1.13785000E-04  9.13637000E-04
2001-12-17T03:19:21.292 -2.18361000E-04  1.23886200E-03  2.52060000E-04
2001-12-17T03:19:22.285 -7.34909000E-04 -4.21100000E-04  3.47096000E-04
2001-12-17T03:19:23.285  5.62941000E-04  1.83270000E-05  3.48615000E-04
2001-12-17T03:19:24.285 -4.92800000E-04 -8.26566000E-04  1.15654300E-03
2001-12-17T03:19:25.289  7.71829000E-04  6.80053000E-04 -1.49544000E-03
2001-12-17T03:19:26.285 -1.38580700E-03  2.90954000E-04  8.64338000E-04
2001-12-17T03:19:27.285  8.48330000E-05  6.51991000E-04 -2.85079000E-04
2001-12-17T03:19:28.285 -5.97047000E-04 -5.14495000E-04 -1.88056000E-04
2001-12-17T03:19:29.281  1.18245100E-03  1.69462000E-04 -5.01120000E-05
2001-12-17T03:19:30.285 -5.36807000E-04 -8.47308000E-04 -3.12375000E-04
2001-12-17T03:19:31.289  3.73535000E-04  1.49928100E-03 -6.51796000E-04
2001-12-17T03:19:32.285 -1.32326800E-03  5.84296000E-04  6.15218000E-04
2001-12-17T03:19:33.285 -2.51610000E-05  1.03395200E-03 -1.09163000E-04
2001-12-17T03:19:34.285 -2.59184000E-04 -1.39057700E-03  8.01717000E-04
2001-12-17T03:19:35.285  9.57282000E-04  4.64409000E-04 -2.04496000E-04
2001-12-17T03:19:36.285 -5.48561000E-04  4.10566000E-04 -5.97262000E-04
2001-12-17T03:19:37.292 -1.58810000E-04  1.47909800E-03 -3.36140000E-04
2001-12-17T03:19:38.285 -6.20785000E-04 -7.48230000E-05  1.53715100E-03
2001-12-17T03:19:39.285  1.04906300E-03  3.55041000E-04 -2.83434000E-04
2001-12-17T03:19:40.285 -7.75649000E-04 -7.84083000E-04 -3.87490000E-05
2001-12-17T03:19:41.285  5.34265000E-04  6.48048000E-04 -1.00717000E-04
2001-12-17T03:19:42.285 -9.35054000E-04 -4.31670000E-05  6.04663000E-04
2001-12-17T03:19:43.289  4.56757000E-04  6.94606000E-04  4.25475000E-04
2001-12-17T03:19:44.285  2.06988000E-04 -4.08611000E-04  1.97644000E-04
2001-12-17T03:19:45.285  1.00656700E-03 -2.92332000E-04 -3.86049000E-04
2001-12-17T03:19:46.285 -9.33012000E-04 -7.20297000E-04  4.40998000E-04
2001-12-17T03:19:47.285 -1.90459000E-04  3.83447000E-04  1.11548000E-04
2001-12-17T03:19:48.285  2.24737000E-04 -1.21467000E-04 -1.02123900E-03
2001-12-17T03:19:49.289 -1.34372000E-04  1.39826000E-04  1.13325100E-03
2001-12-17T03:19:50.285  8.34840000E-05 -3.40749000E-04 -1.57377000E-04
2001-12-17T03:19:51.285 -2.32884000E-04  4.42190000E-05 -4.53517000E-04
2001-12-17T03:19:52.285 -1.05081900E-03 -1.16800000E-05  1.24228000E-04
2001-12-17T03:19:53.292 -5.65015000E-04  2.03740000E-04 -7.65610000E-05
2001-12-17T03:19:54.285 -2.36350000E-05  2.13133000E-04 -2.65460000E-04
2001-12-17T03:19:55.289  1.17359000E-04 -5.62312000E-04  5.02000000E-05
2001-12-17T03:19:56.285  3.83980000E-04  4.22700000E-04  8.92008000E-04
2001-12-17T03:19:57.285 -7.30039000E-04  1.85777000E-04 -1.04046000E-04
2001-12-17T03:19:58.285  5.42076000E-04  9.89988000E-04  5.74310000E-05
2001-12-17T03:19:59.285 -9.12993000E-04  4.05500000E-06  8.59315000E-04
2001-12-17T03:20:00.285  7.63197000E-04  1.25947500E-03 -5.85747000E-04
2001-12-17T03:20:01.285 -2.23825000E-04 -1.15494900E-03  6.66970000E-04
2001-12-17T03:20:02.285  9.84208000E-04  1.06781700E-03  1.25766000E-04
2001-12-17T03:20:03.285 -1.56725600E-03 -3.97426000E-04  1.20617000E-04
2001-12-17T03:20:04.285  8.22610000E-04  5.79927000E-04  4.97668000E-04
2001-12-17T03:20:05.285 -1.22832000E-03 -6.63676000E-04 -7.48980000E-05
2001-12-17T03:20:06.285  9.19944000E-04  6.79730000E-05 -6.83280000E-04
2001-12-17T03:20:07.285 -6.07273000E-04 -4.37904000E-04  4.37510000E-05
2001-12-17T03:20:08.285 -1.93364000E-04  9.77906000E-04  8.22753000E-04
2001-12-17T03:20:09.292 -8.63943000E-04 -3.07763000E-04 -6.99742000E-04
2001-12-17T03:20:10.285  7.96588000E-04 -5.93070000E-05  3.41886000E-04
2001-12-17T03:20:11.285 -3.58957000E-04 -1.38365700E-03  6.66600000E-05
2001-12-17T03:20:12.285  4.86612000E-04 -7.46040000E-05 -1.03670600E-03
2001-12-17T03:20:13.288 -5.79069000E-04  2.19766000E-04  1.55811000E-04
2001-12-17T03:20:14.285 -6.18129000E-04  5.14019000E-04  1.30404000E-03
2001-12-17T03:20:15.288  1.38170000E-04 -6.81640000E-05 -1.87161900E-03
2001-12-17T03:20:16.285  5.16077000E-04 -6.68559000E-04  9.51740000E-05
2001-12-17T03:20:17.281  2.07595000E-04 -4.18618000E-04 -1.02440600E-03
2001-12-17T03:20:18.285 -3.00734000E-04  1.01858000E-04 -3.33720000E-05
2001-12-17T03:20:19.288  5.75050000E-04  9.24782000E-04 -2.65986000E-04
2001-12-17T03:20:20.288 -1.04464700E-03  4.20183000E-04 -4.06054000E-04
2001-12-17T03:20:21.285 -2.59897000E-04  1.68330000E-05  1.61196000E-04
2001-12-17T03:20:22.285 -1.00016000E-04 -5.91717000E-04  8.82269000E-04
2001-12-17T03:20:23.285  1.13757900E-03  3.56351000E-04 -1.75933000E-04
2001-12-17T03:20:24.285 -5.64896000E-04 -6.76596000E-04 -4.15068000E-04
2001-12-17T03:20:25.296  7.19898000E-04  1.41888100E-03  1.17326200E-03
2001-12-17T03:20:26.285 -1.28247400E-03 -4.78107000E-04 -9.51214000E-04
2001-12-17T03:20:27.285  5.96174000E-04  6.66305000E-04  1.55160000E-05
2001-12-17T03:20:28.285 -7.06904000E-04 -1.18092100E-03  3.55191000E-04
2001-12-17T03:20:29.285  1.04195300E-03  2.84269000E-04  8.05420000E-05
2001-12-17T03:20:30.285 -1.29427100E-03 -2.09628000E-04 -4.77311000E-04
2001-12-17T03:20:31.288  1.17726000E-04  1.26945600E-03  1.02838800E-03
2001-12-17T03:20:32.285 -1.03795300E-03 -1.78148000E-04 -1.34222300E-03
2001-12-17T03:20:33.281  5.84471000E-04  8.11854000E-04  4.07596000E-04
2001-12-17T03:20:34.285 -9.51182000E-04 -1.05051400E-03  5.91883000E-04
2001-12-17T03:20:35.285  6.65637000E-04  4.55160000E-05  1.04320000E-04
2001-12-17T03:20:36.285 -1.00964600E-03  2.54991000E-04 -9.41546000E-04
2001-12-17T03:20:37.288 -7.49559000E-04  7.13139000E-04  1.74500000E-05
2001-12-17T03:20:38.285  4.10418000E-04  2.41299000E-04 -1.09897900E-03
2001-12-17T03:20:39.285 -3.52412000E-04 -1.23798000E-04  3.04036000E-04
2001-12-17T03:20:40.285  1.20268800E-03 -2.12136000E-04  3.06057000E-04
2001-12-17T03:20:41.292 -1.54882000E-04 -7.88470000E-04 -9.74600000E-06
2001-12-17T03:20:42.285  6.58226000E-04  7.75286000E-04 -7.86961000E-04
2001-12-17T03:20:43.288 -8.93522000E-04 -1.92025000E-04  1.89362000E-04
2001-12-17T03:20:44.285  4.11748000E-04  1.59865900E-03  9.64097000E-04
2001-12-17T03:20:45.285  8.21720000E-05 -1.33793400E-03 -2.74967000E-04
2001-12-17T03:20:46.285  6.89974000E-04  9.04106000E-04  1.75124000E-04
2001-12-17T03:20:47.285 -5.23916000E-04 -1.66744900E-03 -6.27563000E-04
2001-12-17T03:20:48.285  2.65727000E-04  2.85675000E-04 -1.46169000E-04
2001-12-17T03:20:49.285  2.40631000E-04  6.77935000E-04  1.07335500E-03
2001-12-17T03:20:50.285 -9.05096000E-04  4.52401000E-04 -3.23964000E-04
2001-12-17T03:20:51.285  1.17068800E-03  1.70141700E-03  9.16262000E-04
2001-12-17T03:20:52.285 -1.18037800E-03 -2.52675000E-04 -6.26950000E-04
2001-12-17T03:20:53.285  6.32088000E-04  1.26140800E-03 -1.99732000E-04
2001-12-17T03:20:54.285 -2.45396000E-04 -9.64587000E-04  9.23593000E-04
2001-12-17T03:20:55.288  7.59472000E-04 -4.06683000E-04  3.23713000E-04
2001-12-17T03:20:56.285  5.27240000E-05 -3.26798000E-04  3.22548000E-04
2001-12-17T03:20:57.292 -3.90657000E-04  4.78776000E-04 -4.54677000E-04
2001-12-17T03:20:58.285  4.05192000E-04  1.55913700E-03 -4.08982000E-04
2001-12-17T03:20:59.285 -9.35007000E-04 -1.88431000E-04  7.87150000E-04
2001-12-17T03:21:00.285  5.21684000E-04  1.79190200E-03 -1.51121800E-03
2001-12-17T03:21:01.285 -8.88387000E-04 -1.01381500E-03  2.67090000E-04
2001-12-17T03:21:02.285  1.13836300E-03  3.48280000E-05 -5.41558000E-04
2001-12-17T03:21:03.285  4.95939000E-04 -5.19498000E-04 -2.49147000E-04
2001-12-17T03:21:04.285  9.92480000E-05 -3.73882000E-04  6.12344000E-04
2001-12-17T03:21:05.285  4.97302000E-04  6.79225000E-04  1.81761000E-04
2001-12-17T03:21:06.285 -1.49163700E-03 -8.57830000E-05 -6.31316000E-04
2001-12-17T03:21:07.288  2.28836000E-04  1.28415800E-03  8.94414000E-04
2001-12-17T03:21:08.285 -7.35566000E-04  8.87134000E-04 -4.47050000E-05
2001-12-17T03:21:09.285 -2.45069000E-04  8.29408000E-04  3.74311000E-04
2001-12-17T03:21:10.285  3.89740000E-04  9.46321000E-04  3.37635000E-04
2001-12-17T03:21:11.285 -6.58598000E-04 -3.55706000E-04  5.22885000E-04
2001-12-17T03:21:12.285  1.05550800E-03  7.62859000E-04 -2.72810000E-04
2001-12-17T03:21:13.292 -4.14482000E-04  8.22650000E-05  1.06788700E-03
2001-12-17T03:21:14.285  5.72490000E-05 -3.01462000E-04  4.68400000E-06
2001-12-17T03:21:15.285  1.13116700E-03  8.87009000E-04  3.80358000E-04
2001-12-17T03:21:16.285 -4.44433000E-04 -5.51464000E-04  8.05472000E-04
2001-12-17T03:21:17.285  5.18155000E-04  8.56880000E-05 -1.45395400E-03
2001-12-17T03:21:18.285  1.56076000E-04  2.78391000E-04  4.36719000E-04
2001-12-17T03:21:19.288 -4.89854000E-04 -4.18249000E-04  7.30350000E-05
2001-12-17T03:21:20.285  5.14101000E-04  7.27379000E-04  5.54168000E-04
2001-12-17T03:21:21.281  7.48710000E-04  1.28186200E-03  1.49000000E-04
2001-12-17T03:21:22.285 -4.62575000E-04 -6.29296000E-04 -1.30789000E-04
2001-12-17T03:21:23.284  3.56667000E-04  5.57192000E-04 -6.12964000E-04
2001-12-17T03:21:24.284  1.89303000E-04  5.44075000E-04  4.82349000E-04
2001-12-17T03:21:25.288 -2.71850000E-04 -4.22800000E-04  1.30050000E-04
2001-12-17T03:21:26.284  5.19138000E-04  7.74207000E-04 -3.15869000E-04
2001-12-17T03:21:27.284  1.52853500E-03  1.37989000E-03 -1.52027000E-04
2001-12-17T03:21:28.284 -3.11204000E-04  2.31507000E-04  8.93428000E-04
2001-12-17T03:21:29.292  1.04564000E-04  2.94554000E-04  6.28650000E-05
2001-12-17T03:21:30.284  8.57734000E-04  1.16110500E-03  1.73787000E-04
2001-12-17T03:21:31.288  1.05661900E-03  9.51760000E-04 -5.80064000E-04
2001-12-17T03:21:32.284  1.67114000E-04 -9.91932000E-04 -9.83323000E-04
2001-12-17T03:21:33.284  7.61854000E-04  3.42503000E-04  8.05626000E-04
2001-12-17T03:21:34.284  8.14739000E-04  2.33246900E-03  8.48609000E-04
2001-12-17T03:21:35.284 -3.68058000E-04  1.44906300E-03  1.10757000E-04
2001-12-17T03:21:36.284 -1.41325300E-03  7.06061000E-04  5.57749000E-04
2001-12-17T03:21:37.284 -9.57238000E-04  1.29182200E-03  3.84976000E-04
2001-12-17T03:21:38.284  9.47270000E-05  2.10124700E-03 -4.59960000E-05
2001-12-17T03:21:39.284  1.30874700E-03  1.72149500E-03 -3.35888000E-04
2001-12-17T03:21:40.284  1.42414000E-04  2.99916100E-03  9.97899000E-04
2001-12-17T03:21:41.284 -2.23599000E-04  2.02762800E-03 -5.19380000E-04
2001-12-17T03:21:42.284 -2.12364000E-04  1.60122000E-03 -1.96308000E-04
2001-12-17T03:21:43.284 -6.49101000E-04 -1.17980000E-05  6.26491000E-04
2001-12-17T03:21:44.284 -1.57838900E-03  1.23713100E-03  4.80113000E-04
2001-12-17T03:21:45.292 -1.35085400E-03  1.44833900E-03 -6.64003000E-04
2001-12-17T03:21:46.284 -9.16994000E-04  1.50975600E-03  3.35970000E-05
2001-12-17T03:21:47.284 -9.61623000E-04  1.84394600E-03  1.26592400E-03
2001-12-17T03:21:48.284 -4.97446000E-04  1.19181200E-03 -6.70227000E-04
2001-12-17T03:21:49.288 -1.20495600E-03  1.09470600E-03  8.02460000E-04
2001-12-17T03:21:50.284 -1.92323600E-03  1.69641900E-03 -2.08751000E-04
2001-12-17T03:21:51.284 -5.28828000E-04  1.18636800E-03 -1.28158000E-04
2001-12-17T03:21:52.284 -9.72784000E-04  2.18722500E-03  1.57196100E-03
2001-12-17T03:21:53.281  3.95900000E-05  1.66935500E-03 -6.89398000E-04
2001-12-17T03:21:54.284 -4.91261000E-04  2.92781800E-03 -1.09631200E-03
2001-12-17T03:21:55.288  5.20950000E-04  2.81721000E-03  3.10577000E-04
2001-12-17T03:21:56.284  9.35161000E-04  3.75479700E-03 -3.05086000E-04
2001-12-17T03:21:57.284  9.75678000E-04  3.43245800E-03  5.40100000E-05
2001-12-17T03:21:58.284 -4.89904000E-04  3.17667800E-03  4.02546000E-04
2001-12-17T03:21:59.284 -1.40555600E-03  2.83004300E-03  7.12730000E-04
2001-12-17T03:22:00.284 -5.93458000E-04  2.42002500E-03 -1.50338000E-03
2001-12-17T03:22:01.296  4.55684000E-04  3.57479500E-03  1.47308300E-03
2001-12-17T03:22:02.284  1.73289900E-03  3.54839900E-03 -2.81840000E-04
2001-12-17T03:22:03.284  3.38352000E-04  3.40255800E-03 -5.45955000E-04
2001-12-17T03:22:04.284 -1.34282300E-03  3.01932900E-03  5.16458000E-04
2001-12-17T03:22:05.284 -6.17480000E-05  3.47962800E-03 -1.46420000E-04
2001-12-17T03:22:06.284  8.25060000E-04  3.94343500E-03 -7.00781000E-04
2001-12-17T03:22:07.288 -2.02946000E-04  3.39180600E-03 -9.45800000E-05
2001-12-17T03:22:08.284 -9.17424000E-04  2.39817000E-03  9.12087000E-04
2001-12-17T03:22:09.281 -6.52420000E-04  2.74514700E-03  5.23854000E-04
2001-12-17T03:22:10.284 -2.45933000E-04  4.48443500E-03  1.47567400E-03
2001-12-17T03:22:11.284  3.69283000E-04  3.39082000E-03  1.32000000E-04
2001-12-17T03:22:12.288 -2.67618000E-04  2.54069500E-03 -7.94025000E-04
2001-12-17T03:22:13.288 -1.40171500E-03  2.88466100E-03  5.17549000E-04
2001-12-17T03:22:14.284  7.66487000E-04  4.39040000E-03  4.04430000E-04
2001-12-17T03:22:15.284  4.00827000E-04  2.99283400E-03 -4.81589000E-04
2001-12-17T03:22:16.284 -1.46076800E-03  3.51142100E-03  1.80041300E-03
2001-12-17T03:22:17.292  2.82378000E-04  3.75514200E-03  1.11571000E-04
2001-12-17T03:22:18.284  1.45786100E-03  3.46995900E-03 -1.99114000E-04
2001-12-17T03:22:19.288 -3.15612000E-04  3.14692800E-03  7.37767000E-04
2001-12-17T03:22:20.284 -1.74822000E-04  4.50573600E-03 -8.26507000E-04
2001-12-17T03:22:21.284 -1.13929000E-03  3.99411100E-03  8.85238000E-04
2001-12-17T03:22:22.284  7.95145000E-04  4.88856600E-03  7.33777000E-04
2001-12-17T03:22:23.284  3.72900000E-05  5.60763000E-03 -6.58091000E-04
2001-12-17T03:22:24.284 -9.21995000E-04  5.21208500E-03  4.79190000E-05
2001-12-17T03:22:25.284  2.81760000E-05  4.68839500E-03  1.78503400E-03
2001-12-17T03:22:26.284  4.20529000E-04  6.23252500E-03 -1.47870000E-05
2001-12-17T03:22:27.284  9.41202000E-04  7.11634400E-03 -2.60978000E-04
2001-12-17T03:22:28.288 -9.56961000E-04  4.47706100E-03  2.62023000E-04
2001-12-17T03:22:29.288 -1.00338300E-03  4.63277300E-03 -1.37295000E-04
2001-12-17T03:22:30.284 -1.06259000E-03  5.79575000E-03  5.00909000E-04
2001-12-17T03:22:31.284  8.51237000E-04  5.66887500E-03  4.49600000E-06
2001-12-17T03:22:32.284  1.51763600E-03  5.29357000E-03 -8.32203000E-04
2001-12-17T03:22:33.292 -1.77390100E-03  4.58850200E-03  6.26108000E-04
2001-12-17T03:22:34.284  1.45473000E-04  5.80306100E-03 -1.20833000E-04
2001-12-17T03:22:35.284  1.14344700E-03  5.97055400E-03  3.61480000E-05
2001-12-17T03:22:36.284 -7.87543000E-04  4.09365400E-03  9.34599000E-04
2001-12-17T03:22:37.288  3.05113000E-04  4.65600900E-03  2.84485000E-04
2001-12-17T03:22:38.284  1.04258300E-03  5.85131200E-03 -4.25668000E-04
2001-12-17T03:22:39.284 -1.13925900E-03  4.34493400E-03  1.65856000E-04
2001-12-17T03:22:40.284 -9.46700000E-06  5.70657200E-03  8.64906000E-04
2001-12-17T03:22:41.280  1.51749900E-03  6.40092400E-03 -1.08753000E-04
2001-12-17T03:22:42.284  3.31634000E-04  4.04996700E-03  6.60465000E-04
2001-12-17T03:22:43.288 -1.02115700E-03  4.92387500E-03  1.22950600E-03
2001-12-17T03:22:44.284 -1.15246400E-03  5.24924400E-03 -4.87650000E-05
2001-12-17T03:22:45.288  4.67715000E-04  7.39899000E-03  8.17855000E-04
2001-12-17T03:22:46.284  5.20487000E-04  8.12187500E-03  9.65950000E-05
2001-12-17T03:22:47.284  1.11385800E-03  8.10930400E-03  2.13358000E-04
2001-12-17T03:22:48.284  1.22895900E-03  7.43067600E-03  7.53455000E-04
2001-12-17T03:22:49.292  3.92028000E-04  7.30666300E-03 -7.26430000E-04
2001-12-17T03:22:50.284 -8.71561000E-04  7.45953300E-03  2.17153000E-04
2001-12-17T03:22:51.284 -1.36900600E-03  7.02742300E-03 -6.81900000E-06
2001-12-17T03:22:52.284  9.47884000E-04  9.76145400E-03  3.39745000E-04
2001-12-17T03:22:53.284 -6.84560000E-05  8.35068800E-03 -6.14190000E-05
2001-12-17T03:22:54.284 -5.37266000E-04  6.87307000E-03  4.12060000E-04
2001-12-17T03:22:55.288 -1.20685500E-03  5.81210400E-03  5.21838000E-04
2001-12-17T03:22:56.284 -6.21676000E-04  6.12929000E-03 -1.15860000E-05
2001-12-17T03:22:57.280 -6.93514000E-04  7.45394900E-03  8.07193000E-04
2001-12-17T03:22:58.284  1.80108000E-04  7.09710400E-03 -8.96128000E-04
2001-12-17T03:22:59.284  1.32710800E-03  7.84960100E-03  1.20298000E-04
2001-12-17T03:23:00.288  2.62117000E-04  7.14371700E-03  1.66089000E-03
2001-12-17T03:23:01.288 -8.01712000E-04  6.42129100E-03 -1.40851000E-04
2001-12-17T03:23:02.284 -1.92984600E-03  7.00197000E-03  5.32952000E-04
2001-12-17T03:23:03.284 -6.25313000E-04  6.45851300E-03  1.48860000E-05
2001-12-17T03:23:04.284 -2.09618000E-04  6.97739000E-03 -9.95659000E-04
2001-12-17T03:23:05.292  6.03267000E-04  8.20773200E-03  5.83161000E-04
2001-12-17T03:23:06.284 -9.17580000E-04  7.05708300E-03  1.31276700E-03
2001-12-17T03:23:07.288 -9.47000000E-07  7.81993500E-03  1.02515000E-04
2001-12-17T03:23:08.284  5.14108000E-04  9.15773500E-03  3.73260000E-04
2001-12-17T03:23:09.284 -1.66490800E-03  7.83184400E-03 -2.28569000E-04
2001-12-17T03:23:10.284  5.09879000E-04  9.73866300E-03 -2.15294000E-04
2001-12-17T03:23:11.284 -1.48864500E-03  7.77892200E-03 -1.81322000E-04
2001-12-17T03:23:12.284  5.81017000E-04  9.17004000E-03  1.47562800E-03
2001-12-17T03:23:13.288 -1.51269000E-04  9.64036000E-03 -6.97738000E-04
2001-12-17T03:23:14.284 -8.48338000E-04  8.79557100E-03  5.48364000E-04
2001-12-17T03:23:15.288 -3.04058000E-04  1.03924540E-02  8.28734000E-04
2001-12-17T03:23:16.284  6.44996000E-04  1.13001480E-02 -4.86600000E-04
2001-12-17T03:23:17.284  8.27043000E-04  1.11092820E-02 -4.79877000E-04
2001-12-17T03:23:18.284  9.37121000E-04  1.09133890E-02  2.71758000E-04
2001-12-17T03:23:19.284  1.29682100E-03  1.23280810E-02  4.10816000E-04
2001-12-17T03:23:20.284  5.95690000E-04  1.06946420E-02  4.50129000E-04
2001-12-17T03:23:21.292 -1.28145000E-04  1.08904450E-02  6.91018000E-04
2001-12-17T03:23:22.284 -3.56900000E-06  1.20740770E-02  1.16412500E-03
2001-12-17T03:23:23.284 -1.79553100E-03  8.37171200E-03 -1.52054000E-04
2001-12-17T03:23:24.284  6.70384000E-04  1.16487090E-02  6.06810000E-04
2001-12-17T03:23:25.288  1.47346700E-03  1.27082870E-02 -3.98342000E-04
2001-12-17T03:23:26.284  4.85701000E-04  1.13142810E-02 -3.13664000E-04
2001-12-17T03:23:27.284  4.76325000E-04  1.20963680E-02  2.46352000E-04
2001-12-17T03:23:28.284 -1.36325400E-03  1.10514240E-02 -1.94128000E-04
2001-12-17T03:23:29.280 -1.09652600E-03  1.12805620E-02  1.01646000E-04
2001-12-17T03:23:30.284  3.43539000E-04  1.37405520E-02  4.39757000E-04
2001-12-17T03:23:31.288 -1.89106800E-03  1.16627250E-02  3.00682000E-04
2001-12-17T03:23:32.284 -2.72120000E-04  1.41017290E-02 -2.11031000E-04
2001-12-17T03:23:33.284  6.42415000E-04  1.43068530E-02  5.24061000E-04
2001-12-17T03:23:34.284 -4.55850000E-04  1.47691780E-02  3.52768000E-04
2001-12-17T03:23:35.284 -4.89300000E-04  1.26532900E-02 -7.34870000E-05
2001-12-17T03:23:36.284  4.95992000E-04  1.45827030E-02 -3.31216000E-04
2001-12-17T03:23:37.296  1.05224500E-03  1.47835680E-02 -4.91870000E-04
2001-12-17T03:23:38.284 -1.30962500E-03  1.29317170E-02  6.29826000E-04
2001-12-17T03:23:39.284  5.25030000E-05  1.39199060E-02  3.79962000E-04
2001-12-17T03:23:40.284  5.77668000E-04  1.52913600E-02  4.36625000E-04
2001-12-17T03:23:41.284  5.68241000E-04  1.58975480E-02 -3.56649000E-04
2001-12-17T03:23:42.284  1.10148800E-03  1.60245650E-02  1.13908000E-03
2001-12-17T03:23:43.288  5.00240000E-04  1.64488390E-02  4.35500000E-06
2001-12-17T03:23:44.284  2.32116000E-04  1.62007140E-02 -1.39800000E-06
2001-12-17T03:23:45.284 -6.90713000E-04  1.64868870E-02 -2.35490000E-05
2001-12-17T03:23:46.284  3.88248000E-04  1.83784760E-02 -4.07810000E-05
2001-12-17T03:23:47.284 -1.68230900E-03  1.62311200E-02  2.29304000E-04
2001-12-17T03:23:48.284  7.96850000E-04  1.75147150E-02  1.25325300E-03
2001-12-17T03:23:49.288  1.03883300E-03  1.94409340E-02 -6.11810000E-04
2001-12-17T03:23:50.284 -3.10480000E-05  1.81046050E-02  5.87386000E-04
2001-12-17T03:23:51.284  3.79722000E-04  1.88133550E-02  1.29801000E-03
2001-12-17T03:23:52.284 -1.15540000E-05  1.90987440E-02  9.97668000E-04
2001-12-17T03:23:53.292 -9.48200000E-06  1.74247720E-02 -5.34789000E-04
2001-12-17T03:23:54.284 -3.06461000E-04  1.96785480E-02  1.49549500E-03
2001-12-17T03:23:55.288 -1.60056000E-04  1.94238390E-02  4.73964000E-04
2001-12-17T03:23:56.284 -1.13254700E-03  1.94993170E-02  5.17421000E-04
2001-12-17T03:23:57.284 -6.94706000E-04  1.95500290E-02  2.31651400E-03
2001-12-17T03:23:58.284 -6.21554000E-04  1.98665450E-02 -6.31704000E-04
2001-12-17T03:23:59.284 -9.31625000E-04  2.07287430E-02  1.19138000E-04
2001-12-17T03:24:00.284 -4.87132000E-04  1.95614970E-02  6.35064000E-04
2001-12-17T03:24:01.284 -5.34240000E-05  1.95617100E-02 -4.41520000E-04
2001-12-17T03:24:02.284 -9.87583000E-04  2.06845400E-02  5.45865000E-04
2001-12-17T03:24:03.284 -4.27828000E-04  1.99535940E-02  7.81481000E-04
2001-12-17T03:24:04.284 -1.98780000E-05  1.94191910E-02 -3.65547000E-04
2001-12-17T03:24:05.288  1.66002800E-03  2.32434940E-02  8.66042000E-04
2001-12-17T03:24:06.284 -1.03678600E-03  2.13533840E-02  1.93515000E-04
2001-12-17T03:24:07.284  8.08527000E-04  2.23152510E-02 -5.08493000E-04
2001-12-17T03:24:08.284 -5.43566000E-04  2.14542650E-02  1.28418300E-03
2001-12-17T03:24:09.296 -5.46687000E-04  2.02556220E-02  1.46088900E-03
2001-12-17T03:24:10.284  1.70265800E-03  2.35329210E-02  6.54306000E-04
2001-12-17T03:24:11.284 -1.24305500E-03  2.16255770E-02 -1.81270000E-04
2001-12-17T03:24:12.284 -4.06225000E-04  2.25613120E-02  1.23937700E-03
2001-12-17T03:24:13.288 -7.59170000E-05  2.39651990E-02 -2.97155000E-04
2001-12-17T03:24:14.284 -1.06521700E-03  2.40036580E-02  4.66188000E-04
2001-12-17T03:24:15.288 -1.53905000E-03  2.39181590E-02  6.28800000E-05
2001-12-17T03:24:16.284  1.16527200E-03  2.62411030E-02 -5.46890000E-05
2001-12-17T03:24:17.280  2.03281800E-03  2.52348860E-02  3.25320000E-05
2001-12-17T03:24:18.284  1.38781100E-03  2.49414500E-02  1.13181200E-03
2001-12-17T03:24:19.288 -2.88300000E-05  2.45020050E-02 -3.73277000E-04
2001-12-17T03:24:20.288  5.78148000E-04  2.42347750E-02  1.10120200E-03
2001-12-17T03:24:21.284  1.86458000E-04  2.54177380E-02  8.06174000E-04
2001-12-17T03:24:22.284  1.06293000E-04  2.36352780E-02 -6.03115000E-04
2001-12-17T03:24:23.284  5.34005000E-04  2.41557750E-02  1.47088200E-03
2001-12-17T03:24:24.284  1.19156000E-04  2.82818320E-02  1.06150600E-03
2001-12-17T03:24:25.296 -2.62028000E-04  2.60923860E-02  5.59893000E-04
2001-12-17T03:24:26.284 -1.74975500E-03  2.59783060E-02  8.02620000E-04
2001-12-17T03:24:27.284 -3.73858000E-04  2.69147360E-02  1.05485000E-03
2001-12-17T03:24:28.284  1.28775000E-04  2.72041150E-02  5.42055000E-04
2001-12-17T03:24:29.284  5.12654000E-04  2.60603950E-02  1.06999100E-03
2001-12-17T03:24:30.284 -2.65602000E-04  2.46819440E-02  1.17011300E-03
2001-12-17T03:24:31.288 -1.01606500E-03  2.44459510E-02  3.51696000E-04
2001-12-17T03:24:32.284  8.85922000E-04  2.67680770E-02  7.42233000E-04
2001-12-17T03:24:33.280 -4.59830000E-05  2.47729680E-02  1.02686000E-04
2001-12-17T03:24:34.284 -1.58900000E-05  2.39034970E-02 -7.33893000E-04
2001-12-17T03:24:35.284 -4.76503000E-04  2.54427850E-02  8.05706000E-04
2001-12-17T03:24:36.284 -3.37723000E-04  2.42761080E-02  5.90560000E-05
2001-12-17T03:24:37.288 -1.02108800E-03  2.38125160E-02 -1.73800000E-04
2001-12-17T03:24:38.284 -2.01336900E-03  2.42664780E-02  5.32635000E-04
2001-12-17T03:24:39.284 -1.14308500E-03  2.35762390E-02 -3.31704000E-04
2001-12-17T03:24:40.284 -1.70968900E-03  2.01938250E-02  3.87750000E-04
2001-12-17T03:24:41.292 -1.09690400E-03  2.17336660E-02  7.47546000E-04
2001-12-17T03:24:42.284 -1.70954000E-04  2.27616000E-02 -2.57091000E-04
2001-12-17T03:24:43.288 -4.59104000E-04  2.06598140E-02 -8.28962000E-04
2001-12-17T03:24:44.284  4.33380000E-05  2.26880310E-02  7.08912000E-04
2001-12-17T03:24:45.284  1.00474100E-03  2.34826800E-02  1.17785300E-03
2001-12-17T03:24:46.284 -1.26677700E-03  2.16649940E-02  9.42620000E-05
2001-12-17T03:24:47.284 -1.32142500E-03  2.29573830E-02  8.93417000E-04
2001-12-17T03:24:48.284 -1.12015000E-04  2.29345710E-02  1.48878000E-04
2001-12-17T03:24:49.284 -3.87793000E-04  2.37735290E-02  6.25740000E-04
2001-12-17T03:24:50.284  1.90744000E-04  2.44650130E-02  1.15902600E-03
2001-12-17T03:24:51.284  7.06095000E-04  2.49016770E-02  7.85344000E-04
2001-12-17T03:24:52.288  4.34787000E-04  2.61261560E-02  1.21234700E-03
2001-12-17T03:24:53.284  5.10977000E-04  2.45412250E-02  1.13730000E-04
2001-12-17T03:24:54.284 -5.26760000E-04  2.46002120E-02  7.85687000E-04
2001-12-17T03:24:55.288 -6.73166000E-04  2.43737600E-02  1.18524300E-03
2001-12-17T03:24:56.284 -7.84903000E-04  2.38329000E-02  6.58156000E-04
2001-12-17T03:24:57.292 -3.00090000E-04  2.33880490E-02  8.89731000E-04
2001-12-17T03:24:58.284  7.63169000E-04  2.50674670E-02 -2.50320000E-04
2001-12-17T03:24:59.284  1.73805000E-04  2.40217500E-02  7.48477000E-04
2001-12-17T03:25:00.284  2.48446000E-04  2.55678850E-02  6.91372000E-04
2001-12-17T03:25:01.284 -1.69612500E-03  2.47493700E-02 -1.50377000E-04
2001-12-17T03:25:02.284 -6.41901000E-04  2.43395860E-02  6.60589000E-04
2001-12-17T03:25:03.284 -1.15489500E-03  2.30612070E-02  1.81569000E-04
2001-12-17T03:25:04.284  6.30049000E-04  2.53826860E-02  1.03877100E-03
2001-12-17T03:25:05.284  1.26414700E-03  2.62618810E-02  1.65365800E-03
2001-12-17T03:25:06.284  7.41354000E-04  2.41602830E-02 -6.09411000E-04
2001-12-17T03:25:07.288  2.49467000E-04  2.60832610E-02  2.81725000E-04
2001-12-17T03:25:08.284 -7.15387000E-04  2.49647330E-02  5.08451000E-04
2001-12-17T03:25:09.284 -8.12714000E-04  2.39885410E-02  6.21703000E-04
2001-12-17T03:25:10.284 -1.44583700E-03  2.44710950E-02  1.07722100E-03
2001-12-17T03:25:11.284  1.34103200E-03  2.60689130E-02  1.05982800E-03
2001-12-17T03:25:12.284 -1.44401100E-03  2.20759230E-02  1.28607200E-03
2001-12-17T03:25:13.292  4.36220000E-05  2.42673590E-02  3.85189000E-04
2001-12-17T03:25:14.284 -4.03139000E-04  2.43637490E-02  1.20789500E-03
2001-12-17T03:25:15.284  7.34888000E-04  2.47764680E-02  4.15118000E-04
2001-12-17T03:25:16.284  1.05482800E-03  2.51085460E-02  1.84259000E-04
2001-12-17T03:25:17.284  5.60741000E-04  2.43929100E-02  3.11986000E-04
2001-12-17T03:25:18.284  1.13347000E-04  2.51291080E-02 -3.96883000E-04
2001-12-17T03:25:19.288 -8.87061000E-04  2.26595680E-02  4.28680000E-04
2001-12-17T03:25:20.284 -8.99571000E-04  2.22131200E-02  1.25800400E-03
2001-12-17T03:25:21.280 -1.00817100E-03  2.26517520E-02  4.17297000E-04
2001-12-17T03:25:22.284  7.05971000E-04  2.36468240E-02  1.13786300E-03
2001-12-17T03:25:23.284 -2.01236000E-04  2.17047610E-02  1.65957000E-04
2001-12-17T03:25:24.288  2.52191000E-04  2.13481840E-02  5.93666000E-04
2001-12-17T03:25:25.292 -8.83707000E-04  2.07087290E-02  1.47236000E-04
2001-12-17T03:25:26.284 -1.16089700E-03  2.03651880E-02  4.36795000E-04
2001-12-17T03:25:27.284 -4.19196000E-04  1.92307400E-02 -7.32034000E-04
2001-12-17T03:25:28.284 -5.21254000E-04  1.99400150E-02 -5.50002000E-04
2001-12-17T03:25:29.292 -9.26780000E-05  1.98098420E-02  1.00970700E-03
2001-12-17T03:25:30.284 -3.25461000E-04  2.00065750E-02  3.43981000E-04
2001-12-17T03:25:31.288 -4.10310000E-05  1.87283030E-02  3.91270000E-05
2001-12-17T03:25:32.284 -8.57020000E-05  1.90990550E-02  8.33157000E-04
2001-12-17T03:25:33.284 -8.43870000E-05  2.00300500E-02  1.20886000E-03
2001-12-17T03:25:34.284 -6.25916000E-04  2.02125520E-02 -6.04546000E-04
2001-12-17T03:25:35.284 -2.30059000E-04  1.97311450E-02  8.96061000E-04
2001-12-17T03:25:36.284 -6.23647000E-04  2.01915090E-02  3.73644000E-04
2001-12-17T03:25:37.284 -1.05159600E-03  1.93287990E-02 -3.97790000E-04
2001-12-17T03:25:38.284 -3.12793000E-04  1.96036040E-02  4.07394000E-04
2001-12-17T03:25:39.284 -6.20198000E-04  2.03203150E-02  8.94076000E-04
2001-12-17T03:25:40.284  2.77834000E-04  1.93097160E-02  8.21403000E-04
2001-12-17T03:25:41.284  1.84723000E-04  2.00969300E-02  3.74979000E-04
2001-12-17T03:25:42.284 -4.25671000E-04  1.83356090E-02  5.49492000E-04
2001-12-17T03:25:43.284  9.18290000E-05  1.82520450E-02 -6.20651000E-04
2001-12-17T03:25:44.284 -1.34580000E-04  1.94822030E-02  9.39185000E-04
2001-12-17T03:25:45.292 -3.17655000E-04  1.88150520E-02  2.42859000E-04
2001-12-17T03:25:46.284 -1.43108400E-03  1.66912400E-02 -9.95000000E-04
2001-12-17T03:25:47.284  2.37573000E-04  1.87027880E-02  8.47626000E-04
2001-12-17T03:25:48.284 -1.12621200E-03  1.57311240E-02 -2.69641000E-04
2001-12-17T03:25:49.288 -1.51839400E-03  1.54055670E-02 -5.02104000E-04
2001-12-17T03:25:50.284  8.86630000E-04  1.66819540E-02  3.58786000E-04
2001-12-17T03:25:51.284  1.09379200E-03  1.59600600E-02 -1.70138000E-04
2001-12-17T03:25:52.284 -1.83383000E-04  1.53748170E-02  5.71570000E-04
2001-12-17T03:25:53.280 -1.88078000E-03  1.28236350E-02  7.77831000E-04
2001-12-17T03:25:54.284 -1.56666000E-03  1.34860320E-02  1.21282300E-03
2001-12-17T03:25:55.288 -1.70721800E-03  1.35470620E-02  2.44846000E-04
2001-12-17T03:25:56.284 -3.41176000E-04  1.41280860E-02  5.43778000E-04
2001-12-17T03:25:57.284  3.03882000E-04  1.52528840E-02  5.06178000E-04
2001-12-17T03:25:58.284  2.93491000E-04  1.50192560E-02  5.66030000E-05
2001-12-17T03:25:59.284 -1.43218600E-03  1.23674500E-02  8.07902000E-04
2001-12-17T03:26:00.284 -1.27807000E-04  1.30644560E-02  1.72429000E-04
2001-12-17T03:26:01.292  1.30091700E-03  1.38608790E-02  1.61081000E-04
2001-12-17T03:26:02.284  1.06927500E-03  1.48571560E-02 -1.83809000E-04
2001-12-17T03:26:03.284 -6.65349000E-04  1.25507110E-02 -4.30736000E-04
2001-12-17T03:26:04.284  4.09198000E-04  1.40332080E-02 -7.12121000E-04
2001-12-17T03:26:05.284 -1.47149800E-03  1.20696580E-02  1.33660700E-03
2001-12-17T03:26:06.284  7.56865000E-04  1.33310240E-02  4.12268000E-04
2001-12-17T03:26:07.288 -1.08134800E-03  1.19957390E-02  2.24011000E-04
2001-12-17T03:26:08.284  9.27277000E-04  1.38127190E-02  8.36392000E-04
2001-12-17T03:26:09.280 -4.54772000E-04  1.16987450E-02  4.03552000E-04
2001-12-17T03:26:10.284  1.19500200E-03  1.31423040E-02  7.04236000E-04
2001-12-17T03:26:11.284  9.39675000E-04  1.28542050E-02  1.00022000E-03
2001-12-17T03:26:12.288 -4.43689000E-04  1.18402150E-02  2.81906000E-04
2001-12-17T03:26:13.288 -6.57171000E-04  1.10969530E-02 -3.10846000E-04
2001-12-17T03:26:14.284 -9.79797000E-04  1.01279170E-02  3.94480000E-04
2001-12-17T03:26:15.284 -1.17166200E-03  9.98431600E-03  1.12745500E-03
2001-12-17T03:26:16.284  8.90346000E-04  1.27450080E-02 -9.95531000E-04
2001-12-17T03:26:17.292  1.09775000E-04  1.07408000E-02  3.68276000E-04
2001-12-17T03:26:18.284  7.31319000E-04  1.19098500E-02  8.86051000E-04
2001-12-17T03:26:19.288  1.22975400E-03  1.22887690E-02 -1.43999600E-03
2001-12-17T03:26:20.284  8.85740000E-05  1.22301660E-02  1.00213900E-03
2001-12-17T03:26:21.284  2.23059000E-04  1.15952680E-02  4.72370000E-04
2001-12-17T03:26:22.284 -1.16008700E-03  1.09931080E-02 -4.26542000E-04
2001-12-17T03:26:23.284 -1.22649300E-03  1.05644960E-02  1.61144300E-03
2001-12-17T03:26:24.284 -1.02585700E-03  1.03941430E-02 -4.00294000E-04
2001-12-17T03:26:25.284 -5.37643000E-04  9.96925300E-03 -1.48460000E-04
2001-12-17T03:26:26.284 -5.36444000E-04  1.01621970E-02  4.37851000E-04
2001-12-17T03:26:27.284  3.29606000E-04  1.05665510E-02  4.17114000E-04
2001-12-17T03:26:28.284  9.01586000E-04  1.03862390E-02  4.63080000E-04
2001-12-17T03:26:29.284  1.00118300E-03  1.11089740E-02  9.31297000E-04
2001-12-17T03:26:30.284 -1.17441300E-03  8.73379900E-03 -2.28070000E-04
2001-12-17T03:26:31.284 -8.12123000E-04  9.60587700E-03  2.26019000E-04
2001-12-17T03:26:32.284  1.01099800E-03  1.00270800E-02 -3.45997000E-04
2001-12-17T03:26:33.292 -5.17109000E-04  9.78318500E-03  7.11529000E-04
2001-12-17T03:26:34.284 -1.04670200E-03  9.30994400E-03 -7.38888000E-04
2001-12-17T03:26:35.284  6.69032000E-04  9.69062100E-03 -2.13448000E-04
2001-12-17T03:26:36.284 -1.43267100E-03  7.68678700E-03  6.72210000E-04
2001-12-17T03:26:37.288  1.08801300E-03  8.66219600E-03 -1.19689600E-03
2001-12-17T03:26:38.284 -3.53138000E-04  8.37453400E-03 -2.11529000E-04
2001-12-17T03:26:39.284 -1.25586900E-03  7.72246300E-03  5.08419000E-04
2001-12-17T03:26:40.284  7.92013000E-04  8.66699800E-03  5.83932000E-04
2001-12-17T03:26:41.280 -5.19457000E-04  8.10639400E-03  9.12016000E-04
2001-12-17T03:26:42.284 -8.75586000E-04  6.55324600E-03  8.54694000E-04
2001-12-17T03:26:43.288 -1.16867300E-03  6.51591300E-03 -8.68330000E-05
2001-12-17T03:26:44.284 -1.06057300E-03  7.09000200E-03  1.01794000E-04
2001-12-17T03:26:45.288 -1.38820100E-03  4.89501100E-03 -2.12423000E-04
2001-12-17T03:26:46.284 -1.49213000E-03  5.81621100E-03  1.36983000E-04
2001-12-17T03:26:47.284 -7.08373000E-04  5.75909900E-03 -2.53330000E-05
2001-12-17T03:26:48.284 -8.94881000E-04  4.66126300E-03  2.06608900E-03
2001-12-17T03:26:49.292 -8.24748000E-04  5.60968900E-03 -2.29179000E-04
2001-12-17T03:26:50.284 -3.27630000E-04  6.02853200E-03  4.39809000E-04
2001-12-17T03:26:51.284 -1.18331000E-03  6.74896800E-03  1.21724900E-03
2001-12-17T03:26:52.284  3.36224000E-04  6.19647000E-03  5.12179000E-04
2001-12-17T03:26:53.284  3.25830000E-04  5.95271800E-03 -2.45242000E-04
2001-12-17T03:26:54.284  1.19317500E-03  5.63538900E-03  7.79985000E-04
2001-12-17T03:26:55.288  1.68190000E-05  4.12821000E-03 -5.74690000E-04
2001-12-17T03:26:56.284  1.50716000E-04  4.79208400E-03 -1.43112000E-04
2001-12-17T03:26:57.280 -5.25089000E-04  4.04627200E-03  7.67589000E-04
2001-12-17T03:26:58.284 -6.75320000E-05  3.79119400E-03  6.18702000E-04
2001-12-17T03:26:59.284  3.13900000E-04  4.18039200E-03 -2.38973000E-04
2001-12-17T03:27:00.288 -1.10086000E-04  3.47704300E-03  1.12681800E-03
2001-12-17T03:27:01.288  7.59356000E-04  4.50200600E-03  8.10720000E-05
2001-12-17T03:27:02.284 -1.40243400E-03  3.32862700E-03 -8.67854000E-04
2001-12-17T03:27:03.284  5.00110000E-04  5.03445000E-03  3.30608000E-04
2001-12-17T03:27:04.284  2.27320000E-04  3.69294500E-03  5.91812000E-04
2001-12-17T03:27:05.292 -3.84399000E-04  2.57071600E-03 -9.91354000E-04
2001-12-17T03:27:06.284 -9.23996000E-04  2.78981500E-03  1.79410000E-04
2001-12-17T03:27:07.288  1.87240000E-05  2.08470000E-03  1.96591000E-04
2001-12-17T03:27:08.284 -6.32522000E-04  2.93609500E-03  6.24103000E-04
2001-12-17T03:27:09.284  9.80523000E-04  2.85197700E-03  8.39116000E-04
2001-12-17T03:27:10.284  4.50805000E-04  3.95756300E-03 -2.75163000E-04
2001-12-17T03:27:11.284  7.41174000E-04  3.06271900E-03  2.64570000E-05
2001-12-17T03:27:12.284 -1.66371000E-04  2.38941600E-03 -3.37329000E-04
2001-12-17T03:27:13.284 -5.65065000E-04  1.82453500E-03  3.03500000E-05
2001-12-17T03:27:14.284 -1.43721000E-04  2.10271600E-03 -8.98718000E-04
2001-12-17T03:27:15.288 -3.56966000E-04  3.92102300E-03  1.90447000E-04
2001-12-17T03:27:16.284  9.77877000E-04  4.04820900E-03  5.96890000E-04
2001-12-17T03:27:17.284  1.23797000E-04  2.89404300E-03 -3.83539000E-04
2001-12-17T03:27:18.284 -1.24156500E-03  2.59288500E-03  1.92438000E-04
2001-12-17T03:27:19.284 -8.61730000E-04  1.38218300E-03 -7.19110000E-04
2001-12-17T03:27:20.284 -1.33062800E-03  1.61449200E-03  2.12034000E-04
2001-12-17T03:27:21.292 -9.00766000E-04  1.56185800E-03  8.58759000E-04
2001-12-17T03:27:22.284 -4.93900000E-04  1.54453200E-03  7.56050000E-05
2001-12-17T03:27:23.284 -1.40964900E-03  1.76553500E-03 -1.05830000E-05
2001-12-17T03:27:24.284 -6.27279000E-04  3.98291000E-04 -1.27165000E-04
2001-12-17T03:27:25.288  4.81024000E-04  5.82560000E-04  8.66343000E-04
2001-12-17T03:27:26.284  1.12902900E-03  1.21280600E-03  4.29051000E-04
2001-12-17T03:27:27.284 -2.02870000E-05 -3.53023000E-04  6.00904000E-04
2001-12-17T03:27:28.280  6.30110000E-05 -1.57395000E-04 -3.85180000E-04
2001-12-17T03:27:29.280  9.24587000E-04  5.00741000E-04 -1.80096000E-04
2001-12-17T03:27:30.284  1.10594200E-03  6.02698000E-04  5.48905000E-04
2001-12-17T03:27:31.288 -4.33606000E-04 -5.08927000E-04 -3.30063000E-04
2001-12-17T03:27:32.284  2.61780000E-05  1.67800000E-05 -1.29713000E-04
2001-12-17T03:27:33.284  1.31671100E-03  1.44975500E-03 -3.53236000E-04
2001-12-17T03:27:34.284  7.27035000E-04  2.83889600E-03  8.39404000E-04
2001-12-17T03:27:35.284 -9.61496000E-04  5.85776000E-04 -2.67368000E-04
2001-12-17T03:27:36.284 -5.07646000E-04  5.07932000E-04 -5.39527000E-04
2001-12-17T03:27:37.292 -3.05657000E-04  1.41653300E-03  2.35531000E-04
2001-12-17T03:27:38.284  6.72352000E-04  1.07506800E-03  5.48235000E-04
2001-12-17T03:27:39.284  3.04321000E-04  1.60384100E-03 -7.18689000E-04
2001-12-17T03:27:40.284 -6.99874000E-04  1.67855000E-03  1.33900000E-05
2001-12-17T03:27:41.284 -1.56201700E-03  9.50747000E-04 -6.72168000E-04
2001-12-17T03:27:42.284 -4.37230000E-05  1.02859600E-03  4.17133000E-04
2001-12-17T03:27:43.288  9.54888000E-04  1.01725700E-03 -2.69668000E-04
2001-12-17T03:27:44.284  7.77877000E-04  1.24083200E-03  3.60863000E-04
2001-12-17T03:27:45.284 -7.43231000E-04  3.67000000E-07 -1.03555500E-03
2001-12-17T03:27:46.284 -6.50750000E-05  3.37661000E-04  5.54067000E-04
2001-12-17T03:27:47.284  7.50662000E-04  1.65528200E-03  1.68477000E-04
2001-12-17T03:27:48.288  2.18622000E-04  1.50575000E-04  1.22211000E-04
2001-12-17T03:27:49.288 -7.51506000E-04 -9.97250000E-05  2.71961000E-04
2001-12-17T03:27:50.284  1.03203800E-03  9.20666000E-04 -1.05534800E-03
2001-12-17T03:27:51.284 -1.39835000E-04  1.06916500E-03  4.59936000E-04
2001-12-17T03:27:52.284 -1.20977000E-03  1.82053000E-04  1.98113000E-04
2001-12-17T03:27:53.292  7.35104000E-04  1.47944400E-03  5.11927000E-04
2001-12-17T03:27:54.284 -7.90120000E-04  9.88893000E-04 -7.21455000E-04
2001-12-17T03:27:55.288 -3.72914000E-04  1.32367000E-04  1.93836000E-04
2001-12-17T03:27:56.284  1.21560300E-03  1.12932400E-03  8.92409000E-04
2001-12-17T03:27:57.284  4.89200000E-06  2.69447000E-04  1.14352000E-04
2001-12-17T03:27:58.284  4.31251000E-04  3.33295000E-04  9.22238000E-04
2001-12-17T03:27:59.284  1.17976000E-04 -1.55589000E-04  8.75740000E-05
2001-12-17T03:28:00.284 -3.11243000E-04 -5.68036000E-04 -1.61283000E-03
2001-12-17T03:28:01.284  1.11923200E-03  9.63661000E-04 -1.87490000E-05
2001-12-17T03:28:02.284 -1.28656000E-03 -6.26462000E-04 -6.41034000E-04
2001-12-17T03:28:03.284 -2.08731000E-04  9.84671000E-04  7.89930000E-05
2001-12-17T03:28:04.284 -9.18698000E-04  4.85964000E-04  1.17748900E-03
2001-12-17T03:28:05.284 -6.69164000E-04  7.51085000E-04  2.93923000E-04
2001-12-17T03:28:06.284  3.87890000E-05  1.22928000E-03 -3.87175000E-04
2001-12-17T03:28:07.284 -4.22664000E-04 -8.61629000E-04  4.84820000E-05
2001-12-17T03:28:08.284  6.82699000E-04  9.99031000E-04  1.29743000E-04
2001-12-17T03:28:09.292 -1.47089000E-04 -2.66241000E-04 -1.30832900E-03
2001-12-17T03:28:10.284  6.48927000E-04 -3.59031000E-04  4.81287000E-04
2001-12-17T03:28:11.284  7.29998000E-04  1.06687800E-03 -3.90659000E-04
2001-12-17T03:28:12.284 -6.33965000E-04  3.03257000E-04 -1.12276300E-03
2001-12-17T03:28:13.284  5.97126000E-04  1.90307100E-03  9.07525000E-04
2001-12-17T03:28:14.284 -1.55879500E-03  3.11194000E-04  5.35520000E-05
2001-12-17T03:28:15.288  8.15733000E-04  1.42860800E-03 -5.59310000E-05
2001-12-17T03:28:16.280 -1.55036300E-03 -5.05885000E-04  3.25167000E-04
2001-12-17T03:28:17.280  1.36976500E-03  2.43804000E-04 -1.40192000E-04
2001-12-17T03:28:18.284 -5.49691000E-04 -1.21468700E-03  6.06909000E-04
2001-12-17T03:28:19.288  9.56845000E-04  7.97610000E-05  1.14879000E-04
2001-12-17T03:28:20.288 -7.22712000E-04  5.38210000E-04  2.44570000E-05
2001-12-17T03:28:21.284 -3.04515000E-04  6.50874000E-04  1.26228000E-04
2001-12-17T03:28:22.284 -2.65208000E-04  6.46718000E-04  4.07357000E-04
2001-12-17T03:28:23.284 -9.09790000E-05  7.66600000E-06 -3.03266000E-04
2001-12-17T03:28:24.284  5.24232000E-04  5.38400000E-06 -1.01952000E-03
2001-12-17T03:28:25.296 -2.58096000E-04 -9.22158000E-04  1.06531200E-03
2001-12-17T03:28:26.284  1.65657000E-04  3.64279000E-04  4.35584000E-04
2001-12-17T03:28:27.284 -1.16867700E-03 -2.03740000E-04  7.83066000E-04
2001-12-17T03:28:28.284  1.09720000E-04  8.45530000E-04 -3.95446000E-04
2001-12-17T03:28:29.284 -1.57950400E-03  3.07940000E-05  4.63213000E-04
2001-12-17T03:28:30.284  6.30408000E-04  8.14440000E-04  3.80607000E-04
2001-12-17T03:28:31.288 -1.06942800E-03 -1.00088400E-03 -3.36962000E-04
2001-12-17T03:28:32.284  9.81630000E-04  5.92635000E-04  5.62493000E-04
2001-12-17T03:28:33.280 -9.70050000E-04 -5.17692000E-04  7.62150000E-04
2001-12-17T03:28:34.284 -3.79421000E-04  1.16735100E-03 -4.07323000E-04
2001-12-17T03:28:35.284 -1.02491100E-03 -3.24830000E-05  6.65969000E-04
2001-12-17T03:28:36.284 -9.17560000E-05  3.74343000E-04 -5.51682000E-04
2001-12-17T03:28:37.288  9.96686000E-04  3.15266000E-04  2.64448000E-04
2001-12-17T03:28:38.284 -2.62599000E-04 -3.31050000E-05  4.40765000E-04
2001-12-17T03:28:39.284  1.59923000E-04  7.67498000E-04 -8.27131000E-04
2001-12-17T03:28:40.284 -1.09007800E-03  7.12245000E-04  1.18311100E-03
2001-12-17T03:28:41.292 -1.00100300E-03  1.22450000E-04  3.82927000E-04
2001-12-17T03:28:42.284  2.82180000E-05  2.16704000E-04  1.11710000E-05
2001-12-17T03:28:43.288  1.16580600E-03 -6.77070000E-05  3.55264000E-04
2001-12-17T03:28:44.284 -2.62415000E-04 -9.18912000E-04  4.60224000E-04
2001-12-17T03:28:45.284  2.68530000E-05  9.73700000E-06  4.85475000E-04
2001-12-17T03:28:46.284 -1.22383100E-03  5.65560000E-05 -7.26662000E-04
2001-12-17T03:28:47.284  8.69931000E-04  1.44511700E-03  4.70630000E-04
2001-12-17T03:28:48.284 -3.59734000E-04 -7.35461000E-04 -6.97706000E-04
2001-12-17T03:28:49.284  1.13667500E-03 -1.30862000E-04  1.23730400E-03
2001-12-17T03:28:50.284 -6.70721000E-04 -6.42154000E-04 -2.52260000E-04
2001-12-17T03:28:51.284  8.48573000E-04  1.55787600E-03 -1.23898000E-04
2001-12-17T03:28:52.284 -9.88183000E-04  2.11976000E-04  4.53796000E-04
2001-12-17T03:28:53.284  6.42598000E-04  9.20233000E-04 -4.73551000E-04
2001-12-17T03:28:54.284 -4.34200000E-04 -8.00511000E-04  1.25940000E-04
2001-12-17T03:28:55.288  1.44486800E-03  1.46861000E-04 -1.82113200E-03
2001-12-17T03:28:56.284 -9.17211000E-04 -4.78149000E-04  8.29768000E-04
2001-12-17T03:28:57.292  6.45890000E-04  1.53691100E-03  7.00191000E-04
2001-12-17T03:28:58.284 -1.51625300E-03 -5.88760000E-05  4.82000000E-06
2001-12-17T03:28:59.284  9.92014000E-04  8.40274000E-04  7.40628000E-04
2001-12-17T03:29:00.284 -5.89204000E-04 -7.64350000E-04  6.94243000E-04
2001-12-17T03:29:01.284  1.16475700E-03  7.19270000E-04 -9.01014000E-04
2001-12-17T03:29:02.284 -4.85980000E-04 -3.30005000E-04 -1.28443000E-04
2001-12-17T03:29:03.284 -1.44942000E-04  1.29670100E-03  7.00910000E-05
2001-12-17T03:29:04.280 -1.32095400E-03  1.41401000E-04 -3.56395000E-04
2001-12-17T03:29:05.284  4.76807000E-04  7.50856000E-04 -1.59484000E-04
2001-12-17T03:29:06.284 -1.90231000E-04 -7.68103000E-04  1.92356000E-04
2001-12-17T03:29:07.288  6.37801000E-04  4.18398000E-04 -1.33889000E-04
2001-12-17T03:29:08.284 -2.47772000E-04 -1.42938000E-04 -4.09770000E-04
2001-12-17T03:29:09.284 -4.54220000E-05  1.14653300E-03  3.22688000E-04
2001-12-17T03:29:10.284 -9.96031000E-04 -5.38239000E-04 -1.47208000E-04
2001-12-17T03:29:11.284  1.06774400E-03 -4.15770000E-04 -5.25184000E-04
2001-12-17T03:29:12.284 -4.25470000E-04 -1.06858300E-03  1.42038000E-04
2001-12-17T03:29:13.292  6.07095000E-04 -2.53044000E-04  9.09475000E-04
2001-12-17T03:29:14.284 -3.27820000E-04  2.64489000E-04 -3.12613000E-04
2001-12-17T03:29:15.284 -2.96305000E-04  1.02736800E-03 -1.46818000E-04
2001-12-17T03:29:16.284 -7.94121000E-04 -4.11890000E-05  6.44426000E-04
2001-12-17T03:29:17.284  2.86009000E-04 -5.00970000E-05 -9.69997000E-04
2001-12-17T03:29:18.284  3.33088000E-04 -6.15682000E-04 -9.11899000E-04
2001-12-17T03:29:19.288 -1.04470000E-05 -2.64302000E-04  7.05830000E-04
2001-12-17T03:29:20.284 -3.04886000E-04  5.47357000E-04 -8.49712000E-04
2001-12-17T03:29:21.280 -1.48930000E-04  1.83590000E-04 -7.17300000E-06
2001-12-17T03:29:22.284  2.56409000E-04  4.36420000E-05  7.79259000E-04
2001-12-17T03:29:23.284  7.71201000E-04 -7.86119000E-04  8.54330000E-05
2001-12-17T03:29:24.280  7.63269000E-04  2.22899000E-04 -3.97213000E-04
2001-12-17T03:29:25.288 -1.93373000E-04  2.56890000E-05  2.12525200E-03
2001-12-17T03:29:26.284 -5.95717000E-04  6.94531000E-04 -5.40854000E-04
2001-12-17T03:29:27.284 -8.39626000E-04  7.15210000E-04  8.58400000E-05
2001-12-17T03:29:28.284 -2.62581000E-04 -2.97978000E-04  1.21756700E-03
2001-12-17T03:29:29.292  3.83239000E-04 -8.61169000E-04 -5.60671000E-04
2001-12-17T03:29:30.284  3.96675000E-04 -1.96266000E-04 -6.95576000E-04
2001-12-17T03:29:31.288 -4.11803000E-04 -2.30744000E-04  7.69275000E-04
2001-12-17T03:29:32.284  3.11690000E-04  1.25504000E-03 -4.85600000E-06
2001-12-17T03:29:33.284 -8.69865000E-04  5.37423000E-04 -9.06438000E-04
2001-12-17T03:29:34.284  6.92413000E-04 -8.35669000E-04  5.81848000E-04
2001-12-17T03:29:35.284 -6.21640000E-05 -4.00738000E-04  5.77208000E-04
2001-12-17T03:29:36.280  3.98592000E-04  4.85400000E-06 -3.08308000E-04
2001-12-17T03:29:37.284 -9.43825000E-04  2.57823000E-04  1.67796000E-04
2001-12-17T03:29:38.284 -1.13859400E-03  5.28032000E-04  2.49897000E-04
2001-12-17T03:29:39.284 -8.01494000E-04  1.41498000E-04  6.46800000E-05
2001-12-17T03:29:40.280  6.12279000E-04  3.38157000E-04 -3.93440000E-04
2001-12-17T03:29:41.284  6.72470000E-05 -9.71479000E-04  1.10316900E-03
2001-12-17T03:29:42.284  2.36436000E-04  3.82679000E-04 -4.95121000E-04
2001-12-17T03:29:43.284 -7.56042000E-04 -6.53460000E-05 -2.26668000E-04
2001-12-17T03:29:44.284 -1.34881000E-04  1.35831300E-03  8.19880000E-04
2001-12-17T03:29:45.292 -8.45821000E-04 -3.37962000E-04 -1.02709300E-03
2001-12-17T03:29:46.284  6.51596000E-04 -4.27771000E-04 -6.98560000E-05
2001-12-17T03:29:47.284 -6.37802000E-04 -4.62744000E-04  5.71359000E-04
2001-12-17T03:29:48.284 -1.24563000E-04 -1.77637000E-04 -7.27630000E-04
2001-12-17T03:29:49.284 -1.46863600E-03  4.15166000E-04  1.04000000E-04
2001-12-17T03:29:50.284  5.70472000E-04  1.55673200E-03  5.50883000E-04
2001-12-17T03:29:51.284 -4.58764000E-04  1.03682000E-04 -1.06195600E-03
2001-12-17T03:29:52.280 -1.17501000E-04 -2.58235000E-04 -7.65760000E-05
2001-12-17T03:29:53.280  1.48598000E-04 -3.82283000E-04  8.54543000E-04
2001-12-17T03:29:54.284  8.78500000E-05  3.11053000E-04 -2.33310000E-04
2001-12-17T03:29:55.288 -6.75648000E-04  5.61381000E-04 -5.33423000E-04
2001-12-17T03:29:56.280 -2.57265000E-04  6.67877000E-04  6.68790000E-04
2001-12-17T03:29:57.284  3.73200000E-05 -4.59387000E-04  1.44934000E-04
2001-12-17T03:29:58.284  8.20642000E-04 -6.95736000E-04 -5.48744000E-04
2001-12-17T03:29:59.284 -4.24720000E-05  5.73730000E-05  6.59437000E-04
2001-12-17T03:30:00.284 -3.28171000E-04  6.56893000E-04  2.81774000E-04
2001-12-17T03:30:01.292 -6.39003000E-04  5.13790000E-04 -8.49096000E-04
2001-12-17T03:30:02.284  5.94340000E-04  4.50286000E-04  1.10225000E-03
2001-12-17T03:30:03.284  3.50537000E-04 -1.20365200E-03  1.33126600E-03
2001-12-17T03:30:04.284  2.97519000E-04 -1.21480000E-05  5.20970000E-04
2001-12-17T03:30:05.284 -5.62420000E-04 -4.10047000E-04 -6.09350000E-05
2001-12-17T03:30:06.284 -1.58430000E-05  1.15102800E-03  1.69290000E-05
2001-12-17T03:30:07.288 -1.00638300E-03  2.88542000E-04 -7.09127000E-04
2001-12-17T03:30:08.280  1.65992000E-04 -1.56353000E-04  9.56767000E-04
2001-12-17T03:30:09.280 -2.72369000E-04 -4.55351000E-04 -8.23670000E-05
2001-12-17T03:30:10.284  6.63990000E-04 -3.01310000E-05 -3.28083000E-04
2001-12-17T03:30:11.284 -2.24092000E-04  1.77236000E-04  1.34073000E-04
2001-12-17T03:30:12.284 -2.95724000E-04  1.02453300E-03  7.99810000E-04
2001-12-17T03:30:13.288 -7.28427000E-04  4.63999000E-04 -8.87291000E-04
2001-12-17T03:30:14.284  8.10978000E-04  3.57320000E-05 -1.45688000E-04
2001-12-17T03:30:15.284 -2.02620000E-05 -4.79162000E-04  1.16192000E-04
2001-12-17T03:30:16.284 -4.76596000E-04  1.73624000E-04  7.66590000E-05
2001-12-17T03:30:17.292 -1.02603900E-03  3.24111000E-04  7.72434000E-04
2001-12-17T03:30:18.284  1.00230000E-05  1.47557400E-03 -3.10340000E-04
2001-12-17T03:30:19.288 -7.63339000E-04 -2.93556000E-04 -1.08466000E-03
2001-12-17T03:30:20.284  5.09443000E-04  3.32967000E-04  9.40453000E-04
2001-12-17T03:30:21.284 -2.91404000E-04 -8.45990000E-04 -3.63500000E-05
2001-12-17T03:30:22.284  1.26838000E-04 -2.60708000E-04 -4.20009000E-04
2001-12-17T03:30:23.284 -6.72992000E-04 -1.12697000E-04  1.14730400E-03
2001-12-17T03:30:24.280  3.41300000E-06  2.19914000E-04 -9.50020000E-05
2001-12-17T03:30:25.284 -2.22748000E-04 -5.42282000E-04 -6.48340000E-04
2001-12-17T03:30:26.284  9.33826000E-04 -1.58764000E-04 -3.09850000E-05
2001-12-17T03:30:27.284 -4.03837000E-04 -5.45544000E-04  4.63104000E-04
2001-12-17T03:30:28.280  1.63938000E-04  4.21482000E-04 -3.79450000E-04
2001-12-17T03:30:29.284 -8.68544000E-04  1.40579000E-04  9.85874000E-04
2001-12-17T03:30:30.284 -6.27209000E-04  6.46534000E-04  1.41735700E-03
2001-12-17T03:30:31.284 -2.75090000E-04 -1.18073000E-04 -9.98185000E-04
2001-12-17T03:30:32.284  5.59681000E-04 -1.96517000E-04  4.93650000E-05
2001-12-17T03:30:33.292 -1.88506000E-04 -6.20236000E-04 -2.36299000E-04
2001-12-17T03:30:34.284  8.94150000E-05  3.95602000E-04 -6.00431000E-04
2001-12-17T03:30:35.284 -8.59563000E-04  5.19286000E-04 -2.29336000E-04
2001-12-17T03:30:36.284  1.23000000E-05  6.48750000E-04  3.93645000E-04
2001-12-17T03:30:37.284  4.18770000E-05 -4.70166000E-04  5.75150000E-05
2001-12-17T03:30:38.284  3.77497000E-04  1.47604000E-04 -1.01940000E-04
2001-12-17T03:30:39.284 -1.51312000E-04 -5.45435000E-04  1.02933100E-03
2001-12-17T03:30:40.280  1.15804000E-04  1.16994800E-03  2.28087000E-04
2001-12-17T03:30:41.280 -1.15030300E-03  2.23279000E-04 -7.00968000E-04
2001-12-17T03:30:42.284  2.62744000E-04  1.03492000E-04  9.32440000E-05
2001-12-17T03:30:43.288 -1.60700000E-05 -8.45615000E-04 -1.30870800E-03
2001-12-17T03:30:44.280  8.82175000E-04 -2.82300000E-05  3.06573000E-04
2001-12-17T03:30:45.288 -1.17803400E-03 -2.83646000E-04  1.19803200E-03
2001-12-17T03:30:46.284 -7.27947000E-04  5.95053000E-04 -7.33460000E-05
2001-12-17T03:30:47.284 -1.69434700E-03  1.66785000E-04  6.53900000E-06
2001-12-17T03:30:48.284  9.16284000E-04  8.29773000E-04  3.00201000E-04
2001-12-17T03:30:49.292  2.13261000E-03 -2.75518000E-04 -3.10660000E-04
2001-12-17T03:30:50.284  8.32344000E-04  2.09455000E-04 -2.74545000E-04
2001-12-17T03:30:51.284 -4.09739000E-04 -1.76714000E-04  5.15195000E-04
2001-12-17T03:30:52.284  2.23433000E-04  1.07439700E-03  6.29805000E-04
2001-12-17T03:30:53.284 -1.46389500E-03 -1.74825000E-04 -9.50521000E-04
2001-12-17T03:30:54.284  8.82742000E-04  2.54067000E-04  9.27533000E-04
2001-12-17T03:30:55.288 -2.11600000E-04 -1.12961500E-03  4.71975000E-04
2001-12-17T03:30:56.280  7.12571000E-04  4.84214000E-04 -6.90992000E-04
2001-12-17T03:30:57.280 -7.68359000E-04 -2.34473000E-04  4.53856000E-04
2001-12-17T03:30:58.284  1.09411000E-04  1.32197600E-03 -7.54639000E-04
2001-12-17T03:30:59.284 -3.14335000E-04 -4.59910000E-04 -5.12253000E-04
2001-12-17T03:31:00.280  9.12079000E-04  5.93877000E-04 -5.58854000E-04
2001-12-17T03:31:01.288 -1.14035900E-03 -1.51982300E-03  1.52163000E-03
2001-12-17T03:31:02.284  5.16595000E-04  1.20650000E-03 -8.09427000E-04
2001-12-17T03:31:03.284 -1.52119000E-03  1.61520000E-04  4.91918000E-04
2001-12-17T03:31:04.284 -3.70662000E-04  1.24155000E-03  1.20408000E-04
2001-12-17T03:31:05.292 -7.52578000E-04 -9.80562000E-04 -9.24990000E-04
2001-12-17T03:31:06.284  1.05846900E-03  1.86143000E-04  2.40627000E-04
2001-12-17T03:31:07.288  5.42878000E-04 -3.20476000E-04  3.57788000E-04
2001-12-17T03:31:08.284  1.13312000E-04  7.04274000E-04 -5.41306000E-04
2001-12-17T03:31:09.284 -1.49344700E-03 -3.53111000E-04 -1.06099000E-03
2001-12-17T03:31:10.284  1.00530000E-04  8.99394000E-04  3.89487000E-04
2001-12-17T03:31:11.284 -3.51523000E-04 -3.84973000E-04  4.19703000E-04
2001-12-17T03:31:12.284  1.19930900E-03 -1.77898000E-04 -9.34534000E-04
2001-12-17T03:31:13.284 -2.78654000E-04 -6.88420000E-05  2.50430000E-05
2001-12-17T03:31:14.284  3.96779000E-04  8.05144000E-04 -7.58848000E-04
2001-12-17T03:31:15.288 -9.44617000E-04  2.54404000E-04 -1.76570000E-05
2001-12-17T03:31:16.280  4.70076000E-04  1.02521900E-03  7.03800000E-04
2001-12-17T03:31:17.284  1.38432000E-04 -9.11370000E-04 -4.03496000E-04
2001-12-17T03:31:18.284  8.47668000E-04  3.58222000E-04 -4.86226000E-04
2001-12-17T03:31:19.284 -1.15154700E-03 -6.63644000E-04 -3.30344000E-04
2001-12-17T03:31:20.284 -6.20370000E-05  8.05282000E-04  6.04280000E-05
2001-12-17T03:31:21.292 -1.01497700E-03 -7.07160000E-05  6.03100000E-05
2001-12-17T03:31:22.284  5.80970000E-04  2.44450000E-04 -3.44871000E-04
2001-12-17T03:31:23.284 -3.59280000E-05 -9.33961000E-04  3.94460000E-04
2001-12-17T03:31:24.284  7.06111000E-04 -6.21310000E-05 -5.09082000E-04
2001-12-17T03:31:25.288 -9.68934000E-04 -8.11370000E-05  7.87079000E-04
2001-12-17T03:31:26.284 -3.44042000E-04  1.47927100E-03 -1.06100000E-06
2001-12-17T03:31:27.284 -1.16807100E-03 -2.47368000E-04 -7.70998000E-04
2001-12-17T03:31:28.280  5.69507000E-04  4.62651000E-04  1.11759000E-04
2001-12-17T03:31:29.280 -4.43160000E-05 -9.50594000E-04 -2.96403000E-04
2001-12-17T03:31:30.284  7.84161000E-04  1.80807000E-04 -5.90651000E-04
2001-12-17T03:31:31.288 -2.65582000E-04  2.39471000E-04 -5.32682000E-04
2001-12-17T03:31:32.280 -3.64253000E-04  1.35583200E-03  5.04859000E-04
2001-12-17T03:31:33.284 -5.26090000E-04 -1.76995000E-04  6.82550000E-05
2001-12-17T03:31:34.284  5.59974000E-04  5.75330000E-05 -1.51235000E-04
2001-12-17T03:31:35.284 -6.55010000E-05 -9.51821000E-04  1.15956800E-03
2001-12-17T03:31:36.284  5.98395000E-04 -1.04591000E-04 -3.64380000E-04
2001-12-17T03:31:37.292 -9.94058000E-04  4.67030000E-05 -2.50919000E-04
2001-12-17T03:31:38.284 -5.83779000E-04  8.07630000E-04  4.78840000E-05
2001-12-17T03:31:39.284 -8.66428000E-04  1.54949000E-04  1.70772000E-04
2001-12-17T03:31:40.284  4.22254000E-04 -5.06249000E-04 -7.24511000E-04
2001-12-17T03:31:41.284  6.23135000E-04 -8.49424000E-04 -1.47849000E-04
2001-12-17T03:31:42.284  1.38928000E-04  2.79900000E-04  6.09219000E-04
2001-12-17T03:31:43.288 -5.97760000E-04  7.08535000E-04 -7.44400000E-04
2001-12-17T03:31:44.280 -2.26290000E-04  1.18705800E-03  2.83931000E-04
2001-12-17T03:31:45.284 -3.01662000E-04 -3.56717000E-04  5.19225000E-04
2001-12-17T03:31:46.284  2.15681000E-04  2.89101000E-04 -8.86440000E-05
2001-12-17T03:31:47.284  7.25922000E-04 -4.04046000E-04 -6.32009000E-04
2001-12-17T03:31:48.280  2.22105000E-04  1.84076000E-04  1.75340000E-05
2001-12-17T03:31:49.288 -1.70960100E-03 -5.54590000E-05 -3.98453000E-04
2001-12-17T03:31:50.284 -4.58818000E-04  1.07613600E-03  3.40298000E-04
2001-12-17T03:31:51.284  6.90000000E-07 -6.82264000E-04  2.13786000E-04
2001-12-17T03:31:52.284  4.98399000E-04  1.35642000E-04 -1.09312600E-03
2001-12-17T03:31:53.291 -2.23316000E-04 -9.20133000E-04  9.46290000E-04
2001-12-17T03:31:54.284  1.14252000E-04  2.02952000E-04  3.99978000E-04
2001-12-17T03:31:55.288 -7.70553000E-04  9.12644000E-04  1.46133300E-03
2001-12-17T03:31:56.284 -7.87890000E-05  5.22293000E-04 -7.55292000E-04
2001-12-17T03:31:57.284 -2.74151000E-04 -7.19489000E-04 -4.21102000E-04
2001-12-17T03:31:58.284  5.73521000E-04 -2.21040000E-04  7.44619000E-04
2001-12-17T03:31:59.284 -1.12030000E-04 -5.70441000E-04 -7.94393000E-04
2001-12-17T03:32:00.284 -4.34541000E-04  7.26728000E-04  2.09669000E-04
2001-12-17T03:32:01.284 -8.04432000E-04 -2.34638000E-04  1.24142300E-03
2001-12-17T03:32:02.284  2.25791000E-04 -9.46760000E-05 -1.40264000E-04
2001-12-17T03:32:03.284  3.29619000E-04 -4.41087000E-04 -2.36534000E-04
2001-12-17T03:32:04.280  5.41814000E-04 -2.45843000E-04  2.76773000E-04
2001-12-17T03:32:05.284 -9.98805000E-04 -3.53426000E-04  2.71567000E-04
2001-12-17T03:32:06.284 -1.14569000E-04  5.62044000E-04 -4.85224000E-04
2001-12-17T03:32:07.284 -1.22187900E-03  3.29709000E-04  9.50109000E-04
2001-12-17T03:32:08.284  1.69860000E-05  4.29002000E-04 -4.18081000E-04
2001-12-17T03:32:09.291 -5.32150000E-05 -8.41279000E-04 -1.78491000E-04
2001-12-17T03:32:10.284  4.99478000E-04 -4.50047000E-04 -5.41800000E-04
2001-12-17T03:32:11.284  8.84660000E-05  3.41039000E-04  5.72445000E-04
2001-12-17T03:32:12.284 -3.28100000E-05  7.20939000E-04  3.48705000E-04
2001-12-17T03:32:13.284 -3.61382000E-04  1.54727000E-04 -4.70112000E-04
2001-12-17T03:32:14.284  3.27620000E-05  8.34332000E-04  8.88845000E-04
2001-12-17T03:32:15.288  3.71561000E-04  5.00340000E-05 -8.74825000E-04
2001-12-17T03:32:16.280  6.29610000E-04 -3.44719000E-04 -5.90164000E-04
2001-12-17T03:32:17.280 -3.75311000E-04 -1.46227000E-04  1.47406000E-04
2001-12-17T03:32:18.284 -6.19940000E-05  7.17639000E-04  7.35270000E-05
2001-12-17T03:32:19.288 -7.66679000E-04  4.59208000E-04 -5.13683000E-04
2001-12-17T03:32:20.280 -1.42586000E-04  7.47171000E-04  3.82759000E-04
2001-12-17T03:32:21.284  9.79100000E-05 -7.70357000E-04  1.40797000E-04
2001-12-17T03:32:22.284  5.06809000E-04 -2.47042000E-04 -5.57800000E-04
2001-12-17T03:32:23.284 -5.22392000E-04 -5.30535000E-04  2.89144000E-04
2001-12-17T03:32:24.284 -3.63949000E-04  5.67013000E-04  7.02239000E-04
2001-12-17T03:32:25.295 -8.71384000E-04  1.01404900E-03 -1.42455000E-04
2001-12-17T03:32:26.284  3.22564000E-04 -1.41635000E-04 -2.58396000E-04
2001-12-17T03:32:27.284  5.55070000E-05 -3.13703000E-04 -2.02828000E-04
2001-12-17T03:32:28.284  2.24212000E-04 -3.08183000E-04  1.18785000E-04
2001-12-17T03:32:29.284 -7.54470000E-04 -6.44897000E-04  8.62903000E-04
2001-12-17T03:32:30.284  5.84600000E-06  3.40602000E-04  1.19311800E-03
2001-12-17T03:32:31.288 -5.44984000E-04  7.44371000E-04 -4.05247000E-04
2001-12-17T03:32:32.280 -4.09198000E-04  6.08872000E-04  1.44970000E-05
2001-12-17T03:32:33.280  2.85831000E-04 -1.26559000E-04  9.43781000E-04
2001-12-17T03:32:34.284  5.35844000E-04 -4.26767000E-04  7.77544000E-04
2001-12-17T03:32:35.284  4.93278000E-04  4.81615000E-04 -5.05776000E-04
2001-12-17T03:32:36.280 -3.87763000E-04  3.54702000E-04  1.71741000E-04
2001-12-17T03:32:37.288 -8.38027000E-04  2.18184000E-04 -9.90812000E-04
2001-12-17T03:32:38.284  1.37212000E-04  6.56820000E-05 -5.96610000E-04
2001-12-17T03:32:39.284  7.42514000E-04 -6.93752000E-04  2.24844000E-04
2001-12-17T03:32:40.284  1.64379000E-04 -4.09387000E-04 -4.82484000E-04
2001-12-17T03:32:41.291  5.08194000E-04  1.64075000E-04 -2.70143000E-04
2001-12-17T03:32:42.284 -6.53567000E-04  5.91352000E-04 -1.26074000E-04
2001-12-17T03:32:43.288 -9.62199000E-04  7.03934000E-04 -2.28010000E-04
2001-12-17T03:32:44.284 -2.30140000E-05 -3.06797000E-04 -2.39851000E-04
2001-12-17T03:32:45.284  7.57061000E-04 -8.70966000E-04  6.71027000E-04
2001-12-17T03:32:46.284  1.60722000E-04 -1.01557000E-04  1.31620000E-04
2001-12-17T03:32:47.284 -3.87279000E-04  4.77591000E-04 -7.58537000E-04
2001-12-17T03:32:48.280 -8.59106000E-04  6.72019000E-04  9.40035000E-04
2001-12-17T03:32:49.284 -5.10123000E-04  6.00602000E-04 -8.18266000E-04
2001-12-17T03:32:50.284  4.26485000E-04 -8.03544000E-04  6.31300000E-06
2001-12-17T03:32:51.284  6.91879000E-04 -4.44007000E-04 -9.68244000E-04
2001-12-17T03:32:52.280 -1.77354000E-04 -1.77213000E-04  1.55475700E-03
2001-12-17T03:32:53.284 -7.15166000E-04 -3.94908000E-04 -1.72415700E-03
2001-12-17T03:32:54.284 -6.80658000E-04  1.27979300E-03  5.08038000E-04
2001-12-17T03:32:55.287 -6.08894000E-04 -2.05230000E-05  8.65304000E-04
2001-12-17T03:32:56.284  4.14104000E-04 -1.46154000E-04 -3.02531000E-04
2001-12-17T03:32:57.291  5.91970000E-04  4.99869000E-04 -1.09936000E-04
2001-12-17T03:32:58.284  1.13557000E-04 -5.27412000E-04  1.92694400E-03
2001-12-17T03:32:59.284 -8.86627000E-04 -1.16484000E-04 -8.15915000E-04
2001-12-17T03:33:00.284 -1.04913600E-03  9.30203000E-04 -5.14390000E-04
2001-12-17T03:33:01.284  6.53826000E-04  3.72414000E-04  1.22556800E-03
2001-12-17T03:33:02.284  1.13162000E-04 -5.86866000E-04 -6.83824000E-04
2001-12-17T03:33:03.284  5.10843000E-04 -2.24227000E-04  5.88489000E-04
2001-12-17T03:33:04.280  7.65350000E-05 -5.14165000E-04 -2.21910000E-04
2001-12-17T03:33:05.284  3.09615000E-04  9.15178000E-04  5.56640000E-05
2001-12-17T03:33:06.284 -6.87700000E-04  4.56078000E-04 -2.02424000E-04
2001-12-17T03:33:07.287 -1.86542000E-04  6.60071000E-04  5.54259000E-04
2001-12-17T03:33:08.280  1.91391000E-04 -2.32706000E-04 -2.96780000E-05
2001-12-17T03:33:09.284  2.74460000E-05 -7.84248000E-04  1.27018000E-04
2001-12-17T03:33:10.284  5.41960000E-05  1.53728000E-04  5.87856000E-04
2001-12-17T03:33:11.284 -2.27014000E-04  3.26511000E-04 -1.54746000E-04
2001-12-17T03:33:12.284 -3.31066000E-04  7.47875000E-04 -4.86489000E-04
2001-12-17T03:33:13.291 -9.05777000E-04  1.83576000E-04  9.84580000E-05
2001-12-17T03:33:14.284  1.23037000E-04  4.56259000E-04  3.58601000E-04
2001-12-17T03:33:15.284 -4.30685000E-04 -6.25849000E-04  3.96238000E-04
2001-12-17T03:33:16.284  7.82555000E-04 -2.55441000E-04  3.17645000E-04
2001-12-17T03:33:17.284 -8.39787000E-04 -2.82602000E-04  5.62941000E-04
2001-12-17T03:33:18.284 -4.27169000E-04  1.03523800E-03  6.98621000E-04
2001-12-17T03:33:19.287 -9.79046000E-04  3.26685000E-04 -5.70930000E-04
2001-12-17T03:33:20.284 -2.88057000E-04  7.95845000E-04  6.91464000E-04
2001-12-17T03:33:21.280 -3.78542000E-04 -6.29293000E-04  1.28393000E-04
2001-12-17T03:33:22.284  9.17992000E-04 -2.64634000E-04 -6.93339000E-04
2001-12-17T03:33:23.284 -8.25097000E-04 -2.46389000E-04 -8.97500000E-05
2001-12-17T03:33:24.280 -3.65277000E-04  7.32591000E-04  5.91788000E-04
2001-12-17T03:33:25.287 -6.79327000E-04  2.87566000E-04  2.68311000E-04
2001-12-17T03:33:26.284 -4.10624000E-04  4.61333000E-04  1.90602400E-03
2001-12-17T03:33:27.284  3.03432000E-04 -6.51437000E-04 -1.65296000E-04
2001-12-17T03:33:28.284  3.51343000E-04  3.32630000E-05  2.79092000E-04
2001-12-17T03:33:29.291 -7.02219000E-04 -5.99517000E-04  3.40270000E-05
2001-12-17T03:33:30.284 -2.43633000E-04  8.13325000E-04  3.13823000E-04
2001-12-17T03:33:31.287 -1.07471600E-03 -2.95703000E-04 -2.61096000E-04
2001-12-17T03:33:32.284  4.39483000E-04 -6.82240000E-05  9.72566000E-04
2001-12-17T03:33:33.284 -1.03397000E-04 -4.24096000E-04 -1.41944000E-04
2001-12-17T03:33:34.284  4.67967000E-04 -4.42263000E-04 -8.64952000E-04
2001-12-17T03:33:35.284 -6.71538000E-04  1.88513000E-04  1.18527000E-03
2001-12-17T03:33:36.280 -4.72507000E-04  9.33381000E-04 -1.55476000E-04
2001-12-17T03:33:37.284 -4.51419000E-04  6.48791000E-04  4.85190000E-05
2001-12-17T03:33:38.284  2.78006000E-04 -1.01829000E-04  3.94303000E-04
2001-12-17T03:33:39.284  5.22086000E-04 -8.95338000E-04 -2.99091000E-04
2001-12-17T03:33:40.280  2.97164000E-04 -2.99832000E-04  6.65610000E-05
2001-12-17T03:33:41.284 -5.23011000E-04  1.15255000E-04 -4.41737000E-04
2001-12-17T03:33:42.284 -6.14518000E-04  6.07044000E-04  1.02694300E-03
2001-12-17T03:33:43.284 -7.11040000E-05  5.55036000E-04  6.19433000E-04
2001-12-17T03:33:44.284 -2.58690000E-05  3.82016000E-04 -3.45640000E-04
