2001-12-31T07:31:46.015  1.13081500E-03  3.48767000E-04  6.76248000E-04
2001-12-31T07:31:47.007  7.84190000E-05 -7.99949000E-04 -4.30500000E-05
2001-12-31T07:31:48.007  6.63875000E-04  3.09271000E-04 -1.22027600E-03
2001-12-31T07:31:49.011 -7.50464000E-04  5.36286000E-04  1.51004000E-03
2001-12-31T07:31:50.011  1.99059000E-04 -3.38103000E-04 -3.41525000E-04
2001-12-31T07:31:51.011  9.98560000E-05 -1.43013000E-04 -1.07478000E-04
2001-12-31T07:31:52.011  1.00290600E-03  1.58468000E-04 -3.41991000E-04
2001-12-31T07:31:53.011 -4.20462000E-04 -2.21365000E-04  5.00938000E-04
2001-12-31T07:31:54.007  5.03929000E-04  6.01620000E-05 -1.02996200E-03
2001-12-31T07:31:55.011 -1.03787800E-03  8.96502000E-04  1.16887600E-03
2001-12-31T07:31:56.011  3.44650000E-04  6.25240000E-05 -5.43948000E-04
2001-12-31T07:31:57.011  3.05682000E-04 -1.87781000E-04  5.42930000E-04
2001-12-31T07:31:58.007  3.60673000E-04 -2.48832000E-04 -1.22500000E-04
2001-12-31T07:31:59.011 -4.79756000E-04  3.84009000E-04  1.37450800E-03
2001-12-31T07:32:00.007 -7.34253000E-04  1.20630000E-05 -1.66885000E-03
2001-12-31T07:32:01.011 -2.55613000E-04  3.74600000E-05  1.10803700E-03
2001-12-31T07:32:02.015  5.05789000E-04 -3.90207000E-04 -3.68230000E-04
2001-12-31T07:32:03.011  5.53731000E-04 -5.63277000E-04  2.74412000E-04
2001-12-31T07:32:04.007 -4.20000000E-08  3.84136000E-04 -1.19660000E-04
2001-12-31T07:32:05.011 -4.83599000E-04  7.65641000E-04  2.09238000E-04
2001-12-31T07:32:06.011  1.44089000E-04 -1.96775000E-04 -1.10506100E-03
2001-12-31T07:32:07.011  4.39955000E-04 -6.07835000E-04 -2.20196000E-04
2001-12-31T07:32:08.011  4.72635000E-04 -3.78902000E-04 -1.57100000E-05
2001-12-31T07:32:09.011  7.59470000E-05  1.74753000E-04  5.53200000E-04
2001-12-31T07:32:10.007 -2.84777000E-04  1.10735100E-03 -7.12582000E-04
2001-12-31T07:32:11.011 -2.16291000E-04  5.03165000E-04 -1.70908000E-04
2001-12-31T07:32:12.011  1.46620000E-05  1.20572000E-04  2.82476000E-04
2001-12-31T07:32:13.011  7.02697000E-04 -6.98934000E-04  3.99279000E-04
2001-12-31T07:32:14.007  7.91520000E-05 -1.37596000E-04 -1.15708800E-03
2001-12-31T07:32:15.011 -3.85719000E-04  8.78154000E-04  7.06499000E-04
2001-12-31T07:32:16.007 -5.84381000E-04  1.14901000E-04 -7.71080000E-04
2001-12-31T07:32:17.011  8.77830000E-05  1.29431000E-04 -6.55430000E-05
2001-12-31T07:32:18.015 -6.84759000E-04 -7.74282000E-04 -2.59040000E-04
2001-12-31T07:32:19.007  7.95228000E-04  3.09647000E-04  2.39622000E-04
2001-12-31T07:32:20.007 -8.29114000E-04 -1.79910000E-05 -1.21463200E-03
2001-12-31T07:32:21.011 -4.59012000E-04  1.24818900E-03  3.44143000E-04
2001-12-31T07:32:22.011  6.58648000E-04 -2.93836000E-04 -4.62689000E-04
2001-12-31T07:32:23.011  7.91268000E-04 -4.71203000E-04  6.91726000E-04
2001-12-31T07:32:24.011  2.83789000E-04 -7.88330000E-05 -1.63457000E-03
2001-12-31T07:32:25.011  1.52239000E-04  1.37444000E-04  1.18697000E-03
2001-12-31T07:32:26.007 -1.30662000E-03  2.50156000E-04 -9.11520000E-04
2001-12-31T07:32:27.011  1.24186000E-04  5.24094000E-04 -2.90730000E-05
2001-12-31T07:32:28.011 -1.47610000E-05 -4.38536000E-04  4.38616000E-04
2001-12-31T07:32:29.011  7.55187000E-04 -9.71130000E-05 -7.12624000E-04
2001-12-31T07:32:30.007 -5.87610000E-04 -5.44410000E-04 -3.48066000E-04
2001-12-31T07:32:31.011  2.60775000E-04  8.68314000E-04  1.55699900E-03
2001-12-31T07:32:32.007 -1.48583900E-03 -3.49997000E-04 -1.23621400E-03
2001-12-31T07:32:33.011  7.22776000E-04  4.51924000E-04  8.01163000E-04
2001-12-31T07:32:34.015  5.50733000E-04 -2.15113000E-04 -7.79721000E-04
2001-12-31T07:32:35.007  7.31960000E-04  7.29440000E-05  3.93511000E-04
2001-12-31T07:32:36.007 -4.38289000E-04  3.94110000E-05 -2.22485000E-04
2001-12-31T07:32:37.011  2.55120000E-05  5.39831000E-04  5.36557000E-04
2001-12-31T07:32:38.011 -3.15392000E-04 -9.83630000E-04 -1.39884400E-03
2001-12-31T07:32:39.011  6.64096000E-04 -1.68113000E-04 -6.71773000E-04
2001-12-31T07:32:40.011  3.13154000E-04 -4.85631000E-04  4.84125000E-04
2001-12-31T07:32:41.011  2.20841000E-04 -1.59109000E-04 -2.83795000E-04
2001-12-31T07:32:42.007 -2.44599000E-04  6.72930000E-04 -4.50460000E-04
2001-12-31T07:32:43.011  1.03226000E-04  7.21832000E-04  1.41490400E-03
2001-12-31T07:32:44.011 -3.85853000E-04 -2.43371000E-04 -1.27061700E-03
2001-12-31T07:32:45.011  7.40080000E-04 -7.24725000E-04  6.95361000E-04
2001-12-31T07:32:46.007 -5.19115000E-04  1.20527000E-04 -2.71828000E-04
2001-12-31T07:32:47.011 -2.07139000E-04  2.22507000E-04  6.87320000E-04
2001-12-31T07:32:48.007 -6.17990000E-04 -5.88070000E-05 -9.27466000E-04
2001-12-31T07:32:49.011  6.57115000E-04 -2.61065000E-04  3.04050000E-05
2001-12-31T07:32:50.015  4.63772000E-04 -5.99230000E-04 -1.03474400E-03
2001-12-31T07:32:51.007  7.34794000E-04  1.40262000E-04  2.29816000E-04
2001-12-31T07:32:52.007 -1.54526200E-03 -2.98720000E-04 -3.91270000E-04
2001-12-31T07:32:53.011  3.42404000E-04  6.43143000E-04 -9.15220000E-05
2001-12-31T07:32:54.011 -2.72671000E-04 -4.95449000E-04 -4.20870000E-04
2001-12-31T07:32:55.015  1.41414800E-03 -5.46710000E-04  4.25901000E-04
2001-12-31T07:32:56.011 -5.08915000E-04 -9.32270000E-04 -8.47970000E-05
2001-12-31T07:32:57.011  4.21754000E-04  3.90814000E-04  3.63820000E-04
2001-12-31T07:32:58.007 -9.05291000E-04  2.58990000E-04 -5.89247000E-04
2001-12-31T07:32:59.011  4.88601000E-04  5.47157000E-04  5.17860000E-05
2001-12-31T07:33:00.011 -4.38710000E-05 -7.76194000E-04 -7.25623000E-04
2001-12-31T07:33:01.011  1.00158600E-03  1.15640000E-05  3.13804000E-04
2001-12-31T07:33:02.007 -1.17240200E-03 -1.04992300E-03 -5.96310000E-05
2001-12-31T07:33:03.011  3.69718000E-04  8.83032000E-04  1.40592800E-03
2001-12-31T07:33:04.007 -1.09554900E-03 -5.52275000E-04 -1.33986100E-03
2001-12-31T07:33:05.011  7.35643000E-04  1.10246000E-04  9.78067000E-04
2001-12-31T07:33:06.015  4.64346000E-04 -1.15590100E-03 -2.06017000E-04
2001-12-31T07:33:07.007  6.63385000E-04  3.37947000E-04 -1.50690000E-05
2001-12-31T07:33:08.007 -1.05173000E-03 -2.32420000E-05  1.48752000E-04
2001-12-31T07:33:09.011 -7.35020000E-05  1.05077100E-03 -1.32530000E-05
2001-12-31T07:33:10.011 -1.77850000E-05 -2.78598000E-04 -3.87376000E-04
2001-12-31T07:33:11.011  8.34374000E-04 -4.97981000E-04  7.42902000E-04
2001-12-31T07:33:12.011 -7.28419000E-04 -5.51489000E-04 -4.34772000E-04
2001-12-31T07:33:13.011  3.04317000E-04  6.91283000E-04 -3.65266000E-04
2001-12-31T07:33:14.007 -1.46790000E-03  1.10398000E-04 -1.04283000E-04
2001-12-31T07:33:15.011  5.95850000E-04  2.61334000E-04 -7.56570000E-05
2001-12-31T07:33:16.011 -2.91800000E-05 -7.75497000E-04 -1.26026000E-04
2001-12-31T07:33:17.011  8.47264000E-04  1.65629000E-04  9.77445000E-04
2001-12-31T07:33:18.007 -1.31131400E-03 -6.83436000E-04 -4.60062000E-04
2001-12-31T07:33:19.011 -5.60010000E-05  1.16598400E-03  6.74706000E-04
2001-12-31T07:33:20.007 -6.10459000E-04 -5.41119000E-04 -6.28110000E-05
2001-12-31T07:33:21.011  9.53009000E-04  3.16096000E-04  1.46352000E-04
2001-12-31T07:33:22.015 -6.17459000E-04 -9.65639000E-04 -2.30634000E-04
2001-12-31T07:33:23.011  3.86581000E-04  1.44543200E-03 -3.44625000E-04
2001-12-31T07:33:24.007 -1.31510200E-03 -2.99363000E-04 -4.65970000E-05
2001-12-31T07:33:25.011  5.29119000E-04  5.71609000E-04 -8.16076000E-04
2001-12-31T07:33:26.011 -5.55750000E-04 -1.63635400E-03 -4.62090000E-05
2001-12-31T07:33:27.011  1.09477600E-03  6.58539000E-04 -1.52581000E-04
2001-12-31T07:33:28.011 -1.24039700E-03 -3.04380000E-04 -1.85290000E-04
2001-12-31T07:33:29.011  2.12859000E-04  1.33117000E-03 -1.07456000E-04
2001-12-31T07:33:30.007 -6.23359000E-04 -8.06993000E-04 -4.69092000E-04
2001-12-31T07:33:31.011  8.60741000E-04  2.76330000E-04  1.92612000E-04
2001-12-31T07:33:32.011 -5.45166000E-04 -1.03885200E-03 -5.90570000E-05
2001-12-31T07:33:33.011  5.23638000E-04  5.33587000E-04  8.77010000E-05
2001-12-31T07:33:34.007 -1.27013300E-03  6.64202000E-04 -4.99952000E-04
2001-12-31T07:33:35.011  1.85807000E-04  1.25789000E-03  3.52736000E-04
2001-12-31T07:33:36.007 -3.05366000E-04 -5.86115000E-04  7.22985000E-04
2001-12-31T07:33:37.011  1.10854100E-03  5.77200000E-05 -2.71924000E-04
2001-12-31T07:33:38.015 -9.39222000E-04 -3.62656000E-04  1.33236000E-04
2001-12-31T07:33:39.007  4.46677000E-04  1.07670300E-03  2.20503000E-04
2001-12-31T07:33:40.007 -9.68424000E-04 -6.44640000E-05  8.07400000E-05
2001-12-31T07:33:41.011  6.14813000E-04  6.86763000E-04 -9.26720000E-05
2001-12-31T07:33:42.011 -3.88673000E-04 -1.16521100E-03 -5.33637000E-04
2001-12-31T07:33:43.011  7.59917000E-04  5.60766000E-04 -9.04010000E-05
2001-12-31T07:33:44.011 -1.77385300E-03 -2.72645000E-04  2.90444000E-04
2001-12-31T07:33:45.011  4.57092000E-04  1.00272200E-03 -1.75400000E-05
2001-12-31T07:33:46.007 -6.03922000E-04 -9.45765000E-04  2.76043000E-04
2001-12-31T07:33:47.011  1.15472200E-03 -2.82968000E-04 -1.70457000E-04
2001-12-31T07:33:48.011 -1.15613500E-03 -5.21538000E-04  8.01310000E-05
2001-12-31T07:33:49.011  2.49162000E-04  9.25226000E-04 -4.07041000E-04
2001-12-31T07:33:50.007 -9.85587000E-04 -5.78938000E-04  5.75622000E-04
2001-12-31T07:33:51.011  4.82738000E-04  6.18281000E-04  1.21467000E-04
2001-12-31T07:33:52.007  2.11510000E-05 -1.78512500E-03 -3.36163000E-04
2001-12-31T07:33:53.011  8.38473000E-04  5.28762000E-04  4.79126000E-04
2001-12-31T07:33:54.015 -1.21230600E-03 -4.23396000E-04 -3.61383000E-04
2001-12-31T07:33:55.007 -4.73938000E-04  1.85673500E-03  1.90402000E-04
2001-12-31T07:33:56.007 -1.08380900E-03  2.84240000E-05  2.49584000E-04
2001-12-31T07:33:57.011  1.18546100E-03  5.73000000E-06  4.13325000E-04
2001-12-31T07:33:58.011 -8.17836000E-04 -1.41965200E-03  9.81060000E-05
2001-12-31T07:33:59.011  4.34387000E-04  1.13285500E-03  7.16869000E-04
2001-12-31T07:34:00.011 -1.95902600E-03 -7.71082000E-04 -4.39236000E-04
2001-12-31T07:34:01.011  8.99933000E-04  7.79122000E-04 -1.82693000E-04
2001-12-31T07:34:02.007  7.42400000E-05 -1.25116000E-03 -9.18650000E-05
2001-12-31T07:34:03.011  1.29801200E-03  1.99285000E-04  6.17890000E-05
2001-12-31T07:34:04.011 -9.95570000E-04 -6.64513000E-04 -1.01991500E-03
2001-12-31T07:34:05.011 -8.23980000E-05  1.60310400E-03  8.26471000E-04
2001-12-31T07:34:06.007 -6.45048000E-04 -6.27124000E-04 -9.60752000E-04
2001-12-31T07:34:07.011  1.15269300E-03  2.18100000E-06  3.21722000E-04
2001-12-31T07:34:08.007 -1.82453000E-04 -8.25089000E-04 -3.16537000E-04
2001-12-31T07:34:09.011  6.29326000E-04  8.25751000E-04  7.63751000E-04
2001-12-31T07:34:10.015 -7.63561000E-04 -4.49915000E-04 -6.99241000E-04
2001-12-31T07:34:11.007  5.41975000E-04  1.15772600E-03  5.45289000E-04
2001-12-31T07:34:12.007 -5.61115000E-04 -4.09170000E-05 -1.23308600E-03
2001-12-31T07:34:13.011  8.72446000E-04 -1.17948000E-04  5.00605000E-04
2001-12-31T07:34:14.011 -9.94647000E-04 -4.50192000E-04  1.32420000E-04
2001-12-31T07:34:15.011  5.91290000E-05  1.66036700E-03  2.01363000E-04
2001-12-31T07:34:16.011 -9.83992000E-04 -1.40566000E-04 -1.14001000E-03
2001-12-31T07:34:17.011  1.09611100E-03  3.89363000E-04  6.77892000E-04
2001-12-31T07:34:18.007 -7.18440000E-05 -1.45012500E-03 -8.87281000E-04
2001-12-31T07:34:19.011  4.64711000E-04  8.28541000E-04  6.44006000E-04
2001-12-31T07:34:20.011 -6.16491000E-04  6.97756000E-04 -5.25059000E-04
2001-12-31T07:34:21.007  9.39219000E-04  5.00228000E-04 -2.34143000E-04
2001-12-31T07:34:22.007 -9.13570000E-05 -1.25970300E-03  1.20637400E-03
2001-12-31T07:34:23.011  1.12217000E-03  3.30880000E-04 -3.94526000E-04
2001-12-31T07:34:24.007 -9.37099000E-04 -6.28765000E-04 -7.61210000E-05
2001-12-31T07:34:25.011  1.04138000E-04  1.09412100E-03 -5.36940000E-04
2001-12-31T07:34:26.014 -1.28855800E-03 -2.87815000E-04  5.27226000E-04
2001-12-31T07:34:27.007  8.18035000E-04  9.61404000E-04 -3.11874000E-04
2001-12-31T07:34:28.007 -2.29955000E-04 -1.10678400E-03  1.52468000E-04
2001-12-31T07:34:29.011  7.93214000E-04  3.12602000E-04 -2.88276000E-04
2001-12-31T07:34:30.011 -1.64298800E-03 -4.79925000E-04  1.11821300E-03
2001-12-31T07:34:31.011  3.29410000E-04  1.72531500E-03 -7.13358000E-04
2001-12-31T07:34:32.011 -6.39426000E-04 -8.20126000E-04  5.28682000E-04
2001-12-31T07:34:33.011  1.66869700E-03  2.13449000E-04  1.36221000E-04
2001-12-31T07:34:34.007 -2.20894000E-04 -6.35954000E-04  2.47677000E-04
2001-12-31T07:34:35.011  4.86143000E-04  9.86748000E-04 -3.61112000E-04
2001-12-31T07:34:36.011 -1.22609000E-03 -2.60079000E-04 -2.51770000E-04
2001-12-31T07:34:37.007  8.38360000E-04  5.60802000E-04 -2.47170000E-04
2001-12-31T07:34:38.007 -5.58629000E-04 -3.94706000E-04 -7.74030000E-05
2001-12-31T07:34:39.011  1.33598200E-03  3.12471000E-04  1.92988000E-04
2001-12-31T07:34:40.007 -5.80058000E-04 -2.61322000E-04  7.19732000E-04
2001-12-31T07:34:41.011 -1.12802000E-04  1.63469700E-03  6.87771000E-04
2001-12-31T07:34:42.014 -1.25609500E-03 -2.87317000E-04 -1.91985000E-04
2001-12-31T07:34:43.011  9.89805000E-04  8.06357000E-04  6.96222000E-04
2001-12-31T07:34:44.007 -2.90224000E-04 -1.21158400E-03 -8.86094000E-04
2001-12-31T07:34:45.011  1.01433300E-03  6.35456000E-04  5.30012000E-04
2001-12-31T07:34:46.011 -5.13040000E-04  4.99373000E-04 -6.53850000E-05
2001-12-31T07:34:47.011  5.40823000E-04  1.12672000E-03  4.61929000E-04
2001-12-31T07:34:48.011 -1.26727100E-03 -1.32120200E-03 -4.94705000E-04
2001-12-31T07:34:49.011  9.27142000E-04  3.36777000E-04  9.85569000E-04
2001-12-31T07:34:50.007 -9.12116000E-04 -8.81250000E-04 -8.65390000E-05
2001-12-31T07:34:51.011  5.46811000E-04  1.40962800E-03  1.55220000E-04
2001-12-31T07:34:52.011 -6.01643000E-04 -9.32311000E-04  2.77852000E-04
2001-12-31T07:34:53.011  1.72560300E-03  2.09500000E-04  1.74827000E-04
2001-12-31T07:34:54.007 -5.12999000E-04 -1.40698400E-03 -1.03388000E-04
2001-12-31T07:34:55.011  4.47088000E-04  3.27317000E-04 -7.73026000E-04
2001-12-31T07:34:56.007 -1.74341100E-03 -2.92005000E-04 -3.43939000E-04
2001-12-31T07:34:57.011  5.71053000E-04  1.05366800E-03  4.59820000E-05
2001-12-31T07:34:58.014 -5.69076000E-04 -2.34066000E-04  1.00932000E-04
2001-12-31T07:34:59.007  8.48700000E-04 -3.42659000E-04 -2.57874000E-04
2001-12-31T07:35:00.007 -8.56988000E-04 -7.01590000E-04  5.25107000E-04
2001-12-31T07:35:01.011  4.65533000E-04  1.13787500E-03 -6.59791000E-04
2001-12-31T07:35:02.011 -1.17094900E-03 -5.08335000E-04 -4.31586000E-04
2001-12-31T07:35:03.011  8.58808000E-04 -3.57500000E-05  1.84241000E-04
2001-12-31T07:35:04.011  4.38960000E-05 -1.69676900E-03  2.44831000E-04
2001-12-31T07:35:05.011  1.02675900E-03  7.23692000E-04 -2.43699000E-04
2001-12-31T07:35:06.007 -1.10214000E-03 -5.05357000E-04  2.01262000E-04
2001-12-31T07:35:07.011  1.98672000E-04  1.24906600E-03 -1.14593900E-03
2001-12-31T07:35:08.011 -1.20785800E-03 -5.13584000E-04 -2.05443000E-04
2001-12-31T07:35:09.011  1.54355200E-03  9.02918000E-04 -9.02370000E-05
2001-12-31T07:35:10.007 -3.88609000E-04 -1.10351900E-03 -3.18241000E-04
2001-12-31T07:35:11.011 -1.02370000E-05  4.93662000E-04  5.43280000E-05
2001-12-31T07:35:12.007 -9.08808000E-04 -4.84636000E-04 -4.05635000E-04
2001-12-31T07:35:13.011  6.14400000E-04  9.36460000E-04  1.07228000E-04
2001-12-31T07:35:14.014 -1.99329000E-04 -9.86677000E-04  5.22761000E-04
2001-12-31T07:35:15.007  5.57977000E-04  1.41714000E-04 -3.67368000E-04
2001-12-31T07:35:16.007 -4.97156000E-04 -3.07327000E-04  1.32241000E-04
2001-12-31T07:35:17.011  2.46632000E-04  6.51800000E-04 -1.58673000E-04
2001-12-31T07:35:18.011 -5.96066000E-04 -7.22170000E-05 -1.32968900E-03
2001-12-31T07:35:19.011  9.67363000E-04  1.09264000E-04  4.83680000E-04
2001-12-31T07:35:20.011  1.71665000E-04 -1.08429400E-03 -1.56272000E-04
2001-12-31T07:35:21.011  4.74338000E-04  2.62460000E-04 -1.77235000E-04
2001-12-31T07:35:22.007 -1.02229100E-03 -5.16370000E-05  2.14938000E-04
2001-12-31T07:35:23.010  5.71606000E-04  1.27365300E-03  6.23520000E-05
2001-12-31T07:35:24.010 -8.51703000E-04 -1.23518000E-04 -1.74140000E-04
2001-12-31T07:35:25.010  1.09863800E-03 -3.05500000E-05  5.73343000E-04
2001-12-31T07:35:26.007 -2.85087000E-04 -8.30586000E-04 -5.66520000E-05
2001-12-31T07:35:27.010 -6.67000000E-05  9.51020000E-04  3.39681000E-04
2001-12-31T07:35:28.007 -8.85132000E-04 -2.46292000E-04 -1.40320400E-03
2001-12-31T07:35:29.010 -2.00406000E-04  3.91312000E-04  3.12400000E-06
2001-12-31T07:35:30.014  4.09940000E-05 -1.05730500E-03  2.80760000E-05
2001-12-31T07:35:31.007  6.43520000E-05 -4.39099000E-04  2.46280000E-05
2001-12-31T07:35:32.007 -6.78998000E-04 -1.41273000E-04  4.44209000E-04
2001-12-31T07:35:33.010 -1.31923000E-04  1.44563900E-03  4.86780000E-04
2001-12-31T07:35:34.010 -7.65957000E-04  5.70970000E-05 -2.31405000E-04
2001-12-31T07:35:35.010  1.08183300E-03 -1.42517000E-04  3.56300000E-04
2001-12-31T07:35:36.010 -8.62460000E-05 -9.56351000E-04  8.04965000E-04
2001-12-31T07:35:37.010  1.28305600E-03  8.41731000E-04 -9.19397000E-04
2001-12-31T07:35:38.007 -6.64527000E-04 -1.63330000E-05  9.00889000E-04
2001-12-31T07:35:39.010 -5.25015000E-04  7.84818000E-04 -4.86009000E-04
2001-12-31T07:35:40.010  3.09326000E-04 -3.38741000E-04  5.58584000E-04
2001-12-31T07:35:41.010 -4.92692000E-04 -3.70225000E-04 -3.67988000E-04
2001-12-31T07:35:42.007 -2.75002000E-04 -1.58032000E-04  5.76439000E-04
2001-12-31T07:35:43.010 -6.20153000E-04  8.79284000E-04  6.03125000E-04
2001-12-31T07:35:44.007 -3.42138000E-04  1.63072000E-04  5.58919000E-04
2001-12-31T07:35:45.010  7.36207000E-04 -5.35240000E-05 -1.32960200E-03
2001-12-31T07:35:46.014 -2.03789000E-04 -2.57505000E-04  7.07839000E-04
2001-12-31T07:35:47.007  6.08431000E-04 -3.05410000E-05 -9.84457000E-04
2001-12-31T07:35:48.007 -8.42919000E-04  2.48766000E-04  1.12013400E-03
2001-12-31T07:35:49.010  1.61492000E-04  1.23593700E-03 -7.86667000E-04
2001-12-31T07:35:50.010 -6.32469000E-04  2.33627000E-04  6.89340000E-05
2001-12-31T07:35:51.010  1.07412500E-03  2.56442000E-04 -5.73236000E-04
2001-12-31T07:35:52.010 -1.58480000E-05 -9.55847000E-04 -5.96937000E-04
2001-12-31T07:35:53.010  3.48104000E-04  7.11694000E-04  9.74550000E-05
2001-12-31T07:35:54.007 -1.11583600E-03  2.83163000E-04  5.06813000E-04
2001-12-31T07:35:55.010  4.12322000E-04  8.76453000E-04 -6.47900000E-04
2001-12-31T07:35:56.010  1.13043000E-04 -1.25533200E-03 -4.77215000E-04
2001-12-31T07:35:57.010  3.23488000E-04 -1.28726000E-04  7.64690000E-05
2001-12-31T07:35:58.007 -2.32023000E-04 -2.70274000E-04 -1.59836000E-04
2001-12-31T07:35:59.010  2.22251000E-04  1.04750300E-03  8.18985000E-04
2001-12-31T07:36:00.007 -7.53611000E-04  1.06054000E-04  1.54070000E-04
2001-12-31T07:36:01.010  9.56322000E-04  5.24333000E-04 -7.24763000E-04
2001-12-31T07:36:02.014 -1.73260000E-05 -7.43913000E-04 -9.10180000E-05
2001-12-31T07:36:03.010  4.71387000E-04 -2.38508000E-04  7.97552000E-04
2001-12-31T07:36:04.007 -5.59863000E-04  2.79640000E-05 -2.98880000E-05
2001-12-31T07:36:05.010 -6.70960000E-04  1.00853100E-03  7.36904000E-04
2001-12-31T07:36:06.010 -5.47981000E-04  7.13000000E-05 -7.94967000E-04
2001-12-31T07:36:07.010  1.87137000E-04 -2.58990000E-04 -1.17601000E-04
2001-12-31T07:36:08.010  2.79032000E-04 -6.28295000E-04 -6.84670000E-04
2001-12-31T07:36:09.010  5.77344000E-04  3.23810000E-04  3.32726000E-04
2001-12-31T07:36:10.007 -1.03991700E-03  2.77139000E-04  3.24163000E-04
2001-12-31T07:36:11.010 -1.02170000E-05  6.49652000E-04 -3.03327000E-04
2001-12-31T07:36:12.010  4.38750000E-05 -3.42836000E-04  3.41055000E-04
2001-12-31T07:36:13.010  7.82648000E-04  2.29740000E-05 -6.68149000E-04
2001-12-31T07:36:14.007 -3.78183000E-04 -3.38397000E-04  7.99429000E-04
2001-12-31T07:36:15.010 -8.39760000E-05  1.30312800E-03 -4.77817000E-04
2001-12-31T07:36:16.007 -8.57105000E-04  1.75371000E-04 -1.23051000E-04
2001-12-31T07:36:17.010  1.50227000E-03  7.86324000E-04 -2.71698000E-04
2001-12-31T07:36:18.014  1.08426000E-04 -1.12557700E-03 -2.51214000E-04
2001-12-31T07:36:19.007  1.11097800E-03  5.32188000E-04 -4.44950000E-05
2001-12-31T07:36:20.007 -8.58010000E-04 -2.45965000E-04 -5.22450000E-05
2001-12-31T07:36:21.010  2.94068000E-04  1.80552400E-03  1.17450000E-04
2001-12-31T07:36:22.010 -7.75690000E-04 -5.11368000E-04  3.88241000E-04
2001-12-31T07:36:23.014  1.14415100E-03  4.74900000E-04  6.08800000E-06
2001-12-31T07:36:24.010 -7.49087000E-04 -5.76047000E-04  6.08639000E-04
2001-12-31T07:36:25.010  3.35842000E-04  4.50632000E-04 -3.74421000E-04
2001-12-31T07:36:26.007 -1.61475100E-03  3.53717000E-04  1.28342000E-04
2001-12-31T07:36:27.010  7.09226000E-04  7.86033000E-04  6.89318000E-04
2001-12-31T07:36:28.010 -4.44376000E-04 -1.31062800E-03 -6.86448000E-04
2001-12-31T07:36:29.007  1.17681600E-03  2.84118000E-04  2.37857000E-04
2001-12-31T07:36:30.007 -1.07215200E-03 -5.56785000E-04  1.30076000E-04
2001-12-31T07:36:31.010  1.00694700E-03  1.22285700E-03  3.64135000E-04
2001-12-31T07:36:32.006 -1.47351400E-03 -7.54604000E-04 -4.23315000E-04
2001-12-31T07:36:33.010  1.10437400E-03 -3.93620000E-05 -5.29636000E-04
2001-12-31T07:36:34.014 -3.08325000E-04 -1.01620900E-03 -4.84099000E-04
2001-12-31T07:36:35.006  8.08593000E-04  5.95744000E-04  3.63600000E-05
2001-12-31T07:36:36.006 -1.54242800E-03 -7.45889000E-04  2.01412000E-04
2001-12-31T07:36:37.010 -2.89198000E-04  1.43760400E-03 -2.97313000E-04
2001-12-31T07:36:38.010 -9.13524000E-04 -1.01950000E-03 -1.89056000E-04
2001-12-31T07:36:39.010  6.56968000E-04  3.70584000E-04  3.84870000E-04
2001-12-31T07:36:40.010 -6.29840000E-05 -1.41706500E-03 -6.07790000E-04
2001-12-31T07:36:41.010  8.21052000E-04  5.39387000E-04  6.59672000E-04
2001-12-31T07:36:42.006 -1.19125600E-03 -8.96550000E-05 -7.77400000E-06
2001-12-31T07:36:43.010  2.02733000E-04  1.05649100E-03 -2.92200000E-06
2001-12-31T07:36:44.010 -1.02035200E-03 -5.35169000E-04 -2.72896000E-04
2001-12-31T07:36:45.006  2.87273000E-04  2.65495000E-04  4.19677000E-04
2001-12-31T07:36:46.006 -1.93000000E-07 -5.87045000E-04 -9.19152000E-04
2001-12-31T07:36:47.010  4.74970000E-04  5.95469000E-04 -1.91082000E-04
2001-12-31T07:36:48.006 -8.45273000E-04 -1.21551000E-04 -2.11473000E-04
2001-12-31T07:36:49.010 -6.69680000E-05  2.38254000E-04  7.91093000E-04
2001-12-31T07:36:50.014  5.79067000E-04  2.41542000E-04  1.96807000E-04
2001-12-31T07:36:51.006  7.37970000E-05 -2.31882000E-04 -3.54161000E-04
2001-12-31T07:36:52.006  8.86550000E-04  1.71164000E-04 -3.53163000E-04
2001-12-31T07:36:53.010 -2.71950000E-05 -2.90303000E-04 -9.43292000E-04
2001-12-31T07:36:54.010 -1.45560000E-05  1.06456300E-03  3.07418000E-04
2001-12-31T07:36:55.010 -1.17773800E-03  7.01883000E-04  2.06162000E-04
2001-12-31T07:36:56.010  5.51160000E-04  5.51188000E-04 -2.93961000E-04
2001-12-31T07:36:57.010 -5.13226000E-04 -4.53507000E-04 -5.18913000E-04
2001-12-31T07:36:58.006  1.56734900E-03  6.41802000E-04 -4.02980000E-04
2001-12-31T07:36:59.010 -7.43516000E-04 -7.39174000E-04  1.19099000E-04
2001-12-31T07:37:00.010  4.92841000E-04  1.63428700E-03  3.09695000E-04
2001-12-31T07:37:01.010 -1.43028700E-03 -2.81133000E-04  6.44790000E-05
2001-12-31T07:37:02.006  3.95978000E-04  8.89994000E-04  9.63925000E-04
2001-12-31T07:37:03.010 -7.46356000E-04 -9.93867000E-04 -4.10979000E-04
2001-12-31T07:37:04.006  1.76516900E-03 -3.61342000E-04 -1.67590000E-04
2001-12-31T07:37:05.010 -6.53738000E-04 -2.60177000E-04 -1.22788000E-04
2001-12-31T07:37:06.014 -5.67330000E-05  7.38826000E-04 -6.16370000E-05
2001-12-31T07:37:07.006 -7.90982000E-04  3.78147000E-04 -8.05513000E-04
2001-12-31T07:37:08.006 -5.75731000E-04  7.48765000E-04  6.33610000E-04
2001-12-31T07:37:09.010  6.04243000E-04  2.41303000E-04 -1.15975600E-03
2001-12-31T07:37:10.010  2.64676000E-04 -7.84022000E-04  2.16679000E-04
2001-12-31T07:37:11.010  7.13183000E-04  2.84186000E-04 -3.57820000E-05
2001-12-31T07:37:12.010 -1.77597000E-04 -7.77999000E-04 -2.49880000E-04
2001-12-31T07:37:13.010  1.06153900E-03  1.36470800E-03  7.10064000E-04
2001-12-31T07:37:14.006 -1.21820800E-03 -2.84500000E-04  5.62080000E-05
2001-12-31T07:37:15.010  4.07434000E-04  1.54067000E-03  1.81482000E-04
2001-12-31T07:37:16.010 -1.03649300E-03  4.78841000E-04 -3.58729000E-04
2001-12-31T07:37:17.006  7.55440000E-05  1.12546700E-03  5.87321000E-04
2001-12-31T07:37:18.006 -5.19132000E-04  2.61912000E-04 -1.18744000E-04
2001-12-31T07:37:19.010  3.04189000E-04 -4.08430000E-05  7.58747000E-04
2001-12-31T07:37:20.006  9.24714000E-04  1.67914000E-04 -1.09545500E-03
2001-12-31T07:37:21.010 -3.52528000E-04 -2.07482000E-04  1.38737900E-03
2001-12-31T07:37:22.014  7.25196000E-04  1.02421700E-03 -5.18050000E-04
2001-12-31T07:37:23.010 -1.47782900E-03 -1.06575000E-04  6.31768000E-04
2001-12-31T07:37:24.006 -1.49563000E-04  1.85850400E-03  2.84927000E-04
2001-12-31T07:37:25.010 -4.43866000E-04  3.66225000E-04 -1.40577000E-04
2001-12-31T07:37:26.010  4.09054000E-04  6.10140000E-04 -6.33974000E-04
2001-12-31T07:37:27.010 -1.09870000E-05 -6.91917000E-04  3.16279000E-04
2001-12-31T07:37:28.010  8.42513000E-04 -8.63114000E-04 -7.28343000E-04
2001-12-31T07:37:29.010  7.14249000E-04  4.53235000E-04  1.15307200E-03
2001-12-31T07:37:30.006 -4.79850000E-04 -5.05032000E-04 -9.92615000E-04
2001-12-31T07:37:31.010  7.62338000E-04  1.25400500E-03 -7.28930000E-05
2001-12-31T07:37:32.010 -1.41444200E-03  4.67890000E-05 -4.06400000E-05
2001-12-31T07:37:33.010 -2.74950000E-05  1.32522800E-03  6.39002000E-04
2001-12-31T07:37:34.006  7.48650000E-05  2.21847300E-03 -8.01368000E-04
2001-12-31T07:37:35.010 -9.75756000E-04  2.43406000E-04  4.05130000E-05
2001-12-31T07:37:36.006  8.90232000E-04  1.37611700E-03 -7.86004000E-04
2001-12-31T07:37:37.010 -9.36838000E-04 -1.17666100E-03  7.69554000E-04
2001-12-31T07:37:38.014  6.19851000E-04  5.99116000E-04 -9.59890000E-04
2001-12-31T07:37:39.006  6.86286000E-04  4.37609000E-04 -4.09401000E-04
2001-12-31T07:37:40.006 -9.48530000E-05 -4.22810000E-04  5.66460000E-05
2001-12-31T07:37:41.010  1.62527600E-03  9.23262000E-04 -4.49977000E-04
2001-12-31T07:37:42.010 -4.86662000E-04 -6.72543000E-04 -3.97799000E-04
2001-12-31T07:37:43.014  5.94683000E-04  7.37042000E-04 -3.52964000E-04
2001-12-31T07:37:44.010  5.95490000E-05  1.00964200E-03 -3.66243000E-04
2001-12-31T07:37:45.010 -9.07472000E-04  5.11222000E-04  3.28880000E-05
2001-12-31T07:37:46.006  6.95958000E-04  1.67760600E-03 -4.66577000E-04
2001-12-31T07:37:47.010 -1.60388600E-03  4.86564000E-04 -8.88034000E-04
2001-12-31T07:37:48.010 -3.26190000E-05  1.22807900E-03  2.62342000E-04
2001-12-31T07:37:49.006 -2.27061000E-04  1.23877400E-03 -4.76764000E-04
2001-12-31T07:37:50.006 -1.04317800E-03  1.48415000E-04 -1.27660000E-05
2001-12-31T07:37:51.010  9.04433000E-04  1.70968800E-03 -1.08817700E-03
2001-12-31T07:37:52.006 -7.21496000E-04  4.26019000E-04  6.04820000E-05
2001-12-31T07:37:53.010 -4.67687000E-04  8.11325000E-04  4.55910000E-05
2001-12-31T07:37:54.014  1.32131900E-03  8.18767000E-04  9.00242000E-04
2001-12-31T07:37:55.006 -1.25184000E-03 -6.13090000E-04 -4.71885000E-04
2001-12-31T07:37:56.006  2.12243000E-04  9.54705000E-04  3.33836000E-04
2001-12-31T07:37:57.010  9.60152000E-04  1.06341100E-03 -8.77224000E-04
2001-12-31T07:37:58.010 -8.93193000E-04 -1.24195000E-04  1.04939400E-03
2001-12-31T07:37:59.010  1.08683000E-04  1.43856500E-03 -5.63708000E-04
2001-12-31T07:38:00.010  5.85062000E-04  1.35483900E-03 -4.91386000E-04
2001-12-31T07:38:01.010 -1.07822600E-03 -3.73646000E-04 -7.41754000E-04
2001-12-31T07:38:02.006  1.05240000E-04  1.06264300E-03 -3.85760000E-04
2001-12-31T07:38:03.010  7.00562000E-04  1.30774400E-03 -8.56519000E-04
2001-12-31T07:38:04.010 -1.09498600E-03  3.15419000E-04  6.09373000E-04
2001-12-31T07:38:05.006 -2.68456000E-04  1.37249000E-03 -1.68905000E-04
2001-12-31T07:38:06.006  5.71289000E-04  1.30947200E-03  7.21108000E-04
2001-12-31T07:38:07.010 -1.34573200E-03  1.01338800E-03  1.74520000E-05
2001-12-31T07:38:08.006 -9.99311000E-04  1.46095800E-03  2.49206000E-04
2001-12-31T07:38:09.010  1.14395200E-03  2.05739100E-03 -6.00166000E-04
2001-12-31T07:38:10.014 -7.04159000E-04  9.30563000E-04  1.31142000E-04
2001-12-31T07:38:11.006 -1.11758100E-03  9.08389000E-04 -7.63860000E-05
2001-12-31T07:38:12.006  4.70293000E-04  1.97416500E-03  1.68260000E-05
2001-12-31T07:38:13.010  7.89236000E-04  1.61328100E-03 -3.28446000E-04
2001-12-31T07:38:14.010 -7.66068000E-04  8.59680000E-05  1.41562000E-03
2001-12-31T07:38:15.010  6.24450000E-05  3.59656000E-04  4.90868000E-04
2001-12-31T07:38:16.010  1.35683700E-03  1.14591300E-03  3.28556000E-04
2001-12-31T07:38:17.010  1.13439700E-03  1.25095800E-03  1.09253000E-04
2001-12-31T07:38:18.006 -4.23512000E-04 -3.86544000E-04 -3.88274000E-04
2001-12-31T07:38:19.010  1.96440000E-05  6.41717000E-04  4.19731000E-04
2001-12-31T07:38:20.010  2.33189000E-04  2.01640200E-03 -1.11795100E-03
2001-12-31T07:38:21.006 -6.49037000E-04  1.74223600E-03  4.83406000E-04
2001-12-31T07:38:22.006 -1.52791900E-03  6.67811000E-04  3.81124000E-04
2001-12-31T07:38:23.010 -5.46245000E-04  1.01111000E-03  1.04178600E-03
2001-12-31T07:38:24.006  1.11221600E-03  1.32720800E-03  4.78251000E-04
2001-12-31T07:38:25.010  1.08178500E-03  1.66081300E-03 -1.78360000E-04
2001-12-31T07:38:26.014  2.04627000E-04  1.16711600E-03 -5.89118000E-04
2001-12-31T07:38:27.006 -1.29166500E-03  9.61097000E-04  5.25476000E-04
2001-12-31T07:38:28.006 -6.10784000E-04  1.62961500E-03 -6.17790000E-04
2001-12-31T07:38:29.010  6.16972000E-04  1.39526100E-03  9.73782000E-04
2001-12-31T07:38:30.010  1.24015100E-03  1.70030400E-03 -2.40131000E-04
2001-12-31T07:38:31.010 -3.95967000E-04  1.64370600E-03  8.58000000E-05
2001-12-31T07:38:32.010 -8.22093000E-04  2.13278100E-03 -1.36145000E-04
2001-12-31T07:38:33.010 -1.02956300E-03  6.94121000E-04  1.64023000E-04
2001-12-31T07:38:34.006 -2.88554000E-04  6.72879000E-04 -8.34308000E-04
2001-12-31T07:38:35.010 -8.94372000E-04  2.26832600E-03  1.35979200E-03
2001-12-31T07:38:36.010 -2.73135000E-04  2.26191400E-03  4.00490000E-05
2001-12-31T07:38:37.006  7.86003000E-04  1.41863800E-03  9.82457000E-04
2001-12-31T07:38:38.006  5.58973000E-04  2.58925500E-03  1.30122000E-04
2001-12-31T07:38:39.010  5.26895000E-04  3.05881800E-03 -2.97284000E-04
2001-12-31T07:38:40.006  8.76203000E-04  1.93259500E-03 -1.58176000E-04
2001-12-31T07:38:41.010  4.60121000E-04  2.46756300E-03  1.25805200E-03
2001-12-31T07:38:42.014 -1.47254000E-04  3.05376100E-03 -1.19372000E-04
2001-12-31T07:38:43.010  2.98932000E-04  1.67798700E-03  4.81114000E-04
2001-12-31T07:38:44.006 -3.99896000E-04  2.08399900E-03 -2.18046000E-04
2001-12-31T07:38:45.010  1.55463000E-04  2.87531500E-03 -3.69141000E-04
2001-12-31T07:38:46.010  4.60495000E-04  2.83038800E-03 -7.97594000E-04
2001-12-31T07:38:47.014  6.24403000E-04  3.87067700E-03  2.19369000E-04
2001-12-31T07:38:48.010  5.65582000E-04  3.86815400E-03  1.86035000E-04
2001-12-31T07:38:49.010  1.05593000E-04  2.91188600E-03 -1.81871000E-04
2001-12-31T07:38:50.006 -1.31899200E-03  3.10665400E-03 -2.67228000E-04
2001-12-31T07:38:51.010  3.83280000E-05  4.95256800E-03  9.08699000E-04
2001-12-31T07:38:52.010  3.69177000E-04  3.98288900E-03  1.80413000E-04
2001-12-31T07:38:53.010 -8.35370000E-05  2.77432200E-03  4.60316000E-04
2001-12-31T07:38:54.006  1.16551100E-03  4.67453600E-03  1.17112200E-03
2001-12-31T07:38:55.010 -1.12469300E-03  3.10396300E-03 -5.41424000E-04
2001-12-31T07:38:56.006  1.12719100E-03  4.48883200E-03  7.58332000E-04
2001-12-31T07:38:57.010 -4.69667000E-04  3.65740400E-03 -1.23960000E-04
2001-12-31T07:38:58.014  8.76726000E-04  4.84736500E-03  1.55855000E-04
2001-12-31T07:38:59.006 -7.82163000E-04  2.94812600E-03 -1.45962000E-04
2001-12-31T07:39:00.006  2.81344000E-04  4.97704400E-03  2.90634000E-04
2001-12-31T07:39:01.010 -7.53380000E-05  4.36377000E-03 -9.27265000E-04
2001-12-31T07:39:02.010 -2.30029000E-04  4.02477500E-03  1.33429100E-03
2001-12-31T07:39:03.014  4.18988000E-04  6.52359200E-03 -5.94350000E-04
2001-12-31T07:39:04.010 -7.80706000E-04  5.68393700E-03  1.46934000E-04
2001-12-31T07:39:05.010 -9.80952000E-04  4.24657000E-03  3.88295000E-04
2001-12-31T07:39:06.006  1.06963800E-03  5.61420000E-03 -1.90313000E-04
2001-12-31T07:39:07.010 -5.00447000E-04  5.52148200E-03  4.63900000E-05
2001-12-31T07:39:08.010 -1.17846100E-03  5.06448500E-03 -4.15010000E-05
2001-12-31T07:39:09.010  1.29391000E-04  5.27393600E-03  7.06051000E-04
2001-12-31T07:39:10.006  2.17432000E-04  6.77609400E-03  6.41716000E-04
2001-12-31T07:39:11.010  1.43536000E-03  6.88543700E-03 -1.29575500E-03
2001-12-31T07:39:12.006 -7.01590000E-05  5.61693000E-03  5.59130000E-04
2001-12-31T07:39:13.010 -6.75932000E-04  5.86957000E-03  3.22380000E-04
2001-12-31T07:39:14.014 -6.68309000E-04  4.78169900E-03  3.95432000E-04
2001-12-31T07:39:15.006 -1.09986400E-03  5.56354500E-03  1.09243200E-03
2001-12-31T07:39:16.006 -1.27714300E-03  5.76700500E-03  3.40840000E-04
2001-12-31T07:39:17.010 -9.64822000E-04  5.57577400E-03  9.31800000E-06
2001-12-31T07:39:18.010 -1.42903100E-03  6.10993800E-03 -3.59636000E-04
2001-12-31T07:39:19.010 -1.07058100E-03  5.31343000E-03  8.72749000E-04
2001-12-31T07:39:20.010 -6.27120000E-04  6.57510900E-03  2.94260000E-05
2001-12-31T07:39:21.010 -9.02981000E-04  6.84732800E-03 -6.23491000E-04
2001-12-31T07:39:22.006 -1.09125000E-03  6.79812800E-03 -2.99381000E-04
2001-12-31T07:39:23.010  1.53808200E-03  7.92618800E-03  8.37122000E-04
2001-12-31T07:39:24.010  9.66561000E-04  7.73519000E-03 -5.48367000E-04
2001-12-31T07:39:25.006 -5.84580000E-05  7.71874500E-03  1.03393800E-03
2001-12-31T07:39:26.006 -1.12419000E-03  7.02852400E-03 -2.06100000E-05
2001-12-31T07:39:27.010 -1.82810200E-03  6.29606600E-03  1.56828900E-03
2001-12-31T07:39:28.006 -9.41878000E-04  6.33343900E-03 -6.25110000E-04
2001-12-31T07:39:29.010 -9.09890000E-05  7.80697800E-03  7.04905000E-04
2001-12-31T07:39:30.014  1.11208800E-03  7.96940500E-03 -5.63923000E-04
2001-12-31T07:39:31.006  2.64807000E-04  8.17265900E-03  1.05778300E-03
2001-12-31T07:39:32.006 -3.75366000E-04  7.70997300E-03 -9.76400000E-06
2001-12-31T07:39:33.010 -1.15788500E-03  7.20655700E-03  4.82508000E-04
2001-12-31T07:39:34.010 -6.07172000E-04  5.61270300E-03 -1.80499000E-04
2001-12-31T07:39:35.010 -1.13539700E-03  5.65249100E-03  3.94874000E-04
2001-12-31T07:39:36.010 -1.50860500E-03  6.13873600E-03  8.23752000E-04
2001-12-31T07:39:37.010 -8.83303000E-04  6.21178900E-03 -6.87993000E-04
2001-12-31T07:39:38.006 -1.40955900E-03  5.19356900E-03 -5.62664000E-04
2001-12-31T07:39:39.010 -1.90800600E-03  6.39738800E-03  2.79883000E-04
2001-12-31T07:39:40.010 -4.33897000E-04  5.35100300E-03  4.02648000E-04
2001-12-31T07:39:41.006 -8.48396000E-04  6.14978900E-03 -2.30424000E-04
2001-12-31T07:39:42.006 -1.67508200E-03  6.55347300E-03  2.09330000E-04
2001-12-31T07:39:43.010 -1.44761300E-03  5.22680800E-03 -7.66742000E-04
2001-12-31T07:39:44.006 -6.68733000E-04  6.30027900E-03  7.26857000E-04
2001-12-31T07:39:45.010  1.62712000E-04  8.81564700E-03 -6.14872000E-04
2001-12-31T07:39:46.014  1.18540000E-04  6.49643500E-03  7.47427000E-04
2001-12-31T07:39:47.006 -9.34671000E-04  7.13585400E-03  9.57380000E-04
2001-12-31T07:39:48.006  7.92217000E-04  9.46588400E-03  6.07870000E-05
2001-12-31T07:39:49.010 -7.43592000E-04  8.04553000E-03  4.03045000E-04
2001-12-31T07:39:50.010 -8.74778000E-04  6.81664300E-03 -1.88365000E-04
2001-12-31T07:39:51.010  7.36216000E-04  9.04588300E-03  1.20562900E-03
2001-12-31T07:39:52.010 -9.30857000E-04  8.35250000E-03  4.80930000E-04
2001-12-31T07:39:53.010  5.92576000E-04  1.01384680E-02  9.15505000E-04
2001-12-31T07:39:54.006 -5.94017000E-04  8.79635800E-03  4.91870000E-05
2001-12-31T07:39:55.010 -9.88012000E-04  9.54358600E-03  8.53372000E-04
2001-12-31T07:39:56.010  1.40575000E-03  9.76337900E-03  1.89801000E-04
2001-12-31T07:39:57.010 -1.08448400E-03  9.31586200E-03 -4.33430000E-05
2001-12-31T07:39:58.006 -8.22398000E-04  8.58934700E-03 -5.72710000E-04
2001-12-31T07:39:59.010 -1.05935600E-03  1.04950370E-02  9.46996000E-04
2001-12-31T07:40:00.006 -1.00049200E-03  1.03205530E-02 -8.29176000E-04
2001-12-31T07:40:01.010 -5.88467000E-04  1.03579640E-02  1.18806300E-03
2001-12-31T07:40:02.014 -1.30824300E-03  1.05356070E-02  3.25932000E-04
2001-12-31T07:40:03.010 -1.26472000E-03  9.18486500E-03  5.08943000E-04
2001-12-31T07:40:04.006 -1.50811400E-03  9.68941300E-03  1.86429900E-03
2001-12-31T07:40:05.010 -9.74395000E-04  9.83949800E-03 -1.37198000E-04
2001-12-31T07:40:06.010 -6.66446000E-04  9.37263500E-03 -1.47470000E-04
2001-12-31T07:40:07.010 -1.22726600E-03  1.01222280E-02  8.32156000E-04
2001-12-31T07:40:08.010 -6.37382000E-04  9.66793800E-03  1.31289500E-03
2001-12-31T07:40:09.010 -3.44370000E-05  1.00934720E-02 -3.77213000E-04
2001-12-31T07:40:10.006  5.58938000E-04  1.06251590E-02  6.31191000E-04
2001-12-31T07:40:11.010  1.01799800E-03  1.12324830E-02  1.84077000E-04
2001-12-31T07:40:12.010  1.15104100E-03  1.10460610E-02  1.56161500E-03
2001-12-31T07:40:13.010  4.62410000E-05  1.07942460E-02  3.45005000E-04
2001-12-31T07:40:14.006 -9.90561000E-04  9.26912500E-03  3.85725000E-04
2001-12-31T07:40:15.010 -1.21795500E-03  9.42758800E-03  1.83166000E-04
2001-12-31T07:40:16.006 -5.36265000E-04  9.89246200E-03  1.29649300E-03
2001-12-31T07:40:17.010 -4.96285000E-04  1.06659420E-02  1.87035000E-04
2001-12-31T07:40:18.014  7.13009000E-04  1.05798950E-02  1.17549200E-03
2001-12-31T07:40:19.006  1.08353500E-03  1.11626130E-02  2.39008000E-04
2001-12-31T07:40:20.006  6.77145000E-04  1.16266100E-02  6.07981000E-04
2001-12-31T07:40:21.010  7.84144000E-04  1.12995490E-02  2.43139000E-04
2001-12-31T07:40:22.010  8.52428000E-04  1.14742720E-02 -5.85840000E-05
2001-12-31T07:40:23.014 -7.28411000E-04  1.04482540E-02 -1.81545000E-04
2001-12-31T07:40:24.010 -1.47135100E-03  1.05132610E-02  4.85457000E-04
2001-12-31T07:40:25.010 -1.25085000E-04  1.15628940E-02  5.24231000E-04
2001-12-31T07:40:26.006 -9.71441000E-04  9.64516200E-03  1.15667000E-04
2001-12-31T07:40:27.010  7.88998000E-04  1.28835340E-02  1.44070000E-04
2001-12-31T07:40:28.010  1.07907000E-03  1.25355320E-02  7.60010000E-04
2001-12-31T07:40:29.010  3.29940000E-04  1.07669750E-02  8.45691000E-04
2001-12-31T07:40:30.006 -1.21894800E-03  1.12732780E-02 -5.46813000E-04
2001-12-31T07:40:31.010 -8.58610000E-05  1.35067390E-02  1.23659000E-04
2001-12-31T07:40:32.006 -5.47310000E-04  1.27919790E-02  3.76068000E-04
2001-12-31T07:40:33.010 -1.36650800E-03  1.31219710E-02 -2.50408000E-04
2001-12-31T07:40:34.014 -1.12822600E-03  1.52693390E-02  6.90762000E-04
2001-12-31T07:40:35.006 -1.93871800E-03  1.40005950E-02 -2.72375000E-04
2001-12-31T07:40:36.006 -1.04891600E-03  1.43120340E-02 -2.40439000E-04
2001-12-31T07:40:37.010 -5.53006000E-04  1.53340650E-02  1.34182100E-03
2001-12-31T07:40:38.010  3.27266000E-04  1.63124990E-02 -2.46410000E-05
2001-12-31T07:40:39.010 -1.26387000E-04  1.38760230E-02  9.37239000E-04
2001-12-31T07:40:40.010 -1.07428000E-03  1.39948050E-02  2.96509000E-04
2001-12-31T07:40:41.010 -7.41404000E-04  1.38936960E-02  5.87059000E-04
2001-12-31T07:40:42.006 -1.64418000E-03  1.21664030E-02  3.89005000E-04
2001-12-31T07:40:43.010  2.34965000E-04  1.30102100E-02  2.63285000E-04
2001-12-31T07:40:44.010  6.19549000E-04  1.53149390E-02  6.84850000E-05
2001-12-31T07:40:45.006 -1.03611700E-03  1.13786950E-02  5.86070000E-05
2001-12-31T07:40:46.006  4.43493000E-04  1.38672510E-02 -3.04810000E-05
2001-12-31T07:40:47.010  1.16038500E-03  1.44374740E-02 -4.05457000E-04
2001-12-31T07:40:48.006 -1.47901700E-03  1.29117390E-02 -4.09575000E-04
2001-12-31T07:40:49.010 -2.15917000E-04  1.44660580E-02 -8.48560000E-04
2001-12-31T07:40:50.014  2.38442000E-04  1.55933270E-02  1.72447700E-03
2001-12-31T07:40:51.006  1.04281500E-03  1.56311690E-02 -9.04008000E-04
2001-12-31T07:40:52.006 -9.88580000E-05  1.58010810E-02  1.00792400E-03
2001-12-31T07:40:53.010 -6.95356000E-04  1.59139070E-02 -4.73311000E-04
2001-12-31T07:40:54.010 -2.47325000E-04  1.55413710E-02  9.80666000E-04
2001-12-31T07:40:55.010  9.78173000E-04  1.67816390E-02 -6.01640000E-04
2001-12-31T07:40:56.010 -1.47633700E-03  1.60549260E-02  1.57156200E-03
2001-12-31T07:40:57.010  8.98868000E-04  1.74057730E-02  1.44450000E-04
2001-12-31T07:40:58.006 -7.78557000E-04  1.68123880E-02  7.56004000E-04
2001-12-31T07:40:59.010  9.77070000E-04  1.78487840E-02 -3.36227000E-04
2001-12-31T07:41:00.010 -9.47510000E-04  1.58533880E-02  8.48418000E-04
2001-12-31T07:41:01.006 -3.95120000E-04  1.47140180E-02 -1.58165000E-04
2001-12-31T07:41:02.006  4.81300000E-05  1.47032410E-02 -6.35980000E-05
2001-12-31T07:41:03.010 -4.56001000E-04  1.38924920E-02  8.92589000E-04
2001-12-31T07:41:04.006  3.07503000E-04  1.46677280E-02  3.58029000E-04
2001-12-31T07:41:05.010  4.70567000E-04  1.51481000E-02  7.29940000E-04
2001-12-31T07:41:06.014  1.77289000E-04  1.60211900E-02  2.36468000E-04
2001-12-31T07:41:07.006  8.06104000E-04  1.53722550E-02 -2.96327000E-04
2001-12-31T07:41:08.006  5.83618000E-04  1.32169920E-02  1.66910000E-05
2001-12-31T07:41:09.010  4.37441000E-04  1.33378600E-02  1.11556900E-03
2001-12-31T07:41:10.010 -4.61214000E-04  1.12250580E-02 -6.67367000E-04
2001-12-31T07:41:11.010 -1.59847300E-03  1.20577370E-02  2.71268000E-04
2001-12-31T07:41:12.010  6.99218000E-04  1.27529040E-02  1.80003000E-04
2001-12-31T07:41:13.010  7.91415000E-04  1.18469470E-02  6.87902000E-04
2001-12-31T07:41:14.006  1.24459700E-03  1.21417010E-02 -5.91540000E-05
2001-12-31T07:41:15.010 -3.33006000E-04  8.86158500E-03  2.90151000E-04
2001-12-31T07:41:16.010  1.29748200E-03  7.91812100E-03  2.21414000E-04
2001-12-31T07:41:17.006 -3.01126000E-04  8.30012100E-03  3.56974000E-04
2001-12-31T07:41:18.006 -1.42242100E-03  7.02786700E-03  5.75453000E-04
2001-12-31T07:41:19.010 -5.41675000E-04  1.08919200E-02 -1.76991000E-04
2001-12-31T07:41:20.006 -1.39133000E-03  1.12672980E-02  1.02571700E-03
2001-12-31T07:41:21.010 -7.24035000E-04  1.08505410E-02  1.69939000E-04
2001-12-31T07:41:22.014 -4.58821000E-04  1.10306040E-02  1.61105000E-04
2001-12-31T07:41:23.010  7.58047000E-04  1.07676700E-02  2.80890000E-04
2001-12-31T07:41:24.006 -1.83583100E-03  8.91963800E-03  1.98205000E-04
2001-12-31T07:41:25.010 -8.66690000E-05  9.34650700E-03  8.46343000E-04
2001-12-31T07:41:26.010  4.32330000E-05  8.59424500E-03 -3.57831000E-04
2001-12-31T07:41:27.010 -2.23039000E-04  9.47365400E-03 -1.05569000E-04
2001-12-31T07:41:28.010 -4.01318000E-04  8.82189900E-03  9.09720000E-05
2001-12-31T07:41:29.010 -1.20593500E-03  9.24604500E-03 -2.20962000E-04
2001-12-31T07:41:30.006  5.59243000E-04  1.02978460E-02  9.22019000E-04
2001-12-31T07:41:31.010 -1.96816400E-03  8.24275800E-03 -1.57692000E-04
2001-12-31T07:41:32.010 -2.30956000E-04  9.67875500E-03  7.92715000E-04
2001-12-31T07:41:33.010  1.41422900E-03  9.67792800E-03 -6.99772000E-04
2001-12-31T07:41:34.006  4.39202000E-04  8.48746100E-03  1.77330000E-04
2001-12-31T07:41:35.010 -4.46779000E-04  7.27881000E-03 -5.07500000E-06
2001-12-31T07:41:36.006  1.15375500E-03  9.70441900E-03  1.50176000E-04
2001-12-31T07:41:37.010 -4.65762000E-04  8.61052700E-03  1.09439000E-04
2001-12-31T07:41:38.014  1.91353000E-04  1.03413030E-02  1.79409000E-04
2001-12-31T07:41:39.006  1.02582000E-03  1.08107110E-02  6.73489000E-04
2001-12-31T07:41:40.006 -1.54709000E-04  9.91443900E-03 -9.08500000E-06
2001-12-31T07:41:41.010 -7.47391000E-04  1.03111420E-02  5.42559000E-04
2001-12-31T07:41:42.010  8.45840000E-04  1.20154500E-02  2.84960000E-05
2001-12-31T07:41:43.014  6.04972000E-04  1.22195490E-02  1.95069000E-04
2001-12-31T07:41:44.010 -4.22373000E-04  1.15370420E-02 -2.30251000E-04
2001-12-31T07:41:45.010  6.10183000E-04  1.04706050E-02  1.06107200E-03
2001-12-31T07:41:46.006  1.13013800E-03  1.09855020E-02 -3.20940000E-05
2001-12-31T07:41:47.010  8.65350000E-05  9.41760100E-03  6.94802000E-04
2001-12-31T07:41:48.010 -1.06627700E-03  9.12066900E-03  1.54956000E-04
2001-12-31T07:41:49.006  4.34379000E-04  1.05676720E-02  9.52582000E-04
2001-12-31T07:41:50.006 -3.00013000E-04  8.86596000E-03 -8.65733000E-04
2001-12-31T07:41:51.010 -4.40681000E-04  8.64220700E-03  1.19151300E-03
2001-12-31T07:41:52.006  9.58160000E-04  1.05123080E-02 -6.38546000E-04
2001-12-31T07:41:53.010 -1.02821900E-03  8.58302600E-03  4.57550000E-04
2001-12-31T07:41:54.014  8.35700000E-06  8.96115400E-03 -2.23460000E-04
2001-12-31T07:41:55.006  9.80456000E-04  1.04278600E-02  5.89212000E-04
2001-12-31T07:41:56.006 -1.45873900E-03  9.21481700E-03  1.45422000E-04
2001-12-31T07:41:57.010 -5.64922000E-04  8.38821900E-03  1.67060000E-05
2001-12-31T07:41:58.010  5.05700000E-04  1.00350150E-02  3.97588000E-04
2001-12-31T07:41:59.010 -1.86811100E-03  8.14581600E-03  2.90181000E-04
2001-12-31T07:42:00.010  3.31660000E-04  9.49084900E-03  4.47760000E-05
2001-12-31T07:42:01.010 -1.02973400E-03  7.56062700E-03  7.44278000E-04
2001-12-31T07:42:02.006  6.70876000E-04  8.65720900E-03  1.26606400E-03
2001-12-31T07:42:03.010 -1.28384500E-03  6.54355900E-03 -5.24916000E-04
2001-12-31T07:42:04.010  1.18362800E-03  8.20871900E-03  8.19640000E-04
2001-12-31T07:42:05.006 -8.31970000E-05  7.56853600E-03  1.02385000E-04
2001-12-31T07:42:06.006 -9.77737000E-04  6.54347200E-03  7.22099000E-04
2001-12-31T07:42:07.010  1.42932200E-03  8.58418700E-03 -7.17665000E-04
2001-12-31T07:42:08.006  2.50645000E-04  7.84441200E-03  6.45231000E-04
2001-12-31T07:42:09.010 -1.34803300E-03  7.41894500E-03  7.77370000E-05
2001-12-31T07:42:10.014  4.37469000E-04  9.50068600E-03  7.87191000E-04
2001-12-31T07:42:11.006 -8.18675000E-04  7.70431300E-03 -1.47000000E-04
2001-12-31T07:42:12.006 -1.47447900E-03  7.53864000E-03  1.72490000E-05
2001-12-31T07:42:13.010  1.05549700E-03  9.44253400E-03 -2.28532000E-04
2001-12-31T07:42:14.010 -4.37054000E-04  8.76366600E-03  1.01624100E-03
2001-12-31T07:42:15.010 -1.52138200E-03  7.73331600E-03  3.76371000E-04
2001-12-31T07:42:16.010  5.99768000E-04  1.00030570E-02  2.88290000E-04
2001-12-31T07:42:17.010  1.95497000E-04  8.64826900E-03  1.23375800E-03
2001-12-31T07:42:18.006 -1.10932500E-03  7.15153300E-03 -4.79126000E-04
2001-12-31T07:42:19.010  1.12244000E-03  9.00408200E-03  3.33894000E-04
2001-12-31T07:42:20.010  6.62444000E-04  8.34804400E-03 -8.01460000E-04
2001-12-31T07:42:21.006 -6.31117000E-04  8.25336000E-03  1.35544300E-03
2001-12-31T07:42:22.006 -1.46835700E-03  6.73083500E-03 -8.04550000E-05
2001-12-31T07:42:23.010 -5.89307000E-04  6.84207600E-03  1.14976800E-03
2001-12-31T07:42:24.006  9.16055000E-04  7.46071900E-03 -2.72402000E-04
2001-12-31T07:42:25.010  5.48896000E-04  8.16156700E-03  1.27311800E-03
2001-12-31T07:42:26.014 -1.06758000E-04  7.86606600E-03 -1.35014400E-03
2001-12-31T07:42:27.006 -1.32291400E-03  7.56314000E-03  3.21837000E-04
2001-12-31T07:42:28.006 -1.62342000E-03  6.50669900E-03 -7.17694000E-04
2001-12-31T07:42:29.010 -1.25612700E-03  7.10185800E-03  3.29829000E-04
2001-12-31T07:42:30.010  9.17428000E-04  8.44402500E-03 -4.40090000E-05
2001-12-31T07:42:31.010  7.18414000E-04  7.47685700E-03  8.58531000E-04
2001-12-31T07:42:32.010  9.10552000E-04  6.96153000E-03  6.75836000E-04
2001-12-31T07:42:33.010 -3.24767000E-04  6.78577600E-03 -7.23953000E-04
2001-12-31T07:42:34.006 -9.09443000E-04  6.98628100E-03  6.42672000E-04
2001-12-31T07:42:35.010 -2.43242000E-04  6.02258800E-03  2.04357000E-04
2001-12-31T07:42:36.010 -1.09126700E-03  6.17317900E-03  6.64043000E-04
2001-12-31T07:42:37.006 -1.54950000E-03  6.04291200E-03  2.71719000E-04
2001-12-31T07:42:38.006  1.30084000E-04  5.10411300E-03  1.95350000E-05
2001-12-31T07:42:39.010  5.24468000E-04  6.08904000E-03 -1.36969000E-04
2001-12-31T07:42:40.006  3.06966000E-04  7.15303500E-03  1.81530000E-04
2001-12-31T07:42:41.010  8.85569000E-04  5.75752500E-03 -7.29983000E-04
2001-12-31T07:42:42.014 -8.02788000E-04  5.63895100E-03  7.00249000E-04
2001-12-31T07:42:43.010 -7.88383000E-04  4.94039600E-03  6.41454000E-04
2001-12-31T07:42:44.006 -1.07745900E-03  5.90071100E-03 -5.61993000E-04
2001-12-31T07:42:45.010  1.63247000E-03  6.79694100E-03  5.04387000E-04
2001-12-31T07:42:46.006 -4.18084000E-04  6.65677400E-03  3.83060000E-05
2001-12-31T07:42:47.010 -5.25166000E-04  4.89998200E-03  2.89063000E-04
2001-12-31T07:42:48.010 -1.08911200E-03  5.86562800E-03 -1.44374000E-04
2001-12-31T07:42:49.010 -1.42298500E-03  5.35932400E-03  4.50535000E-04
2001-12-31T07:42:50.006 -5.11848000E-04  4.47239400E-03 -5.55260000E-05
2001-12-31T07:42:51.010 -4.16945000E-04  6.04744000E-03  9.14429000E-04
2001-12-31T07:42:52.010  1.03932100E-03  5.45673000E-03 -5.17194000E-04
2001-12-31T07:42:53.010  1.34841900E-03  5.86805600E-03  3.81562000E-04
2001-12-31T07:42:54.006  1.11849200E-03  8.24858200E-03 -3.01089000E-04
2001-12-31T07:42:55.010  5.82906000E-04  7.13696700E-03  3.91235000E-04
2001-12-31T07:42:56.006  6.50171000E-04  6.64937700E-03  3.29989000E-04
2001-12-31T07:42:57.010 -1.64185000E-04  6.60897100E-03 -2.18756000E-04
2001-12-31T07:42:58.014 -1.27588200E-03  6.30561800E-03 -7.14463000E-04
2001-12-31T07:42:59.006  6.54293000E-04  8.63952500E-03  7.82044000E-04
2001-12-31T07:43:00.006 -1.82931000E-04  8.26000500E-03  2.28105000E-04
2001-12-31T07:43:01.010 -1.85657200E-03  6.75466200E-03  8.20455000E-04
2001-12-31T07:43:02.006  1.13971700E-03  8.81892200E-03  3.91699000E-04
2001-12-31T07:43:03.014 -5.48540000E-05  8.10286600E-03  3.44760000E-04
2001-12-31T07:43:04.010 -7.48942000E-04  6.34803900E-03  9.08015000E-04
2001-12-31T07:43:05.010 -1.09506700E-03  6.25218400E-03 -1.96417000E-04
2001-12-31T07:43:06.006  6.02070000E-04  8.91754400E-03  5.01805000E-04
2001-12-31T07:43:07.010  8.33367000E-04  7.48317900E-03 -1.79398000E-04
2001-12-31T07:43:08.006  1.23290900E-03  6.89262200E-03  4.09668000E-04
2001-12-31T07:43:09.006  5.27855000E-04  7.88919000E-03  5.93977000E-04
2001-12-31T07:43:10.006 -2.74758000E-04  5.23337000E-03 -2.58485000E-04
2001-12-31T07:43:11.010 -1.19218600E-03  4.78211700E-03  3.34751000E-04
2001-12-31T07:43:12.006 -2.95640000E-04  6.17016300E-03  3.88666000E-04
2001-12-31T07:43:13.010  1.05313000E-03  6.30852800E-03 -9.23961000E-04
2001-12-31T07:43:14.014 -1.12847600E-03  3.33148300E-03  9.63775000E-04
2001-12-31T07:43:15.006  4.83380000E-05  5.34641300E-03 -1.82142000E-04
2001-12-31T07:43:16.006 -3.71932000E-04  5.77018600E-03 -7.75299000E-04
2001-12-31T07:43:17.010 -2.10566600E-03  4.20323300E-03 -7.84640000E-05
2001-12-31T07:43:18.006  6.31420000E-05  4.87543300E-03 -3.05567000E-04
2001-12-31T07:43:19.010  1.00215200E-03  5.81642500E-03  1.06388300E-03
2001-12-31T07:43:20.010 -1.26231700E-03  4.43785300E-03  4.95113000E-04
2001-12-31T07:43:21.010 -2.24960000E-04  5.84587700E-03  1.09253400E-03
2001-12-31T07:43:22.006  1.60784000E-04  4.88044400E-03 -3.51855000E-04
2001-12-31T07:43:23.010 -1.24842800E-03  3.99333700E-03  2.67746000E-04
2001-12-31T07:43:24.010 -6.95844000E-04  6.17557900E-03 -4.77430000E-05
2001-12-31T07:43:25.006  3.34380000E-05  5.75041100E-03  3.77624000E-04
2001-12-31T07:43:26.006 -1.08311200E-03  3.90760500E-03 -7.79937000E-04
2001-12-31T07:43:27.010  6.31091000E-04  5.63264400E-03  1.46554000E-04
2001-12-31T07:43:28.006 -3.50031000E-04  5.31705700E-03 -1.39920000E-05
2001-12-31T07:43:29.010 -1.11361300E-03  4.63378600E-03  1.57373100E-03
2001-12-31T07:43:30.014  7.71035000E-04  6.08601900E-03 -4.20356000E-04
2001-12-31T07:43:31.006 -1.02303600E-03  2.92423900E-03  9.37610000E-05
2001-12-31T07:43:32.006  1.16492300E-03  4.60935300E-03  9.25638000E-04
2001-12-31T07:43:33.010 -7.99082000E-04  3.42556800E-03  4.23573000E-04
2001-12-31T07:43:34.006 -3.74430000E-04  3.58873000E-03 -5.79702000E-04
2001-12-31T07:43:35.010  8.19890000E-05  3.97984200E-03 -2.92700000E-04
2001-12-31T07:43:36.010 -6.44998000E-04  4.57162700E-03  1.06761100E-03
2001-12-31T07:43:37.010  5.84906000E-04  3.75187400E-03 -7.52292000E-04
2001-12-31T07:43:38.006 -5.83671000E-04  5.08563500E-03  8.64165000E-04
2001-12-31T07:43:39.010 -5.03305000E-04  4.94107600E-03 -6.77970000E-04
2001-12-31T07:43:40.006 -9.34600000E-06  5.85021400E-03  6.09190000E-04
2001-12-31T07:43:41.006 -5.86574000E-04  4.58321100E-03 -3.56857000E-04
2001-12-31T07:43:42.006 -9.87183000E-04  4.63861000E-03  4.01512000E-04
2001-12-31T07:43:43.010 -1.92507000E-04  5.07218800E-03 -1.42773000E-04
2001-12-31T07:43:44.006 -9.06312000E-04  3.06381400E-03  3.62322000E-04
2001-12-31T07:43:45.010  4.61288000E-04  4.49654200E-03 -2.44072000E-04
2001-12-31T07:43:46.014  6.56039000E-04  3.63786500E-03  6.01156000E-04
2001-12-31T07:43:47.006 -6.54329000E-04  2.41114200E-03 -1.86892000E-04
2001-12-31T07:43:48.006 -4.06425000E-04  4.50923300E-03 -4.60507000E-04
2001-12-31T07:43:49.010  2.08442000E-04  4.57727400E-03  4.19659000E-04
2001-12-31T07:43:50.006 -2.51999000E-04  2.49786100E-03 -9.86610000E-05
2001-12-31T07:43:51.010 -5.90246000E-04  3.06969000E-03  1.08705000E-04
2001-12-31T07:43:52.010  7.31302000E-04  4.92070300E-03  2.64135000E-04
2001-12-31T07:43:53.010  1.77013000E-04  3.53633900E-03  5.70557000E-04
2001-12-31T07:43:54.006 -5.63869000E-04  2.07924000E-03 -7.68531000E-04
2001-12-31T07:43:55.010 -5.42569000E-04  3.34910700E-03 -5.05918000E-04
2001-12-31T07:43:56.006  8.26020000E-04  4.62643800E-03  3.35818000E-04
2001-12-31T07:43:57.006  3.16147000E-04  3.20138700E-03  3.15778000E-04
2001-12-31T07:43:58.006 -8.90227000E-04  2.58443400E-03 -6.98064000E-04
2001-12-31T07:43:59.010 -1.52084500E-03  2.96652600E-03 -1.13697000E-04
2001-12-31T07:44:00.006  1.54404400E-03  3.72442600E-03  2.35190000E-04
2001-12-31T07:44:01.010  2.11579000E-04  4.14747700E-03 -4.47508000E-04
2001-12-31T07:44:02.014 -1.68873000E-04  2.82860200E-03  1.08741500E-03
2001-12-31T07:44:03.010 -4.26161000E-04  2.18128100E-03 -7.32572000E-04
2001-12-31T07:44:04.006 -9.66436000E-04  1.81295900E-03 -7.18517000E-04
2001-12-31T07:44:05.010  2.19134000E-04  2.17212200E-03 -9.01950000E-05
2001-12-31T07:44:06.010  7.83911000E-04  4.06619600E-03  4.83330000E-04
2001-12-31T07:44:07.010  1.17066100E-03  3.44746100E-03  2.58795000E-04
2001-12-31T07:44:08.010  2.82925000E-04  3.67655100E-03  4.45270000E-05
2001-12-31T07:44:09.010  8.06922000E-04  2.58310900E-03 -1.71536000E-04
2001-12-31T07:44:10.006  3.81758000E-04  2.87639800E-03  1.52315000E-04
2001-12-31T07:44:11.010  5.37410000E-05  2.64263900E-03 -2.09856000E-04
2001-12-31T07:44:12.006  4.56288000E-04  1.66956900E-03  7.99934000E-04
2001-12-31T07:44:13.010 -7.14659000E-04  2.89228100E-03  3.94332000E-04
2001-12-31T07:44:14.006 -8.89930000E-05  1.86717900E-03  7.57220000E-05
2001-12-31T07:44:15.010 -1.27643100E-03  2.88479000E-03  6.11183000E-04
2001-12-31T07:44:16.006 -8.72910000E-04  1.44124100E-03 -1.01439000E-04
2001-12-31T07:44:17.010  4.58560000E-05  1.19295600E-03  1.06111300E-03
2001-12-31T07:44:18.014 -1.25787000E-04  2.37860600E-03 -2.55758000E-04
2001-12-31T07:44:19.006  5.86841000E-04  2.43594700E-03 -6.57258000E-04
2001-12-31T07:44:20.006  1.37087600E-03  1.88545400E-03 -3.30873000E-04
2001-12-31T07:44:21.010  1.05980900E-03  2.49994500E-03  3.85116000E-04
2001-12-31T07:44:22.006 -4.61899000E-04  2.77852300E-03 -2.59735000E-04
2001-12-31T07:44:23.014  3.26062000E-04  2.09213700E-03  6.57002000E-04
2001-12-31T07:44:24.010 -1.67793000E-04  9.52390000E-04 -1.34390800E-03
2001-12-31T07:44:25.010 -6.80287000E-04  1.52088800E-03 -8.64190000E-05
2001-12-31T07:44:26.006 -1.41046100E-03  1.44185700E-03 -8.33010000E-05
2001-12-31T07:44:27.010 -7.49915000E-04  3.78843000E-04  1.34146000E-03
2001-12-31T07:44:28.010 -2.28947000E-04  1.12295100E-03 -3.27875000E-04
2001-12-31T07:44:29.006 -1.87270000E-04  2.07380300E-03  1.36718900E-03
2001-12-31T07:44:30.006  9.00320000E-05  3.04288500E-03  8.41400000E-05
2001-12-31T07:44:31.010 -1.19122000E-04  1.64484300E-03  2.18451000E-04
2001-12-31T07:44:32.006  5.61924000E-04  1.50690700E-03 -1.30914100E-03
2001-12-31T07:44:33.010 -9.72444000E-04  1.15854400E-03  6.94534000E-04
2001-12-31T07:44:34.014 -1.58078900E-03  1.53452700E-03 -2.91264000E-04
2001-12-31T07:44:35.006 -8.30688000E-04  1.65599400E-03 -4.73537000E-04
2001-12-31T07:44:36.006  2.48153000E-04  1.37710600E-03  6.27124000E-04
2001-12-31T07:44:37.010  9.63218000E-04  1.72657000E-03  6.86060000E-05
2001-12-31T07:44:38.006  1.26523600E-03  2.26747400E-03 -4.26058000E-04
2001-12-31T07:44:39.010 -6.68652000E-04  2.09547800E-03 -8.53626000E-04
2001-12-31T07:44:40.010 -1.32469400E-03  1.27637400E-03  1.18738000E-04
2001-12-31T07:44:41.010 -5.29246000E-04  9.03323000E-04  5.76280000E-05
2001-12-31T07:44:42.006  9.41571000E-04  1.36241100E-03  4.50843000E-04
2001-12-31T07:44:43.010  6.63382000E-04  2.04441900E-03 -4.03140000E-05
2001-12-31T07:44:44.006  4.52662000E-04  1.32920200E-03  6.03763000E-04
2001-12-31T07:44:45.006 -7.58314000E-04  9.76872000E-04  3.80176000E-04
2001-12-31T07:44:46.006 -7.74965000E-04  1.31916900E-03  2.90565000E-04
2001-12-31T07:44:47.010  5.08794000E-04  1.90128800E-03 -5.37647000E-04
2001-12-31T07:44:48.006  7.27671000E-04  1.49809300E-03  1.85731000E-04
2001-12-31T07:44:49.010 -1.73050000E-05  2.33847000E-04 -5.81840000E-05
2001-12-31T07:44:50.014 -6.23199000E-04  1.00815900E-03  4.58630000E-05
2001-12-31T07:44:51.006 -1.95919000E-04  1.91339700E-03 -2.44772000E-04
2001-12-31T07:44:52.006 -1.05880000E-05  1.92298900E-03 -6.29429000E-04
2001-12-31T07:44:53.010 -6.51303000E-04  1.29792800E-03  4.67032000E-04
2001-12-31T07:44:54.006 -9.93899000E-04  1.04699500E-03 -4.07147000E-04
2001-12-31T07:44:55.010  5.89730000E-05  1.64054100E-03  6.43225000E-04
2001-12-31T07:44:56.010  1.31177600E-03  1.34952400E-03 -9.40699000E-04
2001-12-31T07:44:57.010  4.15164000E-04  7.80420000E-05  5.13135000E-04
2001-12-31T07:44:58.006 -4.39074000E-04  1.54695000E-04 -1.59471000E-04
2001-12-31T07:44:59.010  4.58145000E-04  1.61043400E-03 -4.82650000E-04
2001-12-31T07:45:00.006 -1.40870000E-04  2.53372800E-03  3.79626000E-04
2001-12-31T07:45:01.006 -1.22559600E-03  6.37145000E-04 -1.13742200E-03
2001-12-31T07:45:02.006 -3.95309000E-04  8.10654000E-04  1.31231300E-03
2001-12-31T07:45:03.010  5.70721000E-04  2.39976600E-03 -6.67503000E-04
2001-12-31T07:45:04.006 -2.28818000E-04  9.77441000E-04 -1.72546000E-04
2001-12-31T07:45:05.006 -8.32522000E-04  7.70096000E-04  2.02420000E-05
2001-12-31T07:45:06.014  1.03123300E-03  1.63817800E-03 -3.04927000E-04
2001-12-31T07:45:07.006 -5.59795000E-04  3.34041000E-04  4.09733000E-04
2001-12-31T07:45:08.006 -2.97474000E-04  3.28919000E-04  6.95258000E-04
2001-12-31T07:45:09.010  9.08124000E-04  1.28272000E-03  5.33940000E-05
2001-12-31T07:45:10.006 -6.84688000E-04  2.33411000E-04 -4.38055000E-04
2001-12-31T07:45:11.010 -1.92970000E-05  5.12352000E-04  1.30412400E-03
2001-12-31T07:45:12.010  7.67933000E-04  1.46528400E-03 -1.20122300E-03
2001-12-31T07:45:13.010 -1.03527500E-03 -5.19970000E-05 -2.55420000E-05
2001-12-31T07:45:14.006  2.45439000E-04  1.23199900E-03  5.34340000E-04
2001-12-31T07:45:15.010 -3.18123000E-04  6.82841000E-04 -3.09201000E-04
2001-12-31T07:45:16.006 -9.99469000E-04  2.56254000E-04  1.10846200E-03
2001-12-31T07:45:17.006  5.65930000E-04  1.13043100E-03 -6.77227000E-04
2001-12-31T07:45:18.006 -5.16781000E-04  5.93620000E-04  3.50014000E-04
2001-12-31T07:45:19.010 -1.88296000E-04  1.23125600E-03  4.57570000E-05
2001-12-31T07:45:20.006 -3.32130000E-04  1.14996100E-03 -5.93710000E-04
2001-12-31T07:45:21.006 -1.24458600E-03  2.60372000E-04 -6.27446000E-04
2001-12-31T07:45:22.014  1.36259000E-04  2.31772500E-03  8.46954000E-04
2001-12-31T07:45:23.010 -1.92523400E-03  5.52440000E-05 -2.08639000E-04
2001-12-31T07:45:24.006 -1.53745000E-04  1.34116300E-03 -1.06114100E-03
2001-12-31T07:45:25.010 -1.90369000E-04  3.63942000E-04  5.94056000E-04
2001-12-31T07:45:26.006 -1.30371600E-03  8.33868000E-04  1.28368000E-04
2001-12-31T07:45:27.010  3.84262000E-04  1.43133600E-03  1.82610000E-04
2001-12-31T07:45:28.006 -1.06446700E-03 -6.92212000E-04 -4.97479000E-04
2001-12-31T07:45:29.010  5.48220000E-04  6.66693000E-04  1.61934100E-03
2001-12-31T07:45:30.006  2.20537000E-04 -3.24370000E-05 -7.05370000E-05
2001-12-31T07:45:31.010 -5.52940000E-05 -1.62984000E-04  1.89642000E-04
2001-12-31T07:45:32.006  1.38253200E-03  3.80818000E-04  6.06102000E-04
2001-12-31T07:45:33.010 -7.64734000E-04 -9.88819000E-04 -8.69298000E-04
2001-12-31T07:45:34.006  7.44399000E-04  6.83955000E-04 -4.40750000E-04
2001-12-31T07:45:35.010 -9.88518000E-04  3.73080000E-05 -4.34091000E-04
2001-12-31T07:45:36.006 -1.44346000E-04  8.31013000E-04  5.45400000E-05
2001-12-31T07:45:37.006 -8.92331000E-04  7.67661000E-04 -3.54513000E-04
2001-12-31T07:45:38.014 -3.00876000E-04  5.12017000E-04  1.89119000E-04
2001-12-31T07:45:39.006  2.56090000E-05  9.81448000E-04 -2.53355000E-04
2001-12-31T07:45:40.006 -4.27216000E-04  1.04379000E-04 -5.93493000E-04
2001-12-31T07:45:41.010  9.88974000E-04  4.47435000E-04  3.36361000E-04
2001-12-31T07:45:42.006 -5.50645000E-04 -1.11176700E-03 -6.82750000E-05
2001-12-31T07:45:43.010  7.43477000E-04  7.65890000E-04  9.14232000E-04
2001-12-31T07:45:44.006 -5.93470000E-04 -6.27518000E-04 -2.73721000E-04
2001-12-31T07:45:45.010 -1.00320000E-05  9.53877000E-04 -1.05078000E-04
2001-12-31T07:45:46.006 -2.10143000E-04  5.14753000E-04 -1.11201000E-03
2001-12-31T07:45:47.010 -6.18380000E-04  7.44878000E-04  1.66582000E-04
2001-12-31T07:45:48.006  3.53690000E-05  6.72746000E-04 -2.65087000E-04
2001-12-31T07:45:49.006 -4.53900000E-06 -7.10442000E-04  5.60503000E-04
2001-12-31T07:45:50.006  1.74605300E-03  9.02208000E-04 -4.01138000E-04
2001-12-31T07:45:51.010  3.26610000E-05  1.83115000E-04  1.91172000E-04
2001-12-31T07:45:52.006  2.37896000E-04  5.67224000E-04  8.79557000E-04
2001-12-31T07:45:53.010 -9.91544000E-04  1.06676500E-03 -2.57715000E-04
2001-12-31T07:45:54.014 -6.48026000E-04  6.74337000E-04  5.93583000E-04
2001-12-31T07:45:55.006 -1.04467600E-03  8.66887000E-04 -4.55804000E-04
2001-12-31T07:45:56.006 -1.74085000E-04 -6.40660000E-05  5.14468000E-04
2001-12-31T07:45:57.010  1.40434100E-03  3.65506000E-04 -2.33359000E-04
2001-12-31T07:45:58.006 -1.79078000E-04 -1.06214000E-03 -6.80983000E-04
2001-12-31T07:45:59.010  8.27475000E-04  9.06864000E-04  7.32636000E-04
2001-12-31T07:46:00.006 -4.08317000E-04  4.91625000E-04 -4.29597000E-04
2001-12-31T07:46:01.010 -1.01832200E-03  1.41094300E-03  4.22735000E-04
2001-12-31T07:46:02.006 -2.25014800E-03 -8.89380000E-05 -2.38278000E-04
2001-12-31T07:46:03.010  6.26358000E-04  8.03156000E-04  9.93797000E-04
2001-12-31T07:46:04.006 -3.50754000E-04 -7.53165000E-04 -9.18642000E-04
2001-12-31T07:46:05.006  1.05785300E-03 -1.83766000E-04  5.34212000E-04
2001-12-31T07:46:06.006  3.56337000E-04  1.23209000E-04  3.03144000E-04
2001-12-31T07:46:07.010  2.20970000E-05  2.28207000E-04 -5.80451000E-04
2001-12-31T07:46:08.006 -8.89320000E-04  9.40270000E-05 -1.05462000E-04
2001-12-31T07:46:09.006 -7.01062000E-04  7.43205000E-04  4.72410000E-04
2001-12-31T07:46:10.014  3.76950000E-04  7.42519000E-04  1.21819000E-04
2001-12-31T07:46:11.006 -2.39036000E-04 -5.18262000E-04 -2.99337000E-04
2001-12-31T07:46:12.006  1.11670100E-03  2.09781000E-04  1.24244100E-03
2001-12-31T07:46:13.010 -4.18219000E-04 -9.88064000E-04 -3.78560000E-05
2001-12-31T07:46:14.006  1.30161400E-03  1.01844000E-03 -4.31956000E-04
2001-12-31T07:46:15.010 -7.43822000E-04 -5.77118000E-04  3.21087000E-04
2001-12-31T07:46:16.006  3.87151000E-04  1.74986200E-03 -8.32059000E-04
2001-12-31T07:46:17.010 -7.20474000E-04 -4.49892000E-04  6.11280000E-04
2001-12-31T07:46:18.006  8.30137000E-04  9.41676000E-04 -7.65441000E-04
2001-12-31T07:46:19.010  1.66785000E-04 -1.20574500E-03  5.89207000E-04
2001-12-31T07:46:20.006  1.33350000E-03 -6.93830000E-05 -6.21599000E-04
2001-12-31T07:46:21.006 -5.17105000E-04 -9.55381000E-04 -2.35270000E-05
2001-12-31T07:46:22.006  2.60192000E-04  1.00096100E-03 -3.20857000E-04
2001-12-31T07:46:23.010 -1.04614600E-03 -7.64760000E-05 -4.06325000E-04
2001-12-31T07:46:24.006  4.70408000E-04  7.27841000E-04 -1.41555000E-04
2001-12-31T07:46:25.006 -4.63399000E-04 -4.82675000E-04 -5.57249000E-04
2001-12-31T07:46:26.013  5.31141000E-04 -2.31398000E-04  7.47588000E-04
2001-12-31T07:46:27.006 -9.28767000E-04 -1.02730200E-03 -9.03636000E-04
2001-12-31T07:46:28.006  1.26081000E-04  6.77920000E-04  2.61840000E-04
2001-12-31T07:46:29.010  2.83604000E-04  1.10973000E-03 -3.86803000E-04
2001-12-31T07:46:30.006 -5.11405000E-04  8.04178000E-04 -5.67608000E-04
2001-12-31T07:46:31.010  2.90722000E-04  5.97885000E-04  4.05790000E-05
2001-12-31T07:46:32.006  2.16506000E-04 -1.06841300E-03 -3.61712000E-04
2001-12-31T07:46:33.010  8.69914000E-04  2.18980000E-04  9.66931000E-04
2001-12-31T07:46:34.006 -5.84481000E-04 -2.27250000E-05 -1.02600900E-03
2001-12-31T07:46:35.010  1.26061000E-04  1.49424700E-03  3.21819000E-04
2001-12-31T07:46:36.006 -1.32234900E-03  1.78674000E-04 -6.61220000E-05
2001-12-31T07:46:37.006  1.63155000E-04  6.36016000E-04 -3.35402000E-04
2001-12-31T07:46:38.006 -1.32699000E-04 -1.38618500E-03 -1.84444000E-04
2001-12-31T07:46:39.010  5.83047000E-04 -9.31250000E-05 -9.04081000E-04
2001-12-31T07:46:40.006 -1.00087400E-03 -6.38806000E-04  2.35585000E-04
2001-12-31T07:46:41.006  4.24700000E-04  1.41707000E-03  2.53270000E-04
2001-12-31T07:46:42.013 -1.14606600E-03  1.53986000E-04 -3.24225000E-04
2001-12-31T07:46:43.006  8.47854000E-04  8.65220000E-04 -1.50990000E-04
2001-12-31T07:46:44.006 -2.70951000E-04 -1.16787200E-03  2.35040000E-04
2001-12-31T07:46:45.010  1.73077800E-03  6.13885000E-04 -3.74734000E-04
2001-12-31T07:46:46.006 -8.15721000E-04 -6.52509000E-04 -1.80877000E-04
2001-12-31T07:46:47.010 -4.94150000E-05  6.98750000E-04  7.87850000E-04
2001-12-31T07:46:48.006 -1.26536100E-03  2.88879000E-04 -7.81052000E-04
2001-12-31T07:46:49.010  4.06909000E-04  8.52589000E-04  8.83130000E-05
2001-12-31T07:46:50.006  5.25748000E-04 -7.46444000E-04 -4.07788000E-04
2001-12-31T07:46:51.010  1.03933300E-03  7.03090000E-05  5.96482000E-04
2001-12-31T07:46:52.006 -3.21618000E-04 -6.35620000E-05 -3.80466000E-04
2001-12-31T07:46:53.010  3.26350000E-05  8.15551000E-04  4.07580000E-04
2001-12-31T07:46:54.006 -9.03582000E-04  3.43804000E-04  3.13230000E-05
2001-12-31T07:46:55.010  2.98370000E-05  5.50798000E-04  2.50080000E-04
2001-12-31T07:46:56.006  3.89710000E-05 -6.76272000E-04  3.84992000E-04
2001-12-31T07:46:57.006  4.63089000E-04  6.84240000E-05  6.89299000E-04
2001-12-31T07:46:58.013  7.69010000E-05  3.48040000E-05  3.67659000E-04
2001-12-31T07:46:59.006 -4.84264000E-04  8.14723000E-04 -1.91361000E-04
2001-12-31T07:47:00.006 -6.33368000E-04  8.33970000E-04 -7.08534000E-04
2001-12-31T07:47:01.010 -4.06439000E-04  7.15673000E-04  5.85136000E-04
2001-12-31T07:47:02.006  4.98683000E-04 -7.36456000E-04 -4.84398000E-04
2001-12-31T07:47:03.010  4.21645000E-04  1.70084000E-04  7.98575000E-04
2001-12-31T07:47:04.010 -1.07193000E-04 -4.90898000E-04 -7.45738000E-04
2001-12-31T07:47:05.010 -3.00291000E-04  7.85587000E-04 -1.30810000E-05
2001-12-31T07:47:06.006 -9.69358000E-04  8.49316000E-04 -1.63957000E-04
2001-12-31T07:47:07.010  4.52559000E-04 -2.35605000E-04  8.23910000E-04
2001-12-31T07:47:08.006  7.94820000E-04 -6.00540000E-04  1.31689000E-04
2001-12-31T07:47:09.006  2.85960000E-04 -1.24781000E-04 -9.94543000E-04
2001-12-31T07:47:10.006  1.44440000E-04  2.66285000E-04  7.61322000E-04
2001-12-31T07:47:11.010 -6.86545000E-04  6.72733000E-04 -3.04202000E-04
2001-12-31T07:47:12.006 -1.19117300E-03  7.20132000E-04  5.70970000E-05
2001-12-31T07:47:13.010  4.30659000E-04 -7.80069000E-04  1.78109000E-04
2001-12-31T07:47:14.013 -8.32740000E-05 -1.07208300E-03  4.67255000E-04
2001-12-31T07:47:15.006  5.63360000E-05 -3.90249000E-04  2.26762000E-04
2001-12-31T07:47:16.006  3.22560000E-05  1.65642000E-04 -4.40580000E-04
2001-12-31T07:47:17.010 -9.11406000E-04  4.36185000E-04  1.02480000E-04
2001-12-31T07:47:18.006  1.33512000E-04 -4.40160000E-04 -7.32439000E-04
2001-12-31T07:47:19.010 -2.85440000E-05 -2.32879000E-04  1.54532500E-03
2001-12-31T07:47:20.006  1.19966500E-03  3.73417000E-04 -2.26766000E-04
2001-12-31T07:47:21.010 -1.96562000E-04 -3.66760000E-04  4.12075000E-04
2001-12-31T07:47:22.006  2.66618000E-04  7.69184000E-04  5.41544000E-04
2001-12-31T07:47:23.010 -5.14495000E-04  3.63099000E-04 -9.17480000E-05
2001-12-31T07:47:24.006 -4.86778000E-04 -3.48824000E-04  2.22360000E-05
2001-12-31T07:47:25.006  3.26631000E-04 -3.18032000E-04 -3.70335000E-04
2001-12-31T07:47:26.006  3.73637000E-04 -9.08940000E-05  3.44263000E-04
2001-12-31T07:47:27.009  4.58500000E-05  4.60922000E-04 -4.31745000E-04
2001-12-31T07:47:28.006 -8.64886000E-04  9.31296000E-04  4.50997000E-04
2001-12-31T07:47:29.006  5.38552000E-04 -1.74052000E-04  5.44850000E-04
2001-12-31T07:47:30.013 -4.31040000E-05 -3.17609000E-04 -5.13641000E-04
2001-12-31T07:47:31.006  5.69297000E-04 -4.83709000E-04  1.04965000E-03
2001-12-31T07:47:32.006 -3.73904000E-04 -1.85104000E-04 -4.09193000E-04
2001-12-31T07:47:33.009 -5.91304000E-04  7.70452000E-04  1.15797500E-03
2001-12-31T07:47:34.006 -7.30640000E-05  6.03676000E-04  1.85612000E-04
2001-12-31T07:47:35.009  2.67884000E-04 -2.59945000E-04 -6.06260000E-04
2001-12-31T07:47:36.006 -3.11688000E-04 -8.97852000E-04  5.11209000E-04
2001-12-31T07:47:37.009  1.63505000E-04 -1.68558000E-04 -6.38180000E-05
2001-12-31T07:47:38.006 -3.29885000E-04 -4.48230000E-05  4.65249000E-04
2001-12-31T07:47:39.009 -5.45054000E-04  1.15951700E-03  6.05267000E-04
2001-12-31T07:47:40.006 -2.14216000E-04  1.08583400E-03  9.45155000E-04
2001-12-31T07:47:41.006  2.52899000E-04  8.65750000E-05 -1.20983900E-03
2001-12-31T07:47:42.006 -9.66700000E-05 -6.85232000E-04  1.53481000E-04
2001-12-31T07:47:43.009  8.79620000E-05  5.87080000E-05  2.12856000E-04
2001-12-31T07:47:44.006 -5.68410000E-04 -4.84129000E-04 -7.93199000E-04
2001-12-31T07:47:45.006  1.57677000E-04  4.48521000E-04 -3.62800000E-06
2001-12-31T07:47:46.013 -7.70070000E-05 -1.75768700E-03 -1.09819100E-03
2001-12-31T07:47:47.006  1.44005500E-03 -6.83886000E-04  2.89945000E-04
2001-12-31T07:47:48.006  3.36530000E-05 -2.84452000E-04 -1.10467200E-03
2001-12-31T07:47:49.009  8.49420000E-05  7.64651000E-04  4.61330000E-05
2001-12-31T07:47:50.006 -9.53641000E-04  5.46680000E-04  1.44722000E-04
2001-12-31T07:47:51.009 -6.85760000E-05  7.39093000E-04 -2.95650000E-04
2001-12-31T07:47:52.006 -5.96504000E-04 -7.56391000E-04  8.14433000E-04
2001-12-31T07:47:53.009  8.82549000E-04 -1.46899000E-04 -5.74203000E-04
2001-12-31T07:47:54.006 -6.55204000E-04 -3.95966000E-04 -2.18985000E-04
2001-12-31T07:47:55.009  4.26983000E-04  8.06122000E-04 -2.92359000E-04
2001-12-31T07:47:56.006 -1.17647900E-03  4.25990000E-05 -2.57438000E-04
2001-12-31T07:47:57.006  6.60928000E-04  3.08096000E-04  6.23647000E-04
2001-12-31T07:47:58.006  2.95970000E-05 -1.01732200E-03 -4.65088000E-04
2001-12-31T07:47:59.009  3.92477000E-04  9.05390000E-04  1.01505900E-03
2001-12-31T07:48:00.006 -5.44280000E-04  7.36850000E-05 -1.72924000E-04
2001-12-31T07:48:01.006 -6.97400000E-05  1.38043200E-03  2.75070000E-05
2001-12-31T07:48:02.013 -4.50128000E-04  7.39158000E-04 -5.17093000E-04
2001-12-31T07:48:03.006  5.18712000E-04 -1.04256000E-04  3.98024000E-04
2001-12-31T07:48:04.006 -3.80442000E-04 -9.05481000E-04  1.53027000E-04
2001-12-31T07:48:05.009 -1.29460000E-05  2.68367000E-04 -3.39787000E-04
2001-12-31T07:48:06.006 -6.92201000E-04  3.44222000E-04 -2.52227000E-04
2001-12-31T07:48:07.009 -2.71168000E-04  6.57152000E-04  5.66613000E-04
2001-12-31T07:48:08.006 -2.86992000E-04  5.83401000E-04  1.77813000E-04
2001-12-31T07:48:09.013  5.54665000E-04 -4.78979000E-04 -3.05907000E-04
2001-12-31T07:48:10.006 -9.72250000E-05 -3.46870000E-05 -2.12660000E-04
2001-12-31T07:48:11.009 -1.20329000E-04  2.51701000E-04 -5.20480000E-05
2001-12-31T07:48:12.006  6.39030000E-05  7.47054000E-04 -4.58995000E-04
2001-12-31T07:48:13.009  3.76783000E-04 -4.66287000E-04  4.60941000E-04
2001-12-31T07:48:14.006  7.38866000E-04 -7.00142000E-04 -7.95174000E-04
2001-12-31T07:48:15.009 -6.48300000E-06 -7.53341000E-04  4.05200000E-06
2001-12-31T07:48:16.006 -2.78451000E-04  1.10213000E-04 -5.72592000E-04
2001-12-31T07:48:17.006 -8.04372000E-04  1.47941000E-04  4.60628000E-04
2001-12-31T07:48:18.013 -9.07840000E-05  1.12151200E-03  2.31301000E-04
2001-12-31T07:48:19.006 -1.01760000E-04 -2.58115000E-04  7.26130000E-05
2001-12-31T07:48:20.006  6.66486000E-04 -7.58013000E-04 -1.28875100E-03
2001-12-31T07:48:21.009 -2.16228000E-04  1.07690000E-05  2.12178000E-04
2001-12-31T07:48:22.006  4.54069000E-04  8.50329000E-04  3.68448000E-04
2001-12-31T07:48:23.009 -5.57951000E-04  4.39774000E-04  4.90481000E-04
2001-12-31T07:48:24.006 -7.81741000E-04 -1.15363000E-04 -3.07837000E-04
2001-12-31T07:48:25.009  3.03332000E-04 -4.46850000E-04 -6.32997000E-04
2001-12-31T07:48:26.006  7.48479000E-04 -2.70780000E-05 -2.23938000E-04
2001-12-31T07:48:27.009 -2.12290000E-04  1.60535000E-04  2.93504000E-04
2001-12-31T07:48:28.006 -4.72945000E-04 -1.44534000E-04 -3.36868000E-04
2001-12-31T07:48:29.006 -8.53935000E-04  1.14027800E-03  5.86803000E-04
2001-12-31T07:48:30.006 -1.65168000E-04 -1.62667000E-04 -3.39529000E-04
2001-12-31T07:48:31.009  1.29545000E-04 -4.47007000E-04 -1.17510000E-05
2001-12-31T07:48:32.006  6.23497000E-04  2.70617000E-04  2.75937000E-04
2001-12-31T07:48:33.009 -3.85023000E-04  1.23776000E-04 -4.23091000E-04
2001-12-31T07:48:34.013  1.64357000E-04  6.75006000E-04  3.51926000E-04
2001-12-31T07:48:35.005 -2.15275000E-04  2.30968000E-04  2.04169000E-04
2001-12-31T07:48:36.005  1.41194000E-04  8.54800000E-05  4.32068000E-04
2001-12-31T07:48:37.009  4.95210000E-04 -3.62031000E-04 -6.39899000E-04
2001-12-31T07:48:38.005  2.38683000E-04 -2.98013000E-04  4.97061000E-04
2001-12-31T07:48:39.009 -1.89738000E-04  5.53083000E-04  1.25259000E-04
2001-12-31T07:48:40.005 -2.95302000E-04  4.98988000E-04 -5.04821000E-04
2001-12-31T07:48:41.009  3.17815000E-04  8.43954000E-04 -1.12570000E-04
2001-12-31T07:48:42.005  1.29730000E-04 -5.98119000E-04 -2.69674000E-04
2001-12-31T07:48:43.009  1.29212000E-03  2.15049000E-04  1.46800000E-06
2001-12-31T07:48:44.005 -4.75547000E-04  2.87179000E-04 -2.32426000E-04
2001-12-31T07:48:45.005 -2.10018000E-04  1.36506400E-03 -4.67467000E-04
2001-12-31T07:48:46.005 -1.27400300E-03 -6.64889000E-04  5.40164000E-04
2001-12-31T07:48:47.009  1.08256000E-04  1.37473200E-03  5.10004000E-04
2001-12-31T07:48:48.005 -1.13862000E-04 -1.26912800E-03 -3.64487000E-04
2001-12-31T07:48:49.005  8.51266000E-04  6.06059000E-04  2.43641000E-04
2001-12-31T07:48:50.013 -1.06986300E-03 -3.51181000E-04 -5.28580000E-05
2001-12-31T07:48:51.005 -4.04310000E-05  8.68718000E-04  2.27675000E-04
2001-12-31T07:48:52.005  2.13075000E-04  5.52549000E-04 -6.55821000E-04
2001-12-31T07:48:53.009  1.09075200E-03  1.23772000E-04 -4.02865000E-04
2001-12-31T07:48:54.005 -8.10691000E-04 -1.40124800E-03  2.44875000E-04
2001-12-31T07:48:55.009  4.52804000E-04  1.03498600E-03 -2.77435000E-04
2001-12-31T07:48:56.005 -1.44361300E-03 -5.12910000E-05 -4.84250000E-05
2001-12-31T07:48:57.009  7.40657000E-04  7.59482000E-04 -1.28183000E-04
2001-12-31T07:48:58.005 -6.95249000E-04 -9.53372000E-04  4.92363000E-04
2001-12-31T07:48:59.009  1.48548900E-03  5.68160000E-05 -1.91279000E-04
2001-12-31T07:49:00.005 -1.30747200E-03 -8.17317000E-04  2.29553000E-04
2001-12-31T07:49:01.005  2.50444000E-04  1.16856000E-03 -7.38827000E-04
2001-12-31T07:49:02.005 -1.51502600E-03  3.56864000E-04  7.99085000E-04
2001-12-31T07:49:03.009  1.00549700E-03  1.07697000E-03  8.98268000E-04
2001-12-31T07:49:04.005 -9.65170000E-05 -1.52040400E-03 -5.88542000E-04
2001-12-31T07:49:05.005  6.38183000E-04  6.76371000E-04  1.06633100E-03
2001-12-31T07:49:06.013 -7.11957000E-04 -6.40341000E-04 -8.48975000E-04
2001-12-31T07:49:07.005  3.51318000E-04  1.08867000E-03  2.89997000E-04
2001-12-31T07:49:08.005 -5.11110000E-04 -8.36531000E-04  2.42100000E-06
2001-12-31T07:49:09.005  1.33312500E-03  1.08992000E-04  6.96470000E-04
2001-12-31T07:49:10.005 -1.77069100E-03 -1.25895810E-02  4.07653400E-03
2001-12-31T07:49:11.009  8.68248200E-03  6.45159000E-03 -2.66895600E-03
2001-12-31T07:49:12.005 -1.00463010E-02 -3.05764800E-03  7.05122100E-03
2001-12-31T07:49:13.005  3.62038600E-03  1.12153530E-02 -4.31450700E-03
2001-12-31T07:49:14.005 -8.02242800E-03 -4.34193900E-03  2.32871200E-03
2001-12-31T07:49:15.005  1.01197680E-02 -2.17923500E-03 -1.57958600E-03
2001-12-31T07:49:16.005 -2.83874800E-03 -4.19742900E-03 -3.77593100E-03
2001-12-31T07:49:17.005  2.48120700E-03  7.83903200E-03  3.69379400E-03
2001-12-31T07:49:18.005 -7.44648800E-03 -1.35315000E-03 -3.51456900E-03
2001-12-31T07:49:19.005  2.50588800E-03  9.99175100E-03  3.73271700E-03
2001-12-31T07:49:20.005 -3.92269300E-03 -7.59206200E-03 -5.96305900E-03
2001-12-31T07:49:21.005  6.95274400E-03 -2.29459900E-03  3.68151700E-03
2001-12-31T07:49:22.013 -8.48324500E-03 -1.84348600E-03 -6.77910400E-03
2001-12-31T07:49:23.005  2.29675000E-03  5.66632600E-03  5.33802000E-04
2001-12-31T07:49:24.005 -1.13563630E-02  9.49439000E-04  2.07496000E-04
2001-12-31T07:49:25.005 -4.84940400E-03 -3.56446000E-04  3.55523300E-03
2001-12-31T07:49:26.005  1.27432500E-03 -6.06399300E-03  1.13663700E-03
2001-12-31T07:49:27.009  2.48577400E-03 -7.06540600E-03 -2.63354700E-03
2001-12-31T07:49:28.005  3.09872400E-03 -2.00152500E-03  6.65865900E-03
2001-12-31T07:49:29.005 -4.02874100E-03  6.68704000E-03 -6.56442200E-03
2001-12-31T07:49:30.005 -1.87355600E-03  1.39019600E-03  7.84099700E-03
2001-12-31T07:49:31.005  4.37370000E-04  1.04471400E-03 -3.75066900E-03
2001-12-31T07:49:32.005  3.73829600E-03 -3.91931700E-03 -6.97016000E-04
2001-12-31T07:49:33.005 -1.47214100E-03 -4.31009400E-03  6.84090000E-05
2001-12-31T07:49:34.005  2.47844100E-03  5.84956100E-03 -4.63634200E-03
2001-12-31T07:49:35.005 -1.41567330E-02 -1.02679600E-03  6.92328000E-04
2001-12-31T07:49:36.005  4.99541200E-03  6.85834400E-03 -2.89046300E-03
2001-12-31T07:49:37.005 -4.03553500E-03 -9.62900600E-03  1.53388600E-03
2001-12-31T07:49:38.013  7.35584300E-03  1.16483900E-03  3.46637000E-03
2001-12-31T07:49:39.005 -6.55400000E-03 -5.91606600E-03 -5.05033600E-03
2001-12-31T07:49:40.005  7.42040000E-05  1.17568290E-02  3.86761000E-03
2001-12-31T07:49:41.005 -8.03350500E-03 -5.39037100E-03 -7.23347300E-03
2001-12-31T07:49:42.005  9.44367100E-03  1.67922600E-03  8.65528500E-03
2001-12-31T07:49:43.009 -2.21911200E-03 -1.31613120E-02 -1.73694100E-03
2001-12-31T07:49:44.005  4.44344700E-03  6.50790300E-03  2.49797500E-03
2001-12-31T07:49:45.005 -4.71195900E-03 -1.88229200E-03 -3.51564300E-03
2001-12-31T07:49:46.005  5.72599000E-04  1.06311970E-02 -9.70492000E-04
2001-12-31T07:49:47.005 -3.91638200E-03 -5.70949000E-03  5.52942600E-03
2001-12-31T07:49:48.005  8.19531800E-03 -1.37708700E-03 -2.17443200E-03
2001-12-31T07:49:49.005 -1.93012900E-03 -1.07946110E-02  2.15772400E-03
2001-12-31T07:49:50.005  5.85752900E-03  5.60397700E-03 -7.65723700E-03
2001-12-31T07:49:51.005 -9.20773000E-03 -2.62731800E-03  6.69679000E-03
2001-12-31T07:49:52.005  2.26673200E-03  9.77854800E-03 -4.27504700E-03
2001-12-31T07:49:53.005 -8.85421600E-03 -2.75494700E-03  1.25683400E-03
2001-12-31T07:49:54.013  1.09996900E-02 -1.46486000E-03 -2.86544100E-03
2001-12-31T07:49:55.005 -3.26212400E-03 -8.24118200E-03 -1.72388700E-03
2001-12-31T07:49:56.005  3.77041300E-03  9.06782200E-03  8.78707600E-03
2001-12-31T07:49:57.005 -1.36275660E-02 -1.61122000E-04 -2.37772800E-03
2001-12-31T07:49:58.005  1.74767200E-03  8.13646700E-03  5.75143600E-03
2001-12-31T07:49:59.009 -2.24379600E-03 -1.11216190E-02 -7.93050300E-03
2001-12-31T07:50:00.005  7.53338300E-03  1.27515000E-04  8.48836400E-03
2001-12-31T07:50:01.005  9.45170000E-05 -1.95132000E-03 -4.35026100E-03
2001-12-31T07:50:02.005 -4.15453000E-04  1.02856770E-02 -2.91518600E-03
2001-12-31T07:50:03.005 -9.52084400E-03 -6.14418000E-04 -1.53670000E-05
2001-12-31T07:50:04.005  6.09113400E-03  5.91037500E-03  1.30458800E-03
2001-12-31T07:50:05.005 -1.11219100E-03 -9.22625500E-03 -9.29673000E-04
2001-12-31T07:50:06.005  9.58101800E-03  1.01954500E-03 -4.51020000E-03
2001-12-31T07:50:07.005 -8.46310500E-03  1.24298300E-03  1.97530400E-03
2001-12-31T07:50:08.005 -1.47671000E-04  1.25136620E-02  1.46821600E-03
2001-12-31T07:50:09.005 -8.81324400E-03 -2.85852700E-03  6.29541700E-03
2001-12-31T07:50:10.013  1.03299880E-02  2.43335000E-03 -5.81050000E-04
