2001-12-21T03:44:22.420  4.77208200E-03 -4.29485600E-03  2.32735900E-03
2001-12-21T03:44:23.416 -1.03571500E-03  6.97198300E-03  5.11080600E-03
2001-12-21T03:44:24.424 -4.24886000E-03  8.67050600E-03  5.60162600E-03
2001-12-21T03:44:25.416  5.07011500E-03  2.80478300E-03  2.87634600E-03
2001-12-21T03:44:26.420 -1.90417000E-04 -1.02764600E-03 -5.97290000E-05
2001-12-21T03:44:27.416  7.87307000E-04  5.97033000E-04 -1.13859800E-03
2001-12-21T03:44:28.420 -8.19520000E-04 -3.46091000E-04 -7.04520000E-05
2001-12-21T03:44:29.412  5.15565000E-04  4.17926000E-04  1.94951000E-04
2001-12-21T03:44:30.420  8.84200000E-06 -2.30314000E-04  7.58838000E-04
2001-12-21T03:44:31.412  4.23895000E-04 -4.77915000E-04  2.30785000E-04
2001-12-21T03:44:32.416 -3.84381000E-04  1.68008000E-04 -1.09123800E-03
2001-12-21T03:44:33.416 -5.26396000E-04  1.14205700E-03 -1.48145400E-03
2001-12-21T03:44:34.420  4.80757000E-04  1.55436000E-04 -8.62890000E-04
2001-12-21T03:44:35.412  2.43857000E-04 -6.29464000E-04 -3.25563000E-04
2001-12-21T03:44:36.420  4.25285000E-04 -1.01996000E-04  2.98743000E-04
2001-12-21T03:44:37.416 -9.66285000E-04 -3.33183000E-04  1.94994000E-04
2001-12-21T03:44:38.420  9.86800000E-06  1.02599100E-03  2.58413000E-04
2001-12-21T03:44:39.416 -6.61933000E-04 -1.08192900E-03 -2.22393000E-04
2001-12-21T03:44:40.420  1.52097800E-03  8.47326000E-04 -8.57212000E-04
2001-12-21T03:44:41.412 -8.81934000E-04 -8.33978000E-04 -3.40117000E-04
2001-12-21T03:44:42.420 -1.91500000E-04  1.17173900E-03 -9.78900000E-05
2001-12-21T03:44:43.416 -1.55758600E-03 -2.41043000E-04  2.06082000E-04
2001-12-21T03:44:44.420  9.24562000E-04  6.00675000E-04  5.62860000E-04
2001-12-21T03:44:45.412  2.71169000E-04 -9.65771000E-04  1.37519000E-04
2001-12-21T03:44:46.420  3.98547000E-04  3.57727000E-04 -1.15089100E-03
2001-12-21T03:44:47.412 -7.36932000E-04  3.55130000E-04 -6.06227000E-04
2001-12-21T03:44:48.416 -3.01230000E-05 -1.02453000E-04  7.44806000E-04
2001-12-21T03:44:49.416 -7.59351000E-04  3.78343000E-04  4.91720000E-05
2001-12-21T03:44:50.420 -2.22820000E-05 -5.70125000E-04  4.86630000E-05
2001-12-21T03:44:51.412 -6.18050000E-05  3.96656000E-04  4.12472000E-04
2001-12-21T03:44:52.420 -8.62791000E-04  4.42160000E-04 -8.69480000E-05
2001-12-21T03:44:53.416  1.44232900E-03  5.98656000E-04 -1.55200000E-03
2001-12-21T03:44:54.424 -4.37238000E-04 -1.13420100E-03 -5.35906000E-04
2001-12-21T03:44:55.416  1.19283400E-03  1.99474000E-04 -6.51711000E-04
2001-12-21T03:44:56.420 -1.04677400E-03 -9.30014000E-04  4.21001000E-04
2001-12-21T03:44:57.412 -5.10340000E-05  1.01000200E-03  1.07345000E-04
2001-12-21T03:44:58.416 -1.79058000E-04  7.90462000E-04 -5.60978000E-04
2001-12-21T03:44:59.416  6.08936000E-04 -4.13065000E-04  1.13686000E-04
2001-12-21T03:45:00.420 -2.95119000E-04 -3.26025000E-04 -1.10286000E-04
2001-12-21T03:45:01.412 -1.30559000E-04  5.49074000E-04  3.83999000E-04
2001-12-21T03:45:02.420 -7.87292000E-04 -1.28951000E-04 -9.43042000E-04
2001-12-21T03:45:03.412 -3.14340000E-04 -1.43446000E-04  4.06300000E-04
2001-12-21T03:45:04.416  1.50320700E-03  4.47022000E-04  3.01320000E-05
2001-12-21T03:45:05.416 -4.35403000E-04 -9.18194000E-04 -4.22240000E-04
2001-12-21T03:45:06.420  8.35168000E-04  1.27138200E-03 -7.38587000E-04
2001-12-21T03:45:07.412 -1.45983800E-03 -4.12505000E-04 -1.23004400E-03
2001-12-21T03:45:08.420  8.34850000E-04  5.99442000E-04  1.06368000E-04
2001-12-21T03:45:09.416 -5.16057000E-04 -1.46009000E-03 -3.38912000E-04
2001-12-21T03:45:10.420  1.10774800E-03  5.89982000E-04  6.64030000E-04
2001-12-21T03:45:11.416 -1.00095300E-03  1.01555000E-04  1.01394700E-03
2001-12-21T03:45:12.420  5.05964000E-04  7.35686000E-04  1.71609000E-04
2001-12-21T03:45:13.412  2.56770000E-05 -8.74263000E-04 -1.11823000E-03
2001-12-21T03:45:14.420  5.87592000E-04 -3.86230000E-04 -1.61486000E-04
2001-12-21T03:45:15.416 -7.40858000E-04 -6.81670000E-04 -1.07292900E-03
2001-12-21T03:45:16.416 -4.08695000E-04  8.14252000E-04 -3.74278000E-04
2001-12-21T03:45:17.412 -1.15613400E-03  6.01299000E-04 -5.82610000E-05
2001-12-21T03:45:18.420  5.01042000E-04 -7.46358000E-04  1.14025700E-03
2001-12-21T03:45:19.412  8.96643000E-04 -4.58831000E-04  2.01241000E-04
2001-12-21T03:45:20.416 -7.22281000E-04 -1.18156000E-04  6.75850000E-05
2001-12-21T03:45:21.416  4.92265000E-04  1.30064200E-03 -4.79474000E-04
2001-12-21T03:45:22.420 -6.77284000E-04 -2.00148000E-04 -6.33023000E-04
2001-12-21T03:45:23.412  1.52917500E-03  9.60890000E-05 -9.27980000E-05
2001-12-21T03:45:24.424 -8.22680000E-04 -5.57083000E-04 -4.38169000E-04
2001-12-21T03:45:25.416  8.88346000E-04  9.30859000E-04 -2.27279000E-04
2001-12-21T03:45:26.420 -1.14048200E-03 -5.79212000E-04  4.85064000E-04
2001-12-21T03:45:27.416  2.49468000E-04  8.82598000E-04 -2.20016000E-04
2001-12-21T03:45:28.420  6.46180000E-05 -1.05993800E-03 -1.19033100E-03
2001-12-21T03:45:29.412  6.28241000E-04  3.20688000E-04 -3.73636000E-04
2001-12-21T03:45:30.420 -5.33160000E-04  1.75199000E-04  4.69612000E-04
2001-12-21T03:45:31.416 -8.99199000E-04  1.05661200E-03 -2.92497000E-04
2001-12-21T03:45:32.416 -1.47370000E-05  3.96504000E-04  1.46040000E-04
2001-12-21T03:45:33.412  6.81400000E-05 -7.10470000E-04 -5.53251000E-04
2001-12-21T03:45:34.420  1.12637600E-03  3.51668000E-04 -4.45773000E-04
2001-12-21T03:45:35.412 -8.22995000E-04 -4.67317000E-04 -7.23264000E-04
2001-12-21T03:45:36.416  4.66497000E-04  1.26629200E-03 -1.13245000E-03
2001-12-21T03:45:37.416 -6.13067000E-04 -9.58056000E-04 -4.43182000E-04
2001-12-21T03:45:38.420  9.63835000E-04 -5.75797000E-04  8.70871000E-04
2001-12-21T03:45:39.412 -1.02434600E-03 -1.01348000E-03  1.02872600E-03
2001-12-21T03:45:40.420  5.14246000E-04  9.12894000E-04  8.24581000E-04
2001-12-21T03:45:41.416 -1.90051000E-04 -1.62140000E-05 -9.14027000E-04
2001-12-21T03:45:42.424  6.42468000E-04  1.05435000E-04  5.65667000E-04
2001-12-21T03:45:43.416 -5.02965000E-04 -5.98025000E-04  5.28084000E-04
2001-12-21T03:45:44.420  2.45118000E-04  9.32730000E-05  9.21234000E-04
2001-12-21T03:45:45.412 -2.78869000E-04  5.93563000E-04  9.47780000E-05
2001-12-21T03:45:46.416 -5.45875000E-04  7.46843000E-04  8.93280000E-05
2001-12-21T03:45:47.416  1.72468000E-04 -1.23144000E-04 -1.49999000E-04
2001-12-21T03:45:48.420  2.06936000E-04 -6.82287000E-04 -5.82580000E-05
2001-12-21T03:45:49.412  4.67018000E-04  6.63236000E-04 -1.14398500E-03
2001-12-21T03:45:50.420 -1.18492800E-03  2.25201000E-04 -8.15144000E-04
2001-12-21T03:45:51.412  6.43387000E-04  1.34953500E-03  5.18733000E-04
2001-12-21T03:45:52.416 -7.23343000E-04 -1.22353200E-03  1.95536000E-04
2001-12-21T03:45:53.416  6.79395000E-04  3.01751000E-04  6.04154000E-04
2001-12-21T03:45:54.420 -8.55956000E-04 -8.39195000E-04 -1.61500000E-04
2001-12-21T03:45:55.412  2.57700000E-06  1.34543600E-03 -4.77326000E-04
2001-12-21T03:45:56.420 -7.82005000E-04 -5.17811000E-04 -4.24270000E-04
2001-12-21T03:45:57.416  4.90999000E-04  1.65565000E-04 -6.02715000E-04
2001-12-21T03:45:58.420  1.96740000E-05 -8.00479000E-04  4.76398000E-04
2001-12-21T03:45:59.416  8.90230000E-05  3.60528000E-04  6.39028000E-04
2001-12-21T03:46:00.420 -3.55640000E-04  9.33775000E-04  6.00701000E-04
2001-12-21T03:46:01.412 -9.44830000E-04  4.99063000E-04 -1.36700000E-05
2001-12-21T03:46:02.416  1.20553200E-03  2.87859000E-04 -1.33462800E-03
2001-12-21T03:46:03.416  9.71850000E-05 -1.41237200E-03 -9.68270000E-04
2001-12-21T03:46:04.420  6.00464000E-04  9.35211000E-04 -1.43152000E-04
2001-12-21T03:46:05.412 -1.66640400E-03  1.37057000E-04  3.40711000E-04
2001-12-21T03:46:06.420  7.63775000E-04  7.13005000E-04  1.09201600E-03
2001-12-21T03:46:07.412 -4.43054000E-04 -1.34649400E-03  9.37498000E-04
2001-12-21T03:46:08.416  1.20707000E-03  5.02505000E-04 -2.77562000E-04
2001-12-21T03:46:09.416 -1.09483800E-03  1.24169000E-04 -8.26420000E-05
2001-12-21T03:46:10.420 -2.82980000E-05  1.29051200E-03 -8.70789000E-04
2001-12-21T03:46:11.412 -7.83335000E-04 -5.38825000E-04 -6.49895000E-04
2001-12-21T03:46:12.420  8.90433000E-04  4.80440000E-05  3.24129000E-04
2001-12-21T03:46:13.416  6.24094000E-04 -3.60189000E-04  6.33762000E-04
2001-12-21T03:46:14.424  3.76023000E-04  6.31010000E-05  3.86975000E-04
2001-12-21T03:46:15.416 -3.41131000E-04  2.66478000E-04  2.52706000E-04
2001-12-21T03:46:16.420 -2.97205000E-04 -6.83770000E-05  1.56558000E-04
2001-12-21T03:46:17.412  5.12788000E-04  6.73937000E-04 -3.60912000E-04
2001-12-21T03:46:18.420 -6.04305000E-04 -2.43901000E-04  4.20946000E-04
2001-12-21T03:46:19.416 -2.98540000E-05  1.00533600E-03  2.63289000E-04
2001-12-21T03:46:20.416 -9.25168000E-04 -5.82047000E-04  9.49830000E-05
2001-12-21T03:46:21.412  5.25672000E-04  4.32609000E-04  1.92267000E-04
2001-12-21T03:46:22.420 -3.38929000E-04 -1.88020300E-03  1.57435000E-04
2001-12-21T03:46:23.412  1.24887000E-03  8.40556000E-04 -1.42484800E-03
2001-12-21T03:46:24.420 -1.21393700E-03 -4.91240000E-04  4.19690000E-04
2001-12-21T03:46:25.416  3.50573000E-04  1.32257100E-03  8.73837000E-04
2001-12-21T03:46:26.420 -4.32217000E-04 -5.89869000E-04  7.44697000E-04
2001-12-21T03:46:27.412  9.24694000E-04 -3.71495000E-04  2.30486000E-04
2001-12-21T03:46:28.420  1.98850000E-05 -2.14544000E-04  3.35149000E-04
2001-12-21T03:46:29.416 -1.34649000E-04  4.16590000E-04 -5.28487000E-04
2001-12-21T03:46:30.424 -2.40681000E-04  9.19063000E-04 -7.17833000E-04
2001-12-21T03:46:31.416 -4.31260000E-05 -1.18784000E-04 -9.50496000E-04
2001-12-21T03:46:32.420  5.79137000E-04  1.05447000E-04  5.24222000E-04
2001-12-21T03:46:33.412 -8.59142000E-04 -4.48963000E-04  4.33073000E-04
2001-12-21T03:46:34.420  2.84106000E-04  1.45193500E-03  1.47066000E-04
2001-12-21T03:46:35.416 -9.89833000E-04 -5.14009000E-04 -9.87680000E-04
2001-12-21T03:46:36.420  8.71515000E-04  2.57978000E-04 -2.11455000E-04
2001-12-21T03:46:37.412 -1.09112600E-03 -1.10621400E-03 -1.39250000E-04
2001-12-21T03:46:38.420  5.26542000E-04  1.08376700E-03 -3.35460000E-04
2001-12-21T03:46:39.412 -1.21177500E-03  4.66273000E-04  7.00597000E-04
2001-12-21T03:46:40.416  7.38464000E-04  4.24190000E-04  6.41430000E-05
2001-12-21T03:46:41.416 -2.48432000E-04 -1.06366900E-03 -6.71595000E-04
2001-12-21T03:46:42.420  8.98243000E-04  8.24800000E-05  4.68673000E-04
2001-12-21T03:46:43.412  1.12240000E-05  1.33864000E-04  9.99700000E-05
2001-12-21T03:46:44.420 -4.24930000E-04  8.83155000E-04  1.59649000E-04
2001-12-21T03:46:45.416  4.49892000E-04 -1.71256000E-04  3.70847000E-04
2001-12-21T03:46:46.424  3.10059000E-04 -7.66929000E-04  8.46850000E-05
2001-12-21T03:46:47.416  7.97604000E-04  8.64050000E-05 -2.39940000E-05
2001-12-21T03:46:48.420 -7.59331000E-04  3.26120000E-05 -6.30537000E-04
2001-12-21T03:46:49.412 -8.18540000E-05  2.72530000E-04 -4.25389000E-04
2001-12-21T03:46:50.416 -7.69154000E-04 -1.03153800E-03 -1.35284000E-04
2001-12-21T03:46:51.416  1.26856200E-03  6.93254000E-04  6.37510000E-04
2001-12-21T03:46:52.416 -5.85788000E-04 -1.56205100E-03 -1.99704000E-04
2001-12-21T03:46:53.412  8.11454000E-04  1.21092700E-03  2.79188000E-04
2001-12-21T03:46:54.420 -4.67755000E-04  2.23311000E-04  7.49060000E-05
2001-12-21T03:46:55.412  1.47619000E-03 -1.28438000E-04 -4.07860000E-04
2001-12-21T03:46:56.416 -5.91572000E-04 -1.17522200E-03  1.89599000E-04
2001-12-21T03:46:57.416  6.03870000E-05  8.94386000E-04  3.33314000E-04
2001-12-21T03:46:58.420 -1.59892400E-03  7.58340000E-04  2.34781000E-04
2001-12-21T03:46:59.412  7.19630000E-05  1.28430000E-04  4.62241000E-04
2001-12-21T03:47:00.420  3.90960000E-04 -3.59105000E-04 -9.14840000E-04
2001-12-21T03:47:01.416  2.64654000E-04 -2.33299000E-04  4.40154000E-04
2001-12-21T03:47:02.420 -6.91899000E-04  2.93050000E-05  8.18843000E-04
2001-12-21T03:47:03.416 -6.34747000E-04 -6.84600000E-05  7.77201000E-04
2001-12-21T03:47:04.420  4.63617000E-04  6.92788000E-04 -2.54337000E-04
2001-12-21T03:47:05.412  2.33069000E-04 -1.24188100E-03  3.69385000E-04
2001-12-21T03:47:06.420  5.60645000E-04 -1.88022000E-04 -8.04422000E-04
2001-12-21T03:47:07.416 -9.23432000E-04  1.00963000E-04 -6.24477000E-04
2001-12-21T03:47:08.416  1.27441800E-03  1.01723800E-03 -1.36149000E-03
2001-12-21T03:47:09.412 -6.40014000E-04 -6.40385000E-04 -8.00908000E-04
2001-12-21T03:47:10.420  1.61971300E-03  1.77133000E-04 -2.48105000E-04
2001-12-21T03:47:11.412 -1.17580600E-03 -7.51066000E-04  2.04941000E-04
2001-12-21T03:47:12.416  4.18896000E-04  1.09748200E-03 -2.73042000E-04
2001-12-21T03:47:13.416 -1.24518500E-03 -5.73365000E-04 -7.23110000E-04
2001-12-21T03:47:14.420  1.18583500E-03  2.77440000E-04 -9.05900000E-05
2001-12-21T03:47:15.412 -2.36073000E-04 -2.49476000E-04 -7.56843000E-04
2001-12-21T03:47:16.420  2.12610000E-04  2.91713000E-04 -7.76428000E-04
2001-12-21T03:47:17.416 -1.17540100E-03 -3.57483000E-04  7.83733000E-04
2001-12-21T03:47:18.424 -5.05883000E-04  4.12916000E-04  3.87136000E-04
2001-12-21T03:47:19.416  1.04436300E-03 -1.76142000E-04 -3.49476000E-04
2001-12-21T03:47:20.420  3.49832000E-04 -8.15148000E-04 -7.10896000E-04
2001-12-21T03:47:21.412  1.88711000E-04  7.72805000E-04 -8.83842000E-04
2001-12-21T03:47:22.416 -1.04335300E-03  4.05269000E-04  3.62267000E-04
2001-12-21T03:47:23.416  4.20624000E-04  4.72981000E-04 -3.21558000E-04
2001-12-21T03:47:24.420 -2.72915000E-04 -9.92356000E-04  1.14835600E-03
2001-12-21T03:47:25.412  1.42195800E-03  6.05946000E-04  3.79300000E-05
2001-12-21T03:47:26.420 -9.84310000E-04 -3.03362000E-04  7.53416000E-04
2001-12-21T03:47:27.412  1.83177000E-04  1.64408000E-03 -3.18817000E-04
2001-12-21T03:47:28.416 -1.33016500E-03 -2.14635000E-04  3.29803000E-04
2001-12-21T03:47:29.416  1.42029800E-03 -4.15817000E-04  3.54270000E-05
2001-12-21T03:47:30.420 -3.17797000E-04 -8.53698000E-04  5.11577000E-04
2001-12-21T03:47:31.412 -3.72614000E-04  7.79649000E-04  1.09298600E-03
2001-12-21T03:47:32.420 -7.03565000E-04  5.74735000E-04  9.55078000E-04
2001-12-21T03:47:33.416  2.38771000E-04  3.11998000E-04  5.17594000E-04
2001-12-21T03:47:34.424  5.64034000E-04 -5.27775000E-04 -1.06715000E-04
2001-12-21T03:47:35.416  9.98690000E-05 -3.10076000E-04  2.40912000E-04
2001-12-21T03:47:36.420  5.03447000E-04  1.13965500E-03 -7.53710000E-05
2001-12-21T03:47:37.412 -9.18753000E-04  1.11117000E-04  5.43422000E-04
2001-12-21T03:47:38.416  9.23720000E-04  8.16868000E-04 -6.85570000E-05
2001-12-21T03:47:39.416 -4.96010000E-04 -1.10063200E-03 -1.99497000E-04
2001-12-21T03:47:40.416  8.69502000E-04  8.90073000E-04  1.18579000E-04
2001-12-21T03:47:41.412 -1.29784400E-03 -4.52601000E-04 -1.02073600E-03
2001-12-21T03:47:42.420  4.74282000E-04  9.76836000E-04  2.42063000E-04
2001-12-21T03:47:43.412 -1.00439500E-03 -1.16575400E-03  4.59262000E-04
2001-12-21T03:47:44.416  6.83330000E-04 -8.90830000E-05 -1.47077000E-04
2001-12-21T03:47:45.416 -7.27267000E-04 -4.18396000E-04 -5.90877000E-04
2001-12-21T03:47:46.420 -2.43677000E-04  8.54359000E-04 -8.43925000E-04
2001-12-21T03:47:47.412 -3.86095000E-04 -1.32722000E-04 -9.25633000E-04
2001-12-21T03:47:48.420  4.25551000E-04 -1.39294000E-04 -7.65863000E-04
2001-12-21T03:47:49.416  5.79395000E-04 -1.44538000E-04 -1.47538000E-04
2001-12-21T03:47:50.420 -3.76170000E-05 -3.40947000E-04  1.06817000E-04
2001-12-21T03:47:51.416 -6.88660000E-04  2.97145000E-04 -3.76599000E-04
2001-12-21T03:47:52.420 -9.59535000E-04  1.84431000E-04  3.03535000E-04
2001-12-21T03:47:53.412  2.62036000E-04  7.10000000E-06 -9.56064000E-04
2001-12-21T03:47:54.420 -2.63625000E-04 -1.04878400E-03 -4.58067000E-04
2001-12-21T03:47:55.416  1.08783300E-03  5.16869000E-04  6.10980000E-05
2001-12-21T03:47:56.416 -1.30218700E-03 -7.52970000E-05  1.90774000E-04
2001-12-21T03:47:57.412  1.94061000E-04  1.38053500E-03  3.12177000E-04
2001-12-21T03:47:58.420 -9.60178000E-04 -7.29940000E-04 -4.54427000E-04
2001-12-21T03:47:59.412  1.58868800E-03  3.01637000E-04 -8.72660000E-05
2001-12-21T03:48:00.416 -4.69126000E-04 -4.69295000E-04 -7.95775000E-04
2001-12-21T03:48:01.416  3.49120000E-04  9.08950000E-04 -6.49934000E-04
2001-12-21T03:48:02.420 -1.72548000E-03  1.23770000E-05  4.11131000E-04
2001-12-21T03:48:03.412  1.53007000E-04  5.01740000E-04  3.12700000E-05
2001-12-21T03:48:04.420  1.99703000E-04 -7.65585000E-04  4.32648000E-04
2001-12-21T03:48:05.416  4.54883000E-04 -3.06440000E-05 -5.75452000E-04
2001-12-21T03:48:06.424 -5.29370000E-04  8.67645000E-04 -8.06846000E-04
2001-12-21T03:48:07.416 -8.33010000E-04  6.99672000E-04 -3.80670000E-04
2001-12-21T03:48:08.420 -3.32986000E-04  5.75090000E-05  2.82760000E-04
2001-12-21T03:48:09.412  3.48398000E-04 -7.57730000E-04  1.09955000E-04
2001-12-21T03:48:10.416  8.23725000E-04  4.09021000E-04 -1.13017000E-04
2001-12-21T03:48:11.416 -1.13847100E-03  2.59854000E-04  1.20056300E-03
2001-12-21T03:48:12.420  3.31298000E-04  1.39577200E-03  2.76564000E-04
2001-12-21T03:48:13.412 -6.13013000E-04 -1.29819600E-03 -2.25389000E-04
2001-12-21T03:48:14.420  1.16583200E-03  1.42762000E-04  1.57932000E-04
2001-12-21T03:48:15.412 -6.56171000E-04 -5.07245000E-04 -5.29815000E-04
2001-12-21T03:48:16.416  2.41355000E-04  1.18736800E-03  1.10449100E-03
2001-12-21T03:48:17.416 -1.61681500E-03 -1.46419000E-04  1.11575500E-03
2001-12-21T03:48:18.420  5.46018000E-04  2.68952000E-04  9.00604000E-04
2001-12-21T03:48:19.412  3.11048000E-04 -6.48186000E-04 -9.17250000E-05
2001-12-21T03:48:20.420  2.85383000E-04  8.25770000E-05  9.15500000E-05
2001-12-21T03:48:21.416 -6.43800000E-06  6.28409000E-04  5.20506000E-04
2001-12-21T03:48:22.420 -3.58995000E-04  2.13270000E-04  4.37141000E-04
2001-12-21T03:48:23.416  2.22543000E-04  3.92713000E-04 -7.93370000E-05
2001-12-21T03:48:24.424  1.44414000E-04 -1.11799300E-03  7.29035000E-04
2001-12-21T03:48:25.412  7.27475000E-04  5.73790000E-04 -9.43894000E-04
2001-12-21T03:48:26.416 -1.14494100E-03 -2.10255000E-04  4.04281000E-04
2001-12-21T03:48:27.416  3.75168000E-04  1.50712400E-03 -3.03531000E-04
2001-12-21T03:48:28.416 -1.06093600E-03 -1.23720100E-03  5.21624000E-04
2001-12-21T03:48:29.412  1.32250100E-03  1.52896000E-04  1.11164800E-03
2001-12-21T03:48:30.420 -5.22281000E-04 -7.81664000E-04  9.78683000E-04
2001-12-21T03:48:31.412  9.57110000E-05  1.46250500E-03  3.38573000E-04
2001-12-21T03:48:32.416 -8.97239000E-04 -2.82448000E-04 -4.18445000E-04
2001-12-21T03:48:33.416  1.24896300E-03 -1.97768000E-04 -1.04197500E-03
2001-12-21T03:48:34.420 -7.62133000E-04 -1.25317200E-03 -2.38428000E-04
2001-12-21T03:48:35.412  5.11166000E-04  3.21591000E-04  7.59390000E-05
2001-12-21T03:48:36.420 -6.01409000E-04  6.14394000E-04 -3.08030000E-05
2001-12-21T03:48:37.416 -4.92665000E-04  1.07100600E-03  6.40035000E-04
2001-12-21T03:48:38.420 -2.11971000E-04 -6.46217000E-04 -7.89343000E-04
2001-12-21T03:48:39.416  3.56057000E-04 -7.78866000E-04  1.57645000E-04
2001-12-21T03:48:40.420  9.16916000E-04  3.02860000E-04 -6.50572000E-04
2001-12-21T03:48:41.412 -8.91930000E-04 -3.16880000E-05  9.17600000E-05
2001-12-21T03:48:42.420 -7.98200000E-06  9.98927000E-04  6.89030000E-05
2001-12-21T03:48:43.416  2.37842000E-04 -1.19408000E-03  3.46380000E-04
2001-12-21T03:48:44.420  1.18881100E-03 -3.52446000E-04 -1.23987900E-03
2001-12-21T03:48:45.412 -4.57177000E-04 -6.09204000E-04 -1.09946700E-03
2001-12-21T03:48:46.420  4.01029000E-04  1.33260300E-03  2.31935000E-04
2001-12-21T03:48:47.412 -1.07385000E-03 -8.64760000E-05 -1.15915000E-04
2001-12-21T03:48:48.416  3.97361000E-04  1.17639000E-04 -1.05402400E-03
2001-12-21T03:48:49.416  6.03995000E-04 -3.27015000E-04  7.31051000E-04
2001-12-21T03:48:50.420  1.11242000E-04  1.67217000E-04 -1.82062000E-04
2001-12-21T03:48:51.412  5.02150000E-04  1.11566300E-03 -6.87946000E-04
2001-12-21T03:48:52.420 -9.92863000E-04  5.14163000E-04 -3.43479000E-04
2001-12-21T03:48:53.416 -1.18383000E-04  4.58805000E-04  4.57505000E-04
2001-12-21T03:48:54.424 -6.60911000E-04 -4.28422000E-04  4.03315000E-04
2001-12-21T03:48:55.416  8.23891000E-04 -3.17790000E-05  6.46197000E-04
2001-12-21T03:48:56.420 -8.70709000E-04 -4.05547000E-04 -2.44918000E-04
2001-12-21T03:48:57.412  4.37202000E-04  1.93367200E-03 -1.28067100E-03
2001-12-21T03:48:58.416 -9.46881000E-04 -7.40360000E-05 -2.80180000E-04
2001-12-21T03:48:59.416  5.87044000E-04  4.31135000E-04  7.33902000E-04
2001-12-21T03:49:00.420 -5.03231000E-04 -7.16452000E-04 -2.29570000E-04
2001-12-21T03:49:01.412  5.54056000E-04 -1.14294000E-04  1.15141500E-03
2001-12-21T03:49:02.420  7.02772000E-04  1.30619400E-03 -3.62868000E-04
2001-12-21T03:49:03.412 -1.21016000E-03  5.87718000E-04 -4.72509000E-04
2001-12-21T03:49:04.416  5.19280000E-04  1.17178400E-03 -1.45522400E-03
2001-12-21T03:49:05.416 -7.35065000E-04 -6.86332000E-04  1.41516000E-04
2001-12-21T03:49:06.420  5.67181000E-04 -9.67500000E-05 -2.11770000E-04
2001-12-21T03:49:07.412 -9.79736000E-04 -1.07804300E-03  7.54105000E-04
2001-12-21T03:49:08.420  1.85136000E-04  1.37176500E-03  1.35081800E-03
2001-12-21T03:49:09.416 -1.15171800E-03 -6.68292000E-04 -6.08448000E-04
2001-12-21T03:49:10.420  3.48629000E-04  3.38182000E-04 -8.48633000E-04
2001-12-21T03:49:11.416  7.77190000E-04  2.73726000E-04 -1.53348300E-03
2001-12-21T03:49:12.420 -1.84178000E-04  8.70440000E-05 -4.70910000E-04
2001-12-21T03:49:13.412  6.42813000E-04  2.33187000E-04  3.91649000E-04
2001-12-21T03:49:14.420 -1.18312500E-03  7.10000000E-06 -1.08307000E-04
2001-12-21T03:49:15.416  3.92005000E-04  1.43963800E-03  1.05594700E-03
2001-12-21T03:49:16.416 -1.56792800E-03  7.15750000E-05  3.62230000E-05
2001-12-21T03:49:17.412  5.27444000E-04  4.00563000E-04 -8.65671000E-04
2001-12-21T03:49:18.420  4.89017000E-04 -6.75440000E-04  9.43120000E-04
2001-12-21T03:49:19.412 -5.07943000E-04  1.65891000E-04 -3.17318000E-04
2001-12-21T03:49:20.416  9.73827000E-04  9.16144000E-04 -7.92723000E-04
2001-12-21T03:49:21.416 -8.87449000E-04  1.66177000E-04 -3.99280000E-04
2001-12-21T03:49:22.420  4.65583000E-04  5.13823000E-04  3.61870000E-04
2001-12-21T03:49:23.412 -7.75062000E-04 -1.08885500E-03 -1.45610000E-05
2001-12-21T03:49:24.424  1.14137800E-03 -2.84038000E-04 -9.29442000E-04
2001-12-21T03:49:25.416  4.50719000E-04 -2.33082000E-04 -9.40680000E-05
2001-12-21T03:49:26.420 -4.78265000E-04  4.52380000E-04 -2.63030000E-04
2001-12-21T03:49:27.416  7.39405000E-04  1.99730200E-03  8.28473000E-04
2001-12-21T03:49:28.420 -1.47351900E-03  5.71422000E-04  6.06580000E-05
2001-12-21T03:49:29.412  7.17280000E-04  1.20325100E-03  1.13432300E-03
2001-12-21T03:49:30.420 -1.04567500E-03  2.77636000E-04 -3.45350000E-05
2001-12-21T03:49:31.416  2.54368000E-04 -2.69436000E-04 -1.92934000E-04
2001-12-21T03:49:32.416  7.94190000E-04  1.35311000E-04 -6.29502000E-04
2001-12-21T03:49:33.412 -3.95690000E-04 -8.91281000E-04  1.54403000E-04
2001-12-21T03:49:34.420  5.46813000E-04  1.30640100E-03 -3.66056000E-04
2001-12-21T03:49:35.412 -7.64691000E-04  3.05177000E-04  3.41097000E-04
2001-12-21T03:49:36.416 -4.21233000E-04  8.82035000E-04 -8.65519000E-04
2001-12-21T03:49:37.416  4.96686000E-04  1.99716900E-03 -5.10291000E-04
2001-12-21T03:49:38.420 -4.92350000E-04  2.65361000E-04 -7.06228000E-04
2001-12-21T03:49:39.412  2.39954000E-04  4.15859000E-04  5.02560000E-04
2001-12-21T03:49:40.420  1.32341300E-03  9.14569000E-04 -1.88303000E-04
2001-12-21T03:49:41.416 -9.69080000E-05 -6.45206000E-04  4.63120000E-04
2001-12-21T03:49:42.424  1.49557500E-03  3.96854000E-04  4.98303000E-04
2001-12-21T03:49:43.416  5.08344000E-04  6.77310000E-05 -3.72458000E-04
2001-12-21T03:49:44.420  1.11805000E-04 -1.96285000E-04  3.21951000E-04
2001-12-21T03:49:45.412  1.21795300E-03  1.31450200E-03 -2.34501000E-04
2001-12-21T03:49:46.416 -1.15114000E-04  7.94298000E-04  2.50442000E-04
2001-12-21T03:49:47.416 -8.85562000E-04  2.25471000E-04  9.45588000E-04
2001-12-21T03:49:48.420  6.68678000E-04  1.30574800E-03 -2.63685000E-04
2001-12-21T03:49:49.412  3.22400000E-05  8.62684000E-04 -1.31979000E-03
2001-12-21T03:49:50.420 -5.54214000E-04 -2.73063000E-04 -9.87775000E-04
2001-12-21T03:49:51.412  4.13439000E-04  9.46375000E-04 -2.68734000E-04
2001-12-21T03:49:52.416  1.25127600E-03  1.72909100E-03 -7.89104000E-04
2001-12-21T03:49:53.416  2.44830000E-05  8.47309000E-04  4.51958000E-04
2001-12-21T03:49:54.420 -9.71178000E-04  1.73677000E-04  6.39481000E-04
2001-12-21T03:49:55.412  7.57775000E-04  9.97608000E-04 -2.70221000E-04
2001-12-21T03:49:56.420  1.57913300E-03  1.57006400E-03  5.10180000E-05
2001-12-21T03:49:57.416  1.79871000E-04  4.27308000E-04 -2.98978000E-04
2001-12-21T03:49:58.420 -4.11484000E-04  1.32987000E-04  8.25375000E-04
2001-12-21T03:49:59.416  6.68571000E-04  7.71686000E-04 -9.40315000E-04
2001-12-21T03:50:00.420  6.17992000E-04  2.17840100E-03 -3.45754000E-04
2001-12-21T03:50:01.412 -4.86434000E-04  1.49380200E-03 -6.21911000E-04
2001-12-21T03:50:02.416 -1.91620500E-03  1.07835100E-03  5.34134000E-04
2001-12-21T03:50:03.416 -1.15132800E-03  8.00129000E-04 -2.77480000E-05
2001-12-21T03:50:04.416 -1.44432000E-04  5.80578000E-04 -5.62410000E-04
2001-12-21T03:50:05.412  1.90604000E-04  1.09030700E-03  4.09555000E-04
2001-12-21T03:50:06.420 -9.03460000E-05  2.34879900E-03 -7.22484000E-04
2001-12-21T03:50:07.412  2.93406000E-04  2.83173800E-03 -9.75571000E-04
2001-12-21T03:50:08.416  5.39535000E-04  1.50325500E-03  2.23202000E-04
2001-12-21T03:50:09.416 -6.14125000E-04  8.70942000E-04  4.95160000E-05
2001-12-21T03:50:10.420 -1.11897500E-03  1.40396400E-03 -2.14507000E-04
2001-12-21T03:50:11.412 -1.13378100E-03  1.89227400E-03  8.17660000E-05
2001-12-21T03:50:12.420 -1.23510200E-03  6.86986000E-04  1.04939600E-03
2001-12-21T03:50:13.416 -4.91804000E-04  6.64069000E-04  7.51789000E-04
2001-12-21T03:50:14.424 -6.47327000E-04  1.54452200E-03  3.33147000E-04
2001-12-21T03:50:15.416 -6.31040000E-04  2.24155100E-03 -6.89715000E-04
2001-12-21T03:50:16.420  1.72500000E-05  1.28278300E-03  5.43224000E-04
2001-12-21T03:50:17.412 -1.24423000E-04  1.97187500E-03  8.79563000E-04
2001-12-21T03:50:18.420 -4.75271000E-04  2.51936000E-03 -3.79349000E-04
2001-12-21T03:50:19.416  6.08293000E-04  1.41050900E-03  7.40643000E-04
2001-12-21T03:50:20.416 -8.41812000E-04  2.17873000E-03  2.48313000E-04
2001-12-21T03:50:21.412 -7.04823000E-04  1.11537500E-03 -2.48077000E-04
2001-12-21T03:50:22.420 -1.35982600E-03  2.93100900E-03 -9.74992000E-04
2001-12-21T03:50:23.412  1.51720200E-03  3.97764400E-03 -9.05840000E-04
2001-12-21T03:50:24.420  5.63486000E-04  3.42014300E-03  8.19530000E-05
2001-12-21T03:50:25.416 -7.94199000E-04  2.83131700E-03 -3.04850000E-04
2001-12-21T03:50:26.420 -7.05639000E-04  2.74306200E-03 -7.58619000E-04
2001-12-21T03:50:27.412  1.13265300E-03  3.75584400E-03  1.18210000E-05
2001-12-21T03:50:28.420 -6.54630000E-05  3.35508900E-03 -6.64775000E-04
2001-12-21T03:50:29.416 -1.31649900E-03  3.63439300E-03  7.77958000E-04
2001-12-21T03:50:30.424  1.08829900E-03  4.37770300E-03 -8.06076000E-04
2001-12-21T03:50:31.416  1.25423000E-04  2.44254600E-03 -9.15650000E-05
2001-12-21T03:50:32.420  1.43564000E-03  3.92716500E-03  8.13398000E-04
2001-12-21T03:50:33.416 -1.07647000E-04  3.92227200E-03 -1.19330000E-04
2001-12-21T03:50:34.420  1.17012000E-03  5.04651500E-03 -1.24060000E-04
2001-12-21T03:50:35.416 -4.81511000E-04  3.42053500E-03 -6.56755000E-04
2001-12-21T03:50:36.420  1.36223300E-03  4.70336500E-03 -6.78033000E-04
2001-12-21T03:50:37.412 -6.79019000E-04  4.22069900E-03 -9.81982000E-04
2001-12-21T03:50:38.420 -7.59530000E-05  5.20544200E-03 -1.18569000E-04
2001-12-21T03:50:39.412  3.62811000E-04  5.73409200E-03  5.67501000E-04
2001-12-21T03:50:40.416 -7.17805000E-04  5.29568200E-03 -2.98667000E-04
2001-12-21T03:50:41.416 -5.32259000E-04  4.58799100E-03 -9.07800000E-05
2001-12-21T03:50:42.420 -1.27062200E-03  5.70981100E-03 -4.68582000E-04
2001-12-21T03:50:43.412 -1.40532000E-03  5.64943900E-03 -9.66290000E-05
2001-12-21T03:50:44.420 -1.00171800E-03  5.84200500E-03 -5.51075000E-04
2001-12-21T03:50:45.416  2.76262000E-04  5.29209500E-03 -1.37471000E-04
2001-12-21T03:50:46.420  4.86845000E-04  5.97808300E-03 -3.49178000E-04
2001-12-21T03:50:47.416  8.08054000E-04  7.19169900E-03  9.73222000E-04
2001-12-21T03:50:48.420  6.53672000E-04  5.28168400E-03 -8.27698000E-04
2001-12-21T03:50:49.412 -1.10428700E-03  4.93415500E-03 -2.32150000E-04
2001-12-21T03:50:50.416 -1.65958900E-03  4.90024000E-03  2.68030000E-04
2001-12-21T03:50:51.416 -1.08332200E-03  4.85130300E-03 -2.63346000E-04
2001-12-21T03:50:52.416 -1.27394600E-03  5.42785500E-03  6.41481000E-04
2001-12-21T03:50:53.412 -3.37378000E-04  7.10673600E-03  1.11533600E-03
2001-12-21T03:50:54.420  4.75866000E-04  8.74307800E-03  1.10859800E-03
2001-12-21T03:50:55.412 -1.28936300E-03  7.36428000E-03 -2.29159000E-04
2001-12-21T03:50:56.416  4.78398000E-04  9.06255200E-03 -1.01437500E-03
2001-12-21T03:50:57.416 -5.17010000E-05  9.69663700E-03 -7.13564000E-04
2001-12-21T03:50:58.420 -1.34647100E-03  8.51589800E-03  2.65747000E-04
2001-12-21T03:50:59.412 -9.66816000E-04  1.00177630E-02  6.60747000E-04
2001-12-21T03:51:00.420 -2.98466000E-04  9.76395300E-03  1.50402500E-03
2001-12-21T03:51:01.416 -4.01887000E-04  1.09625870E-02 -1.21416000E-04
2001-12-21T03:51:02.420 -1.38736000E-04  1.08825300E-02  5.44946000E-04
2001-12-21T03:51:03.416  5.57491000E-04  1.11451470E-02  4.91169000E-04
2001-12-21T03:51:04.420  3.27069000E-04  1.17635250E-02 -2.51560000E-05
2001-12-21T03:51:05.412  4.75420000E-04  1.16931030E-02  4.68650000E-04
2001-12-21T03:51:06.420  7.13861000E-04  1.19195270E-02  3.55119000E-04
2001-12-21T03:51:07.416 -6.38470000E-05  1.15525430E-02  9.35672000E-04
2001-12-21T03:51:08.416 -1.29344400E-03  1.05506100E-02  1.82185000E-04
2001-12-21T03:51:09.412 -3.09105000E-04  1.23575660E-02 -4.25764000E-04
2001-12-21T03:51:10.420  6.16127000E-04  1.26864820E-02  3.04220000E-04
2001-12-21T03:51:11.412 -6.08493000E-04  1.16552840E-02  6.12431000E-04
2001-12-21T03:51:12.416 -1.36228700E-03  1.09264780E-02  1.19498600E-03
2001-12-21T03:51:13.416  9.08513000E-04  1.39523540E-02  1.04305900E-03
2001-12-21T03:51:14.420 -7.13636000E-04  1.36474140E-02 -5.48812000E-04
2001-12-21T03:51:15.412 -6.52202000E-04  1.38441030E-02  3.91549000E-04
2001-12-21T03:51:16.420  6.28785000E-04  1.43938880E-02 -8.13880000E-05
2001-12-21T03:51:17.416 -1.11079500E-03  1.31971570E-02  7.79475000E-04
2001-12-21T03:51:18.424 -4.11332000E-04  1.34222300E-02  5.26725000E-04
2001-12-21T03:51:19.416  1.70852000E-04  1.51028680E-02  1.48364600E-03
2001-12-21T03:51:20.420  7.81611000E-04  1.56108330E-02  3.00364000E-04
2001-12-21T03:51:21.412  3.45932000E-04  1.61768610E-02  4.13669000E-04
2001-12-21T03:51:22.416  2.41481000E-04  1.59410650E-02 -5.82560000E-05
2001-12-21T03:51:23.416  6.39761000E-04  1.59516240E-02  6.56842000E-04
2001-12-21T03:51:24.420  1.27689300E-03  1.57443640E-02  7.99355000E-04
2001-12-21T03:51:25.412  6.91133000E-04  1.64972800E-02  8.55842000E-04
2001-12-21T03:51:26.420 -6.36900000E-04  1.65992860E-02  6.17371000E-04
2001-12-21T03:51:27.412  4.43007000E-04  1.83943620E-02  2.06415000E-04
2001-12-21T03:51:28.416 -1.65797000E-04  1.94494560E-02 -3.60031000E-04
2001-12-21T03:51:29.416 -1.01527500E-03  1.87128600E-02  1.54356000E-04
2001-12-21T03:51:30.420 -4.22710000E-04  1.96017870E-02 -5.52852000E-04
2001-12-21T03:51:31.412  3.19418000E-04  1.99562400E-02  9.42470000E-05
2001-12-21T03:51:32.420 -7.09990000E-04  2.03785370E-02  9.89926000E-04
2001-12-21T03:51:33.416 -3.74352000E-04  1.98076700E-02  7.08572000E-04
2001-12-21T03:51:34.420 -2.45732000E-04  1.97000480E-02  8.01196000E-04
2001-12-21T03:51:35.416 -2.17756000E-04  1.96256790E-02  5.08014000E-04
2001-12-21T03:51:36.420 -5.28103000E-04  2.00153890E-02  7.95612000E-04
2001-12-21T03:51:37.412 -1.25990200E-03  2.08615510E-02  4.07919000E-04
2001-12-21T03:51:38.416  6.96712000E-04  2.28181110E-02  8.37810000E-04
2001-12-21T03:51:39.416 -1.19204800E-03  2.13229900E-02  4.57832000E-04
2001-12-21T03:51:40.416 -8.44672000E-04  2.04459630E-02  9.65613000E-04
2001-12-21T03:51:41.412  8.34285000E-04  2.22626370E-02  3.04712000E-04
2001-12-21T03:51:42.424 -1.15518300E-03  2.11309680E-02  1.86686000E-04
2001-12-21T03:51:43.412 -9.31027000E-04  2.30387730E-02 -3.32736000E-04
2001-12-21T03:51:44.416 -1.67501400E-03  2.38732880E-02  1.26779800E-03
2001-12-21T03:51:45.416 -1.31212700E-03  2.29305610E-02  4.67191000E-04
2001-12-21T03:51:46.420 -1.11701100E-03  2.29164100E-02  1.82106700E-03
2001-12-21T03:51:47.412  1.12889000E-04  2.28328970E-02  1.35892600E-03
2001-12-21T03:51:48.420 -5.85608000E-04  2.43478140E-02  2.37549000E-04
2001-12-21T03:51:49.416 -1.88031800E-03  2.49063220E-02  1.76630000E-04
2001-12-21T03:51:50.420  3.68327000E-04  2.64689640E-02  1.15239600E-03
2001-12-21T03:51:51.416 -1.15264600E-03  2.51040290E-02 -4.10096000E-04
2001-12-21T03:51:52.420 -7.79761000E-04  2.75910700E-02  5.05372000E-04
2001-12-21T03:51:53.416  6.45750000E-05  2.71496880E-02  5.58080000E-04
2001-12-21T03:51:54.420 -8.60009000E-04  2.86333340E-02  1.29350000E-03
2001-12-21T03:51:55.416 -1.30125800E-03  2.83774790E-02  6.40289000E-04
2001-12-21T03:51:56.416 -2.23957000E-04  2.76594420E-02  4.59363000E-04
2001-12-21T03:51:57.412 -9.86778000E-04  2.93571220E-02  1.02350500E-03
2001-12-21T03:51:58.420  8.55580000E-04  3.17578910E-02  1.02110100E-03
2001-12-21T03:51:59.412 -2.11487000E-03  2.99659610E-02  5.96378000E-04
2001-12-21T03:52:00.416 -2.39754000E-04  3.02945770E-02  3.72899000E-04
2001-12-21T03:52:01.416 -2.54601000E-04  3.00922360E-02  2.28096000E-04
2001-12-21T03:52:02.420 -1.37589300E-03  2.89924950E-02 -4.55146000E-04
2001-12-21T03:52:03.412 -1.57944700E-03  3.18547190E-02  4.44600000E-06
2001-12-21T03:52:04.420 -9.94264000E-04  3.18232100E-02  2.90683000E-04
2001-12-21T03:52:05.416 -1.13192800E-03  3.17542220E-02  4.38883000E-04
2001-12-21T03:52:06.424 -7.58964000E-04  3.24380320E-02  1.49167200E-03
2001-12-21T03:52:07.416  3.65690000E-04  3.52815170E-02  5.84788000E-04
2001-12-21T03:52:08.420 -1.01899900E-03  3.32698640E-02  1.23435400E-03
2001-12-21T03:52:09.412 -4.62417000E-04  3.49328780E-02  1.99470000E-05
2001-12-21T03:52:10.416 -1.00076700E-03  3.44515260E-02 -1.18190000E-04
2001-12-21T03:52:11.420  1.13958700E-03  3.59796960E-02 -3.55144000E-04
2001-12-21T03:52:12.420 -1.57997700E-03  3.48056070E-02  8.94920000E-04
2001-12-21T03:52:13.412  1.49588000E-04  3.56113020E-02  1.53198400E-03
2001-12-21T03:52:14.420 -3.88289000E-04  3.65427810E-02  8.37350000E-04
2001-12-21T03:52:15.416 -1.56862200E-03  3.60901620E-02  1.35332900E-03
2001-12-21T03:52:16.416 -1.31946300E-03  3.68710940E-02  4.28153000E-04
2001-12-21T03:52:17.416 -7.68077000E-04  3.70028730E-02  9.65740000E-05
2001-12-21T03:52:18.420  2.04027000E-04  3.79236600E-02 -1.60141000E-04
2001-12-21T03:52:19.412 -5.03910000E-05  3.83544450E-02 -5.58661000E-04
2001-12-21T03:52:20.420 -1.63695400E-03  3.78045370E-02  7.95762000E-04
2001-12-21T03:52:21.416  1.75594000E-04  3.86736170E-02  7.53602000E-04
2001-12-21T03:52:22.420 -5.73915000E-04  3.85254170E-02  2.11647000E-04
2001-12-21T03:52:23.416 -1.90983100E-03  3.79695670E-02  1.38280000E-04
2001-12-21T03:52:24.420 -1.15041600E-03  3.80547570E-02  2.57711000E-04
2001-12-21T03:52:25.412  6.66230000E-04  3.88990860E-02  6.25084000E-04
2001-12-21T03:52:26.420 -1.41852900E-03  3.87442890E-02  1.15228400E-03
2001-12-21T03:52:27.420 -3.37666000E-04  3.93611980E-02  6.52468000E-04
2001-12-21T03:52:28.416 -9.72780000E-04  3.92625070E-02  8.59150000E-05
2001-12-21T03:52:29.412 -3.74536000E-04  4.10323660E-02  1.21899800E-03
2001-12-21T03:52:30.420 -1.94295000E-03  3.89287360E-02  1.78832000E-04
2001-12-21T03:52:31.412  2.40550000E-04  3.95737030E-02  3.84813000E-04
2001-12-21T03:52:32.416 -2.09381100E-03  3.82885630E-02 -7.46841000E-04
2001-12-21T03:52:33.416 -3.99345000E-04  3.92117430E-02  1.09285200E-03
2001-12-21T03:52:34.420 -9.65734000E-04  3.89813260E-02  1.75220700E-03
2001-12-21T03:52:35.412 -9.55000000E-06  4.12947570E-02  8.52757000E-04
2001-12-21T03:52:36.420 -1.27613800E-03  3.84035590E-02 -1.63094000E-04
2001-12-21T03:52:37.416 -2.76894000E-04  4.03346080E-02 -2.10498000E-04
2001-12-21T03:52:38.420 -3.35262000E-04  4.05737420E-02  6.52980000E-04
2001-12-21T03:52:39.416 -5.53998000E-04  3.89006470E-02  1.06127300E-03
2001-12-21T03:52:40.420 -1.74256200E-03  3.73596100E-02  1.23365500E-03
2001-12-21T03:52:41.412  4.96986000E-04  3.86536050E-02  7.43012000E-04
2001-12-21T03:52:42.420  5.61711000E-04  3.82697320E-02  8.25182000E-04
2001-12-21T03:52:43.420  6.00711000E-04  3.78190350E-02  1.74299000E-04
2001-12-21T03:52:44.420 -8.67474000E-04  3.67699490E-02  1.03384000E-04
2001-12-21T03:52:45.412 -9.28439000E-04  3.67314410E-02 -1.01007000E-04
2001-12-21T03:52:46.420 -1.92437500E-03  3.52296160E-02  2.54455000E-04
2001-12-21T03:52:47.412 -1.69623300E-03  3.67905160E-02  1.21122200E-03
2001-12-21T03:52:48.420 -6.37257000E-04  3.89207120E-02 -1.31782000E-04
2001-12-21T03:52:49.416 -1.48389700E-03  3.94102600E-02  9.28494000E-04
2001-12-21T03:52:50.420  1.81741000E-04  3.95940840E-02  1.12484900E-03
2001-12-21T03:52:51.412  2.84416000E-04  3.75401900E-02  6.35451000E-04
2001-12-21T03:52:52.420  1.08017700E-03  3.72998790E-02  4.91661000E-04
2001-12-21T03:52:53.416 -1.13595000E-04  3.68568340E-02 -3.59320000E-05
2001-12-21T03:52:54.423 -6.68561000E-04  3.74910790E-02  9.76722000E-04
2001-12-21T03:52:55.420 -7.72691000E-04  3.89552750E-02 -3.78357000E-04
2001-12-21T03:52:56.420 -1.49855600E-03  3.82612530E-02  5.54903000E-04
2001-12-21T03:52:57.412  3.47930000E-05  3.96062280E-02  2.20394000E-04
2001-12-21T03:52:58.416 -3.66770000E-04  3.87320820E-02  5.91197000E-04
2001-12-21T03:52:59.420 -7.23817000E-04  3.72538980E-02 -5.94933000E-04
2001-12-21T03:53:00.420 -2.15477500E-03  3.71501820E-02  3.88716000E-04
2001-12-21T03:53:01.412 -9.39792000E-04  3.59701400E-02  1.37932000E-03
2001-12-21T03:53:02.420 -1.03091500E-03  3.63331250E-02  7.03480000E-04
2001-12-21T03:53:03.412 -1.16003800E-03  3.60173770E-02  1.10138000E-03
2001-12-21T03:53:04.416 -4.17454000E-04  3.64836160E-02  7.08586000E-04
2001-12-21T03:53:05.416  3.14853000E-04  3.52663700E-02  8.85910000E-04
2001-12-21T03:53:06.420  1.20052300E-03  3.39170880E-02  5.29120000E-04
2001-12-21T03:53:07.412 -4.82493000E-04  3.14682280E-02 -8.34040000E-05
2001-12-21T03:53:08.420 -8.81585000E-04  3.27026840E-02 -6.54030000E-05
2001-12-21T03:53:09.416  3.60015000E-04  3.46724320E-02  4.28202000E-04
2001-12-21T03:53:10.423 -9.37120000E-05  3.54312920E-02  5.87012000E-04
2001-12-21T03:53:11.416 -1.71911200E-03  3.50709590E-02  1.31659700E-03
2001-12-21T03:53:12.420  5.92595000E-04  3.56233600E-02  2.21518000E-04
2001-12-21T03:53:13.412 -1.21688100E-03  3.34407050E-02 -2.33922000E-04
2001-12-21T03:53:14.420 -1.18464700E-03  3.28801240E-02  1.50675600E-03
2001-12-21T03:53:15.420  2.39900000E-06  3.46661320E-02  1.66350000E-03
2001-12-21T03:53:16.416 -4.65970000E-04  3.42229230E-02  1.06219800E-03
2001-12-21T03:53:17.412 -1.41034900E-03  3.38288660E-02  3.93399000E-04
2001-12-21T03:53:18.420 -3.27571000E-04  3.56258000E-02  1.72334000E-04
2001-12-21T03:53:19.412 -1.48356600E-03  3.33348620E-02  1.12320000E-04
2001-12-21T03:53:20.416  4.70704000E-04  3.52295600E-02  8.64404000E-04
2001-12-21T03:53:21.416 -6.36182000E-04  3.50192710E-02  2.69386000E-04
2001-12-21T03:53:22.420 -6.97619000E-04  3.41850740E-02  5.69195000E-04
2001-12-21T03:53:23.412 -2.61950000E-05  3.46525420E-02  6.93809000E-04
2001-12-21T03:53:24.420 -1.02675900E-03  3.40124480E-02  1.37336100E-03
2001-12-21T03:53:25.416 -1.70451300E-03  3.25520900E-02  1.26955400E-03
2001-12-21T03:53:26.420 -1.53258700E-03  3.31221000E-02  4.13296000E-04
2001-12-21T03:53:27.416 -7.07695000E-04  3.43696920E-02 -2.79082000E-04
2001-12-21T03:53:28.420  2.49240000E-05  3.40987410E-02 -1.16265200E-03
2001-12-21T03:53:29.412 -1.10363200E-03  3.39850410E-02 -4.69691000E-04
2001-12-21T03:53:30.420 -6.79224000E-04  3.48589760E-02  9.20953000E-04
2001-12-21T03:53:31.420  3.58947000E-04  3.46326720E-02  8.90229000E-04
2001-12-21T03:53:32.416 -8.87172000E-04  3.35525800E-02  1.60540400E-03
2001-12-21T03:53:33.412 -1.24401400E-03  3.23722290E-02  4.42529000E-04
2001-12-21T03:53:34.420 -1.16044000E-03  3.16184200E-02  5.36301000E-04
2001-12-21T03:53:35.412 -1.12536100E-03  3.18529750E-02  3.31196000E-04
2001-12-21T03:53:36.416  2.77156000E-04  3.13849080E-02  2.50234000E-04
2001-12-21T03:53:37.416  3.88987000E-04  3.26298360E-02 -5.03751000E-04
2001-12-21T03:53:38.420 -5.21746000E-04  3.06296980E-02  2.50610000E-05
2001-12-21T03:53:39.412 -2.93065000E-04  3.01237010E-02  8.11911000E-04
2001-12-21T03:53:40.420 -9.54516000E-04  3.07884380E-02  1.44704000E-04
2001-12-21T03:53:41.416 -8.02054000E-04  3.05594410E-02  2.55938000E-04
2001-12-21T03:53:42.423 -1.71092200E-03  2.93156770E-02 -3.29858000E-04
2001-12-21T03:53:43.416  6.76259000E-04  3.05756740E-02  3.31639000E-04
2001-12-21T03:53:44.420 -9.39139000E-04  2.94276380E-02  7.33700000E-04
2001-12-21T03:53:45.412 -2.16168000E-03  2.90914900E-02  6.29279000E-04
2001-12-21T03:53:46.416  5.49487000E-04  3.07270490E-02  7.09262000E-04
2001-12-21T03:53:47.420  2.42953000E-04  3.00145480E-02  2.11712300E-03
2001-12-21T03:53:48.419 -1.14856900E-03  2.90412880E-02  6.05025000E-04
2001-12-21T03:53:49.412 -1.14478100E-03  2.81564350E-02 -3.18523000E-04
2001-12-21T03:53:50.419 -1.60141500E-03  2.78326460E-02  3.89485000E-04
2001-12-21T03:53:51.412 -1.48700600E-03  2.76210490E-02  3.56566000E-04
2001-12-21T03:53:52.416 -1.33029100E-03  2.90848970E-02  9.99753000E-04
2001-12-21T03:53:53.416 -1.76861000E-04  3.01111530E-02  1.43374500E-03
2001-12-21T03:53:54.423  1.28510000E-05  2.97159400E-02  8.67490000E-05
2001-12-21T03:53:55.412  2.59913000E-04  2.95120780E-02  4.54984000E-04
2001-12-21T03:53:56.419 -1.26361600E-03  2.94251110E-02 -8.77065000E-04
2001-12-21T03:53:57.416 -1.93306300E-03  2.84237140E-02 -2.01862000E-04
2001-12-21T03:53:58.419 -1.70383100E-03  2.85463370E-02 -1.21830000E-04
2001-12-21T03:53:59.416  2.28548000E-04  3.09831090E-02  1.80000000E-05
2001-12-21T03:54:00.419 -1.59624600E-03  2.92337850E-02  1.55403400E-03
2001-12-21T03:54:01.412  7.58232000E-04  3.12686790E-02  5.11693000E-04
2001-12-21T03:54:02.416 -6.23469000E-04  2.93782650E-02  7.49330000E-04
2001-12-21T03:54:03.419  1.21745000E-03  3.20556010E-02  8.42115000E-04
2001-12-21T03:54:04.416 -1.79312600E-03  3.06912620E-02 -5.71763000E-04
2001-12-21T03:54:05.416 -2.53700000E-05  3.08983400E-02  9.03209000E-04
2001-12-21T03:54:06.419  3.28720000E-05  2.87705720E-02  7.64350000E-05
2001-12-21T03:54:07.412  4.99401000E-04  2.82989330E-02  1.75272000E-03
2001-12-21T03:54:08.416  3.63883000E-04  2.75628010E-02  5.32039000E-04
2001-12-21T03:54:09.416 -1.13022200E-03  2.61462650E-02  7.43260000E-05
2001-12-21T03:54:10.416 -6.68225000E-04  2.64415000E-02  4.39839000E-04
2001-12-21T03:54:11.412  4.37354000E-04  2.72112120E-02  1.72759000E-04
2001-12-21T03:54:12.419 -1.53604000E-04  2.74981840E-02 -2.71498000E-04
2001-12-21T03:54:13.416 -9.82922000E-04  2.55566390E-02  2.62400000E-04
2001-12-21T03:54:14.423 -3.31155000E-04  2.59813010E-02  3.95238000E-04
2001-12-21T03:54:15.416 -4.80014000E-04  2.56704090E-02  3.31586000E-04
2001-12-21T03:54:16.419 -2.13522300E-03  2.44005230E-02  1.43165600E-03
2001-12-21T03:54:17.412 -9.39418000E-04  2.19248510E-02  5.27277000E-04
2001-12-21T03:54:18.419 -3.39289000E-04  2.22368560E-02  2.57791000E-04
2001-12-21T03:54:19.419 -1.89700000E-06  2.45134310E-02  5.40041000E-04
2001-12-21T03:54:20.416 -7.80098000E-04  2.37314460E-02  3.52063000E-04
2001-12-21T03:54:21.412 -2.61868000E-04  2.35155860E-02 -2.67991000E-04
2001-12-21T03:54:22.419  9.14671000E-04  2.40529650E-02  1.92971700E-03
2001-12-21T03:54:23.412 -5.37656000E-04  2.07559970E-02  5.58592000E-04
2001-12-21T03:54:24.419 -8.06932000E-04  2.08094360E-02  9.88726000E-04
2001-12-21T03:54:25.416 -1.20951000E-04  2.21252910E-02  1.29912400E-03
2001-12-21T03:54:26.416 -1.98472000E-04  1.99358280E-02  2.74280000E-04
2001-12-21T03:54:27.412 -3.90762000E-04  2.13414640E-02 -6.72345000E-04
2001-12-21T03:54:28.419  7.34570000E-05  2.08586210E-02  2.98111000E-04
2001-12-21T03:54:29.416 -9.29643000E-04  1.74402540E-02  8.15178000E-04
2001-12-21T03:54:30.423  7.69806000E-04  1.77209360E-02  9.71989000E-04
2001-12-21T03:54:31.416 -1.56935400E-03  1.66578940E-02  5.41337000E-04
2001-12-21T03:54:32.419  4.14968000E-04  1.83355400E-02  1.09747000E-03
2001-12-21T03:54:33.412 -1.16725500E-03  1.72034990E-02  2.00518000E-04
2001-12-21T03:54:34.416  4.49197000E-04  1.76742410E-02  1.15480000E-05
2001-12-21T03:54:35.419  3.17514000E-04  1.62322990E-02  2.36809000E-04
2001-12-21T03:54:36.419  3.99106000E-04  1.56883110E-02 -1.48535000E-04
2001-12-21T03:54:37.412 -2.59296000E-04  1.44096390E-02  1.04576000E-04
2001-12-21T03:54:38.419 -7.56203000E-04  1.47903320E-02  8.30765000E-04
2001-12-21T03:54:39.412 -1.16993000E-03  1.49329130E-02  1.27086700E-03
2001-12-21T03:54:40.416 -2.50590100E-03  1.41259980E-02  1.11013800E-03
2001-12-21T03:54:41.416 -1.30821800E-03  1.39523870E-02 -7.02600000E-05
2001-12-21T03:54:42.419 -2.55436000E-04  1.44043240E-02  9.64458000E-04
2001-12-21T03:54:43.412 -2.11483000E-04  1.46403090E-02 -3.48915000E-04
2001-12-21T03:54:44.419  7.53200000E-05  1.49493820E-02 -1.35719000E-04
2001-12-21T03:54:45.416  1.16237900E-03  1.49496000E-02  9.73130000E-04
2001-12-21T03:54:46.419 -1.10492600E-03  1.33465110E-02  6.73707000E-04
2001-12-21T03:54:47.416 -6.59930000E-05  1.31129970E-02  8.12781000E-04
2001-12-21T03:54:48.419  1.35548100E-03  1.42759970E-02  8.21803000E-04
2001-12-21T03:54:49.412 -6.32382000E-04  1.18153700E-02 -4.74640000E-04
2001-12-21T03:54:50.416 -3.70747000E-04  1.32726350E-02  4.41827000E-04
2001-12-21T03:54:51.419  4.32547000E-04  1.48711970E-02  1.35568400E-03
2001-12-21T03:54:52.416 -2.06297900E-03  1.24269570E-02 -7.16459000E-04
2001-12-21T03:54:53.412  5.24193000E-04  1.32071160E-02  6.88830000E-05
2001-12-21T03:54:54.419  1.13280300E-03  1.41855460E-02 -5.22457000E-04
2001-12-21T03:54:55.412 -7.07303000E-04  1.23337100E-02 -2.02058000E-04
2001-12-21T03:54:56.416  1.18889900E-03  1.35066130E-02  1.41931000E-04
2001-12-21T03:54:57.416 -1.45748000E-03  1.10172230E-02  4.63363000E-04
2001-12-21T03:54:58.419  5.48186000E-04  1.38937420E-02  3.49421000E-04
2001-12-21T03:54:59.412 -2.00278600E-03  1.21275370E-02  2.71330000E-04
2001-12-21T03:55:00.419  4.48109000E-04  1.31009810E-02  1.57660000E-05
2001-12-21T03:55:01.415 -9.12091000E-04  1.23330040E-02  8.23542000E-04
2001-12-21T03:55:02.419  3.96364000E-04  1.29638870E-02  5.01985000E-04
2001-12-21T03:55:03.415  8.75669000E-04  1.24026160E-02  6.42070000E-04
2001-12-21T03:55:04.419 -7.00677000E-04  1.23238110E-02 -3.61861000E-04
2001-12-21T03:55:05.412 -3.32815000E-04  1.13629840E-02 -3.62980000E-05
2001-12-21T03:55:06.419  1.35078000E-04  1.17489830E-02  7.82551000E-04
2001-12-21T03:55:07.419 -4.18828000E-04  1.37158490E-02  8.44074000E-04
2001-12-21T03:55:08.415 -1.23014500E-03  1.12117200E-02  3.13622000E-04
2001-12-21T03:55:09.412 -1.54363000E-03  1.10555950E-02  1.10823300E-03
2001-12-21T03:55:10.415 -8.12633000E-04  1.15459640E-02 -9.51528000E-04
2001-12-21T03:55:11.412 -1.55262200E-03  1.04013260E-02  8.31859000E-04
2001-12-21T03:55:12.415 -1.91647900E-03  9.39320800E-03  9.38510000E-05
2001-12-21T03:55:13.415 -8.37727000E-04  9.04066100E-03  2.04190000E-04
2001-12-21T03:55:14.419  9.20560000E-05  1.04538700E-02  4.02820000E-04
2001-12-21T03:55:15.412 -3.35262000E-04  9.44786100E-03 -1.06482300E-03
2001-12-21T03:55:16.419 -1.09112800E-03  9.28368100E-03  1.30570000E-04
2001-12-21T03:55:17.415 -2.15130000E-05  9.61425700E-03  5.90241000E-04
2001-12-21T03:55:18.423  6.20763000E-04  1.07842120E-02  1.04246000E-03
2001-12-21T03:55:19.415 -1.44426200E-03  8.46183600E-03  1.58873700E-03
2001-12-21T03:55:20.419  2.47435000E-04  9.99300100E-03  6.11301000E-04
2001-12-21T03:55:21.412 -3.39858000E-04  1.05230140E-02  1.18431000E-03
2001-12-21T03:55:22.415 -5.56472000E-04  8.43449600E-03  3.07605000E-04
2001-12-21T03:55:23.419  8.13141000E-04  9.79515400E-03 -2.33470000E-04
2001-12-21T03:55:24.419 -1.54965500E-03  8.57758500E-03  2.90680000E-04
2001-12-21T03:55:25.412  7.63196000E-04  9.52745400E-03 -3.07435000E-04
2001-12-21T03:55:26.415 -9.30927000E-04  7.34517200E-03  9.51273000E-04
2001-12-21T03:55:27.412  1.38317400E-03  9.34811500E-03  5.73379000E-04
2001-12-21T03:55:28.415 -5.59993000E-04  7.61695800E-03  1.05193000E-04
2001-12-21T03:55:29.415 -9.46943000E-04  6.60909900E-03 -1.78827000E-04
2001-12-21T03:55:30.419  1.98200100E-03  7.92046900E-03 -8.00420000E-05
2001-12-21T03:55:31.412  1.84147000E-04  7.80776800E-03  2.11255000E-04
2001-12-21T03:55:32.419 -1.03504000E-03  7.02695300E-03  5.63436000E-04
2001-12-21T03:55:33.415 -1.87829500E-03  6.18753400E-03  8.46804000E-04
2001-12-21T03:55:34.419  3.32450000E-04  7.40387900E-03  7.64182000E-04
2001-12-21T03:55:35.415  1.24281800E-03  7.63350000E-03  8.48237000E-04
2001-12-21T03:55:36.419  7.76040000E-05  7.56761400E-03  1.38548000E-04
2001-12-21T03:55:37.412 -1.04117100E-03  6.67917600E-03 -6.29261000E-04
2001-12-21T03:55:38.415 -1.28919000E-03  5.72189700E-03 -5.63660000E-04
2001-12-21T03:55:39.419 -4.21608000E-04  6.47755500E-03 -2.73671000E-04
2001-12-21T03:55:40.415 -3.26130000E-04  7.60777400E-03  1.96567000E-04
2001-12-21T03:55:41.412  3.50885000E-04  6.88625500E-03  6.59373000E-04
2001-12-21T03:55:42.419  1.11576500E-03  8.28710700E-03  2.29260000E-04
2001-12-21T03:55:43.412  1.51289900E-03  7.08229000E-03 -1.10490000E-05
2001-12-21T03:55:44.415  9.42207000E-04  6.92239800E-03  3.55277000E-04
2001-12-21T03:55:45.415  9.26108000E-04  6.44117000E-03 -4.57147000E-04
2001-12-21T03:55:46.415  1.01694000E-04  6.88111100E-03 -4.54390000E-05
2001-12-21T03:55:47.412  9.86212000E-04  6.34163000E-03 -5.69551000E-04
2001-12-21T03:55:48.419  5.99647000E-04  6.63827800E-03  6.88069000E-04
2001-12-21T03:55:49.415 -2.26881000E-04  6.11950700E-03 -3.03538000E-04
2001-12-21T03:55:50.419 -3.84262000E-04  4.94953000E-03 -1.09587000E-04
2001-12-21T03:55:51.415 -4.67761000E-04  4.71107900E-03  3.47926000E-04
2001-12-21T03:55:52.419  4.77093000E-04  5.63761500E-03 -3.69974000E-04
2001-12-21T03:55:53.412  2.08496000E-04  5.53875400E-03 -1.14005900E-03
2001-12-21T03:55:54.419 -9.23674000E-04  4.93597600E-03  1.43810000E-05
2001-12-21T03:55:55.419  8.82876000E-04  5.71497500E-03  9.95980000E-05
2001-12-21T03:55:56.415 -1.50626900E-03  4.47558300E-03 -3.54880000E-05
2001-12-21T03:55:57.412  2.24507000E-04  5.63848800E-03  6.14019000E-04
2001-12-21T03:55:58.415 -1.38002100E-03  3.50896800E-03  3.93129000E-04
2001-12-21T03:55:59.412 -1.62894000E-04  4.87125300E-03  2.73838000E-04
2001-12-21T03:56:00.415 -1.03271400E-03  3.15732300E-03  4.46260000E-04
2001-12-21T03:56:01.415 -2.84051000E-04  4.91986100E-03 -4.70354000E-04
2001-12-21T03:56:02.419 -9.01587000E-04  3.70611900E-03  3.50015000E-04
2001-12-21T03:56:03.412  1.09433600E-03  4.48850400E-03 -4.06622000E-04
2001-12-21T03:56:04.419 -6.35470000E-04  2.43012900E-03  6.05934000E-04
2001-12-21T03:56:05.415 -2.37660000E-04  3.08071000E-03 -2.68014000E-04
2001-12-21T03:56:06.423  6.91010000E-05  4.03562600E-03  6.52073000E-04
2001-12-21T03:56:07.415 -4.43042000E-04  2.54673600E-03  5.32476000E-04
2001-12-21T03:56:08.419 -1.12913700E-03  1.72472100E-03  2.22100000E-06
2001-12-21T03:56:09.411 -4.50215000E-04  3.16026700E-03 -1.05392800E-03
2001-12-21T03:56:10.415  1.00404600E-03  2.71037300E-03 -1.13679000E-04
2001-12-21T03:56:11.419  6.59618000E-04  3.58231000E-03 -4.87808000E-04
2001-12-21T03:56:12.419  1.37124700E-03  2.83881700E-03  2.86337000E-04
2001-12-21T03:56:13.411 -2.55752000E-04  3.50585500E-03  5.23370000E-05
2001-12-21T03:56:14.419  4.01896000E-04  2.64151500E-03  1.27117000E-04
2001-12-21T03:56:15.411 -4.80530000E-05  2.73508600E-03  1.12072900E-03
2001-12-21T03:56:16.415  5.47890000E-04  2.19337500E-03  5.54656000E-04
2001-12-21T03:56:17.415  3.53724000E-04  2.20167500E-03  1.97361000E-04
2001-12-21T03:56:18.419  1.29059000E-04  2.53656900E-03 -7.22735000E-04
2001-12-21T03:56:19.411  9.41558000E-04  1.75375500E-03  2.39688000E-04
2001-12-21T03:56:20.419 -6.88500000E-05  3.19048400E-03  7.43494000E-04
2001-12-21T03:56:21.415  2.73193000E-04  2.83733100E-03  6.53397000E-04
2001-12-21T03:56:22.419  1.18355500E-03  1.73407400E-03  1.27231400E-03
2001-12-21T03:56:23.415  6.00336000E-04  2.45808700E-03 -2.91195000E-04
2001-12-21T03:56:24.419 -5.36473000E-04  2.21148500E-03 -4.55497000E-04
2001-12-21T03:56:25.411 -1.49568900E-03  8.02028000E-04 -1.30206000E-04
2001-12-21T03:56:26.415 -1.84585000E-04  6.94397000E-04  3.98174000E-04
2001-12-21T03:56:27.419  3.07861000E-04  1.51799300E-03  7.75900000E-06
2001-12-21T03:56:28.415  5.56629000E-04  2.67608500E-03  6.24863000E-04
2001-12-21T03:56:29.411 -1.40556000E-03  1.99399600E-03  2.51518000E-04
2001-12-21T03:56:30.419 -1.53210800E-03  1.12100500E-03  4.26859000E-04
2001-12-21T03:56:31.411 -5.02582000E-04  1.68648200E-03 -7.81401000E-04
2001-12-21T03:56:32.415  9.48703000E-04  1.88551500E-03  8.99160000E-05
2001-12-21T03:56:33.415  4.17927000E-04  1.05802100E-03  4.24984000E-04
2001-12-21T03:56:34.419 -4.43812000E-04 -2.86511000E-04 -1.05053700E-03
2001-12-21T03:56:35.411  5.87013000E-04  1.01067700E-03  3.91653000E-04
2001-12-21T03:56:36.419  8.70426000E-04  8.30907000E-04  3.66336000E-04
2001-12-21T03:56:37.415 -7.32396000E-04  3.20522000E-04  4.34845000E-04
2001-12-21T03:56:38.419 -5.52187000E-04  1.00202700E-03  1.01592100E-03
2001-12-21T03:56:39.415  6.55714000E-04  1.23148300E-03 -1.21470000E-05
2001-12-21T03:56:40.415 -1.02798700E-03 -7.19860000E-05  5.23580000E-04
2001-12-21T03:56:41.411 -1.19470000E-04  1.10470700E-03 -9.05460000E-04
2001-12-21T03:56:42.419  1.83829000E-04  1.64603900E-03 -9.00095000E-04
2001-12-21T03:56:43.419 -3.39966000E-04  6.76888000E-04 -1.15967200E-03
2001-12-21T03:56:44.419 -1.87460000E-05  5.27502000E-04  6.89311000E-04
2001-12-21T03:56:45.411  7.30410000E-05  2.08385000E-03 -2.06990000E-05
2001-12-21T03:56:46.415 -1.01329600E-03  5.69300000E-05  6.93592000E-04
2001-12-21T03:56:47.411  3.86440000E-05  3.83064000E-04 -7.53890000E-05
2001-12-21T03:56:48.415  8.04975000E-04  4.98196000E-04  5.86623000E-04
2001-12-21T03:56:49.415 -3.05742000E-04 -1.01596200E-03 -4.49432000E-04
2001-12-21T03:56:50.415  1.36722600E-03  3.50054000E-04 -5.79570000E-05
2001-12-21T03:56:51.411  1.72840000E-04 -1.74522000E-04  2.66075000E-04
2001-12-21T03:56:52.419 -8.06500000E-05 -3.45870000E-04  1.66467400E-03
2001-12-21T03:56:53.415  1.14220600E-03  1.28065700E-03  5.01909000E-04
2001-12-21T03:56:54.423 -4.26542000E-04  3.32480000E-05  8.58700000E-06
2001-12-21T03:56:55.415 -2.80947000E-04  9.39139000E-04 -8.40852000E-04
2001-12-21T03:56:56.415 -8.93390000E-05  1.59338200E-03 -3.23114000E-04
2001-12-21T03:56:57.411 -1.49728400E-03  6.15899000E-04 -9.61573000E-04
2001-12-21T03:56:58.415  2.67985000E-04  1.85474300E-03 -3.25713000E-04
2001-12-21T03:56:59.419 -1.25888800E-03  1.96864000E-04  7.43807000E-04
2001-12-21T03:57:00.419 -4.81411000E-04  7.58867000E-04 -2.50382000E-04
2001-12-21T03:57:01.411  6.12979000E-04  1.45094500E-03  1.14332400E-03
2001-12-21T03:57:02.415 -5.83466000E-04 -1.19578500E-03  5.30163000E-04
2001-12-21T03:57:03.411  1.30281200E-03  4.14093000E-04  3.42694000E-04
2001-12-21T03:57:04.415 -4.99845000E-04 -1.17003000E-03 -1.21422400E-03
2001-12-21T03:57:05.415  5.81648000E-04  6.72966000E-04 -4.79772000E-04
2001-12-21T03:57:06.419 -5.26472000E-04 -1.44600000E-05 -5.62249000E-04
2001-12-21T03:57:07.411 -8.26537000E-04  4.79331000E-04  7.35640000E-05
2001-12-21T03:57:08.419 -4.28345000E-04  1.38161900E-03  2.14901000E-04
2001-12-21T03:57:09.415 -1.11065000E-03 -2.44206000E-04  2.01310000E-04
2001-12-21T03:57:10.419  4.15305000E-04  9.69991000E-04  8.17540000E-04
2001-12-21T03:57:11.415 -9.26525000E-04 -6.76025000E-04 -6.63686000E-04
2001-12-21T03:57:12.419  2.50193000E-04  5.29690000E-05  1.21162000E-04
2001-12-21T03:57:13.411  5.57563000E-04  5.83387000E-04 -2.72445000E-04
2001-12-21T03:57:14.419 -2.44700000E-04  2.50151000E-04 -1.15360000E-04
2001-12-21T03:57:15.419  8.91153000E-04  1.76141700E-03 -7.01187000E-04
2001-12-21T03:57:16.415 -1.30887500E-03  1.07400000E-05  3.36020000E-05
2001-12-21T03:57:17.411  3.29785000E-04  1.00836900E-03  1.18638400E-03
2001-12-21T03:57:18.419 -4.59034000E-04 -1.43608000E-04  3.77670000E-04
2001-12-21T03:57:19.411  2.10800000E-04  1.48424000E-04  1.11450500E-03
2001-12-21T03:57:20.415  2.19703000E-04 -6.90892000E-04 -2.53530000E-04
2001-12-21T03:57:21.415 -3.83957000E-04 -8.96150000E-05 -1.04908000E-04
2001-12-21T03:57:22.415  5.04493000E-04  1.36489400E-03 -1.84591300E-03
2001-12-21T03:57:23.411 -1.43007500E-03 -2.21732000E-04 -1.57617200E-03
2001-12-21T03:57:24.419  8.11655000E-04  1.12346600E-03  6.75265000E-04
2001-12-21T03:57:25.415 -5.59106000E-04 -1.05558200E-03  6.67900000E-05
2001-12-21T03:57:26.419  9.69817000E-04 -4.40310000E-05  1.00120400E-03
2001-12-21T03:57:27.415  3.99117000E-04  1.81697000E-04  1.59999600E-03
2001-12-21T03:57:28.415 -1.21945000E-04  8.20160000E-05 -3.33269000E-04
2001-12-21T03:57:29.411 -2.19405000E-04  1.02707500E-03 -1.26566000E-04
2001-12-21T03:57:30.419 -7.95627000E-04  3.40972000E-04 -3.85898000E-04
2001-12-21T03:57:31.419  4.81805000E-04  8.20224000E-04 -7.21238000E-04
2001-12-21T03:57:32.415 -1.54061000E-04 -8.66357000E-04  7.58381000E-04
2001-12-21T03:57:33.411  1.43932500E-03  2.40408000E-04 -1.25334000E-04
2001-12-21T03:57:34.419 -7.13945000E-04 -1.18215800E-03  8.91481000E-04
2001-12-21T03:57:35.411  4.70878000E-04  1.22429000E-03  2.56297000E-04
2001-12-21T03:57:36.415 -1.79321200E-03  2.32627000E-04  7.29660000E-04
2001-12-21T03:57:37.415  6.52615000E-04  8.67935000E-04  2.45916000E-04
2001-12-21T03:57:38.415 -5.61752000E-04 -9.43345000E-04 -4.53243000E-04
2001-12-21T03:57:39.411  1.29455900E-03 -1.84903000E-04  4.62025000E-04
2001-12-21T03:57:40.419  1.63036000E-04 -7.36130000E-05 -1.02399700E-03
2001-12-21T03:57:41.415 -9.58040000E-05  6.92433000E-04 -7.70100000E-05
2001-12-21T03:57:42.423 -1.10885300E-03  4.26218000E-04  1.81565000E-04
2001-12-21T03:57:43.415 -2.98361000E-04 -1.47300000E-06 -2.06468000E-04
2001-12-21T03:57:44.419  1.22152300E-03 -2.03900000E-04 -7.11690000E-04
2001-12-21T03:57:45.411 -1.50979000E-04 -6.91827000E-04 -4.72642000E-04
2001-12-21T03:57:46.415  6.00113000E-04  1.28943600E-03 -1.25103000E-03
2001-12-21T03:57:47.419 -9.54839000E-04  8.55760000E-05 -4.72066000E-04
2001-12-21T03:57:48.419  2.82795000E-04  8.69007000E-04  3.66173000E-04
2001-12-21T03:57:49.411 -1.19621200E-03 -8.95145000E-04  4.74013000E-04
2001-12-21T03:57:50.415  7.04729000E-04  5.83850000E-05  8.33673000E-04
2001-12-21T03:57:51.411 -6.37871000E-04 -8.24521000E-04  1.30483000E-04
2001-12-21T03:57:52.415  5.29140000E-05  1.00567300E-03 -2.92331000E-04
2001-12-21T03:57:53.415 -1.99574700E-03 -3.25830000E-05 -2.44414000E-04
2001-12-21T03:57:54.419  3.37205000E-04  7.12268000E-04 -1.13002300E-03
2001-12-21T03:57:55.411 -2.02985000E-04 -1.89330000E-04 -2.66823000E-04
2001-12-21T03:57:56.419  5.84548000E-04 -2.56304000E-04  5.48659000E-04
2001-12-21T03:57:57.415 -2.92106000E-04 -4.55596000E-04  9.38652000E-04
2001-12-21T03:57:58.419 -4.59947000E-04  1.61294000E-04  1.60248600E-03
2001-12-21T03:57:59.415 -1.43819000E-04  1.20339000E-03 -2.36552000E-04
2001-12-21T03:58:00.419 -5.09299000E-04 -2.81600000E-06 -2.58620000E-05
2001-12-21T03:58:01.411  1.09677000E-03  4.92115000E-04 -7.06306000E-04
2001-12-21T03:58:02.415  1.38384000E-04 -1.31994000E-03 -5.19205000E-04
2001-12-21T03:58:03.419  7.69723000E-04  5.36032000E-04  5.86545000E-04
2001-12-21T03:58:04.415 -1.36085200E-03 -6.65275000E-04  3.17440000E-04
2001-12-21T03:58:05.411  3.07207000E-04  1.49260100E-03  4.60984000E-04
2001-12-21T03:58:06.419 -1.30042700E-03 -2.53380000E-04  5.91330000E-04
2001-12-21T03:58:07.411  9.91611000E-04  2.06243000E-04  2.58379000E-04
2001-12-21T03:58:08.415 -6.63806000E-04 -4.61030000E-04 -4.45972000E-04
2001-12-21T03:58:09.415  2.26325000E-04  2.75077000E-04  2.67761000E-04
2001-12-21T03:58:10.415 -1.09776200E-03 -4.45902000E-04  6.14791000E-04
2001-12-21T03:58:11.411 -4.56938000E-04  1.12410300E-03  1.08578100E-03
2001-12-21T03:58:12.419 -1.26593000E-04 -7.13741000E-04 -8.84840000E-04
2001-12-21T03:58:13.415  3.15264000E-04 -1.10470000E-05  9.04558000E-04
2001-12-21T03:58:14.423 -5.51806000E-04 -6.80403000E-04  2.10741000E-04
2001-12-21T03:58:15.415 -3.37490000E-04  3.00963000E-04 -3.87161000E-04
2001-12-21T03:58:16.415 -2.03313000E-04  9.29720000E-04 -1.69524000E-04
2001-12-21T03:58:17.411 -4.93193000E-04  2.39046000E-04 -7.22706000E-04
2001-12-21T03:58:18.419  5.09787000E-04  3.22460000E-05 -7.66817000E-04
2001-12-21T03:58:19.419 -2.80904000E-04 -8.95152000E-04  6.54407000E-04
2001-12-21T03:58:20.415  1.19732000E-04 -2.16427000E-04  3.22990000E-05
2001-12-21T03:58:21.411 -1.14812300E-03 -4.61834000E-04  8.77153000E-04
2001-12-21T03:58:22.415 -9.74180000E-05  1.53630000E-03  1.22556800E-03
2001-12-21T03:58:23.411 -4.21688000E-04 -1.00355900E-03  2.29936000E-04
2001-12-21T03:58:24.415  1.10315600E-03 -6.78060000E-05  3.52723000E-04
2001-12-21T03:58:25.415 -1.61889000E-04 -7.93038000E-04 -4.98208000E-04
2001-12-21T03:58:26.415  1.02139000E-04  6.54152000E-04  1.41567000E-04
2001-12-21T03:58:27.411 -5.64602000E-04 -2.16918000E-04 -1.04493000E-04
2001-12-21T03:58:28.415 -6.54020000E-05  1.00190400E-03 -2.22631000E-04
2001-12-21T03:58:29.415 -2.88732000E-04 -2.64374000E-04  8.00348000E-04
2001-12-21T03:58:30.423  6.49050000E-04 -6.07402000E-04  9.65650000E-05
2001-12-21T03:58:31.415  1.67902000E-04 -1.05647000E-04 -3.96600000E-04
2001-12-21T03:58:32.415 -3.52052000E-04  3.79531000E-04  7.16304000E-04
2001-12-21T03:58:33.411 -1.01499000E-04  1.06287400E-03  9.51640000E-05
2001-12-21T03:58:34.415 -3.83382000E-04  7.67540000E-05 -5.60446000E-04
2001-12-21T03:58:35.419  1.68358000E-04 -2.61489000E-04  2.46501000E-04
2001-12-21T03:58:36.419  1.31176000E-04 -9.09421000E-04  3.33612000E-04
2001-12-21T03:58:37.411  6.22361000E-04  6.17528000E-04  3.98363000E-04
2001-12-21T03:58:38.415 -1.18049700E-03 -2.40370000E-05 -2.00039000E-04
2001-12-21T03:58:39.411  8.81229000E-04  1.03789300E-03  3.52029000E-04
2001-12-21T03:58:40.415 -6.59475000E-04 -7.97060000E-04 -3.13100000E-04
2001-12-21T03:58:41.415  1.61703100E-03  2.44057000E-04 -3.59598000E-04
2001-12-21T03:58:42.419 -9.64310000E-04 -8.31035000E-04 -1.20971900E-03
2001-12-21T03:58:43.411  5.37720000E-05  7.87920000E-04 -6.68794000E-04
2001-12-21T03:58:44.419 -1.36883400E-03 -7.85990000E-05 -1.79885000E-04
2001-12-21T03:58:45.415  9.63530000E-05  6.88315000E-04  2.71194000E-04
2001-12-21T03:58:46.419 -6.21012000E-04 -5.26054000E-04  8.29708000E-04
2001-12-21T03:58:47.415  9.55139000E-04 -2.86060000E-05 -2.51055000E-04
2001-12-21T03:58:48.419 -1.63600000E-06  2.42470000E-05 -6.10187000E-04
2001-12-21T03:58:49.411  1.99400000E-04  7.16440000E-04 -2.01117000E-04
2001-12-21T03:58:50.415 -1.08540300E-03 -1.44205000E-04 -2.68143000E-04
2001-12-21T03:58:51.419  4.64188000E-04  2.55150000E-04 -6.12570000E-05
2001-12-21T03:58:52.415  6.80080000E-05 -1.31448000E-04 -4.53055000E-04
2001-12-21T03:58:53.411  5.25599000E-04 -3.56474000E-04  2.11961000E-04
2001-12-21T03:58:54.419 -1.71336000E-04  2.82570000E-05  3.76030000E-05
2001-12-21T03:58:55.411 -1.00339000E-03  6.18242000E-04 -2.03970000E-05
2001-12-21T03:58:56.415  1.94938000E-04  1.00921800E-03 -2.24590000E-04
2001-12-21T03:58:57.415 -3.07137000E-04 -5.22453000E-04 -4.70325000E-04
2001-12-21T03:58:58.415  5.07061000E-04  2.95287000E-04 -2.98403000E-04
2001-12-21T03:58:59.411 -5.23440000E-05 -6.07649000E-04 -3.34200000E-06
2001-12-21T03:59:00.419  4.71960000E-05  7.37922000E-04  2.68219000E-04
2001-12-21T03:59:01.415 -1.46840600E-03  1.78432000E-04  9.17072000E-04
2001-12-21T03:59:02.419  3.38455000E-04  1.45271900E-03  7.47217000E-04
2001-12-21T03:59:03.415 -1.02969600E-03 -8.72218000E-04  1.62211000E-04
2001-12-21T03:59:04.419  9.83804000E-04  4.20484000E-04 -7.45339000E-04
2001-12-21T03:59:05.411 -6.75632000E-04 -9.35473000E-04 -3.22136000E-04
2001-12-21T03:59:06.419  2.56847000E-04  1.10598500E-03 -1.09517100E-03
2001-12-21T03:59:07.419 -1.94042700E-03 -6.11740000E-05  4.12898000E-04
2001-12-21T03:59:08.415  7.59545000E-04  7.93681000E-04  8.81458000E-04
2001-12-21T03:59:09.411 -1.76612000E-04 -3.13142000E-04  1.86726000E-04
2001-12-21T03:59:10.415  5.81755000E-04 -2.60737000E-04  1.46103500E-03
2001-12-21T03:59:11.411 -4.09526000E-04  3.11795000E-04  6.68815000E-04
2001-12-21T03:59:12.415 -1.08755000E-04  7.69417000E-04 -5.61973000E-04
2001-12-21T03:59:13.415 -1.96960000E-04  1.80721000E-04 -1.99425000E-04
2001-12-21T03:59:14.419  4.09206000E-04 -2.73485000E-04 -5.18312000E-04
2001-12-21T03:59:15.411  1.44725000E-04 -6.56756000E-04  9.56762000E-04
2001-12-21T03:59:16.415 -4.60300000E-04 -5.86990000E-05  4.22263000E-04
2001-12-21T03:59:17.415 -1.29592000E-04  4.55819000E-04  6.94863000E-04
2001-12-21T03:59:18.423 -6.28913000E-04 -1.14180000E-04 -2.87108000E-04
2001-12-21T03:59:19.415  5.64158000E-04  5.36820000E-05  2.72977000E-04
2001-12-21T03:59:20.415 -3.15540000E-05 -7.76139000E-04 -7.15418000E-04
2001-12-21T03:59:21.411  1.43229600E-03  1.67368000E-04  5.82156000E-04
2001-12-21T03:59:22.419 -6.90566000E-04 -8.36664000E-04  2.18089000E-04
2001-12-21T03:59:23.419  4.93948000E-04  1.40466900E-03  1.28421900E-03
2001-12-21T03:59:24.419 -1.66593000E-03  3.13291000E-04 -6.26863000E-04
2001-12-21T03:59:25.411  1.61365000E-04  1.28640700E-03 -2.81931000E-04
2001-12-21T03:59:26.415 -2.64799000E-04 -1.33792800E-03  4.44505000E-04
2001-12-21T03:59:27.411  7.51159000E-04 -4.26654000E-04  2.70895000E-04
2001-12-21T03:59:28.415 -5.44717000E-04  5.64500000E-06 -6.31375000E-04
2001-12-21T03:59:29.415 -4.29887000E-04  5.32354000E-04 -2.09083000E-04
2001-12-21T03:59:30.419 -9.24261000E-04  1.23725000E-04 -2.39036000E-04
2001-12-21T03:59:31.411 -6.71408000E-04  3.35211000E-04 -1.13490000E-03
2001-12-21T03:59:32.419  2.68230000E-04  4.04827000E-04  5.26622000E-04
2001-12-21T03:59:33.415 -1.27057000E-04 -7.21918000E-04  5.41744000E-04
2001-12-21T03:59:34.419  9.49200000E-06 -6.56210000E-05 -6.84736000E-04
2001-12-21T03:59:35.415 -5.92864000E-04  2.54610000E-05 -2.82311000E-04
2001-12-21T03:59:36.419 -3.66038000E-04  8.04812000E-04 -1.03203300E-03
2001-12-21T03:59:37.411 -6.81462000E-04 -1.20367000E-04 -1.43814000E-04
2001-12-21T03:59:38.415  1.28153200E-03  8.13953000E-04  8.29400000E-06
2001-12-21T03:59:39.419 -2.16673000E-04 -8.88291000E-04  4.63038000E-04
2001-12-21T03:59:40.415  4.67897000E-04  9.14976000E-04  9.62047000E-04
2001-12-21T03:59:41.411 -1.24185700E-03  1.12468000E-04 -1.51001000E-04
2001-12-21T03:59:42.419  7.22000000E-05  7.92897000E-04  1.29117500E-03
2001-12-21T03:59:43.411 -7.09039000E-04 -5.36216000E-04  2.60046000E-04
2001-12-21T03:59:44.415  9.58024000E-04  6.55133000E-04 -3.04771000E-04
2001-12-21T03:59:45.415 -7.62875000E-04 -1.34113800E-03 -2.73451000E-04
2001-12-21T03:59:46.415  8.22467000E-04  8.13900000E-04  4.72898000E-04
2001-12-21T03:59:47.407 -1.03063300E-03 -4.69585000E-04 -9.89230000E-05
2001-12-21T03:59:48.419  1.57406000E-04  1.11987000E-03 -2.18120000E-04
2001-12-21T03:59:49.415 -1.15271600E-03 -7.57273000E-04  9.87058000E-04
2001-12-21T03:59:50.419  1.23541800E-03  3.78035000E-04  7.22907000E-04
2001-12-21T03:59:51.415 -1.71193000E-04 -1.12066800E-03  4.21668000E-04
2001-12-21T03:59:52.415  6.54484000E-04  5.89703000E-04 -1.53534600E-03
2001-12-21T03:59:53.411 -1.58338000E-03 -1.31662000E-04 -2.90044000E-04
2001-12-21T03:59:54.419  2.69368000E-04  6.15758000E-04 -5.17693000E-04
2001-12-21T03:59:55.419  1.62395000E-04 -3.54631000E-04 -2.90962000E-04
2001-12-21T03:59:56.415  2.63710000E-04 -6.24030000E-05  6.98714000E-04
2001-12-21T03:59:57.411 -1.98629000E-04 -1.19405000E-04  1.17229800E-03
2001-12-21T03:59:58.415 -6.81341000E-04  8.95028000E-04  6.34028000E-04
2001-12-21T03:59:59.411 -7.75543000E-04  2.56244000E-04  1.43945000E-04
2001-12-21T04:00:00.415  1.23831000E-04  4.20150000E-05 -1.05396900E-03
2001-12-21T04:00:01.415  5.58972000E-04 -3.25770000E-04 -1.43207500E-03
2001-12-21T04:00:02.415  1.52971000E-04 -3.82943000E-04 -6.09839000E-04
2001-12-21T04:00:03.407  1.00477000E-04  4.01362000E-04 -2.97346000E-04
2001-12-21T04:00:04.419 -1.15363600E-03  8.44043000E-04 -5.95130000E-05
2001-12-21T04:00:05.415 -4.37937000E-04  1.05619900E-03  4.22196000E-04
2001-12-21T04:00:06.423 -5.02420000E-04 -5.24901000E-04  8.91490000E-04
2001-12-21T04:00:07.415  3.86495000E-04 -5.77350000E-04  7.39061000E-04
2001-12-21T04:00:08.415 -4.16608000E-04 -5.93112000E-04  1.23897000E-04
2001-12-21T04:00:09.411  1.07334600E-03  1.18966400E-03  1.04495000E-03
2001-12-21T04:00:10.415 -1.44595200E-03  8.96950000E-05  8.70450000E-05
2001-12-21T04:00:11.419 -5.38699000E-04  6.92693000E-04 -4.49807000E-04
2001-12-21T04:00:12.419 -6.37370000E-04 -9.21852000E-04 -5.21703000E-04
2001-12-21T04:00:13.411  6.61366000E-04 -1.95544000E-04 -5.94874000E-04
2001-12-21T04:00:14.419 -6.94864000E-04 -7.27467000E-04 -3.55494000E-04
2001-12-21T04:00:15.411  1.14535700E-03  1.48210600E-03 -2.55181000E-04
2001-12-21T04:00:16.415 -1.34587100E-03  2.38030000E-04  5.00886000E-04
2001-12-21T04:00:17.415  1.29628200E-03  3.65762000E-04  2.09242000E-04
2001-12-21T04:00:18.419 -2.25372000E-04 -1.00742900E-03 -5.02824000E-04
2001-12-21T04:00:19.411  6.82457000E-04  1.43747000E-04  5.60410000E-05
2001-12-21T04:00:20.415 -1.28128400E-03 -9.52117000E-04 -4.45623000E-04
2001-12-21T04:00:21.415  1.71974000E-04  8.28047000E-04  1.56183000E-04
2001-12-21T04:00:22.419 -1.05793300E-02  1.91554900E-03  3.69805000E-04
2001-12-21T04:00:23.415  2.30765600E-03  1.00121580E-02  6.59867900E-03
2001-12-21T04:00:24.419 -7.40006900E-03 -5.39698000E-03  1.31900460E-02
2001-12-21T04:00:25.411  1.01673920E-02  1.65915700E-03  7.67247500E-03
2001-12-21T04:00:26.415 -4.32286800E-03 -5.81486900E-03  1.92349400E-03
2001-12-21T04:00:27.419  9.84900000E-04  3.88937000E-03  1.23042700E-03
2001-12-21T04:00:28.415 -8.73660200E-03  2.04045000E-04 -5.22157800E-03
2001-12-21T04:00:29.411 -1.06025000E-03  7.92850700E-03 -9.13813200E-03
2001-12-21T04:00:30.419 -2.28313400E-03 -6.11686700E-03 -1.82854800E-03
2001-12-21T04:00:31.411  4.38107500E-03 -3.23002400E-03 -1.76287700E-03
2001-12-21T04:00:32.411 -3.22590900E-03  9.27920000E-05 -5.07459700E-03
2001-12-21T04:00:33.415 -9.01591000E-04  3.34931700E-03 -3.77269100E-03
2001-12-21T04:00:34.415 -3.48105900E-03  7.53129500E-03 -1.48779700E-03
2001-12-21T04:00:35.407 -2.72149000E-04  7.99900000E-03 -1.03649550E-02
2001-12-21T04:00:36.419  4.55756400E-03 -4.39116400E-03 -3.19285900E-03
2001-12-21T04:00:37.415  4.53739800E-03 -3.29937200E-03 -1.18279600E-03
2001-12-21T04:00:38.419  2.41831900E-03  4.91616700E-03  5.23093700E-03
2001-12-21T04:00:39.415 -1.09808290E-02 -1.52345800E-03  1.02047630E-02
2001-12-21T04:00:40.415  2.67266500E-03  1.05477610E-02  3.29182500E-03
2001-12-21T04:00:41.411 -6.92076500E-03 -5.58392500E-03  1.37068100E-03
2001-12-21T04:00:42.415  1.02709340E-02  2.60658200E-03 -5.54266500E-03
2001-12-21T04:00:43.419 -4.00132900E-03 -7.83061700E-03 -4.29782800E-03
2001-12-21T04:00:44.415  7.72424900E-03  4.13238100E-03 -5.20198700E-03
2001-12-21T04:00:45.411 -8.47577800E-03 -9.94663000E-04 -2.81622400E-03
2001-12-21T04:00:46.415  4.34575600E-03  7.94349500E-03  4.99678300E-03
2001-12-21T04:00:47.411 -5.86481000E-03 -7.05756700E-03  4.54352700E-03
2001-12-21T04:00:48.415  9.72397000E-03 -1.43933100E-03 -3.58765000E-04
2001-12-21T04:00:49.415 -6.49912800E-03 -9.59572300E-03 -1.38774800E-03
2001-12-21T04:00:50.415  6.39319000E-03  7.16572700E-03 -2.38243700E-03
2001-12-21T04:00:51.407 -1.06233500E-02 -7.17725000E-04 -7.15937400E-03
2001-12-21T04:00:52.415  2.19260300E-03  9.70559200E-03 -5.84433600E-03
2001-12-21T04:00:53.415 -2.48262100E-03 -1.09285500E-03  3.44383600E-03
2001-12-21T04:00:54.423  3.05492200E-03 -2.68809500E-03  4.42494700E-03
2001-12-21T04:00:55.415  3.38902000E-04 -2.75407100E-03  2.94925600E-03
2001-12-21T04:00:56.415  1.07538200E-03  1.99946900E-03  9.04236900E-03
2001-12-21T04:00:57.411 -3.86810300E-03  5.97318100E-03 -1.19758300E-03
2001-12-21T04:00:58.415 -1.02148770E-02 -1.28896200E-03 -3.09441400E-03
2001-12-21T04:00:59.419  6.50809500E-03  6.02410400E-03 -5.43353000E-03
2001-12-21T04:01:00.415 -1.75695800E-03 -7.40216400E-03 -4.27139300E-03
2001-12-21T04:01:01.411  1.13208280E-02  5.62336000E-04 -1.38779600E-03
2001-12-21T04:01:02.415 -7.10622500E-03 -2.26495700E-03  4.49807800E-03
2001-12-21T04:01:03.411  1.49527100E-03  1.10546750E-02  2.66997700E-03
2001-12-21T04:01:04.411 -7.67745400E-03  6.19558000E-04  2.48140500E-03
2001-12-21T04:01:05.415  5.51128200E-03  4.54349800E-03 -7.61506000E-04
2001-12-21T04:01:06.415  7.47096000E-04 -5.49610700E-03 -3.68080700E-03
2001-12-21T04:01:07.407  1.01275720E-02  2.60745200E-03 -8.41052100E-03
2001-12-21T04:01:08.415 -5.58528900E-03 -6.83336800E-03  4.21118000E-04
2001-12-21T04:01:09.415  1.36677900E-03  6.69342900E-03  1.59688900E-03
2001-12-21T04:01:10.419 -9.72790500E-03 -2.33227000E-04  4.24110000E-03
2001-12-21T04:01:11.415  8.19997400E-03  6.11594500E-03  6.72515000E-04
2001-12-21T04:01:12.419 -2.87033900E-03 -9.01228800E-03 -6.84744200E-03
2001-12-21T04:01:13.415  8.07365100E-03  7.76108000E-04 -9.20894800E-03
2001-12-21T04:01:14.415 -1.13988260E-02 -5.78733100E-03 -3.85281000E-03
2001-12-21T04:01:15.419  1.11751800E-03  1.27052280E-02 -7.82444300E-03
2001-12-21T04:01:16.415 -1.37250490E-02 -1.20817700E-03  5.72727900E-03
2001-12-21T04:01:17.411  6.98013400E-03  2.13412400E-03  3.54841000E-03
2001-12-21T04:01:18.415 -4.37489000E-03 -1.02642190E-02  8.70529300E-03
2001-12-21T04:01:19.411  6.39329900E-03  2.85032000E-03  5.61843600E-03
2001-12-21T04:01:20.411 -4.27784200E-03 -2.86506000E-03 -2.72887700E-03
2001-12-21T04:01:21.415  9.60784000E-04  7.92216300E-03 -6.37778300E-03
2001-12-21T04:01:22.415 -6.68878100E-03 -3.23037300E-03 -2.87246500E-03
2001-12-21T04:01:23.411 -8.27695000E-04  2.30699400E-03 -2.01034100E-03
