2001-11-24T15:14:41.968 -8.83222300E-03 -2.69902100E-03 -5.26456800E-03
2001-11-24T15:14:42.968  5.05915700E-03  8.14415800E-03 -9.91614800E-03
2001-11-24T15:14:43.972 -2.71834900E-03 -1.24145090E-02  5.49090000E-04
2001-11-24T15:14:44.968  9.89193600E-03 -1.52734700E-03  1.01565000E-02
2001-11-24T15:14:45.968 -5.04088000E-04 -1.97326000E-04 -7.47650000E-05
2001-11-24T15:14:46.968 -1.75713000E-04  1.07968000E-03  5.30737000E-04
2001-11-24T15:14:47.968 -1.14923400E-03 -3.11785000E-04  5.75334000E-04
2001-11-24T15:14:48.968  6.61877000E-04 -3.10176000E-04 -5.02231000E-04
2001-11-24T15:14:49.968 -2.77410000E-04 -9.97696000E-04 -1.11686400E-03
2001-11-24T15:14:50.964 -4.26792000E-04  6.37824000E-04  2.66422000E-04
2001-11-24T15:14:51.976 -8.47466000E-04  1.12988300E-03  9.99543000E-04
2001-11-24T15:14:52.968  1.64765000E-04 -1.38900000E-06  4.52827000E-04
2001-11-24T15:14:53.968  1.20578900E-03  1.20159000E-04 -9.90064000E-04
2001-11-24T15:14:54.968 -4.34170000E-05 -9.71858000E-04  2.57903000E-04
2001-11-24T15:14:55.968  7.37924000E-04  6.76880000E-04 -2.81728000E-04
2001-11-24T15:14:56.972 -9.23916000E-04  1.81445000E-04 -9.20556000E-04
2001-11-24T15:14:57.968  7.40758000E-04  1.02926300E-03 -6.58310000E-05
2001-11-24T15:14:58.968 -5.08002000E-04 -1.04653500E-03  4.72730000E-04
2001-11-24T15:14:59.964  9.92196000E-04  2.21040000E-04 -2.33270000E-05
2001-11-24T15:15:00.968 -1.05538900E-03 -7.94106000E-04 -1.01594000E-04
2001-11-24T15:15:01.968  4.75032000E-04  1.43601800E-03  9.52563000E-04
2001-11-24T15:15:02.968 -1.34051900E-03 -7.14879000E-04  4.84849000E-04
2001-11-24T15:15:03.968  1.17507500E-03  7.48596000E-04  2.91598000E-04
2001-11-24T15:15:04.968 -7.30764000E-04 -1.05954100E-03  4.65510000E-04
2001-11-24T15:15:05.968  8.86804000E-04  4.22763000E-04  7.45476000E-04
2001-11-24T15:15:06.968 -1.32942200E-03  8.30160000E-05 -1.80578000E-04
2001-11-24T15:15:07.972  5.59772000E-04  8.05920000E-04 -1.05109600E-03
2001-11-24T15:15:08.968 -5.83806000E-04  9.52920000E-05 -4.62468000E-04
2001-11-24T15:15:09.968  1.13117300E-03 -1.53425000E-04  1.16948300E-03
2001-11-24T15:15:10.968  5.79520000E-05 -8.42050000E-05 -6.56802000E-04
2001-11-24T15:15:11.968  2.51427000E-04  4.10635000E-04 -6.57706000E-04
2001-11-24T15:15:12.972 -3.55362000E-04  4.67275000E-04  2.73950000E-05
2001-11-24T15:15:13.968  2.17780000E-05  5.43668000E-04  4.84578000E-04
2001-11-24T15:15:14.968  1.19950300E-03  2.79687000E-04 -6.57580000E-04
2001-11-24T15:15:15.968  1.09554000E-04 -4.24507000E-04  2.86684000E-04
2001-11-24T15:15:16.968 -4.98483000E-04 -5.69297000E-04  3.33625000E-04
2001-11-24T15:15:17.968 -7.74603000E-04  6.40419000E-04 -4.59885000E-04
2001-11-24T15:15:18.968  1.03792800E-03  1.69854800E-03 -7.97159000E-04
2001-11-24T15:15:19.968 -2.11200000E-05 -7.32280000E-04 -4.59006000E-04
2001-11-24T15:15:20.968  3.05476000E-04 -4.18423000E-04  2.93893000E-04
2001-11-24T15:15:21.968 -2.38444000E-04  4.64470000E-05 -3.92529000E-04
2001-11-24T15:15:22.968 -1.09426000E-04  1.07365000E-03  1.58264000E-04
2001-11-24T15:15:23.976 -3.14255000E-04 -7.56660000E-04  5.19995000E-04
2001-11-24T15:15:24.968  1.18185700E-03 -1.41926000E-04  6.88301000E-04
2001-11-24T15:15:25.968 -7.19761000E-04 -4.20699000E-04 -1.27614000E-04
2001-11-24T15:15:26.968  4.00988000E-04  5.07568000E-04 -2.36343000E-04
2001-11-24T15:15:27.968 -1.21866200E-03 -3.49354000E-04 -3.12123000E-04
2001-11-24T15:15:28.972  8.50746000E-04  1.18167500E-03  7.46410000E-05
2001-11-24T15:15:29.968 -9.18650000E-04 -1.22183300E-03 -2.80480000E-05
2001-11-24T15:15:30.968  8.80109000E-04  3.23512000E-04  1.25264900E-03
2001-11-24T15:15:31.968 -1.39160700E-03 -3.50205000E-04  4.24518000E-04
2001-11-24T15:15:32.968  1.64223000E-04  6.37154000E-04 -7.31748000E-04
2001-11-24T15:15:33.968 -7.93178000E-04 -6.79321000E-04  6.52810000E-05
2001-11-24T15:15:34.968  9.23246000E-04 -1.92980000E-05  1.01468100E-03
2001-11-24T15:15:35.968 -5.84018000E-04 -6.36739000E-04  2.89558000E-04
2001-11-24T15:15:36.968  1.66611000E-04  1.02012700E-03 -2.54478000E-04
2001-11-24T15:15:37.968 -1.64579000E-04  5.52349000E-04  2.55818000E-04
2001-11-24T15:15:38.968 -4.63822000E-04  1.15317000E-03  3.72522000E-04
2001-11-24T15:15:39.976 -2.79585000E-04 -6.82744000E-04  1.43898000E-04
2001-11-24T15:15:40.968  4.85488000E-04 -2.72910000E-05  2.98187000E-04
2001-11-24T15:15:41.968  3.74114000E-04  8.91820000E-05  2.78520000E-04
2001-11-24T15:15:42.968 -4.30067000E-04  6.98762000E-04  2.89152000E-04
2001-11-24T15:15:43.972 -7.59097000E-04  1.67390000E-04  5.59390000E-05
2001-11-24T15:15:44.972 -9.55560000E-05 -1.06601000E-04 -2.74370000E-04
2001-11-24T15:15:45.968  3.71423000E-04 -2.77789000E-04  8.63738000E-04
2001-11-24T15:15:46.968 -7.11345000E-04 -3.19830000E-04 -9.86060000E-05
2001-11-24T15:15:47.968  2.31403000E-04  1.25428400E-03 -1.34144300E-03
2001-11-24T15:15:48.968 -1.09801000E-03 -3.44600000E-04 -4.50938000E-04
2001-11-24T15:15:49.968  1.18365500E-03  4.51062000E-04  5.34347000E-04
2001-11-24T15:15:50.968 -5.95405000E-04 -8.01020000E-04 -8.32584000E-04
2001-11-24T15:15:51.968  8.50695000E-04  8.98427000E-04 -1.16691700E-03
2001-11-24T15:15:52.968 -1.15337100E-03 -1.37080000E-04  9.13700000E-05
2001-11-24T15:15:53.968  3.84060000E-04  7.37260000E-04  1.01413700E-03
2001-11-24T15:15:54.968 -4.05048000E-04 -8.47896000E-04  3.25684000E-04
2001-11-24T15:15:55.972  7.71764000E-04  1.40534000E-04 -8.89963000E-04
2001-11-24T15:15:56.968 -1.56700000E-05 -2.83617000E-04  2.06471000E-04
2001-11-24T15:15:57.968 -4.39248000E-04  1.06833500E-03  9.40466000E-04
2001-11-24T15:15:58.968 -5.79658000E-04  5.38202000E-04  4.23910000E-05
2001-11-24T15:15:59.968  3.51985000E-04 -3.85941000E-04  1.26272000E-04
2001-11-24T15:16:00.972  4.61898000E-04 -9.40571000E-04  8.43050000E-04
2001-11-24T15:16:01.968 -7.40110000E-05 -2.00031000E-04 -2.27735000E-04
2001-11-24T15:16:02.968 -2.41186000E-04  1.63818000E-04  2.24939000E-04
2001-11-24T15:16:03.968 -1.13919400E-03  7.42668000E-04  7.81504000E-04
2001-11-24T15:16:04.968 -8.54190000E-05  3.91432000E-04  3.10793000E-04
2001-11-24T15:16:05.968  4.24350000E-05 -7.34874000E-04 -8.52589000E-04
2001-11-24T15:16:06.968  8.44451000E-04  9.87990000E-05  4.21400000E-06
2001-11-24T15:16:07.968 -9.39963000E-04  1.32420000E-05  2.21014000E-04
2001-11-24T15:16:08.968  1.13338000E-03  1.73720400E-03 -1.05412200E-03
2001-11-24T15:16:09.968 -1.01165800E-03 -4.33911000E-04 -4.13697000E-04
2001-11-24T15:16:10.968  1.45024300E-03  6.64145000E-04  1.15079900E-03
2001-11-24T15:16:11.976 -4.89589000E-04 -7.72378000E-04  5.00403000E-04
2001-11-24T15:16:12.968  4.45200000E-05  1.06488600E-03 -1.61224600E-03
2001-11-24T15:16:13.968 -1.01884000E-03 -2.96245000E-04  2.02391000E-04
2001-11-24T15:16:14.968  8.29517000E-04  5.78389000E-04  1.38783200E-03
2001-11-24T15:16:15.968 -9.32461000E-04 -1.04919700E-03  3.10644000E-04
2001-11-24T15:16:16.972  1.11015900E-03  6.10397000E-04 -7.54521000E-04
2001-11-24T15:16:17.968 -9.68430000E-04 -2.35431000E-04  5.39022000E-04
2001-11-24T15:16:18.968  8.16556000E-04  6.55262000E-04  3.62165000E-04
2001-11-24T15:16:19.968 -1.14964900E-03 -4.65444000E-04  3.46112000E-04
2001-11-24T15:16:20.968  1.11606200E-03  6.72140000E-05 -1.21138300E-03
2001-11-24T15:16:21.968 -7.56358000E-04 -6.71410000E-04  2.78407000E-04
2001-11-24T15:16:22.968  2.09061000E-04  9.30354000E-04  8.98217000E-04
2001-11-24T15:16:23.968 -1.36922300E-03  2.47629000E-04  2.91307000E-04
2001-11-24T15:16:24.968  9.24295000E-04 -1.35907000E-04  5.77306000E-04
2001-11-24T15:16:25.968 -3.89285000E-04 -1.07803700E-03 -7.46728000E-04
2001-11-24T15:16:26.968  2.07165000E-04 -1.62435000E-04  8.99990000E-05
2001-11-24T15:16:27.972 -5.98538000E-04  3.82910000E-05 -6.38184000E-04
2001-11-24T15:16:28.968 -2.23520000E-04 -2.19914000E-04 -1.15572000E-04
2001-11-24T15:16:29.968  3.50206000E-04  1.89416000E-04  5.49137000E-04
2001-11-24T15:16:30.968  5.52967000E-04 -1.03474100E-03  2.30699000E-04
2001-11-24T15:16:31.968  4.30970000E-04 -2.04260000E-04 -8.33435000E-04
2001-11-24T15:16:32.972 -5.02749000E-04 -3.16532000E-04  7.47074000E-04
2001-11-24T15:16:33.968 -2.61928000E-04  9.59288000E-04  4.96980000E-05
2001-11-24T15:16:34.968 -5.74340000E-04 -3.44866000E-04 -7.33066000E-04
2001-11-24T15:16:35.968  9.99675000E-04 -3.48070000E-04 -1.34901400E-03
2001-11-24T15:16:36.968 -2.07930000E-05 -9.49377000E-04  8.64507000E-04
2001-11-24T15:16:37.968 -4.18580000E-05  5.04489000E-04 -1.57770000E-04
2001-11-24T15:16:38.968 -8.57507000E-04 -5.73040000E-05 -2.75675000E-04
2001-11-24T15:16:39.968  1.23981000E-03  4.63455000E-04  1.38499000E-04
2001-11-24T15:16:40.968 -7.04416000E-04 -9.03403000E-04  1.40201000E-04
2001-11-24T15:16:41.968  1.18081700E-03  5.37757000E-04  3.00406000E-04
2001-11-24T15:16:42.968 -1.17244200E-03 -5.76832000E-04 -3.54883000E-04
2001-11-24T15:16:43.976  8.56999000E-04  1.32614600E-03  1.28054000E-04
2001-11-24T15:16:44.968 -6.97566000E-04 -1.36388800E-03 -6.46750000E-04
2001-11-24T15:16:45.968  1.33992900E-03  1.61168000E-04  5.54521000E-04
2001-11-24T15:16:46.968 -5.45600000E-05 -9.69776000E-04 -4.82916000E-04
2001-11-24T15:16:47.968  2.35645000E-04  6.57066000E-04 -2.42712000E-04
2001-11-24T15:16:48.972 -9.31308000E-04 -3.94697000E-04 -5.08128000E-04
2001-11-24T15:16:49.968  4.54267000E-04  7.24532000E-04 -3.37092000E-04
2001-11-24T15:16:50.968 -3.03336000E-04 -1.58292600E-03 -2.19730000E-05
2001-11-24T15:16:51.968  7.02330000E-04  1.68900000E-04 -2.32945000E-04
2001-11-24T15:16:52.968 -6.48457000E-04  7.60550000E-05 -1.45188000E-04
2001-11-24T15:16:53.968  3.63627000E-04  6.49561000E-04  6.23826000E-04
2001-11-24T15:16:54.968 -1.86932000E-04 -2.52582000E-04 -2.91420000E-05
2001-11-24T15:16:55.968  8.42735000E-04 -8.31255000E-04 -6.68761000E-04
2001-11-24T15:16:56.968 -3.40032000E-04 -9.78639000E-04 -4.52510000E-05
2001-11-24T15:16:57.968  2.09060000E-05  4.54730000E-05 -1.79929000E-04
2001-11-24T15:16:58.968 -9.69073000E-04  1.84669000E-04  4.67396000E-04
2001-11-24T15:16:59.972 -4.57892000E-04 -3.77258000E-04 -4.44079000E-04
2001-11-24T15:17:00.968  9.13557000E-04 -4.06130000E-05  3.61687000E-04
2001-11-24T15:17:01.968 -1.87800000E-06 -5.95186000E-04  4.74868000E-04
2001-11-24T15:17:02.968  2.40485000E-04  9.36036000E-04  1.04633100E-03
2001-11-24T15:17:03.968 -6.70549000E-04  2.43384000E-04  1.03111000E-04
2001-11-24T15:17:04.972  5.15652000E-04  4.90072000E-04 -7.46092000E-04
2001-11-24T15:17:05.968 -2.48100000E-05 -7.64670000E-04  1.70157000E-04
2001-11-24T15:17:06.968  1.07498600E-03  6.07658000E-04  1.32058000E-04
2001-11-24T15:17:07.968 -4.82950000E-04 -5.89108000E-04 -6.43343000E-04
2001-11-24T15:17:08.968  7.18040000E-05  6.20094000E-04  6.94486000E-04
2001-11-24T15:17:09.968 -1.03800100E-03 -4.98952000E-04  1.03380000E-04
2001-11-24T15:17:10.968  1.10426300E-03  1.70042000E-04 -4.04331000E-04
2001-11-24T15:17:11.968 -9.48185000E-04 -9.78734000E-04 -4.06133000E-04
2001-11-24T15:17:12.968  7.53910000E-05  1.15775700E-03  3.98437000E-04
2001-11-24T15:17:13.972 -1.63029500E-03 -4.89100000E-04 -2.45520000E-05
2001-11-24T15:17:14.968  5.55474000E-04  7.33342000E-04 -4.09062000E-04
2001-11-24T15:17:15.972 -8.35580000E-04 -1.50527600E-03  3.80080000E-05
2001-11-24T15:17:16.968  4.22790000E-04  1.94378000E-04  4.44685000E-04
2001-11-24T15:17:17.968 -1.08465700E-03  2.69647000E-04 -3.78850000E-05
2001-11-24T15:17:18.968  5.51241000E-04  4.93747000E-04 -3.25383000E-04
2001-11-24T15:17:19.968 -2.75240000E-05  1.00785000E-04 -1.78258000E-04
2001-11-24T15:17:20.972  3.59170000E-04 -3.24830000E-04  1.64953000E-04
2001-11-24T15:17:21.968 -3.07115000E-04 -6.08406000E-04 -4.79346000E-04
2001-11-24T15:17:22.968 -2.91278000E-04  5.22643000E-04 -7.12012000E-04
2001-11-24T15:17:23.968  2.10210000E-05  4.73258000E-04  1.06733600E-03
2001-11-24T15:17:24.968 -5.73666000E-04 -3.96351000E-04 -1.34431000E-04
2001-11-24T15:17:25.968  7.31653000E-04 -8.48950000E-04 -4.46483000E-04
2001-11-24T15:17:26.968 -1.64670000E-04 -9.61299000E-04 -8.55195000E-04
2001-11-24T15:17:27.968  8.51792000E-04  9.94099000E-04  8.85943000E-04
2001-11-24T15:17:28.968 -1.36771600E-03  3.42954000E-04  2.39124000E-04
2001-11-24T15:17:29.968  1.14268800E-03  8.87327000E-04 -4.81623000E-04
2001-11-24T15:17:30.968 -9.68692000E-04 -1.35172200E-03  5.40213000E-04
2001-11-24T15:17:31.976  1.32672000E-03  2.07383000E-04 -3.88707000E-04
2001-11-24T15:17:32.968 -1.19222600E-03 -1.36534000E-04 -5.48847000E-04
2001-11-24T15:17:33.968  6.16928000E-04  1.30774400E-03  5.62811000E-04
2001-11-24T15:17:34.968 -1.02554700E-03 -9.11271000E-04  1.66665500E-03
2001-11-24T15:17:35.968  8.12133000E-04  5.44050000E-04 -1.83751000E-04
2001-11-24T15:17:36.972 -3.90380000E-04 -9.83467000E-04 -9.82766000E-04
2001-11-24T15:17:37.968  2.66434000E-04  9.25185000E-04 -2.30291000E-04
2001-11-24T15:17:38.968 -1.68926000E-03 -5.52657000E-04  7.84435000E-04
2001-11-24T15:17:39.968  1.03401800E-03  2.55785000E-04 -8.02530000E-05
2001-11-24T15:17:40.968  5.37503000E-04 -7.64559000E-04  8.31634000E-04
2001-11-24T15:17:41.968  7.22546000E-04  7.92000000E-06 -7.36500000E-06
2001-11-24T15:17:42.968 -1.05356300E-03  4.82554000E-04 -2.95068000E-04
2001-11-24T15:17:43.968 -1.49196000E-04  9.03238000E-04 -3.46165000E-04
2001-11-24T15:17:44.968 -5.40089000E-04 -7.97700000E-04  8.01600000E-04
2001-11-24T15:17:45.968  1.53789000E-04 -4.10830000E-05  7.12766000E-04
2001-11-24T15:17:46.968  3.18672000E-04  6.59000000E-07  2.07947000E-04
2001-11-24T15:17:47.972 -6.88069000E-04  3.89315000E-04 -2.44142000E-04
2001-11-24T15:17:48.968  2.26356000E-04  1.00477700E-03 -1.43392000E-04
2001-11-24T15:17:49.968 -3.73442000E-04 -5.32327000E-04  1.65900000E-05
2001-11-24T15:17:50.968  1.72158700E-03 -3.90351000E-04 -1.09453000E-04
2001-11-24T15:17:51.968 -6.84977000E-04 -6.20421000E-04 -1.10218700E-03
2001-11-24T15:17:52.972  1.17901000E-04  9.25537000E-04 -3.77955000E-04
2001-11-24T15:17:53.968 -1.36795200E-03  6.66014000E-04  5.74290000E-04
2001-11-24T15:17:54.968  1.58619300E-03  7.70281000E-04 -3.33703000E-04
2001-11-24T15:17:55.968 -3.57010000E-04 -1.34349400E-03 -4.35660000E-04
2001-11-24T15:17:56.968  8.85032000E-04  1.09978100E-03  3.61043000E-04
2001-11-24T15:17:57.968 -1.44650500E-03  1.67343000E-04  3.02960000E-04
2001-11-24T15:17:58.968  2.37162000E-04  1.15132300E-03 -4.69943000E-04
2001-11-24T15:17:59.968 -7.28213000E-04 -6.41938000E-04  1.53678000E-04
2001-11-24T15:18:00.968  1.07417900E-03 -4.78231000E-04 -1.21791000E-04
2001-11-24T15:18:01.968 -4.83992000E-04 -1.00805100E-03  1.71948000E-04
2001-11-24T15:18:02.968 -4.53230000E-05  1.03597700E-03  1.03700000E-05
2001-11-24T15:18:03.976 -4.97748000E-04 -3.61258000E-04  1.00811300E-03
2001-11-24T15:18:04.968  2.66275000E-04  9.72010000E-05  1.40213800E-03
2001-11-24T15:18:05.968  3.63026000E-04 -1.10187000E-04 -1.30930500E-03
2001-11-24T15:18:06.968 -2.41380000E-05  3.96751000E-04 -3.48699000E-04
2001-11-24T15:18:07.968 -5.29826000E-04  5.82223000E-04  1.17402000E-04
2001-11-24T15:18:08.972 -8.28172000E-04  6.14725000E-04  9.87824000E-04
2001-11-24T15:18:09.968  7.93650000E-05 -4.94636000E-04 -6.92330000E-04
2001-11-24T15:18:10.968 -4.22793000E-04 -5.90348000E-04  6.98070000E-05
2001-11-24T15:18:11.968  5.21920000E-05 -2.95730000E-05  6.91000000E-04
2001-11-24T15:18:12.968 -1.36633700E-03  1.70910000E-04 -1.71058000E-04
2001-11-24T15:18:13.972  7.41425000E-04  8.49940000E-04 -3.01789000E-04
2001-11-24T15:18:14.968 -2.21745000E-04 -1.25138300E-03  1.73279000E-04
2001-11-24T15:18:15.968  1.11675700E-03 -8.15900000E-05 -2.65371000E-04
2001-11-24T15:18:16.968 -7.17645000E-04 -5.39822000E-04 -6.45076000E-04
2001-11-24T15:18:17.968 -5.06186000E-04  9.39436000E-04  4.04930000E-04
2001-11-24T15:18:18.968 -1.18514900E-03 -1.45041000E-04 -1.33654000E-04
2001-11-24T15:18:19.972  1.07505000E-03  8.94885000E-04 -6.49881000E-04
2001-11-24T15:18:20.968 -6.31860000E-05 -5.00017000E-04 -5.84934000E-04
2001-11-24T15:18:21.968  1.05082300E-03  5.48677000E-04 -3.22407000E-04
2001-11-24T15:18:22.968 -5.11703000E-04  1.59870000E-05  8.94208000E-04
2001-11-24T15:18:23.968  1.61360000E-04  2.84541000E-04  1.20883600E-03
2001-11-24T15:18:24.972 -2.94586000E-04 -1.10675100E-03 -6.68887000E-04
2001-11-24T15:18:25.968  5.43037000E-04 -3.30605000E-04  5.22799000E-04
2001-11-24T15:18:26.968  1.82185000E-04 -2.46157000E-04  2.72822000E-04
2001-11-24T15:18:27.968 -5.15421000E-04  6.92134000E-04 -1.36646900E-03
2001-11-24T15:18:28.968 -3.54690000E-04  2.43801000E-04  8.68190000E-05
2001-11-24T15:18:29.968 -1.12866000E-04  2.68660000E-05  1.00727100E-03
2001-11-24T15:18:30.968  7.91968000E-04 -3.19756000E-04  9.53531000E-04
2001-11-24T15:18:31.968 -2.67335000E-04 -7.39519000E-04 -6.95825000E-04
2001-11-24T15:18:32.968 -1.29015000E-04  7.00121000E-04 -3.47713000E-04
2001-11-24T15:18:33.968 -5.64371000E-04 -9.39280000E-05 -5.39570000E-05
2001-11-24T15:18:34.968  4.64234000E-04  3.38912000E-04 -5.01197000E-04
2001-11-24T15:18:35.972  7.87460000E-05 -4.70975000E-04 -3.18690000E-05
2001-11-24T15:18:36.968  3.52911000E-04  7.91584000E-04 -9.92300000E-05
2001-11-24T15:18:37.968 -1.17860000E-03  1.65378000E-04  2.25166000E-04
2001-11-24T15:18:38.968  8.19087000E-04  5.37026000E-04  7.26482000E-04
2001-11-24T15:18:39.968 -3.83654000E-04 -5.96539000E-04 -9.88415000E-04
2001-11-24T15:18:40.972  1.36723600E-03  2.75426000E-04  6.13077000E-04
2001-11-24T15:18:41.968 -1.17962000E-03 -5.90905000E-04 -1.55976000E-04
2001-11-24T15:18:42.968 -4.95730000E-05  8.28119000E-04 -9.59360000E-05
2001-11-24T15:18:43.968 -1.15805200E-03 -1.46624000E-04  2.78742000E-04
2001-11-24T15:18:44.968  6.42279000E-04  4.46410000E-04 -4.07593000E-04
2001-11-24T15:18:45.968 -3.58231000E-04 -9.44349000E-04 -6.96716000E-04
2001-11-24T15:18:46.968  6.46348000E-04  2.52889000E-04 -2.43033000E-04
2001-11-24T15:18:47.968 -5.97625000E-04  2.46190000E-05 -5.38349000E-04
2001-11-24T15:18:48.968  1.34465000E-04  8.02629000E-04  1.86794300E-03
2001-11-24T15:18:49.968 -6.71954000E-04 -1.67091300E-03  7.31383000E-04
2001-11-24T15:18:50.968  6.11733000E-04  1.56280000E-04 -4.44339000E-04
2001-11-24T15:18:51.976 -2.77525000E-04 -4.67410000E-05 -1.87033000E-04
2001-11-24T15:18:52.968 -4.17640000E-04  1.01750300E-03 -1.13213000E-04
2001-11-24T15:18:53.968 -7.73374000E-04 -1.89510000E-04  3.69900000E-05
2001-11-24T15:18:54.968  1.92500000E-04 -4.31490000E-04  8.82300000E-04
2001-11-24T15:18:55.968  3.58800000E-06 -4.37566000E-04  4.16457000E-04
2001-11-24T15:18:56.972 -2.61354000E-04 -4.46035000E-04 -3.75855000E-04
2001-11-24T15:18:57.968 -7.98930000E-05  7.86214000E-04 -3.16783000E-04
2001-11-24T15:18:58.968 -1.35629300E-03  4.11151000E-04  2.73582000E-04
2001-11-24T15:18:59.968  7.99353000E-04  3.57219000E-04  3.58697000E-04
2001-11-24T15:19:00.968 -9.27803000E-04 -6.59297000E-04 -2.28087000E-04
2001-11-24T15:19:01.968  1.53124200E-03  5.20747000E-04 -8.01992000E-04
2001-11-24T15:19:02.968 -1.26881000E-03 -2.13370000E-05 -8.06710000E-05
2001-11-24T15:19:03.968  1.19628800E-03  7.12810000E-04 -4.55359000E-04
2001-11-24T15:19:04.968 -7.20663000E-04 -1.39134400E-03 -6.69773000E-04
2001-11-24T15:19:05.968  1.17849600E-03  2.07559000E-04 -6.34326000E-04
2001-11-24T15:19:06.968 -1.14239000E-04 -5.91140000E-04 -1.27032000E-04
2001-11-24T15:19:07.972  2.38987000E-04  1.05088500E-03 -4.46360000E-05
2001-11-24T15:19:08.968 -1.38403900E-03 -3.03807000E-04 -8.11300000E-06
2001-11-24T15:19:09.968  3.16698000E-04  3.14261000E-04  2.92759000E-04
2001-11-24T15:19:10.968  2.60711000E-04 -9.34218000E-04 -2.67410000E-04
2001-11-24T15:19:11.968  4.65566000E-04 -3.07391000E-04  3.95360000E-05
2001-11-24T15:19:12.972 -1.05743200E-03 -1.43335000E-04  4.74074000E-04
2001-11-24T15:19:13.968 -4.17478000E-04  2.55639000E-04  1.35862700E-03
2001-11-24T15:19:14.968 -5.09472000E-04 -2.20760000E-04  3.19057000E-04
2001-11-24T15:19:15.968  2.22250000E-04 -7.74573000E-04 -2.52102000E-04
2001-11-24T15:19:16.968  1.17229900E-03  1.77848000E-04 -1.48994000E-04
2001-11-24T15:19:17.968 -4.92347000E-04  4.16800000E-05  1.07999000E-04
2001-11-24T15:19:18.968  6.24818000E-04  1.48874400E-03  1.02148100E-03
2001-11-24T15:19:19.968 -6.51143000E-04 -2.99033000E-04 -1.25136000E-04
2001-11-24T15:19:20.968  4.82882000E-04  3.84181000E-04 -6.61892000E-04
2001-11-24T15:19:21.968 -4.76123000E-04 -7.25524000E-04  7.22573000E-04
2001-11-24T15:19:22.968  5.63693000E-04  1.33143500E-03  4.82513000E-04
2001-11-24T15:19:23.976 -7.85729000E-04  5.15200000E-04 -2.03563000E-04
2001-11-24T15:19:24.968  5.73660000E-04  6.07199000E-04  3.75809000E-04
2001-11-24T15:19:25.968  3.14699000E-04 -1.12690700E-03  5.44675000E-04
2001-11-24T15:19:26.968  5.06235000E-04 -1.41259000E-04  8.87730000E-05
2001-11-24T15:19:27.968 -3.95064000E-04  8.05900000E-06  2.35975000E-04
2001-11-24T15:19:28.972 -5.60289000E-04  5.39595000E-04 -5.81435000E-04
2001-11-24T15:19:29.968 -5.22019000E-04 -3.91257000E-04 -2.08228000E-04
2001-11-24T15:19:30.968 -6.03510000E-05 -4.99224000E-04 -6.19195000E-04
2001-11-24T15:19:31.968  1.24164500E-03  2.60148000E-04 -4.59108000E-04
2001-11-24T15:19:32.968 -5.79511000E-04 -7.54160000E-04  7.33513000E-04
2001-11-24T15:19:33.968 -2.23810000E-05  9.34334000E-04  1.34112000E-04
2001-11-24T15:19:34.968 -9.61087000E-04  8.01880000E-05 -9.71556000E-04
2001-11-24T15:19:35.968  1.01936200E-03  1.14225700E-03  4.03422000E-04
2001-11-24T15:19:36.968 -5.26404000E-04 -1.34616100E-03 -4.28209000E-04
2001-11-24T15:19:37.968  1.15486600E-03  2.82133000E-04 -7.19033000E-04
2001-11-24T15:19:38.968 -1.62014700E-03 -1.79893000E-04  1.02987300E-03
2001-11-24T15:19:39.972  3.86494000E-04  8.90196000E-04  7.41982000E-04
2001-11-24T15:19:40.968 -4.70717000E-04 -6.37272000E-04 -8.71246000E-04
2001-11-24T15:19:41.968  1.10322500E-03  4.40560000E-05  4.43350000E-05
2001-11-24T15:19:42.968 -1.98670000E-05 -1.20174000E-03  4.79944000E-04
2001-11-24T15:19:43.972  2.78228000E-04  4.17390000E-04  2.35140000E-04
2001-11-24T15:19:44.972 -7.44667000E-04  4.01592000E-04 -8.37520000E-05
2001-11-24T15:19:45.968  1.02006000E-04 -6.55200000E-05 -9.46040000E-05
2001-11-24T15:19:46.968  7.16762000E-04 -9.66310000E-05  6.29935000E-04
2001-11-24T15:19:47.968  2.98720000E-05 -9.33243000E-04 -6.75679000E-04
2001-11-24T15:19:48.968  4.61900000E-04  3.94260000E-05  9.23168000E-04
2001-11-24T15:19:49.968 -1.19392200E-03 -4.37757000E-04  1.09299700E-03
2001-11-24T15:19:50.968  8.08303000E-04  1.09982600E-03  1.16674000E-04
2001-11-24T15:19:51.968 -1.53594700E-03 -7.14472000E-04 -4.93180000E-04
2001-11-24T15:19:52.968  1.18325100E-03  1.67300000E-05  5.93950000E-04
2001-11-24T15:19:53.968 -3.05504000E-04 -8.02547000E-04  9.46123000E-04
2001-11-24T15:19:54.968  1.79284000E-04  9.84540000E-05 -1.91387000E-04
2001-11-24T15:19:55.976 -1.06738600E-03 -4.85342000E-04 -6.88435000E-04
2001-11-24T15:19:56.968 -3.82747000E-04  3.64247000E-04 -4.59387000E-04
2001-11-24T15:19:57.968 -6.22639000E-04  2.76610000E-05 -1.31358000E-04
2001-11-24T15:19:58.968 -1.02121000E-04 -4.82300000E-04 -4.92983000E-04
2001-11-24T15:19:59.968  1.04627800E-03  4.63492000E-04  2.86200000E-04
2001-11-24T15:20:00.972 -7.70919000E-04 -6.29548000E-04  5.22910000E-04
2001-11-24T15:20:01.968  4.45823000E-04  1.36998800E-03 -6.55095000E-04
2001-11-24T15:20:02.968 -1.39039900E-03 -3.56240000E-04 -5.35513000E-04
2001-11-24T15:20:03.968  3.88031000E-04  8.92435000E-04  1.52326200E-03
2001-11-24T15:20:04.968 -8.39690000E-04 -1.16064700E-03  3.55421000E-04
2001-11-24T15:20:05.968  8.44278000E-04 -4.16400000E-05 -6.53302000E-04
2001-11-24T15:20:06.968 -5.68728000E-04 -5.38968000E-04  9.29702000E-04
2001-11-24T15:20:07.968  5.35200000E-06  2.04609000E-04  7.44868000E-04
2001-11-24T15:20:08.968 -1.93844000E-04  8.77880000E-04 -4.90690000E-04
2001-11-24T15:20:09.968 -8.66758000E-04 -1.40385000E-04 -7.23639000E-04
2001-11-24T15:20:10.968  9.64413000E-04  8.10198000E-04  9.29400000E-06
2001-11-24T15:20:11.976 -6.94666000E-04 -1.29713100E-03 -1.95957000E-04
2001-11-24T15:20:12.968  1.14239400E-03  2.11950000E-04 -2.70959000E-04
2001-11-24T15:20:13.968 -2.07933000E-04  3.98001000E-04 -4.35918000E-04
2001-11-24T15:20:14.968 -7.43500000E-05  6.61960000E-04  2.53187000E-04
2001-11-24T15:20:15.968 -6.08331000E-04  3.90296000E-04 -5.06010000E-05
2001-11-24T15:20:16.972 -1.47200000E-04  1.65340000E-04 -6.08484000E-04
2001-11-24T15:20:17.968  2.42246000E-04  7.52767000E-04 -5.46960000E-05
2001-11-24T15:20:18.968 -7.73468000E-04 -3.78835000E-04  1.41000000E-05
2001-11-24T15:20:19.968  1.05486000E-03  5.37949000E-04 -8.25524000E-04
2001-11-24T15:20:20.968  5.06410000E-05 -4.50198000E-04 -4.74240000E-04
2001-11-24T15:20:21.968 -1.27809000E-04  1.33455000E-04  6.47900000E-04
2001-11-24T15:20:22.968  1.93971000E-04  1.34087700E-03  6.39219000E-04
2001-11-24T15:20:23.968 -9.41444000E-04  2.32784000E-04 -7.99259000E-04
2001-11-24T15:20:24.968  3.63700000E-06  1.01621700E-03 -2.37013000E-04
2001-11-24T15:20:25.968 -1.64768000E-04  8.06986000E-04 -6.87470000E-05
2001-11-24T15:20:26.968 -1.35736000E-04 -4.60510000E-04  4.78290000E-05
2001-11-24T15:20:27.972  1.09002100E-03  6.69086000E-04  2.70924000E-04
2001-11-24T15:20:28.968 -8.72605000E-04 -8.25195000E-04  8.17121000E-04
2001-11-24T15:20:29.968  7.90644000E-04 -1.02090000E-04  9.29373000E-04
2001-11-24T15:20:30.968  9.64996000E-04  5.07624000E-04 -7.51046000E-04
2001-11-24T15:20:31.968 -4.66347000E-04 -1.52078000E-04 -5.91930000E-04
2001-11-24T15:20:32.972  7.67230000E-04  1.12109600E-03  1.69616500E-03
2001-11-24T15:20:33.968  4.70678000E-04  7.55413000E-04 -3.42405000E-04
2001-11-24T15:20:34.968 -5.86892000E-04  1.70844000E-04 -3.39270000E-04
2001-11-24T15:20:35.968  5.31914000E-04  1.42006300E-03 -7.94510000E-05
2001-11-24T15:20:36.968 -3.85879000E-04  8.99586000E-04  9.01600000E-05
2001-11-24T15:20:37.968 -1.36464600E-03  2.27025000E-04  4.21520000E-04
2001-11-24T15:20:38.968 -2.47566000E-04  1.31342100E-03 -8.41781000E-04
2001-11-24T15:20:39.968 -2.44303000E-04  1.32857500E-03  2.87329000E-04
2001-11-24T15:20:40.968 -6.03100000E-04  8.02391000E-04  5.97044000E-04
2001-11-24T15:20:41.968 -7.12829000E-04  6.04313000E-04 -5.84066000E-04
2001-11-24T15:20:42.968  5.53765000E-04  1.13175400E-03  1.61440000E-04
2001-11-24T15:20:43.976  4.07259000E-04  6.75946000E-04  4.40365000E-04
2001-11-24T15:20:44.968 -8.67371000E-04 -5.27210000E-05  1.06621000E-04
2001-11-24T15:20:45.968  1.04801000E-04  2.28276000E-04 -4.79260000E-04
2001-11-24T15:20:46.968  1.27343500E-03  9.66300000E-04  6.78366000E-04
2001-11-24T15:20:47.968  1.13619700E-03  9.53651000E-04  1.12737000E-04
2001-11-24T15:20:48.972 -5.06684000E-04 -4.75954000E-04  8.98704000E-04
2001-11-24T15:20:49.968 -7.72439000E-04  1.11950400E-03 -7.56015000E-04
2001-11-24T15:20:50.968 -1.25630000E-05  2.24518500E-03  8.83902000E-04
2001-11-24T15:20:51.968  4.02396000E-04  2.77023400E-03 -5.99844000E-04
2001-11-24T15:20:52.968 -5.68908000E-04  2.29047000E-03  5.91440000E-05
2001-11-24T15:20:53.968 -4.68666000E-04  1.02039300E-03 -2.20579000E-04
2001-11-24T15:20:54.968 -5.43366000E-04  5.40042000E-04  3.39043000E-04
2001-11-24T15:20:55.968 -6.83658000E-04  8.46588000E-04 -1.08092000E-03
2001-11-24T15:20:56.968 -6.50795000E-04  1.55993300E-03 -3.55854000E-04
2001-11-24T15:20:57.968 -2.08586000E-04  2.09522900E-03  6.01010000E-04
2001-11-24T15:20:58.968  8.48155000E-04  1.80100600E-03  1.24962300E-03
2001-11-24T15:20:59.976  1.38667100E-03  2.04157700E-03 -2.15954000E-04
2001-11-24T15:21:00.968  1.08770400E-03  2.78782100E-03 -9.11571000E-04
2001-11-24T15:21:01.968  8.34220000E-04  3.00285500E-03  5.97301000E-04
2001-11-24T15:21:02.968  2.07602400E-03  1.99136200E-03 -1.31718000E-04
2001-11-24T15:21:03.968  1.23228000E-03  3.16002200E-03  3.51343000E-04
2001-11-24T15:21:04.972  1.11160800E-03  2.82092900E-03 -5.15382000E-04
2001-11-24T15:21:05.968  8.49265000E-04  3.31466900E-03  8.74370000E-05
2001-11-24T15:21:06.968  3.58951000E-04  3.67740600E-03 -5.85296000E-04
2001-11-24T15:21:07.968  1.19366800E-03  2.14257100E-03  1.46566000E-04
2001-11-24T15:21:08.968  5.32010000E-04  2.86712100E-03 -1.03730000E-04
2001-11-24T15:21:09.968  4.71101000E-04  2.25600800E-03  2.07148000E-04
2001-11-24T15:21:10.968 -6.40571000E-04  2.43642900E-03  5.32414000E-04
2001-11-24T15:21:11.968  3.23590000E-05  1.52953300E-03 -4.66994000E-04
2001-11-24T15:21:12.968 -7.28516000E-04  3.40569700E-03  3.46126000E-04
2001-11-24T15:21:13.972  1.63075200E-03  3.39671200E-03  5.26600000E-06
2001-11-24T15:21:14.968  9.03980000E-04  3.12101100E-03  6.48561000E-04
2001-11-24T15:21:15.972 -5.39489000E-04  2.95135300E-03 -7.49049000E-04
2001-11-24T15:21:16.968  6.88750000E-05  2.23432000E-03 -1.03125600E-03
2001-11-24T15:21:17.968  1.33579000E-04  4.13409700E-03  5.02725000E-04
2001-11-24T15:21:18.968  6.28900000E-06  3.86329300E-03  6.03489000E-04
2001-11-24T15:21:19.968 -4.41368000E-04  3.49986200E-03 -2.35362000E-04
2001-11-24T15:21:20.972  1.36570100E-03  3.86495200E-03  2.75207000E-04
2001-11-24T15:21:21.968 -8.20908000E-04  3.02808200E-03 -1.09454000E-04
2001-11-24T15:21:22.968  1.53908000E-03  4.71159100E-03 -6.60834000E-04
2001-11-24T15:21:23.968 -1.38160000E-04  3.59401100E-03  2.88031000E-04
2001-11-24T15:21:24.968  1.21765300E-03  4.68439000E-03  7.23386000E-04
2001-11-24T15:21:25.968 -6.07835000E-04  3.08726300E-03 -4.51615000E-04
2001-11-24T15:21:26.968  6.69824000E-04  5.19534300E-03  5.57180000E-05
2001-11-24T15:21:27.968 -3.33099000E-04  3.78340900E-03  3.63905000E-04
2001-11-24T15:21:28.968 -1.04545400E-03  4.89770400E-03  5.45706000E-04
2001-11-24T15:21:29.968  2.45835000E-04  6.34958400E-03 -4.36038000E-04
2001-11-24T15:21:30.968  7.18880000E-05  4.80206700E-03  4.50195000E-04
2001-11-24T15:21:31.976 -1.10185600E-03  4.31101700E-03  4.49976000E-04
2001-11-24T15:21:32.968 -3.44199000E-04  5.53847800E-03  3.72252000E-04
2001-11-24T15:21:33.968  4.25182000E-04  6.18408900E-03  1.51804000E-04
2001-11-24T15:21:34.968  8.65010000E-04  6.20801100E-03  9.75093000E-04
2001-11-24T15:21:35.968  1.18593300E-03  7.12819600E-03 -1.08894000E-04
2001-11-24T15:21:36.972  1.37154400E-03  6.57498200E-03 -4.14740000E-05
2001-11-24T15:21:37.968  2.05041000E-04  6.92854500E-03  3.91264000E-04
2001-11-24T15:21:38.968  9.09910000E-05  7.00037800E-03  5.84448000E-04
2001-11-24T15:21:39.968  6.95452000E-04  7.59700300E-03  2.15190000E-05
2001-11-24T15:21:40.968  7.89516000E-04  8.45259100E-03  9.28450000E-05
2001-11-24T15:21:41.968  3.92717000E-04  7.73100700E-03  8.37148000E-04
2001-11-24T15:21:42.968  7.04870000E-05  6.71677200E-03  1.00456000E-04
2001-11-24T15:21:43.968 -6.64114000E-04  6.26797300E-03 -1.64390000E-04
2001-11-24T15:21:44.968 -1.73020500E-03  6.57615400E-03  1.46344400E-03
2001-11-24T15:21:45.968  1.14737100E-03  8.68726700E-03  8.93756000E-04
2001-11-24T15:21:46.968 -4.33230000E-05  8.36621200E-03 -2.98013000E-04
2001-11-24T15:21:47.972 -1.24986400E-03  6.93631700E-03 -6.44682000E-04
2001-11-24T15:21:48.968 -9.78650000E-04  6.44895000E-03 -3.39269000E-04
2001-11-24T15:21:49.968  1.26963800E-03  8.17015700E-03  1.10765900E-03
2001-11-24T15:21:50.968 -9.35667000E-04  8.21764400E-03 -1.11712000E-04
2001-11-24T15:21:51.968  6.18885000E-04  9.75861700E-03  4.07660000E-04
2001-11-24T15:21:52.972 -1.37764800E-03  8.41599100E-03  1.46393700E-03
2001-11-24T15:21:53.968  9.57062000E-04  1.02170110E-02  1.32361700E-03
2001-11-24T15:21:54.968 -2.74725000E-04  8.19605400E-03 -2.21254000E-04
2001-11-24T15:21:55.968 -4.70550000E-04  9.46638000E-03  1.03879900E-03
2001-11-24T15:21:56.968  6.91094000E-04  1.01914830E-02  6.25810000E-04
2001-11-24T15:21:57.968  4.40828000E-04  1.14083940E-02  4.91300000E-05
2001-11-24T15:21:58.968  5.48016000E-04  1.09166190E-02  1.12294500E-03
2001-11-24T15:21:59.968 -1.11435000E-04  1.04867960E-02  6.51970000E-05
2001-11-24T15:22:00.968 -4.52869000E-04  1.04333780E-02  5.24990000E-05
2001-11-24T15:22:01.968 -6.07308000E-04  9.63436500E-03 -5.49350000E-05
2001-11-24T15:22:02.968  1.64052100E-03  1.22785830E-02 -2.29474000E-04
2001-11-24T15:22:03.976  8.03811000E-04  1.22684200E-02  7.85793000E-04
2001-11-24T15:22:04.968 -4.95238000E-04  1.20545650E-02  9.08411000E-04
2001-11-24T15:22:05.968 -8.40017000E-04  1.08930070E-02 -8.00030000E-05
2001-11-24T15:22:06.968  8.59094000E-04  1.34561020E-02 -1.62654000E-04
2001-11-24T15:22:07.968 -1.10776800E-03  1.20050770E-02  7.65992000E-04
2001-11-24T15:22:08.972  1.26316600E-03  1.38478740E-02 -1.04161700E-03
2001-11-24T15:22:09.968 -2.80533000E-04  1.20944730E-02  6.61021000E-04
2001-11-24T15:22:10.968 -9.73850000E-05  1.27837460E-02  6.07179000E-04
2001-11-24T15:22:11.968  3.31332000E-04  1.24837920E-02 -4.17780000E-05
2001-11-24T15:22:12.968 -1.40495000E-04  1.30408510E-02 -3.24379000E-04
2001-11-24T15:22:13.972 -2.26882000E-04  1.26693950E-02  1.09839100E-03
2001-11-24T15:22:14.968  9.21070000E-04  1.42309870E-02  9.76096000E-04
2001-11-24T15:22:15.968 -1.17146800E-03  1.22463880E-02  5.81084000E-04
2001-11-24T15:22:16.968  2.11892000E-04  1.46726670E-02  3.42232000E-04
2001-11-24T15:22:17.968  7.67628000E-04  1.37580290E-02 -1.50009000E-04
2001-11-24T15:22:18.968 -1.41232900E-03  1.28310940E-02  5.07363000E-04
2001-11-24T15:22:19.972  2.16796000E-04  1.42225330E-02  9.56984000E-04
2001-11-24T15:22:20.968  9.03188000E-04  1.55589920E-02  8.43585000E-04
2001-11-24T15:22:21.968  8.95122000E-04  1.61983670E-02  1.63979000E-04
2001-11-24T15:22:22.968  2.45043000E-04  1.56911500E-02  8.31290000E-04
2001-11-24T15:22:23.968  3.20402000E-04  1.59779400E-02  3.04347000E-04
2001-11-24T15:22:24.972  3.91702000E-04  1.56575590E-02  2.83000000E-04
2001-11-24T15:22:25.968  1.30430000E-04  1.54238780E-02  5.95943000E-04
2001-11-24T15:22:26.968 -7.92693000E-04  1.60499160E-02  1.63145000E-03
2001-11-24T15:22:27.968  3.94981000E-04  1.73573640E-02 -1.11177600E-03
2001-11-24T15:22:28.968  1.77408000E-04  1.71794690E-02  5.51140000E-04
2001-11-24T15:22:29.968 -1.17091800E-03  1.61762570E-02  1.38018000E-03
2001-11-24T15:22:30.968  7.28110000E-04  1.79509280E-02  1.10171800E-03
2001-11-24T15:22:31.968 -1.62785000E-04  1.71985440E-02  1.34215000E-04
2001-11-24T15:22:32.968 -1.85696600E-03  1.55523540E-02  1.21427100E-03
2001-11-24T15:22:33.968  6.45633000E-04  1.72771530E-02  2.07126000E-04
2001-11-24T15:22:34.968  1.13016400E-03  1.82625600E-02  4.67315000E-04
2001-11-24T15:22:35.972 -2.76624000E-04  1.80971770E-02 -4.28316000E-04
2001-11-24T15:22:36.968 -1.83953400E-03  1.60693100E-02  5.55679000E-04
2001-11-24T15:22:37.968  7.18316000E-04  1.79517530E-02  1.13755600E-03
2001-11-24T15:22:38.968 -4.49016000E-04  1.67092490E-02  1.53186000E-04
2001-11-24T15:22:39.968  2.88167000E-04  1.84700250E-02 -3.32738000E-04
2001-11-24T15:22:40.972 -7.92974000E-04  1.65127740E-02  1.99838300E-03
2001-11-24T15:22:41.968  9.17010000E-04  1.76415130E-02  1.96360000E-05
2001-11-24T15:22:42.968 -1.78125000E-04  1.68434880E-02  7.61300000E-05
2001-11-24T15:22:43.968  4.20209000E-04  1.86085720E-02  1.09313800E-03
2001-11-24T15:22:44.968 -7.77225000E-04  1.61623540E-02  1.31458400E-03
2001-11-24T15:22:45.968  1.86039000E-04  1.86698600E-02 -2.18700000E-04
2001-11-24T15:22:46.968 -1.62648900E-03  1.57883650E-02  1.58136700E-03
2001-11-24T15:22:47.968 -2.04008000E-04  1.80589370E-02  9.37244000E-04
2001-11-24T15:22:48.968 -5.86210000E-05  1.92712810E-02 -2.81009000E-04
2001-11-24T15:22:49.968  5.38059000E-04  1.87395830E-02  7.89509000E-04
2001-11-24T15:22:50.968  8.20260000E-05  1.85252090E-02  6.69152000E-04
2001-11-24T15:22:51.976  3.69117000E-04  1.89199890E-02  4.89418000E-04
2001-11-24T15:22:52.968  1.30039000E-04  1.94557920E-02  7.78656000E-04
2001-11-24T15:22:53.968 -1.61419600E-03  1.76703020E-02 -1.05991800E-03
2001-11-24T15:22:54.968 -4.75633000E-04  2.04240180E-02  1.06283200E-03
2001-11-24T15:22:55.968 -1.01525700E-03  2.12666210E-02  1.79469700E-03
2001-11-24T15:22:56.972 -9.37736000E-04  2.19053230E-02  3.23337000E-04
2001-11-24T15:22:57.968  2.22971000E-04  2.25675120E-02  8.29484000E-04
2001-11-24T15:22:58.968 -1.06143000E-03  2.10211720E-02  4.49030000E-04
2001-11-24T15:22:59.968  2.51384000E-04  2.16536320E-02 -1.05471000E-04
2001-11-24T15:23:00.968 -3.21550000E-05  2.23508270E-02  1.07021500E-03
2001-11-24T15:23:01.968 -8.35417000E-04  2.15580540E-02  5.70394000E-04
2001-11-24T15:23:02.968 -4.86947000E-04  2.08925550E-02  1.05705700E-03
2001-11-24T15:23:03.968  1.51990000E-05  2.14159250E-02  1.12637700E-03
2001-11-24T15:23:04.968 -1.28291500E-03  2.11195330E-02  4.33065000E-04
2001-11-24T15:23:05.968 -1.08162700E-03  2.25620980E-02  1.94102000E-04
2001-11-24T15:23:06.968 -1.11691900E-03  2.12925320E-02  8.97996000E-04
2001-11-24T15:23:07.976 -2.94395000E-04  2.19535050E-02  9.33003000E-04
2001-11-24T15:23:08.968 -1.42007900E-03  2.13697700E-02 -6.81902000E-04
2001-11-24T15:23:09.968 -2.67597000E-04  2.21974100E-02  1.03711700E-03
2001-11-24T15:23:10.968  5.18300000E-05  2.27247810E-02  1.56618100E-03
2001-11-24T15:23:11.968 -1.15614700E-03  2.19564010E-02  3.13270000E-05
2001-11-24T15:23:12.972  2.18524000E-04  2.30085680E-02  9.96648000E-04
2001-11-24T15:23:13.972 -9.66646000E-04  2.09687540E-02  7.85792000E-04
2001-11-24T15:23:14.968  2.60563000E-04  2.32551560E-02  1.00386500E-03
2001-11-24T15:23:15.968  5.66158000E-04  2.38016940E-02 -9.17390000E-05
2001-11-24T15:23:16.968 -1.03556600E-03  2.16926130E-02  1.71836000E-04
2001-11-24T15:23:17.968  1.84867000E-04  2.21292750E-02  1.84373000E-04
2001-11-24T15:23:18.968  6.82268000E-04  2.35252530E-02  3.05153000E-04
2001-11-24T15:23:19.968 -3.59183000E-04  2.08150170E-02  2.88482000E-04
2001-11-24T15:23:20.968 -8.64628000E-04  2.06074770E-02  5.24428000E-04
2001-11-24T15:23:21.968  1.19982900E-03  2.18641200E-02  1.12038500E-03
2001-11-24T15:23:22.968  6.06960000E-05  2.03149600E-02  2.65773000E-04
2001-11-24T15:23:23.975  1.08325000E-04  2.23312340E-02  1.03793000E-04
2001-11-24T15:23:24.968 -1.28644600E-03  2.20370370E-02  3.62684000E-04
2001-11-24T15:23:25.968 -8.81800000E-06  2.16915050E-02  1.16918700E-03
2001-11-24T15:23:26.968 -2.67466000E-04  2.27599930E-02  3.32046000E-04
2001-11-24T15:23:27.968 -8.85226000E-04  2.14417820E-02 -8.85570000E-05
2001-11-24T15:23:28.972  6.41911000E-04  2.39833560E-02  1.72496000E-04
2001-11-24T15:23:29.968 -6.66860000E-04  2.08810420E-02  1.15586700E-03
2001-11-24T15:23:30.968 -2.15738000E-04  2.20117510E-02  4.11859000E-04
2001-11-24T15:23:31.968 -6.91597000E-04  2.05344540E-02  6.03080000E-04
2001-11-24T15:23:32.968 -2.42866000E-04  1.96417920E-02  1.65777400E-03
2001-11-24T15:23:33.968 -2.58495000E-04  1.96488180E-02  3.34678000E-04
2001-11-24T15:23:34.968  6.14550000E-05  1.93468200E-02  4.89711000E-04
2001-11-24T15:23:35.968 -7.73323000E-04  2.03320200E-02  1.12328900E-03
2001-11-24T15:23:36.968 -8.15992000E-04  2.02858280E-02  7.48508000E-04
2001-11-24T15:23:37.968  1.26354200E-03  2.20587070E-02  1.80863800E-03
2001-11-24T15:23:38.968 -1.15550800E-03  2.12620790E-02 -4.80015000E-04
2001-11-24T15:23:39.972  1.63118400E-03  2.28014380E-02  4.43308000E-04
2001-11-24T15:23:40.968 -4.51887000E-04  1.96986700E-02  8.37732000E-04
2001-11-24T15:23:41.968 -7.22359000E-04  2.01923830E-02  4.58554000E-04
2001-11-24T15:23:42.968 -1.80590000E-05  1.95720380E-02  8.21257000E-04
2001-11-24T15:23:43.972 -1.38662000E-04  1.96365970E-02  1.30629800E-03
2001-11-24T15:23:44.972 -5.46676000E-04  2.01215300E-02  8.35356000E-04
2001-11-24T15:23:45.968 -8.27240000E-04  2.04821230E-02  8.41960000E-04
2001-11-24T15:23:46.968 -3.01298000E-04  1.97647830E-02  6.68487000E-04
2001-11-24T15:23:47.968  4.97671000E-04  1.79461430E-02  1.48219200E-03
2001-11-24T15:23:48.968 -8.30500000E-06  1.69243030E-02  4.00754000E-04
2001-11-24T15:23:49.968  5.51460000E-04  1.61320870E-02 -2.00091000E-04
2001-11-24T15:23:50.968  1.12809000E-04  1.66450980E-02  9.61500000E-04
2001-11-24T15:23:51.968  2.53304000E-04  1.87940040E-02  1.09135100E-03
2001-11-24T15:23:52.968 -2.00973700E-03  1.57604780E-02  2.40083000E-04
2001-11-24T15:23:53.968  3.88770000E-04  1.77262800E-02 -3.55456000E-04
2001-11-24T15:23:54.968 -7.92320000E-04  1.66748480E-02  3.97167000E-04
2001-11-24T15:23:55.972 -1.69514000E-03  1.52053650E-02  2.52010000E-04
2001-11-24T15:23:56.968  5.27834000E-04  1.79995580E-02  5.05343000E-04
2001-11-24T15:23:57.968 -9.63972000E-04  1.63086470E-02  1.17270000E-05
2001-11-24T15:23:58.968 -1.34842900E-03  1.44302730E-02  2.85074000E-04
2001-11-24T15:23:59.968 -1.83071800E-03  1.33625270E-02  1.22228500E-03
2001-11-24T15:24:00.972  1.53433000E-04  1.32268660E-02  2.65472000E-04
2001-11-24T15:24:01.968 -1.79049600E-03  1.14426690E-02 -6.05815000E-04
2001-11-24T15:24:02.968  5.52891000E-04  1.35916920E-02  9.99828000E-04
2001-11-24T15:24:03.968 -1.77825700E-03  1.21339300E-02  3.89715000E-04
2001-11-24T15:24:04.968 -4.42260000E-04  1.34438340E-02  2.11721000E-04
2001-11-24T15:24:05.968  1.93703000E-04  1.44164250E-02  4.74398000E-04
2001-11-24T15:24:06.968 -2.80747000E-04  1.22185040E-02  1.95228000E-04
2001-11-24T15:24:07.968  1.15312200E-03  1.25632880E-02  1.20918900E-03
2001-11-24T15:24:08.968  3.38041000E-04  1.12681580E-02 -1.38042000E-04
2001-11-24T15:24:09.968 -7.71204000E-04  1.09147440E-02 -5.26996000E-04
2001-11-24T15:24:10.968  6.27330000E-05  1.16121180E-02  1.70028000E-04
2001-11-24T15:24:11.975 -1.08803300E-03  1.00169020E-02  5.72071000E-04
2001-11-24T15:24:12.968  1.62128600E-03  1.19516570E-02 -3.99189000E-04
2001-11-24T15:24:13.968  1.14745700E-03  1.21291050E-02  6.84674000E-04
2001-11-24T15:24:14.968  7.45292000E-04  1.10095510E-02  1.33154100E-03
2001-11-24T15:24:15.968  1.01216900E-03  1.14069800E-02  1.50837000E-04
2001-11-24T15:24:16.972 -4.95577000E-04  9.23336200E-03  2.07699000E-04
2001-11-24T15:24:17.968  1.76673000E-04  8.42104500E-03  6.17797000E-04
2001-11-24T15:24:18.968  1.04767800E-03  1.00834200E-02  1.81432000E-04
2001-11-24T15:24:19.968 -1.36664600E-03  8.25796600E-03 -4.74150000E-05
2001-11-24T15:24:20.968  7.70073000E-04  9.14407700E-03  1.02143100E-03
2001-11-24T15:24:21.968 -9.93866000E-04  7.25124000E-03  5.90750000E-04
2001-11-24T15:24:22.968 -3.73254000E-04  8.38327400E-03  6.78050000E-05
2001-11-24T15:24:23.968  6.95530000E-04  7.48271100E-03  1.72098000E-04
2001-11-24T15:24:24.968  1.03160200E-03  7.61732700E-03 -5.76607000E-04
2001-11-24T15:24:25.968  4.31816000E-04  8.11149600E-03  9.75134000E-04
2001-11-24T15:24:26.968  2.99746000E-04  8.22015800E-03  1.63087000E-04
2001-11-24T15:24:27.972  9.04441000E-04  6.71218400E-03 -4.65788000E-04
2001-11-24T15:24:28.968 -2.74010000E-05  7.11550000E-03  4.24510000E-04
2001-11-24T15:24:29.968 -2.06581000E-04  6.39609600E-03  5.03044000E-04
2001-11-24T15:24:30.968 -1.22952800E-03  5.91201000E-03  2.34950000E-05
2001-11-24T15:24:31.968 -9.46872000E-04  5.50008700E-03 -2.86367000E-04
2001-11-24T15:24:32.971 -1.26231000E-03  5.32410900E-03  7.15060000E-04
2001-11-24T15:24:33.968  9.78750000E-05  5.57525400E-03  7.83845000E-04
2001-11-24T15:24:34.968  1.11056500E-03  5.61711900E-03 -1.47609200E-03
2001-11-24T15:24:35.968 -1.24123000E-03  4.01106000E-03  1.81446000E-04
2001-11-24T15:24:36.968 -1.91258500E-03  5.00730100E-03  1.30069700E-03
2001-11-24T15:24:37.968 -2.56190000E-04  5.05771500E-03  1.04513300E-03
2001-11-24T15:24:38.968  8.34215000E-04  5.56772100E-03 -4.57500000E-05
2001-11-24T15:24:39.968 -1.30331000E-04  4.07753500E-03  1.10145800E-03
2001-11-24T15:24:40.968 -6.58739000E-04  4.81914800E-03  5.85665000E-04
2001-11-24T15:24:41.968  6.45534000E-04  6.01454400E-03 -1.36030000E-04
2001-11-24T15:24:42.968 -1.13784200E-03  4.19013500E-03 -7.63620000E-05
2001-11-24T15:24:43.975  2.38957000E-04  5.33692600E-03  8.29369000E-04
2001-11-24T15:24:44.968 -1.42402100E-03  3.91691600E-03  4.86866000E-04
2001-11-24T15:24:45.968  6.43050000E-04  5.12789000E-03 -7.43493000E-04
2001-11-24T15:24:46.968 -7.43642000E-04  3.71730000E-03  2.18249000E-04
2001-11-24T15:24:47.968 -6.19070000E-05  4.38371200E-03 -5.79754000E-04
2001-11-24T15:24:48.971  5.83499000E-04  3.83299500E-03 -6.41262000E-04
2001-11-24T15:24:49.968 -1.06422400E-03  2.37610700E-03  1.19602700E-03
2001-11-24T15:24:50.968  4.16152000E-04  4.42352800E-03  5.92230000E-05
2001-11-24T15:24:51.968 -4.09369000E-04  4.11222900E-03  8.39241000E-04
2001-11-24T15:24:52.968 -7.21313000E-04  1.77871900E-03 -1.13340000E-05
2001-11-24T15:24:53.968  1.19227400E-03  4.06468900E-03 -1.35979000E-04
2001-11-24T15:24:54.968  2.35348000E-04  3.91658900E-03 -3.41648000E-04
2001-11-24T15:24:55.968 -1.10795200E-03  2.25554300E-03 -1.80117000E-04
2001-11-24T15:24:56.968  1.22573800E-03  2.61846000E-03  4.88681000E-04
2001-11-24T15:24:57.968  5.00039000E-04  4.18746000E-03  9.83395000E-04
2001-11-24T15:24:58.968 -4.55594000E-04  3.40566300E-03 -2.31044000E-04
2001-11-24T15:24:59.971 -3.31426000E-04  1.82994700E-03 -4.24367000E-04
2001-11-24T15:25:00.968 -1.04293300E-03  2.14006400E-03 -1.39295600E-03
2001-11-24T15:25:01.968 -9.73190000E-05  2.36914600E-03  9.09669000E-04
2001-11-24T15:25:02.968 -1.66380000E-04  2.62137200E-03  4.55585000E-04
2001-11-24T15:25:03.968  9.55423000E-04  3.02349500E-03 -6.56063000E-04
2001-11-24T15:25:04.971  9.91321000E-04  3.40854100E-03  1.00972400E-03
2001-11-24T15:25:05.968  2.35597000E-04  3.49467600E-03 -5.88551000E-04
2001-11-24T15:25:06.968  8.89208000E-04  2.55248000E-03  1.32952500E-03
2001-11-24T15:25:07.968  1.10907000E-04  3.12841100E-03  1.19840500E-03
2001-11-24T15:25:08.968  7.93966000E-04  2.36313700E-03 -3.88927000E-04
2001-11-24T15:25:09.968  1.10511100E-03  2.06304100E-03 -8.44853000E-04
2001-11-24T15:25:10.968  1.36518700E-03  1.69652700E-03  5.07524000E-04
2001-11-24T15:25:11.968 -3.40692000E-04  1.41446600E-03 -3.93358000E-04
2001-11-24T15:25:12.968 -1.32180100E-03  3.72519000E-04 -6.49977000E-04
2001-11-24T15:25:13.971 -1.09877900E-03  1.00628400E-03 -1.54601000E-04
2001-11-24T15:25:14.968 -3.28632000E-04  8.28583000E-04  7.38803000E-04
2001-11-24T15:25:15.971  4.99846000E-04  1.04671600E-03  7.54441000E-04
2001-11-24T15:25:16.968 -9.85690000E-05  2.61230600E-03 -4.76617000E-04
2001-11-24T15:25:17.968  5.28785000E-04  2.66791500E-03  2.47809000E-04
2001-11-24T15:25:18.968  1.08506500E-03  1.82518000E-03  1.03435500E-03
2001-11-24T15:25:19.968  1.40884600E-03  1.30658800E-03  6.03090000E-04
2001-11-24T15:25:20.971  1.40853000E-04  1.45375800E-03 -6.45658000E-04
2001-11-24T15:25:21.968 -8.02956000E-04  1.13651700E-03 -3.86094000E-04
2001-11-24T15:25:22.968 -6.06460000E-05  1.14765700E-03  5.34180000E-04
2001-11-24T15:25:23.968  4.90735000E-04  2.14674800E-03  7.04029000E-04
2001-11-24T15:25:24.968 -9.46051000E-04  5.19596000E-04  1.43729000E-04
2001-11-24T15:25:25.968 -5.94392000E-04  5.69419000E-04  4.55889000E-04
2001-11-24T15:25:26.968  6.20693000E-04  1.37556800E-03  3.11877000E-04
2001-11-24T15:25:27.968 -3.19993000E-04  6.53560000E-05  4.39757000E-04
2001-11-24T15:25:28.968  4.33430000E-05 -4.63689000E-04  1.69140000E-04
2001-11-24T15:25:29.968  1.03175800E-03  1.00878100E-03 -6.68823000E-04
2001-11-24T15:25:30.968 -4.08444000E-04 -1.33259400E-03  1.08558000E-04
2001-11-24T15:25:31.975  3.69840000E-04 -9.97790000E-05 -1.10683000E-04
2001-11-24T15:25:32.968  1.15260300E-03  1.25842400E-03 -2.89013000E-04
2001-11-24T15:25:33.968 -8.74745000E-04 -3.03611000E-04 -3.94145000E-04
2001-11-24T15:25:34.968  4.21309000E-04  6.73080000E-04 -2.55120000E-04
2001-11-24T15:25:35.968 -3.49984000E-04  9.80326000E-04  9.88690000E-05
2001-11-24T15:25:36.971 -9.27758000E-04  7.17765000E-04  3.49802000E-04
2001-11-24T15:25:37.968  8.85271000E-04  1.22708700E-03  6.36294000E-04
2001-11-24T15:25:38.968 -6.07538000E-04 -1.24345400E-03  6.42071000E-04
2001-11-24T15:25:39.968  1.25827500E-03  4.16624000E-04 -7.88550000E-05
2001-11-24T15:25:40.968 -1.45312000E-04 -1.78363000E-04 -9.76768000E-04
2001-11-24T15:25:41.968  4.45500000E-05  4.04499000E-04 -4.43486000E-04
2001-11-24T15:25:42.968  3.82244000E-04  1.73153900E-03 -9.50040000E-05
2001-11-24T15:25:43.968 -9.29938000E-04  1.16213000E-04 -9.21617000E-04
2001-11-24T15:25:44.967  1.32779100E-03  1.25545200E-03 -6.32320000E-05
2001-11-24T15:25:45.967 -6.90372000E-04 -1.07090000E-03  5.54108000E-04
2001-11-24T15:25:46.967  9.43915000E-04  1.10199000E-04  1.21175000E-04
2001-11-24T15:25:47.971 -5.77894000E-04 -3.49622000E-04 -6.49920000E-04
2001-11-24T15:25:48.967  3.86470000E-04  1.07641800E-03 -2.79826000E-04
2001-11-24T15:25:49.967 -7.02111000E-04 -2.58456000E-04  5.14504000E-04
2001-11-24T15:25:50.967  3.22472000E-04 -3.36760000E-05  8.42812000E-04
2001-11-24T15:25:51.967  4.67630000E-04 -5.00536000E-04 -1.17628100E-03
2001-11-24T15:25:52.971 -5.34930000E-05 -4.71547000E-04  6.76641000E-04
2001-11-24T15:25:53.967 -6.90360000E-05  2.18797000E-04  1.21961100E-03
2001-11-24T15:25:54.967 -8.03887000E-04 -3.52981000E-04 -2.06850000E-05
2001-11-24T15:25:55.967  3.67975000E-04  1.18349400E-03 -4.69678000E-04
2001-11-24T15:25:56.967 -6.53173000E-04 -1.32427100E-03  1.06328300E-03
2001-11-24T15:25:57.967  8.60687000E-04  6.10389000E-04 -3.39685000E-04
2001-11-24T15:25:58.967 -2.88222000E-04 -8.60134000E-04 -5.21833000E-04
2001-11-24T15:25:59.967  5.45361000E-04  4.35900000E-04 -1.36833000E-04
2001-11-24T15:26:00.967 -3.91765000E-04  2.70465000E-04  5.86143000E-04
2001-11-24T15:26:01.967 -7.06503000E-04  1.30930100E-03  6.45357000E-04
2001-11-24T15:26:02.967 -3.07468000E-04  5.23612000E-04  2.21891000E-04
2001-11-24T15:26:03.975  1.57650000E-05 -7.94680000E-04 -2.03123000E-04
2001-11-24T15:26:04.967  8.96281000E-04  7.09989000E-04  3.59321000E-04
2001-11-24T15:26:05.967 -8.10317000E-04 -1.41311000E-04  1.01517000E-03
2001-11-24T15:26:06.967 -4.63850000E-04  1.44048400E-03 -1.10505500E-03
2001-11-24T15:26:07.967 -1.39524600E-03 -5.60452000E-04  4.62255000E-04
2001-11-24T15:26:08.971  8.91106000E-04  8.01093000E-04  2.76659000E-04
2001-11-24T15:26:09.967 -3.46084000E-04 -1.12466400E-03 -3.72387000E-04
2001-11-24T15:26:10.967  6.48274000E-04  6.51746000E-04 -5.50470000E-05
2001-11-24T15:26:11.967 -1.32780700E-03 -2.44242000E-04  9.92240000E-05
2001-11-24T15:26:12.967  1.13961000E-04  8.41459000E-04 -3.87203000E-04
2001-11-24T15:26:13.971 -1.45014000E-04  5.20355000E-04 -6.97322000E-04
2001-11-24T15:26:14.967  6.77790000E-04 -6.88030000E-04  8.18903000E-04
2001-11-24T15:26:15.967 -2.04400000E-06 -4.07908000E-04  1.23794500E-03
2001-11-24T15:26:16.967 -8.12560000E-05 -2.80200000E-05 -2.49936000E-04
2001-11-24T15:26:17.967 -3.29374000E-04  8.67880000E-05 -6.61140000E-04
2001-11-24T15:26:18.967 -1.57181000E-04 -4.54357000E-04  9.15804000E-04
2001-11-24T15:26:19.971  4.80357000E-04  5.37807000E-04 -2.57460000E-05
2001-11-24T15:26:20.967 -2.36326000E-04 -1.19523600E-03 -3.96135000E-04
2001-11-24T15:26:21.967  7.93728000E-04  2.56714000E-04 -4.55696000E-04
2001-11-24T15:26:22.967 -8.97204000E-04 -4.12947000E-04  1.09155300E-03
2001-11-24T15:26:23.967  3.05765000E-04  1.84992000E-03  1.01891000E-03
2001-11-24T15:26:24.971 -1.42549500E-03 -1.95447000E-04 -7.86590000E-04
2001-11-24T15:26:25.967  1.10554000E-03  9.09611000E-04  7.46685000E-04
2001-11-24T15:26:26.967 -1.20281800E-03 -1.01271500E-03  8.87623000E-04
2001-11-24T15:26:27.967  5.44619000E-04  7.60496000E-04  3.83423000E-04
2001-11-24T15:26:28.967 -1.10800400E-03 -9.81800000E-05 -1.21859100E-03
2001-11-24T15:26:29.967  6.68005000E-04  2.04962000E-04  5.93051000E-04
2001-11-24T15:26:30.967 -3.43736000E-04 -1.58004300E-03 -3.77365000E-04
2001-11-24T15:26:31.967  9.22426000E-04 -2.54780000E-05 -1.00575100E-03
2001-11-24T15:26:32.967  1.89780000E-04  1.84837000E-04  1.02398000E-03
2001-11-24T15:26:33.967 -2.77534000E-04  9.68961000E-04  1.12931800E-03
2001-11-24T15:26:34.967 -3.50051000E-04 -3.86475000E-04 -3.92647000E-04
2001-11-24T15:26:35.971  2.74748000E-04 -3.70115000E-04  4.12065000E-04
2001-11-24T15:26:36.967  5.31633000E-04 -5.53141000E-04  3.65029000E-04
2001-11-24T15:26:37.967 -2.43255000E-04  1.36979000E-04  7.71470000E-04
2001-11-24T15:26:38.967 -4.69071000E-04 -2.54400000E-06 -5.46288000E-04
2001-11-24T15:26:39.967 -4.10503000E-04  1.31590000E-05 -1.34677600E-03
2001-11-24T15:26:40.971  9.97470000E-04  3.76521000E-04 -4.24552000E-04
2001-11-24T15:26:41.967  1.28990000E-04 -1.19496300E-03  4.54667000E-04
2001-11-24T15:26:42.967  8.26705000E-04  7.45811000E-04  4.57161000E-04
2001-11-24T15:26:43.967 -7.80729000E-04 -1.47242000E-04 -1.96819000E-04
2001-11-24T15:26:44.967  2.99185000E-04  9.54994000E-04 -1.70944000E-04
2001-11-24T15:26:45.967 -4.17776000E-04 -8.92474000E-04 -7.97006000E-04
2001-11-24T15:26:46.967  1.22988200E-03  2.55088000E-04 -6.36779000E-04
2001-11-24T15:26:47.967 -6.49585000E-04 -8.50961000E-04  3.34383000E-04
2001-11-24T15:26:48.967  3.36163000E-04  1.12351500E-03  8.94601000E-04
2001-11-24T15:26:49.967 -1.13032100E-03 -4.18517000E-04 -1.08297100E-03
2001-11-24T15:26:50.967  3.64292000E-04  9.73699000E-04 -2.59122000E-04
2001-11-24T15:26:51.975 -8.22418000E-04 -1.27626700E-03  4.86480000E-04
2001-11-24T15:26:52.967  1.02599100E-03  2.04409000E-04  6.68370000E-04
2001-11-24T15:26:53.967 -8.05159000E-04  8.05030000E-05 -1.02200500E-03
2001-11-24T15:26:54.967  2.09027000E-04  8.15290000E-04 -7.24645000E-04
2001-11-24T15:26:55.967 -1.29140700E-03  4.50780000E-05  4.10585000E-04
2001-11-24T15:26:56.971  6.04656000E-04  1.77729000E-04  5.92215000E-04
2001-11-24T15:26:57.967 -7.54950000E-04 -1.12173800E-03 -8.55930000E-05
2001-11-24T15:26:58.967  3.26922000E-04  6.00820000E-05 -4.23224000E-04
2001-11-24T15:26:59.967 -1.20900000E-03 -8.75930000E-05 -7.24270000E-05
2001-11-24T15:27:00.967  2.39341000E-04  3.35784000E-04 -2.62204000E-04
2001-11-24T15:27:01.967  3.66763000E-04 -4.53475000E-04 -1.08784900E-03
2001-11-24T15:27:02.967  7.02821000E-04 -4.01538000E-04  6.91756000E-04
2001-11-24T15:27:03.967 -3.51075000E-04  4.59400000E-06  4.15711000E-04
2001-11-24T15:27:04.967 -1.07809000E-04  3.29693000E-04 -1.06376900E-03
2001-11-24T15:27:05.967 -6.47638000E-04  7.31340000E-05 -2.44296000E-04
2001-11-24T15:27:06.967  1.35458000E-04 -1.95448000E-04  9.78071000E-04
2001-11-24T15:27:07.971  7.66032000E-04 -2.94715000E-04 -3.30816000E-04
2001-11-24T15:27:08.967 -2.10914000E-04 -4.58095000E-04 -5.05070000E-05
2001-11-24T15:27:09.967  4.16045000E-04  5.47531000E-04  8.84260000E-05
2001-11-24T15:27:10.967 -1.03264600E-03 -6.94370000E-05  5.25620000E-05
2001-11-24T15:27:11.967  9.95661000E-04  5.24605000E-04 -5.32842000E-04
2001-11-24T15:27:12.971 -2.92060000E-04 -1.28341900E-03 -8.22557000E-04
2001-11-24T15:27:13.971  8.77820000E-05 -2.65154000E-04  4.49851000E-04
2001-11-24T15:27:14.967 -9.77690000E-04 -5.05399000E-04  1.57244200E-03
2001-11-24T15:27:15.967  6.48764000E-04  1.18138400E-03 -5.96150000E-04
2001-11-24T15:27:16.967 -1.07744700E-03 -8.02617000E-04 -7.11800000E-06
2001-11-24T15:27:17.967  1.22664300E-03 -2.32145000E-04  3.52288000E-04
2001-11-24T15:27:18.967 -1.40639000E-04 -6.82529000E-04  9.09910000E-05
2001-11-24T15:27:19.967  2.77164000E-04  1.26537700E-03 -8.51473000E-04
2001-11-24T15:27:20.967 -1.55483500E-03 -4.34914000E-04 -6.66337000E-04
2001-11-24T15:27:21.967  2.60885000E-04  9.31986000E-04  2.93162000E-04
2001-11-24T15:27:22.967  5.15603000E-04 -1.51510300E-03  1.13061100E-03
2001-11-24T15:27:23.975  1.01825900E-03  1.78442000E-04  2.35426000E-04
2001-11-24T15:27:24.967 -4.89589000E-04 -6.46144000E-04 -2.06188000E-04
2001-11-24T15:27:25.967  1.75757000E-04  9.59660000E-04 -1.45385000E-04
2001-11-24T15:27:26.967 -2.97183000E-04  5.36106000E-04 -8.20973000E-04
2001-11-24T15:27:27.967  2.27447000E-04  4.45746000E-04 -1.69190000E-05
2001-11-24T15:27:28.971  2.05019000E-04 -1.26867600E-03 -5.83575000E-04
2001-11-24T15:27:29.967  3.75698000E-04  4.39940000E-05  1.44056000E-04
2001-11-24T15:27:30.967 -5.61464000E-04  5.67750000E-05  6.09959000E-04
2001-11-24T15:27:31.967 -1.15395000E-04  7.95704000E-04  1.58487000E-04
2001-11-24T15:27:32.967 -1.36026000E-04  2.94967000E-04  2.97218000E-04
2001-11-24T15:27:33.967  2.06442000E-04 -1.77941000E-04  8.72602000E-04
2001-11-24T15:27:34.967  1.11989000E-04 -3.62495000E-04  1.90097000E-04
2001-11-24T15:27:35.967 -6.45370000E-05  6.08320000E-05 -4.40047000E-04
2001-11-24T15:27:36.967 -5.18302000E-04  1.16454500E-03  1.54031000E-04
2001-11-24T15:27:37.967 -4.36518000E-04 -2.44480000E-05 -1.19667000E-04
2001-11-24T15:27:38.967 -1.41583000E-04 -2.79327000E-04 -8.24552000E-04
2001-11-24T15:27:39.971  2.56050000E-04 -1.08270900E-03 -4.09630000E-05
2001-11-24T15:27:40.967  5.24315000E-04  3.00773000E-04  8.13243000E-04
2001-11-24T15:27:41.967 -1.79483700E-03  1.16758000E-04 -1.75800000E-06
2001-11-24T15:27:42.967  8.19174000E-04  9.07505000E-04  9.55260000E-05
2001-11-24T15:27:43.971 -1.02677700E-03 -7.02104000E-04 -1.08282700E-03
2001-11-24T15:27:44.971  1.34431000E-03  1.87749000E-04 -1.95478000E-04
2001-11-24T15:27:45.967 -8.70811000E-04 -8.75045000E-04 -6.87259000E-04
2001-11-24T15:27:46.967  6.75929000E-04  1.22925400E-03 -7.53987000E-04
2001-11-24T15:27:47.967 -1.06205400E-03 -3.12555000E-04  7.14506000E-04
2001-11-24T15:27:48.967  1.07011800E-03  1.07853000E-04  7.15042000E-04
2001-11-24T15:27:49.967 -3.38452000E-04 -9.71696000E-04  3.25643000E-04
2001-11-24T15:27:50.967  1.02772400E-03  5.16464000E-04 -5.25693000E-04
2001-11-24T15:27:51.967 -8.84155000E-04  4.33986000E-04  3.03758000E-04
2001-11-24T15:27:52.967  2.56599000E-04  6.77373000E-04 -2.24728000E-04
2001-11-24T15:27:53.967 -1.28062000E-04 -7.61800000E-05  9.85397000E-04
2001-11-24T15:27:54.967  2.99639000E-04  2.77606000E-04 -5.67861000E-04
2001-11-24T15:27:55.971 -3.42498000E-04 -6.55675000E-04 -3.63401000E-04
2001-11-24T15:27:56.967 -2.98266000E-04  7.21327000E-04  5.43330000E-04
2001-11-24T15:27:57.967 -7.90701000E-04 -9.65830000E-05 -4.38341000E-04
2001-11-24T15:27:58.967  6.34570000E-05 -1.34294000E-04  5.50373000E-04
2001-11-24T15:27:59.967 -3.03098000E-04 -1.00451300E-03  1.36557700E-03
2001-11-24T15:28:00.971  2.12664000E-04 -2.71401000E-04  3.48247000E-04
2001-11-24T15:28:01.967 -1.23985000E-04  4.72566000E-04 -3.45760000E-04
2001-11-24T15:28:02.967 -4.86195000E-04  7.59513000E-04 -5.66550000E-05
2001-11-24T15:28:03.967  1.34490000E-04  6.14161000E-04  1.36291800E-03
2001-11-24T15:28:04.967  5.89937000E-04 -9.90780000E-04  6.55282000E-04
2001-11-24T15:28:05.967  9.70259000E-04  5.23712000E-04 -4.27949000E-04
2001-11-24T15:28:06.967 -6.89255000E-04 -1.05318900E-03  1.14040000E-04
2001-11-24T15:28:07.967  3.65237000E-04  1.58050500E-03  7.44583000E-04
2001-11-24T15:28:08.967 -1.23907300E-03  1.32173000E-04 -3.29840000E-05
2001-11-24T15:28:09.967  3.82632000E-04  1.11064800E-03  2.29165000E-04
2001-11-24T15:28:10.967 -2.09265000E-04 -1.25889900E-03 -5.69946000E-04
2001-11-24T15:28:11.975  8.36178000E-04  9.63443000E-04  3.20294000E-04
2001-11-24T15:28:12.967 -6.71334000E-04 -5.19054000E-04 -3.73200000E-05
2001-11-24T15:28:13.967  5.85560000E-05  1.06885400E-03 -2.24483000E-04
2001-11-24T15:28:14.967 -6.58215000E-04 -1.13554000E-03  1.54190000E-05
2001-11-24T15:28:15.967  9.14273000E-04 -2.48895000E-04  1.02793900E-03
2001-11-24T15:28:16.971 -1.87099000E-04 -1.37243400E-03 -5.02035000E-04
2001-11-24T15:28:17.967  3.11371000E-04  2.67975000E-04  4.61559000E-04
2001-11-24T15:28:18.967 -6.67061000E-04  3.32904000E-04  3.00355000E-04
2001-11-24T15:28:19.967 -1.16442000E-04  5.39575000E-04  4.25314000E-04
2001-11-24T15:28:20.967  1.33695000E-04 -1.31698100E-03 -1.04328400E-03
2001-11-24T15:28:21.967  5.82908000E-04 -1.04849000E-04 -3.09157000E-04
2001-11-24T15:28:22.967 -4.78460000E-04 -7.23296000E-04  4.59926000E-04
2001-11-24T15:28:23.967 -3.66513000E-04  5.73604000E-04 -1.94074000E-04
2001-11-24T15:28:24.967  2.87242000E-04  1.21334400E-03 -1.11989800E-03
2001-11-24T15:28:25.967 -4.15195000E-04  3.22168000E-04 -5.27790000E-05
2001-11-24T15:28:26.967  4.78023000E-04 -8.09435000E-04  3.49819000E-04
2001-11-24T15:28:27.975  1.17358000E-04 -4.08500000E-04  1.40041800E-03
2001-11-24T15:28:28.967  9.88791000E-04  8.82255000E-04 -4.46160000E-04
2001-11-24T15:28:29.967 -5.93537000E-04 -5.92824000E-04 -1.11363400E-03
2001-11-24T15:28:30.967  1.05341300E-03  8.49303000E-04 -1.54403000E-04
2001-11-24T15:28:31.967 -6.16243000E-04 -1.25154100E-03  4.83250000E-05
2001-11-24T15:28:32.971  1.33418000E-03  5.18414000E-04 -8.61980000E-04
2001-11-24T15:28:33.967 -8.64212000E-04 -4.39077000E-04 -3.70341000E-04
2001-11-24T15:28:34.967  3.56630000E-04  1.05852500E-03 -5.56800000E-05
2001-11-24T15:28:35.967 -1.29747300E-03 -4.58691000E-04  2.31803000E-04
2001-11-24T15:28:36.967  1.18511800E-03  1.69220000E-04 -6.14432000E-04
2001-11-24T15:28:37.967 -5.57076000E-04 -1.06458400E-03  4.43460000E-04
2001-11-24T15:28:38.967  4.40396000E-04  5.52744000E-04  3.39134000E-04
2001-11-24T15:28:39.967 -3.11567000E-04  8.95480000E-05  5.44330000E-05
2001-11-24T15:28:40.967 -3.38236000E-04  1.19348500E-03 -7.28838000E-04
2001-11-24T15:28:41.967  3.74332000E-04 -5.83734000E-04  2.60833000E-04
2001-11-24T15:28:42.967  6.27894000E-04 -2.87443000E-04  3.30208000E-04
2001-11-24T15:28:43.975 -1.79029000E-04 -8.14001000E-04  2.98144000E-04
2001-11-24T15:28:44.967 -2.58681000E-04  2.66903000E-04 -7.71039000E-04
2001-11-24T15:28:45.967 -1.64903900E-03 -4.50433000E-04 -7.64753000E-04
2001-11-24T15:28:46.967 -3.70878000E-04  1.17745000E-03  2.45580000E-05
2001-11-24T15:28:47.967 -4.56560000E-04 -3.91565000E-04 -3.13164000E-04
2001-11-24T15:28:48.975  8.55024000E-04  3.61710000E-05 -7.32100000E-06
2001-11-24T15:28:49.967 -8.13730000E-05 -6.84428000E-04 -4.81304000E-04
2001-11-24T15:28:50.967  2.67034000E-04  5.12748000E-04 -4.47266000E-04
2001-11-24T15:28:51.967 -1.11934700E-03 -1.27850000E-05 -3.51280000E-05
2001-11-24T15:28:52.967 -2.52113000E-04  7.84322000E-04 -4.99635000E-04
2001-11-24T15:28:53.967  1.18364000E-04 -4.99021000E-04 -3.01660000E-05
2001-11-24T15:28:54.967  7.77721000E-04 -1.04425600E-03 -5.02800000E-06
2001-11-24T15:28:55.967  4.55763000E-04  4.50456000E-04  3.04818000E-04
2001-11-24T15:28:56.967 -5.90634000E-04  4.60706000E-04  1.21458000E-04
2001-11-24T15:28:57.967 -4.17193000E-04  3.96468000E-04  4.69133000E-04
2001-11-24T15:28:58.967  3.47505000E-04 -2.37647000E-04  3.03449000E-04
2001-11-24T15:28:59.971  2.26150000E-05 -8.36115000E-04 -1.20860700E-03
2001-11-24T15:29:00.967  5.05716000E-04 -4.57724000E-04 -7.07460000E-04
2001-11-24T15:29:01.967 -5.87756000E-04  4.63714000E-04  1.36243100E-03
2001-11-24T15:29:02.967 -4.78499000E-04  2.55252000E-04  1.16358700E-03
2001-11-24T15:29:03.967 -4.72989000E-04  7.06084000E-04 -7.38350000E-05
2001-11-24T15:29:04.971  3.20185000E-04 -1.00123200E-03 -7.47016000E-04
2001-11-24T15:29:05.967  7.00901000E-04 -3.48711000E-04  3.76590000E-05
2001-11-24T15:29:06.967 -3.20437000E-04 -3.69091000E-04 -1.80727000E-04
2001-11-24T15:29:07.967 -1.99668000E-04  8.32583000E-04 -9.19893000E-04
2001-11-24T15:29:08.967 -6.14526000E-04 -3.83669000E-04  2.77713000E-04
2001-11-24T15:29:09.967  8.88453000E-04 -1.63357000E-04  1.12989600E-03
2001-11-24T15:29:10.967 -1.42488000E-04 -1.20311300E-03 -1.08273000E-04
2001-11-24T15:29:11.967  6.60194000E-04  1.33629000E-04 -1.90068000E-04
2001-11-24T15:29:12.967 -1.03431700E-03 -4.54430000E-05  3.42208000E-04
2001-11-24T15:29:13.971  6.88385000E-04  1.09445600E-03  6.59672000E-04
2001-11-24T15:29:14.967 -9.75178000E-04 -8.52640000E-04  8.75000000E-06
2001-11-24T15:29:15.971  1.39057000E-03  7.13690000E-04 -8.26948000E-04
2001-11-24T15:29:16.967 -7.78472000E-04 -1.14854800E-03 -2.93538000E-04
2001-11-24T15:29:17.967  1.10076900E-03  8.97705000E-04  8.77898000E-04
2001-11-24T15:29:18.967 -9.30742000E-04  8.20200000E-06  1.97122000E-04
2001-11-24T15:29:19.967  6.46723000E-04  7.47060000E-04 -1.54896000E-04
2001-11-24T15:29:20.971 -4.77083000E-04 -1.33335100E-03 -7.08236000E-04
2001-11-24T15:29:21.967  1.46021800E-03  3.00036000E-04 -5.48489000E-04
2001-11-24T15:29:22.967 -7.28994000E-04 -3.89176000E-04  3.62625000E-04
2001-11-24T15:29:23.967  7.00712000E-04  9.87285000E-04 -4.20350000E-04
2001-11-24T15:29:24.967 -1.29223500E-03 -1.00681000E-04 -2.09639000E-04
2001-11-24T15:29:25.967  1.16758200E-03  3.32979000E-04  4.59966000E-04
2001-11-24T15:29:26.967 -1.84653000E-04 -1.39851300E-03  6.46990000E-05
2001-11-24T15:29:27.967  8.42013000E-04  5.88290000E-04 -4.12783000E-04
2001-11-24T15:29:28.967 -9.57519000E-04 -2.59056000E-04  2.26787000E-04
2001-11-24T15:29:29.967 -6.77960000E-05  9.49786000E-04  3.64650000E-04
2001-11-24T15:29:30.967 -9.96669000E-04 -1.42802900E-03  1.05240700E-03
2001-11-24T15:29:31.975  9.53120000E-04 -1.14742000E-04 -3.58546000E-04
2001-11-24T15:29:32.967 -6.64970000E-04 -8.98954000E-04  8.32190000E-05
2001-11-24T15:29:33.967  3.75330000E-05  8.03121000E-04  1.11431100E-03
2001-11-24T15:29:34.967 -1.20417400E-03  5.72620000E-05 -3.93471000E-04
2001-11-24T15:29:35.967  2.80496000E-04  1.75651000E-04 -1.55880100E-03
2001-11-24T15:29:36.971  6.32573000E-04 -6.77953000E-04 -1.26410300E-03
2001-11-24T15:29:37.967  2.59185000E-04 -1.73909000E-04  5.26079000E-04
2001-11-24T15:29:38.967  2.58107000E-04  1.09627400E-03 -2.23212000E-04
2001-11-24T15:29:39.967 -4.45370000E-04  2.44806000E-04  5.32667000E-04
2001-11-24T15:29:40.967 -4.67136000E-04  5.87757000E-04 -3.09789000E-04
2001-11-24T15:29:41.967  2.58988000E-04 -7.34270000E-04  7.11902000E-04
2001-11-24T15:29:42.967  9.40655000E-04  4.52152000E-04  7.83194000E-04
2001-11-24T15:29:43.967 -2.47499000E-04 -2.99703000E-04  1.53851000E-04
2001-11-24T15:29:44.967  2.24823800E-03 -4.91608000E-04 -3.99644100E-03
2001-11-24T15:29:45.967 -3.84760100E-03  6.16643700E-03  5.59457900E-03
2001-11-24T15:29:46.967 -3.96079900E-03  2.18935900E-03  7.69355800E-03
2001-11-24T15:29:47.971  4.03439000E-04  1.31862000E-04  5.14739800E-03
2001-11-24T15:29:48.967  3.98262600E-03 -2.82944400E-03 -6.03423500E-03
2001-11-24T15:29:49.967  5.74354000E-03 -2.48821900E-03 -1.49542100E-03
2001-11-24T15:29:50.967  7.96245000E-04  3.73914300E-03  3.20042900E-03
2001-11-24T15:29:51.967 -6.21482800E-03  6.94371700E-03 -4.06619600E-03
2001-11-24T15:29:52.971  4.48462000E-03  1.17013020E-02 -5.21406500E-03
2001-11-24T15:29:53.967 -2.45432600E-03 -5.57454200E-03 -3.23307900E-03
2001-11-24T15:29:54.967  7.26943200E-03  4.15840200E-03  5.47340900E-03
2001-11-24T15:29:55.967 -2.30513500E-03 -4.36313200E-03 -2.50096900E-03
2001-11-24T15:29:56.967 -2.26107000E-03  5.10270500E-03  1.22608800E-03
2001-11-24T15:29:57.967 -9.67716400E-03 -2.42735100E-03  6.76994600E-03
2001-11-24T15:29:58.967  7.67627000E-04  6.75451300E-03  2.36027400E-03
2001-11-24T15:29:59.967  1.54115000E-04 -1.19180670E-02 -6.85087600E-03
2001-11-24T15:30:00.967  6.82810400E-03  2.19222100E-03 -3.79224300E-03
2001-11-24T15:30:01.967 -5.86889100E-03  5.36905000E-04  5.64359200E-03
2001-11-24T15:30:02.967  7.23554000E-04  9.11476600E-03 -4.87194800E-03
2001-11-24T15:30:03.971 -2.56766700E-03  3.21419900E-03 -4.50807400E-03
2001-11-24T15:30:04.967  3.19767900E-03 -3.42552000E-04 -2.99989700E-03
2001-11-24T15:30:05.967 -4.64013000E-04 -5.37597900E-03  7.34470500E-03
2001-11-24T15:30:06.967  6.60440000E-03  1.82624000E-04 -2.79838400E-03
2001-11-24T15:30:07.967 -4.04203800E-03 -2.39791700E-03 -7.42377100E-03
2001-11-24T15:30:08.971  4.82851000E-04  1.23080200E-02 -6.28515000E-04
2001-11-24T15:30:09.967 -1.13263820E-02 -1.91370800E-03  2.90276000E-03
2001-11-24T15:30:10.967  1.06919180E-02  8.50039000E-04 -1.01211700E-03
2001-11-24T15:30:11.967 -2.33151800E-03 -7.73075800E-03  1.57379000E-04
2001-11-24T15:30:12.967  5.44591600E-03  8.27369300E-03  7.11821300E-03
2001-11-24T15:30:13.967 -9.35207000E-03 -5.33033000E-04  5.87144100E-03
2001-11-24T15:30:14.967 -1.48879500E-03  9.04892000E-03 -4.72133400E-03
2001-11-24T15:30:15.967 -3.90423500E-03 -6.62209300E-03 -3.53163000E-03
2001-11-24T15:30:16.967  8.16409000E-03  6.57951000E-04  5.83368600E-03
2001-11-24T15:30:17.967 -3.52403000E-03 -4.95379000E-03  6.29227800E-03
2001-11-24T15:30:18.967  2.23802600E-03  8.65253400E-03  1.21860200E-03
2001-11-24T15:30:19.971 -7.19025500E-03 -2.84835000E-04 -7.77800000E-04
2001-11-24T15:30:20.967 -2.93616000E-04  7.40198800E-03  3.17942700E-03
2001-11-24T15:30:21.967 -5.37752000E-04 -8.33099300E-03  1.56836800E-03
2001-11-24T15:30:22.967  6.47467500E-03 -1.42000400E-03 -4.66568400E-03
2001-11-24T15:30:23.967 -1.70495900E-03 -2.75307500E-03  1.94598400E-03
2001-11-24T15:30:24.971  5.47583000E-04  4.89724000E-03  8.45926500E-03
2001-11-24T15:30:25.967 -7.00801100E-03  1.59511500E-03  2.74552900E-03
2001-11-24T15:30:26.967 -6.57829000E-04  3.24094700E-03  2.33204900E-03
2001-11-24T15:30:27.967  2.47943500E-03 -2.08454000E-03  1.32131400E-03
2001-11-24T15:30:28.967  2.46008400E-03  1.45682100E-03  1.73716600E-03
2001-11-24T15:30:29.967  9.67340000E-04  6.32242500E-03 -3.34457300E-03
2001-11-24T15:30:30.967 -5.89253900E-03  3.35321300E-03 -6.09973000E-04
2001-11-24T15:30:31.967 -2.33458300E-03  4.27310000E-03  4.95256000E-03
2001-11-24T15:30:32.967  1.66038700E-03 -4.05050900E-03  5.71007400E-03
2001-11-24T15:30:33.967  9.45388000E-03 -5.47852000E-04 -6.61651600E-03
2001-11-24T15:30:34.967 -1.27957700E-03 -2.98497700E-03 -1.23642000E-04
2001-11-24T15:30:35.971 -9.86628000E-04  9.98299900E-03  4.66732300E-03
2001-11-24T15:30:36.967 -4.15604000E-03  1.40084200E-03  1.87539900E-03
2001-11-24T15:30:37.967  5.83955200E-03  3.12850600E-03 -3.18600200E-03
2001-11-24T15:30:38.967 -1.13451200E-03 -8.38901800E-03 -5.89221500E-03
2001-11-24T15:30:39.967  9.69016600E-03  2.08113000E-03  3.28867400E-03
2001-11-24T15:30:40.971 -9.38091100E-03 -3.36795900E-03  3.57148700E-03
2001-11-24T15:30:41.967  1.52373000E-03  9.83933400E-03 -3.16479500E-03
2001-11-24T15:30:42.967 -8.91139500E-03 -2.14777800E-03 -5.77385000E-04
2001-11-24T15:30:43.967  9.62725700E-03 -1.30407700E-03  9.54560000E-04
2001-11-24T15:30:44.967 -3.18124000E-03 -6.65184500E-03 -2.11215700E-03
