2002-01-01T01:50:46.791  3.47801000E-04  1.09100000E-05  9.33653000E-04
2002-01-01T01:50:47.799  8.30816000E-04 -6.07692000E-04  1.94816000E-04
2002-01-01T01:50:48.795  1.40022000E-04  1.96039000E-04 -3.96494000E-04
2002-01-01T01:50:49.795 -7.70819000E-04  7.37950000E-04 -1.75669000E-04
2002-01-01T01:50:50.795 -3.97553000E-04  5.50457000E-04  3.55060000E-05
2002-01-01T01:50:51.799 -2.60293000E-04 -1.01324000E-04 -1.82040000E-04
2002-01-01T01:50:52.795  5.00130000E-04 -6.49316000E-04  1.21096600E-03
2002-01-01T01:50:53.795  1.56440000E-05 -5.02135000E-04 -9.08380000E-04
2002-01-01T01:50:54.795 -6.17859000E-04  3.21888000E-04 -2.84030000E-05
2002-01-01T01:50:55.802  6.81315000E-04  8.96185000E-04 -3.91588000E-04
2002-01-01T01:50:56.795 -4.61780000E-05 -4.32002000E-04 -8.13524000E-04
2002-01-01T01:50:57.799 -1.58157000E-04 -7.27580000E-04 -1.51930000E-04
2002-01-01T01:50:58.795  1.03607000E-04 -3.23317000E-04  1.25651000E-04
2002-01-01T01:50:59.795 -1.14888000E-04  6.02558000E-04  8.71607000E-04
2002-01-01T01:51:00.799 -7.52140000E-04  4.49948000E-04  1.08519000E-04
2002-01-01T01:51:01.799 -2.68866000E-04  5.27261000E-04 -9.13120000E-05
2002-01-01T01:51:02.791  3.07679000E-04 -6.61902000E-04  2.29620000E-05
2002-01-01T01:51:03.799  2.45091000E-04 -2.07490000E-05 -5.68101000E-04
2002-01-01T01:51:04.795 -2.35426000E-04 -1.78967000E-04  4.67746000E-04
2002-01-01T01:51:05.795 -1.45206000E-04  8.82649000E-04  4.32462000E-04
2002-01-01T01:51:06.795 -1.02230100E-03 -2.40742000E-04 -6.01415000E-04
2002-01-01T01:51:07.799  1.40799100E-03  3.23831000E-04  9.00730000E-05
2002-01-01T01:51:08.795 -1.76764000E-04 -6.28389000E-04  9.39080000E-05
2002-01-01T01:51:09.795 -1.28574000E-04  3.55727000E-04 -1.01742000E-04
2002-01-01T01:51:10.795 -2.40271000E-04 -4.97520000E-05  1.94991000E-04
2002-01-01T01:51:11.802  1.86548000E-04  5.77195000E-04 -2.94524000E-04
2002-01-01T01:51:12.795 -2.81104000E-04 -1.04013200E-03 -1.41720000E-05
2002-01-01T01:51:13.799  1.25336500E-03  8.12642000E-04 -2.31681000E-04
2002-01-01T01:51:14.795 -1.31076600E-03 -3.68520000E-04 -3.65105000E-04
2002-01-01T01:51:15.795  4.80788000E-04  1.31406600E-03  6.32759000E-04
2002-01-01T01:51:16.799 -1.10263600E-03 -4.92430000E-05  2.47655000E-04
2002-01-01T01:51:17.799  2.49106000E-04  1.68785000E-04 -3.63012000E-04
2002-01-01T01:51:18.791 -1.58380000E-04 -1.43829700E-03  6.48371000E-04
2002-01-01T01:51:19.799  1.07496400E-03  1.12404900E-03  9.25176000E-04
2002-01-01T01:51:20.795 -1.25195900E-03  1.06066000E-04 -6.42143000E-04
2002-01-01T01:51:21.795  4.48538000E-04  1.49080300E-03  2.55172000E-04
2002-01-01T01:51:22.795 -7.93713000E-04 -5.61085000E-04 -1.32556000E-04
2002-01-01T01:51:23.799  1.32950500E-03  3.54098000E-04 -1.32925800E-03
2002-01-01T01:51:24.795 -9.52447000E-04 -6.68185000E-04  1.11031200E-03
2002-01-01T01:51:25.795  2.31795000E-04  1.38168500E-03  5.19960000E-04
2002-01-01T01:51:26.795 -1.00889000E-03 -1.26972100E-03 -2.00582000E-04
2002-01-01T01:51:27.802  1.27749700E-03  4.00662000E-04  4.46157000E-04
2002-01-01T01:51:28.795 -7.64593000E-04 -1.17055800E-03 -1.08798100E-03
2002-01-01T01:51:29.799  7.68164000E-04  2.00451000E-04  3.97059000E-04
2002-01-01T01:51:30.795 -8.45603000E-04  3.42205000E-04 -4.26259000E-04
2002-01-01T01:51:31.795  1.22736000E-04  5.63906000E-04 -2.50404000E-04
2002-01-01T01:51:32.802  4.45066000E-04 -1.40399600E-03  1.21446300E-03
2002-01-01T01:51:33.799  1.05638200E-03 -8.75770000E-05  4.88079000E-04
2002-01-01T01:51:34.791 -6.47931000E-04 -3.46754000E-04  2.17236000E-04
2002-01-01T01:51:35.799  1.32920000E-05  7.08042000E-04 -3.01344000E-04
2002-01-01T01:51:36.795 -6.53927000E-04 -6.38855000E-04 -1.84425000E-04
2002-01-01T01:51:37.795  6.08746000E-04  1.22708000E-04  1.28331000E-04
2002-01-01T01:51:38.795  8.89575000E-04 -2.29383000E-04 -1.50365000E-04
2002-01-01T01:51:39.799 -4.85810000E-05  3.79300000E-04 -1.20454100E-03
2002-01-01T01:51:40.795 -6.12914000E-04  1.10973300E-03 -6.84580000E-05
2002-01-01T01:51:41.795 -2.90714000E-04  2.46977000E-04  4.88911000E-04
2002-01-01T01:51:42.795  4.78080000E-04  2.68395000E-04  2.74706000E-04
2002-01-01T01:51:43.802  1.50107000E-04 -2.64308000E-04  4.23483000E-04
2002-01-01T01:51:44.795  4.42396000E-04  7.21854000E-04 -3.91395000E-04
2002-01-01T01:51:45.798 -5.82740000E-04  3.76134000E-04 -2.12401000E-04
2002-01-01T01:51:46.795  7.58380000E-05  1.01796000E-04  1.14184900E-03
2002-01-01T01:51:47.795  3.76837000E-04 -7.32255000E-04 -1.65483000E-04
2002-01-01T01:51:48.798  7.38395000E-04 -1.32496000E-04 -3.24587000E-04
2002-01-01T01:51:49.798 -7.80827000E-04 -1.96454000E-04  6.27145000E-04
2002-01-01T01:51:50.791  5.49054000E-04  1.04624500E-03 -1.40708000E-04
2002-01-01T01:51:51.798 -1.42290800E-03  3.25144000E-04  2.18006000E-04
2002-01-01T01:51:52.795  7.43552000E-04  6.44954000E-04  3.13156000E-04
2002-01-01T01:51:53.795 -1.61859000E-04 -9.27190000E-04 -4.83656000E-04
2002-01-01T01:51:54.795  3.43807000E-04  2.18080000E-04  4.20636000E-04
2002-01-01T01:51:55.798 -7.47197000E-04  4.95700000E-05  2.84340000E-04
2002-01-01T01:51:56.795  2.70670000E-05  1.42531900E-03  6.45667000E-04
2002-01-01T01:51:57.795  1.07942000E-04 -6.44075000E-04 -2.75310000E-04
2002-01-01T01:51:58.795  6.26776000E-04 -4.03152000E-04 -7.84953000E-04
2002-01-01T01:51:59.802 -4.00306000E-04 -4.51311000E-04  7.75191000E-04
2002-01-01T01:52:00.795 -6.45045000E-04  9.95945000E-04 -2.13982000E-04
2002-01-01T01:52:01.798 -5.05378000E-04 -1.21493000E-04  4.36858000E-04
2002-01-01T01:52:02.795  5.93325000E-04 -2.95271000E-04 -6.34177000E-04
2002-01-01T01:52:03.795 -6.77970000E-05 -6.01797000E-04 -2.61852000E-04
2002-01-01T01:52:04.798  5.71283000E-04  7.39983000E-04  5.08752000E-04
2002-01-01T01:52:05.798 -5.45093000E-04  3.39909000E-04 -2.64118000E-04
2002-01-01T01:52:06.791 -2.89313000E-04  1.10473000E-03 -1.23940000E-04
2002-01-01T01:52:07.798 -2.01688000E-04 -7.35165000E-04  2.56558000E-04
2002-01-01T01:52:08.795  9.58796000E-04  5.94383000E-04 -8.03550000E-04
2002-01-01T01:52:09.795 -3.23743000E-04 -2.70316000E-04  3.81373000E-04
2002-01-01T01:52:10.795  2.43882000E-04  1.51066600E-03  5.36765000E-04
2002-01-01T01:52:11.798 -4.57431000E-04 -6.12690000E-05 -1.13521600E-03
2002-01-01T01:52:12.795  3.59326000E-04 -2.46504000E-04  7.90652000E-04
2002-01-01T01:52:13.795  1.15699000E-04 -9.76917000E-04 -3.80430000E-04
2002-01-01T01:52:14.795 -8.36250000E-05  1.36346000E-04 -4.60954000E-04
2002-01-01T01:52:15.802 -5.31878000E-04  1.13691000E-04  1.63126000E-04
2002-01-01T01:52:16.795  9.50557000E-04  8.79139000E-04 -5.04096000E-04
2002-01-01T01:52:17.798 -2.85993000E-04 -5.55201000E-04  4.28336000E-04
2002-01-01T01:52:18.795  5.94053000E-04 -2.84389000E-04  1.40567000E-04
2002-01-01T01:52:19.795 -2.71285000E-04 -2.20514000E-04 -1.05381600E-03
2002-01-01T01:52:20.798 -3.39842000E-04  6.20439000E-04  8.04576000E-04
2002-01-01T01:52:21.798 -5.24315000E-04  6.56100000E-06 -7.45309000E-04
2002-01-01T01:52:22.791  3.03018000E-04  4.94801000E-04  3.67360000E-05
2002-01-01T01:52:23.798 -4.34281000E-04 -3.99887000E-04  1.83214200E-03
2002-01-01T01:52:24.795  9.41471000E-04  6.09965000E-04 -6.42178000E-04
2002-01-01T01:52:25.795 -8.05627000E-04 -1.43128000E-04  8.69323000E-04
2002-01-01T01:52:26.795  5.58679000E-04  2.04218000E-04  7.47173000E-04
2002-01-01T01:52:27.798 -1.24870000E-05 -1.05369600E-03 -5.69962000E-04
2002-01-01T01:52:28.795  1.15557200E-03  1.18989000E-04  1.05901400E-03
2002-01-01T01:52:29.795 -1.00696600E-03  3.37670000E-05 -2.82643000E-04
2002-01-01T01:52:30.795 -1.32380000E-05  1.77769300E-03  1.84141000E-04
2002-01-01T01:52:31.802 -3.82379000E-04 -8.23707000E-04  6.68515000E-04
2002-01-01T01:52:32.795  1.08193200E-03  8.49581000E-04 -1.58516000E-04
2002-01-01T01:52:33.798 -9.48168000E-04 -1.35246300E-03  3.59726000E-04
2002-01-01T01:52:34.795  3.36407000E-04  1.24004300E-03 -3.54253000E-04
2002-01-01T01:52:35.795 -1.40910000E-03 -1.60034000E-04  9.78121000E-04
2002-01-01T01:52:36.798  8.48768000E-04  3.09009000E-04 -6.84800000E-05
2002-01-01T01:52:37.798 -1.95535000E-04 -9.78088000E-04  3.85030000E-05
2002-01-01T01:52:38.791  1.01519100E-03  4.04405000E-04  9.59960000E-05
2002-01-01T01:52:39.798 -1.11607100E-03 -2.20733000E-04 -2.87126000E-04
2002-01-01T01:52:40.795  5.40246000E-04  1.54382700E-03  7.53814000E-04
2002-01-01T01:52:41.795 -1.04151200E-03 -7.58839000E-04 -3.05808000E-04
2002-01-01T01:52:42.795  8.58737000E-04  2.94880000E-04 -2.00767000E-04
2002-01-01T01:52:43.798 -4.13686000E-04 -9.24167000E-04 -7.16196000E-04
2002-01-01T01:52:44.795  2.97320000E-04  1.42589500E-03  5.40350000E-05
2002-01-01T01:52:45.795 -1.27190800E-03  3.98302000E-04  3.20190000E-04
2002-01-01T01:52:46.795  1.25387300E-03  6.69260000E-05  2.68753000E-04
2002-01-01T01:52:47.802 -6.01158000E-04 -1.49731700E-03  7.06445000E-04
2002-01-01T01:52:48.795  1.06961000E-03  4.40609000E-04 -2.85270000E-04
2002-01-01T01:52:49.798 -1.30118200E-03 -4.51934000E-04 -9.55027000E-04
2002-01-01T01:52:50.791  2.18533000E-04  1.03423000E-03 -2.87345000E-04
2002-01-01T01:52:51.794 -8.21249000E-04 -1.41540000E-05  1.47681100E-03
2002-01-01T01:52:52.802  3.29366000E-04  3.40778000E-04 -8.73350000E-04
2002-01-01T01:52:53.798 -5.12422000E-04 -9.12904000E-04 -6.43340000E-04
2002-01-01T01:52:54.791  3.87732000E-04  6.39212000E-04 -9.24930000E-05
2002-01-01T01:52:55.798 -1.16426700E-03  8.66990000E-05 -8.04354000E-04
2002-01-01T01:52:56.794  5.14294000E-04  2.68621000E-04  5.40135000E-04
2002-01-01T01:52:57.794  3.00050000E-04 -1.00648300E-03 -3.90560000E-05
2002-01-01T01:52:58.794  5.37953000E-04 -2.80650000E-05  3.73998000E-04
2002-01-01T01:52:59.798 -2.99072000E-04 -7.55553000E-04 -2.26908000E-04
2002-01-01T01:53:00.794 -4.98470000E-05  3.19819000E-04  3.46925000E-04
2002-01-01T01:53:01.794 -1.07075000E-04  6.53850000E-05  1.33920000E-04
2002-01-01T01:53:02.794  2.58092000E-04 -7.36718000E-04  3.35824000E-04
2002-01-01T01:53:03.802  1.04848500E-03  1.94000000E-07 -1.97593000E-04
2002-01-01T01:53:04.794 -5.81540000E-04 -3.09729000E-04 -5.70037000E-04
2002-01-01T01:53:05.798  5.68940000E-05  1.10668400E-03 -5.15500000E-04
2002-01-01T01:53:06.791 -4.97400000E-04  1.51696000E-04  7.64166000E-04
2002-01-01T01:53:07.794  1.04200600E-03  4.35774000E-04  3.17927000E-04
2002-01-01T01:53:08.798 -4.29653000E-04 -6.82563000E-04 -9.76215000E-04
2002-01-01T01:53:09.798  8.56880000E-04  2.96107000E-04  1.46381000E-04
2002-01-01T01:53:10.791 -6.02918000E-04 -2.11527000E-04 -5.80560000E-05
2002-01-01T01:53:11.798 -2.48630000E-04  1.19871100E-03 -3.71657000E-04
2002-01-01T01:53:12.794 -4.22913000E-04 -5.64758000E-04  3.93300000E-04
2002-01-01T01:53:13.794  1.52880600E-03  3.50320000E-04 -1.63137000E-04
2002-01-01T01:53:14.794 -1.17135000E-04 -6.63452000E-04 -9.82021000E-04
2002-01-01T01:53:15.798 -9.52190000E-05  9.07550000E-04  9.00097000E-04
2002-01-01T01:53:16.794 -1.27288100E-03 -2.59733000E-04  8.57570000E-05
2002-01-01T01:53:17.794  9.38695000E-04  1.23324600E-03  2.50333000E-04
2002-01-01T01:53:18.794 -8.72362000E-04 -1.13153400E-03  7.03680000E-04
2002-01-01T01:53:19.802  9.19521000E-04  5.33455000E-04 -5.15825000E-04
2002-01-01T01:53:20.794 -1.38150700E-03 -3.76038000E-04 -1.04395700E-03
2002-01-01T01:53:21.798  1.17679000E-04  1.23327500E-03  2.37110000E-04
2002-01-01T01:53:22.794 -1.13372800E-03 -5.14362000E-04  1.06751900E-03
2002-01-01T01:53:23.794  1.07675600E-03 -1.30459000E-04  2.85937000E-04
2002-01-01T01:53:24.802 -8.16462000E-04 -1.24622600E-03 -7.65687000E-04
2002-01-01T01:53:25.798  3.16929000E-04  7.72150000E-04  1.34570200E-03
2002-01-01T01:53:26.791 -1.39214300E-03 -3.73559000E-04  4.68426000E-04
2002-01-01T01:53:27.798  4.12281000E-04  1.11633200E-03 -1.06320900E-03
2002-01-01T01:53:28.794 -3.58070000E-05 -1.12772900E-03  9.37326000E-04
2002-01-01T01:53:29.794  1.14490400E-03  4.85394000E-04  6.33030000E-05
2002-01-01T01:53:30.794 -1.05875600E-03 -1.29578800E-03 -2.22510000E-04
2002-01-01T01:53:31.798 -8.51500000E-06  1.66961700E-03  3.91642000E-04
2002-01-01T01:53:32.794 -5.79525000E-04 -2.38274000E-04 -6.75144000E-04
2002-01-01T01:53:33.794  1.11333200E-03  4.07218000E-04  4.40401000E-04
2002-01-01T01:53:34.794 -4.82728000E-04 -1.03042700E-03  1.03232000E-04
2002-01-01T01:53:35.802  7.97707000E-04  4.11833000E-04 -4.51350000E-05
2002-01-01T01:53:36.794 -1.35552900E-03 -2.48451000E-04  8.87818000E-04
2002-01-01T01:53:37.798 -3.94060000E-05  1.20100200E-03 -5.51130000E-04
2002-01-01T01:53:38.791 -9.62887000E-04 -1.47317600E-03  7.41331000E-04
2002-01-01T01:53:39.794  1.23145000E-03 -3.13100000E-04  7.49050000E-04
2002-01-01T01:53:40.798 -1.70447000E-04 -7.24229000E-04 -3.12372000E-04
2002-01-01T01:53:41.798  2.03698000E-04  7.38861000E-04  5.17786000E-04
2002-01-01T01:53:42.791 -5.30225000E-04  1.38053000E-04 -9.50931000E-04
2002-01-01T01:53:43.798  6.66882000E-04  3.08883000E-04 -3.79395000E-04
2002-01-01T01:53:44.794 -6.88340000E-04 -6.01645000E-04 -1.69133000E-04
2002-01-01T01:53:45.794  7.22773000E-04 -1.60600000E-04 -4.05416000E-04
2002-01-01T01:53:46.794  1.03658000E-04  1.65804000E-04  1.19119000E-04
2002-01-01T01:53:47.798 -3.14529000E-04  8.06956000E-04 -2.41254000E-04
2002-01-01T01:53:48.791 -1.60829000E-04 -2.84910000E-05 -2.65588000E-04
2002-01-01T01:53:49.794  8.50292000E-04 -9.97281000E-04  1.26877000E-04
2002-01-01T01:53:50.794  5.80280000E-05 -1.32632000E-04 -1.07560100E-03
2002-01-01T01:53:51.802 -3.00486000E-04 -2.17130000E-05  7.33519000E-04
2002-01-01T01:53:52.794 -1.51288000E-04  6.25502000E-04 -6.42030000E-04
2002-01-01T01:53:53.798  1.16188000E-04 -4.38914000E-04 -2.28888000E-04
2002-01-01T01:53:54.791  5.68288000E-04 -2.73022000E-04 -1.28783000E-04
2002-01-01T01:53:55.794 -3.01721000E-04 -3.13768000E-04  5.67900000E-06
2002-01-01T01:53:56.798  3.56300000E-06  7.85212000E-04  3.71998000E-04
2002-01-01T01:53:57.798 -9.07584000E-04  1.98119000E-04  6.94362000E-04
2002-01-01T01:53:58.790 -1.54058000E-04  3.10733000E-04 -1.34149600E-03
2002-01-01T01:53:59.798 -5.16200000E-05 -9.45630000E-04  7.16413000E-04
2002-01-01T01:54:00.794  3.79459000E-04  4.54830000E-05  1.15303600E-03
2002-01-01T01:54:01.794 -9.94358000E-04  2.01069000E-04 -1.21254500E-03
2002-01-01T01:54:02.794 -1.63793000E-04  6.55230000E-04  2.86753000E-04
2002-01-01T01:54:03.798 -6.88584000E-04 -4.36722000E-04  5.17237000E-04
2002-01-01T01:54:04.794  1.25679700E-03  2.28500000E-05 -8.26034000E-04
2002-01-01T01:54:05.794 -4.90952000E-04 -1.15608900E-03  7.99050000E-04
2002-01-01T01:54:06.794  2.18629000E-04  7.11899000E-04 -3.01327000E-04
2002-01-01T01:54:07.802 -5.07396000E-04 -2.25075000E-04 -1.10743300E-03
2002-01-01T01:54:08.794  5.23311000E-04  3.48182000E-04 -4.86843000E-04
2002-01-01T01:54:09.798 -5.01229000E-04 -6.68352000E-04 -5.28054000E-04
2002-01-01T01:54:10.790  1.23245600E-03  3.31100000E-05  2.48046000E-04
2002-01-01T01:54:11.794 -7.54293000E-04 -5.35003000E-04  6.86864000E-04
2002-01-01T01:54:12.802  6.05496000E-04  1.13364400E-03 -1.24735400E-03
2002-01-01T01:54:13.798 -1.04076100E-03 -5.48128000E-04  9.86828000E-04
2002-01-01T01:54:14.790  1.60197000E-03  6.33260000E-04 -1.43565900E-03
2002-01-01T01:54:15.798 -2.94762000E-04 -1.06450600E-03  6.05868000E-04
2002-01-01T01:54:16.794  9.69080000E-04  9.50924000E-04  5.98923000E-04
2002-01-01T01:54:17.794 -1.64636200E-03  7.28200000E-06  6.34419000E-04
2002-01-01T01:54:18.794  4.48900000E-06  1.07717900E-03  1.46229000E-04
2002-01-01T01:54:19.798 -1.17190700E-03 -9.10708000E-04 -1.95861000E-04
2002-01-01T01:54:20.790  8.25564000E-04  1.01988000E-04 -1.05981000E-03
2002-01-01T01:54:21.794 -4.94931000E-04 -4.51310000E-04  7.58445000E-04
2002-01-01T01:54:22.794  3.02390000E-05  8.46552000E-04 -5.74470000E-04
2002-01-01T01:54:23.802 -4.92802000E-04  5.65469000E-04 -5.92681000E-04
2002-01-01T01:54:24.794  2.77777000E-04 -2.94330000E-05  1.20513900E-03
2002-01-01T01:54:25.798  1.16066000E-04 -7.99186000E-04 -1.33657000E-04
2002-01-01T01:54:26.790  1.53627000E-04  1.41047000E-04  4.86500000E-05
2002-01-01T01:54:27.794 -6.00416000E-04  1.20137000E-04 -2.89101000E-04
2002-01-01T01:54:28.798 -7.15255000E-04  2.81343000E-04  7.26027000E-04
2002-01-01T01:54:29.798 -1.57497000E-04  3.32588000E-04  6.86254000E-04
2002-01-01T01:54:30.790  5.38944000E-04 -7.32711000E-04 -1.16921400E-03
2002-01-01T01:54:31.798  4.97998000E-04  4.69631000E-04  1.25847000E-04
2002-01-01T01:54:32.794 -6.74262000E-04 -2.51550000E-04  2.19779000E-04
2002-01-01T01:54:33.794 -2.19810000E-04  8.95433000E-04 -1.24878600E-03
2002-01-01T01:54:34.794 -7.25003000E-04 -7.58648000E-04  4.89911000E-04
2002-01-01T01:54:35.798  1.49258200E-03  6.06032000E-04  2.32710000E-05
2002-01-01T01:54:36.790 -1.05525900E-03 -6.94063000E-04  1.25458900E-03
2002-01-01T01:54:37.794  3.91472000E-04  6.66764000E-04  8.90144000E-04
2002-01-01T01:54:38.794 -9.71029000E-04 -5.31844000E-04 -8.65900000E-04
2002-01-01T01:54:39.802  8.17179000E-04  8.63871000E-04 -2.73020000E-05
2002-01-01T01:54:40.794 -3.64280000E-04 -1.42172600E-03  6.06037000E-04
2002-01-01T01:54:41.798  9.29612000E-04  8.02598000E-04 -8.43908000E-04
2002-01-01T01:54:42.794 -1.49501300E-03 -5.37901000E-04  7.37376000E-04
2002-01-01T01:54:43.794  3.19541000E-04  1.25104600E-03 -4.65571000E-04
2002-01-01T01:54:44.798 -1.16651500E-03 -3.04001000E-04  1.34713000E-04
2002-01-01T01:54:45.794  8.93373000E-04  1.29621000E-04  5.55235000E-04
2002-01-01T01:54:46.790 -3.61332000E-04 -1.23408400E-03 -1.10367900E-03
2002-01-01T01:54:47.798  6.79717000E-04  8.71282000E-04  8.64084000E-04
2002-01-01T01:54:48.794 -2.00427300E-03 -4.45178000E-04 -4.71927000E-04
2002-01-01T01:54:49.794  5.11254000E-04  9.25730000E-04 -2.54687000E-04
2002-01-01T01:54:50.794 -1.25274400E-03 -1.17835800E-03  1.17100100E-03
2002-01-01T01:54:51.798  9.12180000E-04 -9.60610000E-05 -2.47300000E-04
2002-01-01T01:54:52.794 -6.92195000E-04 -3.92185000E-04 -2.95586000E-04
2002-01-01T01:54:53.794 -2.49392000E-04  9.64851000E-04  1.62197900E-03
2002-01-01T01:54:54.794 -1.20239500E-03 -4.15602000E-04 -3.63904000E-04
2002-01-01T01:54:55.802  3.53952000E-04  5.85492000E-04 -5.16341000E-04
2002-01-01T01:54:56.794 -3.38763000E-04 -9.90498000E-04 -8.07960000E-05
2002-01-01T01:54:57.798  2.42165000E-04 -1.41811000E-04 -3.63583000E-04
2002-01-01T01:54:58.790 -4.10203000E-04 -1.21030000E-04  4.65758000E-04
2002-01-01T01:54:59.794 -4.45152000E-04  8.90935000E-04  5.30235000E-04
2002-01-01T01:55:00.798 -5.12470000E-05 -7.41680000E-05 -4.63137000E-04
2002-01-01T01:55:01.794  1.11283000E-04  1.54833000E-04  6.90100000E-05
2002-01-01T01:55:02.790 -4.61632000E-04 -5.49285000E-04 -1.29070000E-04
2002-01-01T01:55:03.798  1.78879000E-04 -7.52160000E-05  6.96246000E-04
2002-01-01T01:55:04.794  4.16705000E-04  1.29169700E-03  3.45664000E-04
2002-01-01T01:55:05.794 -7.70519000E-04  2.55480000E-04 -9.65490000E-04
2002-01-01T01:55:06.794  7.16369000E-04  6.50887000E-04 -3.93885000E-04
2002-01-01T01:55:07.798 -1.39355000E-04 -1.05074600E-03  5.50088000E-04
2002-01-01T01:55:08.790  1.03325900E-03  6.49468000E-04 -4.55919000E-04
2002-01-01T01:55:09.794 -6.33877000E-04 -5.56407000E-04  2.90852000E-04
2002-01-01T01:55:10.794  6.71683000E-04  1.43936000E-03 -7.98524000E-04
2002-01-01T01:55:11.802 -1.17280500E-03 -1.59987000E-04 -2.61087000E-04
2002-01-01T01:55:12.794  9.10946000E-04  5.20822000E-04  3.52904000E-04
2002-01-01T01:55:13.794 -5.67725000E-04 -1.34204900E-03 -2.41545000E-04
2002-01-01T01:55:14.790  1.08892800E-03  8.12745000E-04  1.22084900E-03
2002-01-01T01:55:15.794 -1.11662200E-03 -1.58740000E-04 -7.52481000E-04
2002-01-01T01:55:16.798  1.52077000E-04  1.29199200E-03  2.29234000E-04
2002-01-01T01:55:17.794 -3.01287000E-04 -6.33349000E-04  7.92286000E-04
2002-01-01T01:55:18.790  1.23602800E-03 -3.34158000E-04  4.91309000E-04
2002-01-01T01:55:19.798 -4.43852000E-04 -1.04500800E-03  2.73200000E-05
2002-01-01T01:55:20.794 -3.76929000E-04  8.63801000E-04  6.57088000E-04
2002-01-01T01:55:21.794 -9.40182000E-04  3.49583000E-04 -5.66215000E-04
2002-01-01T01:55:22.794 -9.71350000E-05  2.78482000E-04  9.74071000E-04
2002-01-01T01:55:23.798  7.03307000E-04 -3.17286000E-04 -8.52500000E-06
2002-01-01T01:55:24.790  5.15447000E-04 -4.06267000E-04 -2.84934000E-04
2002-01-01T01:55:25.794  3.16090000E-04  2.83475000E-04  7.03249000E-04
2002-01-01T01:55:26.794 -8.93114000E-04  3.51565000E-04 -4.14836000E-04
2002-01-01T01:55:27.802 -3.15390000E-05  1.30469800E-03 -1.10717700E-03
2002-01-01T01:55:28.794 -3.34571000E-04 -4.69733000E-04  7.45026000E-04
2002-01-01T01:55:29.794  1.26302000E-03  3.17652000E-04 -1.44351200E-03
2002-01-01T01:55:30.790 -5.28194000E-04 -3.74169000E-04  5.65020000E-04
2002-01-01T01:55:31.794  7.04530000E-04  1.19658000E-03  2.92975000E-04
2002-01-01T01:55:32.802 -1.56754900E-03 -2.38780000E-04  2.37700000E-04
2002-01-01T01:55:33.798  2.60182000E-04  9.14711000E-04 -2.87921000E-04
2002-01-01T01:55:34.790 -2.50813000E-04 -1.47316400E-03 -2.16878000E-04
2002-01-01T01:55:35.798  7.88116000E-04  1.66729000E-04 -8.75275000E-04
2002-01-01T01:55:36.794 -8.89051000E-04 -3.66732000E-04  9.37303000E-04
2002-01-01T01:55:37.794  7.53526000E-04  1.33036500E-03 -1.77318000E-04
2002-01-01T01:55:38.794 -9.93959000E-04 -3.05493000E-04  6.02697000E-04
2002-01-01T01:55:39.798  5.75243000E-04  5.08119000E-04 -3.57282000E-04
2002-01-01T01:55:40.790 -1.54310000E-05 -1.04950500E-03  6.28120000E-05
2002-01-01T01:55:41.794  7.93540000E-04 -3.48772000E-04  5.03907000E-04
2002-01-01T01:55:42.794 -9.95088000E-04 -7.84208000E-04 -2.80950000E-04
2002-01-01T01:55:43.802 -3.16031000E-04  9.29359000E-04 -1.13616000E-03
2002-01-01T01:55:44.794 -3.24571000E-04  5.80533000E-04  1.21758500E-03
2002-01-01T01:55:45.794 -3.53953000E-04  3.34241000E-04 -1.95060000E-04
2002-01-01T01:55:46.790  3.84306000E-04 -3.56886000E-04  7.05597000E-04
2002-01-01T01:55:47.794 -3.20970000E-05 -6.44104000E-04 -5.93750000E-04
2002-01-01T01:55:48.798  6.21317000E-04  1.30333900E-03 -9.31040000E-04
2002-01-01T01:55:49.794 -1.01347600E-03  1.36870000E-04  8.89885000E-04
2002-01-01T01:55:50.790  8.62840000E-04  1.53843500E-03 -8.38554000E-04
2002-01-01T01:55:51.798 -7.02190000E-05 -1.41199400E-03 -5.12854000E-04
2002-01-01T01:55:52.794  9.90076000E-04 -7.09080000E-05  7.09136000E-04
2002-01-01T01:55:53.794 -6.30694000E-04 -8.80454000E-04  9.32177000E-04
2002-01-01T01:55:54.794  5.14765000E-04  1.34976700E-03 -2.71960000E-04
2002-01-01T01:55:55.798 -7.95526000E-04 -1.85322000E-04  1.45933000E-04
2002-01-01T01:55:56.790  4.61795000E-04  9.44584000E-04 -1.64939000E-04
2002-01-01T01:55:57.794 -5.55479000E-04 -6.65430000E-04 -4.11722000E-04
2002-01-01T01:55:58.794  1.07990100E-03 -1.90717000E-04  7.90392000E-04
2002-01-01T01:55:59.802  5.46927000E-04  1.49505000E-04 -2.82850000E-05
2002-01-01T01:56:00.794 -1.55651000E-04  3.19687000E-04 -4.07560000E-04
2002-01-01T01:56:01.794 -2.83637000E-04  9.17698000E-04 -3.63552000E-04
2002-01-01T01:56:02.794 -2.52427000E-04 -1.22019000E-04 -3.01249000E-04
2002-01-01T01:56:03.794  1.84090000E-04  4.76669000E-04 -5.97484000E-04
2002-01-01T01:56:04.798 -2.09257000E-04 -1.00541100E-03  1.54646000E-04
2002-01-01T01:56:05.794  1.07752500E-03  2.67176000E-04 -1.15808400E-03
2002-01-01T01:56:06.790 -9.60664000E-04 -5.61837000E-04  7.75694000E-04
2002-01-01T01:56:07.798 -6.41900000E-05  1.22987500E-03 -1.07252000E-04
2002-01-01T01:56:08.794 -1.02945900E-03  6.29299000E-04 -7.96108000E-04
2002-01-01T01:56:09.794  7.91212000E-04  7.07108000E-04  7.47570000E-04
2002-01-01T01:56:10.794 -4.74442000E-04 -5.32640000E-05 -4.31243000E-04
2002-01-01T01:56:11.794  8.80664000E-04 -4.60936000E-04 -7.38067000E-04
2002-01-01T01:56:12.794  1.81144000E-04  2.46756000E-04  5.58081000E-04
2002-01-01T01:56:13.794 -3.42240000E-04  5.92660000E-05 -6.08982000E-04
2002-01-01T01:56:14.794  6.21350000E-04  1.39390900E-03 -1.73915000E-04
2002-01-01T01:56:15.802 -1.34102300E-03  9.56380000E-05  5.06886000E-04
2002-01-01T01:56:16.794  7.78505000E-04  8.32243000E-04 -1.11075000E-04
2002-01-01T01:56:17.798 -3.09238000E-04 -5.97715000E-04  3.52741000E-04
2002-01-01T01:56:18.790  1.21036100E-03 -2.60412000E-04  4.42799000E-04
2002-01-01T01:56:19.794  9.18830000E-05 -3.10034000E-04 -6.48873000E-04
2002-01-01T01:56:20.798 -2.44247000E-04  7.91920000E-05  2.72407000E-04
2002-01-01T01:56:21.794  4.12203000E-04  1.49213200E-03 -7.36201000E-04
2002-01-01T01:56:22.790 -1.27894900E-03  1.90764000E-04  6.65910000E-05
2002-01-01T01:56:23.798  7.23347000E-04  1.08289800E-03  1.25332400E-03
2002-01-01T01:56:24.794 -4.22177000E-04 -6.58956000E-04  2.21442000E-04
2002-01-01T01:56:25.794  7.08094000E-04 -1.47110000E-04 -6.30641000E-04
2002-01-01T01:56:26.794  7.85937000E-04 -1.08400000E-06 -2.35264000E-04
2002-01-01T01:56:27.798 -1.28347000E-04 -6.16184000E-04 -1.31933000E-04
2002-01-01T01:56:28.790  1.00093100E-03  9.26983000E-04 -1.64660000E-04
2002-01-01T01:56:29.794 -8.73814000E-04 -2.27270000E-04  1.11881900E-03
2002-01-01T01:56:30.794 -2.62560000E-04  1.50280400E-03 -3.14055000E-04
2002-01-01T01:56:31.802 -2.24638000E-04  8.11646000E-04 -2.45988000E-04
2002-01-01T01:56:32.794 -3.36393000E-04  2.70004000E-04 -4.98628000E-04
2002-01-01T01:56:33.794  2.89135000E-04  6.36866000E-04  7.08896000E-04
2002-01-01T01:56:34.790 -8.74367000E-04 -9.13470000E-04 -3.82332000E-04
2002-01-01T01:56:35.794  8.37551000E-04  6.40781000E-04 -2.42232000E-04
2002-01-01T01:56:36.798 -7.33500000E-06 -7.30280000E-04 -1.74453000E-04
2002-01-01T01:56:37.794  4.62756000E-04 -1.23960000E-05 -1.62109000E-04
2002-01-01T01:56:38.790  5.98712000E-04  9.80508000E-04  2.03308000E-04
2002-01-01T01:56:39.798 -1.19288900E-03 -6.45048000E-04 -1.28363000E-04
2002-01-01T01:56:40.794  3.54637000E-04  1.45834000E-03  4.22654000E-04
2002-01-01T01:56:41.794 -1.45808000E-04  8.42840000E-04 -1.24630000E-04
2002-01-01T01:56:42.794 -8.24541000E-04  1.08292800E-03 -7.14036000E-04
2002-01-01T01:56:43.798  6.92170000E-04  1.46182900E-03  3.87391000E-04
2002-01-01T01:56:44.790 -5.22075000E-04 -6.74637000E-04 -9.66116000E-04
2002-01-01T01:56:45.794  7.45182000E-04  8.79209000E-04  4.76632000E-04
2002-01-01T01:56:46.794  2.23871000E-04  2.88467000E-04  1.63200000E-06
2002-01-01T01:56:47.802 -1.18232000E-04 -4.64014000E-04  3.33467000E-04
2002-01-01T01:56:48.794  1.44740600E-03  8.65004000E-04  6.43230000E-05
2002-01-01T01:56:49.794  7.46000000E-06 -1.99231000E-04  1.12235000E-04
2002-01-01T01:56:50.790  5.45193000E-04 -4.92077000E-04 -2.59292000E-04
2002-01-01T01:56:51.794  6.76342000E-04  8.40433000E-04  2.52850000E-04
2002-01-01T01:56:52.802 -7.62471000E-04 -1.16085100E-03  7.82415000E-04
2002-01-01T01:56:53.794  3.72718000E-04  5.04357000E-04  3.42122000E-04
2002-01-01T01:56:54.790  1.54304000E-03  1.15532600E-03  1.50311000E-04
2002-01-01T01:56:55.798 -8.25752000E-04 -5.67605000E-04 -5.97396000E-04
2002-01-01T01:56:56.794  7.49963000E-04  9.72126000E-04  2.04685000E-04
2002-01-01T01:56:57.794  3.89647000E-04  1.05840500E-03 -6.05769000E-04
2002-01-01T01:56:58.794 -6.39812000E-04 -1.67787000E-04  3.34990000E-04
2002-01-01T01:56:59.798  7.14377000E-04  1.05757300E-03  4.09153000E-04
2002-01-01T01:57:00.790  7.40598000E-04  1.49479600E-03 -1.33846100E-03
2002-01-01T01:57:01.794 -9.86554000E-04 -1.27466000E-04 -4.79978000E-04
2002-01-01T01:57:02.794  1.96941000E-04  1.10816900E-03 -4.73580000E-04
2002-01-01T01:57:03.802  1.18105000E-04  9.48242000E-04 -8.94790000E-04
2002-01-01T01:57:04.794 -8.09704000E-04 -7.80300000E-06  8.40872000E-04
2002-01-01T01:57:05.794  2.48510000E-04  1.56098800E-03 -1.18071000E-04
2002-01-01T01:57:06.790  7.41594000E-04  7.79125000E-04 -1.48826000E-04
2002-01-01T01:57:07.794 -1.03646500E-03 -1.54697000E-04  8.04576000E-04
2002-01-01T01:57:08.798  7.53850000E-05  9.79985000E-04  3.22210000E-04
2002-01-01T01:57:09.794  1.31415600E-03  1.56937200E-03 -9.37552000E-04
2002-01-01T01:57:10.790 -7.04477000E-04 -2.76368000E-04  2.92694000E-04
2002-01-01T01:57:11.798  3.16776000E-04  7.78646000E-04 -7.58242000E-04
2002-01-01T01:57:12.794  8.83864000E-04  2.06472900E-03 -8.00391000E-04
2002-01-01T01:57:13.794 -4.33607000E-04 -8.46629000E-04  2.84862000E-04
2002-01-01T01:57:14.794 -2.06048000E-04  1.57542000E-04 -1.37882000E-04
2002-01-01T01:57:15.794  9.19384000E-04  1.30759600E-03  6.08338000E-04
2002-01-01T01:57:16.790  2.80410000E-04  2.25431000E-04 -1.34684000E-04
2002-01-01T01:57:17.794 -3.97016000E-04 -3.33548000E-04 -6.93588000E-04
2002-01-01T01:57:18.794  8.09074000E-04  8.29544000E-04  2.94485000E-04
2002-01-01T01:57:19.802  8.96531000E-04  1.35079900E-03 -3.33696000E-04
2002-01-01T01:57:20.794 -6.76399000E-04 -2.35909000E-04 -4.79861000E-04
2002-01-01T01:57:21.794 -5.23116000E-04  9.69095000E-04  8.43693000E-04
2002-01-01T01:57:22.794  9.98293000E-04  1.44896700E-03  5.60685000E-04
2002-01-01T01:57:23.794  8.39731000E-04  2.08708600E-03 -6.68463000E-04
2002-01-01T01:57:24.798 -1.62288600E-03  1.15444000E-04  3.19001000E-04
2002-01-01T01:57:25.794 -9.47440000E-04  1.01519100E-03 -3.53129000E-04
2002-01-01T01:57:26.790 -1.39811000E-04  1.70780800E-03 -2.09966000E-04
2002-01-01T01:57:27.798  1.08378000E-04  1.40842800E-03  8.02705000E-04
2002-01-01T01:57:28.794  1.57798000E-04  8.80598000E-04 -1.16019500E-03
2002-01-01T01:57:29.794 -6.25959000E-04 -3.44972000E-04 -2.79750000E-04
2002-01-01T01:57:30.794  4.44437000E-04  9.74392000E-04  7.91600000E-06
2002-01-01T01:57:31.798  6.25913000E-04  2.28880500E-03 -5.99189000E-04
2002-01-01T01:57:32.794 -2.75040000E-05  2.16392000E-03  5.11345000E-04
2002-01-01T01:57:33.794 -6.51010000E-04  2.16368300E-03 -9.74230000E-05
2002-01-01T01:57:34.794 -1.15044800E-03  5.56451000E-04  1.27413000E-04
2002-01-01T01:57:35.802  9.48990000E-05  5.51029000E-04  3.50817000E-04
2002-01-01T01:57:36.794 -5.98670000E-05  1.14255400E-03 -2.54744000E-04
2002-01-01T01:57:37.794  1.42636000E-04  2.26706300E-03  5.75651000E-04
2002-01-01T01:57:38.790  9.78465000E-04  2.33187400E-03  3.92140000E-05
2002-01-01T01:57:39.794  1.08331400E-03  2.27241300E-03  3.42132000E-04
2002-01-01T01:57:40.798  2.87139000E-04  2.22365500E-03  2.46623000E-04
2002-01-01T01:57:41.794  4.88442000E-04  2.97884600E-03 -6.66922000E-04
2002-01-01T01:57:42.790  6.46669000E-04  1.98181400E-03 -1.01507000E-04
2002-01-01T01:57:43.798  1.33323400E-03  3.28834200E-03 -2.22756000E-04
2002-01-01T01:57:44.794  1.94557000E-04  2.35849700E-03 -4.32805000E-04
2002-01-01T01:57:45.794  8.76073000E-04  2.03242700E-03  4.86078000E-04
2002-01-01T01:57:46.794 -2.22681000E-04  3.02514000E-03  1.13510100E-03
2002-01-01T01:57:47.798  1.11520300E-03  2.46194900E-03 -9.14660000E-04
2002-01-01T01:57:48.790  1.10613600E-03  2.58719000E-03  2.64459000E-04
2002-01-01T01:57:49.794  1.11368000E-04  2.88638500E-03  1.11012100E-03
2002-01-01T01:57:50.794  6.95452000E-04  2.17143700E-03 -8.15121000E-04
2002-01-01T01:57:51.802  8.28326000E-04  3.21282900E-03  5.35439000E-04
2002-01-01T01:57:52.794  1.01307300E-03  2.84405200E-03  7.38256000E-04
2002-01-01T01:57:53.794 -2.70444000E-04  2.68599600E-03 -5.48666000E-04
2002-01-01T01:57:54.790  4.76521000E-04  2.88067300E-03  2.89518000E-04
2002-01-01T01:57:55.794  1.14249300E-03  2.81727100E-03 -7.18741000E-04
2002-01-01T01:57:56.798 -3.61570000E-04  3.51006000E-03  8.17311000E-04
2002-01-01T01:57:57.794  1.33874500E-03  2.91483800E-03  2.26765000E-04
2002-01-01T01:57:58.790  7.40192000E-04  3.36473100E-03 -3.17967000E-04
2002-01-01T01:57:59.798  3.31526000E-04  3.31429200E-03  4.53086000E-04
2002-01-01T01:58:00.794  1.87040000E-04  2.96086500E-03  1.98580000E-04
2002-01-01T01:58:01.794 -6.58421000E-04  3.02829000E-03 -2.64995000E-04
2002-01-01T01:58:02.794 -9.99001000E-04  1.89159100E-03  1.61532100E-03
2002-01-01T01:58:03.794 -9.90800000E-04  2.01892900E-03 -2.49487000E-04
2002-01-01T01:58:04.790 -5.88470000E-05  2.76967200E-03 -5.92273000E-04
2002-01-01T01:58:05.794  6.90364000E-04  3.23496000E-03  1.01935900E-03
2002-01-01T01:58:06.794  5.96569000E-04  3.59451100E-03 -1.36637000E-04
2002-01-01T01:58:07.802 -1.48164000E-04  2.17819300E-03 -3.36601000E-04
2002-01-01T01:58:08.794 -1.40827700E-03  2.63927100E-03  8.78497000E-04
2002-01-01T01:58:09.794 -7.84315000E-04  2.90810200E-03 -1.21408300E-03
2002-01-01T01:58:10.790  1.34047600E-03  3.77792800E-03 -3.54345000E-04
2002-01-01T01:58:11.794 -1.14260000E-04  3.93958100E-03  1.74450000E-04
2002-01-01T01:58:12.802 -1.08301500E-03  3.12640900E-03 -8.99136000E-04
2002-01-01T01:58:13.794  2.62421000E-04  4.30317400E-03 -1.87311000E-04
2002-01-01T01:58:14.790  4.50371000E-04  3.51320000E-03  8.83201000E-04
2002-01-01T01:58:15.798 -1.33862000E-03  2.68551900E-03 -2.80535000E-04
2002-01-01T01:58:16.794  1.27287900E-03  4.49173500E-03  7.69369000E-04
2002-01-01T01:58:17.794 -9.67696000E-04  3.28184700E-03 -7.55050000E-05
2002-01-01T01:58:18.794  1.07987200E-03  4.87831600E-03  1.02035700E-03
2002-01-01T01:58:19.794 -8.96106000E-04  3.20446200E-03  4.16040000E-04
2002-01-01T01:58:20.790 -4.15877000E-04  4.30311500E-03 -2.12800000E-04
2002-01-01T01:58:21.794 -5.24634000E-04  4.38721200E-03  9.23281000E-04
2002-01-01T01:58:22.794 -9.37083000E-04  4.38168200E-03  1.99415000E-04
2002-01-01T01:58:23.802 -1.78834000E-04  5.10717300E-03  1.02419000E-04
2002-01-01T01:58:24.794 -1.46596000E-04  5.25992400E-03  3.72996000E-04
2002-01-01T01:58:25.794 -6.04353000E-04  4.38803500E-03  3.48130000E-04
2002-01-01T01:58:26.790 -2.02378000E-04  4.44005900E-03 -9.40569000E-04
2002-01-01T01:58:27.794 -4.67743000E-04  4.75906600E-03  1.28005900E-03
2002-01-01T01:58:28.798 -4.40664000E-04  4.57854400E-03  2.15130000E-05
2002-01-01T01:58:29.794 -4.92915000E-04  4.77779000E-03 -9.79237000E-04
2002-01-01T01:58:30.790 -1.90858000E-04  4.99862200E-03  8.24648000E-04
2002-01-01T01:58:31.798 -3.84418000E-04  4.28732300E-03 -8.29502000E-04
2002-01-01T01:58:32.794  1.55674600E-03  5.20932600E-03 -6.27833000E-04
2002-01-01T01:58:33.794 -1.19853400E-03  3.35013100E-03  7.14184000E-04
2002-01-01T01:58:34.794  2.92805000E-04  5.86754900E-03  1.31978000E-04
2002-01-01T01:58:35.794 -6.62501000E-04  5.65279200E-03  4.58601000E-04
2002-01-01T01:58:36.790 -1.41349600E-03  4.83979800E-03  2.61268000E-04
2002-01-01T01:58:37.794  2.00882000E-04  5.52683500E-03  2.97342000E-04
2002-01-01T01:58:38.794  1.43956500E-03  6.54411500E-03  5.68443000E-04
2002-01-01T01:58:39.802 -1.19538300E-03  5.24250500E-03 -1.04905000E-04
2002-01-01T01:58:40.794 -9.70966000E-04  4.99019800E-03 -9.52800000E-05
2002-01-01T01:58:41.794 -4.80879000E-04  5.63250800E-03  6.95319000E-04
2002-01-01T01:58:42.794  3.55437000E-04  5.53436400E-03  6.82894000E-04
2002-01-01T01:58:43.794 -5.32435000E-04  7.03195500E-03 -1.71295000E-04
2002-01-01T01:58:44.798 -5.20430000E-04  6.94764500E-03  8.11841000E-04
2002-01-01T01:58:45.794 -8.07175000E-04  6.15433000E-03 -5.74606000E-04
2002-01-01T01:58:46.790 -1.39503100E-03  6.30133600E-03  2.14440000E-04
2002-01-01T01:58:47.798  6.04126000E-04  8.55787700E-03  6.66070000E-04
2002-01-01T01:58:48.794  2.21182000E-04  8.53238800E-03 -3.46592000E-04
2002-01-01T01:58:49.794 -1.22031800E-03  6.98170100E-03  6.08836000E-04
2002-01-01T01:58:50.794  6.95479000E-04  9.58274400E-03  5.34061000E-04
2002-01-01T01:58:51.798 -1.19082700E-03  7.56199300E-03 -3.64269000E-04
2002-01-01T01:58:52.794  3.34740000E-04  1.04426670E-02  1.22923900E-03
2002-01-01T01:58:53.794  2.73328000E-04  9.21729900E-03  6.95440000E-05
2002-01-01T01:58:54.794 -1.30007300E-03  9.80139600E-03 -5.62499000E-04
2002-01-01T01:58:55.802 -9.81182000E-04  9.73341900E-03  7.33587000E-04
2002-01-01T01:58:56.794  5.57710000E-05  1.01760540E-02  6.49959000E-04
2002-01-01T01:58:57.794 -2.40676000E-04  1.12200570E-02  3.94687000E-04
2002-01-01T01:58:58.790 -9.74800000E-05  1.14594490E-02  2.67935000E-04
2002-01-01T01:58:59.794 -1.72642000E-04  1.08110770E-02  3.37425000E-04
2002-01-01T01:59:00.798 -5.55158000E-04  1.07227760E-02  4.66170000E-04
2002-01-01T01:59:01.794 -9.64009000E-04  9.36696500E-03  5.24475000E-04
2002-01-01T01:59:02.790 -1.19473400E-03  9.93527600E-03 -6.40250000E-04
2002-01-01T01:59:03.798  1.29092600E-03  1.25478250E-02  3.96927000E-04
2002-01-01T01:59:04.794  6.90406000E-04  1.22186180E-02  1.37014800E-03
2002-01-01T01:59:05.794  1.23343000E-04  1.23104460E-02  2.57050000E-05
2002-01-01T01:59:06.794 -5.24344000E-04  1.13865810E-02  5.52160000E-04
2002-01-01T01:59:07.794 -9.30909000E-04  1.03153270E-02  4.24929000E-04
2002-01-01T01:59:08.790 -9.86946000E-04  1.15225030E-02  1.62609000E-04
2002-01-01T01:59:09.794 -1.31453000E-04  1.21651820E-02  8.85675000E-04
2002-01-01T01:59:10.794  6.19686000E-04  1.22336820E-02  4.68654000E-04
2002-01-01T01:59:11.802 -7.45112000E-04  1.10146190E-02  1.78831000E-04
2002-01-01T01:59:12.794  6.81122000E-04  1.25364560E-02  5.83592000E-04
2002-01-01T01:59:13.798  7.18523000E-04  1.27141690E-02  6.62009000E-04
2002-01-01T01:59:14.790 -1.17989700E-03  1.18136950E-02  8.57362000E-04
2002-01-01T01:59:15.794  1.44345500E-03  1.34319640E-02  1.06334400E-03
2002-01-01T01:59:16.798 -4.92395000E-04  1.27378410E-02 -2.37193000E-04
2002-01-01T01:59:17.794 -1.25539600E-03  1.07247440E-02  6.48196000E-04
2002-01-01T01:59:18.790  9.55451000E-04  1.26148700E-02  6.10470000E-05
2002-01-01T01:59:19.798 -6.12254000E-04  1.23823660E-02  6.93836000E-04
2002-01-01T01:59:20.794  1.06301500E-03  1.38786230E-02  5.38711000E-04
2002-01-01T01:59:21.794 -7.14544000E-04  1.20495330E-02 -2.60418000E-04
2002-01-01T01:59:22.794  3.74994000E-04  1.42751700E-02  2.86910000E-05
2002-01-01T01:59:23.798 -1.00190500E-03  1.28293120E-02  1.80655000E-04
2002-01-01T01:59:24.794  1.10063000E-04  1.49818230E-02  5.38044000E-04
2002-01-01T01:59:25.794  8.57495000E-04  1.53588110E-02  1.40464800E-03
2002-01-01T01:59:26.794 -1.50964300E-03  1.28408020E-02 -4.41600000E-05
2002-01-01T01:59:27.802 -9.48926000E-04  1.43183200E-02 -2.20000000E-08
2002-01-01T01:59:28.794  2.11429000E-04  1.42029570E-02  1.19070600E-03
2002-01-01T01:59:29.794  4.86021000E-04  1.52800050E-02  1.90815000E-04
2002-01-01T01:59:30.790 -1.88602000E-03  1.26342210E-02 -7.34015000E-04
2002-01-01T01:59:31.794  1.90724000E-04  1.43683480E-02  5.94527000E-04
2002-01-01T01:59:32.798 -9.37910000E-04  1.32195440E-02 -1.69210000E-05
2002-01-01T01:59:33.794 -6.68290000E-04  1.41194160E-02  3.43788000E-04
2002-01-01T01:59:34.790  1.04961300E-03  1.49639440E-02  8.23970000E-05
2002-01-01T01:59:35.798 -2.18110600E-03  1.29744260E-02  1.23219000E-04
2002-01-01T01:59:36.794  3.30459000E-04  1.39648450E-02  5.89955000E-04
2002-01-01T01:59:37.794  1.10294200E-03  1.42446070E-02  8.90764000E-04
2002-01-01T01:59:38.794 -1.86656200E-03  1.28261600E-02 -5.90513000E-04
2002-01-01T01:59:39.794  3.44562000E-04  1.42392460E-02  9.23788000E-04
2002-01-01T01:59:40.790 -7.72179000E-04  1.27599550E-02  1.28261900E-03
2002-01-01T01:59:41.794  2.62945000E-04  1.32681330E-02  9.62690000E-05
2002-01-01T01:59:42.794 -1.57970100E-03  1.16425870E-02  3.00058000E-04
2002-01-01T01:59:43.802  1.28186200E-03  1.31154960E-02  2.96860000E-05
2002-01-01T01:59:44.790  8.08919000E-04  1.22167320E-02  1.31391300E-03
2002-01-01T01:59:45.794  3.64065000E-04  1.19427640E-02  9.20789000E-04
2002-01-01T01:59:46.794 -8.83408000E-04  1.17605380E-02  5.42508000E-04
2002-01-01T01:59:47.794 -1.68181100E-03  1.07260750E-02  3.21930000E-05
2002-01-01T01:59:48.798 -1.45163700E-03  9.85251900E-03  6.15172000E-04
2002-01-01T01:59:49.794  4.09050000E-05  1.04561400E-02 -6.08120000E-05
2002-01-01T01:59:50.790 -1.57887600E-03  8.99981000E-03  6.75313000E-04
2002-01-01T01:59:51.798 -8.45982000E-04  1.00494040E-02  6.53581000E-04
2002-01-01T01:59:52.794 -1.20342300E-03  1.07187090E-02 -2.40337000E-04
2002-01-01T01:59:53.794  1.15176100E-03  1.29335870E-02  6.67553000E-04
2002-01-01T01:59:54.794 -1.37308000E-04  1.22001490E-02 -5.86620000E-05
2002-01-01T01:59:55.794 -1.17021200E-03  1.04363560E-02  8.05290000E-04
2002-01-01T01:59:56.790  4.77650000E-05  1.32605280E-02  4.49057000E-04
2002-01-01T01:59:57.794 -7.93220000E-05  1.25851760E-02  7.79288000E-04
2002-01-01T01:59:58.794 -1.40938100E-03  1.11234670E-02  1.00404500E-03
2002-01-01T01:59:59.802 -1.20753700E-03  8.65759000E-03 -2.71071000E-04
2002-01-01T02:00:00.790  1.94929000E-04  1.07436400E-02  2.14747000E-04
2002-01-01T02:00:01.794 -6.97142000E-04  9.52018400E-03  8.61366000E-04
2002-01-01T02:00:02.794  1.46750000E-04  9.75989300E-03  1.05325700E-03
2002-01-01T02:00:03.794  4.86407000E-04  1.14241340E-02 -4.06267000E-04
2002-01-01T02:00:04.798  3.18310000E-05  1.09569110E-02  3.36195000E-04
2002-01-01T02:00:05.794 -1.25667800E-03  7.97957300E-03  7.14990000E-05
2002-01-01T02:00:06.790  8.13859000E-04  9.82349300E-03 -7.94159000E-04
2002-01-01T02:00:07.798  1.03328600E-03  1.19795650E-02  1.36679000E-04
2002-01-01T02:00:08.794 -5.64072000E-04  1.24105940E-02  3.62313000E-04
2002-01-01T02:00:09.794 -1.25358000E-04  1.48938550E-02  8.50576000E-04
2002-01-01T02:00:10.794  1.17626700E-03  1.45976270E-02  1.69164000E-04
2002-01-01T02:00:11.794 -1.06373000E-04  1.23904400E-02 -1.41779000E-04
2002-01-01T02:00:12.794  9.78730000E-04  1.50075590E-02 -2.90100000E-04
2002-01-01T02:00:13.794 -1.42762100E-03  1.24123860E-02  1.19372400E-03
2002-01-01T02:00:14.794 -1.34876800E-03  1.06876780E-02 -3.04110000E-04
2002-01-01T02:00:15.802  7.82580000E-04  1.39705200E-02  3.73249000E-04
2002-01-01T02:00:16.790 -7.61684000E-04  1.17751800E-02  4.42913000E-04
2002-01-01T02:00:17.794 -7.67068000E-04  1.21151960E-02 -4.91176000E-04
2002-01-01T02:00:18.790  1.41941000E-04  1.35147550E-02  6.22125000E-04
2002-01-01T02:00:19.794 -1.64387700E-03  1.13785270E-02  4.57877000E-04
2002-01-01T02:00:20.798  1.44904000E-04  1.37815280E-02  7.32593000E-04
2002-01-01T02:00:21.794 -1.79228200E-03  1.23346680E-02  4.29379000E-04
2002-01-01T02:00:22.790  5.80710000E-05  1.36278210E-02 -9.64930000E-05
2002-01-01T02:00:23.794 -9.19777000E-04  1.29222400E-02 -6.53381000E-04
2002-01-01T02:00:24.794  9.11839000E-04  1.30466380E-02  1.51451400E-03
2002-01-01T02:00:25.794 -1.79617200E-03  1.17857230E-02  2.68297000E-04
2002-01-01T02:00:26.794  5.27436000E-04  1.39600550E-02 -4.15897000E-04
2002-01-01T02:00:27.794 -1.53007300E-03  1.33714900E-02  4.24038000E-04
2002-01-01T02:00:28.790 -5.82468000E-04  1.36197340E-02  8.60746000E-04
2002-01-01T02:00:29.794  1.58298000E-04  1.48293250E-02  3.46564000E-04
2002-01-01T02:00:30.794  5.81624000E-04  1.59121060E-02  6.69514000E-04
2002-01-01T02:00:31.802  5.70182000E-04  1.60688010E-02  2.53782000E-04
2002-01-01T02:00:32.794 -2.28815000E-04  1.62649250E-02  1.16701000E-04
2002-01-01T02:00:33.794 -5.37490000E-05  1.52934750E-02  1.32401700E-03
2002-01-01T02:00:34.790 -5.06144000E-04  1.51148160E-02 -9.07437000E-04
2002-01-01T02:00:35.794 -1.61932000E-03  1.59973760E-02  1.01419900E-03
2002-01-01T02:00:36.798  3.48353000E-04  1.65907910E-02  9.67053000E-04
2002-01-01T02:00:37.794  5.44101000E-04  1.62509830E-02  1.09368000E-04
2002-01-01T02:00:38.790 -2.13411600E-03  1.33910670E-02  4.40323000E-04
2002-01-01T02:00:39.798 -4.82414000E-04  1.40666190E-02  3.39840000E-04
2002-01-01T02:00:40.794  8.36322000E-04  1.50663600E-02  7.80169000E-04
2002-01-01T02:00:41.794 -1.00953100E-03  1.28841930E-02  1.22489600E-03
2002-01-01T02:00:42.794 -5.92813000E-04  1.31370590E-02  4.85269000E-04
2002-01-01T02:00:43.794  4.42551000E-04  1.47038960E-02  1.54908400E-03
2002-01-01T02:00:44.790 -1.88800700E-03  1.19291390E-02  4.20199000E-04
2002-01-01T02:00:45.794  5.17749000E-04  1.39365790E-02 -1.54435000E-04
2002-01-01T02:00:46.794 -6.91956000E-04  1.17655390E-02  4.27189000E-04
2002-01-01T02:00:47.802 -9.38530000E-05  1.27982980E-02  1.71643300E-03
2002-01-01T02:00:48.790 -9.02851000E-04  8.09060400E-03 -7.75024000E-04
2002-01-01T02:00:49.794  1.49394000E-04  1.03277240E-02 -2.28974000E-04
2002-01-01T02:00:50.790  1.01169400E-03  1.00041410E-02  1.11073800E-03
2002-01-01T02:00:51.794 -8.84098000E-04  8.73453600E-03 -4.46432000E-04
2002-01-01T02:00:52.798 -1.85818500E-03  1.13444090E-02 -2.06833000E-04
2002-01-01T02:00:53.794 -9.19543000E-04  9.03923400E-03  4.35589000E-04
2002-01-01T02:00:54.790 -1.96545500E-03  1.00135160E-02 -7.65290000E-05
2002-01-01T02:00:55.794 -8.88121000E-04  1.17416880E-02  3.08474000E-04
2002-01-01T02:00:56.794 -2.78618000E-04  1.17077450E-02  9.85469000E-04
2002-01-01T02:00:57.794  4.70122000E-04  1.27755520E-02 -3.18340000E-05
2002-01-01T02:00:58.794 -7.21988000E-04  1.14264990E-02  1.12014600E-03
2002-01-01T02:00:59.794 -3.59254000E-04  1.16866500E-02 -3.58374000E-04
2002-01-01T02:01:00.790  8.38587000E-04  1.29796240E-02 -1.73556000E-04
2002-01-01T02:01:01.794 -1.16753200E-03  1.18318710E-02  1.01715700E-03
2002-01-01T02:01:02.794  9.06997000E-04  1.39571830E-02 -2.51778000E-04
2002-01-01T02:01:03.802 -9.88349000E-04  1.23675780E-02 -7.83250000E-05
2002-01-01T02:01:04.790 -4.01586000E-04  1.39158230E-02  5.43160000E-04
2002-01-01T02:01:05.794 -4.19400000E-04  1.27838660E-02  5.90059000E-04
2002-01-01T02:01:06.790 -5.64546000E-04  1.35500540E-02  5.34932000E-04
2002-01-01T02:01:07.794  6.48741000E-04  1.36631890E-02  8.34126000E-04
2002-01-01T02:01:08.798 -3.31744000E-04  1.29550430E-02 -5.20097000E-04
2002-01-01T02:01:09.794 -6.12582000E-04  1.27337600E-02  8.66596000E-04
2002-01-01T02:01:10.790 -5.25619000E-04  1.33362050E-02 -4.78540000E-05
2002-01-01T02:01:11.794 -1.98657000E-04  1.39054460E-02  2.99707000E-04
2002-01-01T02:01:12.794 -8.93760000E-05  1.28232180E-02  1.66042000E-04
2002-01-01T02:01:13.794 -1.56398200E-03  1.09715310E-02  3.07250000E-05
2002-01-01T02:01:14.794  7.78328000E-04  1.28529600E-02  4.18113000E-04
2002-01-01T02:01:15.794  3.96836000E-04  1.31288050E-02  1.37999000E-04
2002-01-01T02:01:16.790  1.29339000E-04  1.25100550E-02 -2.91645000E-04
2002-01-01T02:01:17.794  6.91587000E-04  1.16223150E-02  5.38305000E-04
2002-01-01T02:01:18.794  8.98124000E-04  1.09563340E-02 -2.33822000E-04
2002-01-01T02:01:19.798 -1.14850300E-03  8.18215600E-03  2.18460000E-05
2002-01-01T02:01:20.790  2.12366000E-04  9.87962900E-03  9.53598000E-04
2002-01-01T02:01:21.794  1.61127000E-03  1.05725320E-02 -1.94812000E-04
2002-01-01T02:01:22.794 -1.31110100E-03  8.70753100E-03 -7.14780000E-05
2002-01-01T02:01:23.794 -1.26116100E-03  1.01858790E-02  3.72222000E-04
2002-01-01T02:01:24.798 -2.07243000E-04  9.05431400E-03 -5.67563000E-04
2002-01-01T02:01:25.794 -6.68311000E-04  9.41895400E-03  3.29962000E-04
2002-01-01T02:01:26.790  6.64627000E-04  1.14173630E-02  2.46922000E-04
2002-01-01T02:01:27.794 -1.30874700E-03  1.03213190E-02  1.05244900E-03
2002-01-01T02:01:28.794 -1.41666300E-03  9.59964100E-03  6.54355000E-04
2002-01-01T02:01:29.794 -1.21251000E-04  9.21471900E-03 -5.48556000E-04
2002-01-01T02:01:30.794 -9.71255000E-04  7.87925400E-03  6.28054000E-04
2002-01-01T02:01:31.794 -8.12604000E-04  8.94271200E-03 -2.09800000E-06
2002-01-01T02:01:32.794 -1.03405600E-03  1.01010200E-02  4.76478000E-04
2002-01-01T02:01:33.794 -5.95208000E-04  9.59889100E-03  5.53190000E-05
2002-01-01T02:01:34.794  7.06177000E-04  1.02190000E-02 -9.52990000E-05
2002-01-01T02:01:35.802  8.37359000E-04  1.18423820E-02  6.71020000E-05
2002-01-01T02:01:36.790  3.73968000E-04  1.14460120E-02  1.05772900E-03
2002-01-01T02:01:37.794  6.27596000E-04  1.11201470E-02  1.15725300E-03
2002-01-01T02:01:38.790  8.62344000E-04  1.09407970E-02 -4.84204000E-04
2002-01-01T02:01:39.794  2.56160000E-04  1.08383440E-02  3.91948000E-04
2002-01-01T02:01:40.798  2.58740000E-04  1.10782460E-02  1.20089200E-03
2002-01-01T02:01:41.794 -3.00470000E-05  1.09705060E-02 -6.85510000E-05
2002-01-01T02:01:42.790  5.88522000E-04  1.05090220E-02  8.08070000E-04
2002-01-01T02:01:43.794  5.77237000E-04  1.09861570E-02 -8.07150000E-05
2002-01-01T02:01:44.794  7.93255000E-04  1.11926530E-02  1.30585000E-04
2002-01-01T02:01:45.794  9.82422000E-04  1.05290610E-02  8.90518000E-04
2002-01-01T02:01:46.794 -1.35232000E-04  1.03582450E-02  5.19283000E-04
2002-01-01T02:01:47.794 -7.17860000E-04  8.32355800E-03 -2.70899000E-04
2002-01-01T02:01:48.790  1.48256400E-03  9.72153700E-03  4.06391000E-04
2002-01-01T02:01:49.794 -1.16525800E-03  7.79049500E-03 -5.20980000E-05
2002-01-01T02:01:50.794  8.69482000E-04  8.76758100E-03  5.18960000E-04
2002-01-01T02:01:51.798  4.32132000E-04  7.51260500E-03  8.59386000E-04
2002-01-01T02:01:52.794 -8.32210000E-04  7.31835400E-03  1.03318000E-04
2002-01-01T02:01:53.794  8.13118000E-04  8.62830700E-03 -1.18655500E-03
2002-01-01T02:01:54.790  4.80800000E-06  7.53869300E-03  7.27916000E-04
2002-01-01T02:01:55.794  1.24695500E-03  9.55246200E-03  1.08896000E-04
2002-01-01T02:01:56.798  7.60553000E-04  7.82421700E-03  8.18840000E-05
2002-01-01T02:01:57.794  1.49929000E-04  7.14098300E-03  3.07462000E-04
2002-01-01T02:01:58.790 -9.27057000E-04  6.76763500E-03 -4.17692000E-04
2002-01-01T02:01:59.794  4.65944000E-04  7.85317300E-03  8.31180000E-05
2002-01-01T02:02:00.794  5.50434000E-04  8.25945800E-03 -1.02927000E-04
2002-01-01T02:02:01.794 -9.89071000E-04  7.13367600E-03  2.61455000E-04
2002-01-01T02:02:02.794 -5.56259000E-04  7.19941500E-03  3.52216000E-04
2002-01-01T02:02:03.794  6.02696000E-04  9.24566500E-03  8.59944000E-04
2002-01-01T02:02:04.790 -9.99589000E-04  8.27673500E-03  1.68230000E-05
2002-01-01T02:02:05.794  6.04792000E-04  9.64840900E-03  1.13792900E-03
2002-01-01T02:02:06.794 -2.69320000E-04  7.91043900E-03  1.40239000E-04
2002-01-01T02:02:07.798  2.28034000E-04  8.35177600E-03  7.26648000E-04
2002-01-01T02:02:08.790  1.50742000E-04  8.93489900E-03  7.71534000E-04
2002-01-01T02:02:09.794 -1.26051100E-03  9.01457500E-03  4.21620000E-04
2002-01-01T02:02:10.790  3.44486000E-04  9.17771600E-03 -4.30620000E-05
2002-01-01T02:02:11.794 -8.94273000E-04  7.56531500E-03  4.60518000E-04
2002-01-01T02:02:12.798  1.06089600E-03  9.45612600E-03  4.46101000E-04
2002-01-01T02:02:13.794 -1.48782000E-04  8.04415700E-03  4.85259000E-04
2002-01-01T02:02:14.790 -9.42203000E-04  7.79067400E-03  9.38367000E-04
2002-01-01T02:02:15.794 -6.18886000E-04  9.09593700E-03 -8.62167000E-04
2002-01-01T02:02:16.794  6.17696000E-04  9.91163000E-03  9.29875000E-04
2002-01-01T02:02:17.794 -8.76977000E-04  8.06360600E-03  5.51118000E-04
2002-01-01T02:02:18.794  1.15363300E-03  9.72591600E-03 -1.03422000E-04
2002-01-01T02:02:19.794 -1.10343800E-03  8.55436900E-03  1.33239800E-03
2002-01-01T02:02:20.790 -1.65105100E-03  6.77898800E-03  9.29000000E-04
2002-01-01T02:02:21.794  9.77540000E-04  8.69309300E-03 -4.97830000E-05
2002-01-01T02:02:22.794  5.72965000E-04  7.92810300E-03  2.07640000E-04
2002-01-01T02:02:23.798 -3.92494000E-04  7.51807100E-03  6.16859000E-04
2002-01-01T02:02:24.790 -1.06961000E-03  6.77884900E-03 -3.47929000E-04
2002-01-01T02:02:25.794 -1.88050300E-03  6.14916100E-03  1.29871300E-03
2002-01-01T02:02:26.790 -7.98892000E-04  6.07917000E-03  9.10507000E-04
2002-01-01T02:02:27.794 -2.35888000E-04  6.53332000E-03 -4.68252000E-04
2002-01-01T02:02:28.798  1.57271000E-04  7.71137900E-03  1.23428100E-03
2002-01-01T02:02:29.794  9.06785000E-04  7.57986200E-03  1.18391600E-03
2002-01-01T02:02:30.790  8.42954000E-04  7.07912600E-03 -8.03715000E-04
2002-01-01T02:02:31.794  1.10339900E-03  7.38393300E-03  3.92060000E-04
2002-01-01T02:02:32.794  1.05801000E-03  7.26863100E-03  5.62699000E-04
2002-01-01T02:02:33.794  4.03286000E-04  6.59345700E-03 -8.18103000E-04
2002-01-01T02:02:34.794 -4.16540000E-04  6.67215700E-03  6.86962000E-04
2002-01-01T02:02:35.794 -2.31618000E-04  5.78267400E-03  8.93982000E-04
2002-01-01T02:02:36.790 -1.16678000E-03  4.99030800E-03  4.63514000E-04
2002-01-01T02:02:37.794 -1.77578400E-03  5.21736800E-03  2.13574000E-04
2002-01-01T02:02:38.794 -5.59610000E-05  5.26665200E-03  8.24892000E-04
2002-01-01T02:02:39.798  5.54247000E-04  5.96714900E-03  4.14930000E-04
2002-01-01T02:02:40.790  8.97177000E-04  6.22491300E-03  1.17963900E-03
2002-01-01T02:02:41.794 -1.24153300E-03  4.39418300E-03 -7.38087000E-04
2002-01-01T02:02:42.794  1.28828000E-04  4.95185700E-03 -2.84112000E-04
2002-01-01T02:02:43.794  1.07689300E-03  6.28392400E-03  6.30364000E-04
2002-01-01T02:02:44.798 -8.21551000E-04  4.82303100E-03  3.62452000E-04
2002-01-01T02:02:45.794 -1.21129600E-03  5.28666900E-03 -1.37748000E-04
2002-01-01T02:02:46.790  7.98536000E-04  5.55500200E-03  9.13534000E-04
2002-01-01T02:02:47.794 -2.71805000E-04  4.09851700E-03 -3.93316000E-04
2002-01-01T02:02:48.794 -2.94819000E-04  4.39373200E-03  1.13298700E-03
2002-01-01T02:02:49.794  1.24750100E-03  5.27405000E-03  9.44038000E-04
2002-01-01T02:02:50.794 -1.02070000E-03  4.43174200E-03 -5.27369000E-04
2002-01-01T02:02:51.794 -1.08452000E-04  5.29104900E-03  9.03442000E-04
2002-01-01T02:02:52.794  3.58114000E-04  5.71012700E-03  5.23394000E-04
2002-01-01T02:02:53.794 -1.05201900E-03  4.69619900E-03 -5.94185000E-04
2002-01-01T02:02:54.794  5.67872000E-04  5.59568900E-03  9.59024000E-04
2002-01-01T02:02:55.798 -1.69295800E-03  4.07184500E-03  1.78655000E-04
2002-01-01T02:02:56.790  9.05761000E-04  4.50633500E-03 -1.49847100E-03
2002-01-01T02:02:57.794  5.39099000E-04  3.42900300E-03  1.03892500E-03
2002-01-01T02:02:58.790 -1.05062700E-03  2.20413900E-03  5.29003000E-04
2002-01-01T02:02:59.794 -8.48800000E-04  2.71608100E-03  7.42530000E-05
2002-01-01T02:03:00.798  1.74754000E-04  2.54900900E-03  1.64953200E-03
2002-01-01T02:03:01.794  5.09584000E-04  4.10232400E-03  5.00504000E-04
2002-01-01T02:03:02.790  1.28419600E-03  2.49168200E-03 -1.22672800E-03
2002-01-01T02:03:03.794  3.39407000E-04  3.08543000E-03  5.84728000E-04
2002-01-01T02:03:04.794  1.08850900E-03  2.36022300E-03  1.92890000E-04
2002-01-01T02:03:05.794  6.70603000E-04  2.86062700E-03 -9.14887000E-04
2002-01-01T02:03:06.794  8.02051000E-04  3.11895700E-03  1.16663900E-03
2002-01-01T02:03:07.794  1.39415000E-03  2.43162300E-03  9.83700000E-06
2002-01-01T02:03:08.790  1.37878300E-03  2.36120200E-03 -2.64719000E-04
2002-01-01T02:03:09.794  4.64375000E-04  2.69354300E-03  9.86832000E-04
2002-01-01T02:03:10.794 -5.76646000E-04  1.27909500E-03  3.22863000E-04
2002-01-01T02:03:11.798 -7.76753000E-04  8.23500000E-05 -4.16958000E-04
2002-01-01T02:03:12.794 -4.58000000E-06 -2.76269000E-04  7.06110000E-05
2002-01-01T02:03:13.794  3.14311000E-04  1.84689900E-03 -6.57352000E-04
2002-01-01T02:03:14.790  2.92825000E-04  2.29335600E-03  8.79460000E-05
2002-01-01T02:03:15.794 -3.18550000E-04  2.20573400E-03  1.02650700E-03
2002-01-01T02:03:16.798 -9.92046000E-04  5.05931000E-04 -4.72481000E-04
2002-01-01T02:03:17.794 -1.06050000E-05  5.28907000E-04  1.19451000E-04
2002-01-01T02:03:18.790  9.80336000E-04  5.99716000E-04  4.54219000E-04
2002-01-01T02:03:19.794  6.97758000E-04  7.19623000E-04 -1.80378000E-04
2002-01-01T02:03:20.794 -4.69743000E-04  5.26831000E-04 -8.36189000E-04
2002-01-01T02:03:21.794 -1.29250400E-03  9.35196000E-04  9.74861000E-04
2002-01-01T02:03:22.794 -1.16709000E-04  2.13385500E-03 -4.48640000E-05
2002-01-01T02:03:23.794  3.41575000E-04  1.83766000E-03 -6.11615000E-04
2002-01-01T02:03:24.790 -1.33222100E-03  1.04332000E-03 -3.19400000E-05
2002-01-01T02:03:25.794 -5.28518000E-04  6.72616000E-04 -4.48582000E-04
2002-01-01T02:03:26.794  5.18765000E-04  1.37727500E-03  1.00733200E-03
2002-01-01T02:03:27.798  1.30000000E-06  6.35245000E-04  1.16939100E-03
2002-01-01T02:03:28.790 -9.30220000E-04 -9.27890000E-05 -1.90521000E-04
2002-01-01T02:03:29.794  6.31469000E-04  6.55885000E-04  5.55295000E-04
2002-01-01T02:03:30.790  1.51290500E-03  1.36647800E-03  2.00000000E-06
2002-01-01T02:03:31.790 -5.20442000E-04  1.15441000E-04  6.09230000E-04
2002-01-01T02:03:32.798  2.12194000E-04 -1.33727000E-04  3.64020000E-05
2002-01-01T02:03:33.794  1.04443100E-03  6.64833000E-04 -2.73661000E-04
2002-01-01T02:03:34.790  5.43275000E-04  1.17301200E-03 -1.17003500E-03
2002-01-01T02:03:35.794 -1.30121200E-03  2.26462000E-04  2.22661000E-04
2002-01-01T02:03:36.794  2.78794000E-04  1.04009900E-03 -1.49374000E-04
2002-01-01T02:03:37.794  4.60630000E-05  2.18277900E-03 -8.05950000E-05
2002-01-01T02:03:38.794 -5.64537000E-04  1.96661400E-03 -4.30897000E-04
2002-01-01T02:03:39.794 -9.05168000E-04  9.80427000E-04  3.02425000E-04
2002-01-01T02:03:40.790  1.28781000E-04  2.21345100E-03 -3.17533000E-04
2002-01-01T02:03:41.794  4.55572000E-04  1.15355400E-03  8.93672000E-04
2002-01-01T02:03:42.794 -1.02285900E-03 -2.09228000E-04 -3.25130000E-05
2002-01-01T02:03:43.798  7.57160000E-05  1.13857900E-03 -4.67450000E-05
2002-01-01T02:03:44.790  1.04038800E-03  1.18668600E-03 -3.80589000E-04
2002-01-01T02:03:45.794 -5.72971000E-04 -1.51091000E-04 -7.86673000E-04
2002-01-01T02:03:46.790  3.60377000E-04  7.41279000E-04  7.76343000E-04
2002-01-01T02:03:47.790  7.06663000E-04  1.26384300E-03 -4.32235000E-04
2002-01-01T02:03:48.797 -6.88028000E-04  2.67182000E-04 -9.76687000E-04
2002-01-01T02:03:49.794  2.82400000E-04  4.19293000E-04  1.45500400E-03
2002-01-01T02:03:50.790  4.68543000E-04  4.07875000E-04  3.04759000E-04
2002-01-01T02:03:51.794 -5.77728000E-04 -9.76630000E-05 -8.74422000E-04
2002-01-01T02:03:52.794  4.50330000E-04  5.59318000E-04 -5.01100000E-06
2002-01-01T02:03:53.794  6.18618000E-04  4.97751000E-04 -1.36982000E-04
2002-01-01T02:03:54.794 -5.41560000E-04 -1.45394000E-04  6.33250000E-05
2002-01-01T02:03:55.794  3.39884000E-04  6.60751000E-04  1.55165000E-04
2002-01-01T02:03:56.790 -1.23748000E-04  1.12164600E-03  1.73007000E-04
2002-01-01T02:03:57.794 -6.06918000E-04  2.30532000E-04  3.10210000E-04
2002-01-01T02:03:58.794  5.31267000E-04  9.90181000E-04  5.60000000E-06
2002-01-01T02:03:59.797 -5.12366000E-04  6.49058000E-04 -2.69351000E-04
2002-01-01T02:04:00.790 -5.02030000E-04  3.02254000E-04  5.67381000E-04
2002-01-01T02:04:01.794 -2.82810000E-04  1.35563700E-03  1.09979900E-03
2002-01-01T02:04:02.790 -1.35877100E-03  1.81496000E-04  4.78552000E-04
2002-01-01T02:04:03.790 -3.27286000E-04  1.17762300E-03  7.12785000E-04
2002-01-01T02:04:04.797  8.69660000E-05  1.68817400E-03 -1.89772000E-04
2002-01-01T02:04:05.794 -1.31681100E-03  7.49805000E-04  3.63473000E-04
2002-01-01T02:04:06.790  3.73298000E-04  1.51828000E-03  9.46569000E-04
2002-01-01T02:04:07.794 -9.12786000E-04  3.42413000E-04 -2.30277000E-04
2002-01-01T02:04:08.794  2.92420000E-05  9.71250000E-05 -6.14654000E-04
2002-01-01T02:04:09.794  1.26329100E-03  9.50453000E-04  7.26394000E-04
2002-01-01T02:04:10.794 -7.98610000E-04 -1.13508200E-03 -3.40965000E-04
2002-01-01T02:04:11.794  8.06666000E-04  5.62249000E-04  7.27892000E-04
2002-01-01T02:04:12.790 -6.04646000E-04 -1.15436000E-04  1.12149800E-03
2002-01-01T02:04:13.794  1.50435000E-04 -3.48336000E-04  1.33948000E-04
2002-01-01T02:04:14.794  8.14301000E-04  9.53548000E-04 -2.54497000E-04
2002-01-01T02:04:15.797 -6.04451000E-04 -8.95185000E-04 -1.44024000E-04
2002-01-01T02:04:16.790  3.28343000E-04  1.27619300E-03 -8.07773000E-04
2002-01-01T02:04:17.794 -7.95311000E-04  1.81635000E-04  4.27195000E-04
2002-01-01T02:04:18.790 -8.18674000E-04  8.25718000E-04  4.30749000E-04
2002-01-01T02:04:19.790  6.32234000E-04  1.59970300E-03 -3.56283000E-04
2002-01-01T02:04:20.797 -1.32379700E-03  5.00880000E-04  9.11677000E-04
2002-01-01T02:04:21.794  3.94442000E-04  1.38837400E-03  9.18384000E-04
2002-01-01T02:04:22.790 -4.50420000E-04 -5.41390000E-04 -1.00857000E-03
2002-01-01T02:04:23.794  1.70414000E-04  8.67190000E-05  3.50870000E-04
2002-01-01T02:04:24.794  8.70540000E-04 -5.36330000E-05  9.76490000E-05
2002-01-01T02:04:25.794 -8.29893000E-04 -4.91308000E-04 -4.66850000E-04
2002-01-01T02:04:26.794  1.24097900E-03  7.02680000E-04  7.22861000E-04
2002-01-01T02:04:27.794 -1.52417900E-03 -2.47627000E-04 -2.37850000E-05
2002-01-01T02:04:28.790  2.62337000E-04  1.20167500E-03 -9.12120000E-05
2002-01-01T02:04:29.794 -5.44784000E-04  6.70338000E-04  7.40242000E-04
2002-01-01T02:04:30.794  4.27214000E-04  4.41004000E-04  1.63791000E-04
2002-01-01T02:04:31.797 -1.33903000E-04  2.43844000E-04  2.36005000E-04
2002-01-01T02:04:32.794  2.94444000E-04 -5.42019000E-04  8.12552000E-04
2002-01-01T02:04:33.794  1.52044400E-03  7.57687000E-04 -4.38704000E-04
2002-01-01T02:04:34.790 -8.78427000E-04 -5.03498000E-04  4.98036000E-04
2002-01-01T02:04:35.790  6.80993000E-04  1.75797500E-03 -6.38322000E-04
2002-01-01T02:04:36.797 -1.22969800E-03  1.79824000E-04 -1.19335700E-03
2002-01-01T02:04:37.794  1.82666000E-04  1.59556100E-03  4.48729000E-04
2002-01-01T02:04:38.790 -4.26950000E-04  3.26010000E-04 -4.94611000E-04
2002-01-01T02:04:39.794  7.20640000E-04 -3.83920000E-05 -3.42589000E-04
2002-01-01T02:04:40.790 -2.90200000E-04 -1.35486400E-03 -9.86010000E-05
2002-01-01T02:04:41.794  3.08610000E-05  1.60026000E-04  7.41128000E-04
2002-01-01T02:04:42.794 -4.09176000E-04  1.25433000E-04 -9.73338000E-04
2002-01-01T02:04:43.794 -9.95637000E-04  9.67514000E-04  9.90440000E-05
2002-01-01T02:04:44.790  4.95587000E-04  7.70604000E-04 -8.12996000E-04
2002-01-01T02:04:45.794 -7.89292000E-04 -3.83536000E-04 -8.99930000E-05
2002-01-01T02:04:46.794  1.55223000E-03  6.19144000E-04  2.85337000E-04
2002-01-01T02:04:47.797 -5.67608000E-04 -7.13193000E-04 -2.22890000E-04
2002-01-01T02:04:48.790  8.20546000E-04  9.04714000E-04  5.31404000E-04
2002-01-01T02:04:49.794 -1.64751800E-03  8.82100000E-05  2.09383000E-04
2002-01-01T02:04:50.790  1.85283000E-04  1.28096100E-03 -1.69357000E-04
2002-01-01T02:04:51.790 -1.12878400E-03 -6.94952000E-04 -6.73072000E-04
2002-01-01T02:04:52.797  6.89053000E-04 -2.17255000E-04  4.62068000E-04
2002-01-01T02:04:53.793 -3.82950000E-05 -7.81010000E-04 -2.96971000E-04
2002-01-01T02:04:54.790 -9.79460000E-05  4.82738000E-04  1.31693700E-03
2002-01-01T02:04:55.793 -6.98988000E-04  5.50987000E-04  1.17828100E-03
2002-01-01T02:04:56.790 -2.90697000E-04  2.74408000E-04 -3.28008000E-04
2002-01-01T02:04:57.793  8.98096000E-04  3.37299000E-04  3.02974000E-04
2002-01-01T02:04:58.793 -2.77867000E-04 -6.84045000E-04 -2.07681000E-04
2002-01-01T02:04:59.793  1.23992500E-03  4.94881000E-04 -8.13216000E-04
2002-01-01T02:05:00.790 -4.63663000E-04 -6.23666000E-04  5.90361000E-04
2002-01-01T02:05:01.793  2.36689000E-04  1.47317000E-03 -1.12568000E-04
2002-01-01T02:05:02.793 -7.48683000E-04 -4.67605000E-04 -2.22194000E-04
2002-01-01T02:05:03.797  4.32451000E-04  1.17884700E-03  3.64308000E-04
2002-01-01T02:05:04.790 -5.51669000E-04 -8.08161000E-04 -3.10890000E-05
2002-01-01T02:05:05.793  8.52272000E-04 -2.40410000E-05  1.25700000E-06
2002-01-01T02:05:06.790 -7.19146000E-04 -9.54618000E-04  3.45761000E-04
2002-01-01T02:05:07.790  2.69142000E-04  3.89419000E-04 -7.42533000E-04
2002-01-01T02:05:08.797 -1.12821800E-03  4.11759000E-04 -9.05613000E-04
2002-01-01T02:05:09.793 -3.85889000E-04  4.26485000E-04 -2.23837000E-04
2002-01-01T02:05:10.790  1.23649500E-03  5.05312000E-04  1.06432000E-04
2002-01-01T02:05:11.793  5.75550000E-05 -4.75459000E-04 -2.25579000E-04
2002-01-01T02:05:12.793  5.85717000E-04 -1.18137000E-04  1.20147000E-04
2002-01-01T02:05:13.793 -1.18381800E-03  5.72170000E-05 -4.71468000E-04
2002-01-01T02:05:14.793  5.06030000E-05  1.72620200E-03  1.13750900E-03
2002-01-01T02:05:15.793 -1.55634000E-03 -1.14290000E-05  2.53655000E-04
2002-01-01T02:05:16.790  1.11083800E-03  9.40517000E-04 -8.82559000E-04
2002-01-01T02:05:17.793 -8.01757000E-04 -1.43539000E-03  5.21703000E-04
2002-01-01T02:05:18.793  8.95326000E-04  8.35093000E-04  2.48546000E-04
2002-01-01T02:05:19.797 -1.10027500E-03 -7.51913000E-04 -7.42590000E-05
2002-01-01T02:05:20.790  2.32022000E-04  9.07401000E-04  9.52980000E-05
2002-01-01T02:05:21.793 -1.46172000E-03 -6.40220000E-05  1.80965000E-04
2002-01-01T02:05:22.790  9.43427000E-04  5.44498000E-04 -7.93823000E-04
2002-01-01T02:05:23.790 -4.33810000E-05 -3.13773000E-04 -2.69562000E-04
2002-01-01T02:05:24.797  3.07057000E-04  4.54560000E-04 -4.68521000E-04
2002-01-01T02:05:25.793 -3.33293000E-04  4.30649000E-04 -4.47463000E-04
2002-01-01T02:05:26.790 -3.70505000E-04  6.94799000E-04  6.60931000E-04
2002-01-01T02:05:27.793 -9.91718000E-04  2.03873000E-04 -4.94056000E-04
2002-01-01T02:05:28.793 -3.72100000E-05  6.22929000E-04  8.65180000E-05
2002-01-01T02:05:29.793 -1.38810000E-04 -1.03878000E-03 -1.56236000E-04
2002-01-01T02:05:30.793  2.95240000E-05  9.17340000E-05 -1.10936900E-03
2002-01-01T02:05:31.793  1.13622000E-04  5.60087000E-04  6.06910000E-04
2002-01-01T02:05:32.790 -9.31801000E-04  9.33853000E-04 -1.01814200E-03
2002-01-01T02:05:33.793  1.01357000E-04 -1.52890000E-05 -8.45566000E-04
2002-01-01T02:05:34.793  3.33668000E-04 -5.62185000E-04  1.12751500E-03
2002-01-01T02:05:35.797  3.14313000E-04 -6.35941000E-04 -3.13350000E-05
2002-01-01T02:05:36.790 -2.19555000E-04 -7.97730000E-05 -1.79393000E-04
2002-01-01T02:05:37.793 -3.52350000E-05  7.00562000E-04  6.82832000E-04
2002-01-01T02:05:38.790 -3.42642000E-04  6.40040000E-04 -1.01355200E-03
2002-01-01T02:05:39.790  5.08427000E-04  7.75772000E-04  4.75472000E-04
2002-01-01T02:05:40.801  2.19786000E-04 -7.11804000E-04  3.43231000E-04
2002-01-01T02:05:41.793  3.36459000E-04  2.17246000E-04  4.93193000E-04
2002-01-01T02:05:42.790 -6.87413000E-04 -2.86511000E-04 -4.51000000E-07
2002-01-01T02:05:43.793  3.01040000E-04  9.60006000E-04  2.48883000E-04
2002-01-01T02:05:44.790 -9.96512000E-04 -1.66923000E-04 -9.05655000E-04
2002-01-01T02:05:45.793  9.86875000E-04  2.74986000E-04  3.54705000E-04
2002-01-01T02:05:46.793 -5.36865000E-04 -1.15621300E-03 -1.47090000E-04
2002-01-01T02:05:47.793  6.45605000E-04  7.55268000E-04  2.14080000E-05
2002-01-01T02:05:48.790 -8.33882000E-04 -3.70962000E-04  5.45376000E-04
2002-01-01T02:05:49.793  4.32891000E-04  6.89848000E-04 -4.42253000E-04
2002-01-01T02:05:50.790 -1.10994400E-03  1.61652000E-04  7.60003000E-04
2002-01-01T02:05:51.797  1.81052500E-03  9.53902000E-04 -4.97898000E-04
2002-01-01T02:05:52.793 -9.35410000E-05 -1.50380600E-03 -1.40746000E-04
2002-01-01T02:05:53.793  1.08801700E-03  8.35217000E-04  8.73825000E-04
2002-01-01T02:05:54.790 -8.01053000E-04 -3.76572000E-04  3.45870000E-04
2002-01-01T02:05:55.790  1.62422000E-04  1.64822800E-03 -3.92518000E-04
2002-01-01T02:05:56.797 -1.16864000E-03 -3.79597000E-04  6.78435000E-04
2002-01-01T02:05:57.793  8.91016000E-04  6.96554000E-04 -3.32898000E-04
2002-01-01T02:05:58.790 -5.06805000E-04 -1.51718400E-03 -1.90214000E-04
2002-01-01T02:05:59.793  7.37841000E-04  1.03393500E-03  3.27681000E-04
2002-01-01T02:06:00.793 -1.32970600E-03  5.01505000E-04 -4.21878000E-04
2002-01-01T02:06:01.793  2.21012000E-04  1.51845100E-03 -4.42940000E-04
2002-01-01T02:06:02.793 -1.02241700E-03 -7.13442000E-04  4.73207000E-04
2002-01-01T02:06:03.793  5.45335000E-04  4.69195000E-04  2.89620000E-05
2002-01-01T02:06:04.789 -1.71646000E-04 -3.46909000E-04 -9.69992000E-04
2002-01-01T02:06:05.793 -3.91828000E-04  1.24149000E-03 -2.56021000E-04
2002-01-01T02:06:06.789 -8.39710000E-04 -8.00943000E-04  3.29583000E-04
2002-01-01T02:06:07.797  9.31930000E-05  6.19881000E-04  1.26200000E-06
2002-01-01T02:06:08.789 -3.44019000E-04 -1.48342600E-03  1.16193000E-03
2002-01-01T02:06:09.793  3.50960000E-05  2.81560000E-04 -3.18872000E-04
2002-01-01T02:06:10.789 -5.34736000E-04 -6.59951000E-04  1.90950000E-05
2002-01-01T02:06:11.789 -1.62344000E-04  6.45940000E-04 -3.62191000E-04
2002-01-01T02:06:12.797 -9.26978000E-04 -1.02200000E-05 -4.92185000E-04
2002-01-01T02:06:13.793  6.09572000E-04 -4.70634000E-04 -1.11803800E-03
2002-01-01T02:06:14.789  5.16363000E-04 -4.65201000E-04  3.49259000E-04
2002-01-01T02:06:15.793 -2.80214000E-04 -1.37630000E-04  4.44373000E-04
2002-01-01T02:06:16.789  2.03890000E-05  6.17914000E-04  1.07275500E-03
2002-01-01T02:06:17.793 -5.93042000E-04  3.64320000E-05 -4.96775000E-04
2002-01-01T02:06:18.793  9.65001000E-04  7.76427000E-04 -5.85600000E-04
2002-01-01T02:06:19.793 -1.16291000E-04 -6.05524000E-04  2.27404000E-04
2002-01-01T02:06:20.789  1.20748400E-03  4.21738000E-04 -4.69852000E-04
2002-01-01T02:06:21.793 -8.38071000E-04 -3.17625000E-04 -4.28619000E-04
2002-01-01T02:06:22.793  2.16242000E-04  1.50264500E-03  1.38446900E-03
2002-01-01T02:06:23.797 -8.10337000E-04 -4.15060000E-04 -1.51812000E-04
2002-01-01T02:06:24.789  6.35108000E-04 -1.99198000E-04  3.33390000E-04
2002-01-01T02:06:25.793 -4.67479000E-04 -7.97526000E-04  3.60929000E-04
2002-01-01T02:06:26.789  9.40076000E-04  3.12742000E-04 -6.98412000E-04
2002-01-01T02:06:27.789 -1.08614300E-03 -1.70000000E-05  4.76428000E-04
2002-01-01T02:06:28.797 -4.70130000E-05  3.65370000E-04  5.67150000E-04
2002-01-01T02:06:29.793 -9.44865000E-04 -2.38251000E-04 -8.35907000E-04
2002-01-01T02:06:30.789  4.44475000E-04  1.06086000E-04 -5.07919000E-04
2002-01-01T02:06:31.793 -3.72661000E-04 -7.90263000E-04  3.87544000E-04
2002-01-01T02:06:32.793  7.40473000E-04  1.03037600E-03 -4.79672000E-04
2002-01-01T02:06:33.793 -1.41214000E-03 -3.37017000E-04  1.07460500E-03
2002-01-01T02:06:34.793  1.21291000E-03  6.46510000E-04  5.64170000E-04
2002-01-01T02:06:35.793 -7.39328000E-04 -7.95064000E-04 -3.22120000E-04
2002-01-01T02:06:36.793  1.11837700E-03 -5.96800000E-06  6.04829000E-04
2002-01-01T02:06:37.793 -1.57764800E-03 -9.80590000E-04 -1.02152000E-04
2002-01-01T02:06:38.789  1.72687000E-04  1.09911400E-03  4.28669000E-04
2002-01-01T02:06:39.797 -1.01305300E-03 -2.69592000E-04  5.60010000E-04
2002-01-01T02:06:40.789  1.35766000E-03  8.88300000E-05  1.66476000E-04
2002-01-01T02:06:41.793 -5.85165000E-04 -9.63012000E-04 -1.13671000E-04
2002-01-01T02:06:42.789  6.51848000E-04  7.28761000E-04  2.21749000E-04
2002-01-01T02:06:43.789 -1.19626900E-03 -3.58930000E-05  4.58749000E-04
2002-01-01T02:06:44.797  3.57133000E-04  7.26504000E-04 -5.11917000E-04
2002-01-01T02:06:45.793 -5.95256000E-04 -3.71507000E-04  2.95814000E-04
2002-01-01T02:06:46.789  1.05489800E-03 -1.78564000E-04 -5.21705000E-04
2002-01-01T02:06:47.793  5.05938000E-04  3.04162000E-04 -2.83544000E-04
2002-01-01T02:06:48.789  1.76073000E-04  3.40720000E-04  2.87477000E-04
2002-01-01T02:06:49.793 -9.19899000E-04  3.23840000E-05 -1.38073600E-03
2002-01-01T02:06:50.793 -1.48102000E-04  9.40890000E-04 -4.94708000E-04
2002-01-01T02:06:51.793  4.19626000E-04 -1.07356200E-03 -7.20045000E-04
2002-01-01T02:06:52.789  2.23355000E-04 -1.55555000E-04 -6.28944000E-04
2002-01-01T02:06:53.793 -6.24793000E-04 -3.61221000E-04 -2.49351000E-04
2002-01-01T02:06:54.789 -8.79538000E-04  3.59266000E-04  4.96086000E-04
2002-01-01T02:06:55.797  1.11160100E-03  8.19749000E-04 -1.11271500E-03
2002-01-01T02:06:56.789 -6.66140000E-05 -5.79371000E-04 -9.89180000E-05
2002-01-01T02:06:57.793  8.92860000E-04 -4.94030000E-05  3.86228000E-04
2002-01-01T02:06:58.789 -5.83066000E-04 -4.21261000E-04 -4.99927000E-04
2002-01-01T02:06:59.789  3.20383000E-04  1.31603700E-03  5.81166000E-04
2002-01-01T02:07:00.797 -8.97636000E-04  3.74618000E-04 -1.07198600E-03
2002-01-01T02:07:01.793  4.46665000E-04  5.86678000E-04 -7.23127000E-04
2002-01-01T02:07:02.789 -5.15949000E-04 -8.84674000E-04  3.48347000E-04
2002-01-01T02:07:03.793  1.19073700E-03  2.40623000E-04 -1.17180400E-03
2002-01-01T02:07:04.789 -9.76578000E-04 -4.42270000E-05  2.35270000E-05
2002-01-01T02:07:05.793  4.73123000E-04  1.42028600E-03  6.44842000E-04
2002-01-01T02:07:06.793 -1.02733600E-03 -8.60042000E-04 -2.92586000E-04
2002-01-01T02:07:07.793  1.45288300E-03 -1.32468000E-04  2.10250000E-04
2002-01-01T02:07:08.789 -1.21989800E-03 -1.01303800E-03  5.03213000E-04
2002-01-01T02:07:09.793  3.18065000E-04  6.92902000E-04 -1.29150900E-03
2002-01-01T02:07:10.789 -1.56330000E-03  3.80210000E-05 -8.55097000E-04
2002-01-01T02:07:11.797  3.15700000E-05  9.40648000E-04  7.16258000E-04
2002-01-01T02:07:12.793 -9.67487000E-04 -9.03242000E-04 -1.38699500E-03
2002-01-01T02:07:13.793  1.30238500E-03  2.53578000E-04  4.55605000E-04
2002-01-01T02:07:14.789 -8.61113000E-04 -1.45142500E-03 -1.80284000E-04
2002-01-01T02:07:15.789  8.68161000E-04  9.78403000E-04 -5.14505000E-04
2002-01-01T02:07:16.797 -1.72696200E-03 -3.66124000E-04 -2.97341000E-04
2002-01-01T02:07:17.793  3.61471000E-04  1.12924400E-03  1.17803900E-03
2002-01-01T02:07:18.789 -5.91237000E-04 -1.01236800E-03 -1.39283000E-03
2002-01-01T02:07:19.793  1.14026200E-03  3.81077000E-04  3.29874000E-04
2002-01-01T02:07:20.789 -9.03098000E-04 -8.75327000E-04 -5.32800000E-05
2002-01-01T02:07:21.793 -2.47050000E-05  1.32374600E-03 -9.52722000E-04
2002-01-01T02:07:22.793 -9.32751000E-04  3.86757000E-04  5.67422000E-04
2002-01-01T02:07:23.793  9.78830000E-04  9.84780000E-05  1.70719000E-04
2002-01-01T02:07:24.789 -6.50544000E-04 -1.19168500E-03 -8.41251000E-04
2002-01-01T02:07:25.793  5.16943000E-04  3.67986000E-04  7.72329000E-04
2002-01-01T02:07:26.789 -1.26587600E-03  3.32720000E-04 -6.09930000E-04
2002-01-01T02:07:27.797  1.33393000E-04  8.17982000E-04  4.20630000E-05
2002-01-01T02:07:28.789 -1.50449800E-03 -9.67716000E-04  6.75540000E-04
2002-01-01T02:07:29.793  5.55670000E-04  5.54635000E-04  2.94678000E-04
2002-01-01T02:07:30.789  7.69500000E-06 -1.00949100E-03  3.82980000E-05
2002-01-01T02:07:31.789  5.74126000E-04  5.09402000E-04  5.93004000E-04
2002-01-01T02:07:32.797 -1.10728800E-03 -2.84756000E-04  1.30220000E-04
2002-01-01T02:07:33.793 -1.98821000E-04  1.27252400E-03  3.01690000E-05
2002-01-01T02:07:34.789 -6.89689000E-04 -1.34866800E-03  2.07660000E-04
2002-01-01T02:07:35.793  1.03282100E-03  1.83312000E-04 -9.69460000E-05
2002-01-01T02:07:36.789 -1.19200200E-03 -9.14840900E-03 -2.08335300E-03
2002-01-01T02:07:37.789  5.72405200E-03  4.10377900E-03  3.07810700E-03
2002-01-01T02:07:38.793 -1.16275000E-02 -2.66352100E-03 -5.84195100E-03
2002-01-01T02:07:39.793  1.46203800E-03  7.55227900E-03  2.42020000E-03
2002-01-01T02:07:40.789 -5.99426800E-03 -7.92530900E-03  2.18646000E-04
2002-01-01T02:07:41.789  1.09187680E-02  8.92583000E-04 -3.87254900E-03
2002-01-01T02:07:42.793 -8.42762900E-03 -6.52915100E-03  3.83672500E-03
2002-01-01T02:07:43.797  5.76286600E-03  6.84298200E-03 -1.04108100E-03
2002-01-01T02:07:44.789 -1.09929140E-02 -1.53837000E-04  6.10208000E-04
2002-01-01T02:07:45.793  2.93527000E-03  6.55333100E-03  5.09155300E-03
2002-01-01T02:07:46.789  1.43906900E-03 -6.46928700E-03 -7.35191400E-03
2002-01-01T02:07:47.789  8.46075300E-03  4.55990000E-04  6.49995000E-04
2002-01-01T02:07:48.797 -6.54017700E-03 -6.30360800E-03  5.18405400E-03
2002-01-01T02:07:49.793  5.52848200E-03  4.15836000E-03 -7.04692300E-03
2002-01-01T02:07:50.789 -9.05729600E-03 -4.43509500E-03  9.23417000E-04
2002-01-01T02:07:51.793  4.82155900E-03  6.98255400E-03  1.77530300E-03
2002-01-01T02:07:52.793 -2.97542000E-04 -1.12466320E-02 -5.95615200E-03
2002-01-01T02:07:53.789  5.56596400E-03  2.97344000E-03  2.67117500E-03
2002-01-01T02:07:54.793 -6.83221000E-03 -4.16095500E-03  5.73222000E-03
2002-01-01T02:07:55.793  2.84568800E-03  5.54373300E-03 -5.47642600E-03
2002-01-01T02:07:56.789 -7.32103700E-03 -3.11029400E-03  2.76878700E-03
2002-01-01T02:07:57.789  7.13827400E-03  9.37924000E-04  4.30368800E-03
2002-01-01T02:07:58.789 -1.56903700E-03 -6.54686100E-03 -3.38505600E-03
2002-01-01T02:07:59.797  4.28613500E-03  5.17889500E-03  1.59823800E-03
2002-01-01T02:08:00.789 -1.15421920E-02 -3.87580000E-04  4.68389600E-03
2002-01-01T02:08:01.793  2.73905200E-03  1.11207730E-02 -6.81280300E-03
2002-01-01T02:08:02.789 -9.63037100E-03 -6.15812200E-03  5.80617000E-04
2002-01-01T02:08:03.789  1.03807010E-02  1.23791500E-03  1.14189400E-03
2002-01-01T02:08:04.797 -3.60834400E-03 -5.25690400E-03  1.64652900E-03
2002-01-01T02:08:05.793  3.95977800E-03  5.49944500E-03  5.37476900E-03
2002-01-01T02:08:06.789 -1.24983250E-02 -2.06185600E-03  4.31817900E-03
2002-01-01T02:08:07.793  3.73903500E-03  6.71091300E-03 -4.49489300E-03
2002-01-01T02:08:08.789 -7.72492400E-03 -9.76904600E-03  5.13270100E-03
2002-01-01T02:08:09.789  1.02523750E-02  1.34143900E-03 -1.67409200E-03
2002-01-01T02:08:10.793 -5.56363400E-03 -7.07144000E-03  7.20840000E-04
2002-01-01T02:08:11.793 -9.02580000E-05  1.03755300E-02  3.19000000E-07
2002-01-01T02:08:12.789 -1.95704600E-03 -4.83807900E-03 -4.88372800E-03
2002-01-01T02:08:13.789  8.13319300E-03  5.16518000E-04  1.79105100E-03
2002-01-01T02:08:14.789  2.58815400E-03 -7.11758300E-03  4.46250100E-03
2002-01-01T02:08:15.797  7.52684700E-03  1.23069700E-03 -2.51717000E-04
2002-01-01T02:08:16.789 -9.39560100E-03 -1.12465400E-03  3.99066000E-04
2002-01-01T02:08:17.793  1.36105700E-03  7.35532700E-03  8.21237300E-03
2002-01-01T02:08:18.789 -1.56277000E-03 -9.13330900E-03 -9.44927900E-03
2002-01-01T02:08:19.789  7.56103600E-03 -8.73349000E-04 -2.10414300E-03
2002-01-01T02:08:20.797 -4.63955500E-03 -6.05502800E-03  4.16367300E-03
2002-01-01T02:08:21.793  1.06566900E-03  5.38199800E-03 -6.91072900E-03
2002-01-01T02:08:22.789 -9.88071600E-03  6.92176000E-04 -3.17944300E-03
2002-01-01T02:08:23.793  4.10957000E-04  5.07029100E-03  9.16766200E-03
2002-01-01T02:08:24.789 -4.15466200E-03 -6.59225900E-03 -4.20077200E-03
2002-01-01T02:08:25.789  9.45781500E-03 -3.08936700E-03  3.35165900E-03
2002-01-01T02:08:26.789 -1.15253600E-03 -9.49718000E-04  3.03430500E-03
2002-01-01T02:08:27.793 -2.08123900E-03  3.86750000E-03 -6.17603600E-03
2002-01-01T02:08:28.789 -2.26453000E-03  4.90116500E-03  3.61370900E-03
2002-01-01T02:08:29.789 -9.41880500E-03 -1.67688000E-04  2.66021800E-03
2002-01-01T02:08:30.789  5.27286100E-03 -4.79495500E-03 -2.68330500E-03
2002-01-01T02:08:31.797  2.46226200E-03 -8.74287200E-03  5.83882600E-03
2002-01-01T02:08:32.789  9.59245000E-04 -5.09770000E-05  1.55638100E-03
2002-01-01T02:08:33.793 -7.45736900E-03  6.40432000E-04 -2.63299500E-03
2002-01-01T02:08:34.789 -2.17934200E-03  5.97896100E-03  4.51971000E-04
2002-01-01T02:08:35.789  1.75145000E-03  5.81440000E-05 -3.81017000E-04
2002-01-01T02:08:36.797  6.64120300E-03  3.45699000E-04 -1.65315600E-03
2002-01-01T02:08:37.793 -2.61667100E-03 -8.08625900E-03  9.61469500E-03
