2001-12-23T10:25:33.928  4.24744800E-03 -5.00947700E-03  5.04065400E-03
2001-12-23T10:25:34.928  9.79904300E-03  4.06654500E-03 -2.32615000E-04
2001-12-23T10:25:35.928 -1.43949000E-03  2.32681300E-03 -2.63944500E-03
2001-12-23T10:25:36.932  4.96545600E-03  7.79443900E-03 -3.60514900E-03
2001-12-23T10:25:37.928 -7.77635000E-04 -2.71861000E-04  8.26103000E-04
2001-12-23T10:25:38.928  1.36031400E-03  7.64232000E-04 -4.29433000E-04
2001-12-23T10:25:39.932 -1.50767400E-03 -8.13139000E-04  2.78844000E-04
2001-12-23T10:25:40.928  6.42285000E-04  1.23361900E-03 -6.31321000E-04
2001-12-23T10:25:41.928 -8.96335000E-04  8.99020000E-05 -7.72390000E-05
2001-12-23T10:25:42.928  1.23766500E-03  1.34410000E-04 -5.75830000E-05
2001-12-23T10:25:43.928  1.17430000E-04 -8.60783000E-04 -8.33400000E-04
2001-12-23T10:25:44.928 -1.63910000E-05  9.12064000E-04 -4.76399000E-04
2001-12-23T10:25:45.928 -6.61620000E-04  2.63800000E-04  6.53310000E-04
2001-12-23T10:25:46.928  1.41060000E-05  1.33674000E-04 -4.63261000E-04
2001-12-23T10:25:47.932  1.03653000E-03  8.06790000E-05 -4.40494000E-04
2001-12-23T10:25:48.928  4.58908000E-04 -9.55438000E-04 -7.47500000E-05
2001-12-23T10:25:49.928  6.17183000E-04  1.17443200E-03  1.34770000E-05
2001-12-23T10:25:50.928 -1.03746800E-03  6.72070000E-05 -6.97417000E-04
2001-12-23T10:25:51.928  6.72776000E-04 -6.30460000E-05  3.90807000E-04
2001-12-23T10:25:52.932 -6.79732000E-04 -1.05918000E-03  1.11501000E-03
2001-12-23T10:25:53.928  1.25271400E-03  6.09559000E-04 -1.09656000E-04
2001-12-23T10:25:54.928 -8.54789000E-04 -6.75185000E-04  1.54370000E-04
2001-12-23T10:25:55.928  4.69792000E-04  1.19605000E-03 -1.21650200E-03
2001-12-23T10:25:56.928 -1.26009600E-03 -5.44922000E-04 -3.96626000E-04
2001-12-23T10:25:57.928  9.22182000E-04  7.53458000E-04  1.16244000E-04
2001-12-23T10:25:58.928  3.53410000E-05 -6.95199000E-04  2.47120000E-05
2001-12-23T10:25:59.928  2.17599000E-04  4.79808000E-04 -2.37342000E-04
2001-12-23T10:26:00.928 -8.12452000E-04  6.70517000E-04  1.01033800E-03
2001-12-23T10:26:01.928 -4.42085000E-04  1.14728900E-03 -1.67090000E-04
2001-12-23T10:26:02.928 -5.40242000E-04 -2.06094000E-04 -1.18560200E-03
2001-12-23T10:26:03.932  5.61259000E-04 -4.38178000E-04 -4.78497000E-04
2001-12-23T10:26:04.928  4.48981000E-04  4.61194000E-04  4.66234000E-04
2001-12-23T10:26:05.928 -3.38742000E-04  7.87565000E-04 -5.29936000E-04
2001-12-23T10:26:06.928  3.11170000E-04  8.11879000E-04  1.11400900E-03
2001-12-23T10:26:07.928  7.21800000E-04 -1.25098800E-03  1.87029000E-04
2001-12-23T10:26:08.932  8.81288000E-04  2.05757000E-04 -7.11970000E-05
2001-12-23T10:26:09.928 -6.45040000E-04 -5.78142000E-04 -5.83193000E-04
2001-12-23T10:26:10.928  2.02900000E-04  8.95902000E-04 -1.65737700E-03
2001-12-23T10:26:11.928 -8.43368000E-04 -5.01450000E-04 -4.74581000E-04
2001-12-23T10:26:12.928  1.43739200E-03  3.02034000E-04 -1.86795000E-04
2001-12-23T10:26:13.928 -6.79306000E-04 -9.00205000E-04 -1.49585000E-04
2001-12-23T10:26:14.932  3.95359000E-04  7.48575000E-04  5.38942000E-04
2001-12-23T10:26:15.928 -1.76399000E-03 -2.72539000E-04  2.93325000E-04
2001-12-23T10:26:16.928  3.93238000E-04  8.89195000E-04 -3.70729000E-04
2001-12-23T10:26:17.928 -3.11738000E-04 -1.43127700E-03 -7.28385000E-04
2001-12-23T10:26:18.928  6.79958000E-04 -4.29596000E-04 -1.30734900E-03
2001-12-23T10:26:19.932 -3.34924000E-04 -1.84975000E-04 -3.09115000E-04
2001-12-23T10:26:20.928 -8.01047000E-04  1.16820300E-03  1.18473000E-04
2001-12-23T10:26:21.928  8.37983000E-04  2.87316000E-04  4.64375000E-04
2001-12-23T10:26:22.928  2.13561000E-04 -7.81747000E-04  3.14105000E-04
2001-12-23T10:26:23.928  5.98217000E-04  2.11778000E-04 -2.58724000E-04
2001-12-23T10:26:24.932 -9.85399000E-04  2.33685000E-04 -9.72575000E-04
2001-12-23T10:26:25.928  3.49700000E-04  7.41474000E-04 -7.50293000E-04
2001-12-23T10:26:26.928 -3.45100000E-06 -6.76384000E-04 -6.85602000E-04
2001-12-23T10:26:27.928  1.20770800E-03  1.26103000E-04  7.19450000E-04
2001-12-23T10:26:28.928 -5.24716000E-04 -7.64119000E-04  1.75568000E-04
2001-12-23T10:26:29.928  4.06945000E-04  8.95639000E-04  3.25236000E-04
2001-12-23T10:26:30.928 -7.39618000E-04  3.45561000E-04 -1.56191000E-04
2001-12-23T10:26:31.928  9.04518000E-04  8.62370000E-05 -6.43883000E-04
2001-12-23T10:26:32.928  1.56619000E-04 -9.63949000E-04 -6.80074000E-04
2001-12-23T10:26:33.928  1.71608000E-04  2.58507000E-04 -1.98771000E-04
2001-12-23T10:26:34.928 -4.10009000E-04  1.71019000E-04 -5.33753000E-04
2001-12-23T10:26:35.932 -5.89014000E-04  6.39683000E-04  4.63747000E-04
2001-12-23T10:26:36.928  8.90100000E-06  4.13880000E-04  6.06670000E-04
2001-12-23T10:26:37.928 -1.17751000E-04 -5.87744000E-04  2.69895000E-04
2001-12-23T10:26:38.928  5.42200000E-05  6.45942000E-04 -2.90978000E-04
2001-12-23T10:26:39.928 -7.34958000E-04 -3.33412000E-04 -5.19643000E-04
2001-12-23T10:26:40.932  6.55683000E-04  9.90257000E-04 -1.99962000E-04
2001-12-23T10:26:41.928 -3.23926000E-04 -8.87101000E-04 -1.56773000E-04
2001-12-23T10:26:42.928  1.57210600E-03  5.58212000E-04  6.44705000E-04
2001-12-23T10:26:43.928 -1.29563700E-03 -6.80130000E-04  3.47868000E-04
2001-12-23T10:26:44.928  6.86656000E-04  1.16216400E-03 -3.11241000E-04
2001-12-23T10:26:45.928 -9.83689000E-04 -7.52349000E-04  1.40035000E-04
2001-12-23T10:26:46.928  1.22767900E-03 -5.34012000E-04 -6.11171000E-04
2001-12-23T10:26:47.928 -5.75377000E-04 -8.99233000E-04  2.48512000E-04
2001-12-23T10:26:48.928  1.57430000E-05  7.48323000E-04  2.90167000E-04
2001-12-23T10:26:49.928 -7.45377000E-04  3.92873000E-04  5.97998000E-04
2001-12-23T10:26:50.928 -1.83279000E-04  3.40497000E-04 -4.79720000E-04
2001-12-23T10:26:51.932  5.50155000E-04 -2.13498000E-04 -6.52462000E-04
2001-12-23T10:26:52.928 -6.55810000E-05 -1.98794000E-04  4.08890000E-05
2001-12-23T10:26:53.928  4.88816000E-04  1.10564400E-03 -3.40168000E-04
2001-12-23T10:26:54.928 -1.20748100E-03 -2.03640000E-05 -4.12903000E-04
2001-12-23T10:26:55.928  1.63614100E-03  6.21232000E-04 -4.87752000E-04
2001-12-23T10:26:56.932 -6.58995000E-04 -1.36450100E-03  2.28051000E-04
2001-12-23T10:26:57.928  8.97430000E-04  1.54222000E-04  1.44990000E-04
2001-12-23T10:26:58.928 -1.31320700E-03 -2.43705000E-04 -5.89907000E-04
2001-12-23T10:26:59.928 -2.04448000E-04  1.20709300E-03 -4.01419000E-04
2001-12-23T10:27:00.928 -2.16477000E-04 -3.98646000E-04  1.02714800E-03
2001-12-23T10:27:01.928  6.11999000E-04 -1.58101000E-04  5.75938000E-04
2001-12-23T10:27:02.928  5.52534000E-04  1.38570000E-04 -4.57109000E-04
2001-12-23T10:27:03.928 -7.44574000E-04  7.19519000E-04 -3.37997000E-04
2001-12-23T10:27:04.928  8.19891000E-04  4.97076000E-04 -7.07412000E-04
2001-12-23T10:27:05.928 -2.37041000E-04 -5.70808000E-04 -2.54404000E-04
2001-12-23T10:27:06.928  8.97993000E-04 -2.42554000E-04 -3.52914000E-04
2001-12-23T10:27:07.932 -1.01866200E-03 -1.24597000E-04  6.38911000E-04
2001-12-23T10:27:08.928  3.28115000E-04  1.00792000E-03  5.18831000E-04
2001-12-23T10:27:09.928 -8.11697000E-04 -6.91257000E-04  1.19137100E-03
2001-12-23T10:27:10.928  1.61389900E-03  4.51882000E-04 -1.23192500E-03
2001-12-23T10:27:11.928 -7.42382000E-04 -8.02171000E-04 -1.52276200E-03
2001-12-23T10:27:12.932  4.68367000E-04  1.34469000E-03 -6.84318000E-04
2001-12-23T10:27:13.928 -1.64492200E-03  1.64601000E-04 -3.28421000E-04
2001-12-23T10:27:14.928  3.95067000E-04  7.50842000E-04  1.95600000E-04
2001-12-23T10:27:15.928 -1.62597000E-04 -1.52614000E-03  2.45696000E-04
2001-12-23T10:27:16.928  5.44615000E-04 -1.34029000E-04 -8.14700000E-05
2001-12-23T10:27:17.928 -2.25378000E-04 -4.72000000E-07 -1.26025700E-03
2001-12-23T10:27:18.936 -2.50296000E-04  1.02283000E-04  1.07639000E-04
2001-12-23T10:27:19.928 -7.53840000E-05  2.44692000E-04 -7.21934000E-04
2001-12-23T10:27:20.928  1.79782000E-04 -9.23738000E-04  1.13575000E-04
2001-12-23T10:27:21.928  1.21605500E-03  1.01301400E-03  6.35851000E-04
2001-12-23T10:27:22.928 -8.88574000E-04 -5.19978000E-04  3.33720000E-05
2001-12-23T10:27:23.932  2.13176000E-04  1.43453700E-03 -2.32812000E-04
2001-12-23T10:27:24.928 -5.70504000E-04 -3.51249000E-04 -1.86949000E-04
2001-12-23T10:27:25.928  1.11953000E-03  1.13807000E-04  7.40247000E-04
2001-12-23T10:27:26.928 -2.72708000E-04 -1.09643900E-03 -8.97700000E-04
2001-12-23T10:27:27.928  2.86964000E-04  6.85835000E-04  4.43304000E-04
2001-12-23T10:27:28.932 -1.84352000E-03 -3.35110000E-04  2.76730000E-05
2001-12-23T10:27:29.928  3.03264000E-04  5.09145000E-04  1.71726000E-04
2001-12-23T10:27:30.928  3.51271000E-04 -1.23199700E-03 -5.24478000E-04
2001-12-23T10:27:31.928  7.26074000E-04 -4.75926000E-04 -5.07713000E-04
2001-12-23T10:27:32.928  6.17860000E-05  4.67043000E-04 -2.15800000E-06
2001-12-23T10:27:33.928 -7.46021000E-04  3.60573000E-04  6.55729000E-04
2001-12-23T10:27:34.928  1.20572500E-03  9.20554000E-04 -3.76351000E-04
2001-12-23T10:27:35.928 -2.38528000E-04 -5.85165000E-04  7.89146000E-04
2001-12-23T10:27:36.928  9.31675000E-04  5.35135000E-04 -5.26099000E-04
2001-12-23T10:27:37.928 -6.66042000E-04 -7.70104000E-04 -1.00243800E-03
2001-12-23T10:27:38.928  5.23201000E-04  1.12157500E-03 -5.27856000E-04
2001-12-23T10:27:39.932 -1.08336200E-03 -6.32829000E-04 -1.53386000E-04
2001-12-23T10:27:40.928  1.72055300E-03 -9.94900000E-05 -7.95676000E-04
2001-12-23T10:27:41.928 -6.80603000E-04 -1.46895300E-03  4.49538000E-04
2001-12-23T10:27:42.928  4.99443000E-04  9.99931000E-04  3.33877000E-04
2001-12-23T10:27:43.928 -6.36131000E-04  7.99804000E-04  2.29629000E-04
2001-12-23T10:27:44.932 -1.45712000E-04  9.51777000E-04 -1.60463000E-04
2001-12-23T10:27:45.928 -7.06815000E-04 -1.03822400E-03  1.06441000E-03
2001-12-23T10:27:46.928  7.57418000E-04 -4.61685000E-04  1.03046200E-03
2001-12-23T10:27:47.928  1.16884000E-04  1.77120000E-04 -8.16121000E-04
2001-12-23T10:27:48.928 -9.47913000E-04  5.33365000E-04 -1.18185000E-04
2001-12-23T10:27:49.928 -1.54666000E-04  8.15912000E-04 -8.11296000E-04
2001-12-23T10:27:50.928 -2.58730000E-05 -8.37923000E-04 -3.26694000E-04
2001-12-23T10:27:51.928  1.20090100E-03  6.73395000E-04 -2.50438000E-04
2001-12-23T10:27:52.928 -9.58660000E-04 -5.14577000E-04  7.27753000E-04
2001-12-23T10:27:53.928  5.00853000E-04  1.42991300E-03  3.81380000E-05
2001-12-23T10:27:54.928 -9.25593000E-04 -8.79105000E-04 -8.22330000E-05
2001-12-23T10:27:55.932  5.64006000E-04  2.88161000E-04  3.41240000E-05
2001-12-23T10:27:56.928 -1.07452100E-03 -1.27127500E-03 -1.49795000E-04
2001-12-23T10:27:57.928  2.34188000E-04  9.08061000E-04 -6.43846000E-04
2001-12-23T10:27:58.928 -1.12122000E-03 -1.56911000E-04 -7.18080000E-05
2001-12-23T10:27:59.928  5.47265000E-04  2.33041000E-04 -5.11084000E-04
2001-12-23T10:28:00.932 -6.61154000E-04 -5.76050000E-04  3.38470000E-05
2001-12-23T10:28:01.928 -3.85890000E-05  2.08365000E-04 -4.76441000E-04
2001-12-23T10:28:02.928 -2.11310000E-04 -2.60700000E-06 -2.19562000E-04
2001-12-23T10:28:03.928 -1.04520500E-03  4.00469000E-04 -8.64505000E-04
2001-12-23T10:28:04.928  3.93519000E-04  2.64576000E-04 -5.35288000E-04
2001-12-23T10:28:05.928 -3.77601000E-04 -1.02223500E-03 -7.75680000E-05
2001-12-23T10:28:06.928  1.58947100E-03  1.20855000E-04  1.04555800E-03
2001-12-23T10:28:07.928 -1.39277000E-03 -4.12391000E-04  8.26123000E-04
2001-12-23T10:28:08.928  4.79432000E-04  1.28665200E-03  5.71280000E-04
2001-12-23T10:28:09.928 -6.60597000E-04 -1.47357000E-04  1.75722000E-04
2001-12-23T10:28:10.928  5.08884000E-04  3.68904000E-04 -1.50218300E-03
2001-12-23T10:28:11.932 -4.11495000E-04 -7.90087000E-04 -7.55250000E-05
2001-12-23T10:28:12.928  4.59906000E-04  6.52766000E-04  4.21360000E-05
2001-12-23T10:28:13.928 -9.06112000E-04  3.49855000E-04 -2.74359000E-04
2001-12-23T10:28:14.928  5.53640000E-05  8.57666000E-04  1.01183300E-03
2001-12-23T10:28:15.928 -9.51375000E-04 -8.31911000E-04  7.97366000E-04
2001-12-23T10:28:16.936  4.17532000E-04 -7.58759000E-04 -8.86777000E-04
2001-12-23T10:28:17.928  8.83252000E-04  1.15125400E-03 -3.29742000E-04
2001-12-23T10:28:18.928 -8.91149000E-04  5.47615000E-04 -8.10475000E-04
2001-12-23T10:28:19.928  4.73512000E-04  1.54890500E-03  3.68690000E-05
2001-12-23T10:28:20.928 -7.32108000E-04 -1.26149800E-03  2.49917000E-04
2001-12-23T10:28:21.928  1.22786400E-03  4.00573000E-04  1.09460000E-03
2001-12-23T10:28:22.928 -8.72259000E-04 -5.23106000E-04  1.06720000E-05
2001-12-23T10:28:23.928  1.42920000E-04  1.14754200E-03 -3.79914000E-04
2001-12-23T10:28:24.928 -1.39768300E-03 -4.13353000E-04 -8.01070000E-05
2001-12-23T10:28:25.928  1.20849000E-03  2.34918000E-04 -1.84534000E-04
2001-12-23T10:28:26.928  2.03591000E-04 -7.70578000E-04 -2.67061000E-04
2001-12-23T10:28:27.932  2.17616000E-04  3.71024000E-04  1.80691000E-03
2001-12-23T10:28:28.928 -6.35491000E-04  5.59316000E-04 -2.37629000E-04
2001-12-23T10:28:29.928 -3.95809000E-04  5.43830000E-05 -1.09071000E-04
2001-12-23T10:28:30.928 -1.66976000E-04 -8.31048000E-04  4.39417000E-04
2001-12-23T10:28:31.928 -2.43261000E-04 -2.38915000E-04 -4.97457000E-04
2001-12-23T10:28:32.936  8.78127000E-04  4.41855000E-04 -1.13716700E-03
2001-12-23T10:28:33.928 -1.16300300E-03  2.28127000E-04 -4.44060000E-05
2001-12-23T10:28:34.928  3.18060000E-04  1.20146200E-03 -3.25572000E-04
2001-12-23T10:28:35.928 -8.97275000E-04 -1.33668800E-03 -3.61437000E-04
2001-12-23T10:28:36.928  5.50332000E-04  1.40058000E-04 -2.58038000E-04
2001-12-23T10:28:37.928 -1.18938200E-03 -2.67490000E-04  4.57606000E-04
2001-12-23T10:28:38.928  2.38555000E-04  1.24567900E-03 -8.87528000E-04
2001-12-23T10:28:39.928 -3.81601000E-04 -2.01996000E-04 -7.41499000E-04
2001-12-23T10:28:40.928  1.00240600E-03 -4.08470000E-04 -1.36174100E-03
2001-12-23T10:28:41.928 -4.35640000E-04 -6.14565000E-04 -4.93870000E-05
2001-12-23T10:28:42.928 -3.89107000E-04  4.72105000E-04  7.77157000E-04
2001-12-23T10:28:43.932  1.14794000E-04  1.08542200E-03  8.56714000E-04
2001-12-23T10:28:44.928 -2.77746000E-04 -7.04936000E-04  3.31170000E-05
2001-12-23T10:28:45.928  1.08755600E-03 -3.33070000E-04 -1.02740000E-03
2001-12-23T10:28:46.928 -6.71017000E-04 -5.78716000E-04 -1.31421000E-04
2001-12-23T10:28:47.928  6.32732000E-04  1.39414100E-03 -6.21668000E-04
2001-12-23T10:28:48.932 -1.08772900E-03 -6.55684000E-04 -7.17580000E-05
2001-12-23T10:28:49.928  1.43416000E-03 -2.87180000E-05  1.23595900E-03
2001-12-23T10:28:50.928 -7.47806000E-04 -1.35594700E-03  1.06422000E-04
2001-12-23T10:28:51.928  2.09728000E-04  6.36083000E-04 -5.55305000E-04
2001-12-23T10:28:52.928 -1.34225400E-03 -3.79853000E-04 -8.41855000E-04
2001-12-23T10:28:53.928  1.04112000E-04  7.06091000E-04 -3.01530000E-04
2001-12-23T10:28:54.928  5.23920000E-05 -7.85719000E-04 -1.58022000E-04
2001-12-23T10:28:55.928  3.20544000E-04 -7.62541000E-04 -1.52055300E-03
2001-12-23T10:28:56.928  1.93041000E-04  4.74301000E-04 -1.37977000E-04
2001-12-23T10:28:57.928 -1.27078200E-03  3.41566000E-04 -6.59590000E-05
2001-12-23T10:28:58.928  4.19027000E-04  1.23704500E-03  1.03686200E-03
2001-12-23T10:28:59.932 -3.54513000E-04 -1.46428500E-03 -8.23550000E-05
2001-12-23T10:29:00.928  1.33640000E-03  7.20752000E-04 -5.04690000E-05
2001-12-23T10:29:01.928 -1.65570500E-03 -5.98548000E-04  7.84850000E-05
2001-12-23T10:29:02.928  5.82995000E-04  9.12277000E-04 -3.45880000E-04
2001-12-23T10:29:03.928 -3.50647000E-04 -4.07299000E-04  3.77588000E-04
2001-12-23T10:29:04.932  1.05369100E-03 -6.87600000E-05 -7.19619000E-04
2001-12-23T10:29:05.928 -4.18778000E-04 -1.40140000E-05  4.25424000E-04
2001-12-23T10:29:06.928 -3.07400000E-05  9.98478000E-04  1.58311400E-03
2001-12-23T10:29:07.928 -1.09618900E-03 -5.99457000E-04  3.02529000E-04
2001-12-23T10:29:08.928  7.33388000E-04 -6.37000000E-05 -6.69279000E-04
2001-12-23T10:29:09.928  2.36700000E-05 -1.83455000E-04  1.95030000E-04
2001-12-23T10:29:10.928 -4.39710000E-05 -2.48318000E-04  5.12930000E-05
2001-12-23T10:29:11.928 -8.66340000E-05  6.78575000E-04 -1.17796000E-04
2001-12-23T10:29:12.928 -1.09195700E-03  7.07770000E-05 -1.87790000E-05
2001-12-23T10:29:13.928  1.48494100E-03  6.85525000E-04 -1.01256500E-03
2001-12-23T10:29:14.928 -1.19638000E-04 -1.03459300E-03 -1.79633000E-04
2001-12-23T10:29:15.932  7.71212000E-04  8.48365000E-04  7.03760000E-05
2001-12-23T10:29:16.928 -1.04156500E-03  1.90948000E-04 -1.44159000E-03
2001-12-23T10:29:17.928  6.69500000E-04  6.68904000E-04 -9.76192000E-04
2001-12-23T10:29:18.928 -4.91230000E-04 -5.91283000E-04  6.11111000E-04
2001-12-23T10:29:19.928  7.83984000E-04  4.27460000E-05  3.62397000E-04
2001-12-23T10:29:20.932 -6.28710000E-04 -4.69386000E-04  4.80212000E-04
2001-12-23T10:29:21.928 -1.60572000E-04  5.47655000E-04 -1.22059000E-04
2001-12-23T10:29:22.928 -7.72322000E-04 -2.68614000E-04  2.92199000E-04
2001-12-23T10:29:23.928  4.13275000E-04 -4.09569000E-04 -4.12169000E-04
2001-12-23T10:29:24.928  4.20305000E-04 -6.05323000E-04  7.79760000E-05
2001-12-23T10:29:25.928 -1.27248000E-04 -5.58162000E-04  9.61890000E-05
2001-12-23T10:29:26.932 -6.93470000E-05  9.71450000E-04  3.43334000E-04
2001-12-23T10:29:27.928 -1.29108600E-03  5.02769000E-04  2.92300000E-04
2001-12-23T10:29:28.928  1.35969400E-03  6.97625000E-04 -1.75382000E-04
2001-12-23T10:29:29.928  1.28120000E-05 -1.17180200E-03 -4.06905000E-04
2001-12-23T10:29:30.928  5.27728000E-04  5.99989000E-04 -2.64773000E-04
2001-12-23T10:29:31.932 -9.85378000E-04 -1.60751000E-04  3.47960000E-05
2001-12-23T10:29:32.928  2.99285000E-04  1.48240900E-03  3.67215000E-04
2001-12-23T10:29:33.928 -1.58392100E-03 -9.39305000E-04 -2.13998000E-04
2001-12-23T10:29:34.928  1.22932500E-03  1.78922000E-04  3.23985000E-04
2001-12-23T10:29:35.928 -8.45496000E-04 -8.73327000E-04 -8.23820000E-04
2001-12-23T10:29:36.932 -3.82120000E-04  1.06195500E-03 -2.69954000E-04
2001-12-23T10:29:37.928 -7.53820000E-05  1.33520700E-03 -8.61877000E-04
2001-12-23T10:29:38.928 -4.10782000E-04  1.04259000E-04 -3.03355000E-04
2001-12-23T10:29:39.928  1.02334700E-03 -2.63937000E-04  1.34830000E-05
2001-12-23T10:29:40.928 -1.42458000E-04 -4.27734000E-04  1.10607000E-04
2001-12-23T10:29:41.928  1.13808000E-04  1.24367800E-03  9.49349000E-04
2001-12-23T10:29:42.928 -1.43252500E-03  1.94644000E-04 -1.82041000E-04
2001-12-23T10:29:43.928  7.71750000E-04  8.27659000E-04  1.34523000E-04
2001-12-23T10:29:44.928 -8.24180000E-05 -9.22142000E-04 -7.68793000E-04
2001-12-23T10:29:45.928  1.05463900E-03  4.65630000E-04 -1.18050000E-04
2001-12-23T10:29:46.928 -7.71666000E-04 -1.12610000E-04 -7.13950000E-04
2001-12-23T10:29:47.932 -2.31448000E-04  1.23984500E-03  3.49595000E-04
2001-12-23T10:29:48.928 -5.82992000E-04  1.84042000E-04 -1.48059000E-04
2001-12-23T10:29:49.928  4.48170000E-05  1.29788000E-04  5.63331000E-04
2001-12-23T10:29:50.928  8.22503000E-04  2.14618000E-04 -1.84676100E-03
2001-12-23T10:29:51.928 -8.01637000E-04  1.38307000E-04  4.80090000E-05
2001-12-23T10:29:52.932  1.55058000E-04  7.08057000E-04 -2.07176000E-04
2001-12-23T10:29:53.928 -9.95202000E-04 -1.81853000E-04 -2.62457000E-04
2001-12-23T10:29:54.928  9.67700000E-04  1.10576400E-03  1.66050400E-03
2001-12-23T10:29:55.928 -5.34232000E-04 -1.30447500E-03  4.98365000E-04
2001-12-23T10:29:56.928  5.89806000E-04  2.54184000E-04  6.68006000E-04
2001-12-23T10:29:57.928 -1.25333500E-03 -8.64569000E-04 -8.06788000E-04
2001-12-23T10:29:58.928 -2.22255000E-04  1.15658700E-03 -1.51753200E-03
2001-12-23T10:29:59.928 -5.51180000E-05  5.48620000E-05 -7.24261000E-04
2001-12-23T10:30:00.928  6.32660000E-05 -3.40664000E-04 -1.27554000E-04
2001-12-23T10:30:01.928  3.32498000E-04 -3.12380000E-04  6.97033000E-04
2001-12-23T10:30:02.928 -5.30633000E-04  3.85991000E-04  6.15530000E-05
2001-12-23T10:30:03.932 -1.48487000E-04  1.18250000E-03  5.16778000E-04
2001-12-23T10:30:04.928 -8.28705000E-04 -2.71709000E-04 -3.50799000E-04
2001-12-23T10:30:05.928  1.20460200E-03  9.54887000E-04  1.49236000E-04
2001-12-23T10:30:06.928 -3.64420000E-04 -8.64171000E-04 -7.05521000E-04
2001-12-23T10:30:07.928  6.76136000E-04  4.41895000E-04  1.46860000E-05
2001-12-23T10:30:08.932 -1.05180800E-03  9.85000000E-07 -1.30990000E-05
2001-12-23T10:30:09.928 -2.98692000E-04  1.23798000E-03 -8.40617000E-04
2001-12-23T10:30:10.928 -1.13700700E-03 -3.39796000E-04  3.44236000E-04
2001-12-23T10:30:11.928  1.33169000E-04 -3.80497000E-04 -5.24050000E-04
2001-12-23T10:30:12.928  2.79045000E-04  1.89729000E-04 -5.16608000E-04
2001-12-23T10:30:13.928 -8.22595000E-04  1.47093000E-04 -9.42000000E-04
2001-12-23T10:30:14.928  7.21130000E-05  1.68552700E-03  6.04708000E-04
2001-12-23T10:30:15.928 -1.55232300E-03 -3.17224000E-04  3.16610000E-05
2001-12-23T10:30:16.928  1.19100400E-03  5.16372000E-04  1.35409000E-04
2001-12-23T10:30:17.928 -4.37170000E-04 -5.21794000E-04  7.98032000E-04
2001-12-23T10:30:18.928  3.17368000E-04 -4.29950000E-05 -1.03346400E-03
2001-12-23T10:30:19.932 -3.16002000E-04  4.05402000E-04  1.84470000E-05
2001-12-23T10:30:20.928 -9.47446000E-04  3.17930000E-05  6.48800000E-05
2001-12-23T10:30:21.928  6.05156000E-04  1.68340200E-03 -9.18194000E-04
2001-12-23T10:30:22.928 -9.22662000E-04 -8.71439000E-04  3.03476000E-04
2001-12-23T10:30:23.928  8.92251000E-04  3.97585000E-04  6.87694000E-04
2001-12-23T10:30:24.932 -2.05616000E-04 -5.04257000E-04  9.87551000E-04
2001-12-23T10:30:25.928 -4.36883000E-04  5.33943000E-04  3.10973000E-04
2001-12-23T10:30:26.928  7.22049000E-04  9.04813000E-04  2.29492000E-04
2001-12-23T10:30:27.928 -1.02528000E-03 -3.06913000E-04 -9.80349000E-04
2001-12-23T10:30:28.928  3.97743000E-04  1.10818400E-03  9.81460000E-05
2001-12-23T10:30:29.928 -5.44442000E-04 -9.19765000E-04 -9.01687000E-04
2001-12-23T10:30:30.928  7.33449000E-04 -2.78827000E-04  7.64049000E-04
2001-12-23T10:30:31.928  4.39340000E-04  1.76835000E-04 -1.00894000E-04
2001-12-23T10:30:32.928 -6.31379000E-04 -6.17750000E-05  1.26492000E-04
2001-12-23T10:30:33.928  9.87593000E-04  1.67229100E-03  6.84837000E-04
2001-12-23T10:30:34.928 -1.14498200E-03  6.52950000E-04  2.91235000E-04
2001-12-23T10:30:35.932 -2.40000000E-04  6.77511000E-04 -4.09251000E-04
2001-12-23T10:30:36.928  6.67221000E-04  5.13530000E-04 -2.23570000E-05
2001-12-23T10:30:37.928 -4.84237000E-04 -7.82394000E-04  1.35256000E-04
2001-12-23T10:30:38.928  1.26252100E-03  7.56440000E-05  4.62530000E-05
2001-12-23T10:30:39.928 -3.78740000E-04 -5.80224000E-04  1.24960000E-04
2001-12-23T10:30:40.932 -1.30976000E-04  2.56251000E-04  6.28970000E-05
2001-12-23T10:30:41.928  7.34732000E-04  1.27632800E-03 -1.87090000E-04
2001-12-23T10:30:42.928 -7.02024000E-04  6.71456000E-04  4.39248000E-04
2001-12-23T10:30:43.928  9.92740000E-05  1.12054200E-03  3.02718000E-04
2001-12-23T10:30:44.928 -4.02579000E-04  6.17090000E-04 -3.02703000E-04
2001-12-23T10:30:45.928 -7.71610000E-04  2.96260000E-05  2.24864000E-04
2001-12-23T10:30:46.928  6.75586000E-04  4.27254000E-04 -2.26748000E-04
2001-12-23T10:30:47.928 -8.79397000E-04 -7.92398000E-04  1.40087000E-04
2001-12-23T10:30:48.928  3.79003000E-04 -2.18431000E-04 -4.73499000E-04
2001-12-23T10:30:49.928  7.21701000E-04  4.89943000E-04 -1.45184000E-04
2001-12-23T10:30:50.928 -8.52471000E-04 -3.06690000E-05 -5.86057000E-04
2001-12-23T10:30:51.932  2.39680000E-04  4.00981000E-04 -5.18480000E-05
2001-12-23T10:30:52.928  9.77294000E-04  1.17767800E-03 -1.45290000E-04
2001-12-23T10:30:53.928 -8.33385000E-04  6.76379000E-04 -1.32900000E-05
2001-12-23T10:30:54.928 -3.79961000E-04  1.00073700E-03  4.48896000E-04
2001-12-23T10:30:55.928 -6.18657000E-04  1.45694700E-03 -7.94598000E-04
2001-12-23T10:30:56.932 -1.95830100E-03  3.74070000E-04 -5.96152000E-04
2001-12-23T10:30:57.928 -7.68532000E-04  1.56887200E-03  3.23060000E-05
2001-12-23T10:30:58.928  2.75972000E-04  1.40214800E-03  6.02507000E-04
2001-12-23T10:30:59.928 -1.56824700E-03  4.56136000E-04  1.52376000E-04
2001-12-23T10:31:00.928 -2.64479000E-04  6.51708000E-04  8.26384000E-04
2001-12-23T10:31:01.928  1.05516000E-04  1.91826200E-03  9.14300000E-06
2001-12-23T10:31:02.928 -2.90752000E-04  7.16390000E-04 -7.81282000E-04
2001-12-23T10:31:03.928 -1.32331200E-03  1.40630400E-03 -3.63492000E-04
2001-12-23T10:31:04.928 -4.80644000E-04  1.25376000E-03 -7.02562000E-04
2001-12-23T10:31:05.928  3.83395000E-04  2.28646800E-03  8.60766000E-04
2001-12-23T10:31:06.928 -4.06036000E-04  1.85434800E-03  2.23152000E-04
2001-12-23T10:31:07.932 -1.02207900E-03  3.49642000E-04  8.16411000E-04
2001-12-23T10:31:08.928  6.66820000E-05  1.23215700E-03  1.10075800E-03
2001-12-23T10:31:09.928  1.07895300E-03  2.12831300E-03 -1.11208000E-03
2001-12-23T10:31:10.928 -3.47160000E-04  9.77152000E-04 -1.21178700E-03
2001-12-23T10:31:11.928 -8.37318000E-04 -6.03374000E-04 -4.06343000E-04
2001-12-23T10:31:12.932  1.55361000E-04  2.86906000E-04  4.36219000E-04
2001-12-23T10:31:13.928  1.02786400E-03  1.27702000E-03  5.87761000E-04
2001-12-23T10:31:14.928  9.10332000E-04  2.22812800E-03  7.27169000E-04
2001-12-23T10:31:15.928 -1.21650800E-03  1.62367000E-03  1.84696000E-04
2001-12-23T10:31:16.928 -5.91240000E-04  1.27997000E-03 -3.98961000E-04
2001-12-23T10:31:17.928 -4.26110000E-05  1.24001200E-03 -2.46986000E-04
2001-12-23T10:31:18.928 -1.13449500E-03  1.94310700E-03  9.03970000E-05
2001-12-23T10:31:19.928  5.11176000E-04  2.12445300E-03 -8.38571000E-04
2001-12-23T10:31:20.928 -3.58830000E-04  1.59548000E-03 -4.43008000E-04
2001-12-23T10:31:21.928 -1.53320400E-03  2.23772400E-03  1.38560300E-03
2001-12-23T10:31:22.928  8.52548000E-04  2.53897200E-03  7.49608000E-04
2001-12-23T10:31:23.932 -7.79763000E-04  2.02998500E-03 -1.61074000E-04
2001-12-23T10:31:24.928  7.17795000E-04  2.88955300E-03 -8.16379000E-04
2001-12-23T10:31:25.928  1.08927700E-03  2.83717500E-03 -7.17514000E-04
2001-12-23T10:31:26.928  6.35360000E-04  3.18655800E-03 -9.12340000E-04
2001-12-23T10:31:27.928  5.28373000E-04  3.13555700E-03 -2.06494000E-04
2001-12-23T10:31:28.932 -3.33719000E-04  3.08436900E-03  2.71900000E-04
2001-12-23T10:31:29.928 -1.11587600E-03  2.41374400E-03  3.81927000E-04
2001-12-23T10:31:30.928 -1.29177000E-03  1.71466500E-03  1.10380700E-03
2001-12-23T10:31:31.928 -1.21659100E-03  1.72292500E-03 -4.76937000E-04
2001-12-23T10:31:32.928  7.81625000E-04  3.88503100E-03 -8.04365000E-04
2001-12-23T10:31:33.928  3.70411000E-04  3.63673400E-03 -3.85097000E-04
2001-12-23T10:31:34.935  1.16388500E-03  2.62673200E-03 -1.88920000E-05
2001-12-23T10:31:35.928 -5.87950000E-04  3.27689900E-03  1.10654900E-03
2001-12-23T10:31:36.928 -7.77534000E-04  1.70184200E-03  6.83528000E-04
2001-12-23T10:31:37.928 -6.31958000E-04  2.31453600E-03  6.29315000E-04
2001-12-23T10:31:38.928  1.32268000E-04  4.05328800E-03  5.59424000E-04
2001-12-23T10:31:39.932  7.87195000E-04  2.89582200E-03 -3.19186000E-04
2001-12-23T10:31:40.928 -4.13498000E-04  3.07892300E-03 -1.04412900E-03
2001-12-23T10:31:41.928 -9.27540000E-04  3.21904100E-03 -3.40048000E-04
2001-12-23T10:31:42.928  1.04458200E-03  2.87638700E-03 -6.45890000E-05
2001-12-23T10:31:43.928 -1.37329000E-04  3.45147400E-03  8.78307000E-04
2001-12-23T10:31:44.932 -1.33541200E-03  3.41319600E-03  8.97265000E-04
2001-12-23T10:31:45.928  3.02844000E-04  5.10721900E-03  8.03560000E-04
2001-12-23T10:31:46.928 -1.27252700E-03  3.15104000E-03  2.79235000E-04
2001-12-23T10:31:47.928  9.39024000E-04  4.85083400E-03 -3.16700000E-04
2001-12-23T10:31:48.928  4.84355000E-04  3.19179300E-03 -1.09429300E-03
2001-12-23T10:31:49.928  4.42994000E-04  3.59310000E-03 -3.42331000E-04
2001-12-23T10:31:50.928  2.52579000E-04  4.17184000E-03  1.31865800E-03
2001-12-23T10:31:51.928 -2.39740000E-05  3.78567900E-03  8.09639000E-04
2001-12-23T10:31:52.928  5.79620000E-05  3.92918300E-03  9.15420000E-04
2001-12-23T10:31:53.928  7.86935000E-04  4.57331100E-03 -4.19586000E-04
2001-12-23T10:31:54.928 -6.45625000E-04  3.69825000E-03  7.28422000E-04
2001-12-23T10:31:55.932  1.41831000E-03  4.78342600E-03 -1.23241000E-04
2001-12-23T10:31:56.928 -1.20416200E-03  3.30511400E-03 -3.24502000E-04
2001-12-23T10:31:57.928  1.04056800E-03  4.43741600E-03  4.11303000E-04
2001-12-23T10:31:58.928 -3.76013000E-04  4.51259200E-03  1.40356000E-04
2001-12-23T10:31:59.928 -1.40986800E-03  4.75239900E-03  1.86802000E-04
2001-12-23T10:32:00.932 -1.46490000E-05  5.70791000E-03  5.41305000E-04
2001-12-23T10:32:01.928  5.10379000E-04  5.30355100E-03 -8.29426000E-04
2001-12-23T10:32:02.928 -9.03795000E-04  4.05404500E-03  9.97040000E-05
2001-12-23T10:32:03.928 -2.04888000E-04  5.29100700E-03  1.51701000E-04
2001-12-23T10:32:04.928  8.05532000E-04  6.50566600E-03  4.14925000E-04
2001-12-23T10:32:05.928  2.84977000E-04  6.31616400E-03 -4.42170000E-05
2001-12-23T10:32:06.928 -8.31973000E-04  3.95609400E-03 -9.41500000E-06
2001-12-23T10:32:07.928  2.65734000E-04  5.57374200E-03  2.23487000E-04
2001-12-23T10:32:08.928  7.89238000E-04  6.63609700E-03  3.98541000E-04
2001-12-23T10:32:09.928 -7.50910000E-05  5.62829900E-03  1.67978000E-04
2001-12-23T10:32:10.928 -4.46194000E-04  4.60121900E-03  2.88324000E-04
2001-12-23T10:32:11.932 -1.89235700E-03  5.99941000E-03  2.63760000E-05
2001-12-23T10:32:12.928 -7.00010000E-05  5.02673900E-03  1.49538900E-03
2001-12-23T10:32:13.928 -1.34111500E-03  6.24269700E-03  5.15130000E-04
2001-12-23T10:32:14.928 -1.26429300E-03  5.89668800E-03  2.29424400E-03
2001-12-23T10:32:15.928 -4.08903000E-04  6.07347000E-03 -1.36055000E-04
2001-12-23T10:32:16.932  7.63738000E-04  8.44022900E-03  1.14427300E-03
2001-12-23T10:32:17.928 -1.52900000E-05  7.69093500E-03  4.70319000E-04
2001-12-23T10:32:18.928 -1.06873400E-03  7.08888600E-03 -1.06875000E-04
2001-12-23T10:32:19.928  3.97990000E-04  8.69794200E-03  1.56172000E-04
2001-12-23T10:32:20.928 -3.47898000E-04  8.30356500E-03  6.10140000E-04
2001-12-23T10:32:21.928  1.35619400E-03  9.53822300E-03  2.44538000E-04
2001-12-23T10:32:22.928 -6.09108000E-04  8.03934000E-03 -1.46680000E-05
2001-12-23T10:32:23.928 -2.56755000E-04  1.05031890E-02 -5.29699000E-04
2001-12-23T10:32:24.928  1.07264600E-03  1.02853830E-02 -4.29289000E-04
2001-12-23T10:32:25.928 -1.49838400E-03  8.89835000E-03  7.14477000E-04
2001-12-23T10:32:26.928 -8.50300000E-06  9.19191400E-03  5.85540000E-04
2001-12-23T10:32:27.931  1.36768000E-04  8.95756900E-03  2.10107000E-04
2001-12-23T10:32:28.928 -4.83033000E-04  7.72231200E-03  9.82817000E-04
2001-12-23T10:32:29.928  6.01617000E-04  1.09217770E-02 -4.53412000E-04
2001-12-23T10:32:30.928  1.01983100E-03  1.01490750E-02 -5.72365000E-04
2001-12-23T10:32:31.928 -1.96353400E-03  9.05356300E-03  1.09338400E-03
2001-12-23T10:32:32.931 -1.47768800E-03  9.79470300E-03  8.72949000E-04
2001-12-23T10:32:33.928 -1.88113200E-03  9.73486600E-03 -2.03986000E-04
2001-12-23T10:32:34.928 -1.92096000E-03  9.70283200E-03 -5.76780000E-05
2001-12-23T10:32:35.928  1.29692500E-03  1.26369940E-02  8.76790000E-05
2001-12-23T10:32:36.928  7.87080000E-04  1.18402720E-02 -3.11114000E-04
2001-12-23T10:32:37.928  4.98003000E-04  1.13435590E-02 -3.22120000E-05
2001-12-23T10:32:38.928  1.51214000E-03  1.22129670E-02 -2.97304000E-04
2001-12-23T10:32:39.928  1.94053000E-04  1.10693050E-02  1.41651700E-03
2001-12-23T10:32:40.928 -1.39643300E-03  1.18384720E-02  8.22777000E-04
2001-12-23T10:32:41.928  2.60084000E-04  1.27662630E-02  4.34602000E-04
2001-12-23T10:32:42.928  5.43896000E-04  1.23474400E-02  7.64024000E-04
2001-12-23T10:32:43.931 -2.00516000E-04  1.27316680E-02  5.93012000E-04
2001-12-23T10:32:44.928 -1.67559000E-03  1.12757700E-02 -8.26468000E-04
2001-12-23T10:32:45.928  4.07342000E-04  1.27345440E-02 -4.97458000E-04
2001-12-23T10:32:46.928 -3.36981000E-04  1.22086220E-02  1.69328000E-04
2001-12-23T10:32:47.928  9.65175000E-04  1.45441470E-02  2.83721000E-04
2001-12-23T10:32:48.931  1.62672000E-04  1.23423910E-02 -2.14635000E-04
2001-12-23T10:32:49.928 -1.11696100E-03  1.11377750E-02  6.15911000E-04
2001-12-23T10:32:50.928  5.68121000E-04  1.37957140E-02 -1.08412500E-03
2001-12-23T10:32:51.928 -1.65988700E-03  1.20445400E-02 -5.23837000E-04
2001-12-23T10:32:52.928  1.04607500E-03  1.37347860E-02 -4.45945000E-04
2001-12-23T10:32:53.928 -1.40976500E-03  1.24512890E-02  8.42840000E-04
2001-12-23T10:32:54.928 -6.80510000E-05  1.38140240E-02  1.06906800E-03
2001-12-23T10:32:55.928 -3.13983000E-04  1.26717940E-02  1.01371100E-03
2001-12-23T10:32:56.928  3.89489000E-04  1.31256200E-02  1.08654500E-03
2001-12-23T10:32:57.928 -1.53981800E-03  1.14233610E-02 -6.88075000E-04
2001-12-23T10:32:58.928  1.74987700E-03  1.34515320E-02 -2.69360000E-05
2001-12-23T10:32:59.931 -3.81679000E-04  1.25830660E-02 -1.31390000E-04
2001-12-23T10:33:00.928  9.35955000E-04  1.43942400E-02  1.21791700E-03
2001-12-23T10:33:01.928 -1.59745000E-03  1.30475990E-02  5.41024000E-04
2001-12-23T10:33:02.928 -1.02185000E-03  1.31270550E-02  1.76404800E-03
2001-12-23T10:33:03.928  2.37529000E-04  1.44610260E-02 -9.44770000E-05
2001-12-23T10:33:04.935  3.39719000E-04  1.57834330E-02  7.11988000E-04
2001-12-23T10:33:05.928 -1.60426300E-03  1.29360170E-02 -2.84401000E-04
2001-12-23T10:33:06.928 -5.09712000E-04  1.33477370E-02 -2.82996000E-04
2001-12-23T10:33:07.928  1.09957600E-03  1.38169690E-02  8.70270000E-05
2001-12-23T10:33:08.928 -5.03778000E-04  1.25102100E-02  3.61879000E-04
2001-12-23T10:33:09.928 -5.09920000E-04  1.24246420E-02  9.40585000E-04
2001-12-23T10:33:10.928  5.06351000E-04  1.31895130E-02  1.42080600E-03
2001-12-23T10:33:11.928 -1.19599100E-03  1.12994350E-02  3.29082000E-04
2001-12-23T10:33:12.928 -2.14891400E-03  1.04941830E-02 -1.25526000E-04
2001-12-23T10:33:13.928  9.08563000E-04  1.27987730E-02  2.64406000E-04
2001-12-23T10:33:14.928 -4.67605000E-04  1.14508550E-02  1.94088000E-04
2001-12-23T10:33:15.931 -1.68896000E-04  1.31354860E-02  1.14808000E-04
2001-12-23T10:33:16.928 -8.00604000E-04  1.21194860E-02  3.47415000E-04
2001-12-23T10:33:17.928  8.79160000E-04  1.38506040E-02  3.96652000E-04
2001-12-23T10:33:18.928 -1.41565800E-03  1.28490860E-02  1.86770000E-04
2001-12-23T10:33:19.928  8.72201000E-04  1.28498940E-02 -1.13388000E-04
2001-12-23T10:33:20.931  9.44540000E-04  1.27564200E-02  6.96773000E-04
2001-12-23T10:33:21.928 -1.45090800E-03  1.19443850E-02  6.66843000E-04
2001-12-23T10:33:22.928  3.21126000E-04  1.31771150E-02  1.41406100E-03
2001-12-23T10:33:23.928  9.08964000E-04  1.23554130E-02  6.75422000E-04
2001-12-23T10:33:24.928 -5.64880000E-04  1.19012730E-02  1.07347700E-03
2001-12-23T10:33:25.928 -1.00000300E-03  1.08014400E-02  5.74422000E-04
2001-12-23T10:33:26.928  5.87423000E-04  1.28724160E-02 -6.96920000E-05
2001-12-23T10:33:27.928  9.85100000E-05  1.34875730E-02  5.41422000E-04
2001-12-23T10:33:28.928 -1.33218000E-03  1.09554770E-02  6.09768000E-04
2001-12-23T10:33:29.928  3.89505000E-04  1.31825980E-02  2.06182200E-03
2001-12-23T10:33:30.928 -1.48209500E-03  1.15862380E-02  9.72544000E-04
2001-12-23T10:33:31.931  1.31839000E-04  1.25695650E-02  7.59084000E-04
2001-12-23T10:33:32.928 -1.76806000E-04  1.25119440E-02  5.71666000E-04
2001-12-23T10:33:33.928  9.73758000E-04  1.39430310E-02 -6.09280000E-04
2001-12-23T10:33:34.928 -3.74984000E-04  1.25713190E-02  2.42304000E-04
2001-12-23T10:33:35.927  4.92192000E-04  1.45159890E-02  6.68742000E-04
2001-12-23T10:33:36.931 -9.62556000E-04  1.22865950E-02 -3.01070000E-04
2001-12-23T10:33:37.927  3.66342000E-04  1.40645670E-02  5.83492000E-04
2001-12-23T10:33:38.927 -2.11191000E-04  1.70782820E-02  7.75848000E-04
2001-12-23T10:33:39.927  7.23960000E-04  1.57473680E-02  9.92889000E-04
2001-12-23T10:33:40.927  3.59863000E-04  1.64299380E-02 -9.76965000E-04
2001-12-23T10:33:41.927 -9.50640000E-04  1.58254630E-02  3.49690000E-05
2001-12-23T10:33:42.931  2.93027000E-04  1.49363880E-02 -3.21253000E-04
2001-12-23T10:33:43.927  5.41953000E-04  1.70698040E-02  1.48191400E-03
2001-12-23T10:33:44.927  2.96357000E-04  1.70538260E-02  9.03331000E-04
2001-12-23T10:33:45.927  5.60289000E-04  1.63415580E-02  4.02720000E-04
2001-12-23T10:33:46.927  4.14508000E-04  1.58704910E-02  9.45193000E-04
2001-12-23T10:33:47.931  8.69532000E-04  1.56585050E-02  5.09310000E-05
2001-12-23T10:33:48.927  3.03330000E-05  1.45175050E-02 -6.58049000E-04
2001-12-23T10:33:49.927 -1.35197400E-03  1.32485600E-02  1.32032000E-04
2001-12-23T10:33:50.927 -4.29748000E-04  1.28981390E-02  9.76685000E-04
2001-12-23T10:33:51.927  1.23400000E-03  1.39255660E-02  9.40796000E-04
2001-12-23T10:33:52.931 -9.01208000E-04  1.25588080E-02  8.81337000E-04
2001-12-23T10:33:53.927  6.35286000E-04  1.38116540E-02  5.03271000E-04
2001-12-23T10:33:54.927  7.70366000E-04  1.35302500E-02  1.25033000E-04
2001-12-23T10:33:55.927 -1.00756200E-03  1.29369030E-02 -7.84401000E-04
2001-12-23T10:33:56.927  7.95916000E-04  1.42265240E-02 -8.32305000E-04
2001-12-23T10:33:57.927 -1.39726500E-03  1.19214900E-02  2.93019000E-04
2001-12-23T10:33:58.927 -4.26565000E-04  1.38328550E-02  8.63822000E-04
2001-12-23T10:33:59.927  2.89283000E-04  1.50540870E-02  3.26872000E-04
2001-12-23T10:34:00.927 -1.55810800E-03  1.23567130E-02  6.05530000E-04
2001-12-23T10:34:01.927 -4.66982000E-04  1.51391350E-02  5.95030000E-05
2001-12-23T10:34:02.927 -1.39196400E-03  1.53815680E-02  9.09136000E-04
2001-12-23T10:34:03.931 -1.99821100E-03  1.33532930E-02  1.51250000E-04
2001-12-23T10:34:04.927 -5.32323000E-04  1.40800780E-02  3.82457000E-04
2001-12-23T10:34:05.927  6.68338000E-04  1.76948920E-02  1.62442700E-03
2001-12-23T10:34:06.927  2.63268000E-04  1.56486700E-02 -2.20625000E-04
2001-12-23T10:34:07.927  1.18563200E-03  1.63235400E-02  8.15724000E-04
2001-12-23T10:34:08.931 -1.72800000E-05  1.68937870E-02  5.08761000E-04
2001-12-23T10:34:09.924 -1.72671000E-03  1.58547240E-02  5.38815000E-04
2001-12-23T10:34:10.927 -6.96255000E-04  1.81107020E-02 -2.02785000E-04
2001-12-23T10:34:11.927 -1.36130000E-05  1.89125800E-02  1.00754400E-03
2001-12-23T10:34:12.927 -7.13762000E-04  1.75714960E-02  7.37042000E-04
2001-12-23T10:34:13.927 -1.34388300E-03  1.76555220E-02  1.40494100E-03
2001-12-23T10:34:14.927  2.56589000E-04  1.86598130E-02  6.94864000E-04
2001-12-23T10:34:15.927 -2.79514000E-04  1.79371520E-02 -4.14789000E-04
2001-12-23T10:34:16.927 -1.31351700E-03  1.64669860E-02  4.80757000E-04
2001-12-23T10:34:17.927  5.32270000E-05  1.88434110E-02  1.17984700E-03
2001-12-23T10:34:18.927  2.57077000E-04  1.83588690E-02  3.87654000E-04
2001-12-23T10:34:19.931  5.86706000E-04  1.74562930E-02  1.54542800E-03
2001-12-23T10:34:20.927 -7.90183000E-04  1.63992810E-02  9.41116000E-04
2001-12-23T10:34:21.927  8.05710000E-04  1.71603260E-02  5.46036000E-04
2001-12-23T10:34:22.927  1.09319900E-03  1.61638050E-02  1.61457000E-04
2001-12-23T10:34:23.927  2.39168000E-04  1.59744580E-02  3.86705000E-04
2001-12-23T10:34:24.931  6.39830000E-04  1.68410430E-02  6.28110000E-05
2001-12-23T10:34:25.927 -1.75600000E-06  1.62184050E-02 -3.22991000E-04
2001-12-23T10:34:26.927 -8.83449000E-04  1.57315250E-02  1.48473000E-03
2001-12-23T10:34:27.927 -5.24178000E-04  1.50865220E-02  1.59980800E-03
2001-12-23T10:34:28.927 -3.77296000E-04  1.51741310E-02  7.76278000E-04
2001-12-23T10:34:29.927 -2.08745000E-04  1.54797210E-02  5.46665000E-04
2001-12-23T10:34:30.927  1.25120000E-05  1.55553350E-02 -3.90456000E-04
2001-12-23T10:34:31.927 -2.18680000E-05  1.50429670E-02  1.64220000E-05
2001-12-23T10:34:32.927  5.25827000E-04  1.54621710E-02  3.88845000E-04
2001-12-23T10:34:33.924  5.01732000E-04  1.55380640E-02  6.52708000E-04
2001-12-23T10:34:34.927 -7.46520000E-05  1.55401840E-02  9.52550000E-04
2001-12-23T10:34:35.931 -1.77801800E-03  1.45512630E-02  1.32371000E-04
2001-12-23T10:34:36.927 -1.67226000E-04  1.55024570E-02  5.37772000E-04
2001-12-23T10:34:37.924  2.00574000E-04  1.60777490E-02 -5.60005000E-04
2001-12-23T10:34:38.927  6.77909000E-04  1.65932480E-02 -6.94945000E-04
2001-12-23T10:34:39.927 -3.03202000E-04  1.54606860E-02 -4.01206000E-04
2001-12-23T10:34:40.935 -7.87052000E-04  1.46638970E-02  2.75742000E-04
2001-12-23T10:34:41.927 -8.44816000E-04  1.36722720E-02  5.43409000E-04
2001-12-23T10:34:42.927 -1.44264600E-03  1.45222080E-02  1.08436300E-03
2001-12-23T10:34:43.927 -8.61823000E-04  1.47391520E-02  1.28736300E-03
2001-12-23T10:34:44.927 -2.71886000E-04  1.57082710E-02  2.78591000E-04
2001-12-23T10:34:45.927  4.38451000E-04  1.53948860E-02  1.11762000E-04
2001-12-23T10:34:46.927  4.86656000E-04  1.53505480E-02  2.57120000E-04
2001-12-23T10:34:47.927  1.05333100E-03  1.54642500E-02 -1.15103600E-03
2001-12-23T10:34:48.927  1.26305000E-03  1.52237350E-02  2.04016000E-04
2001-12-23T10:34:49.923 -7.67378000E-04  1.43884650E-02  1.12083500E-03
2001-12-23T10:34:50.927 -1.22400100E-03  1.34131260E-02  8.73901000E-04
2001-12-23T10:34:51.931  4.18986000E-04  1.41426660E-02  7.51259000E-04
2001-12-23T10:34:52.927  7.07398000E-04  1.48486070E-02  9.14310000E-05
2001-12-23T10:34:53.923 -1.98009300E-03  1.33947370E-02 -8.96086000E-04
2001-12-23T10:34:54.927  5.99736000E-04  1.39792460E-02  2.07732000E-04
2001-12-23T10:34:55.927 -9.87456000E-04  1.22252690E-02 -1.97709000E-04
2001-12-23T10:34:56.935  2.22788000E-04  1.35328290E-02  1.45213000E-04
2001-12-23T10:34:57.927 -1.37475200E-03  1.16077940E-02  1.37324200E-03
2001-12-23T10:34:58.927  1.13101300E-03  1.32480830E-02  7.52731000E-04
2001-12-23T10:34:59.927 -1.45143200E-03  1.20114720E-02  5.99800000E-04
2001-12-23T10:35:00.927  7.06612000E-04  1.32931280E-02 -3.09080000E-05
2001-12-23T10:35:01.923  4.97991000E-04  1.20730890E-02  4.98734000E-04
2001-12-23T10:35:02.927 -8.08548000E-04  1.07718090E-02 -6.34938000E-04
2001-12-23T10:35:03.927 -1.43117300E-03  1.07037830E-02  7.73989000E-04
2001-12-23T10:35:04.927  8.85715000E-04  1.20241220E-02  2.80481000E-04
2001-12-23T10:35:05.923  9.64523000E-04  1.18461570E-02  1.61639900E-03
2001-12-23T10:35:06.927 -5.10910000E-04  1.07511050E-02  9.63353000E-04
2001-12-23T10:35:07.931  8.61621000E-04  1.21716170E-02  8.84868000E-04
2001-12-23T10:35:08.927  1.32843500E-03  1.16100710E-02 -3.18520000E-04
2001-12-23T10:35:09.923 -1.56398000E-04  1.11789540E-02  3.47745000E-04
2001-12-23T10:35:10.927 -1.11756400E-03  1.00301590E-02 -4.28438000E-04
2001-12-23T10:35:11.927 -1.14846400E-03  8.45462600E-03  8.06949000E-04
2001-12-23T10:35:12.931 -6.57050000E-04  9.81056200E-03  4.45554000E-04
2001-12-23T10:35:13.923  3.50427000E-04  1.06641990E-02  1.54456800E-03
2001-12-23T10:35:14.923  7.45527000E-04  9.72245300E-03 -4.41408000E-04
2001-12-23T10:35:15.927 -1.13185300E-03  9.21219200E-03 -1.33587000E-04
2001-12-23T10:35:16.931 -5.13028000E-04  9.31024800E-03  3.43509000E-04
2001-12-23T10:35:17.923  7.14614000E-04  1.00564310E-02 -7.56730000E-05
2001-12-23T10:35:18.927 -1.58969300E-03  8.48176800E-03  5.57487000E-04
2001-12-23T10:35:19.927 -2.49430000E-04  8.94489400E-03  4.00923000E-04
2001-12-23T10:35:20.927  1.06355900E-03  1.01079760E-02  7.70303000E-04
2001-12-23T10:35:21.923 -7.07847000E-04  9.12317200E-03 -6.81093000E-04
2001-12-23T10:35:22.927 -5.47834000E-04  8.88035600E-03  5.56502000E-04
2001-12-23T10:35:23.931  5.50798000E-04  8.99517200E-03 -4.97016000E-04
2001-12-23T10:35:24.927 -2.24155000E-04  8.11332900E-03 -2.37243000E-04
2001-12-23T10:35:25.923  1.04817100E-03  8.81435100E-03  1.03936000E-04
2001-12-23T10:35:26.927 -3.89105000E-04  8.14999500E-03  6.93853000E-04
2001-12-23T10:35:27.927 -8.87381000E-04  7.51479200E-03  5.98215000E-04
2001-12-23T10:35:28.931 -9.55900000E-06  9.28329700E-03 -6.80885000E-04
2001-12-23T10:35:29.923 -1.03217500E-03  7.71042800E-03  1.84216000E-04
2001-12-23T10:35:30.923  4.12400000E-04  9.22399600E-03 -1.60608000E-04
2001-12-23T10:35:31.927 -1.16149900E-03  7.73118300E-03  1.62774000E-04
2001-12-23T10:35:32.927 -9.49022000E-04  8.02754100E-03 -5.43700000E-05
2001-12-23T10:35:33.923  9.88867000E-04  8.14066300E-03  1.59591000E-04
2001-12-23T10:35:34.927  2.16854000E-04  7.41090600E-03  2.68602000E-04
2001-12-23T10:35:35.927 -2.06922000E-04  6.09157200E-03  4.52659000E-04
2001-12-23T10:35:36.927 -1.39527000E-03  6.13903500E-03  9.58403000E-04
2001-12-23T10:35:37.923 -1.13028300E-03  6.04205300E-03  3.30742000E-04
2001-12-23T10:35:38.927  4.43496000E-04  6.25316500E-03  2.67328000E-04
2001-12-23T10:35:39.931  2.33130000E-04  7.70867500E-03 -8.27351000E-04
2001-12-23T10:35:40.927  5.76730000E-05  8.51555800E-03  8.39640000E-05
2001-12-23T10:35:41.923  5.08070000E-04  7.10530000E-03  1.01221600E-03
2001-12-23T10:35:42.927  1.60422000E-04  6.64687900E-03  1.96513000E-04
2001-12-23T10:35:43.927 -7.06019000E-04  7.05685900E-03  1.09861000E-03
2001-12-23T10:35:44.931 -1.39775000E-04  6.26481600E-03  7.96710000E-04
2001-12-23T10:35:45.923 -5.32682000E-04  6.48662000E-03 -1.81029000E-04
2001-12-23T10:35:46.923 -1.17231100E-03  6.68036100E-03 -5.03357000E-04
2001-12-23T10:35:47.927 -4.66069000E-04  5.85231400E-03  4.10061000E-04
2001-12-23T10:35:48.927 -1.08839400E-03  6.07664500E-03 -2.62820000E-04
2001-12-23T10:35:49.923 -4.11372000E-04  5.63517800E-03 -5.11950000E-04
2001-12-23T10:35:50.935 -3.56016000E-04  6.63300200E-03 -4.73822000E-04
2001-12-23T10:35:51.927  8.02992000E-04  6.04307900E-03  4.65101000E-04
2001-12-23T10:35:52.927  3.66311000E-04  7.17192700E-03 -2.74690000E-04
2001-12-23T10:35:53.923  1.44844700E-03  6.93010700E-03  1.66492000E-04
2001-12-23T10:35:54.927  7.95950000E-04  7.21245800E-03  8.79237000E-04
2001-12-23T10:35:55.935 -8.78014000E-04  5.28832900E-03 -3.11160000E-05
2001-12-23T10:35:56.927 -8.08543000E-04  6.03160500E-03 -3.16657000E-04
2001-12-23T10:35:57.923 -1.12731700E-03  5.03249800E-03  2.93739000E-04
2001-12-23T10:35:58.927 -1.29466800E-03  5.18467100E-03 -2.55131000E-04
2001-12-23T10:35:59.927 -8.14088000E-04  5.85253100E-03  1.11953000E-04
2001-12-23T10:36:00.931  4.73117000E-04  5.75859600E-03 -3.57551000E-04
2001-12-23T10:36:01.923  2.73970000E-04  6.66222400E-03  5.27462000E-04
2001-12-23T10:36:02.923  1.03693300E-03  5.53708800E-03 -4.56894000E-04
2001-12-23T10:36:03.927 -1.21384300E-03  4.76683700E-03 -7.79049000E-04
2001-12-23T10:36:04.927 -6.48146000E-04  5.30789000E-03  5.96486000E-04
2001-12-23T10:36:05.923  4.36290000E-04  6.07512800E-03 -3.41076000E-04
2001-12-23T10:36:06.927  1.65217000E-03  5.64916200E-03 -5.74810000E-04
2001-12-23T10:36:07.927 -1.91839100E-03  4.43463600E-03  1.04046000E-04
2001-12-23T10:36:08.927 -1.08131000E-03  5.43807500E-03  9.21275000E-04
2001-12-23T10:36:09.923  2.43117000E-04  5.74796800E-03  2.82553000E-04
2001-12-23T10:36:10.927  3.41203000E-04  5.04639100E-03 -1.28042100E-03
2001-12-23T10:36:11.931 -2.76115000E-04  3.67613800E-03 -4.52131000E-04
2001-12-23T10:36:12.927  7.46541000E-04  5.57095700E-03  5.64203000E-04
2001-12-23T10:36:13.927 -7.06681000E-04  3.47476200E-03  1.89347900E-03
2001-12-23T10:36:14.927  1.68371000E-04  4.39452800E-03  1.16973700E-03
2001-12-23T10:36:15.927  5.82722000E-04  4.83608400E-03  1.10192500E-03
2001-12-23T10:36:16.931 -6.90680000E-04  3.98535000E-03  2.25247000E-04
2001-12-23T10:36:17.923  5.08756000E-04  6.28366400E-03 -1.72647000E-04
2001-12-23T10:36:18.923 -1.09237400E-03  4.31918700E-03 -7.75414000E-04
2001-12-23T10:36:19.927 -5.47389000E-04  5.40818000E-03  6.59260000E-04
2001-12-23T10:36:20.927 -8.11346000E-04  5.13118300E-03  1.48288400E-03
2001-12-23T10:36:21.923 -1.01985800E-03  5.16961100E-03  7.87691000E-04
2001-12-23T10:36:22.927  6.43569000E-04  5.93863000E-03  3.43700000E-04
2001-12-23T10:36:23.927 -2.76855000E-04  3.82479900E-03  8.20204000E-04
2001-12-23T10:36:24.927  1.38449000E-04  4.28414000E-03 -3.17397000E-04
2001-12-23T10:36:25.923 -4.23199000E-04  4.12987900E-03 -2.38628000E-04
2001-12-23T10:36:26.927  2.29073000E-04  3.15907400E-03 -1.86669000E-04
2001-12-23T10:36:27.931  1.11090500E-03  3.54487800E-03  5.17329000E-04
2001-12-23T10:36:28.927 -1.28578600E-03  2.57270400E-03  1.06985600E-03
2001-12-23T10:36:29.923  3.71471000E-04  4.81735600E-03  6.23206000E-04
2001-12-23T10:36:30.927  5.01800000E-05  3.22058100E-03  3.76590000E-04
2001-12-23T10:36:31.927 -4.36389000E-04  2.54607100E-03 -1.46801000E-04
2001-12-23T10:36:32.931  9.29611000E-04  4.41577800E-03 -9.68480000E-04
2001-12-23T10:36:33.923 -5.56563000E-04  3.74820900E-03 -2.65266000E-04
2001-12-23T10:36:34.923 -2.15107000E-04  3.64545300E-03  1.97868000E-04
2001-12-23T10:36:35.927  1.43831600E-03  3.70275100E-03 -3.25580000E-05
2001-12-23T10:36:36.927 -2.08297000E-04  3.93851300E-03  6.09447000E-04
2001-12-23T10:36:37.923 -6.75782000E-04  3.04548000E-03  7.46636000E-04
2001-12-23T10:36:38.927  6.51146000E-04  2.98635600E-03 -9.67715000E-04
2001-12-23T10:36:39.927  4.89702000E-04  4.06731900E-03 -6.35710000E-04
2001-12-23T10:36:40.927  1.20211000E-03  2.66946200E-03 -3.04553000E-04
2001-12-23T10:36:41.923 -7.73317000E-04  2.90160000E-03 -4.13912000E-04
2001-12-23T10:36:42.927 -8.10251000E-04  1.75221000E-03  1.39459000E-04
2001-12-23T10:36:43.931  7.66500000E-06  2.33449100E-03  7.96795000E-04
2001-12-23T10:36:44.927  7.02738000E-04  4.38102600E-03  4.32061000E-04
2001-12-23T10:36:45.923  1.12821400E-03  3.05018700E-03 -3.50883000E-04
2001-12-23T10:36:46.927 -4.09974000E-04  3.80066200E-03 -8.89424000E-04
2001-12-23T10:36:47.927  2.50049000E-04  1.79404300E-03 -2.69480000E-05
2001-12-23T10:36:48.931 -1.37386000E-03  2.54658800E-03 -3.97839000E-04
2001-12-23T10:36:49.923 -8.98680000E-04  1.08683800E-03  4.24566000E-04
2001-12-23T10:36:50.923 -1.06493700E-03  1.86091500E-03  1.32593600E-03
2001-12-23T10:36:51.927 -1.13872500E-03  1.39585200E-03  7.32837000E-04
2001-12-23T10:36:52.927  6.66042000E-04  2.29892200E-03 -1.22828200E-03
2001-12-23T10:36:53.923 -4.11851000E-04  3.20742000E-03 -1.50939000E-04
2001-12-23T10:36:54.927  1.16337000E-03  2.35820900E-03 -6.79249000E-04
2001-12-23T10:36:55.927  3.50242000E-04  4.06344700E-03  3.95050000E-05
2001-12-23T10:36:56.927  1.03479100E-03  2.96592800E-03 -1.40510000E-04
2001-12-23T10:36:57.923  6.62967000E-04  2.84162200E-03 -1.88420000E-05
2001-12-23T10:36:58.927  3.09414000E-04  3.31354600E-03  2.80107000E-04
2001-12-23T10:36:59.931  1.00020600E-03  2.34682100E-03  3.09382000E-04
2001-12-23T10:37:00.927  3.45105000E-04  1.62867500E-03  1.39816300E-03
2001-12-23T10:37:01.923 -5.92510000E-05  2.91817700E-03 -3.54037000E-04
2001-12-23T10:37:02.927 -6.97530000E-05  1.52078700E-03 -1.47743000E-04
2001-12-23T10:37:03.927 -4.92313000E-04  1.04290300E-03 -2.43100000E-04
2001-12-23T10:37:04.935 -6.10712000E-04  6.13816000E-04 -3.43369000E-04
2001-12-23T10:37:05.923 -1.71223800E-03  1.41757800E-03  1.32048000E-04
2001-12-23T10:37:06.923 -3.76743000E-04  1.20894700E-03  3.32371000E-04
2001-12-23T10:37:07.927  6.73595000E-04  1.35794600E-03  4.15880000E-05
2001-12-23T10:37:08.927  1.39528800E-03  1.75617200E-03 -3.51215000E-04
2001-12-23T10:37:09.923  1.55384000E-04  9.33269000E-04  9.86190000E-05
2001-12-23T10:37:10.927 -1.30746100E-03  6.74699000E-04 -1.72240000E-04
2001-12-23T10:37:11.927 -1.12518000E-03  9.28712000E-04 -3.90607000E-04
2001-12-23T10:37:12.927  4.53135000E-04  1.65427400E-03  1.61039000E-04
2001-12-23T10:37:13.923  5.00950000E-04  2.12199900E-03  4.54510000E-04
2001-12-23T10:37:14.927 -1.49455500E-03  6.75670000E-04  1.79651000E-04
2001-12-23T10:37:15.931 -1.12817900E-03  1.26861700E-03  7.26754000E-04
2001-12-23T10:37:16.927  4.01648000E-04  2.00200800E-03  2.38750000E-05
2001-12-23T10:37:17.923 -3.44000000E-07  1.54549600E-03 -1.93820000E-04
2001-12-23T10:37:18.927 -9.84958000E-04  3.54965000E-04  3.96982000E-04
2001-12-23T10:37:19.927 -3.25748000E-04  1.78359100E-03 -5.22672000E-04
2001-12-23T10:37:20.931 -1.18650000E-05  1.39187600E-03  3.89147000E-04
2001-12-23T10:37:21.923 -1.68810800E-03  3.17264000E-04  1.25751600E-03
2001-12-23T10:37:22.923 -3.52636000E-04  1.45648800E-03  6.05414000E-04
2001-12-23T10:37:23.927 -2.24800000E-05  9.79698000E-04 -4.50682000E-04
2001-12-23T10:37:24.927 -1.73751400E-03  5.04123000E-04 -1.36825000E-04
2001-12-23T10:37:25.923  2.00825000E-04  9.37624000E-04 -5.34892000E-04
2001-12-23T10:37:26.927 -9.58460000E-05  1.60638000E-03  2.17728000E-04
2001-12-23T10:37:27.927 -1.70789100E-03  2.45881000E-04 -4.07193000E-04
2001-12-23T10:37:28.927 -6.40465000E-04  1.53554500E-03  3.24993000E-04
2001-12-23T10:37:29.923 -5.15220000E-05  6.57874000E-04  3.95680000E-04
2001-12-23T10:37:30.927 -1.26622000E-03 -2.65897000E-04  1.49388400E-03
2001-12-23T10:37:31.931  8.18430000E-04  8.20214000E-04  6.72166000E-04
2001-12-23T10:37:32.927  3.72367000E-04 -4.38657000E-04 -1.21732500E-03
2001-12-23T10:37:33.923  1.50793000E-04 -2.79776000E-04 -2.37686000E-04
2001-12-23T10:37:34.927  1.23320000E-03  1.15967100E-03 -8.61147000E-04
2001-12-23T10:37:35.923 -7.33137000E-04 -4.22140000E-05  4.29879000E-04
2001-12-23T10:37:36.931 -1.09280000E-05  5.50023000E-04 -3.97088000E-04
2001-12-23T10:37:37.923  2.47109000E-04  1.43345600E-03  5.81413000E-04
2001-12-23T10:37:38.923 -1.96506000E-03  5.07068000E-04  8.89000000E-07
2001-12-23T10:37:39.923  2.12204000E-04  1.27765600E-03 -1.81604000E-04
2001-12-23T10:37:40.927  6.78200000E-05  8.64211000E-04 -7.79600000E-05
2001-12-23T10:37:41.923  2.19850000E-04 -2.34490000E-05  1.81200000E-04
2001-12-23T10:37:42.927  8.76421000E-04 -1.27292000E-04 -4.07950000E-04
2001-12-23T10:37:43.927 -8.31400000E-04 -5.17000000E-04  6.52079000E-04
2001-12-23T10:37:44.927  9.00609000E-04  9.48096000E-04  7.65007000E-04
2001-12-23T10:37:45.923 -7.68813000E-04  1.88586000E-04 -3.22229000E-04
2001-12-23T10:37:46.927 -2.78534000E-04  9.41040000E-04  2.23507000E-04
2001-12-23T10:37:47.931  2.42351000E-04  1.02272900E-03 -8.85328000E-04
2001-12-23T10:37:48.927 -1.72634000E-04  4.98610000E-05 -1.05453700E-03
2001-12-23T10:37:49.923  1.56714500E-03  5.96421000E-04 -3.53420000E-04
2001-12-23T10:37:50.927 -4.33368000E-04 -9.98812000E-04 -4.50307000E-04
2001-12-23T10:37:51.923  1.11605700E-03  1.20697700E-03  6.12349000E-04
2001-12-23T10:37:52.931 -8.42020000E-04  2.23440000E-04 -3.43915000E-04
2001-12-23T10:37:53.923 -3.63765000E-04  1.27977500E-03  6.47021000E-04
2001-12-23T10:37:54.923  5.26760000E-05 -5.13529000E-04 -7.04326000E-04
2001-12-23T10:37:55.923  4.67659000E-04 -8.13691000E-04 -2.80360000E-04
2001-12-23T10:37:56.927  1.73126000E-03  4.08520000E-04 -7.02241000E-04
2001-12-23T10:37:57.923 -4.45592000E-04 -2.09442000E-04 -9.97290000E-04
2001-12-23T10:37:58.931  4.62905000E-04  1.79217300E-03  4.27970000E-04
2001-12-23T10:37:59.927 -1.22506400E-03 -4.37477000E-04  1.49615000E-04
2001-12-23T10:38:00.927  6.72411000E-04  6.41113000E-04  5.18486000E-04
2001-12-23T10:38:01.923 -2.96553000E-04 -5.31163000E-04  1.67779000E-04
2001-12-23T10:38:02.927  8.31208000E-04 -2.89036000E-04  3.98371000E-04
2001-12-23T10:38:03.931  2.55680000E-04  6.86666000E-04  4.06558000E-04
2001-12-23T10:38:04.927 -8.26327000E-04  4.68262000E-04 -9.22400000E-05
2001-12-23T10:38:05.923  6.87893000E-04  2.15244300E-03 -1.28904200E-03
2001-12-23T10:38:06.927 -5.48188000E-04 -4.99207000E-04 -6.28013000E-04
2001-12-23T10:38:07.923  1.08936000E-03  7.99796000E-04  8.46288000E-04
2001-12-23T10:38:08.931 -1.06846800E-03 -1.27220500E-03  4.67913000E-04
2001-12-23T10:38:09.923  3.49312000E-04  9.48331000E-04 -2.39152000E-04
2001-12-23T10:38:10.923 -1.23681500E-03 -1.36000000E-07 -6.90586000E-04
2001-12-23T10:38:11.923  4.85487000E-04  2.50797000E-04  5.12380000E-05
2001-12-23T10:38:12.927  1.32916000E-04 -2.93074000E-04  3.74307000E-04
2001-12-23T10:38:13.923  2.92323000E-04 -6.90993000E-04 -6.73637000E-04
2001-12-23T10:38:14.927 -1.38450000E-05  2.20834000E-04 -2.49982000E-04
2001-12-23T10:38:15.927 -6.33291000E-04 -5.72160000E-05  5.10203000E-04
2001-12-23T10:38:16.927 -9.37900000E-06  1.23688800E-03  6.79819000E-04
2001-12-23T10:38:17.923 -1.17644400E-03 -4.35044000E-04  4.50137000E-04
2001-12-23T10:38:18.927  1.45083500E-03  6.17654000E-04 -1.37760000E-05
2001-12-23T10:38:19.931 -8.06493000E-04 -1.31079900E-03 -8.36310000E-04
2001-12-23T10:38:20.927  5.61719000E-04  7.90237000E-04 -4.93644000E-04
2001-12-23T10:38:21.923 -1.89225500E-03  6.70210000E-05 -1.46671900E-03
2001-12-23T10:38:22.927  7.19970000E-05  6.56682000E-04  1.06542000E-04
2001-12-23T10:38:23.923  3.22487000E-04 -1.19326000E-04 -1.82017000E-04
2001-12-23T10:38:24.931 -8.69040000E-05 -1.39935000E-04  1.19455000E-04
2001-12-23T10:38:25.923  5.33086000E-04  5.34076000E-04  4.46344000E-04
2001-12-23T10:38:26.923 -7.87106000E-04  7.69420000E-05  7.63458000E-04
2001-12-23T10:38:27.923 -5.31030000E-04  6.67951000E-04  1.61529000E-04
2001-12-23T10:38:28.927 -4.03667000E-04 -6.78617000E-04 -8.06134000E-04
2001-12-23T10:38:29.923  4.92549000E-04 -5.75831000E-04 -1.06811300E-03
2001-12-23T10:38:30.927 -4.35161000E-04 -1.07664700E-03 -7.25533000E-04
2001-12-23T10:38:31.927  8.22016000E-04  1.27227500E-03  1.18424000E-04
2001-12-23T10:38:32.927 -1.31147200E-03 -2.23186000E-04  4.21756000E-04
2001-12-23T10:38:33.923  6.45283000E-04  5.80533000E-04 -2.98032000E-04
2001-12-23T10:38:34.927 -3.79679000E-04 -1.16788400E-03  3.30385000E-04
2001-12-23T10:38:35.931  2.97621000E-04  2.51999000E-04 -4.39938000E-04
2001-12-23T10:38:36.927 -3.16219000E-04  3.33912000E-04 -5.52808000E-04
2001-12-23T10:38:37.923 -8.75154000E-04  5.20314000E-04 -5.75064000E-04
2001-12-23T10:38:38.927  3.05591000E-04 -2.07820000E-05 -2.84192000E-04
2001-12-23T10:38:39.923 -2.07304000E-04 -6.64444000E-04  7.53003000E-04
2001-12-23T10:38:40.931  5.51978000E-04  2.41249000E-04  3.39167000E-04
2001-12-23T10:38:41.923 -2.92681000E-04 -4.26510000E-04  3.20717000E-04
2001-12-23T10:38:42.923  2.12618000E-04  1.59988200E-03 -8.54020000E-05
2001-12-23T10:38:43.927 -1.06805200E-03 -3.32675000E-04  3.33709000E-04
2001-12-23T10:38:44.927  1.97348800E-03  3.87260000E-04 -9.52686000E-04
2001-12-23T10:38:45.923 -4.68540000E-04 -1.22980100E-03 -4.10362000E-04
2001-12-23T10:38:46.927  6.46856000E-04  5.99252000E-04  7.97830000E-04
2001-12-23T10:38:47.927 -1.24376500E-03 -4.83370000E-05  2.13435000E-04
2001-12-23T10:38:48.927  1.09377000E-04  1.58260100E-03  4.07991000E-04
2001-12-23T10:38:49.923 -7.86624000E-04 -2.53992000E-04  4.85353000E-04
2001-12-23T10:38:50.927  7.80495000E-04  1.41334000E-04  8.51291000E-04
2001-12-23T10:38:51.931 -7.41692000E-04 -8.78011000E-04  3.83686000E-04
2001-12-23T10:38:52.927 -2.22682000E-04  9.56395000E-04 -2.49780000E-04
2001-12-23T10:38:53.923 -9.11475000E-04  4.91464000E-04 -1.25782300E-03
2001-12-23T10:38:54.927  2.74140000E-04 -1.45980000E-05  3.37028000E-04
2001-12-23T10:38:55.923 -5.23605000E-04 -7.63201000E-04  9.69602000E-04
2001-12-23T10:38:56.931  1.76240000E-04 -4.78636000E-04  6.08478000E-04
2001-12-23T10:38:57.923 -3.72250000E-05  2.48765000E-04  4.35477000E-04
2001-12-23T10:38:58.923 -1.13562700E-03  6.81823000E-04  5.27846000E-04
2001-12-23T10:38:59.923 -4.91932000E-04  9.57831000E-04 -3.03884000E-04
2001-12-23T10:39:00.927 -2.75449000E-04 -1.82759000E-04 -8.71932000E-04
2001-12-23T10:39:01.923  1.44138800E-03  5.59632000E-04  4.05380000E-05
2001-12-23T10:39:02.927 -8.41348000E-04 -8.82122000E-04 -4.05389000E-04
2001-12-23T10:39:03.927  5.44313000E-04  8.80501000E-04  2.67516000E-04
2001-12-23T10:39:04.927 -9.31028000E-04 -4.91055000E-04  1.25246000E-04
2001-12-23T10:39:05.923  7.40182000E-04  6.28578000E-04 -2.35566000E-04
2001-12-23T10:39:06.927 -8.71392000E-04 -9.22039000E-04 -7.98297000E-04
2001-12-23T10:39:07.931  8.81224000E-04  1.02906000E-04  2.88359000E-04
2001-12-23T10:39:08.927 -9.31165000E-04 -2.07854000E-04 -1.07665300E-03
2001-12-23T10:39:09.923 -9.35340000E-05  8.50709000E-04 -1.39256000E-04
2001-12-23T10:39:10.927 -8.19385000E-04  7.78260000E-05 -2.36119000E-04
2001-12-23T10:39:11.923  7.46298000E-04 -4.09932000E-04  4.04233000E-04
2001-12-23T10:39:12.931  6.38680000E-05 -5.88881000E-04 -1.90926000E-04
2001-12-23T10:39:13.923 -3.76404000E-04  7.14355000E-04  1.33431400E-03
2001-12-23T10:39:14.923 -3.91724000E-04  3.21740000E-04  5.59773000E-04
2001-12-23T10:39:15.923  2.16186000E-04 -4.27779000E-04 -7.55140000E-05
2001-12-23T10:39:16.927  7.92241000E-04  1.04196000E-04 -4.98445000E-04
2001-12-23T10:39:17.923 -1.10025000E-04 -4.78436000E-04 -8.25042000E-04
2001-12-23T10:39:18.927  4.70849000E-04  5.75036000E-04 -2.89071000E-04
2001-12-23T10:39:19.927 -1.03712700E-03  2.48735000E-04  3.77058000E-04
2001-12-23T10:39:20.927  2.29243000E-04  9.37840000E-04  8.48764000E-04
2001-12-23T10:39:21.923 -1.65425000E-04 -9.29094000E-04  7.38172000E-04
2001-12-23T10:39:22.927  1.69474900E-03  3.05537000E-04  6.08878000E-04
2001-12-23T10:39:23.931 -1.29727600E-03 -6.46755000E-04 -9.40195000E-04
2001-12-23T10:39:24.927  4.53795000E-04  1.72094800E-03 -4.41678000E-04
2001-12-23T10:39:25.923 -6.59980000E-04 -4.42528000E-04  6.91501000E-04
2001-12-23T10:39:26.927  1.32946800E-03  1.97989000E-04 -1.65039000E-04
2001-12-23T10:39:27.923 -6.49686000E-04 -1.17407100E-03 -1.49257000E-04
2001-12-23T10:39:28.931  5.89940000E-04  1.32498500E-03  2.29325000E-04
2001-12-23T10:39:29.923 -7.94293000E-04 -8.25750000E-05  3.71850000E-04
2001-12-23T10:39:30.923  6.02273000E-04  4.07736000E-04  1.85880000E-05
2001-12-23T10:39:31.923 -1.63426000E-04 -5.77530000E-04  1.11068100E-03
2001-12-23T10:39:32.927  7.56674000E-04 -2.26453000E-04 -2.35670000E-05
2001-12-23T10:39:33.923 -2.55350000E-05  3.62629000E-04 -4.73789000E-04
2001-12-23T10:39:34.927 -8.34731000E-04  5.21863000E-04 -1.05831000E-04
2001-12-23T10:39:35.927 -4.26272000E-04  7.73380000E-04  2.97940000E-05
2001-12-23T10:39:36.927 -2.94048000E-04 -3.23761000E-04 -8.26819000E-04
2001-12-23T10:39:37.923  4.82390000E-04 -2.79463000E-04  1.09973400E-03
2001-12-23T10:39:38.927 -3.86931000E-04 -3.31696000E-04  1.56448500E-03
2001-12-23T10:39:39.931 -1.27421000E-04  1.10380100E-03  1.90222000E-04
2001-12-23T10:39:40.927 -8.26791000E-04 -4.20308000E-04 -6.96546000E-04
2001-12-23T10:39:41.923  1.30932500E-03  4.82433000E-04  1.80747000E-04
2001-12-23T10:39:42.927 -6.29975000E-04 -1.22955600E-03 -5.11660000E-05
2001-12-23T10:39:43.923  7.85678000E-04  1.16162800E-03 -1.01139000E-03
2001-12-23T10:39:44.931 -4.44104000E-04  3.25371000E-04  4.31858000E-04
2001-12-23T10:39:45.923  7.06862000E-04  6.03279000E-04 -1.75246000E-04
2001-12-23T10:39:46.923  3.05330000E-05 -3.73640000E-04 -9.81440000E-05
2001-12-23T10:39:47.923  9.19194000E-04 -2.42759000E-04  5.73927000E-04
2001-12-23T10:39:48.927 -2.75715000E-04 -1.03019000E-04  4.38414000E-04
2001-12-23T10:39:49.923 -5.34940000E-04  8.32711000E-04 -3.17762000E-04
2001-12-23T10:39:50.927  1.38549700E-03  1.22268500E-03 -6.43487000E-04
2001-12-23T10:39:51.927  1.66700000E-05 -8.59307000E-04 -7.27442000E-04
2001-12-23T10:39:52.927  1.22181700E-03 -7.59000000E-07  1.16285900E-03
2001-12-23T10:39:53.923 -9.36905000E-04 -3.12858000E-04 -3.55410000E-04
2001-12-23T10:39:54.927 -1.52373000E-04  1.10453100E-03  6.75822000E-04
2001-12-23T10:39:55.931 -1.74008300E-03  3.10594000E-04  7.70567000E-04
2001-12-23T10:39:56.927  1.29141700E-03  5.17946000E-04 -4.28436000E-04
2001-12-23T10:39:57.923 -2.68387000E-04 -1.02765200E-03  4.15176000E-04
2001-12-23T10:39:58.927  1.12630100E-03  5.13129000E-04  5.81983000E-04
2001-12-23T10:39:59.923 -1.08297800E-03 -3.63851000E-04 -6.49580000E-04
2001-12-23T10:40:00.931  6.49672000E-04  9.98731000E-04 -1.11945400E-03
2001-12-23T10:40:01.923 -1.20074400E-03 -4.79595000E-04 -5.51067000E-04
2001-12-23T10:40:02.923  6.01129000E-04  1.67253000E-04  3.20996000E-04
2001-12-23T10:40:03.923 -4.44884000E-04 -1.32320700E-03  6.90416000E-04
2001-12-23T10:40:04.927  4.50140000E-04  5.30485000E-04 -2.75861000E-04
2001-12-23T10:40:05.923 -8.58778000E-04  2.48871000E-04 -7.86791000E-04
2001-12-23T10:40:06.931 -4.54490000E-05  6.60990000E-04 -2.62629000E-04
2001-12-23T10:40:07.927  3.45133000E-04 -7.36440000E-05 -3.49960000E-05
2001-12-23T10:40:08.927 -1.42548000E-04 -3.10684000E-04 -7.94041000E-04
2001-12-23T10:40:09.923  5.27490000E-05  5.66072000E-04  1.03899700E-03
2001-12-23T10:40:10.927 -9.85874000E-04 -1.68541000E-04  1.55016800E-03
2001-12-23T10:40:11.931  4.19792000E-04  8.61180000E-04  6.14973000E-04
2001-12-23T10:40:12.927 -8.83989000E-04 -1.08228700E-03 -3.21553000E-04
2001-12-23T10:40:13.923  1.68121100E-03  3.30309000E-04 -7.83565000E-04
2001-12-23T10:40:14.927 -9.97959000E-04 -5.75681000E-04 -4.86518000E-04
2001-12-23T10:40:15.923  3.15292000E-04  1.38161400E-03 -1.40070500E-03
2001-12-23T10:40:16.931 -2.94709000E-04 -1.06157000E-04 -2.42709000E-04
2001-12-23T10:40:17.923  6.67399000E-04 -2.31493000E-04 -2.41990000E-05
2001-12-23T10:40:18.923 -2.78513000E-04 -7.02515000E-04  8.63223000E-04
2001-12-23T10:40:19.923  3.04340000E-05  5.67200000E-05  1.04722000E-03
2001-12-23T10:40:20.927 -2.58575000E-04  1.53776400E-03 -1.50468000E-04
2001-12-23T10:40:21.923 -4.42903000E-04  4.03288000E-04 -8.44987000E-04
2001-12-23T10:40:22.927  6.61241000E-04 -7.33090000E-05 -3.31150000E-05
2001-12-23T10:40:23.927 -1.60902000E-04 -4.93365000E-04 -7.73198000E-04
2001-12-23T10:40:24.927  4.45725000E-04  5.05778000E-04 -1.44650000E-05
2001-12-23T10:40:25.923 -1.11363200E-03  9.02460000E-05 -1.43094000E-04
2001-12-23T10:40:26.927  6.31617000E-04  1.25183300E-03 -6.80085000E-04
2001-12-23T10:40:27.931 -1.30326800E-03 -4.35042000E-04 -1.25404000E-04
2001-12-23T10:40:28.927  1.21376600E-03  3.75830000E-04 -2.80592000E-04
2001-12-23T10:40:29.923 -1.08075600E-03 -9.39676000E-04  1.14880000E-04
2001-12-23T10:40:30.927  6.46580000E-04  7.59219000E-04  2.30465000E-04
2001-12-23T10:40:31.923 -1.59440000E-03 -7.06210000E-05  3.57074000E-04
2001-12-23T10:40:32.931  5.16406000E-04  6.68884000E-04  2.58755000E-04
2001-12-23T10:40:33.923 -1.57006000E-04 -5.31855000E-04 -1.30412000E-04
2001-12-23T10:40:34.923  8.52351000E-04 -6.22980000E-05  9.18133000E-04
2001-12-23T10:40:35.923 -1.06639000E-03 -4.25576000E-04 -1.34982000E-04
2001-12-23T10:40:36.927 -1.29405000E-04  6.08247000E-04 -1.19436000E-04
2001-12-23T10:40:37.923 -2.01352000E-04  3.55693000E-04 -5.02428000E-04
2001-12-23T10:40:38.927  9.44440000E-05 -7.65144000E-04 -4.14210000E-05
2001-12-23T10:40:39.927  6.38995000E-04  1.30055000E-04 -1.15463000E-04
2001-12-23T10:40:40.927 -4.80693000E-04 -3.68296000E-04 -6.23051000E-04
2001-12-23T10:40:41.923  5.97111000E-04  1.38116400E-03  3.66838000E-04
2001-12-23T10:40:42.927 -1.26647800E-03  1.30800000E-06 -4.28324000E-04
2001-12-23T10:40:43.931  7.21373000E-04  5.31079000E-04 -1.99406000E-04
2001-12-23T10:40:44.927 -7.87343000E-04 -1.23796100E-03  1.29439000E-04
2001-12-23T10:40:45.923  7.74632000E-04  9.56805000E-04 -1.79926000E-04
2001-12-23T10:40:46.927 -7.96817000E-04  3.04317000E-04 -1.22876600E-03
2001-12-23T10:40:47.923  7.79115000E-04  4.23936000E-04  4.11234000E-04
2001-12-23T10:40:48.931 -6.41343000E-04 -1.09650900E-03  1.19014500E-03
2001-12-23T10:40:49.923  9.07011000E-04 -1.28280000E-05  7.33328000E-04
2001-12-23T10:40:50.923 -3.17765000E-04 -1.12068200E-03 -7.07870000E-05
2001-12-23T10:40:51.923 -2.74013000E-04  5.70489000E-04  1.06024000E-04
2001-12-23T10:40:52.927 -3.54812000E-04  5.02419000E-04 -6.78510000E-04
2001-12-23T10:40:53.923  2.71920000E-05 -7.14102000E-04  1.12469000E-04
2001-12-23T10:40:54.927  1.46955800E-03  4.50150000E-05  5.43709000E-04
2001-12-23T10:40:55.927 -6.19549000E-04 -6.49659000E-04  8.01059000E-04
2001-12-23T10:40:56.927  1.24851000E-04  9.70779000E-04  9.41823000E-04
2001-12-23T10:40:57.923 -1.36359800E-03 -1.28409000E-04  9.15350000E-05
2001-12-23T10:40:58.927  1.22759600E-03  8.21597000E-04 -3.22896000E-04
2001-12-23T10:40:59.931  1.11101000E-04 -1.76008800E-03 -7.42305000E-04
2001-12-23T10:41:00.927  9.67946000E-04  1.01626100E-03 -2.20746000E-04
2001-12-23T10:41:01.923 -1.49210900E-03 -7.81703000E-04 -8.16863000E-04
2001-12-23T10:41:02.927  1.59520000E-04  1.61051200E-03 -1.26191000E-04
2001-12-23T10:41:03.923 -8.96691000E-04 -3.52979000E-04  9.74947000E-04
2001-12-23T10:41:04.931  1.18663800E-03  5.32000000E-07  1.03005700E-03
2001-12-23T10:41:05.923 -4.43054000E-04 -8.06811000E-04 -6.15764000E-04
2001-12-23T10:41:06.923  5.11848000E-04  3.60393000E-04  5.31192000E-04
2001-12-23T10:41:07.923 -1.23032100E-03 -8.78200000E-06  1.37176000E-04
2001-12-23T10:41:08.927 -2.19803000E-04  8.19539000E-04 -5.26278000E-04
2001-12-23T10:41:09.923  3.20847000E-04 -8.95004000E-04  9.04173000E-04
2001-12-23T10:41:10.927  3.53329000E-04 -4.66094000E-04  1.16565000E-04
2001-12-23T10:41:11.927 -2.31000000E-07  1.96762000E-04 -9.30177000E-04
2001-12-23T10:41:12.927 -5.53078000E-04  4.25968000E-04 -3.33017000E-04
2001-12-23T10:41:13.923 -4.42770000E-05  4.76605000E-04 -7.17186000E-04
2001-12-23T10:41:14.927 -1.07295400E-03  2.28329000E-04 -9.21003000E-04
2001-12-23T10:41:15.931  9.76086000E-04  2.12855000E-04  1.12278000E-04
2001-12-23T10:41:16.927 -4.15763000E-04 -8.52033000E-04  1.08795700E-03
2001-12-23T10:41:17.923  4.46989000E-04  1.42605200E-03  3.40581000E-04
2001-12-23T10:41:18.927 -1.01880600E-03  1.34040000E-05  1.78316000E-03
2001-12-23T10:41:19.923  9.69775000E-04  9.73591000E-04  2.14160000E-04
2001-12-23T10:41:20.931 -4.22147000E-04 -1.02259400E-03  2.97475000E-04
2001-12-23T10:41:21.923  9.93136000E-04 -5.52000000E-06  1.16025000E-04
2001-12-23T10:41:22.923 -2.34133000E-04  1.23503000E-04 -1.59827000E-04
2001-12-23T10:41:23.923 -7.13480000E-05  9.83731000E-04 -6.68283000E-04
2001-12-23T10:41:24.927 -8.70336000E-04  4.59543000E-04 -1.01949000E-04
2001-12-23T10:41:25.923  8.72500000E-05  3.21691000E-04  9.05521000E-04
2001-12-23T10:41:26.927  6.49218000E-04 -6.46100000E-05  8.65728000E-04
2001-12-23T10:41:27.927 -4.66022000E-04  8.85490000E-05  6.47424000E-04
2001-12-23T10:41:28.927  2.57180000E-04  4.56381000E-04  4.90728000E-04
2001-12-23T10:41:29.923 -1.00871500E-03  4.94093000E-04 -6.82491000E-04
2001-12-23T10:41:30.927  4.71150000E-04  4.35973000E-04 -3.23851000E-04
2001-12-23T10:41:31.931 -1.59095000E-04 -9.58814000E-04 -1.36131200E-03
2001-12-23T10:41:32.927  2.96230000E-04 -4.36037000E-04  5.76555000E-04
2001-12-23T10:41:33.923 -9.05585000E-04 -4.70538000E-04  2.80491000E-04
2001-12-23T10:41:34.927 -1.59130000E-05  1.31874500E-03  1.20016300E-03
2001-12-23T10:41:35.923 -1.24502300E-03  9.75980000E-05  4.61051000E-04
2001-12-23T10:41:36.931  1.49362200E-03  8.60758000E-04  6.35177000E-04
2001-12-23T10:41:37.923 -1.12871000E-04 -1.38691000E-03 -1.62700700E-03
2001-12-23T10:41:38.923  7.62726000E-04  1.07250900E-03  2.74193000E-04
2001-12-23T10:41:39.923 -1.05083100E-03  3.33608000E-04 -7.16614000E-04
2001-12-23T10:41:40.927  5.18076000E-04  1.00878400E-03  4.68571000E-04
2001-12-23T10:41:41.923 -7.59257000E-04 -5.33134000E-04  8.12623000E-04
2001-12-23T10:41:42.927  9.63675000E-04  3.87892000E-04 -2.25748000E-04
2001-12-23T10:41:43.927 -1.30273400E-03 -1.05914800E-03  1.37282000E-04
2001-12-23T10:41:44.927  1.49234000E-04  9.49148000E-04  7.25240000E-05
2001-12-23T10:41:45.923 -6.02746000E-04  3.60546000E-04 -8.09389000E-04
2001-12-23T10:41:46.927  3.36366000E-04 -4.78110000E-05 -8.46174000E-04
2001-12-23T10:41:47.931  6.17442000E-04 -7.40320000E-05  4.98143000E-04
2001-12-23T10:41:48.927  2.04726000E-04  1.99155000E-04  4.58974000E-04
2001-12-23T10:41:49.923 -4.04076000E-04  5.11776000E-04  4.56422000E-04
2001-12-23T10:41:50.927 -1.00531800E-03  5.99134000E-04  5.01220000E-05
2001-12-23T10:41:51.923  8.16671000E-04  9.94552000E-04  3.93436000E-04
2001-12-23T10:41:52.931 -1.56481000E-04 -8.67778000E-04  5.92530000E-04
2001-12-23T10:41:53.923  5.61930000E-04  3.69065000E-04 -5.66439000E-04
2001-12-23T10:41:54.923 -9.66110000E-04 -4.88968000E-04  1.47757000E-04
2001-12-23T10:41:55.923  6.02441000E-04  1.15098700E-03  6.48536000E-04
2001-12-23T10:41:56.927 -1.06248600E-03 -2.62059000E-04 -3.51092000E-04
2001-12-23T10:41:57.923  9.49969000E-04  8.04481000E-04  2.67794000E-04
2001-12-23T10:41:58.927 -5.20708000E-04 -9.30196000E-04 -1.35458800E-03
2001-12-23T10:41:59.927  5.80253000E-04  8.31976000E-04 -7.78267000E-04
2001-12-23T10:42:00.927 -1.17564200E-03  4.64943000E-04 -3.37710000E-05
2001-12-23T10:42:01.923  3.97492000E-04  2.86327000E-04  5.88126000E-04
2001-12-23T10:42:02.927 -7.76664000E-04 -9.49862000E-04  3.28836000E-04
2001-12-23T10:42:03.931  7.43952000E-04  1.74295000E-04  7.92039000E-04
2001-12-23T10:42:04.927 -5.97084000E-04 -3.25272000E-04 -2.66523000E-04
2001-12-23T10:42:05.923  4.40344000E-04  5.44250000E-05  1.75630000E-04
2001-12-23T10:42:06.927 -1.24451300E-03  1.81679000E-04 -6.23047000E-04
2001-12-23T10:42:07.923  2.01906000E-04  1.27388000E-04  1.00349000E-04
2001-12-23T10:42:08.931  1.34240000E-03 -4.03706000E-04 -1.07501700E-03
2001-12-23T10:42:09.923 -6.99240000E-05 -3.51116000E-04 -3.88146000E-04
2001-12-23T10:42:10.923 -2.78802000E-04  7.96691000E-04 -4.46967000E-04
2001-12-23T10:42:11.923 -8.54047000E-04 -3.16463000E-04  1.37582000E-04
2001-12-23T10:42:12.927  6.91861000E-04  7.85955000E-04  1.04923600E-03
2001-12-23T10:42:13.923 -4.72354000E-04 -1.23370300E-03  1.32689000E-04
2001-12-23T10:42:14.931  1.49753400E-03  5.50542000E-04  5.17209000E-04
2001-12-23T10:42:15.927 -1.13727800E-03 -3.89335000E-04 -4.86866000E-04
2001-12-23T10:42:16.927  5.37011000E-04  1.70524200E-03 -2.92141000E-04
2001-12-23T10:42:17.923 -7.19185000E-04 -1.29495200E-03  1.89909000E-04
2001-12-23T10:42:18.927  1.05424900E-03  9.22750000E-05  3.64540000E-05
2001-12-23T10:42:19.931 -4.97438000E-04 -1.02150600E-03  1.42132900E-03
2001-12-23T10:42:20.927  5.72809000E-04  7.00716000E-04  1.17264300E-03
2001-12-23T10:42:21.923 -1.24214200E-03  3.26536000E-04  2.53771000E-04
2001-12-23T10:42:22.927 -1.69125000E-04  8.21132000E-04 -3.39967000E-04
2001-12-23T10:42:23.923  6.49354000E-04 -1.12285000E-04 -3.25870000E-04
2001-12-23T10:42:24.931  5.44409000E-04 -6.72429000E-04 -6.62589000E-04
2001-12-23T10:42:25.923  7.47295000E-04 -6.43618200E-03  3.18827200E-03
2001-12-23T10:42:26.923  1.94498000E-03  6.55247000E-03  4.93098500E-03
2001-12-23T10:42:27.923 -3.44900400E-03  1.56060700E-03  4.76797700E-03
2001-12-23T10:42:28.927  8.69616000E-04  2.09368100E-03  2.97933600E-03
2001-12-23T10:42:29.923  1.98943800E-03 -5.21996500E-03  6.50422000E-04
2001-12-23T10:42:30.927  2.63800600E-03 -1.15481400E-03 -3.91299000E-04
2001-12-23T10:42:31.923  1.26012700E-03 -2.53093000E-04 -5.83024800E-03
2001-12-23T10:42:32.927 -4.01425700E-03  6.87884600E-03 -2.08039000E-03
2001-12-23T10:42:33.923  1.62248700E-03  5.34145600E-03  5.36270000E-04
2001-12-23T10:42:34.927  4.19595000E-04 -4.63503500E-03  2.38935900E-03
2001-12-23T10:42:35.927  5.28882500E-03 -2.36374000E-04  4.37750400E-03
2001-12-23T10:42:36.927 -7.14377900E-03 -6.26269000E-03 -1.40328500E-03
2001-12-23T10:42:37.923  3.66366900E-03  1.17060800E-02 -3.00898800E-03
2001-12-23T10:42:38.927 -1.11267190E-02 -2.12181100E-03 -6.97030100E-03
2001-12-23T10:42:39.923  8.14059000E-03  2.98107600E-03 -3.27248400E-03
2001-12-23T10:42:40.931 -4.10136300E-03 -1.19560500E-02 -2.62376000E-04
2001-12-23T10:42:41.923  6.48600400E-03  2.30182100E-03  3.17988100E-03
2001-12-23T10:42:42.923 -5.81027500E-03 -7.71273000E-04  4.04811700E-03
2001-12-23T10:42:43.923  1.72367200E-03  8.34248100E-03  3.04275400E-03
2001-12-23T10:42:44.927 -1.01421750E-02 -3.80333600E-03 -4.35355000E-04
2001-12-23T10:42:45.923  8.98394200E-03  1.34247600E-03 -7.98203000E-03
2001-12-23T10:42:46.927 -4.06425200E-03 -6.51738700E-03 -4.50920400E-03
2001-12-23T10:42:47.923  2.50571100E-03  5.93757900E-03 -8.97794700E-03
2001-12-23T10:42:48.927 -1.14562570E-02  3.31074400E-03 -1.15471600E-03
2001-12-23T10:42:49.923  2.09182900E-03  3.86136100E-03  3.39935100E-03
2001-12-23T10:42:50.927  1.53990800E-03 -6.30734200E-03  7.40192100E-03
2001-12-23T10:42:51.927  4.56317500E-03 -1.71734500E-03  3.39365900E-03
2001-12-23T10:42:52.927 -1.97337800E-03 -3.66178100E-03  4.77810000E-05
2001-12-23T10:42:53.923 -3.65265100E-03  7.59376000E-04 -5.58997500E-03
2001-12-23T10:42:54.927  2.11857000E-04  2.75937500E-03 -2.81535400E-03
2001-12-23T10:42:55.923 -1.86214300E-03 -6.76487700E-03 -2.22021600E-03
2001-12-23T10:42:56.931  1.01338610E-02  7.77800000E-04 -9.20118000E-04
2001-12-23T10:42:57.923 -5.03511200E-03 -8.27463200E-03  4.08848600E-03
2001-12-23T10:42:58.923 -2.12769000E-04  8.18381400E-03  2.17031500E-03
2001-12-23T10:42:59.923 -9.44152400E-03 -5.35350000E-04  3.48300700E-03
2001-12-23T10:43:00.927  7.73635300E-03  4.70738300E-03 -3.07594400E-03
2001-12-23T10:43:01.923 -7.12078700E-03 -9.96713200E-03 -3.65240000E-04
2001-12-23T10:43:02.927  9.80387100E-03  3.32400600E-03  1.37480000E-03
2001-12-23T10:43:03.923 -6.10534000E-03 -5.61991600E-03  5.84986300E-03
2001-12-23T10:43:04.927  6.97224000E-04  1.00260490E-02  4.25752500E-03
2001-12-23T10:43:05.923 -6.73005200E-03 -3.82523900E-03  6.13738800E-03
2001-12-23T10:43:06.927  7.04142200E-03 -1.35202400E-03  1.18473000E-03
2001-12-23T10:43:07.927 -2.49600300E-03 -9.93119500E-03 -1.26418300E-03
2001-12-23T10:43:08.927  4.44545600E-03  4.25756200E-03 -3.51803000E-03
2001-12-23T10:43:09.923 -1.39684400E-03  2.45666600E-03 -3.07868100E-03
2001-12-23T10:43:10.927 -3.47020300E-03  2.20212600E-03  5.23678000E-03
2001-12-23T10:43:11.923 -2.63969600E-03 -3.18520000E-04 -1.07226900E-03
2001-12-23T10:43:12.935  6.55800100E-03 -2.04793700E-03  2.51431300E-03
2001-12-23T10:43:13.923  1.28467700E-03 -2.30617200E-03 -9.14287000E-04
2001-12-23T10:43:14.923 -3.60194300E-03  2.42507400E-03  1.44333600E-03
2001-12-23T10:43:15.923  2.03189400E-03  7.66853200E-03 -5.65520200E-03
2001-12-23T10:43:16.927 -4.35634700E-03 -3.31770000E-03 -7.20713100E-03
2001-12-23T10:43:17.923  5.13427300E-03 -3.46840600E-03  2.07914000E-03
2001-12-23T10:43:18.927 -7.41114400E-03 -4.70716900E-03  4.83433100E-03
2001-12-23T10:43:19.923  4.39999000E-03  6.07999700E-03  1.47562500E-03
2001-12-23T10:43:20.927 -1.28365670E-02 -1.38524000E-03  4.44627600E-03
2001-12-23T10:43:21.923  5.65067600E-03  1.60796300E-03 -4.24521000E-04
2001-12-23T10:43:22.927  2.53282000E-04 -6.33486500E-03 -5.41114600E-03
2001-12-23T10:43:23.927  9.52311000E-03  3.75562000E-04 -5.31962400E-03
2001-12-23T10:43:24.927 -4.98729200E-03 -6.29086100E-03 -2.63905800E-03
2001-12-23T10:43:25.923  1.40369600E-03  7.54935500E-03  4.36329900E-03
