2001-12-26T22:12:04.945  2.56602000E-04  1.88180400E-03  2.15993000E-04
2001-12-26T22:12:05.949 -1.07982200E-03  3.90887000E-04  2.15780000E-05
2001-12-26T22:12:06.949  6.04111000E-04  1.44055500E-03  1.73361000E-04
2001-12-26T22:12:07.949 -5.12957000E-04 -9.01530000E-04  2.49152000E-04
2001-12-26T22:12:08.953  1.00352700E-03  7.97659000E-04  1.57114000E-04
2001-12-26T22:12:09.949 -1.06730200E-03  1.71548000E-04 -1.04962800E-03
2001-12-26T22:12:10.945  1.26932400E-03  1.25762100E-03 -2.10890000E-04
2001-12-26T22:12:11.949 -7.92751000E-04 -7.96925000E-04  9.36958000E-04
2001-12-26T22:12:12.945  1.10378600E-03  2.93280000E-05  1.94640000E-05
2001-12-26T22:12:13.949 -6.41375000E-04 -4.29570000E-04 -1.03055800E-03
2001-12-26T22:12:14.945  5.93776000E-04  1.00305300E-03  3.34940000E-04
2001-12-26T22:12:15.949 -1.03857500E-03 -5.77414000E-04  8.28539000E-04
2001-12-26T22:12:16.945  1.53934600E-03 -1.83705000E-04 -1.70143000E-04
2001-12-26T22:12:17.945 -2.04880000E-04 -8.59674000E-04 -2.99941000E-04
2001-12-26T22:12:18.945  1.56578000E-04  6.83013000E-04 -2.43144000E-04
2001-12-26T22:12:19.949 -1.23976200E-03  2.03444000E-04 -1.12042000E-04
2001-12-26T22:12:20.945 -1.31863000E-04  7.22057000E-04  4.91954000E-04
2001-12-26T22:12:21.949  8.70442000E-04 -3.18312000E-04  1.27490000E-05
2001-12-26T22:12:22.949  3.61862000E-04 -2.89828000E-04 -2.43830000E-05
2001-12-26T22:12:23.949 -4.66369000E-04 -1.98008000E-04  1.07050900E-03
2001-12-26T22:12:24.953 -4.64357000E-04  2.02917000E-04 -2.16260000E-04
2001-12-26T22:12:25.949  3.44866000E-04 -7.50270000E-05 -7.97779000E-04
2001-12-26T22:12:26.945  2.54674000E-04 -8.14674000E-04 -1.16794000E-04
2001-12-26T22:12:27.949  1.26389200E-03  3.43017000E-04 -3.37280000E-04
2001-12-26T22:12:28.945 -8.04737000E-04 -5.13123000E-04 -8.62680000E-05
2001-12-26T22:12:29.949  4.61960000E-05  8.99672000E-04 -2.44827000E-04
2001-12-26T22:12:30.945 -9.50532000E-04 -8.05089000E-04  4.43544000E-04
2001-12-26T22:12:31.949  6.68196000E-04 -1.65614000E-04  5.80458000E-04
2001-12-26T22:12:32.945 -5.06325000E-04 -1.32060200E-03  7.56342000E-04
2001-12-26T22:12:33.945  6.96560000E-04  8.59643000E-04 -1.02500000E-05
2001-12-26T22:12:34.945 -1.37645800E-03 -5.04533000E-04  7.09449000E-04
2001-12-26T22:12:35.949  9.95230000E-04  6.73947000E-04  1.18763700E-03
2001-12-26T22:12:36.945 -5.47114000E-04 -9.53088000E-04 -2.06905000E-04
2001-12-26T22:12:37.949  1.19725900E-03  5.13933000E-04 -3.71334000E-04
2001-12-26T22:12:38.949 -7.83828000E-04 -2.76329000E-04  8.61443000E-04
2001-12-26T22:12:39.949  6.52503000E-04  7.65284000E-04  1.83466000E-04
2001-12-26T22:12:40.953 -4.45636000E-04 -2.23591000E-04 -1.06076000E-03
2001-12-26T22:12:41.949  1.07591600E-03 -6.95180000E-05 -5.19381000E-04
2001-12-26T22:12:42.945 -4.61342000E-04 -1.03654200E-03 -4.30577000E-04
2001-12-26T22:12:43.949  4.68436000E-04  5.02147000E-04  2.01379000E-04
2001-12-26T22:12:44.945 -4.66868000E-04  1.18360000E-05 -1.04210300E-03
2001-12-26T22:12:45.949  2.84559000E-04  3.36710000E-04  1.69395000E-04
2001-12-26T22:12:46.945 -2.99540000E-04 -8.76199000E-04  5.32769000E-04
2001-12-26T22:12:47.949  6.08330000E-04 -3.31780000E-04  8.72525000E-04
2001-12-26T22:12:48.945 -7.27605000E-04  1.09709000E-04 -8.30811000E-04
2001-12-26T22:12:49.945 -2.99339000E-04  8.89784000E-04  3.17219000E-04
2001-12-26T22:12:50.945 -4.40666000E-04  6.12270000E-05  4.93803000E-04
2001-12-26T22:12:51.949  4.43249000E-04 -2.48337000E-04 -1.33667000E-04
2001-12-26T22:12:52.945  5.05500000E-04 -7.23700000E-05 -1.23373100E-03
2001-12-26T22:12:53.949 -5.73965000E-04  3.22879000E-04  7.47075000E-04
2001-12-26T22:12:54.949 -1.60913000E-04  1.54660600E-03  5.79210000E-04
2001-12-26T22:12:55.949 -6.30570000E-04  1.90218000E-04  5.43478000E-04
2001-12-26T22:12:56.953  1.05222500E-03  3.76600000E-05 -2.20722000E-04
2001-12-26T22:12:57.949 -5.63706000E-04 -5.42404000E-04 -1.83221000E-04
2001-12-26T22:12:58.945  3.92787000E-04  7.13691000E-04  1.29739500E-03
2001-12-26T22:12:59.949 -1.36705200E-03  1.92622000E-04 -5.19843000E-04
2001-12-26T22:13:00.945  6.30401000E-04  9.31693000E-04 -4.55499000E-04
2001-12-26T22:13:01.949 -2.68860000E-04 -1.52749400E-03  2.87283000E-04
2001-12-26T22:13:02.945  1.03066900E-03 -3.74600000E-06 -2.00762000E-04
2001-12-26T22:13:03.949 -1.02600800E-03 -6.90714000E-04  4.98173000E-04
2001-12-26T22:13:04.945  2.70922000E-04  9.13235000E-04 -3.40062000E-04
2001-12-26T22:13:05.945 -1.55441500E-03 -4.16059000E-04  2.53810000E-05
2001-12-26T22:13:06.945  1.01568700E-03  3.51395000E-04  7.42585000E-04
2001-12-26T22:13:07.949 -1.74316000E-04 -1.24804800E-03 -6.08081000E-04
2001-12-26T22:13:08.945  6.46812000E-04  3.92992000E-04  8.91139000E-04
2001-12-26T22:13:09.949 -1.52080600E-03 -8.43540000E-05 -4.59539000E-04
2001-12-26T22:13:10.949  5.19018000E-04  5.92780000E-04 -8.43052000E-04
2001-12-26T22:13:11.949 -1.89946000E-04 -8.21627000E-04 -7.55518000E-04
2001-12-26T22:13:12.953  1.17425700E-03 -3.49897000E-04  2.39972000E-04
2001-12-26T22:13:13.949 -8.25561000E-04 -7.55951000E-04  3.42340000E-05
2001-12-26T22:13:14.945 -3.03784000E-04  7.87721000E-04 -9.25600000E-06
2001-12-26T22:13:15.949 -5.26993000E-04  4.83474000E-04 -1.55922000E-04
2001-12-26T22:13:16.945  7.71098000E-04 -3.49185000E-04  9.21031000E-04
2001-12-26T22:13:17.949  4.98763000E-04 -2.27864000E-04 -2.87280000E-04
2001-12-26T22:13:18.945 -2.62413000E-04 -2.20780000E-05 -6.79098000E-04
2001-12-26T22:13:19.949 -8.36855000E-04  3.49067000E-04  1.38566000E-04
2001-12-26T22:13:20.945 -8.98312000E-04  8.71539000E-04  9.24770000E-04
2001-12-26T22:13:21.945  6.82158000E-04  6.20135000E-04  8.51180000E-05
2001-12-26T22:13:22.945  2.15646000E-04 -1.05117400E-03  1.56788000E-04
2001-12-26T22:13:23.949  8.12650000E-04  1.04025800E-03  6.13777000E-04
2001-12-26T22:13:24.945 -8.16633000E-04 -1.34514000E-04  9.74707000E-04
2001-12-26T22:13:25.957  2.15760000E-04  8.95474000E-04  3.42524000E-04
2001-12-26T22:13:26.949 -5.21985000E-04 -3.85438000E-04  4.17424000E-04
2001-12-26T22:13:27.949  4.59959000E-04  1.13400000E-04  1.07912400E-03
2001-12-26T22:13:28.953 -5.25123000E-04 -7.91499000E-04 -1.52686000E-04
2001-12-26T22:13:29.949  6.00422000E-04  1.58541800E-03 -6.13923000E-04
2001-12-26T22:13:30.945 -7.61357000E-04 -1.10880500E-03  1.08252500E-03
2001-12-26T22:13:31.949  1.10800700E-03  9.52146000E-04  6.11755000E-04
2001-12-26T22:13:32.945 -8.60963000E-04 -1.21223200E-03  4.63936000E-04
2001-12-26T22:13:33.949  8.69004000E-04  1.07281900E-03 -1.62799000E-04
2001-12-26T22:13:34.945 -1.27070300E-03 -1.53843000E-04 -7.08960000E-05
2001-12-26T22:13:35.949  8.81216000E-04  6.28433000E-04 -3.53740000E-05
2001-12-26T22:13:36.945 -1.18388000E-04 -1.68712100E-03 -4.68746000E-04
2001-12-26T22:13:37.945  8.73768000E-04  7.27284000E-04 -5.41175000E-04
2001-12-26T22:13:38.945 -7.70436000E-04 -1.19032000E-04  4.00097000E-04
2001-12-26T22:13:39.949  4.23520000E-05  9.42720000E-04  8.60404000E-04
2001-12-26T22:13:40.945 -1.26966500E-03 -3.53043000E-04 -2.29992000E-04
2001-12-26T22:13:41.949  1.22580500E-03 -2.65161000E-04 -6.27174000E-04
2001-12-26T22:13:42.949 -4.32332000E-04 -9.26183000E-04 -2.55186000E-04
2001-12-26T22:13:43.949 -8.18000000E-07  6.71436000E-04  4.40321000E-04
2001-12-26T22:13:44.953 -9.91848000E-04  4.23249000E-04 -5.02441000E-04
2001-12-26T22:13:45.949  2.48956000E-04  4.39543000E-04 -8.09251000E-04
2001-12-26T22:13:46.945  4.19634000E-04 -5.54140000E-04 -1.37622000E-04
2001-12-26T22:13:47.949  1.31196000E-04  1.80046000E-04  3.50895000E-04
2001-12-26T22:13:48.945 -4.85847000E-04 -9.03930000E-05  5.82317000E-04
2001-12-26T22:13:49.949 -5.94349000E-04  5.28831000E-04 -1.44734000E-04
2001-12-26T22:13:50.945  7.68390000E-04 -5.50079000E-04 -1.85265000E-04
2001-12-26T22:13:51.949  6.84761000E-04 -6.68007000E-04  5.14310000E-04
2001-12-26T22:13:52.945  2.37341000E-04 -2.18970000E-05  1.38178500E-03
2001-12-26T22:13:53.945 -4.98711000E-04  1.77037000E-04 -3.24317000E-04
2001-12-26T22:13:54.945 -2.78686000E-04  1.02236800E-03 -1.58886000E-04
2001-12-26T22:13:55.949 -1.97871000E-04 -4.30718000E-04  1.58283000E-04
2001-12-26T22:13:56.945  4.57393000E-04 -3.64027000E-04 -6.89194000E-04
2001-12-26T22:13:57.949 -3.20896000E-04 -4.20540000E-04 -1.61216000E-04
2001-12-26T22:13:58.949 -1.26328000E-04  5.84864000E-04 -3.90294000E-04
2001-12-26T22:13:59.949 -1.32007000E-03 -1.93170000E-05  4.45890000E-04
2001-12-26T22:14:00.953  6.46748000E-04  1.40558000E-03 -1.06098300E-03
2001-12-26T22:14:01.949 -3.63745000E-04 -1.51640800E-03 -1.04863700E-03
2001-12-26T22:14:02.945  6.97560000E-04  7.68160000E-05 -9.74340000E-05
2001-12-26T22:14:03.949 -1.11820600E-03 -3.25442000E-04  7.93629000E-04
2001-12-26T22:14:04.945  5.05492000E-04  1.10773300E-03 -5.50123000E-04
2001-12-26T22:14:05.949 -1.30103800E-03 -5.96276000E-04 -1.02296400E-03
2001-12-26T22:14:06.945  1.27110900E-03 -1.52541000E-04  5.44268000E-04
2001-12-26T22:14:07.949  1.15153000E-04 -8.12855000E-04  4.56371000E-04
2001-12-26T22:14:08.945  4.75496000E-04  1.21391400E-03 -5.31931000E-04
2001-12-26T22:14:09.945 -1.34579800E-03 -6.28772000E-04  7.21594000E-04
2001-12-26T22:14:10.945  5.12814000E-04  7.20496000E-04 -8.70680000E-05
2001-12-26T22:14:11.949 -6.59970000E-05 -7.99452000E-04  7.45198000E-04
2001-12-26T22:14:12.945  5.76687000E-04 -5.22730000E-05  7.05339000E-04
2001-12-26T22:14:13.949 -3.86780000E-05  2.61819000E-04  4.23410000E-05
2001-12-26T22:14:14.949 -2.88270000E-05  3.01242000E-04  4.60152000E-04
2001-12-26T22:14:15.949 -9.54095000E-04  1.07023000E-04 -2.55369000E-04
2001-12-26T22:14:16.953  2.36727000E-04 -5.70821000E-04 -4.35515000E-04
2001-12-26T22:14:17.949  5.33716000E-04 -2.47910000E-04  6.95613000E-04
2001-12-26T22:14:18.945 -1.45933000E-04  7.21300000E-06  6.40661000E-04
2001-12-26T22:14:19.949  2.72040000E-04  7.68479000E-04 -8.30541000E-04
2001-12-26T22:14:20.945 -7.38870000E-04 -5.60983000E-04  3.79633000E-04
2001-12-26T22:14:21.949  1.38058800E-03  4.50272000E-04  3.82595000E-04
2001-12-26T22:14:22.945 -2.97702000E-04 -1.42222300E-03 -6.03575000E-04
2001-12-26T22:14:23.949  5.34414000E-04  8.77147000E-04 -7.53292000E-04
2001-12-26T22:14:24.945 -1.14616000E-03 -1.58100000E-06 -3.04704000E-04
2001-12-26T22:14:25.945  4.04785000E-04  1.64455100E-03  1.14303000E-04
2001-12-26T22:14:26.945 -1.20598900E-03 -7.83830000E-04 -7.95359000E-04
2001-12-26T22:14:27.949  1.05605600E-03  5.53891000E-04 -1.11709600E-03
2001-12-26T22:14:28.945 -8.16523000E-04 -8.87697000E-04  3.12327000E-04
2001-12-26T22:14:29.949  4.43156000E-04  1.62278600E-03  1.02545300E-03
2001-12-26T22:14:30.949 -7.56059000E-04  2.92598000E-04 -1.16480000E-04
2001-12-26T22:14:31.949  7.07308000E-04  4.06272000E-04 -4.09777000E-04
2001-12-26T22:14:32.953  2.84560000E-05 -1.31668900E-03  2.85730000E-05
2001-12-26T22:14:33.949  9.88555000E-04  2.56823000E-04 -6.27128000E-04
2001-12-26T22:14:34.945 -1.72722000E-04  9.10802000E-04  1.02827000E-04
2001-12-26T22:14:35.949  2.70216000E-04  9.85667000E-04  1.09962400E-03
2001-12-26T22:14:36.945 -3.06763000E-04 -4.69895000E-04  1.31754000E-04
2001-12-26T22:14:37.949  7.37824000E-04 -1.65121000E-04 -6.54333000E-04
2001-12-26T22:14:38.945 -4.18761000E-04 -2.08625000E-04  5.68000000E-06
2001-12-26T22:14:39.949 -2.07669000E-04  7.77426000E-04  6.05170000E-04
2001-12-26T22:14:40.945 -6.58742000E-04 -3.98150000E-05  2.80788000E-04
2001-12-26T22:14:41.949  7.84118000E-04 -3.73118000E-04 -1.59815000E-04
2001-12-26T22:14:42.945 -1.15172000E-04 -1.11788400E-03 -2.61104000E-04
2001-12-26T22:14:43.949  1.74649000E-04 -1.67909000E-04  3.55499000E-04
2001-12-26T22:14:44.945 -4.84012000E-04  4.30376000E-04 -1.80336000E-04
2001-12-26T22:14:45.949 -1.22772000E-04  2.63590000E-04  1.88781000E-04
2001-12-26T22:14:46.949  2.21913000E-04  3.52003000E-04 -2.82117000E-04
2001-12-26T22:14:47.949  4.12764000E-04 -8.60721000E-04  8.76038000E-04
2001-12-26T22:14:48.953 -1.65552000E-04 -5.01870000E-05  4.15823000E-04
2001-12-26T22:14:49.949 -1.02654600E-03  3.22837000E-04  2.36209000E-04
2001-12-26T22:14:50.945  7.72110000E-04  7.44987000E-04  3.18438000E-04
2001-12-26T22:14:51.949 -6.79919000E-04 -2.69565000E-04  2.09049000E-04
2001-12-26T22:14:52.945  1.25948200E-03  1.80636000E-04 -1.01502000E-04
2001-12-26T22:14:53.949 -9.92096000E-04 -6.24725000E-04 -1.17676000E-04
2001-12-26T22:14:54.945  2.34938000E-04  1.04038800E-03  2.53312000E-04
2001-12-26T22:14:55.949 -1.45997800E-03 -2.79487000E-04  5.46815000E-04
2001-12-26T22:14:56.945  1.46630800E-03  3.34482000E-04  1.73774000E-04
2001-12-26T22:14:57.945 -6.57001000E-04 -1.08828700E-03 -2.73913000E-04
2001-12-26T22:14:58.945  9.33338000E-04  3.30062000E-04  7.91520000E-05
2001-12-26T22:14:59.949 -1.46919800E-03 -4.40867000E-04 -2.35964000E-04
2001-12-26T22:15:00.945 -1.05707000E-04  1.28760300E-03 -1.35800000E-06
2001-12-26T22:15:01.949 -8.09202000E-04 -3.39534000E-04  8.72616000E-04
2001-12-26T22:15:02.949  1.04171200E-03 -5.40960000E-05 -3.51262000E-04
2001-12-26T22:15:03.949  2.05601000E-04 -4.52135000E-04 -2.80670000E-04
2001-12-26T22:15:04.953 -1.57962000E-04  8.36100000E-04 -9.35852000E-04
2001-12-26T22:15:05.949 -8.51439000E-04 -2.53289000E-04 -2.49095000E-04
2001-12-26T22:15:06.945  1.18990000E-04  1.86213000E-04  8.84356000E-04
2001-12-26T22:15:07.949 -2.90577000E-04 -1.19934200E-03 -6.08076000E-04
2001-12-26T22:15:08.945  3.50768000E-04  1.49685000E-04 -1.10471800E-03
2001-12-26T22:15:09.949 -7.69028000E-04  1.53740000E-05  1.06244700E-03
2001-12-26T22:15:10.945 -2.16790000E-04  1.19591000E-04  4.62082000E-04
2001-12-26T22:15:11.949 -1.28684000E-04  1.01821000E-04 -8.38297000E-04
2001-12-26T22:15:12.945  2.06825000E-04 -3.52678000E-04 -8.95429000E-04
2001-12-26T22:15:13.945  1.11843600E-03  3.84911000E-04  8.05276000E-04
2001-12-26T22:15:14.945 -5.06439000E-04  3.55557000E-04  6.53480000E-05
2001-12-26T22:15:15.949 -4.62950000E-04  1.05563600E-03 -2.41951000E-04
2001-12-26T22:15:16.945 -1.52387000E-04 -9.51361000E-04 -4.11895000E-04
2001-12-26T22:15:17.949  1.13633000E-03 -1.79018000E-04 -6.13730000E-05
2001-12-26T22:15:18.949 -9.81406000E-04 -6.55264000E-04  4.67532000E-04
2001-12-26T22:15:19.949  3.55608000E-04  1.10115000E-03 -2.70498000E-04
2001-12-26T22:15:20.953 -8.83920000E-04 -8.23411000E-04 -1.15104000E-04
2001-12-26T22:15:21.949  1.13510500E-03  1.48348000E-04  7.21319000E-04
2001-12-26T22:15:22.945 -1.01968200E-03 -9.35437000E-04 -5.35530000E-05
2001-12-26T22:15:23.949  8.50860000E-04  8.66493000E-04 -5.34343000E-04
2001-12-26T22:15:24.945 -1.33109200E-03  9.04060000E-05  7.75122000E-04
2001-12-26T22:15:25.949  1.11442000E-04  1.70345200E-03  1.28624400E-03
2001-12-26T22:15:26.945 -7.14320000E-05 -5.70486000E-04  1.97700000E-05
2001-12-26T22:15:27.949  8.72066000E-04 -3.28200000E-06 -9.88533000E-04
2001-12-26T22:15:28.945 -4.08687000E-04 -1.00715700E-03  8.02300000E-06
2001-12-26T22:15:29.945  1.85909000E-04  6.82352000E-04  9.62542000E-04
2001-12-26T22:15:30.945 -8.24987000E-04 -1.57128000E-04 -1.83597000E-04
2001-12-26T22:15:31.949 -1.51576000E-04  4.58500000E-05 -1.19827800E-03
2001-12-26T22:15:32.945  2.11981000E-04 -3.57423000E-04  1.42809400E-03
2001-12-26T22:15:33.953 -2.59747000E-04 -3.30704000E-04  3.67720000E-04
2001-12-26T22:15:34.949  6.69857000E-04  1.05703600E-03 -4.77984000E-04
2001-12-26T22:15:35.949 -5.38869000E-04 -4.04683000E-04 -7.11227000E-04
2001-12-26T22:15:36.953  1.41749300E-03  1.22104000E-04  5.53247000E-04
2001-12-26T22:15:37.949  3.52588000E-04 -8.71431000E-04 -3.57995000E-04
2001-12-26T22:15:38.945  6.29832000E-04  9.61391000E-04 -7.30437000E-04
2001-12-26T22:15:39.949 -9.62820000E-04  1.41967000E-04 -9.25389000E-04
2001-12-26T22:15:40.945  4.31632000E-04  1.15297700E-03 -9.61950000E-04
2001-12-26T22:15:41.949 -3.11705000E-04 -1.09045500E-03  6.02997000E-04
2001-12-26T22:15:42.945  1.30294600E-03  1.91025000E-04  6.29906000E-04
2001-12-26T22:15:43.949 -5.59405000E-04 -2.92720000E-04 -6.70960000E-05
2001-12-26T22:15:44.945  1.81022000E-04  1.20081200E-03  2.61469000E-04
2001-12-26T22:15:45.945 -8.31792000E-04 -1.12209000E-04  6.50832000E-04
2001-12-26T22:15:46.945  4.44290000E-04  2.41195000E-04  1.84278800E-03
2001-12-26T22:15:47.949  2.43127000E-04 -4.22843000E-04  8.10670000E-05
2001-12-26T22:15:48.945  1.54265000E-04  6.04230000E-05 -7.42320000E-05
2001-12-26T22:15:49.949 -5.22009000E-04  6.35548000E-04 -8.17978000E-04
2001-12-26T22:15:50.949  2.20459000E-04 -3.49679000E-04 -4.31079000E-04
2001-12-26T22:15:51.949  1.21385000E-04 -8.64259000E-04 -3.33737000E-04
2001-12-26T22:15:52.952 -2.72613000E-04 -9.25959000E-04 -1.30006000E-04
2001-12-26T22:15:53.949 -8.68157000E-04  7.80600000E-05 -3.39322000E-04
2001-12-26T22:15:54.945 -6.65951000E-04  3.46393000E-04 -1.47895000E-04
2001-12-26T22:15:55.949  3.51209000E-04  6.10479000E-04 -5.90853000E-04
2001-12-26T22:15:56.945  1.34019000E-04 -1.01775400E-03  5.28949000E-04
2001-12-26T22:15:57.949  1.29819600E-03  3.70792000E-04  3.03843000E-04
2001-12-26T22:15:58.945 -8.31490000E-04 -4.24232000E-04 -5.51134000E-04
2001-12-26T22:15:59.949  3.13744000E-04  1.63215200E-03  2.58336000E-04
2001-12-26T22:16:00.945 -1.14856800E-03 -8.89375000E-04  3.87698000E-04
2001-12-26T22:16:01.945  1.40473100E-03 -1.05630000E-05 -4.25389000E-04
2001-12-26T22:16:02.945 -5.89334000E-04 -1.42307100E-03 -3.84293000E-04
2001-12-26T22:16:03.949  4.51915000E-04  7.06645000E-04 -8.08348000E-04
2001-12-26T22:16:04.945 -5.92933000E-04 -1.79494000E-04  4.89059000E-04
2001-12-26T22:16:05.949  1.85306000E-04  1.15553800E-03  1.63750000E-04
2001-12-26T22:16:06.949  1.07155000E-04 -1.36871200E-03 -5.21571000E-04
2001-12-26T22:16:07.949  1.05341500E-03 -2.14634000E-04 -3.27892000E-04
2001-12-26T22:16:08.952 -9.29069000E-04 -3.97705000E-04  1.53440000E-05
2001-12-26T22:16:09.949 -1.74555000E-04  5.33915000E-04  8.52477000E-04
2001-12-26T22:16:10.945 -4.53794000E-04 -6.16989000E-04 -4.00561000E-04
2001-12-26T22:16:11.949  5.61818000E-04 -3.05162000E-04  9.39850000E-05
2001-12-26T22:16:12.945  1.08729000E-04 -5.17643000E-04  1.69975200E-03
2001-12-26T22:16:13.949 -3.13925000E-04  1.08963000E-04  4.24151000E-04
2001-12-26T22:16:14.945 -8.43541000E-04  6.06017000E-04 -1.02410900E-03
2001-12-26T22:16:15.949 -5.57708000E-04 -2.74781000E-04 -7.92432000E-04
2001-12-26T22:16:16.945  7.32346000E-04  2.11746000E-04  2.80342000E-04
2001-12-26T22:16:17.945 -2.86543000E-04 -9.95019000E-04  4.11887000E-04
2001-12-26T22:16:18.945  4.58630000E-04  1.03050900E-03 -2.82586000E-04
2001-12-26T22:16:19.949 -1.66226100E-03 -5.38930000E-05  2.91206000E-04
2001-12-26T22:16:20.945  4.79427000E-04  1.17304900E-03  8.72122000E-04
2001-12-26T22:16:21.949 -2.48880000E-05 -1.26963000E-03 -6.31067000E-04
2001-12-26T22:16:22.949  1.14561000E-03 -2.03590000E-04  2.25530000E-05
2001-12-26T22:16:23.949 -1.39914300E-03 -8.98667000E-04  5.94200000E-05
2001-12-26T22:16:24.952  2.85650000E-04  8.36362000E-04  2.34596000E-04
2001-12-26T22:16:25.949 -8.51190000E-04 -1.48088000E-04 -3.14437000E-04
2001-12-26T22:16:26.945  5.67061000E-04  1.49230000E-05 -9.38793000E-04
2001-12-26T22:16:27.949 -7.99290000E-05 -8.48794000E-04  1.01871000E-04
2001-12-26T22:16:28.945  3.29840000E-05  3.76708000E-04 -5.07149000E-04
2001-12-26T22:16:29.949 -1.23812100E-03  7.74900000E-06 -2.73165000E-04
2001-12-26T22:16:30.945 -2.82209000E-04  4.24782000E-04  6.29360000E-05
2001-12-26T22:16:31.949  5.72336000E-04 -6.07783000E-04  8.79041000E-04
2001-12-26T22:16:32.945  7.05730000E-05 -5.01177000E-04 -3.84613000E-04
2001-12-26T22:16:33.945  2.55931000E-04  8.09960000E-04 -1.04336700E-03
2001-12-26T22:16:34.945 -7.74085000E-04  4.33380000E-05  8.94010000E-05
2001-12-26T22:16:35.949  2.20402000E-04  3.08207000E-04 -4.85173000E-04
2001-12-26T22:16:36.945 -4.81065000E-04 -8.34381000E-04 -5.12946000E-04
2001-12-26T22:16:37.949  9.53603000E-04 -2.53471000E-04  7.82450000E-05
2001-12-26T22:16:38.949 -7.02768000E-04 -8.36600000E-04  8.17673000E-04
2001-12-26T22:16:39.949  6.56443000E-04  1.07100500E-03 -1.92310000E-05
2001-12-26T22:16:40.952 -9.71711000E-04 -6.42897000E-04 -3.84747000E-04
2001-12-26T22:16:41.949  1.00752600E-03  7.49440000E-05  5.21769000E-04
2001-12-26T22:16:42.945 -7.29063000E-04 -1.07590400E-03  1.10760200E-03
2001-12-26T22:16:43.949  1.05028000E-03  4.74620000E-04 -3.91946000E-04
2001-12-26T22:16:44.945 -1.38364800E-03  1.20388000E-04 -6.57400000E-05
2001-12-26T22:16:45.949  2.95993000E-04  7.25326000E-04  1.13110800E-03
2001-12-26T22:16:46.945 -3.49065000E-04 -9.82870000E-04  1.85350000E-04
2001-12-26T22:16:47.948  1.02444100E-03 -6.35782000E-04  3.62383000E-04
2001-12-26T22:16:48.945 -1.22282000E-04 -2.27580000E-05 -5.18010000E-04
2001-12-26T22:16:49.945 -3.81155000E-04  6.53241000E-04  9.40100000E-05
2001-12-26T22:16:50.945 -7.13756000E-04 -2.94560000E-05  9.39420000E-05
2001-12-26T22:16:51.948 -5.13750000E-05  1.27758000E-04 -6.04227000E-04
2001-12-26T22:16:52.945  8.60630000E-04 -3.09953000E-04 -5.75030000E-05
2001-12-26T22:16:53.948 -4.54360000E-05 -4.01787000E-04  9.25620000E-05
2001-12-26T22:16:54.948  3.55406000E-04  1.17800800E-03  1.79968000E-04
2001-12-26T22:16:55.948 -6.65378000E-04 -3.95418000E-04 -3.57822000E-04
2001-12-26T22:16:56.952  1.08494600E-03  1.14022100E-03 -4.66800000E-04
2001-12-26T22:16:57.948 -7.44140000E-04 -1.53462900E-03  3.57432000E-04
2001-12-26T22:16:58.945  1.07610300E-03  3.91079000E-04 -3.79794000E-04
2001-12-26T22:16:59.948 -1.19000000E-03 -3.35327000E-04 -2.12143000E-04
2001-12-26T22:17:00.945  4.02649000E-04  1.64121300E-03  4.87247000E-04
2001-12-26T22:17:01.948 -9.06122000E-04 -9.43012000E-04  5.89806000E-04
2001-12-26T22:17:02.945  1.44240300E-03  6.40400000E-05 -5.06037000E-04
2001-12-26T22:17:03.948 -4.43753000E-04 -5.03576000E-04  3.84864000E-04
2001-12-26T22:17:04.945 -1.42065000E-04  8.73006000E-04  1.28985000E-04
2001-12-26T22:17:05.945 -1.74410900E-03  3.61271000E-04  1.07241200E-03
2001-12-26T22:17:06.945  2.42820000E-04 -8.94300000E-05  1.62505000E-04
2001-12-26T22:17:07.948  1.40637000E-04 -4.10844000E-04 -3.40095000E-04
2001-12-26T22:17:08.945  2.00468000E-04 -1.53675000E-04  2.55285000E-04
2001-12-26T22:17:09.948  7.83769000E-04  3.33747000E-04  6.09401000E-04
2001-12-26T22:17:10.948 -9.46345000E-04  2.25430000E-04  3.97134000E-04
2001-12-26T22:17:11.948  5.39374000E-04  1.12816700E-03 -7.60449000E-04
2001-12-26T22:17:12.952 -1.05230000E-04 -1.81742800E-03  1.41718000E-04
2001-12-26T22:17:13.948  1.50198700E-03  8.25912000E-04 -3.89388000E-04
2001-12-26T22:17:14.945 -5.36636000E-04 -5.41811000E-04 -1.64709000E-03
2001-12-26T22:17:15.948  4.65026000E-04  1.72648100E-03 -5.48180000E-04
2001-12-26T22:17:16.945 -1.58443400E-03  1.65917000E-04  2.52428000E-04
2001-12-26T22:17:17.948  4.80203000E-04  1.04409500E-03  1.29862000E-04
2001-12-26T22:17:18.945  6.60608000E-04 -8.62519000E-04 -9.10875000E-04
2001-12-26T22:17:19.948  5.75588000E-04  5.45363000E-04 -5.42874000E-04
2001-12-26T22:17:20.945  2.81565000E-04  1.03197000E-04  8.95480000E-04
2001-12-26T22:17:21.945 -3.14178000E-04  9.94816000E-04  4.19207000E-04
2001-12-26T22:17:22.945  4.10726000E-04 -3.48056000E-04 -4.95429000E-04
2001-12-26T22:17:23.948  3.86428000E-04 -6.79692000E-04 -3.74819000E-04
2001-12-26T22:17:24.945  1.29250800E-03  9.62000000E-07 -1.70171000E-04
2001-12-26T22:17:25.948 -5.44898000E-04  1.95643000E-04 -1.05476000E-04
2001-12-26T22:17:26.948 -1.21639000E-04  5.29371000E-04 -3.91989000E-04
2001-12-26T22:17:27.948 -1.21736400E-03  2.02591000E-04 -7.92245000E-04
2001-12-26T22:17:28.952  2.94291000E-04  2.45542000E-04 -3.10870000E-04
2001-12-26T22:17:29.948 -3.76675000E-04 -8.94536000E-04 -2.37811000E-04
2001-12-26T22:17:30.945  1.41193400E-03  9.99566000E-04 -7.05858000E-04
2001-12-26T22:17:31.948 -1.41543600E-03 -2.14040000E-04  3.46451000E-04
2001-12-26T22:17:32.945  4.10008000E-04  1.20606900E-03  6.54556000E-04
2001-12-26T22:17:33.948 -4.69220000E-04 -7.97360000E-05  1.00353000E-04
2001-12-26T22:17:34.945  1.30823700E-03  6.81440000E-05  2.84380000E-05
2001-12-26T22:17:35.948 -9.34865000E-04 -7.95206000E-04 -3.69954000E-04
2001-12-26T22:17:36.945 -3.24750000E-05  9.57968000E-04  8.97313000E-04
2001-12-26T22:17:37.945 -1.21645900E-03 -2.45470000E-05 -5.73439000E-04
2001-12-26T22:17:38.945  1.84962000E-04  3.18558000E-04 -1.98721000E-04
2001-12-26T22:17:39.948  2.56894000E-04 -1.10205200E-03  1.66129000E-04
2001-12-26T22:17:40.945  9.80710000E-05 -1.15325000E-04  1.66119100E-03
2001-12-26T22:17:41.952  3.74520000E-05  6.05520000E-05 -4.41082000E-04
2001-12-26T22:17:42.948 -8.57771000E-04  5.78689000E-04 -8.81975000E-04
2001-12-26T22:17:43.948  9.75415000E-04  6.86513000E-04  9.45649000E-04
2001-12-26T22:17:44.952 -6.11531000E-04 -5.67006000E-04  9.07123000E-04
2001-12-26T22:17:45.948  9.10092000E-04 -1.42632000E-04 -8.99834000E-04
2001-12-26T22:17:46.945 -5.68449000E-04 -8.76836000E-04  1.10569000E-04
2001-12-26T22:17:47.948  2.13360000E-04  1.21959300E-03  1.11442300E-03
2001-12-26T22:17:48.945 -1.23721500E-03 -2.81647000E-04 -1.22632000E-04
2001-12-26T22:17:49.948  6.06454000E-04  6.06208000E-04 -7.25770000E-05
2001-12-26T22:17:50.945 -7.28321000E-04 -7.87333000E-04  2.91345000E-04
2001-12-26T22:17:51.948  5.08884000E-04 -5.01454000E-04 -8.26230000E-05
2001-12-26T22:17:52.945  1.01053200E-03  2.99373000E-04  5.62506000E-04
2001-12-26T22:17:53.945 -8.55281000E-04 -1.27569000E-04 -8.48900000E-06
2001-12-26T22:17:54.945  4.38523000E-04  1.34102900E-03 -1.84388000E-04
2001-12-26T22:17:55.948 -1.07859200E-03  2.75903000E-04  3.92256000E-04
2001-12-26T22:17:56.944  1.37696200E-03  1.27384000E-04  4.29835000E-04
2001-12-26T22:17:57.948 -3.39910000E-05 -8.63100000E-04 -3.84888000E-04
2001-12-26T22:17:58.948  7.70340000E-04 -5.79230000E-05  3.56327000E-04
2001-12-26T22:17:59.948  1.40722000E-04  6.04569000E-04 -8.23079000E-04
2001-12-26T22:18:00.952 -9.35440000E-04  2.83410000E-04 -8.63521000E-04
2001-12-26T22:18:01.948  9.19031000E-04  1.40819600E-03  7.02226000E-04
2001-12-26T22:18:02.944 -7.28967000E-04 -1.07113600E-03  1.91130000E-04
2001-12-26T22:18:03.948  8.68911000E-04  4.90590000E-05  1.64998000E-04
2001-12-26T22:18:04.944 -6.31762000E-04 -1.18428000E-03 -5.17522000E-04
2001-12-26T22:18:05.948  2.64402000E-04  2.06034000E-04 -4.42561000E-04
2001-12-26T22:18:06.944  2.39162000E-04  8.52764000E-04 -5.25280000E-04
2001-12-26T22:18:07.948 -1.11061000E-03  2.86710000E-05 -8.81376000E-04
2001-12-26T22:18:08.944  1.24862000E-04  1.75099200E-03  3.60766000E-04
2001-12-26T22:18:09.944 -6.46433000E-04  4.51004000E-04 -1.50810000E-05
2001-12-26T22:18:10.944  6.19030000E-05  6.05660000E-04  1.28648200E-03
2001-12-26T22:18:11.948  3.83087000E-04  4.06711000E-04  5.41917000E-04
2001-12-26T22:18:12.944 -5.43728000E-04 -5.13862000E-04 -1.41272000E-04
2001-12-26T22:18:13.948  8.74249000E-04  8.01935000E-04  6.37113000E-04
2001-12-26T22:18:14.948  1.29820000E-05 -3.40106000E-04  1.15939000E-04
2001-12-26T22:18:15.948 -3.87460000E-05 -3.73380000E-04 -6.98868000E-04
2001-12-26T22:18:16.952  1.34891600E-03  8.51995000E-04  2.29843000E-04
2001-12-26T22:18:17.948 -1.35759000E-04  2.42486000E-04  5.59417000E-04
2001-12-26T22:18:18.944 -1.36200000E-06  3.59640000E-04  9.46573000E-04
2001-12-26T22:18:19.948  8.91746000E-04  1.76087100E-03  2.84544000E-04
2001-12-26T22:18:20.944 -1.61054200E-03 -4.80653000E-04 -6.36060000E-04
2001-12-26T22:18:21.948 -3.07140000E-05  7.28796000E-04  1.03148000E-04
2001-12-26T22:18:22.944  5.99199000E-04  1.55320100E-03  3.22140000E-04
2001-12-26T22:18:23.948 -1.02121000E-03  5.18515000E-04  5.50710000E-05
2001-12-26T22:18:24.944 -4.92933000E-04  9.19755000E-04 -1.42748000E-04
2001-12-26T22:18:25.944  9.60906000E-04  1.57574400E-03  5.24313000E-04
2001-12-26T22:18:26.944 -1.08532000E-03  6.95984000E-04  8.06390000E-04
2001-12-26T22:18:27.948 -6.65318000E-04  5.56483000E-04 -3.22359000E-04
2001-12-26T22:18:28.944  3.52020000E-04  1.52755600E-03 -3.09422000E-04
2001-12-26T22:18:29.948 -2.20168000E-04  1.16038700E-03 -5.40990000E-05
2001-12-26T22:18:30.948 -6.23006000E-04  1.49461000E-04 -5.10824000E-04
2001-12-26T22:18:31.948  2.36597000E-04  9.93309000E-04 -7.39425000E-04
2001-12-26T22:18:32.952  1.60297500E-03  1.18521700E-03  4.95815000E-04
2001-12-26T22:18:33.948  5.72852000E-04  8.65396000E-04  1.16342400E-03
2001-12-26T22:18:34.944 -1.19426900E-03  1.21576000E-04  9.32440000E-05
2001-12-26T22:18:35.948  1.06670000E-05  9.47390000E-04 -5.08065000E-04
2001-12-26T22:18:36.944  7.42739000E-04  2.40499800E-03 -2.74647000E-04
2001-12-26T22:18:37.948 -8.33300000E-06  2.51174100E-03  4.72952000E-04
2001-12-26T22:18:38.944 -2.52479000E-04  1.31323900E-03 -4.26420000E-04
2001-12-26T22:18:39.948 -6.91453000E-04  3.45061000E-04 -5.88519000E-04
2001-12-26T22:18:40.944  6.95089000E-04  1.17224400E-03  3.54389000E-04
2001-12-26T22:18:41.944  1.36453700E-03  1.54977900E-03  2.99093000E-04
2001-12-26T22:18:42.944  5.97991000E-04  1.25307700E-03  6.05600000E-05
2001-12-26T22:18:43.948 -2.57648000E-04  1.10026000E-03 -1.01021600E-03
2001-12-26T22:18:44.944 -9.35586000E-04  1.18797100E-03 -6.89020000E-05
2001-12-26T22:18:45.948  2.29179000E-04  1.27253500E-03  4.15010000E-04
2001-12-26T22:18:46.948  8.90310000E-04  1.60110800E-03  8.21511000E-04
2001-12-26T22:18:47.948  5.41025000E-04  2.03878800E-03  7.39850000E-05
2001-12-26T22:18:48.952 -5.17620000E-05  2.52036700E-03  7.40579000E-04
2001-12-26T22:18:49.948 -2.80699000E-04  1.67169700E-03  9.87400000E-05
2001-12-26T22:18:50.944 -4.96664000E-04  6.08999000E-04 -3.63144000E-04
2001-12-26T22:18:51.948 -4.36701000E-04  5.85281000E-04 -1.04288000E-04
2001-12-26T22:18:52.944 -1.00536600E-03  1.78368400E-03  4.61575000E-04
2001-12-26T22:18:53.948  4.77840000E-05  1.44798800E-03 -1.30261000E-04
2001-12-26T22:18:54.944 -1.07048500E-03  2.30257100E-03 -4.15810000E-04
2001-12-26T22:18:55.948 -6.37472000E-04  1.48919600E-03 -3.85880000E-05
2001-12-26T22:18:56.944 -1.27265500E-03  2.99478100E-03 -4.20458000E-04
2001-12-26T22:18:57.944  8.52952000E-04  4.09028900E-03  2.17963000E-04
2001-12-26T22:18:58.944  5.79945000E-04  3.46531200E-03  4.04247000E-04
2001-12-26T22:18:59.948 -1.17572000E-03  2.91432300E-03 -2.35197000E-04
2001-12-26T22:19:00.944 -4.18357000E-04  4.20629000E-03  1.51031000E-04
2001-12-26T22:19:01.948 -2.01360000E-04  4.14201300E-03  1.34574700E-03
2001-12-26T22:19:02.948 -5.06613000E-04  4.64993900E-03 -3.44136000E-04
2001-12-26T22:19:03.948 -3.85528000E-04  5.03400600E-03 -3.15141000E-04
2001-12-26T22:19:04.952  2.47834000E-04  5.31057400E-03  1.20970300E-03
2001-12-26T22:19:05.948 -5.99106000E-04  3.93462200E-03  3.81381000E-04
2001-12-26T22:19:06.944  7.04375000E-04  5.37717700E-03  4.77130000E-05
2001-12-26T22:19:07.948  5.71207000E-04  6.93170800E-03 -2.51816000E-04
2001-12-26T22:19:08.944 -2.33820000E-04  5.84640000E-03  9.94863000E-04
2001-12-26T22:19:09.948 -9.35410000E-04  4.43464300E-03  7.49769000E-04
2001-12-26T22:19:10.944  4.42612000E-04  5.59458500E-03 -4.85872000E-04
2001-12-26T22:19:11.948  1.13179600E-03  6.23195100E-03 -1.46088000E-04
2001-12-26T22:19:12.944 -1.92107500E-03  4.50748000E-03 -2.35993000E-04
2001-12-26T22:19:13.944  3.17390000E-04  5.50444200E-03  9.72969000E-04
2001-12-26T22:19:14.944 -5.68385000E-04  4.89964700E-03  1.88009000E-04
2001-12-26T22:19:15.948 -6.85564000E-04  4.65516400E-03 -6.61870000E-05
2001-12-26T22:19:16.944  1.04994200E-03  5.28196100E-03  1.04466700E-03
2001-12-26T22:19:17.948  2.95131000E-04  4.41947300E-03  5.41145000E-04
2001-12-26T22:19:18.948 -8.00072000E-04  4.06090400E-03  4.80578000E-04
2001-12-26T22:19:19.948 -8.90020000E-04  5.61515300E-03  7.67421000E-04
2001-12-26T22:19:20.952  1.15468600E-03  5.53417500E-03  1.58252500E-03
2001-12-26T22:19:21.948  9.94768000E-04  5.42940900E-03  3.16019000E-04
2001-12-26T22:19:22.944 -6.67762000E-04  4.39670800E-03 -6.07288000E-04
2001-12-26T22:19:23.948 -5.59405000E-04  5.38326300E-03  1.52489000E-04
2001-12-26T22:19:24.944  1.02607500E-03  5.66054600E-03  6.83079000E-04
2001-12-26T22:19:25.948  1.20027200E-03  5.64539100E-03  5.57287000E-04
2001-12-26T22:19:26.944 -1.35729300E-03  5.90349300E-03 -2.09528000E-04
2001-12-26T22:19:27.948 -3.33301000E-04  5.37174300E-03 -7.84640000E-05
2001-12-26T22:19:28.944 -1.73821100E-03  5.60381400E-03  9.02666000E-04
2001-12-26T22:19:29.944 -5.78928000E-04  6.06671400E-03  6.36734000E-04
2001-12-26T22:19:30.944  8.83697000E-04  7.70076600E-03  1.96937000E-04
2001-12-26T22:19:31.948  1.41584500E-03  7.98915000E-03  3.67767000E-04
2001-12-26T22:19:32.944  1.03276500E-03  7.26500700E-03  6.34868000E-04
2001-12-26T22:19:33.948  1.00404000E-03  7.41648300E-03  4.21019000E-04
2001-12-26T22:19:34.948  8.74781000E-04  7.25542800E-03 -3.55566000E-04
2001-12-26T22:19:35.948  1.77660000E-04  7.89600500E-03  3.38548000E-04
2001-12-26T22:19:36.952 -3.87021000E-04  7.88156200E-03  1.16348500E-03
2001-12-26T22:19:37.948 -1.28975700E-03  6.23855600E-03  5.65775000E-04
2001-12-26T22:19:38.944  2.37818000E-04  7.10959200E-03 -9.87707000E-04
2001-12-26T22:19:39.948  9.16069000E-04  7.92265000E-03 -6.88570000E-05
2001-12-26T22:19:40.948  4.54847000E-04  8.36521700E-03  5.75477000E-04
2001-12-26T22:19:41.948  1.29483000E-04  8.01128500E-03  5.38605000E-04
2001-12-26T22:19:42.944 -9.54103000E-04  7.54828600E-03 -5.94820000E-04
2001-12-26T22:19:43.948 -1.45827800E-03  6.39403600E-03  9.69850000E-05
2001-12-26T22:19:44.944  9.93874000E-04  9.08969600E-03  8.94317000E-04
2001-12-26T22:19:45.944 -5.84584000E-04  7.58928600E-03 -2.98882000E-04
2001-12-26T22:19:46.944 -1.30828200E-03  7.95895500E-03 -6.75598000E-04
2001-12-26T22:19:47.948  8.20540000E-04  8.95590500E-03  5.83270000E-04
2001-12-26T22:19:48.944 -1.12962500E-03  8.54593200E-03  3.54681000E-04
2001-12-26T22:19:49.952  1.16103500E-03  9.97183200E-03  4.10991000E-04
2001-12-26T22:19:50.948 -3.58397000E-04  1.08487310E-02 -7.74012000E-04
2001-12-26T22:19:51.948 -1.53730300E-03  8.72122500E-03 -1.14387200E-03
2001-12-26T22:19:52.952 -7.44919000E-04  1.00412600E-02  1.12842300E-03
2001-12-26T22:19:53.948  9.57051000E-04  1.00670930E-02 -4.44780000E-05
2001-12-26T22:19:54.944 -1.16248800E-03  8.77181700E-03 -1.23241100E-03
2001-12-26T22:19:55.948  6.39297000E-04  1.06263900E-02  2.81528000E-04
2001-12-26T22:19:56.944 -1.22615700E-03  8.44923600E-03 -1.33550000E-04
2001-12-26T22:19:57.948  4.52430000E-04  8.63137700E-03  2.06479000E-04
2001-12-26T22:19:58.944 -1.38409000E-03  8.86576900E-03 -4.35659000E-04
2001-12-26T22:19:59.948  5.97944000E-04  1.04366590E-02 -1.26416000E-04
2001-12-26T22:20:00.944  5.88834000E-04  1.06955970E-02 -3.50124000E-04
2001-12-26T22:20:01.944 -8.26071000E-04  8.86372300E-03  5.39972000E-04
2001-12-26T22:20:02.944 -4.96625000E-04  1.08051640E-02  2.89240000E-05
2001-12-26T22:20:03.948  2.13884000E-04  1.25335820E-02 -4.48632000E-04
2001-12-26T22:20:04.944  1.14541000E-04  1.22745330E-02  4.78876000E-04
2001-12-26T22:20:05.948 -1.13419100E-03  1.11527910E-02  4.21478000E-04
2001-12-26T22:20:06.948 -1.40363000E-04  1.19561750E-02  3.41618000E-04
2001-12-26T22:20:07.948  1.38451500E-03  1.21308000E-02 -2.86440000E-05
2001-12-26T22:20:08.952  1.02365000E-03  1.22205290E-02 -2.42720000E-05
2001-12-26T22:20:09.948  1.32250600E-03  1.16701810E-02  5.21825000E-04
2001-12-26T22:20:10.944  3.51496000E-04  1.19632040E-02  1.89454000E-04
2001-12-26T22:20:11.948 -6.70234000E-04  1.13933810E-02  8.40293000E-04
2001-12-26T22:20:12.944 -4.95889000E-04  1.08458090E-02  5.18954000E-04
2001-12-26T22:20:13.948  1.00971100E-03  1.21898730E-02  8.90301000E-04
2001-12-26T22:20:14.944  6.32989000E-04  1.21851000E-02 -2.13535000E-04
2001-12-26T22:20:15.948 -1.52166300E-03  1.16708470E-02 -4.09544000E-04
2001-12-26T22:20:16.944  9.21631000E-04  1.36478660E-02  5.07862000E-04
2001-12-26T22:20:17.944 -1.08539900E-03  1.19819010E-02  8.57846000E-04
2001-12-26T22:20:18.944  9.08907000E-04  1.37653050E-02  2.73505000E-04
2001-12-26T22:20:19.948 -1.94564000E-04  1.41847440E-02  1.31560400E-03
2001-12-26T22:20:20.944 -1.08743800E-03  1.32594860E-02  8.32140000E-04
2001-12-26T22:20:21.948 -1.42109800E-03  1.36280600E-02 -2.93702000E-04
2001-12-26T22:20:22.948 -1.35988400E-03  1.43215670E-02 -5.61822000E-04
2001-12-26T22:20:23.948 -7.95084000E-04  1.35578700E-02  2.54828000E-04
2001-12-26T22:20:24.952 -6.92711000E-04  1.41761650E-02  5.10699000E-04
2001-12-26T22:20:25.948 -2.23116000E-04  1.47302690E-02 -7.14400000E-06
2001-12-26T22:20:26.944 -3.26794000E-04  1.45806290E-02 -2.82406000E-04
2001-12-26T22:20:27.948 -2.09600300E-03  1.48617740E-02 -3.15570000E-04
2001-12-26T22:20:28.944  3.43838000E-04  1.80119910E-02  9.99130000E-05
2001-12-26T22:20:29.948 -1.17079300E-03  1.62644050E-02  1.58836500E-03
2001-12-26T22:20:30.944  9.42504000E-04  1.77542720E-02  1.22484000E-04
2001-12-26T22:20:31.948  8.57730000E-05  1.71653200E-02 -1.88446000E-04
2001-12-26T22:20:32.944 -1.46614300E-03  1.56823170E-02  7.58788000E-04
2001-12-26T22:20:33.944  6.71851000E-04  1.74778570E-02  7.33362000E-04
2001-12-26T22:20:34.944 -1.33486000E-04  1.69982760E-02 -1.58340000E-05
2001-12-26T22:20:35.948 -3.59884000E-04  1.72177120E-02  1.95756000E-04
2001-12-26T22:20:36.944 -4.21974000E-04  1.79481020E-02  9.29403000E-04
2001-12-26T22:20:37.948  1.03130000E-04  1.82504880E-02  1.43972800E-03
2001-12-26T22:20:38.948 -1.59747300E-03  1.72897340E-02  1.75212000E-04
2001-12-26T22:20:39.948 -3.72331000E-04  1.88195200E-02 -7.93250000E-05
2001-12-26T22:20:40.952 -2.81001000E-04  1.92219130E-02 -1.08816000E-04
2001-12-26T22:20:41.948 -1.01236700E-03  1.73133910E-02  8.35763000E-04
2001-12-26T22:20:42.944  9.93290000E-05  1.85242630E-02 -2.56377000E-04
2001-12-26T22:20:43.948  1.05607000E-04  1.87937380E-02 -3.84338000E-04
2001-12-26T22:20:44.944 -1.00083700E-03  1.81536230E-02 -1.44118000E-04
2001-12-26T22:20:45.948 -1.02600400E-03  1.83406450E-02  3.66620000E-04
2001-12-26T22:20:46.944 -5.00146000E-04  1.88591740E-02 -5.93247000E-04
2001-12-26T22:20:47.948  3.89330000E-05  1.92145330E-02 -7.22454000E-04
2001-12-26T22:20:48.944  4.71000000E-05  1.92928070E-02 -1.23222000E-04
2001-12-26T22:20:49.944 -3.45594000E-04  1.96096990E-02  9.00584000E-04
2001-12-26T22:20:50.944 -8.37500000E-06  1.94463490E-02  9.48054000E-04
2001-12-26T22:20:51.948 -5.62606000E-04  2.02843170E-02  6.63137000E-04
2001-12-26T22:20:52.944 -6.12761000E-04  2.01720170E-02  3.03407000E-04
2001-12-26T22:20:53.948 -7.63279000E-04  2.03229640E-02  4.87820000E-04
2001-12-26T22:20:54.948 -6.43702000E-04  2.05461030E-02  4.86696000E-04
2001-12-26T22:20:55.948  2.32581000E-04  2.17362530E-02 -6.30842000E-04
2001-12-26T22:20:56.952 -9.41652000E-04  2.14342770E-02  3.68783000E-04
2001-12-26T22:20:57.948 -6.54618000E-04  2.16433650E-02  3.42720000E-05
2001-12-26T22:20:58.944 -1.54654000E-04  2.24379800E-02  3.20182000E-04
2001-12-26T22:20:59.948 -8.61000000E-05  2.36178640E-02 -2.39073000E-04
2001-12-26T22:21:00.944 -1.11718000E-04  2.39200700E-02  6.15838000E-04
2001-12-26T22:21:01.948 -2.15630000E-04  2.36914200E-02  9.12209000E-04
2001-12-26T22:21:02.944 -1.39539500E-03  2.40661890E-02  6.67920000E-05
2001-12-26T22:21:03.948 -7.61036000E-04  2.40642170E-02 -1.17227000E-04
2001-12-26T22:21:04.944  6.23871000E-04  2.59453280E-02  9.36449000E-04
2001-12-26T22:21:05.944 -9.33619000E-04  2.50076610E-02  6.77989000E-04
2001-12-26T22:21:06.944 -5.10463000E-04  2.58282180E-02 -8.14403000E-04
2001-12-26T22:21:07.948 -1.09446000E-03  2.62593120E-02 -9.59020000E-05
2001-12-26T22:21:08.944  1.03452400E-03  2.75353450E-02  1.77742500E-03
2001-12-26T22:21:09.948 -1.33217500E-03  2.61469950E-02  1.30971400E-03
2001-12-26T22:21:10.948 -1.41637300E-03  2.66917290E-02  2.65450000E-05
2001-12-26T22:21:11.948 -6.00700000E-06  2.67171490E-02  6.26290000E-05
2001-12-26T22:21:12.952 -3.40363000E-04  2.81113960E-02  5.85510000E-04
2001-12-26T22:21:13.948 -1.58268000E-03  2.63930110E-02  7.10725000E-04
2001-12-26T22:21:14.944 -1.67402000E-03  2.70219990E-02  3.01984000E-04
2001-12-26T22:21:15.948  1.80922000E-04  2.74443920E-02  1.71410000E-04
2001-12-26T22:21:16.944 -1.65245900E-03  2.60409640E-02  5.65291000E-04
2001-12-26T22:21:17.948 -1.51214900E-03  2.55876820E-02  1.99847100E-03
2001-12-26T22:21:18.944  8.47768000E-04  2.65209080E-02  5.36273000E-04
2001-12-26T22:21:19.948 -7.33687000E-04  2.54547560E-02  3.05047000E-04
2001-12-26T22:21:20.944 -7.86402000E-04  2.45674900E-02  3.61392000E-04
2001-12-26T22:21:21.944 -7.89985000E-04  2.35612090E-02  5.77859000E-04
2001-12-26T22:21:22.944 -1.01723600E-03  2.38482620E-02  2.27977000E-04
2001-12-26T22:21:23.948 -9.27897000E-04  2.38296890E-02  3.53240000E-05
2001-12-26T22:21:24.944 -1.27842200E-03  2.37150380E-02  7.96529000E-04
2001-12-26T22:21:25.948 -6.70918000E-04  2.32206470E-02  3.65354000E-04
2001-12-26T22:21:26.948  1.06079000E-04  2.36760470E-02 -3.14003000E-04
2001-12-26T22:21:27.948  1.14046500E-03  2.37449710E-02 -9.09102000E-04
2001-12-26T22:21:28.952 -9.07404000E-04  2.11940560E-02  9.31472000E-04
2001-12-26T22:21:29.948 -1.54139000E-04  2.23443100E-02 -7.97858000E-04
2001-12-26T22:21:30.944 -1.01439600E-03  2.09370830E-02  4.58848000E-04
2001-12-26T22:21:31.948  2.47707000E-04  2.18403470E-02 -1.78767000E-04
2001-12-26T22:21:32.944 -5.73726000E-04  2.04027390E-02  6.77135000E-04
2001-12-26T22:21:33.948 -3.84691000E-04  2.09510120E-02  2.17002000E-04
2001-12-26T22:21:34.944 -1.73487000E-04  2.09593140E-02  1.79666000E-04
2001-12-26T22:21:35.948 -8.21757000E-04  2.09185390E-02  9.04250000E-05
2001-12-26T22:21:36.944 -7.35141000E-04  2.24448330E-02 -6.89850000E-05
2001-12-26T22:21:37.944  3.35597000E-04  2.36084370E-02  4.94334000E-04
2001-12-26T22:21:38.944  7.93057000E-04  2.41668540E-02 -4.33144000E-04
2001-12-26T22:21:39.948  4.51510000E-05  2.38574740E-02 -2.70769000E-04
2001-12-26T22:21:40.944  1.68413300E-03  2.50225810E-02 -2.67854000E-04
2001-12-26T22:21:41.948  9.78716000E-04  2.54729130E-02  3.58265000E-04
2001-12-26T22:21:42.948  1.00238600E-03  2.53125820E-02  3.96044000E-04
2001-12-26T22:21:43.948  3.33752000E-04  2.52765620E-02 -4.67335000E-04
2001-12-26T22:21:44.952  1.56560000E-04  2.46552320E-02  1.12909600E-03
2001-12-26T22:21:45.948  8.78217000E-04  2.43999160E-02 -3.28080000E-05
2001-12-26T22:21:46.944  5.52452000E-04  2.40032640E-02 -1.85983000E-04
2001-12-26T22:21:47.948 -1.51475700E-03  2.22863720E-02  7.65282000E-04
2001-12-26T22:21:48.944 -3.95070000E-04  2.23738270E-02  9.62972000E-04
2001-12-26T22:21:49.948  1.09319200E-03  2.29027940E-02  6.48476000E-04
2001-12-26T22:21:50.944 -6.72389000E-04  2.11935450E-02 -1.24462000E-04
2001-12-26T22:21:51.948 -1.09238700E-03  2.08562220E-02  1.20615900E-03
2001-12-26T22:21:52.948  2.58228000E-04  2.23208960E-02  3.69009000E-04
2001-12-26T22:21:53.944 -1.07212400E-03  2.10388210E-02  3.19502000E-04
2001-12-26T22:21:54.944  1.02214000E-03  2.28686840E-02 -7.08332000E-04
2001-12-26T22:21:55.948 -1.17581500E-03  2.15455410E-02  1.41612700E-03
2001-12-26T22:21:56.944 -1.25661500E-03  2.10205260E-02  9.67773000E-04
2001-12-26T22:21:57.952 -8.57211000E-04  2.21069730E-02 -4.44944000E-04
2001-12-26T22:21:58.948  8.07221000E-04  2.40449630E-02 -6.11560000E-04
2001-12-26T22:21:59.948 -1.58745600E-03  2.20836610E-02  1.04656100E-03
2001-12-26T22:22:00.952 -8.16722000E-04  2.23492230E-02  1.31017400E-03
2001-12-26T22:22:01.948  5.20562000E-04  2.38463750E-02  7.30815000E-04
2001-12-26T22:22:02.944 -1.03168100E-03  2.12698040E-02  7.01778000E-04
2001-12-26T22:22:03.948 -7.07543000E-04  2.02557950E-02  1.77213000E-04
2001-12-26T22:22:04.944  1.12553900E-03  2.18104460E-02  1.43864300E-03
2001-12-26T22:22:05.948 -5.16901000E-04  2.06777320E-02  1.24543000E-04
2001-12-26T22:22:06.944 -1.09911500E-03  2.07682480E-02 -3.24777000E-04
2001-12-26T22:22:07.948  7.53937000E-04  2.08871680E-02  1.07698100E-03
2001-12-26T22:22:08.944 -2.97738000E-04  2.11345120E-02  2.06755700E-03
2001-12-26T22:22:09.944 -7.16630000E-04  2.03512550E-02 -2.45070000E-04
2001-12-26T22:22:10.944 -6.09451000E-04  2.01451460E-02  2.61431000E-04
2001-12-26T22:22:11.948 -3.52561000E-04  1.96011530E-02  8.16831000E-04
2001-12-26T22:22:12.944 -2.14210000E-05  1.93740800E-02  4.41611000E-04
2001-12-26T22:22:13.948  3.26354000E-04  1.89879570E-02 -8.85180000E-05
2001-12-26T22:22:14.948 -9.18221000E-04  1.55027900E-02  6.39020000E-04
2001-12-26T22:22:15.948  9.81160000E-04  1.72470680E-02  4.34154000E-04
2001-12-26T22:22:16.952  1.32333000E-04  1.61989050E-02  1.15979000E-04
2001-12-26T22:22:17.948 -1.72412100E-03  1.57323480E-02 -2.15943000E-04
2001-12-26T22:22:18.944  1.41285000E-03  1.67935900E-02 -7.03455000E-04
2001-12-26T22:22:19.948  5.00110000E-04  1.62341910E-02  5.39664000E-04
2001-12-26T22:22:20.944  1.36501000E-04  1.58864800E-02 -3.34420000E-04
2001-12-26T22:22:21.948  5.76695000E-04  1.54481480E-02  1.98706000E-04
2001-12-26T22:22:22.944  6.17593000E-04  1.56147980E-02 -5.22493000E-04
2001-12-26T22:22:23.948 -8.36600000E-06  1.62649770E-02 -2.63700000E-05
2001-12-26T22:22:24.944  5.52100000E-05  1.64060820E-02 -5.52162000E-04
2001-12-26T22:22:25.944  6.28867000E-04  1.54725500E-02  6.79556000E-04
2001-12-26T22:22:26.944  7.08720000E-05  1.58696310E-02 -3.29395000E-04
2001-12-26T22:22:27.948  7.34748000E-04  1.53753880E-02  3.02924000E-04
2001-12-26T22:22:28.944  1.02162300E-03  1.53639360E-02  5.97072000E-04
2001-12-26T22:22:29.948  4.12220000E-04  1.52411280E-02  2.18066000E-04
2001-12-26T22:22:30.948 -1.37648800E-03  1.26903740E-02  2.40157000E-04
2001-12-26T22:22:31.948  8.59323000E-04  1.42423030E-02  1.01405300E-03
2001-12-26T22:22:32.952 -1.78630900E-03  1.18297370E-02  1.37387600E-03
2001-12-26T22:22:33.948  5.24026000E-04  1.39823980E-02 -5.18296000E-04
2001-12-26T22:22:34.944 -1.08286900E-03  1.22059150E-02  1.18534800E-03
2001-12-26T22:22:35.948  6.38500000E-04  1.36411570E-02  1.05657000E-03
2001-12-26T22:22:36.948 -1.53116000E-04  1.27209230E-02  1.16019500E-03
2001-12-26T22:22:37.948 -1.58539300E-03  1.11351250E-02 -4.01479000E-04
2001-12-26T22:22:38.944 -9.40710000E-04  1.12552120E-02 -4.15478000E-04
2001-12-26T22:22:39.948  2.87317000E-04  1.16505890E-02  5.66721000E-04
2001-12-26T22:22:40.944  1.76169000E-04  1.14736020E-02  9.19671000E-04
2001-12-26T22:22:41.944  3.81527000E-04  1.24360430E-02  5.73505000E-04
2001-12-26T22:22:42.944  2.22126000E-04  1.20557070E-02 -1.46704000E-04
2001-12-26T22:22:43.948  3.18829000E-04  1.13421910E-02 -2.74764000E-04
2001-12-26T22:22:44.944 -4.89791000E-04  1.09256760E-02  8.11126000E-04
2001-12-26T22:22:45.948 -1.29427300E-03  1.09561100E-02  7.81482000E-04
2001-12-26T22:22:46.948 -1.13777100E-03  9.94375600E-03  1.42506000E-04
2001-12-26T22:22:47.948 -7.21968000E-04  1.04192090E-02 -3.91724000E-04
2001-12-26T22:22:48.948 -2.49911000E-04  1.13262400E-02  4.65494000E-04
2001-12-26T22:22:49.948  1.02663400E-03  1.22825930E-02  4.90850000E-04
2001-12-26T22:22:50.944  4.15695000E-04  1.24657760E-02 -2.41783000E-04
2001-12-26T22:22:51.948 -1.01440000E-04  1.06925560E-02  2.16234000E-04
2001-12-26T22:22:52.944  1.34553600E-03  1.16933220E-02  6.98599000E-04
2001-12-26T22:22:53.948  3.60290000E-04  1.20427930E-02  8.29252000E-04
2001-12-26T22:22:54.944  4.47263000E-04  1.21041150E-02  4.34716000E-04
2001-12-26T22:22:55.948  9.59499000E-04  1.14117400E-02  2.47560000E-05
2001-12-26T22:22:56.944 -1.44592200E-03  8.89122400E-03  2.43510000E-05
2001-12-26T22:22:57.944 -6.81019000E-04  8.97165900E-03  5.62834000E-04
2001-12-26T22:22:58.944  1.25391500E-03  9.86767300E-03 -3.06019000E-04
2001-12-26T22:22:59.948 -1.49955100E-03  7.94710100E-03  7.14873000E-04
2001-12-26T22:23:00.944  9.56383000E-04  9.54626200E-03  2.00025000E-04
2001-12-26T22:23:01.948 -2.11975000E-04  7.75022100E-03 -6.14184000E-04
2001-12-26T22:23:02.948  2.65221000E-04  9.27414000E-03  6.61668000E-04
2001-12-26T22:23:03.948 -1.82785500E-03  7.26735400E-03  4.74134000E-04
2001-12-26T22:23:04.952  1.05465400E-03  8.92469800E-03  7.73006000E-04
2001-12-26T22:23:05.948 -7.08970000E-04  7.47630700E-03  6.13133000E-04
2001-12-26T22:23:06.944  5.17360000E-05  7.35431200E-03 -5.29737000E-04
2001-12-26T22:23:07.948  9.11062000E-04  8.48897500E-03  1.13356400E-03
2001-12-26T22:23:08.944 -2.84166000E-04  6.79750200E-03  7.76338000E-04
2001-12-26T22:23:09.948 -2.13728000E-04  7.22175400E-03 -6.88741000E-04
2001-12-26T22:23:10.944  8.89037000E-04  8.86652100E-03 -3.36783000E-04
2001-12-26T22:23:11.948 -3.60061000E-04  7.85007000E-03  1.07578900E-03
2001-12-26T22:23:12.944 -1.75902700E-03  6.94597900E-03  5.41566000E-04
2001-12-26T22:23:13.944 -1.89094000E-04  7.62909000E-03 -2.53955000E-04
2001-12-26T22:23:14.944  2.26515000E-04  8.58695300E-03 -4.86490000E-04
2001-12-26T22:23:15.948 -2.28800000E-05  7.27765100E-03  1.54797000E-04
2001-12-26T22:23:16.944 -6.69901000E-04  6.51156700E-03  8.64313000E-04
2001-12-26T22:23:17.948 -2.09055000E-04  7.34976100E-03  1.02014000E-04
2001-12-26T22:23:18.948  8.28367000E-04  7.77779600E-03 -3.85626000E-04
2001-12-26T22:23:19.948  9.43790000E-04  6.98942700E-03  5.69885000E-04
2001-12-26T22:23:20.952  1.05800000E-05  7.14829700E-03  5.03927000E-04
2001-12-26T22:23:21.948  1.18277100E-03  7.31324600E-03 -4.35154000E-04
2001-12-26T22:23:22.944 -2.87286000E-04  5.87987300E-03 -5.01110000E-04
2001-12-26T22:23:23.948 -5.02256000E-04  4.43780900E-03 -4.74518000E-04
2001-12-26T22:23:24.944 -9.64971000E-04  5.10516800E-03  6.16820000E-04
2001-12-26T22:23:25.948 -2.54348000E-04  5.25931400E-03  6.03090000E-05
2001-12-26T22:23:26.944 -3.63302000E-04  6.04121200E-03 -1.08754000E-04
2001-12-26T22:23:27.948  4.49253000E-04  6.54145700E-03  5.97155000E-04
2001-12-26T22:23:28.944  1.17549100E-03  6.42614100E-03 -1.82831000E-04
2001-12-26T22:23:29.944  8.45850000E-04  7.07853700E-03 -8.52870000E-04
2001-12-26T22:23:30.944  8.14021000E-04  7.24939900E-03  1.43791000E-04
2001-12-26T22:23:31.948  4.27910000E-05  6.07352100E-03  1.23839000E-04
2001-12-26T22:23:32.944 -7.09680000E-05  6.92705700E-03 -4.78528000E-04
2001-12-26T22:23:33.948 -4.01670000E-04  5.66153700E-03 -8.16387000E-04
2001-12-26T22:23:34.948 -5.48844000E-04  6.58571100E-03 -2.45924000E-04
2001-12-26T22:23:35.948 -8.23110000E-05  5.80447400E-03 -2.86782000E-04
2001-12-26T22:23:36.948 -1.27141200E-03  5.75198200E-03 -1.18196000E-04
2001-12-26T22:23:37.948 -6.00103000E-04  4.98031100E-03 -1.51410000E-04
2001-12-26T22:23:38.944 -7.64650000E-04  5.70017000E-03 -2.07434000E-04
2001-12-26T22:23:39.948  2.24951000E-04  6.45469300E-03  8.97864000E-04
2001-12-26T22:23:40.944  1.10563300E-03  6.53462700E-03  9.45299000E-04
2001-12-26T22:23:41.948 -1.81147200E-03  4.42860700E-03  3.27280000E-05
2001-12-26T22:23:42.944 -1.21451400E-03  5.69180300E-03 -7.67947000E-04
2001-12-26T22:23:43.948  8.89161000E-04  5.78011900E-03  1.19437000E-04
2001-12-26T22:23:44.944  1.10036300E-03  6.19023600E-03  2.08170000E-04
2001-12-26T22:23:45.944  3.11935000E-04  6.06232000E-03 -9.12360000E-05
2001-12-26T22:23:46.944 -9.23080000E-04  4.32504000E-03 -6.11773000E-04
2001-12-26T22:23:47.948  4.74729000E-04  5.34697100E-03  9.99960000E-05
2001-12-26T22:23:48.944  6.70199000E-04  5.38377600E-03 -2.64023000E-04
2001-12-26T22:23:49.948 -8.80834000E-04  4.51035800E-03  1.46025000E-04
2001-12-26T22:23:50.948  5.54945000E-04  5.80565400E-03  7.58500000E-06
2001-12-26T22:23:51.948 -1.34648800E-03  3.48053200E-03 -5.39120000E-05
2001-12-26T22:23:52.952  3.59498000E-04  5.75261400E-03  6.57271000E-04
2001-12-26T22:23:53.948 -1.56491200E-03  4.34571300E-03  1.68572000E-04
2001-12-26T22:23:54.944  3.31640000E-04  5.45413800E-03 -6.60771000E-04
2001-12-26T22:23:55.948 -9.73144000E-04  4.69772100E-03 -2.23731000E-04
2001-12-26T22:23:56.944 -6.11862000E-04  5.16054200E-03  1.09632100E-03
2001-12-26T22:23:57.952  8.02455000E-04  5.73248000E-03  6.62765000E-04
2001-12-26T22:23:58.944 -1.12594000E-03  4.05975000E-03 -5.82264000E-04
2001-12-26T22:23:59.948  1.00942600E-03  4.76168000E-03 -3.37298000E-04
2001-12-26T22:24:00.944 -5.27686000E-04  2.66371900E-03  6.04605000E-04
2001-12-26T22:24:01.944  6.53160000E-04  4.70378200E-03  3.27719000E-04
2001-12-26T22:24:02.944 -7.02508000E-04  3.64886700E-03 -3.34836000E-04
2001-12-26T22:24:03.948  2.45366000E-04  4.36329700E-03  4.46520000E-05
2001-12-26T22:24:04.944  5.38999000E-04  3.53626100E-03  6.69269000E-04
2001-12-26T22:24:05.952  1.60865000E-04  4.05244200E-03  8.49253000E-04
2001-12-26T22:24:06.948  7.60625000E-04  4.02160700E-03 -6.47264000E-04
2001-12-26T22:24:07.948  2.63830000E-05  3.70289900E-03  6.10173000E-04
2001-12-26T22:24:08.948  6.98821000E-04  4.60753500E-03  6.78398000E-04
2001-12-26T22:24:09.948  1.99009000E-04  4.10048100E-03 -3.73498000E-04
2001-12-26T22:24:10.944  1.00002200E-03  5.03839600E-03 -4.45958000E-04
2001-12-26T22:24:11.948  6.08780000E-05  4.53361400E-03  5.64340000E-04
2001-12-26T22:24:12.944 -6.47812000E-04  4.10551100E-03  1.54878000E-04
2001-12-26T22:24:13.952 -2.57803000E-04  4.77177000E-03 -6.75796000E-04
2001-12-26T22:24:14.944 -2.74133000E-04  4.43534100E-03 -9.64278000E-04
2001-12-26T22:24:15.948 -3.51258000E-04  4.59567100E-03  2.87555000E-04
2001-12-26T22:24:16.944 -8.15871000E-04  3.85006900E-03  2.98354000E-04
2001-12-26T22:24:17.944  7.33157000E-04  3.78743100E-03  8.91665000E-04
2001-12-26T22:24:18.944 -4.29165000E-04  2.31510500E-03 -4.18718000E-04
2001-12-26T22:24:19.948  2.30455000E-04  3.41010400E-03  9.98066000E-04
2001-12-26T22:24:20.944 -1.71430000E-05  4.20090300E-03  1.46960800E-03
2001-12-26T22:24:21.948 -9.58022000E-04  3.64476700E-03 -3.45813000E-04
2001-12-26T22:24:22.948 -1.29207000E-04  4.88005000E-03  2.17097000E-04
2001-12-26T22:24:23.948 -1.30342200E-03  4.22275800E-03 -2.79551000E-04
2001-12-26T22:24:24.948 -1.83090000E-05  5.10549400E-03  2.46155000E-04
2001-12-26T22:24:25.948 -1.43173000E-04  3.91016100E-03 -1.75252000E-04
2001-12-26T22:24:26.944  7.15773000E-04  4.61196100E-03  6.54800000E-05
2001-12-26T22:24:27.948 -6.98130000E-05  2.93097900E-03  5.64968000E-04
2001-12-26T22:24:28.944  6.44215000E-04  4.60776700E-03  9.79974000E-04
2001-12-26T22:24:29.948 -1.07648100E-03  3.36759900E-03 -1.59767000E-04
2001-12-26T22:24:30.944  1.21923200E-03  4.67323000E-03 -5.89729000E-04
2001-12-26T22:24:31.948 -2.41312000E-04  4.60643800E-03  2.65987000E-04
2001-12-26T22:24:32.944 -2.49827000E-04  2.42408200E-03  2.10126000E-04
2001-12-26T22:24:33.944  1.36431500E-03  3.61749600E-03  7.00660000E-04
2001-12-26T22:24:34.944  3.84410000E-05  4.03019200E-03 -1.62398000E-04
2001-12-26T22:24:35.948 -1.09026200E-03  2.66497100E-03 -5.06881000E-04
2001-12-26T22:24:36.944  1.13781000E-04  2.10854900E-03 -2.28627000E-04
2001-12-26T22:24:37.948  4.80291000E-04  3.94125800E-03  3.53443000E-04
2001-12-26T22:24:38.948  9.32561000E-04  3.10178000E-03  6.02622000E-04
2001-12-26T22:24:39.948  2.99151000E-04  3.48688100E-03 -3.75825000E-04
2001-12-26T22:24:40.948  6.84713000E-04  2.51405800E-03  8.06300000E-05
2001-12-26T22:24:41.948 -7.33365000E-04  2.92401500E-03  1.23617000E-04
2001-12-26T22:24:42.944 -5.18336000E-04  1.60297600E-03 -1.71994000E-04
2001-12-26T22:24:43.948 -1.22275700E-03  2.34846500E-03 -3.84482000E-04
2001-12-26T22:24:44.944 -7.01823000E-04  1.35764200E-03 -1.37093000E-04
2001-12-26T22:24:45.952 -2.15934000E-04  2.81495100E-03  1.00444200E-03
2001-12-26T22:24:46.944  7.69090000E-04  3.35320000E-03 -3.21002000E-04
2001-12-26T22:24:47.948  8.14726000E-04  3.24631300E-03 -5.75700000E-06
2001-12-26T22:24:48.944  1.99423000E-04  3.60667400E-03  8.08952000E-04
2001-12-26T22:24:49.944  3.47082000E-04  1.97656900E-03  4.09603000E-04
2001-12-26T22:24:50.944 -1.25412700E-03  3.13697500E-03  4.81751000E-04
2001-12-26T22:24:51.948 -8.00544000E-04  1.45171900E-03  1.74955000E-04
2001-12-26T22:24:52.944 -3.90316000E-04  9.03202000E-04 -5.54525000E-04
2001-12-26T22:24:53.948 -1.11583600E-03  1.36948200E-03  5.09956000E-04
2001-12-26T22:24:54.948 -4.64553000E-04  6.62969000E-04  5.07397000E-04
2001-12-26T22:24:55.948 -1.15488100E-03  1.45553400E-03 -1.42890000E-05
2001-12-26T22:24:56.948 -6.39408000E-04  1.57546300E-03  1.00339000E-04
2001-12-26T22:24:57.948 -8.53299000E-04  1.77707600E-03  8.29827000E-04
2001-12-26T22:24:58.944 -3.28166000E-04  2.11256400E-03  9.18102000E-04
2001-12-26T22:24:59.948  2.52367000E-04  2.72768300E-03 -7.02735000E-04
2001-12-26T22:25:00.944  1.02065500E-03  2.43319900E-03 -1.09375400E-03
2001-12-26T22:25:01.952 -6.72219000E-04  5.33215000E-04  2.98790000E-04
2001-12-26T22:25:02.944 -7.13004000E-04 -1.56237000E-04  6.98528000E-04
2001-12-26T22:25:03.948 -3.32670000E-05  7.36893000E-04 -7.09841000E-04
2001-12-26T22:25:04.944 -1.27451000E-04  2.34012100E-03 -4.30588000E-04
2001-12-26T22:25:05.944  4.06013000E-04  2.52085400E-03  7.70823000E-04
2001-12-26T22:25:06.944  3.63384000E-04  1.25797200E-03  1.04005000E-03
2001-12-26T22:25:07.948 -1.80135000E-04  3.79564000E-04  1.71577000E-04
2001-12-26T22:25:08.944 -6.41931000E-04  1.24597000E-04 -6.68558000E-04
2001-12-26T22:25:09.948 -4.65287000E-04  1.42096300E-03  2.44905000E-04
2001-12-26T22:25:10.948  1.09889000E-04  2.13868300E-03  7.31112000E-04
2001-12-26T22:25:11.948  8.94032000E-04  2.52736000E-03 -5.54514000E-04
2001-12-26T22:25:12.952  2.22517000E-04  1.09612500E-03  5.34900000E-06
2001-12-26T22:25:13.948 -7.46792000E-04 -1.27593000E-04 -1.29172900E-03
2001-12-26T22:25:14.944  1.66837000E-04  1.34671000E-03 -6.93358000E-04
2001-12-26T22:25:15.948  4.36008000E-04  1.90283500E-03 -2.02720000E-05
2001-12-26T22:25:16.944  5.44326000E-04  2.02396300E-03 -1.04443000E-03
2001-12-26T22:25:17.952  1.50130000E-05  9.45943000E-04 -1.64525000E-04
2001-12-26T22:25:18.944 -9.47503000E-04  4.08039000E-04  6.87570000E-05
2001-12-26T22:25:19.948 -1.05628900E-03  8.07358000E-04  3.05877000E-04
2001-12-26T22:25:20.944 -2.34929000E-04  1.71813100E-03 -9.73610000E-05
2001-12-26T22:25:21.944  2.21736000E-04  2.10471800E-03  1.42386000E-04
2001-12-26T22:25:22.944  1.02210000E-03  2.01072200E-03  9.42456000E-04
2001-12-26T22:25:23.948 -1.08934700E-03  5.72212000E-04  8.40289000E-04
2001-12-26T22:25:24.944 -9.84029000E-04  6.49395000E-04 -1.93126000E-04
2001-12-26T22:25:25.948 -1.89483000E-04  1.63566100E-03 -3.80059000E-04
2001-12-26T22:25:26.948  1.70958000E-04  2.71906600E-03  6.86420000E-05
2001-12-26T22:25:27.948 -9.99654000E-04  1.61785300E-03  3.04526000E-04
2001-12-26T22:25:28.948 -9.11865000E-04  8.45321000E-04 -1.87997000E-04
2001-12-26T22:25:29.948  1.81894000E-04  1.81892300E-03 -5.90540000E-04
2001-12-26T22:25:30.944 -9.53188000E-04  8.55895000E-04  2.57870000E-04
2001-12-26T22:25:31.948 -1.62785400E-03  8.92814000E-04  5.92810000E-04
2001-12-26T22:25:32.944  1.98440000E-05  1.75263700E-03 -3.31930000E-05
2001-12-26T22:25:33.952 -9.23421000E-04  6.95942000E-04 -3.43823000E-04
2001-12-26T22:25:34.944 -1.25316300E-03  1.06967800E-03  2.99336000E-04
2001-12-26T22:25:35.948  5.28057000E-04  1.21198600E-03  1.81101000E-04
2001-12-26T22:25:36.944 -1.06151800E-03  7.69210000E-05  1.31747500E-03
2001-12-26T22:25:37.944  4.68050000E-04  1.53704000E-04 -1.17036700E-03
2001-12-26T22:25:38.944  3.77306000E-04 -8.63780000E-05 -6.67158000E-04
2001-12-26T22:25:39.948 -5.64006000E-04 -6.33424000E-04  1.82175000E-04
2001-12-26T22:25:40.944  8.22114000E-04  7.95264000E-04  4.18470000E-05
2001-12-26T22:25:41.948 -3.05890000E-04 -6.91735000E-04  6.61581000E-04
2001-12-26T22:25:42.948  2.14745000E-04  2.22916000E-04  3.92670000E-05
2001-12-26T22:25:43.944  1.12883100E-03  1.06395400E-03  3.40484000E-04
2001-12-26T22:25:44.948 -1.20054500E-03 -5.73867000E-04  1.25238800E-03
2001-12-26T22:25:45.948  6.92603000E-04  9.36644000E-04 -5.67242000E-04
2001-12-26T22:25:46.944 -3.45930000E-04 -2.12849000E-04 -3.27420000E-04
2001-12-26T22:25:47.944 -7.87276000E-04  6.23313000E-04  2.99567000E-04
2001-12-26T22:25:48.944  3.68642000E-04  2.24644600E-03 -9.47010000E-05
2001-12-26T22:25:49.952 -1.43634900E-03  5.19545000E-04 -1.97650000E-05
2001-12-26T22:25:50.944  4.24420000E-05  1.09727800E-03 -7.91961000E-04
2001-12-26T22:25:51.948  8.36729000E-04  7.53252000E-04 -9.97914000E-04
2001-12-26T22:25:52.944  3.20656000E-04 -1.01362000E-03  1.58592000E-04
2001-12-26T22:25:53.944  7.91830000E-04  6.96668000E-04  4.96986000E-04
2001-12-26T22:25:54.944 -7.31279000E-04 -6.95321000E-04 -7.05417000E-04
2001-12-26T22:25:55.948  9.86781000E-04  3.40307000E-04 -2.18599000E-04
2001-12-26T22:25:56.944  3.11314000E-04  4.23294000E-04  4.60143000E-04
2001-12-26T22:25:57.948 -5.19407000E-04  2.46233000E-04 -4.53875000E-04
2001-12-26T22:25:58.944 -2.04759000E-04  1.27778200E-03 -1.90883000E-04
2001-12-26T22:25:59.944 -1.84227700E-03  3.56299000E-04  2.09661000E-04
2001-12-26T22:26:00.948  8.04685000E-04  1.13471200E-03  1.14466300E-03
2001-12-26T22:26:01.948 -9.43701000E-04 -7.71794000E-04 -6.08765000E-04
2001-12-26T22:26:02.944  1.03383300E-03  3.09401000E-04  9.22110000E-05
2001-12-26T22:26:03.944 -4.30578000E-04 -6.53126000E-04  6.35721000E-04
2001-12-26T22:26:04.944  3.31982000E-04  6.10992000E-04  1.16436800E-03
2001-12-26T22:26:05.952 -1.03048700E-03  5.29830000E-05  7.76430000E-04
2001-12-26T22:26:06.944 -1.01353200E-03  5.43355000E-04  6.93660000E-05
2001-12-26T22:26:07.948  2.47733000E-04  4.98037000E-04 -5.14380000E-05
2001-12-26T22:26:08.944 -4.28324000E-04 -6.99387000E-04  1.49215800E-03
2001-12-26T22:26:09.944  1.42934100E-03  2.41123000E-04  3.20829000E-04
2001-12-26T22:26:10.944 -1.35318000E-04 -9.58682000E-04 -1.09830000E-03
2001-12-26T22:26:11.948  5.29760000E-04  1.27636700E-03  2.09858000E-04
2001-12-26T22:26:12.944 -8.97662000E-04  4.36929000E-04  3.17672000E-04
2001-12-26T22:26:14.049 -3.63000000E-06  7.30450000E-04  2.54791000E-04
2001-12-26T22:26:14.944 -1.02543800E-03  8.84760000E-05 -6.55496000E-04
2001-12-26T22:26:15.948 -2.65963000E-04  4.48184000E-04  6.24350000E-05
2001-12-26T22:26:16.948  4.13442000E-04 -4.74485000E-04  2.07984000E-04
2001-12-26T22:26:17.948 -6.64494000E-04 -5.16220000E-05  1.10722000E-04
2001-12-26T22:26:18.944  3.35268000E-04  8.93591000E-04 -8.10008000E-04
2001-12-26T22:26:19.944 -8.13235000E-04 -1.24695000E-04 -1.93463000E-04
2001-12-26T22:26:20.944  1.10280000E-04  5.93549000E-04  3.24743000E-04
2001-12-26T22:26:21.952 -1.31442200E-03 -4.12916000E-04  5.82650000E-04
2001-12-26T22:26:22.944  1.18892500E-03  1.42191000E-04 -2.93854000E-04
2001-12-26T22:26:23.948 -5.54780000E-04 -8.03814000E-04 -9.53305000E-04
2001-12-26T22:26:24.944  4.77860000E-04  1.00607000E-03 -1.02980000E-05
2001-12-26T22:26:25.944 -1.42710900E-03  7.68490000E-05  9.89402000E-04
2001-12-26T22:26:26.944  4.44996000E-04  6.65924000E-04  1.43490700E-03
2001-12-26T22:26:27.948 -1.55034000E-04 -3.37903000E-04  1.79078000E-04
2001-12-26T22:26:28.944  7.08668000E-04 -1.67675000E-04 -2.09670000E-05
2001-12-26T22:26:29.948 -5.78526000E-04 -1.22413000E-04  1.16422600E-03
2001-12-26T22:26:30.944 -4.71443000E-04  1.07464900E-03  4.23217000E-04
2001-12-26T22:26:31.944 -3.25427000E-04  4.14599000E-04  6.91582000E-04
2001-12-26T22:26:32.948  1.26002000E-04 -1.51056000E-04 -1.28137700E-03
2001-12-26T22:26:33.948  4.10607000E-04 -2.49705000E-04 -8.19074000E-04
2001-12-26T22:26:34.944 -9.88600000E-05 -3.54584000E-04  1.75185000E-04
2001-12-26T22:26:35.948 -2.30655000E-04  4.50864000E-04  5.90754000E-04
2001-12-26T22:26:36.944 -1.23838900E-03  3.13274000E-04 -3.32426000E-04
2001-12-26T22:26:37.952  7.51579000E-04  1.02216500E-03 -7.26938000E-04
2001-12-26T22:26:38.944 -7.14720000E-04 -8.50332000E-04 -4.80236000E-04
2001-12-26T22:26:39.948  1.42645600E-03  5.83918000E-04  9.85011000E-04
2001-12-26T22:26:40.944 -9.13685000E-04 -4.56194000E-04  4.04550000E-04
2001-12-26T22:26:41.944  8.22759000E-04  9.55732000E-04 -3.28935000E-04
2001-12-26T22:26:42.944 -1.11387800E-03 -5.26872000E-04 -7.10044000E-04
2001-12-26T22:26:43.948  4.70600000E-05  1.42884400E-03 -1.97070000E-05
2001-12-26T22:26:44.944 -4.72400000E-04 -8.78995000E-04 -4.63139000E-04
2001-12-26T22:26:45.948  1.11341500E-03  2.63709000E-04 -1.32370000E-04
2001-12-26T22:26:46.944 -9.49854000E-04 -8.90731000E-04  1.06667200E-03
2001-12-26T22:26:47.944 -1.05512000E-04  9.19672000E-04 -5.59492000E-04
2001-12-26T22:26:48.948 -5.43625000E-04  4.39472000E-04  2.42304000E-04
2001-12-26T22:26:49.948  4.69314000E-04  6.05710000E-05  2.92155000E-04
2001-12-26T22:26:50.944  1.33029700E-03 -8.31420000E-05  7.12229000E-04
2001-12-26T22:26:51.944  9.60550000E-05 -2.59228000E-04  8.89021000E-04
2001-12-26T22:26:52.944  2.57010000E-05  3.06225000E-04 -3.96761000E-04
2001-12-26T22:26:53.952 -8.37318000E-04  5.07586000E-04 -7.32347000E-04
2001-12-26T22:26:54.944  5.53326000E-04  1.59315300E-03 -1.17477000E-04
2001-12-26T22:26:55.948 -5.58331000E-04 -3.91186000E-04  4.57531000E-04
2001-12-26T22:26:56.944  5.45094000E-04  5.15362000E-04  9.55020000E-05
2001-12-26T22:26:57.944  1.56560000E-05 -6.76203000E-04 -8.08338000E-04
2001-12-26T22:26:58.944  8.67303000E-04  1.30013000E-03 -9.85330000E-05
2001-12-26T22:26:59.948 -1.08366100E-03 -1.82434000E-04  4.10631000E-04
2001-12-26T22:27:00.944  1.04623100E-03  8.35732000E-04 -1.31653000E-04
2001-12-26T22:27:01.948 -4.04453000E-04 -1.04674500E-03  7.28784000E-04
2001-12-26T22:27:02.944  1.38439600E-03  4.71426000E-04 -1.10117400E-03
2001-12-26T22:27:03.944 -8.36281000E-04 -1.69807000E-04  7.12436000E-04
2001-12-26T22:27:04.948  3.06166000E-04  1.26120200E-03  3.55836000E-04
2001-12-26T22:27:05.948 -1.36411400E-03 -2.60365000E-04 -1.99579000E-04
2001-12-26T22:27:06.944  2.55973000E-04  6.87827000E-04 -6.88340000E-04
2001-12-26T22:27:07.944 -1.67070000E-05 -1.07696200E-03 -1.00135000E-04
2001-12-26T22:27:08.944  9.13300000E-05  1.10875000E-04  1.20814800E-03
2001-12-26T22:27:09.952 -2.88802000E-04  3.04051000E-04  1.23981000E-04
2001-12-26T22:27:10.944 -2.05354000E-04  2.84323000E-04 -9.98960000E-05
2001-12-26T22:27:11.948  3.57985000E-04  9.22090000E-04  2.31122000E-04
2001-12-26T22:27:12.944 -1.22443000E-04 -5.79485000E-04  1.20043000E-03
2001-12-26T22:27:13.944  6.28855000E-04 -3.67111000E-04 -3.04204000E-04
2001-12-26T22:27:14.944 -3.91484000E-04 -7.64565000E-04 -7.85565000E-04
2001-12-26T22:27:15.948  4.31790000E-04  1.31821400E-03 -8.60932000E-04
2001-12-26T22:27:16.944 -9.33619000E-04  1.81589000E-04  8.45846000E-04
2001-12-26T22:27:17.948  4.82767000E-04 -6.62930000E-05  5.09720000E-05
2001-12-26T22:27:18.944 -2.53568000E-04 -6.83502000E-04  1.46141000E-04
2001-12-26T22:27:19.944  2.41149000E-04  9.29369000E-04  3.36660000E-05
2001-12-26T22:27:20.948 -1.57280800E-03 -1.81472000E-04  1.00837600E-03
2001-12-26T22:27:21.948  7.92343000E-04  9.96734000E-04 -3.07180000E-04
2001-12-26T22:27:22.944 -1.00651700E-03 -6.07484000E-04 -8.73765000E-04
2001-12-26T22:27:23.944  9.27708000E-04  4.41208000E-04 -1.34315300E-03
2001-12-26T22:27:24.944 -9.17282000E-04 -8.81019000E-04 -2.77038000E-04
2001-12-26T22:27:25.952  4.05020000E-04  1.53753200E-03  4.80200000E-04
2001-12-26T22:27:26.944 -1.80366300E-03  6.57190000E-05 -2.54977000E-04
2001-12-26T22:27:27.948  9.71329000E-04  1.85814000E-04 -3.22517000E-04
2001-12-26T22:27:28.944 -5.85610000E-04 -1.28122100E-03 -8.70523000E-04
2001-12-26T22:27:29.944  1.04521300E-03  3.77284000E-04  8.93168000E-04
2001-12-26T22:27:30.944 -1.30872400E-03 -5.34083000E-04  4.07793000E-04
2001-12-26T22:27:31.948 -1.29940000E-05  1.12353400E-03 -6.90505000E-04
2001-12-26T22:27:32.944 -1.26131900E-03 -5.38500000E-05 -7.49775000E-04
2001-12-26T22:27:33.948  9.54310000E-05  3.61964000E-04  2.09142000E-04
2001-12-26T22:27:34.944 -2.96234000E-04 -3.20785000E-04  2.11487000E-04
2001-12-26T22:27:35.948  1.77485700E-03  8.16437000E-04 -2.07483000E-04
2001-12-26T22:27:36.948  1.86554000E-04 -3.35257000E-04 -1.49900000E-04
2001-12-26T22:27:37.948  6.67150000E-04  8.74293000E-04  1.52007000E-04
2001-12-26T22:27:38.944 -6.46044000E-04  2.53125000E-04 -3.47243000E-04
2001-12-26T22:27:39.944 -8.08304000E-04  1.09939000E-04 -8.36937000E-04
2001-12-26T22:27:40.944 -7.21792000E-04  1.43768000E-04  1.88801000E-04
2001-12-26T22:27:41.952  5.50603000E-04 -5.05215000E-04  7.26361000E-04
2001-12-26T22:27:42.944 -7.46608000E-04 -1.66830000E-04 -5.80728000E-04
2001-12-26T22:27:43.948  7.03546000E-04  1.96449000E-03 -6.30772000E-04
2001-12-26T22:27:44.944 -9.48892000E-04 -5.90683000E-04 -3.45820000E-05
2001-12-26T22:27:45.944  1.10791900E-03  4.47140000E-05  1.20687000E-04
2001-12-26T22:27:46.944 -5.26311000E-04 -8.18709000E-04  1.35383100E-03
2001-12-26T22:27:47.948  7.37620000E-04  9.99957000E-04 -5.62833000E-04
2001-12-26T22:27:48.944 -1.33490100E-03 -8.25730000E-05 -1.93383000E-04
2001-12-26T22:27:49.948  6.52938000E-04  8.49098000E-04  6.71220000E-04
2001-12-26T22:27:50.944 -8.44810000E-04 -1.24500600E-03  1.88333800E-03
2001-12-26T22:27:51.944  1.34010600E-03  5.62768000E-04 -4.30383000E-04
2001-12-26T22:27:52.948 -6.51565000E-04 -1.01521100E-03 -7.10435000E-04
2001-12-26T22:27:53.948  1.40062000E-04  1.13284200E-03  1.10496200E-03
2001-12-26T22:27:54.944 -9.55368000E-04 -3.07889000E-04  6.61726000E-04
2001-12-26T22:27:55.948  5.85544000E-04  3.00169000E-04  2.26734000E-04
2001-12-26T22:27:56.944 -6.49073000E-04 -9.74714000E-04  7.76480000E-05
2001-12-26T22:27:57.951  2.54802000E-04 -5.24020000E-05  8.22208000E-04
2001-12-26T22:27:58.944 -1.17305900E-03 -5.76891000E-04 -1.73206000E-04
2001-12-26T22:27:59.948 -1.27641000E-04  1.04912500E-03 -8.63863000E-04
2001-12-26T22:28:00.944 -7.89874000E-04  2.44836000E-04 -2.45138000E-04
2001-12-26T22:28:01.944  6.63718000E-04 -2.84259000E-04  1.42539000E-04
2001-12-26T22:28:02.944  7.23359000E-04 -8.39090000E-05  1.63720000E-05
2001-12-26T22:28:03.948  2.87099000E-04  6.17340000E-04 -5.54781000E-04
2001-12-26T22:28:04.944 -7.55765000E-04  4.81644000E-04  8.52975000E-04
2001-12-26T22:28:05.948 -8.36520000E-05  7.79849000E-04  8.61345000E-04
2001-12-26T22:28:06.944 -1.84279000E-04 -3.44612000E-04 -3.09921000E-04
2001-12-26T22:28:07.944  3.71053000E-04 -4.33560000E-05  4.02628000E-04
2001-12-26T22:28:08.948  9.97875000E-04  3.99449000E-04 -1.01471900E-03
2001-12-26T22:28:09.948 -2.71745000E-04  3.22140000E-04  5.65918000E-04
2001-12-26T22:28:10.944 -4.17958000E-04  9.62566000E-04  8.56945000E-04
2001-12-26T22:28:11.944 -2.14173000E-04  9.03960000E-05 -9.44980000E-05
2001-12-26T22:28:12.944  2.22761000E-04 -1.74046000E-04 -2.90397000E-04
2001-12-26T22:28:13.951 -1.54633000E-04 -7.37258000E-04  8.00553000E-04
2001-12-26T22:28:14.944  2.06831000E-04  3.36879000E-04  6.29555000E-04
2001-12-26T22:28:15.948 -9.59519000E-04  4.10130000E-05  2.27569000E-04
2001-12-26T22:28:16.944  4.20215000E-04  8.58918000E-04 -1.54021000E-04
2001-12-26T22:28:17.944 -6.46435000E-04  5.79510000E-05 -8.24080000E-05
2001-12-26T22:28:18.944  1.33215300E-03 -2.54920000E-04  7.01136000E-04
2001-12-26T22:28:19.948 -3.61295000E-04 -5.73558000E-04  5.48525000E-04
2001-12-26T22:28:20.944  4.17027000E-04  7.89982000E-04  1.10396000E-04
2001-12-26T22:28:21.951 -1.30785700E-03  2.00320000E-04 -1.62449000E-04
2001-12-26T22:28:22.948  1.22802000E-03  8.24673000E-04  1.37466000E-04
2001-12-26T22:28:23.944 -2.10610000E-04 -1.22806200E-03  7.04748000E-04
2001-12-26T22:28:24.948  1.12440400E-03  1.78089000E-04 -2.35710000E-05
2001-12-26T22:28:25.948 -9.30779000E-04 -2.63615000E-04  2.18792000E-04
2001-12-26T22:28:26.944  1.43044000E-04  1.38727200E-03 -4.02260000E-05
2001-12-26T22:28:27.944 -1.11323700E-03 -3.60761000E-04  8.44563000E-04
2001-12-26T22:28:28.944  1.24715700E-03  2.16913000E-04  7.02176000E-04
2001-12-26T22:28:29.951 -7.90945000E-04 -8.84234000E-04 -9.00182000E-04
2001-12-26T22:28:30.944  6.29777000E-04  5.59370000E-04  4.81561000E-04
2001-12-26T22:28:31.948 -6.10148100E-03 -7.61472900E-03  4.45750900E-03
2001-12-26T22:28:32.944  2.74801500E-03  1.01323880E-02 -8.21305800E-03
2001-12-26T22:28:33.944 -8.84620600E-03  9.58520000E-04 -7.42082400E-03
2001-12-26T22:28:34.944  5.92068700E-03  5.12115900E-03 -5.69020000E-05
2001-12-26T22:28:35.948 -1.34725900E-03 -1.01175460E-02  1.32328300E-03
2001-12-26T22:28:36.944  8.16139900E-03  1.83758100E-03 -8.94314500E-03
2001-12-26T22:28:37.948 -9.38622600E-03 -9.89700000E-05 -6.44982500E-03
2001-12-26T22:28:38.944  1.99314000E-03  6.72417100E-03 -2.86568900E-03
2001-12-26T22:28:39.944 -4.48722600E-03 -3.81787700E-03  3.73387600E-03
2001-12-26T22:28:40.948  9.78195300E-03 -1.30251400E-03 -4.05943400E-03
2001-12-26T22:28:41.948 -8.88979000E-04 -7.07353700E-03 -2.67975900E-03
2001-12-26T22:28:42.944  8.46667000E-04  7.62744200E-03 -4.13646500E-03
2001-12-26T22:28:43.944 -9.28367800E-03  3.66299300E-03  7.78938200E-03
2001-12-26T22:28:44.944  1.15184800E-03  6.95469000E-03  8.38247200E-03
2001-12-26T22:28:45.951 -5.36462900E-03 -3.49477300E-03 -1.48958800E-03
2001-12-26T22:28:46.944  6.10465200E-03  2.43893000E-04  1.15116500E-03
2001-12-26T22:28:47.948 -3.57169300E-03 -5.59173300E-03  9.58282300E-03
2001-12-26T22:28:48.944 -2.58478800E-03  3.55427100E-03  1.82434100E-03
2001-12-26T22:28:49.944 -3.56604400E-03 -1.22046300E-03 -2.40533500E-03
2001-12-26T22:28:50.944  1.24129600E-03  2.46353500E-03 -2.79631000E-03
2001-12-26T22:28:51.947  2.20535900E-03 -6.49316700E-03  3.78509400E-03
2001-12-26T22:28:52.944  3.13560700E-03 -3.77373000E-03  1.08547000E-04
2001-12-26T22:28:53.947  1.51545000E-04  3.94224700E-03 -3.59261000E-04
2001-12-26T22:28:54.944 -4.15670400E-03  5.17943000E-03 -1.81251800E-03
2001-12-26T22:28:55.944  2.24504800E-03  7.68016800E-03  4.52852100E-03
2001-12-26T22:28:56.947  4.33853300E-03 -4.18997600E-03  2.19848600E-03
2001-12-26T22:28:57.947  4.21059800E-03 -2.98348700E-03 -2.59424300E-03
2001-12-26T22:28:58.944  3.37886600E-03 -3.06941000E-04 -4.17200800E-03
2001-12-26T22:28:59.944 -1.85586000E-03  3.78328700E-03  6.51199700E-03
2001-12-26T22:29:00.944  6.55750000E-04  3.05824400E-03  1.47857700E-03
2001-12-26T22:29:01.951 -5.08026000E-04 -3.24068000E-04  3.53873000E-04
2001-12-26T22:29:02.944  4.76556600E-03 -7.34194500E-03 -6.03703900E-03
2001-12-26T22:29:03.947  1.29784400E-03 -9.82714000E-04  3.70648200E-03
2001-12-26T22:29:04.944 -5.37689800E-03 -5.87430900E-03  5.47920200E-03
2001-12-26T22:29:05.944 -1.70759500E-03  4.91371700E-03 -4.47789200E-03
2001-12-26T22:29:06.944 -2.49938500E-03  1.26507900E-03 -4.91683500E-03
2001-12-26T22:29:07.947  4.19184000E-03 -2.97702000E-04  1.54461500E-03
2001-12-26T22:29:08.944  2.11404200E-03 -5.06429500E-03  6.44206100E-03
2001-12-26T22:29:09.947  1.69200700E-03  7.81629000E-04 -2.62383700E-03
2001-12-26T22:29:10.944 -3.35875000E-03  3.83018800E-03 -2.34799100E-03
2001-12-26T22:29:11.944  2.17623700E-03  8.90794600E-03  2.18454500E-03
2001-12-26T22:29:12.947 -4.93855500E-03 -3.32109400E-03  9.23163100E-03
2001-12-26T22:29:13.947  1.02786960E-02  5.84775000E-04  9.43770000E-04
2001-12-26T22:29:14.944 -1.16736100E-03 -7.94325600E-03 -3.18696500E-03
2001-12-26T22:29:15.944  5.36762600E-03  7.22028900E-03 -1.93528100E-03
2001-12-26T22:29:16.944 -1.33503520E-02 -1.73715800E-03  3.01304000E-03
2001-12-26T22:29:17.951  3.57596500E-03  9.82737800E-03 -1.19850100E-03
2001-12-26T22:29:18.944 -4.02446800E-03 -1.05258670E-02  4.27801300E-03
2001-12-26T22:29:19.947  9.50547800E-03 -1.95845000E-04  1.49188800E-03
2001-12-26T22:29:20.944 -7.03062800E-03 -7.06163200E-03  6.27266100E-03
2001-12-26T22:29:21.944  3.81465400E-03  1.05113040E-02  1.10435000E-04
2001-12-26T22:29:22.944 -1.36361280E-02 -2.47944300E-03 -9.98505600E-03
2001-12-26T22:29:23.947  5.46969900E-03  2.48955000E-03  1.95262700E-03
2001-12-26T22:29:24.944 -2.01339300E-03 -7.34368900E-03 -2.50809000E-04
2001-12-26T22:29:25.947  5.87421100E-03 -2.31571000E-04 -2.48739900E-03
2001-12-26T22:29:26.944 -7.83943900E-03 -2.70878400E-03 -5.87743400E-03
2001-12-26T22:29:27.944  4.62746300E-03  9.87662300E-03 -5.47807500E-03
2001-12-26T22:29:28.947 -5.43801800E-03 -9.69139100E-03  5.98914300E-03
2001-12-26T22:29:29.947  8.00986400E-03  1.18117300E-03  3.25098100E-03
2001-12-26T22:29:30.944 -3.35004900E-03 -6.87083500E-03 -3.42796000E-03
2001-12-26T22:29:31.947  3.61950300E-03  6.64194300E-03 -7.20400800E-03
