2001-11-27T08:55:44.244 -5.43654400E-03 -7.89688100E-03 -8.07440000E-04
2001-11-27T08:55:45.244 -1.20393300E-03  1.31573770E-02  3.17532500E-03
2001-11-27T08:55:46.248 -1.08150280E-02  2.60255000E-04  6.83194600E-03
2001-11-27T08:55:47.244  7.16185000E-03  3.16857100E-03  7.17025000E-04
2001-11-27T08:55:48.248 -5.00043100E-03 -1.13700670E-02  1.49681700E-03
2001-11-27T08:55:49.248  4.11627000E-04  9.82706000E-04  3.98288000E-04
2001-11-27T08:55:50.248 -1.18242900E-03 -1.30557000E-04  4.75645000E-04
2001-11-27T08:55:51.244  2.43261000E-04  1.07168100E-03 -3.36592000E-04
2001-11-27T08:55:52.248 -3.58802000E-04 -4.68092000E-04 -1.98680000E-04
2001-11-27T08:55:53.252  3.73623000E-04  4.46069000E-04  1.80173000E-04
2001-11-27T08:55:54.244 -4.49853000E-04 -1.44424000E-04 -1.07013300E-03
2001-11-27T08:55:55.244 -6.18279000E-04  1.56636100E-03 -3.10887000E-04
2001-11-27T08:55:56.244 -1.94754000E-04  5.36279000E-04  2.19000000E-06
2001-11-27T08:55:57.244  2.98942000E-04 -1.88884000E-04  5.06950000E-04
2001-11-27T08:55:58.244  5.95745000E-04  4.46910000E-05  4.51452000E-04
2001-11-27T08:55:59.244 -4.30679000E-04  5.52100000E-05 -2.54813000E-04
2001-11-27T08:56:00.244 -1.52301000E-04  7.37165000E-04 -7.16658000E-04
2001-11-27T08:56:01.244 -3.81652000E-04 -1.14187000E-04  7.00738000E-04
2001-11-27T08:56:02.244  1.25179600E-03  1.11579000E-04  5.92227000E-04
2001-11-27T08:56:03.244 -2.14488000E-04 -8.84750000E-04 -2.74516000E-04
2001-11-27T08:56:04.248 -1.53365000E-04  1.10370200E-03 -7.53766000E-04
2001-11-27T08:56:05.244 -1.47674800E-03  7.35390000E-05  6.13675000E-04
2001-11-27T08:56:06.244  9.11353000E-04  4.75159000E-04  7.37276000E-04
2001-11-27T08:56:07.244 -4.63723000E-04 -1.60228900E-03 -7.93190000E-04
2001-11-27T08:56:08.248  9.15868000E-04  3.87429000E-04 -9.28380000E-05
2001-11-27T08:56:09.252 -1.64046400E-03 -4.67172000E-04 -2.63919000E-04
2001-11-27T08:56:10.244  1.30543000E-04  1.31695600E-03  6.61439000E-04
2001-11-27T08:56:11.244 -6.59921000E-04 -1.08270200E-03  7.53340000E-05
2001-11-27T08:56:12.244  9.21779000E-04 -1.18717000E-04 -4.45667000E-04
2001-11-27T08:56:13.244 -3.19130000E-05 -3.31249000E-04  2.12871000E-04
2001-11-27T08:56:14.244 -1.76738000E-04  8.79459000E-04  1.58627000E-04
2001-11-27T08:56:15.244 -1.19392100E-03  5.95030000E-04  4.71431000E-04
2001-11-27T08:56:16.244 -4.29864000E-04  7.62656000E-04  9.24563000E-04
2001-11-27T08:56:17.244  5.96264000E-04 -3.52549000E-04  6.27850000E-05
2001-11-27T08:56:18.244  4.28312000E-04 -9.33807000E-04 -1.18624000E-04
2001-11-27T08:56:19.244  5.49743000E-04  1.03969800E-03 -1.41571000E-04
2001-11-27T08:56:20.248 -7.30986000E-04  8.76640000E-05  6.39781000E-04
2001-11-27T08:56:21.244  1.20075200E-03  9.17076000E-04  2.39727000E-04
2001-11-27T08:56:22.244 -4.31688000E-04 -1.21648200E-03 -8.51510000E-04
2001-11-27T08:56:23.244  1.55468100E-03  5.89889000E-04 -5.87207000E-04
2001-11-27T08:56:24.248 -1.60464100E-03 -1.61167000E-04  8.15836000E-04
2001-11-27T08:56:25.252  1.01414200E-03  8.45914000E-04  7.63602000E-04
2001-11-27T08:56:26.244 -1.37642800E-03 -9.68520000E-05 -8.62947000E-04
2001-11-27T08:56:27.244  8.19599000E-04  2.34395000E-04 -8.35891000E-04
2001-11-27T08:56:28.244 -8.67335000E-04 -1.11341200E-03 -4.14400000E-05
2001-11-27T08:56:29.244  3.86398000E-04  1.21576700E-03  9.36360000E-05
2001-11-27T08:56:30.244 -1.14021200E-03 -6.66079000E-04 -1.29149300E-03
2001-11-27T08:56:31.244  4.56684000E-04  7.76826000E-04 -4.98706000E-04
2001-11-27T08:56:32.244  1.57370000E-05 -7.96123000E-04  7.40870000E-05
2001-11-27T08:56:33.244  5.86677000E-04  2.00064000E-04 -3.57205000E-04
2001-11-27T08:56:34.244 -1.81538000E-04 -3.50540000E-04 -3.61435000E-04
2001-11-27T08:56:35.244 -1.89093000E-04  7.10785000E-04  1.02911200E-03
2001-11-27T08:56:36.248 -5.91935000E-04  1.86470000E-04  2.60032000E-04
2001-11-27T08:56:37.248  6.71320000E-04 -6.85037000E-04 -5.20291000E-04
2001-11-27T08:56:38.244  4.02304000E-04  8.81860000E-05  7.22995000E-04
2001-11-27T08:56:39.244 -4.73644000E-04 -6.02130000E-05  1.78555900E-03
2001-11-27T08:56:40.248  3.74536000E-04  9.87655000E-04  1.97392000E-04
2001-11-27T08:56:41.252  1.03495000E-04 -7.09286000E-04 -6.63991000E-04
2001-11-27T08:56:42.244  8.77295000E-04  9.01260000E-05  3.52700000E-06
2001-11-27T08:56:43.244 -4.19637000E-04 -8.64386000E-04  8.34614000E-04
2001-11-27T08:56:44.244  2.65883000E-04  1.09794800E-03 -5.68943000E-04
2001-11-27T08:56:45.244 -1.19306700E-03 -3.75630000E-05 -8.31871000E-04
2001-11-27T08:56:46.244  7.86908000E-04  7.54439000E-04  2.20098000E-04
2001-11-27T08:56:47.248 -9.22523000E-04 -1.25525800E-03  4.37224000E-04
2001-11-27T08:56:48.244  9.03549000E-04  7.89153000E-04  5.77000000E-05
2001-11-27T08:56:49.244 -9.49964000E-04 -4.31176000E-04 -8.86965000E-04
2001-11-27T08:56:50.244  5.68261000E-04  7.10564000E-04 -6.22160000E-04
2001-11-27T08:56:51.244 -6.87175000E-04 -6.60997000E-04  1.81014000E-04
2001-11-27T08:56:52.248  7.95467000E-04 -1.49200000E-05  2.45046000E-04
2001-11-27T08:56:53.244 -5.01480000E-04 -5.64962000E-04  4.21010000E-05
2001-11-27T08:56:54.244 -3.15008000E-04  2.16285000E-04  6.66896000E-04
2001-11-27T08:56:55.244 -1.02374000E-04  9.44077000E-04  1.69922000E-04
2001-11-27T08:56:56.248 -2.27713000E-04  2.15387000E-04 -6.19921000E-04
2001-11-27T08:56:57.252  3.58661000E-04  2.04154000E-04  1.03528400E-03
2001-11-27T08:56:58.244  1.66889000E-04 -4.72709000E-04  1.17826700E-03
2001-11-27T08:56:59.244 -5.92862000E-04  1.92511000E-04 -4.13150000E-04
2001-11-27T08:57:00.244 -3.50534000E-04  3.37996000E-04 -6.96817000E-04
2001-11-27T08:57:01.244 -5.04440000E-05  8.62120000E-05  1.58368000E-04
2001-11-27T08:57:02.244  2.73117000E-04 -7.80954000E-04  3.93726000E-04
2001-11-27T08:57:03.244 -2.18431000E-04 -2.77501000E-04 -8.99842000E-04
2001-11-27T08:57:04.244 -9.64981000E-04  1.30576000E-04  3.77278000E-04
2001-11-27T08:57:05.244 -4.00599000E-04  7.31466000E-04  4.70155000E-04
2001-11-27T08:57:06.244 -3.44774000E-04 -9.78448000E-04 -4.80144000E-04
2001-11-27T08:57:07.244  9.72962000E-04 -2.52067000E-04 -3.95502000E-04
2001-11-27T08:57:08.248 -1.22310300E-03 -4.49127000E-04  5.53232000E-04
2001-11-27T08:57:09.248  1.97195000E-04  1.45194100E-03 -5.03605000E-04
2001-11-27T08:57:10.244 -1.27488800E-03 -2.54147000E-04 -8.18231000E-04
2001-11-27T08:57:11.244  1.19678700E-03  2.02990000E-04  6.44734000E-04
2001-11-27T08:57:12.248 -2.83610000E-04 -8.77082000E-04  3.62297000E-04
2001-11-27T08:57:13.252  8.59926000E-04  1.32813000E-04  7.47421000E-04
2001-11-27T08:57:14.244 -1.53361000E-04  2.31733000E-04  5.00320000E-04
2001-11-27T08:57:15.244 -1.80269000E-04  1.13492100E-03 -7.69929000E-04
2001-11-27T08:57:16.244 -5.96910000E-05 -8.22736000E-04  7.32985000E-04
2001-11-27T08:57:17.244  9.57324000E-04 -1.55336000E-04  8.32742000E-04
2001-11-27T08:57:18.244 -5.17259000E-04 -5.59103000E-04 -3.63134000E-04
2001-11-27T08:57:19.248 -3.27270000E-04  9.25961000E-04 -2.61780000E-05
2001-11-27T08:57:20.244 -3.43610000E-05  1.19480000E-03  3.73970000E-05
2001-11-27T08:57:21.244 -4.39060000E-05 -1.48585000E-04 -2.60229000E-04
2001-11-27T08:57:22.244  1.51427000E-04 -7.07814000E-04 -1.97780000E-04
2001-11-27T08:57:23.244  3.28453000E-04 -6.97977000E-04 -1.24072000E-04
2001-11-27T08:57:24.248 -1.10043000E-04  5.71242000E-04  5.38965000E-04
2001-11-27T08:57:25.244 -1.27392000E-03  6.59530000E-05 -4.39610000E-05
2001-11-27T08:57:26.244  1.21291000E-03  8.56376000E-04 -3.29559000E-04
2001-11-27T08:57:27.244 -3.70071000E-04 -1.32145200E-03  5.37566000E-04
2001-11-27T08:57:28.248  1.15819600E-03  3.12159000E-04  2.81391000E-04
2001-11-27T08:57:29.248 -1.43837600E-03 -3.65777000E-04 -4.71500000E-04
2001-11-27T08:57:30.244  4.03204000E-04  9.93916000E-04 -4.64704000E-04
2001-11-27T08:57:31.244 -1.30069500E-03 -4.93782000E-04  1.48150000E-05
2001-11-27T08:57:32.244  1.04107300E-03 -3.26353000E-04  1.07013900E-03
2001-11-27T08:57:33.244  1.35960000E-05 -3.45300000E-05  2.69167000E-04
2001-11-27T08:57:34.244  3.64180000E-05  3.10039000E-04 -5.13528000E-04
2001-11-27T08:57:35.244 -6.94667000E-04  1.86521000E-04  3.39319000E-04
2001-11-27T08:57:36.244 -7.91005000E-04  3.32555000E-04  1.01735000E-04
2001-11-27T08:57:37.244  4.66416000E-04 -2.05230000E-04 -7.45035000E-04
2001-11-27T08:57:38.244 -6.11330000E-05 -4.72493000E-04 -6.51659000E-04
2001-11-27T08:57:39.244  6.16914000E-04  1.74760000E-04 -6.02471000E-04
2001-11-27T08:57:40.244 -1.41812300E-03  3.11609000E-04  2.18981000E-04
2001-11-27T08:57:41.244  6.53453000E-04  1.32866500E-03  9.14751000E-04
2001-11-27T08:57:42.244 -3.01885000E-04 -1.05144300E-03  9.90600000E-05
2001-11-27T08:57:43.244  1.21481400E-03  5.60444000E-04 -1.39590000E-04
2001-11-27T08:57:44.248 -7.02470000E-04 -9.43546000E-04 -1.26125000E-04
2001-11-27T08:57:45.252  3.74569000E-04  9.47628000E-04 -1.71466000E-04
2001-11-27T08:57:46.244 -2.41499000E-04 -7.18399000E-04 -2.38487000E-04
2001-11-27T08:57:47.244  7.01640000E-04  7.00182000E-04 -1.40800000E-05
2001-11-27T08:57:48.244 -5.69936000E-04 -8.90050000E-04  3.17771000E-04
2001-11-27T08:57:49.244  7.64581000E-04  7.43377000E-04 -1.43778500E-03
2001-11-27T08:57:50.244 -1.24121500E-03 -2.94049000E-04 -1.39753000E-04
2001-11-27T08:57:51.244  9.10449000E-04  2.78120000E-04  5.19728000E-04
2001-11-27T08:57:52.244 -1.75819000E-04 -1.30987200E-03  1.54127000E-04
2001-11-27T08:57:53.244  5.65230000E-04  3.99308000E-04 -7.50796000E-04
2001-11-27T08:57:54.244 -1.09122000E-04  3.19270000E-05 -5.21887000E-04
2001-11-27T08:57:55.244 -1.37573000E-04  5.45508000E-04 -7.81272000E-04
2001-11-27T08:57:56.248 -2.71712000E-04 -4.24631000E-04  1.42525000E-04
2001-11-27T08:57:57.248  1.56146000E-04 -2.76237000E-04  3.04826000E-04
2001-11-27T08:57:58.244 -3.82799000E-04 -4.54345000E-04  5.95721000E-04
2001-11-27T08:57:59.244 -4.81650000E-04 -3.04614000E-04 -1.68531000E-04
2001-11-27T08:58:00.248  4.52233000E-04  1.43471400E-03 -1.64967600E-03
2001-11-27T08:58:01.252 -8.14974000E-04 -4.55493000E-04 -4.25899000E-04
2001-11-27T08:58:02.244  9.82137000E-04  1.99938000E-04  2.08377000E-04
2001-11-27T08:58:03.244 -6.01193000E-04 -1.29612700E-03  1.35076800E-03
2001-11-27T08:58:04.244  8.79917000E-04  7.97922000E-04  3.30324000E-04
2001-11-27T08:58:05.244 -1.29094600E-03 -1.87668000E-04 -7.42975000E-04
2001-11-27T08:58:06.244 -3.18486000E-04  5.16767000E-04  9.97678000E-04
2001-11-27T08:58:07.248 -7.86539000E-04 -8.41837000E-04  5.73977000E-04
2001-11-27T08:58:08.244  1.40869000E-03  2.22644000E-04 -4.70111000E-04
2001-11-27T08:58:09.244 -9.69661000E-04 -6.91784000E-04 -7.51229000E-04
2001-11-27T08:58:10.244  3.69197000E-04  6.94840000E-04 -1.04885000E-04
2001-11-27T08:58:11.244 -8.12886000E-04  2.40971000E-04  8.95305000E-04
2001-11-27T08:58:12.248  4.34117000E-04 -3.67003000E-04 -2.42368000E-04
2001-11-27T08:58:13.244  5.63852000E-04  4.00600000E-06 -6.83215000E-04
2001-11-27T08:58:14.244 -2.38901000E-04  3.42579000E-04  2.68790000E-04
2001-11-27T08:58:15.244 -2.30978000E-04  5.88879000E-04 -8.02638000E-04
2001-11-27T08:58:16.248 -3.81764000E-04 -2.25310000E-05 -6.20961000E-04
2001-11-27T08:58:17.252  1.37930800E-03  6.86315000E-04 -8.09350000E-05
2001-11-27T08:58:18.244 -2.35901000E-04 -7.43568000E-04  1.00229500E-03
2001-11-27T08:58:19.244  2.60422000E-04  1.64071000E-03 -4.28300000E-06
2001-11-27T08:58:20.244 -1.09660100E-03 -2.45400000E-06 -4.75605000E-04
2001-11-27T08:58:21.244  6.42320000E-04  1.74349000E-04  2.72676000E-04
2001-11-27T08:58:22.244 -1.07687000E-04 -1.41155800E-03 -3.28903000E-04
2001-11-27T08:58:23.244  1.11099300E-03  1.44277000E-04 -2.63217000E-04
2001-11-27T08:58:24.244 -4.14531000E-04 -4.33373000E-04 -9.27520000E-04
2001-11-27T08:58:25.244  2.45269000E-04  1.01342800E-03  8.83080000E-05
2001-11-27T08:58:26.244 -1.06798600E-03 -5.74040000E-05 -1.49433000E-04
2001-11-27T08:58:27.244  1.31351900E-03  2.64995000E-04 -2.86013000E-04
2001-11-27T08:58:28.248 -3.53507000E-04 -9.04018000E-04  1.31368000E-04
2001-11-27T08:58:29.248  2.83993000E-04  8.06622000E-04  6.19676000E-04
2001-11-27T08:58:30.244 -6.37135000E-04  5.36677000E-04  2.19821000E-04
2001-11-27T08:58:31.244 -3.89884000E-04  1.01991000E-03 -6.96552000E-04
2001-11-27T08:58:32.248  2.91354000E-04  2.75190000E-04 -5.16562000E-04
2001-11-27T08:58:33.252  4.21245000E-04 -4.17616000E-04  2.42994000E-04
2001-11-27T08:58:34.244 -2.97995000E-04 -4.60593000E-04  1.88888000E-04
2001-11-27T08:58:35.244 -6.74941000E-04  6.64978000E-04 -5.60202000E-04
2001-11-27T08:58:36.244  2.18744000E-04  1.31781800E-03 -1.48775000E-04
2001-11-27T08:58:37.244  2.43398000E-04 -1.00762900E-03 -9.34270000E-05
2001-11-27T08:58:38.244  1.45574200E-03  7.32391000E-04 -7.81397000E-04
2001-11-27T08:58:39.244 -7.61961000E-04 -3.86401000E-04  4.34668000E-04
2001-11-27T08:58:40.244  3.44779000E-04  1.60706900E-03  6.26011000E-04
2001-11-27T08:58:41.244 -1.04501700E-03 -4.71850000E-04 -9.55597000E-04
2001-11-27T08:58:42.244  1.03188400E-03  8.13705000E-04 -5.70172000E-04
2001-11-27T08:58:43.244 -8.35296000E-04 -1.34075200E-03  5.32272000E-04
2001-11-27T08:58:44.248  8.08498000E-04  6.89391000E-04  1.01534900E-03
2001-11-27T08:58:45.244 -1.51634400E-03 -5.80787000E-04 -2.60600000E-06
2001-11-27T08:58:46.244  2.93667000E-04  1.22107000E-03 -8.85192000E-04
2001-11-27T08:58:47.244 -4.05392000E-04 -1.32328400E-03 -2.00000000E-04
2001-11-27T08:58:48.248  8.03243000E-04  2.05771000E-04  2.78699000E-04
2001-11-27T08:58:49.252 -6.96610000E-04 -2.46775000E-04 -1.00522800E-03
2001-11-27T08:58:50.244 -4.15972000E-04  7.84485000E-04 -1.93652000E-04
2001-11-27T08:58:51.244  8.77090000E-05 -2.71668000E-04 -4.05637000E-04
2001-11-27T08:58:52.244  5.73249000E-04 -4.61726000E-04  1.12152400E-03
2001-11-27T08:58:53.244  7.53361000E-04 -7.26020000E-05 -2.46897000E-04
2001-11-27T08:58:54.244 -5.88205000E-04  3.58131000E-04  1.50221000E-04
2001-11-27T08:58:55.248 -2.33650000E-05  8.27383000E-04 -4.39270000E-04
2001-11-27T08:58:56.244 -6.07500000E-04 -3.52201000E-04  6.57736000E-04
2001-11-27T08:58:57.244  1.09324300E-03 -9.24300000E-05 -1.14671400E-03
2001-11-27T08:58:58.244 -5.27433000E-04 -7.95402000E-04 -5.79102000E-04
2001-11-27T08:58:59.244  7.11351000E-04  4.68182000E-04  1.05176000E-04
2001-11-27T08:59:00.248 -1.09170300E-03 -3.81849000E-04  1.19881800E-03
2001-11-27T08:59:01.244  1.11727200E-03  8.42432000E-04 -2.27404000E-04
2001-11-27T08:59:02.244 -1.00520400E-03 -8.72145000E-04 -3.46705000E-04
2001-11-27T08:59:03.244  1.08318500E-03  1.76225000E-04  3.08131000E-04
2001-11-27T08:59:04.248 -6.43282000E-04 -2.39463000E-04  1.07578300E-03
2001-11-27T08:59:05.252 -3.64097000E-04  1.23784600E-03  1.17113000E-04
2001-11-27T08:59:06.244 -5.36096000E-04 -5.46500000E-06  6.69630000E-05
2001-11-27T08:59:07.244  9.00871000E-04 -7.19677000E-04  1.26073000E-04
2001-11-27T08:59:08.244  2.16328000E-04 -5.43124000E-04  1.47947000E-04
2001-11-27T08:59:09.244 -3.14077000E-04  2.07897000E-04  5.59190000E-05
2001-11-27T08:59:10.244 -6.92851000E-04  1.13576900E-03  5.96782000E-04
2001-11-27T08:59:11.244  3.36600000E-05 -1.07841100E-03  2.82967000E-04
2001-11-27T08:59:12.244  1.51273400E-03  1.01516000E-04 -7.19778000E-04
2001-11-27T08:59:13.244 -5.26070000E-05 -5.23312000E-04  7.04615000E-04
2001-11-27T08:59:14.244  3.37177000E-04  1.08783600E-03  6.17790000E-04
2001-11-27T08:59:15.244 -1.38127300E-03  2.87899000E-04  4.91770000E-04
2001-11-27T08:59:16.248  3.01999000E-04  1.14366600E-03  4.88520000E-05
2001-11-27T08:59:17.248 -8.81471000E-04 -9.74877000E-04 -2.60359000E-04
2001-11-27T08:59:18.244  9.31668000E-04 -2.75290000E-04  1.22200400E-03
2001-11-27T08:59:19.244 -7.67847000E-04 -1.92019000E-04 -3.20691000E-04
2001-11-27T08:59:20.248  1.53690000E-04  7.20195000E-04 -5.57771000E-04
2001-11-27T08:59:21.252 -2.51715000E-04 -6.62919000E-04  4.98706000E-04
2001-11-27T08:59:22.244  3.98304000E-04  3.82103000E-04  1.74048900E-03
2001-11-27T08:59:23.244 -2.70252000E-04 -6.85478000E-04 -3.19396000E-04
2001-11-27T08:59:24.244 -2.51630000E-05  7.21716000E-04 -9.72310000E-05
2001-11-27T08:59:25.244 -5.80039000E-04  2.50723000E-04 -4.80073000E-04
2001-11-27T08:59:26.244  1.81708000E-04  5.29856000E-04 -2.93670000E-04
2001-11-27T08:59:27.244 -6.88880000E-05 -1.10796800E-03 -4.21195000E-04
2001-11-27T08:59:28.244  7.55858000E-04 -5.42017000E-04 -3.97142000E-04
2001-11-27T08:59:29.244 -3.19557000E-04  4.38796000E-04  5.39907000E-04
2001-11-27T08:59:30.244 -7.46939000E-04  5.09381000E-04 -1.03596000E-04
2001-11-27T08:59:31.244  2.06332000E-04 -9.78280000E-05 -9.78183000E-04
2001-11-27T08:59:32.248 -2.18274000E-04 -4.50518000E-04 -6.95248000E-04
2001-11-27T08:59:33.244  1.04479800E-03  2.94774000E-04 -4.49525000E-04
2001-11-27T08:59:34.244 -4.78068000E-04 -3.08940000E-05 -5.48279000E-04
2001-11-27T08:59:35.244 -6.76049000E-04  9.84925000E-04 -1.15538600E-03
2001-11-27T08:59:36.248 -5.87530000E-04 -4.43630000E-05  4.01934000E-04
2001-11-27T08:59:37.252  7.29383000E-04  3.29924000E-04 -9.18690000E-05
2001-11-27T08:59:38.244 -6.55511000E-04 -7.54453000E-04  6.42120000E-04
2001-11-27T08:59:39.244  1.12871800E-03  7.74393000E-04 -8.02510000E-04
2001-11-27T08:59:40.244 -1.51122300E-03 -6.75097000E-04  7.11409000E-04
2001-11-27T08:59:41.244  1.02353200E-03  4.97159000E-04  3.23501000E-04
2001-11-27T08:59:42.244 -9.46357000E-04 -8.83710000E-04  7.99780000E-04
2001-11-27T08:59:43.244  1.23743000E-03  1.35820000E-04 -6.86548000E-04
2001-11-27T08:59:44.244 -1.03546900E-03 -8.10869000E-04 -1.06990000E-04
2001-11-27T08:59:45.244  1.82710000E-04  9.04995000E-04  6.17873000E-04
2001-11-27T08:59:46.244 -2.68416000E-04 -1.77837000E-04 -3.50271000E-04
2001-11-27T08:59:47.244  1.19443800E-03 -2.75180000E-04 -6.20715000E-04
2001-11-27T08:59:48.248  3.10433000E-04 -4.94104000E-04  3.33518000E-04
2001-11-27T08:59:49.244  3.17561000E-04  5.15778000E-04  1.66267600E-03
2001-11-27T08:59:50.244 -1.36542300E-03 -3.43136000E-04  3.99074000E-04
2001-11-27T08:59:51.244 -1.73440000E-04  6.36070000E-04 -4.69510000E-04
2001-11-27T08:59:52.248  7.03455000E-04 -8.89871000E-04  1.16634000E-04
2001-11-27T08:59:53.252  3.91670000E-04 -6.10354000E-04  6.96837000E-04
2001-11-27T08:59:54.244 -5.83830000E-05  5.30876000E-04 -4.25310000E-04
2001-11-27T08:59:55.244 -1.02848200E-03  3.01075000E-04  7.41101000E-04
2001-11-27T08:59:56.244  4.04113000E-04  6.00706000E-04  4.49268000E-04
2001-11-27T08:59:57.244 -3.42196000E-04 -1.21950200E-03  4.33565000E-04
2001-11-27T08:59:58.244  1.26567900E-03  6.42492000E-04 -4.07426000E-04
2001-11-27T08:59:59.244 -1.07027000E-03 -3.00870000E-04 -5.30298000E-04
2001-11-27T09:00:00.244  8.22000000E-05  1.77738700E-03  1.79648000E-04
2001-11-27T09:00:01.244 -7.04723000E-04 -1.08955500E-03  1.11123400E-03
2001-11-27T09:00:02.244  1.49832000E-03  2.03658000E-04  1.50753000E-04
2001-11-27T09:00:03.244 -4.80531000E-04 -1.05878400E-03 -2.95182000E-04
2001-11-27T09:00:04.248  4.44256000E-04  1.22539500E-03 -4.65200000E-05
2001-11-27T09:00:05.244 -1.16107700E-03  5.23987000E-04 -3.15800000E-06
2001-11-27T09:00:06.244  7.70678000E-04  4.87778000E-04  1.64557000E-04
2001-11-27T09:00:07.244 -4.86756000E-04 -4.71136000E-04 -6.72377000E-04
2001-11-27T09:00:08.248  7.96695000E-04 -3.42900000E-06 -2.31155000E-04
2001-11-27T09:00:09.252 -2.93700000E-04  7.23300000E-06  2.04944000E-04
2001-11-27T09:00:10.244 -4.25763000E-04  1.11578500E-03 -3.94943000E-04
2001-11-27T09:00:11.244 -6.70446000E-04  2.39765000E-04 -5.41155000E-04
2001-11-27T09:00:12.244  3.50495000E-04 -2.68487000E-04  3.13561000E-04
2001-11-27T09:00:13.244  4.09387000E-04 -6.15823000E-04 -3.09446000E-04
2001-11-27T09:00:14.244  9.34050000E-05 -1.73880000E-04 -4.78026000E-04
2001-11-27T09:00:15.244  2.54710000E-04  3.74421000E-04 -4.26125000E-04
2001-11-27T09:00:16.244 -9.25357000E-04  5.18010000E-04  5.15969000E-04
2001-11-27T09:00:17.244  1.13336600E-03 -3.70899000E-04 -2.41799000E-04
2001-11-27T09:00:18.244 -5.01280000E-04 -7.63609000E-04 -7.27008000E-04
2001-11-27T09:00:19.244 -1.13700000E-05 -7.72260000E-05 -2.02963000E-04
2001-11-27T09:00:20.248 -1.08293700E-03  3.38308000E-04  3.54848000E-04
2001-11-27T09:00:21.244  7.33776000E-04  1.28379200E-03 -4.31190000E-05
2001-11-27T09:00:22.244  2.25785000E-04 -1.31317200E-03  2.89580000E-05
2001-11-27T09:00:23.244  8.80940000E-04  1.92462000E-04 -2.68340000E-05
2001-11-27T09:00:24.248 -9.70069000E-04 -2.56750000E-04  1.51933000E-04
2001-11-27T09:00:25.248  4.79025000E-04  1.38385700E-03 -7.70537000E-04
2001-11-27T09:00:26.244 -7.30133000E-04 -4.67450000E-04 -2.56846000E-04
2001-11-27T09:00:27.244  1.27953600E-03 -1.52452000E-04  4.69389000E-04
2001-11-27T09:00:28.244 -3.56919000E-04 -1.32510500E-03 -1.37104000E-04
2001-11-27T09:00:29.244  1.44560000E-05  7.05052000E-04 -6.34431000E-04
2001-11-27T09:00:30.244 -7.30397000E-04  2.74210000E-05  7.30000000E-06
2001-11-27T09:00:31.248  6.55970000E-05  1.99409000E-04  2.17011000E-04
2001-11-27T09:00:32.244  6.81341000E-04  4.22566000E-04 -1.44032000E-04
2001-11-27T09:00:33.244  2.70542000E-04 -8.50950000E-04  3.28868000E-04
2001-11-27T09:00:34.244  2.87062000E-04  6.35909000E-04  2.88282000E-04
2001-11-27T09:00:35.244 -1.03240700E-03  3.90746000E-04 -4.09510000E-05
2001-11-27T09:00:36.244  5.01419000E-04  1.00525000E-03  5.40069000E-04
2001-11-27T09:00:37.248 -5.47989000E-04 -8.74235000E-04 -5.19621000E-04
2001-11-27T09:00:38.244  1.29556700E-03 -1.08209000E-04 -8.68926000E-04
2001-11-27T09:00:39.244 -4.62240000E-04 -7.25506000E-04  5.60607000E-04
2001-11-27T09:00:40.248  2.96592000E-04  9.38126000E-04  2.86557000E-04
2001-11-27T09:00:41.251 -1.39913900E-03  3.91980000E-05  1.57816000E-04
2001-11-27T09:00:42.244  7.37741000E-04  6.19274000E-04 -2.44476000E-04
2001-11-27T09:00:43.244  2.35957000E-04 -1.17589900E-03 -8.51594000E-04
2001-11-27T09:00:44.244  8.54235000E-04 -7.41780000E-05  3.27150000E-04
2001-11-27T09:00:45.244  6.06750000E-05  2.52959000E-04 -8.27001000E-04
2001-11-27T09:00:46.244 -8.10574000E-04  8.37886000E-04  4.56285000E-04
2001-11-27T09:00:47.244 -1.52430000E-05  7.79390000E-05 -6.48635000E-04
2001-11-27T09:00:48.244 -1.33851000E-04 -7.83662000E-04  2.36581000E-04
2001-11-27T09:00:49.244  1.41126000E-03  3.08002000E-04 -5.08481000E-04
2001-11-27T09:00:50.244 -4.50855000E-04 -4.21875000E-04 -1.11543000E-04
2001-11-27T09:00:51.244  2.28153000E-04  6.54701000E-04  2.36575000E-04
2001-11-27T09:00:52.248 -1.06870200E-03 -2.23409000E-04  1.26348000E-04
2001-11-27T09:00:53.244  6.18737000E-04  1.10439600E-03 -4.25807000E-04
2001-11-27T09:00:54.244 -4.35905000E-04 -4.70483000E-04 -1.01585100E-03
2001-11-27T09:00:55.244  1.10147700E-03 -1.24550000E-05  1.69936000E-04
2001-11-27T09:00:56.248 -7.63752000E-04 -6.06297000E-04  1.39204100E-03
2001-11-27T09:00:57.251 -5.85209000E-04  6.77769000E-04 -6.11157000E-04
2001-11-27T09:00:58.244 -6.48470000E-05  9.79821000E-04 -5.60430000E-04
2001-11-27T09:00:59.244 -1.06874100E-03 -3.34472000E-04  4.60228000E-04
2001-11-27T09:01:00.244  1.89803800E-03 -7.21620000E-05 -2.11836000E-04
2001-11-27T09:01:01.244 -3.16078000E-04 -8.53332000E-04 -6.75816000E-04
2001-11-27T09:01:02.244  7.12108000E-04  5.66405000E-04  5.68420000E-04
2001-11-27T09:01:03.244 -3.63196000E-04  1.77873000E-04  6.31971000E-04
2001-11-27T09:01:04.244 -8.29368000E-04  6.06852000E-04  3.68273000E-04
2001-11-27T09:01:05.244  5.21106000E-04  1.61579400E-03 -1.19128000E-04
2001-11-27T09:01:06.244 -7.34655000E-04 -3.57020000E-04  3.83000000E-06
2001-11-27T09:01:07.248  1.61346100E-03 -4.16200000E-05  2.70550000E-04
2001-11-27T09:01:08.248 -2.59730000E-04 -6.79700000E-04 -7.24498000E-04
2001-11-27T09:01:09.244  9.31490000E-05 -2.00260000E-05 -1.49949000E-04
2001-11-27T09:01:10.244 -8.05000000E-06  6.86756000E-04  1.11156800E-03
2001-11-27T09:01:11.244 -1.57330700E-03  3.71059000E-04  7.37395000E-04
2001-11-27T09:01:12.248  5.73232000E-04  1.34647100E-03 -9.18341000E-04
2001-11-27T09:01:13.251 -1.75765000E-04 -1.95342000E-04  1.39009000E-04
2001-11-27T09:01:14.244  3.09727000E-04  5.28714000E-04  5.23942000E-04
2001-11-27T09:01:15.244  1.63646400E-03  8.85222000E-04  1.68400000E-04
2001-11-27T09:01:16.244 -7.17135000E-04 -6.30625000E-04 -8.33151000E-04
2001-11-27T09:01:17.244  1.01832500E-03  6.62724000E-04 -3.44659000E-04
2001-11-27T09:01:18.244 -1.80173000E-04 -1.37028000E-04  2.48034000E-04
2001-11-27T09:01:19.244 -6.11053000E-04  9.57700000E-04 -6.26760000E-04
2001-11-27T09:01:20.244 -9.15759000E-04  1.34359700E-03 -5.04628000E-04
2001-11-27T09:01:21.244 -1.37616800E-03  9.81100000E-05 -2.12879000E-04
2001-11-27T09:01:22.244  2.55788000E-04  1.32375500E-03  7.61851000E-04
2001-11-27T09:01:23.244 -4.19935000E-04  4.32669000E-04 -2.97856000E-04
2001-11-27T09:01:24.248 -4.11316000E-04  1.26706000E-04  8.77340000E-05
2001-11-27T09:01:25.248  1.14846800E-03  9.82498000E-04  8.36633000E-04
2001-11-27T09:01:26.244 -3.41407000E-04 -3.70857000E-04  1.08448000E-03
2001-11-27T09:01:27.244 -8.99320000E-05 -2.23110000E-04 -3.06900000E-04
2001-11-27T09:01:28.248  1.21227800E-03  1.32170700E-03 -7.41155000E-04
2001-11-27T09:01:29.251  2.01937000E-04 -1.86810000E-04 -2.93143000E-04
2001-11-27T09:01:30.244  2.85872000E-04 -1.39144000E-04  2.68538000E-04
2001-11-27T09:01:31.244  8.55202000E-04  1.21855300E-03 -7.17623000E-04
2001-11-27T09:01:32.244 -1.00346700E-03 -1.89670000E-04  6.29743000E-04
2001-11-27T09:01:33.244  7.86270000E-05  3.92046000E-04  5.44925000E-04
2001-11-27T09:01:34.244  8.60097000E-04  1.26952400E-03  3.52329000E-04
2001-11-27T09:01:35.244 -5.16728000E-04 -8.75290000E-05 -6.52674000E-04
2001-11-27T09:01:36.244 -3.36106000E-04 -1.21100000E-04 -1.73458000E-04
2001-11-27T09:01:37.244  1.07676300E-03  4.95770000E-04  4.79057000E-04
2001-11-27T09:01:38.244  1.07150400E-03  1.40226700E-03  1.92521000E-04
2001-11-27T09:01:39.248  4.65840000E-05  2.30273900E-03 -1.83036000E-04
2001-11-27T09:01:40.248  2.50407000E-04  1.40535600E-03 -3.08144000E-04
2001-11-27T09:01:41.244 -9.36117000E-04  1.23319300E-03  1.68200000E-04
2001-11-27T09:01:42.244 -6.24501000E-04  6.80302000E-04 -2.42215000E-04
2001-11-27T09:01:43.244  3.69806000E-04  9.15850000E-04 -2.14089000E-04
2001-11-27T09:01:44.248  1.24335000E-04  2.15703600E-03  1.30345300E-03
2001-11-27T09:01:45.251  1.70796000E-04  2.63495000E-03  1.03175000E-04
2001-11-27T09:01:46.244  6.58017000E-04  2.31365500E-03 -7.95001000E-04
2001-11-27T09:01:47.244  1.25593500E-03  2.21273500E-03  1.73295000E-04
2001-11-27T09:01:48.244  1.39412000E-04  3.30368100E-03  5.05204000E-04
2001-11-27T09:01:49.244  1.22798200E-03  3.10393400E-03 -7.93240000E-05
2001-11-27T09:01:50.244  7.49001000E-04  2.75791300E-03 -6.44518000E-04
2001-11-27T09:01:51.244  5.81031000E-04  3.52432500E-03  2.61907000E-04
2001-11-27T09:01:52.244  1.40990200E-03  2.94741300E-03  3.47067000E-04
2001-11-27T09:01:53.244  1.23525700E-03  2.99349800E-03 -1.75022000E-04
2001-11-27T09:01:54.244  5.29655000E-04  3.72149600E-03  5.40210000E-05
2001-11-27T09:01:55.244  4.07483000E-04  2.47705800E-03  4.91297000E-04
2001-11-27T09:01:56.247 -8.15840000E-04  2.72127100E-03  4.48155000E-04
2001-11-27T09:01:57.247 -6.96802000E-04  4.02680400E-03 -5.25662000E-04
2001-11-27T09:01:58.244  5.79859000E-04  4.32526500E-03 -4.22562000E-04
2001-11-27T09:01:59.244 -5.54570000E-05  2.58371500E-03  1.57956000E-04
2001-11-27T09:02:00.247  4.50251000E-04  4.78306900E-03 -6.37713000E-04
2001-11-27T09:02:01.251 -6.08230000E-04  2.54099400E-03 -7.75289000E-04
2001-11-27T09:02:02.244  1.64783500E-03  4.60623700E-03  5.75836000E-04
2001-11-27T09:02:03.244 -4.83081000E-04  3.29711500E-03  5.10994000E-04
2001-11-27T09:02:04.244  1.13137700E-03  5.00579600E-03 -5.73087000E-04
2001-11-27T09:02:05.244  1.10346000E-04  3.71352600E-03 -4.79848000E-04
2001-11-27T09:02:06.244  4.93985000E-04  4.22467200E-03  7.14489000E-04
2001-11-27T09:02:07.247  1.03172300E-03  5.42987500E-03  5.54070000E-05
2001-11-27T09:02:08.244 -7.39572000E-04  4.30736800E-03 -5.46082000E-04
2001-11-27T09:02:09.244 -7.56982000E-04  6.01887100E-03  1.33623000E-04
2001-11-27T09:02:10.244  2.49904000E-04  5.90372300E-03  4.74447000E-04
2001-11-27T09:02:11.244  5.59515000E-04  6.80607500E-03  2.44755000E-04
2001-11-27T09:02:12.247  6.71455000E-04  6.55233400E-03 -1.91519000E-04
2001-11-27T09:02:13.247  7.09040000E-04  7.59655400E-03 -1.60038000E-04
2001-11-27T09:02:14.244  5.53104000E-04  7.34907300E-03  1.77116000E-03
2001-11-27T09:02:15.244  6.34190000E-04  6.60842200E-03  3.65526000E-04
2001-11-27T09:02:16.247 -3.98900000E-04  7.34438900E-03  4.22989000E-04
2001-11-27T09:02:17.251 -1.19461000E-03  6.94680000E-03 -4.24828000E-04
2001-11-27T09:02:18.244 -1.29367000E-03  7.04764900E-03  1.64688400E-03
2001-11-27T09:02:19.244  3.18729000E-04  8.92709700E-03  4.74170000E-05
2001-11-27T09:02:20.244 -1.59037100E-03  7.48162300E-03 -6.67563000E-04
2001-11-27T09:02:21.244  5.36854000E-04  9.68406300E-03 -5.02640000E-04
2001-11-27T09:02:22.244 -3.54614000E-04  8.20367200E-03  7.43525000E-04
2001-11-27T09:02:23.244  1.56153700E-03  9.81501300E-03 -7.40268000E-04
2001-11-27T09:02:24.244 -1.87264500E-03  9.45794100E-03  3.88350000E-05
2001-11-27T09:02:25.244 -6.49728000E-04  9.20984800E-03  6.64030000E-04
2001-11-27T09:02:26.244  1.36015500E-03  9.56821900E-03  3.54401000E-04
2001-11-27T09:02:27.247 -4.39595000E-04  9.90940100E-03  3.72458000E-04
2001-11-27T09:02:28.247  9.35052000E-04  1.14928760E-02 -3.48747000E-04
2001-11-27T09:02:29.244  6.87780000E-04  1.17003900E-02  5.28048000E-04
2001-11-27T09:02:30.244 -9.89900000E-05  1.31521220E-02  4.17989000E-04
2001-11-27T09:02:31.244  1.12663800E-03  1.42240290E-02 -2.67164000E-04
2001-11-27T09:02:32.247 -7.84704000E-04  1.22726620E-02  7.97956000E-04
2001-11-27T09:02:33.251  9.34670000E-04  1.46187830E-02  1.21574000E-03
2001-11-27T09:02:34.244  2.87354000E-04  1.55432080E-02  1.20816000E-04
2001-11-27T09:02:35.244 -1.19689900E-03  1.43330950E-02 -1.76795000E-04
2001-11-27T09:02:36.244 -1.98531600E-03  1.35393970E-02  3.91485000E-04
2001-11-27T09:02:37.244 -1.42171700E-03  1.37713420E-02  1.83594600E-03
2001-11-27T09:02:38.244 -8.02718000E-04  1.46090170E-02  1.83000000E-07
2001-11-27T09:02:39.244 -1.90907900E-03  1.48249570E-02 -5.80616000E-04
2001-11-27T09:02:40.244  4.81805000E-04  1.79906510E-02  6.17967000E-04
2001-11-27T09:02:41.244  2.19071000E-04  1.90563590E-02  2.14592000E-04
2001-11-27T09:02:42.244 -5.84790000E-05  1.94827190E-02  2.69751000E-04
2001-11-27T09:02:43.244 -3.34144000E-04  1.86641680E-02  3.38652000E-04
2001-11-27T09:02:44.247  2.56458000E-04  1.91640150E-02  1.00371100E-03
2001-11-27T09:02:45.247 -2.32834000E-04  1.98588760E-02  5.65233000E-04
2001-11-27T09:02:46.244 -1.19097000E-04  1.96300880E-02  8.24673000E-04
2001-11-27T09:02:47.244 -5.47231000E-04  2.00157870E-02  1.48038000E-04
2001-11-27T09:02:48.247 -4.21511000E-04  1.98924470E-02  1.86320800E-03
2001-11-27T09:02:49.251 -4.31580000E-04  2.06641610E-02  1.00963300E-03
2001-11-27T09:02:50.244 -8.95108000E-04  2.16816680E-02  7.99549000E-04
2001-11-27T09:02:51.244  1.14425700E-03  2.25441810E-02  3.65572000E-04
2001-11-27T09:02:52.244 -1.23104000E-03  2.13957240E-02  5.12845000E-04
2001-11-27T09:02:53.247  5.93591000E-04  2.25706810E-02  1.19206500E-03
2001-11-27T09:02:54.244  2.40594000E-04  2.36875790E-02 -2.74401000E-04
2001-11-27T09:02:55.244 -1.89107900E-03  2.32285470E-02  5.36690000E-04
2001-11-27T09:02:56.244  6.39296000E-04  2.50521410E-02  8.80838000E-04
2001-11-27T09:02:57.243  1.49478000E-04  2.63669420E-02  1.16172400E-03
2001-11-27T09:02:58.243 -8.34577000E-04  2.49651040E-02 -6.03350000E-05
2001-11-27T09:02:59.243  7.76981000E-04  2.78824790E-02  1.13217100E-03
2001-11-27T09:03:00.247 -1.29252000E-03  2.57576610E-02  8.21150000E-04
2001-11-27T09:03:01.247  7.15900000E-04  2.76355070E-02  1.23459300E-03
2001-11-27T09:03:02.243 -1.85517400E-03  2.60486420E-02 -7.99750000E-05
2001-11-27T09:03:03.243 -1.03903000E-03  2.73508300E-02  6.48884000E-04
2001-11-27T09:03:04.251 -7.92870000E-04  2.84359790E-02  1.11307000E-03
2001-11-27T09:03:05.251 -1.51578200E-03  2.87071710E-02  9.46479000E-04
2001-11-27T09:03:06.243 -9.56186000E-04  2.91316900E-02 -4.73437000E-04
2001-11-27T09:03:07.243  8.93378000E-04  2.98324040E-02  5.01660000E-05
2001-11-27T09:03:08.243  6.95476000E-04  3.00378180E-02  1.45441000E-04
2001-11-27T09:03:09.243 -1.89024000E-04  3.03167310E-02  1.25790100E-03
2001-11-27T09:03:10.243 -1.46084400E-03  2.90649960E-02  5.45686000E-04
2001-11-27T09:03:11.243 -7.25850000E-05  3.16711070E-02  9.14006000E-04
2001-11-27T09:03:12.243 -1.00584200E-03  3.24621350E-02  7.71812000E-04
2001-11-27T09:03:13.243 -1.28052800E-03  2.88218710E-02  6.01670000E-04
2001-11-27T09:03:14.243 -1.00322100E-03  2.70913560E-02  1.04240000E-05
2001-11-27T09:03:15.247 -1.55658300E-03  2.78922970E-02  1.39250100E-03
2001-11-27T09:03:16.247  6.74071000E-04  3.08359410E-02  8.88966000E-04
2001-11-27T09:03:17.247 -8.62967000E-04  3.01839080E-02  1.31460100E-03
2001-11-27T09:03:18.243 -2.35699000E-04  3.03989480E-02  2.58395000E-04
2001-11-27T09:03:19.243 -5.94227000E-04  3.06253510E-02  1.65207900E-03
2001-11-27T09:03:20.247  2.08015000E-04  2.92326290E-02  1.96337100E-03
2001-11-27T09:03:21.251 -7.17113000E-04  2.82451860E-02  5.31275000E-04
2001-11-27T09:03:22.243  5.20945000E-04  2.98464340E-02  1.38194200E-03
2001-11-27T09:03:23.243 -3.66503000E-04  3.02858930E-02  8.29706000E-04
2001-11-27T09:03:24.243 -7.94964000E-04  3.00092290E-02  1.03062300E-03
2001-11-27T09:03:25.243 -9.05007000E-04  3.09855600E-02 -1.72473000E-04
2001-11-27T09:03:26.247 -1.67526000E-03  3.24428340E-02  6.31278000E-04
2001-11-27T09:03:27.247 -6.66218000E-04  3.15824860E-02  1.53541600E-03
2001-11-27T09:03:28.243 -5.87830000E-05  3.28340310E-02  5.35556000E-04
2001-11-27T09:03:29.243 -1.40922800E-03  2.92619220E-02  2.35081000E-04
2001-11-27T09:03:30.243 -1.74221800E-03  3.29137520E-02  2.21335400E-03
2001-11-27T09:03:31.243 -3.04851000E-04  3.57008350E-02  1.08148100E-03
2001-11-27T09:03:32.247  6.61842000E-04  3.69873570E-02  8.99442000E-04
2001-11-27T09:03:33.243  7.60792000E-04  3.78240350E-02  1.51985800E-03
2001-11-27T09:03:34.243 -2.96992000E-04  3.69559750E-02  1.25624700E-03
2001-11-27T09:03:35.243  1.89552000E-04  3.33370680E-02  1.63905600E-03
2001-11-27T09:03:36.247  9.77822000E-04  3.32026820E-02 -3.22982000E-04
2001-11-27T09:03:37.251  2.80459000E-04  3.31899930E-02  3.76920000E-04
2001-11-27T09:03:38.243 -3.03963000E-04  3.67960300E-02  7.79696000E-04
2001-11-27T09:03:39.243  2.64481000E-04  3.70641570E-02  6.69395000E-04
2001-11-27T09:03:40.243 -1.27748600E-03  3.93034780E-02  3.26468000E-04
2001-11-27T09:03:41.243 -1.30344000E-04  3.94062620E-02  1.84161300E-03
2001-11-27T09:03:42.243 -9.37035000E-04  3.92531490E-02  6.80443000E-04
2001-11-27T09:03:43.243 -1.36241800E-03  4.00256890E-02  1.08027000E-03
2001-11-27T09:03:44.243 -1.56758200E-03  3.78864670E-02  7.34189000E-04
2001-11-27T09:03:45.243 -9.31185000E-04  3.55881450E-02  9.75451000E-04
2001-11-27T09:03:46.243 -4.45195000E-04  3.18188970E-02  2.10664500E-03
2001-11-27T09:03:47.247 -2.15171000E-04  2.85996350E-02  6.90326000E-04
2001-11-27T09:03:48.247 -7.08803000E-04  2.91099100E-02 -4.78400000E-04
2001-11-27T09:03:49.243 -4.25882000E-04  3.06777560E-02  1.22751300E-03
2001-11-27T09:03:50.243  4.76778000E-04  3.52336210E-02  6.29650000E-04
2001-11-27T09:03:51.243 -7.55645000E-04  3.43000810E-02  6.96472000E-04
2001-11-27T09:03:52.247 -6.91905000E-04  3.70077680E-02 -2.59375000E-04
2001-11-27T09:03:53.251 -2.98050000E-05  3.83600110E-02  7.46841000E-04
2001-11-27T09:03:54.243 -1.17853100E-03  3.99826240E-02  9.90251000E-04
2001-11-27T09:03:55.243 -3.33537000E-04  3.94193720E-02  1.48960500E-03
2001-11-27T09:03:56.243 -1.46717300E-03  3.82520110E-02 -1.28402000E-04
2001-11-27T09:03:57.243 -2.51861000E-04  3.86242790E-02  5.56254000E-04
2001-11-27T09:03:58.243 -7.84575000E-04  3.60121210E-02  5.55552000E-04
2001-11-27T09:03:59.247 -1.70492000E-03  3.68383640E-02  1.38740700E-03
2001-11-27T09:04:00.243 -7.09722000E-04  3.78164870E-02  9.12727000E-04
2001-11-27T09:04:01.243 -1.21399200E-03  3.97192460E-02  1.02073900E-03
2001-11-27T09:04:02.243 -1.31570000E-03  3.73658390E-02  1.22704600E-03
2001-11-27T09:04:03.243 -3.51824000E-04  3.79104060E-02  8.29152000E-04
2001-11-27T09:04:04.247 -1.82121000E-04  3.80853680E-02  1.12061200E-03
2001-11-27T09:04:05.243 -2.63334000E-04  3.82335190E-02  1.60925500E-03
2001-11-27T09:04:06.243 -1.15223600E-03  3.75192910E-02  1.41099600E-03
2001-11-27T09:04:07.243 -2.23401500E-03  3.76086870E-02  9.62760000E-05
2001-11-27T09:04:08.247 -4.61531000E-04  3.56863550E-02  7.18178000E-04
2001-11-27T09:04:09.251  7.27432000E-04  3.64740860E-02  1.01625400E-03
2001-11-27T09:04:10.243 -5.30270000E-04  3.74248960E-02  7.00286000E-04
2001-11-27T09:04:11.243  4.97769000E-04  3.73147730E-02 -9.64240000E-05
2001-11-27T09:04:12.243  4.56783000E-04  3.69233640E-02  1.87773300E-03
2001-11-27T09:04:13.243 -1.12850200E-03  3.59273140E-02  1.20215700E-03
2001-11-27T09:04:14.243  1.97100000E-04  3.83560170E-02  1.17445000E-04
2001-11-27T09:04:15.243 -1.63427300E-03  3.85383810E-02 -8.60730000E-05
2001-11-27T09:04:16.243  4.31131000E-04  3.92363560E-02  5.72534000E-04
2001-11-27T09:04:17.243 -1.42522000E-04  3.80740430E-02  1.38985200E-03
2001-11-27T09:04:18.243 -8.62796000E-04  3.65868060E-02 -1.63118000E-04
2001-11-27T09:04:19.243  5.52231000E-04  3.90095190E-02  3.33832000E-04
2001-11-27T09:04:20.247 -1.50539900E-03  3.76370330E-02  6.20977000E-04
2001-11-27T09:04:21.247 -4.00340000E-05  3.92714520E-02  1.95036900E-03
2001-11-27T09:04:22.243  1.77934000E-04  3.85607820E-02 -4.55842000E-04
2001-11-27T09:04:23.243 -2.87258000E-04  3.76411120E-02  4.00054000E-04
2001-11-27T09:04:24.247 -8.53510000E-04  3.86905370E-02  7.57890000E-04
2001-11-27T09:04:25.251 -1.14366000E-04  3.93702610E-02 -4.75172000E-04
2001-11-27T09:04:26.243 -1.30805600E-03  3.75167880E-02  3.16456000E-04
2001-11-27T09:04:27.243  1.24450000E-05  3.97236350E-02  1.41165200E-03
2001-11-27T09:04:28.243 -1.68076400E-03  3.89638540E-02  4.06982000E-04
2001-11-27T09:04:29.243 -1.58585500E-03  3.74042130E-02  2.06048000E-04
2001-11-27T09:04:30.243 -1.53986100E-03  3.76326590E-02  3.44245000E-04
2001-11-27T09:04:31.243 -1.59764700E-03  3.64144850E-02  4.79610000E-04
2001-11-27T09:04:32.243 -1.12689300E-03  3.57882750E-02  1.04090100E-03
2001-11-27T09:04:33.243 -1.11453600E-03  3.60557850E-02  3.30815000E-04
2001-11-27T09:04:34.243 -9.07974000E-04  3.47883850E-02  1.00510600E-03
2001-11-27T09:04:35.247 -1.00984000E-04  3.36827370E-02  1.15542300E-03
2001-11-27T09:04:36.247  2.09784000E-04  3.25648900E-02 -8.04280000E-04
2001-11-27T09:04:37.247  8.86652000E-04  3.34097890E-02  1.04683300E-03
2001-11-27T09:04:38.243  2.51438000E-04  3.45285830E-02  1.74018100E-03
2001-11-27T09:04:39.243  4.71998000E-04  3.28518860E-02  6.65813000E-04
2001-11-27T09:04:40.247 -3.22227000E-04  3.27393150E-02  9.47275000E-04
2001-11-27T09:04:41.251  1.07226100E-03  3.19306180E-02  1.57033000E-04
2001-11-27T09:04:42.243  2.58081000E-04  3.26581340E-02  7.69391000E-04
2001-11-27T09:04:43.247  2.89596000E-04  3.20941020E-02  9.37648000E-04
2001-11-27T09:04:44.243 -3.40679000E-04  3.23835500E-02  1.37448000E-04
2001-11-27T09:04:45.243  8.05086000E-04  3.13283840E-02 -4.72215000E-04
2001-11-27T09:04:46.243 -6.48468000E-04  3.05103440E-02  1.33016400E-03
2001-11-27T09:04:47.247 -1.08998500E-03  3.03547640E-02  8.78801000E-04
2001-11-27T09:04:48.243  1.55119000E-04  3.10798120E-02  1.53624600E-03
2001-11-27T09:04:49.243  5.88988000E-04  3.25641780E-02  3.46959000E-04
2001-11-27T09:04:50.243  1.16311500E-03  3.26066840E-02 -2.98588000E-04
2001-11-27T09:04:51.247  9.82267000E-04  3.32034710E-02  1.08209000E-03
2001-11-27T09:04:52.247  4.00978000E-04  3.34296190E-02  4.46007000E-04
2001-11-27T09:04:53.247 -9.08570000E-04  3.41091450E-02  5.46622000E-04
2001-11-27T09:04:54.247 -1.72397500E-03  3.34055270E-02  3.88751000E-04
2001-11-27T09:04:55.243 -1.78594000E-04  3.39315650E-02  1.70324000E-04
2001-11-27T09:04:56.247 -1.25997300E-03  2.96971160E-02  7.53253000E-04
2001-11-27T09:04:57.251 -1.56723300E-03  1.84138810E-02  7.21896000E-04
2001-11-27T09:04:58.243  2.56982000E-04  1.48351940E-02  4.87716000E-04
2001-11-27T09:04:59.243 -3.59657000E-04  1.27817010E-02  1.07081700E-03
2001-11-27T09:05:00.243 -2.45915000E-04  1.04288260E-02 -7.20010000E-04
2001-11-27T09:05:01.243 -2.72552000E-04  1.14560310E-02 -6.69628000E-04
2001-11-27T09:05:02.243 -4.84170000E-05  1.17037230E-02  4.54146000E-04
2001-11-27T09:05:03.243 -6.67712000E-04  1.57654230E-02  1.09316000E-03
2001-11-27T09:05:04.243 -1.12772600E-03  1.03962040E-02  8.55558000E-04
2001-11-27T09:05:05.243 -1.50287900E-03  6.55144600E-03 -8.92637000E-04
2001-11-27T09:05:06.243  5.33353000E-04  9.20040800E-03  7.48526000E-04
2001-11-27T09:05:07.247 -6.75090000E-05  1.40051640E-02  7.34586000E-04
2001-11-27T09:05:08.247  7.67905000E-04  1.56235260E-02  3.05651000E-04
2001-11-27T09:05:09.247  1.06511000E-04  1.62222650E-02  1.87970000E-05
2001-11-27T09:05:10.243 -1.23368500E-03  1.72059140E-02  3.93950000E-04
2001-11-27T09:05:11.243 -1.61366700E-03  1.47315970E-02  2.42419000E-04
2001-11-27T09:05:12.247 -6.86100000E-06  1.39191170E-02  5.59754000E-04
2001-11-27T09:05:13.251  8.71351000E-04  1.49419620E-02  4.38109000E-04
2001-11-27T09:05:14.243 -1.75160400E-03  1.26581640E-02  7.41799000E-04
2001-11-27T09:05:15.243  5.95859000E-04  1.32517970E-02  2.34267000E-04
2001-11-27T09:05:16.243 -7.93400000E-05  1.28484070E-02 -6.24186000E-04
2001-11-27T09:05:17.243 -2.40245000E-04  1.12560930E-02 -4.65445000E-04
2001-11-27T09:05:18.243 -2.84763000E-04  1.04825580E-02  8.15265000E-04
2001-11-27T09:05:19.247 -9.03427000E-04  1.06196780E-02  4.95719000E-04
2001-11-27T09:05:20.243 -1.59223900E-03  1.00338350E-02 -6.75640000E-05
2001-11-27T09:05:21.243  8.83132000E-04  1.25061150E-02  7.37303000E-04
2001-11-27T09:05:22.243  1.29703200E-03  1.22735870E-02 -2.10061000E-04
2001-11-27T09:05:23.243  2.17886000E-04  1.18117130E-02  4.27454000E-04
2001-11-27T09:05:24.247  1.05428800E-03  1.08231800E-02  3.05516000E-04
2001-11-27T09:05:25.247 -8.70799000E-04  8.97546300E-03  1.04729000E-03
2001-11-27T09:05:26.243  9.90376000E-04  1.17190080E-02  7.52043000E-04
2001-11-27T09:05:27.243  1.04955400E-03  1.22246080E-02  5.58320000E-04
2001-11-27T09:05:28.247  8.60016000E-04  1.20665680E-02 -2.92523000E-04
2001-11-27T09:05:29.251  9.78633000E-04  1.19369830E-02  1.09583000E-04
2001-11-27T09:05:30.243  8.19321000E-04  1.11665600E-02  1.05679300E-03
2001-11-27T09:05:31.243 -1.58120000E-05  1.08093700E-02  6.70580000E-05
2001-11-27T09:05:32.243 -8.37910000E-04  1.12627800E-02  8.72351000E-04
2001-11-27T09:05:33.243 -1.13865500E-03  1.07410890E-02  4.54131000E-04
2001-11-27T09:05:34.243 -3.34498000E-04  9.46110800E-03  1.98012000E-04
2001-11-27T09:05:35.247 -3.35284000E-04  1.02834680E-02 -1.84120000E-05
2001-11-27T09:05:36.243  7.39250000E-05  9.50411900E-03  2.67699000E-04
2001-11-27T09:05:37.243 -8.70332000E-04  7.68193800E-03  4.77580000E-05
2001-11-27T09:05:38.243 -5.10610000E-05  9.17839900E-03  4.85442000E-04
2001-11-27T09:05:39.243 -9.24584000E-04  7.90083500E-03 -4.65290000E-05
2001-11-27T09:05:40.247 -1.17925600E-03  4.74750900E-03 -4.61274000E-04
2001-11-27T09:05:41.247 -5.81330000E-04  4.77323700E-03  9.77804000E-04
2001-11-27T09:05:42.243  1.05265900E-03  5.30332500E-03  6.77501000E-04
2001-11-27T09:05:43.243 -4.84247000E-04  2.87224800E-03  1.17992700E-03
2001-11-27T09:05:44.247  5.83177000E-04  3.50989900E-03 -8.12621000E-04
2001-11-27T09:05:45.251  6.82190000E-04  4.36332800E-03 -4.33320000E-05
2001-11-27T09:05:46.243 -3.34256000E-04  3.18543200E-03  3.83327000E-04
2001-11-27T09:05:47.243 -9.40084000E-04  2.34002600E-03 -6.01260000E-04
2001-11-27T09:05:48.243  1.64492700E-03  4.16424300E-03  6.76886000E-04
2001-11-27T09:05:49.243 -6.56039000E-04  3.67307800E-03  4.55110000E-05
2001-11-27T09:05:50.243 -4.50915000E-04  4.33883300E-03 -2.53300000E-05
2001-11-27T09:05:51.243  1.84200000E-05  4.50231300E-03  5.91875000E-04
2001-11-27T09:05:52.243 -1.32658700E-03  2.30385000E-03 -8.35675000E-04
2001-11-27T09:05:53.243  7.91808000E-04  2.97774300E-03  1.54062000E-04
2001-11-27T09:05:54.243  3.59376000E-04  4.20836500E-03 -1.99105000E-04
2001-11-27T09:05:55.243 -7.47404000E-04  3.40210200E-03  1.67596000E-04
2001-11-27T09:05:56.247 -9.09793000E-04  1.50728700E-03 -3.13656000E-04
2001-11-27T09:05:57.247 -6.25562000E-04  3.29967600E-03  3.09449000E-04
2001-11-27T09:05:58.243  2.47169000E-04  1.49915800E-03  2.53241000E-04
2001-11-27T09:05:59.243 -8.10141000E-04  2.14092400E-03 -6.17300000E-04
2001-11-27T09:06:00.247 -7.95234000E-04  3.83024000E-04 -4.84718000E-04
2001-11-27T09:06:01.251 -6.27522000E-04  3.30049000E-04 -8.34715000E-04
2001-11-27T09:06:02.243 -9.06339000E-04  1.22533800E-03  9.21572000E-04
2001-11-27T09:06:03.243 -3.64029000E-04  1.93760200E-03  1.27953000E-04
2001-11-27T09:06:04.243  5.15921000E-04  2.48280800E-03 -5.80206000E-04
2001-11-27T09:06:05.243  1.01128200E-03  1.93995000E-03 -1.08220000E-05
2001-11-27T09:06:06.243  4.81671000E-04  3.86270000E-04  1.73000000E-06
2001-11-27T09:06:07.247 -5.31926000E-04  3.93054000E-04 -3.63393000E-04
2001-11-27T09:06:08.243  1.21857900E-03  5.65987000E-04 -5.93439000E-04
2001-11-27T09:06:09.243  1.20197400E-03  1.28308900E-03  2.88489000E-04
2001-11-27T09:06:10.243 -7.31704000E-04 -6.84500000E-06  6.53855000E-04
2001-11-27T09:06:11.243 -4.45698000E-04  1.05318600E-03  1.37426700E-03
2001-11-27T09:06:12.247  1.04450200E-03  1.44407100E-03 -1.19599800E-03
2001-11-27T09:06:13.247 -2.78400000E-04  9.44958000E-04 -9.76401000E-04
2001-11-27T09:06:14.243 -1.41128800E-03  1.09035700E-03  1.18094800E-03
2001-11-27T09:06:15.243 -1.00907000E-04  1.53307500E-03  1.26768700E-03
2001-11-27T09:06:16.247  8.20350000E-04  2.26658300E-03  2.04180000E-05
2001-11-27T09:06:17.251  1.10947000E-03  1.72627800E-03 -3.94301000E-04
2001-11-27T09:06:18.243 -2.07976000E-04  6.30962000E-04  5.93357000E-04
2001-11-27T09:06:19.243 -6.47086000E-04  5.73104000E-04 -1.89350000E-05
2001-11-27T09:06:20.243  2.91203000E-04  1.49668900E-03 -2.07618000E-04
2001-11-27T09:06:21.243 -4.27021000E-04  2.12608600E-03 -8.64974000E-04
2001-11-27T09:06:22.243 -6.37374000E-04  9.72968000E-04  8.55367000E-04
2001-11-27T09:06:23.243 -8.90967000E-04  1.39997000E-03  3.53553000E-04
2001-11-27T09:06:24.243 -7.62600000E-05  1.93340400E-03 -2.19080000E-05
2001-11-27T09:06:25.243 -1.85855000E-04  1.18775900E-03  1.85609000E-04
2001-11-27T09:06:26.243 -1.45397700E-03  4.13665000E-04  8.70619000E-04
2001-11-27T09:06:27.247  1.46549000E-04  1.25895400E-03 -1.57538000E-04
2001-11-27T09:06:28.247  8.65990000E-04  1.95335100E-03 -7.29465000E-04
2001-11-27T09:06:29.247 -1.05146700E-03  2.28950000E-04  6.29560000E-05
2001-11-27T09:06:30.243 -2.25936000E-04  7.47329000E-04 -2.93692000E-04
2001-11-27T09:06:31.243  7.57209000E-04  1.55596800E-03 -4.14720000E-05
2001-11-27T09:06:32.247 -9.90861000E-04  2.08360000E-04 -1.43701000E-04
2001-11-27T09:06:33.251 -4.67101000E-04  1.15034100E-03  4.57014000E-04
2001-11-27T09:06:34.243  6.55478000E-04  1.95288800E-03  7.28527000E-04
2001-11-27T09:06:35.243 -1.67399100E-03 -3.67700000E-06  1.10960100E-03
2001-11-27T09:06:36.243 -1.09054000E-04  1.66045000E-03 -1.89812000E-04
2001-11-27T09:06:37.243 -7.52484000E-04  1.05849200E-03 -6.95896000E-04
2001-11-27T09:06:38.243 -6.55368000E-04  3.72569000E-04  5.70354000E-04
2001-11-27T09:06:39.243  2.09973000E-04  1.46742600E-03  9.93421000E-04
2001-11-27T09:06:40.243 -8.74556000E-04 -7.14775000E-04 -4.42838000E-04
2001-11-27T09:06:41.243  1.44836000E-04  8.43603000E-04 -9.03388000E-04
2001-11-27T09:06:42.243  1.34666700E-03 -1.98659000E-04 -4.01287000E-04
2001-11-27T09:06:43.243  7.02430000E-05 -3.44686000E-04 -6.97230000E-05
2001-11-27T09:06:44.247  1.09899000E-03  5.46263000E-04 -2.24805000E-04
2001-11-27T09:06:45.247 -6.65771000E-04 -3.12254000E-04 -4.13474000E-04
2001-11-27T09:06:46.243 -1.37069000E-04  8.29783000E-04 -7.69626000E-04
2001-11-27T09:06:47.243  2.76685000E-04  1.46698900E-03 -5.64192000E-04
2001-11-27T09:06:48.247 -1.15414200E-03  6.81765000E-04  3.74736000E-04
2001-11-27T09:06:49.251  3.56163000E-04  1.39108700E-03 -1.02663100E-03
2001-11-27T09:06:50.243 -5.15042000E-04 -6.11384000E-04  1.03607000E-04
2001-11-27T09:06:51.243  6.58288000E-04  2.88432000E-04  8.10530000E-04
2001-11-27T09:06:52.243  5.09929000E-04 -3.51635000E-04  4.14190000E-05
2001-11-27T09:06:53.243 -1.44616000E-04  1.13361000E-04  7.03972000E-04
2001-11-27T09:06:54.243  8.64217000E-04  1.48196000E-03  3.72380000E-05
2001-11-27T09:06:55.243 -1.10094900E-03  2.52123000E-04 -1.98908000E-04
2001-11-27T09:06:56.243  2.36416000E-04  1.55876200E-03  1.06931100E-03
2001-11-27T09:06:57.243 -1.12479100E-03  2.83427000E-04  3.78490000E-05
2001-11-27T09:06:58.243  3.71121000E-04  4.36040000E-05 -8.13008000E-04
2001-11-27T09:06:59.247  1.99404000E-04  1.22409000E-04  1.25037000E-04
2001-11-27T09:07:00.247  6.13610000E-05 -9.61476000E-04  1.77097300E-03
2001-11-27T09:07:01.243  1.35797700E-03  1.11828500E-03 -3.86042000E-04
2001-11-27T09:07:02.243 -8.02404000E-04 -4.02463000E-04 -1.36727000E-04
2001-11-27T09:07:03.243 -1.78527000E-04  9.87895000E-04 -4.95280000E-04
2001-11-27T09:07:04.247 -1.53631500E-03 -2.10485000E-04 -2.67002000E-04
2001-11-27T09:07:05.251  9.19791000E-04  5.24703000E-04  8.90860000E-05
2001-11-27T09:07:06.243 -1.17911200E-03 -5.99470000E-04 -4.01899000E-04
2001-11-27T09:07:07.243  8.20489000E-04  4.24890000E-05  5.02307000E-04
2001-11-27T09:07:08.243 -1.28493000E-04  2.02660000E-05  7.92999000E-04
2001-11-27T09:07:09.243  3.57650000E-05  3.04483000E-04  6.38146000E-04
2001-11-27T09:07:10.243 -6.48249000E-04  7.03563000E-04 -2.77865000E-04
2001-11-27T09:07:11.243 -8.43899000E-04  5.02146000E-04 -3.53268000E-04
2001-11-27T09:07:12.243  7.15002000E-04  3.47464000E-04  3.99266000E-04
2001-11-27T09:07:13.243 -4.88470000E-05 -1.15396100E-03  4.91952000E-04
2001-11-27T09:07:14.243  1.17043200E-03  5.13126000E-04 -1.42347700E-03
2001-11-27T09:07:15.243 -1.32713600E-03 -4.75356000E-04 -4.60833000E-04
2001-11-27T09:07:16.247  3.16212000E-04  1.37411700E-03 -2.48554000E-04
2001-11-27T09:07:17.247 -1.25691200E-03  4.80907000E-04 -1.92680000E-05
2001-11-27T09:07:18.243  8.37275000E-04  7.00708000E-04  3.60770000E-04
2001-11-27T09:07:19.243 -7.40330000E-05 -1.11261500E-03 -6.98776000E-04
2001-11-27T09:07:20.247  4.45517000E-04 -1.17140000E-04  8.39617000E-04
2001-11-27T09:07:21.251 -1.13098000E-03 -3.87642000E-04  1.66959200E-03
2001-11-27T09:07:22.243 -1.88610000E-04  1.00778600E-03 -2.50889000E-04
2001-11-27T09:07:23.243 -5.76717000E-04 -3.48820000E-05 -3.49166000E-04
2001-11-27T09:07:24.243  8.25290000E-05 -8.30830000E-05  5.15430000E-04
2001-11-27T09:07:25.243  1.91016000E-04 -4.74993000E-04  5.31588000E-04
2001-11-27T09:07:26.243 -8.38260000E-05 -3.10094000E-04  2.62188000E-04
2001-11-27T09:07:27.247  6.57393000E-04  1.64640000E-03 -3.54469000E-04
2001-11-27T09:07:28.243 -1.20012400E-03  3.66001000E-04  9.93939000E-04
2001-11-27T09:07:29.243  1.10170000E-05  5.89691000E-04  1.57470000E-04
2001-11-27T09:07:30.243 -4.77589000E-04 -7.18366000E-04 -1.32131700E-03
2001-11-27T09:07:31.243  1.16822200E-03  6.46281000E-04 -4.02322000E-04
2001-11-27T09:07:32.247 -1.02096000E-03 -7.33232000E-04  4.71001000E-04
2001-11-27T09:07:33.247  4.00122000E-04  1.24701700E-03  7.45168000E-04
2001-11-27T09:07:34.243 -1.13821500E-03 -6.07372000E-04 -9.43260000E-05
2001-11-27T09:07:35.243  4.63232000E-04  1.11478900E-03 -1.38611900E-03
2001-11-27T09:07:36.247 -7.29683000E-04 -1.48348300E-03  4.78440000E-04
2001-11-27T09:07:37.251  9.76079000E-04 -1.00700000E-05  7.87005000E-04
2001-11-27T09:07:38.243 -8.49844000E-04  2.77513000E-04  3.36653000E-04
2001-11-27T09:07:39.243  2.09253000E-04  5.33791000E-04 -4.21606000E-04
2001-11-27T09:07:40.243 -4.25700000E-06 -1.86360000E-05 -4.13178000E-04
2001-11-27T09:07:41.243  6.00948000E-04 -3.55882000E-04 -2.35738000E-04
2001-11-27T09:07:42.243  2.16585000E-04 -3.05582000E-04  2.20011000E-04
2001-11-27T09:07:43.243 -5.01454000E-04  4.26363000E-04  6.07167000E-04
2001-11-27T09:07:44.243 -3.26071000E-04  1.26385500E-03  3.48598000E-04
2001-11-27T09:07:45.243 -5.09809000E-04 -4.61934000E-04 -5.09966000E-04
2001-11-27T09:07:46.243  8.49797000E-04  1.65454000E-04 -1.72326000E-04
2001-11-27T09:07:47.247 -9.88320000E-05 -9.98268000E-04 -8.37449000E-04
2001-11-27T09:07:48.247  8.26990000E-04  8.46064000E-04 -2.09220000E-04
2001-11-27T09:07:49.243 -1.10665100E-03 -3.32515000E-04  1.06976100E-03
2001-11-27T09:07:50.243  6.95195000E-04  1.36774600E-03 -6.21050000E-05
2001-11-27T09:07:51.243 -5.69737000E-04 -1.35297700E-03 -7.17540000E-04
2001-11-27T09:07:52.247  1.69424900E-03 -1.14635000E-04 -5.67710000E-04
2001-11-27T09:07:53.251 -1.09405200E-03 -5.26092000E-04  3.41910000E-04
2001-11-27T09:07:54.243  3.62797000E-04  9.15382000E-04  5.15489000E-04
2001-11-27T09:07:55.243 -1.12193100E-03 -5.65400000E-06  1.26950000E-05
2001-11-27T09:07:56.243  5.11228000E-04  1.11262800E-03 -1.09397200E-03
2001-11-27T09:07:57.243 -3.19323000E-04 -1.20138600E-03  1.62020000E-04
2001-11-27T09:07:58.243  1.19813400E-03 -1.01185000E-04  7.28284000E-04
2001-11-27T09:07:59.243 -1.28531000E-04 -3.50133000E-04 -3.64266000E-04
2001-11-27T09:08:00.243 -1.73280000E-05  1.11802400E-03 -3.78399000E-04
2001-11-27T09:08:01.243 -7.19357000E-04  2.14762000E-04  1.89742000E-04
2001-11-27T09:08:02.243 -1.59661000E-04  4.87643000E-04  1.01115200E-03
2001-11-27T09:08:03.243 -4.55628000E-04 -1.36758000E-03  3.08620000E-04
2001-11-27T09:08:04.247  1.83274000E-04 -4.04066000E-04 -4.64110000E-04
2001-11-27T09:08:05.247 -3.25660000E-05  3.61278000E-04  1.32330000E-04
2001-11-27T09:08:06.243 -3.44691000E-04  3.62923000E-04  1.29134400E-03
2001-11-27T09:08:07.243  2.67410000E-05  6.78867000E-04 -9.90406000E-04
2001-11-27T09:08:08.247 -1.18747000E-04 -1.63200000E-04 -2.03044000E-04
2001-11-27T09:08:09.251  8.89173000E-04 -3.66569000E-04  4.18642000E-04
2001-11-27T09:08:10.243 -5.38121000E-04 -6.01521000E-04  3.61615000E-04
2001-11-27T09:08:11.243  6.72862000E-04  1.30636900E-03 -8.79828000E-04
2001-11-27T09:08:12.243 -8.45268000E-04  2.69419000E-04  8.51650000E-05
2001-11-27T09:08:13.243  3.43341000E-04  2.51298000E-04 -5.94497000E-04
2001-11-27T09:08:14.243  6.02830000E-05 -1.28100800E-03  1.59916800E-03
2001-11-27T09:08:15.247  9.53823000E-04  1.32607000E-04 -3.32508000E-04
2001-11-27T09:08:16.243 -6.61146000E-04  8.40600000E-05 -7.83087000E-04
2001-11-27T09:08:17.243 -4.54199000E-04  9.72632000E-04 -4.72932000E-04
2001-11-27T09:08:18.243 -1.14431800E-03 -6.70626000E-04  5.05369000E-04
2001-11-27T09:08:19.243  7.73643000E-04  1.07606000E-04  1.11579000E-04
2001-11-27T09:08:20.247 -7.94630000E-04 -1.33131200E-03 -5.40341000E-04
2001-11-27T09:08:21.247  7.14578000E-04  9.71805000E-04 -1.15436100E-03
2001-11-27T09:08:22.243 -9.14343000E-04 -1.43174000E-04  3.56732000E-04
2001-11-27T09:08:23.243  2.03027000E-04  1.02501300E-03  3.55312000E-04
2001-11-27T09:08:24.247 -7.20892000E-04  4.73931000E-04  7.18288000E-04
2001-11-27T09:08:25.251  6.99871000E-04  2.47762000E-04 -3.67660000E-05
2001-11-27T09:08:26.243 -2.32216000E-04 -2.21309000E-04  8.17949000E-04
2001-11-27T09:08:27.243  1.47202000E-04  1.94970000E-04 -5.34708000E-04
2001-11-27T09:08:28.243 -1.38084000E-04  7.74128000E-04 -1.17574400E-03
2001-11-27T09:08:29.243 -3.38977000E-04  4.78177000E-04  6.14790000E-04
2001-11-27T09:08:30.243 -2.44397000E-04 -6.44479000E-04  1.12214600E-03
2001-11-27T09:08:31.243  1.62563000E-04 -1.37966000E-04  5.75612000E-04
2001-11-27T09:08:32.243  1.77616000E-04  2.51460000E-04  7.61890000E-05
2001-11-27T09:08:33.243 -5.73820000E-04  3.53642000E-04  6.07235000E-04
2001-11-27T09:08:34.243 -4.36551000E-04  4.69275000E-04  2.65682000E-04
2001-11-27T09:08:35.243 -2.83892000E-04 -8.83120000E-05 -5.42910000E-05
2001-11-27T09:08:36.247  5.24834000E-04 -6.22197000E-04  6.73781000E-04
2001-11-27T09:08:37.247 -3.17111000E-04 -9.32387000E-04 -1.36525000E-04
2001-11-27T09:08:38.243  1.89312000E-04  7.98377000E-04 -7.05096000E-04
2001-11-27T09:08:39.243 -1.26235000E-03 -2.45453000E-04 -9.21400000E-05
2001-11-27T09:08:40.247  4.78626000E-04  1.07382700E-03  1.05409000E-04
2001-11-27T09:08:41.251 -7.93612000E-04 -1.04453700E-03 -9.71444000E-04
2001-11-27T09:08:42.243  1.20581600E-03 -3.63660000E-04  3.42029000E-04
2001-11-27T09:08:43.243 -6.69814000E-04 -9.42385000E-04  3.49696000E-04
2001-11-27T09:08:44.243  4.82948000E-04  1.31314300E-03  6.66594000E-04
2001-11-27T09:08:45.243 -1.50491700E-03 -2.82448000E-04 -4.16394000E-04
2001-11-27T09:08:46.243  1.53830000E-04  9.97614000E-04  6.67170000E-05
2001-11-27T09:08:47.247 -6.97220000E-04 -1.70305700E-03 -9.44690000E-05
2001-11-27T09:08:48.243  8.94987000E-04 -1.90712000E-04  9.48720000E-05
2001-11-27T09:08:49.243 -1.18056900E-03 -7.80837000E-04  2.14237000E-04
2001-11-27T09:08:50.243 -5.67290000E-05  9.88425000E-04 -5.40372000E-04
2001-11-27T09:08:51.243 -8.12423000E-04 -7.40713000E-04 -7.15823000E-04
2001-11-27T09:08:52.247  1.33039700E-03 -1.81459000E-04 -4.40098000E-04
2001-11-27T09:08:53.247 -3.06650000E-04 -8.09909000E-04  3.54522000E-04
2001-11-27T09:08:54.243  4.42094000E-04  4.14740000E-05  3.39190000E-05
2001-11-27T09:08:55.243 -1.22939100E-03  4.11200000E-05  7.56090000E-04
2001-11-27T09:08:56.247  2.68446000E-04  5.42675000E-04  9.87501000E-04
2001-11-27T09:08:57.251 -8.60751000E-04 -1.68306000E-04  1.96844000E-04
2001-11-27T09:08:58.243  6.91278000E-04 -5.11595000E-04 -1.88400000E-04
2001-11-27T09:08:59.243  1.67543000E-04 -8.95245000E-04 -1.47539000E-04
2001-11-27T09:09:00.243  3.57930000E-04  1.14903000E-04  1.11800900E-03
2001-11-27T09:09:01.243 -8.10315000E-04  1.19069000E-04  2.10220000E-05
2001-11-27T09:09:02.243 -5.12943000E-04  4.40298000E-04 -1.38607400E-03
2001-11-27T09:09:03.243 -9.79900000E-05  5.57850000E-05 -6.36070000E-05
2001-11-27T09:09:04.243  3.47605000E-04 -4.92548000E-04  3.82215000E-04
2001-11-27T09:09:05.243 -2.02989000E-04 -9.92564000E-04 -7.37486000E-04
2001-11-27T09:09:06.243  9.98200000E-05 -2.21260000E-05 -5.59323000E-04
2001-11-27T09:09:07.247 -1.78733000E-04  5.91309000E-04 -8.33920000E-05
2001-11-27T09:09:08.247 -5.03210000E-04  4.83263000E-04  4.41462000E-04
2001-11-27T09:09:09.247 -7.44610000E-05  2.83442000E-04  3.60285000E-04
2001-11-27T09:09:10.243  9.03030000E-05 -4.50293000E-04 -7.33720000E-05
2001-11-27T09:09:11.243  4.68396000E-04  1.30938000E-04  5.44148000E-04
2001-11-27T09:09:12.247 -8.56678000E-04 -3.27706000E-04 -1.40866000E-04
2001-11-27T09:09:13.251  7.62473000E-04  1.63576300E-03  1.82007000E-04
2001-11-27T09:09:14.243 -1.33065700E-03  5.21540000E-04 -5.66149000E-04
2001-11-27T09:09:15.243  6.91427000E-04  6.57301000E-04 -7.34838000E-04
2001-11-27T09:09:16.243 -6.49487000E-04 -8.38382000E-04  2.40263000E-04
2001-11-27T09:09:17.243  1.88486100E-03  5.47911000E-04 -4.60830000E-05
2001-11-27T09:09:18.243 -1.30844400E-03 -4.92902000E-04 -6.97726000E-04
2001-11-27T09:09:19.243  5.86202000E-04  1.20820100E-03 -2.67930000E-04
2001-11-27T09:09:20.243 -1.42436100E-03 -7.48166000E-04 -1.16028000E-04
2001-11-27T09:09:21.243  1.25866800E-03 -1.17277000E-04 -1.04696400E-03
2001-11-27T09:09:22.243  4.35209000E-04 -8.14317000E-04 -9.26200000E-04
2001-11-27T09:09:23.243  2.98386000E-04  6.12037000E-04 -6.94197000E-04
2001-11-27T09:09:24.247 -1.22039200E-03 -3.80210000E-05 -3.15355000E-04
2001-11-27T09:09:25.247  4.00990000E-05  1.00482200E-03 -1.33394000E-04
2001-11-27T09:09:26.243 -1.59794700E-03 -9.63864000E-04 -2.94594000E-04
2001-11-27T09:09:27.243  9.96064000E-04  5.67392000E-04  1.89314000E-04
2001-11-27T09:09:28.247 -1.02594300E-03 -1.12100800E-03  2.84146000E-04
2001-11-27T09:09:29.251  7.93220000E-04  6.31184000E-04  1.08066500E-03
2001-11-27T09:09:30.243 -8.79654000E-04 -4.75947000E-04 -3.03115000E-04
2001-11-27T09:09:31.243  8.70268000E-04  1.07783700E-03 -4.52844000E-04
2001-11-27T09:09:32.243 -6.20688000E-04 -9.80899000E-04  7.74260000E-04
2001-11-27T09:09:33.243  1.21676500E-03  3.29530000E-04  4.90134000E-04
2001-11-27T09:09:34.243 -5.06877000E-04 -1.39215300E-03 -1.78868000E-04
2001-11-27T09:09:35.243 -1.23944000E-04 -5.47134000E-04 -1.54773000E-04
2001-11-27T09:09:36.243 -9.02402000E-04 -3.49490000E-05  3.84100000E-05
2001-11-27T09:09:37.243  3.19935000E-04  1.29212300E-03  1.70930000E-05
2001-11-27T09:09:38.243 -8.35339000E-04 -9.21017000E-04  1.31709500E-03
2001-11-27T09:09:39.243  1.35593800E-03  1.13227100E-03 -9.82870000E-05
2001-11-27T09:09:40.247 -4.65710000E-05 -1.14433300E-03 -9.62674000E-04
2001-11-27T09:09:41.247  9.72041000E-04  4.86420000E-04  5.77743000E-04
2001-11-27T09:09:42.243 -1.28179000E-03 -2.04756000E-04  1.35089000E-04
2001-11-27T09:09:43.243 -2.04788000E-04  1.18476800E-03  3.54685000E-04
2001-11-27T09:09:44.247 -1.17708300E-03 -2.30340000E-05 -9.92079000E-04
2001-11-27T09:09:45.251  8.55154000E-04  9.45942000E-04 -1.47580200E-03
2001-11-27T09:09:46.243  3.57689000E-04 -8.89716000E-04 -3.02792000E-04
2001-11-27T09:09:47.243  1.93240800E-03  9.60463000E-04  8.02902000E-04
2001-11-27T09:09:48.243 -6.17324000E-04 -4.12985000E-04  1.56898000E-04
2001-11-27T09:09:49.243  4.61584000E-04  1.50807400E-03 -5.07199000E-04
2001-11-27T09:09:50.243 -1.31169000E-03 -4.94838000E-04 -1.59810000E-04
2001-11-27T09:09:51.243  2.53415000E-04  1.14797200E-03  8.56319000E-04
2001-11-27T09:09:52.243 -1.03157100E-03 -8.58674000E-04  1.77678000E-04
2001-11-27T09:09:53.243  1.10677700E-03  5.05437000E-04  1.64130000E-04
2001-11-27T09:09:54.243 -2.46862000E-04 -2.06745000E-04  8.63087000E-04
2001-11-27T09:09:55.243  4.83885000E-04  8.53882000E-04  6.58274000E-04
2001-11-27T09:09:56.247 -8.40312000E-04  2.58012000E-04 -3.36000000E-07
2001-11-27T09:09:57.243  4.46214000E-04  1.27220200E-03 -6.84685000E-04
2001-11-27T09:09:58.243 -2.50805000E-04 -7.35658000E-04 -9.82649000E-04
2001-11-27T09:09:59.243  6.94265000E-04  2.76256000E-04  2.18849000E-04
2001-11-27T09:10:00.247 -5.38590000E-04 -8.21857000E-04 -8.48419000E-04
2001-11-27T09:10:01.251 -4.01000000E-06  9.32596000E-04 -1.67100000E-04
2001-11-27T09:10:02.243 -1.50077800E-03 -3.88367000E-04 -1.31997000E-04
2001-11-27T09:10:03.243  4.48318000E-04  2.77020000E-04  6.69358000E-04
2001-11-27T09:10:04.243 -4.84850000E-04 -8.02791000E-04  2.28605000E-04
2001-11-27T09:10:05.243  8.23369000E-04 -1.18138000E-04 -1.03199700E-03
2001-11-27T09:10:06.243 -7.83673000E-04 -5.31114000E-04  5.18152000E-04
2001-11-27T09:10:07.247 -1.09082000E-04  1.14354000E-03  1.74863200E-03
2001-11-27T09:10:08.243 -1.23153800E-03 -5.31515000E-04  1.16728300E-03
2001-11-27T09:10:09.243  5.37707000E-04 -1.31647000E-04 -6.99663000E-04
2001-11-27T09:10:10.243 -2.36840000E-05 -6.14103000E-04  7.88528000E-04
2001-11-27T09:10:11.243  5.43553000E-04 -2.63112000E-04  1.03223600E-03
2001-11-27T09:10:12.247 -2.76420000E-04  3.01629000E-04  7.01838000E-04
2001-11-27T09:10:13.247 -3.28979000E-04  6.23500000E-04  4.63441000E-04
2001-11-27T09:10:14.243 -5.03600000E-05  9.09898000E-04 -8.30357000E-04
2001-11-27T09:10:15.243  3.85962000E-04 -2.88155000E-04  7.09220000E-04
2001-11-27T09:10:16.247  2.42267000E-04 -8.49559000E-04 -3.70815000E-04
2001-11-27T09:10:17.251  1.61820000E-04 -3.79395000E-04 -1.53770000E-04
2001-11-27T09:10:18.243  1.07087800E-03  1.17231400E-03 -2.95943000E-04
2001-11-27T09:10:19.243 -9.22734000E-04  5.22320000E-04 -4.00000000E-09
2001-11-27T09:10:20.243  2.38761000E-04  1.23635000E-03 -5.11273000E-04
2001-11-27T09:10:21.243 -5.49952000E-04 -3.95369000E-04 -5.04533000E-04
2001-11-27T09:10:22.243  7.43009000E-04 -1.51240000E-05 -7.96152000E-04
2001-11-27T09:10:23.243 -3.73553000E-04 -8.12949000E-04  8.50058000E-04
2001-11-27T09:10:24.243 -1.80151000E-04  5.18021000E-04  2.96366000E-04
2001-11-27T09:10:25.243 -1.54817800E-03 -7.80000000E-08  9.38180000E-05
2001-11-27T09:10:26.243  5.36023000E-04  9.03961000E-04 -3.42010000E-04
2001-11-27T09:10:27.247 -9.75854000E-04 -7.53838000E-04 -2.85247000E-04
2001-11-27T09:10:28.247  9.89813000E-04 -1.55192000E-04  2.22382000E-04
2001-11-27T09:10:29.247 -9.50040000E-04 -7.88681000E-04 -8.00387000E-04
2001-11-27T09:10:30.243  4.34797000E-04  1.39147300E-03  7.04250000E-05
2001-11-27T09:10:31.243 -1.39226300E-03  2.72357000E-04 -3.27577000E-04
2001-11-27T09:10:32.247  1.00999200E-03  9.27073000E-04 -1.99000000E-04
2001-11-27T09:10:33.251 -9.87890000E-04 -1.19017900E-03  5.00487000E-04
2001-11-27T09:10:34.243  1.06151900E-03  2.01117000E-04  5.13664000E-04
2001-11-27T09:10:35.243 -1.00565500E-03 -4.49192000E-04  2.13923000E-04
2001-11-27T09:10:36.243 -7.18570000E-05  8.65409000E-04  1.30525900E-03
2001-11-27T09:10:37.243 -1.56479400E-03 -7.32407000E-04  2.93208000E-04
2001-11-27T09:10:38.243  2.76058000E-04  6.47954000E-04 -4.49479000E-04
2001-11-27T09:10:39.247 -6.10534000E-04 -1.35297100E-03 -7.82860000E-05
2001-11-27T09:10:40.243  9.02486000E-04  1.06137000E-04  1.00990200E-03
2001-11-27T09:10:41.243 -1.30484600E-03 -3.57981000E-04  1.15856500E-03
2001-11-27T09:10:42.243  3.73835000E-04  7.49128000E-04 -2.18319000E-04
2001-11-27T09:10:43.243 -9.89566600E-03 -2.39071700E-03 -5.84071200E-03
2001-11-27T09:10:44.247  6.93772800E-03  4.60590500E-03  5.19018200E-03
2001-11-27T09:10:45.243 -2.27440400E-03 -1.00134970E-02 -2.76632400E-03
2001-11-27T09:10:46.243  8.75822000E-03 -1.01356300E-03 -4.33592700E-03
2001-11-27T09:10:47.243 -6.14356300E-03 -5.48939800E-03 -1.17538060E-02
2001-11-27T09:10:48.247  8.59213000E-04  8.24757600E-03  1.33750700E-03
2001-11-27T09:10:49.247 -8.97510900E-03  1.00259000E-03  8.30926200E-03
2001-11-27T09:10:50.243  4.97523700E-03  4.68811600E-03  1.64236500E-03
2001-11-27T09:10:51.243 -2.86342300E-03 -5.59752900E-03 -8.72715000E-03
2001-11-27T09:10:52.243  7.85049000E-03  2.22530000E-04 -4.04949300E-03
2001-11-27T09:10:53.243 -3.80240000E-03  1.30460200E-03 -3.78232600E-03
2001-11-27T09:10:54.243 -8.24845000E-04  4.24559300E-03  3.09106300E-03
2001-11-27T09:10:55.243 -6.77860700E-03  1.97715800E-03 -5.26542400E-03
2001-11-27T09:10:56.243  2.43458500E-03  1.07430800E-03 -2.90819400E-03
2001-11-27T09:10:57.243  1.75931500E-03 -7.54488200E-03  5.84993600E-03
2001-11-27T09:10:58.243  8.54834000E-04  6.68085300E-03  4.73455600E-03
2001-11-27T09:10:59.243 -4.84517900E-03  4.03733200E-03 -2.22794900E-03
2001-11-27T09:11:00.247 -1.86551700E-03  2.72149000E-03 -6.61730200E-03
2001-11-27T09:11:01.243  2.55196000E-04 -1.25748500E-03  1.61988800E-03
2001-11-27T09:11:02.243  4.37052300E-03 -3.27406700E-03  7.41136000E-04
2001-11-27T09:11:03.243  3.04207900E-03 -5.16399600E-03 -3.24067500E-03
2001-11-27T09:11:04.247  1.98514000E-04  3.41098800E-03 -4.95391600E-03
2001-11-27T09:11:05.247 -1.05373800E-03  6.34912500E-03  1.00892200E-03
2001-11-27T09:11:06.243 -4.08836800E-03  8.46008200E-03  2.09187200E-03
2001-11-27T09:11:07.243 -3.20246200E-03  1.80872600E-03 -4.01537000E-04
2001-11-27T09:11:08.243  2.30191400E-03 -2.44276200E-03 -5.28688000E-03
2001-11-27T09:11:09.243  7.97738000E-04 -2.70182400E-03 -3.28758400E-03
2001-11-27T09:11:10.243  1.35476600E-03 -1.13797300E-03 -1.07672300E-03
2001-11-27T09:11:11.243 -1.85066800E-03  1.02724290E-02 -1.88447600E-03
2001-11-27T09:11:12.243 -5.59155000E-03  6.69299800E-03 -3.74605700E-03
2001-11-27T09:11:13.243  4.07659400E-03  5.30489700E-03 -8.94920000E-05
2001-11-27T09:11:14.243 -4.30502500E-03 -6.84030800E-03  2.94806300E-03
2001-11-27T09:11:15.243  1.12038300E-02  1.39201400E-03 -1.83895400E-03
2001-11-27T09:11:16.247 -2.98769400E-03 -1.89052900E-03 -4.25675100E-03
2001-11-27T09:11:17.243  2.71698400E-03  1.14084990E-02 -4.70373100E-03
2001-11-27T09:11:18.243 -6.94124000E-03 -1.76029600E-03  1.45419400E-03
2001-11-27T09:11:19.243  2.50578600E-03  5.15619300E-03  5.08797300E-03
2001-11-27T09:11:20.247  2.43777000E-04 -6.89343500E-03 -6.35266400E-03
2001-11-27T09:11:21.247  1.21485920E-02 -5.78070000E-05 -7.70626700E-03
2001-11-27T09:11:22.243 -4.15986000E-04 -4.33584900E-03 -2.63506300E-03
2001-11-27T09:11:23.243  2.50146600E-03  7.29133200E-03  5.82281600E-03
2001-11-27T09:11:24.243 -9.58267900E-03  2.48364300E-03 -2.04148800E-03
2001-11-27T09:11:25.243 -3.48716600E-03  1.56268300E-03 -6.72915800E-03
2001-11-27T09:11:26.243 -1.55145400E-03 -2.17937300E-03 -1.07969300E-03
2001-11-27T09:11:27.243  6.82099100E-03 -1.34223500E-03  1.22293110E-02
2001-11-27T09:11:28.243 -2.09332000E-03 -7.58593300E-03  5.77782100E-03
2001-11-27T09:11:29.243  3.81592500E-03  3.94170100E-03  3.83469900E-03
2001-11-27T09:11:30.243 -1.18416610E-02 -2.59230400E-03 -3.11767200E-03
2001-11-27T09:11:31.243  4.49322800E-03  5.75086900E-03  1.86158500E-03
2001-11-27T09:11:32.247 -4.33319900E-03 -9.70338300E-03  1.09566390E-02
2001-11-27T09:11:33.243  6.95650000E-03  2.10488400E-03 -5.17292500E-03
2001-11-27T09:11:34.243 -4.72713300E-03 -7.95900700E-03 -5.18566900E-03
2001-11-27T09:11:35.243 -1.32775700E-03  4.17676800E-03 -6.65048500E-03
2001-11-27T09:11:36.247 -1.15380160E-02 -1.74818300E-03  1.61435600E-03
2001-11-27T09:11:37.247  6.32146000E-03  6.88335200E-03  3.49734000E-04
2001-11-27T09:11:38.243 -3.63844200E-03 -7.86032300E-03  3.72889000E-04
2001-11-27T09:11:39.243  9.70315800E-03  2.71920200E-03 -7.63148000E-03
2001-11-27T09:11:40.243 -6.18753600E-03 -5.90432800E-03  4.57923300E-03
2001-11-27T09:11:41.243  4.38789600E-03  9.90519300E-03  4.57315100E-03
2001-11-27T09:11:42.243 -1.14345380E-02 -8.54026000E-04 -2.32707900E-03
2001-11-27T09:11:43.243  8.00470400E-03  5.24702600E-03 -2.06106700E-03
