2002-01-07T02:56:52.467 -1.48792800E-03  2.29368000E-04 -6.41026000E-04
2002-01-07T02:56:53.459  1.25191600E-03  1.43903000E-04  9.34170000E-04
2002-01-07T02:56:54.463  1.10405300E-03 -1.15234400E-03 -1.00590100E-03
2002-01-07T02:56:55.459  8.26563000E-04  5.02086000E-04 -1.79729000E-04
2002-01-07T02:56:56.459 -7.58288000E-04  2.31400000E-05 -2.51601000E-04
2002-01-07T02:56:57.467  4.12023000E-04  1.06653600E-03 -5.43675000E-04
2002-01-07T02:56:58.463 -1.55419400E-03 -7.07523000E-04 -4.28587000E-04
2002-01-07T02:56:59.456  8.40908000E-04  7.64903000E-04  1.72806000E-04
2002-01-07T02:57:00.463  4.78300000E-05 -1.27558400E-03 -4.29017000E-04
2002-01-07T02:57:01.459  1.37871500E-03  9.38133000E-04  2.56440000E-04
2002-01-07T02:57:02.459 -1.00116000E-03 -6.93110000E-05 -2.85420000E-05
2002-01-07T02:57:03.463  3.55993000E-04  1.61339800E-03 -1.46191000E-04
2002-01-07T02:57:04.463 -3.63288000E-04 -7.27502000E-04  4.92698000E-04
2002-01-07T02:57:05.459  6.63129000E-04 -1.17596000E-04  1.71677000E-04
2002-01-07T02:57:06.463  1.49102000E-04 -9.39114000E-04 -7.60440000E-05
2002-01-07T02:57:07.463  2.09744000E-04  8.12386000E-04 -6.30571000E-04
2002-01-07T02:57:08.467 -7.17420000E-04  1.26092000E-04  4.66813000E-04
2002-01-07T02:57:09.459  4.89240000E-04  6.27157000E-04 -9.49940000E-05
2002-01-07T02:57:10.463 -1.68262000E-04 -3.66013000E-04  1.03947500E-03
2002-01-07T02:57:11.459  1.08431800E-03 -6.01918000E-04 -5.29427000E-04
2002-01-07T02:57:12.456 -2.30850000E-05  1.39760000E-05 -3.17156000E-04
2002-01-07T02:57:13.467 -3.91966000E-04  5.99169000E-04  3.64000000E-06
2002-01-07T02:57:14.463 -9.37356000E-04  5.06517000E-04 -5.52682000E-04
2002-01-07T02:57:15.456 -8.60623000E-04  2.32741000E-04  1.34258000E-03
2002-01-07T02:57:16.463  4.26007000E-04 -4.29410000E-04  3.88015000E-04
2002-01-07T02:57:17.463  4.84705000E-04 -3.96022000E-04 -1.64464000E-04
2002-01-07T02:57:18.459 -3.32593000E-04  7.34164000E-04 -2.90000000E-08
2002-01-07T02:57:19.463 -4.21124000E-04  6.11831000E-04 -8.07000000E-04
2002-01-07T02:57:20.463 -1.56422000E-04  9.27428000E-04  9.35869000E-04
2002-01-07T02:57:21.459  1.29699000E-04 -2.25720000E-05 -1.02691600E-03
2002-01-07T02:57:22.463  9.20523000E-04 -3.13286000E-04  1.06684200E-03
2002-01-07T02:57:23.459 -3.85200000E-04 -5.74256000E-04 -5.94752000E-04
2002-01-07T02:57:24.467  2.41206000E-04  7.05050000E-04  2.19367000E-04
2002-01-07T02:57:25.459 -1.01123400E-03 -4.83426000E-04  1.48061000E-04
2002-01-07T02:57:26.463  5.74853000E-04  6.43115000E-04 -5.04627000E-04
2002-01-07T02:57:27.459 -6.29717000E-04 -6.91461000E-04  1.27805800E-03
2002-01-07T02:57:28.459  1.35915300E-03 -2.56050000E-05 -7.53812000E-04
2002-01-07T02:57:29.467 -9.28448000E-04 -2.89821000E-04  7.65438000E-04
2002-01-07T02:57:30.463  2.34810000E-04  9.99772000E-04 -2.72697000E-04
2002-01-07T02:57:31.459 -1.21818900E-03 -6.44495000E-04  5.51231000E-04
2002-01-07T02:57:32.463  8.16689000E-04  5.41376000E-04  8.93390000E-05
2002-01-07T02:57:33.463 -1.02277000E-03 -1.35017300E-03  7.73938000E-04
2002-01-07T02:57:34.459  8.64210000E-04  8.56503000E-04 -5.58460000E-05
2002-01-07T02:57:35.463 -1.30534500E-03 -2.01192000E-04 -4.07000000E-04
2002-01-07T02:57:36.463  4.67491000E-04  1.01895800E-03  2.20000000E-08
2002-01-07T02:57:37.459 -1.10603100E-03 -6.02163000E-04  3.75311000E-04
2002-01-07T02:57:38.463  1.52818100E-03  2.09486000E-04 -1.02213300E-03
2002-01-07T02:57:39.463 -7.98388000E-04 -1.17402100E-03  5.73655000E-04
2002-01-07T02:57:40.467  3.13590000E-05  9.24310000E-04 -4.75599000E-04
2002-01-07T02:57:41.459 -1.44002000E-03  6.75105000E-04  1.34157900E-03
2002-01-07T02:57:42.463  6.87522000E-04  6.32768000E-04 -3.68061000E-04
2002-01-07T02:57:43.459 -1.26752000E-04 -6.59237000E-04  9.25610000E-05
2002-01-07T02:57:44.459  3.82564000E-04 -5.43617000E-04 -3.25085000E-04
2002-01-07T02:57:45.467 -7.68006000E-04 -1.42381000E-04 -2.54779000E-04
2002-01-07T02:57:46.463 -3.45945000E-04  8.99766000E-04  2.74294000E-04
2002-01-07T02:57:47.455 -8.03309000E-04  2.16724000E-04  3.02890000E-04
2002-01-07T02:57:48.463  6.65452000E-04  4.61473000E-04  5.50195000E-04
2002-01-07T02:57:49.463  1.37308000E-04 -7.45246000E-04  9.64330000E-05
2002-01-07T02:57:50.459 -2.87380000E-04 -1.54933000E-04  6.86660000E-05
2002-01-07T02:57:51.463 -4.22889000E-04  1.87870000E-05  6.06182000E-04
2002-01-07T02:57:52.463 -1.94414000E-04  4.11825000E-04  8.66681000E-04
2002-01-07T02:57:53.459 -4.55375000E-04  4.38464000E-04  1.49126000E-04
2002-01-07T02:57:54.463  1.31036000E-04  4.17355000E-04  3.74254000E-04
2002-01-07T02:57:55.463  6.91992000E-04 -5.97923000E-04 -5.31780000E-05
2002-01-07T02:57:56.467  2.83932000E-04 -3.10094000E-04  5.82737000E-04
2002-01-07T02:57:57.459 -1.27595000E-04  3.48260000E-04 -2.06586000E-04
2002-01-07T02:57:58.463 -1.35767600E-03 -2.74444000E-04 -2.15396000E-04
2002-01-07T02:57:59.459 -2.09614000E-04  5.31187000E-04  2.76584000E-04
2002-01-07T02:58:00.459 -1.99085000E-04 -1.27302100E-03 -4.82157000E-04
2002-01-07T02:58:01.467  7.58352000E-04 -1.55225000E-04  1.47970000E-04
2002-01-07T02:58:02.463 -6.68087000E-04 -2.53905000E-04  3.16732000E-04
2002-01-07T02:58:03.455 -5.36280000E-05  9.82626000E-04  1.20817500E-03
2002-01-07T02:58:04.463 -4.25204000E-04  3.18731000E-04 -4.79868000E-04
2002-01-07T02:58:05.463  4.20425000E-04  5.02073000E-04 -8.12961000E-04
2002-01-07T02:58:06.459  1.19862000E-04 -1.30997500E-03  9.28545000E-04
2002-01-07T02:58:07.459  9.13381000E-04  2.94523000E-04 -5.49094000E-04
2002-01-07T02:58:08.463 -1.87157900E-03 -5.72732000E-04  7.48641000E-04
2002-01-07T02:58:09.459  3.33577000E-04  1.37939700E-03 -3.81079000E-04
2002-01-07T02:58:10.463 -1.51344100E-03 -6.76567000E-04 -3.29945000E-04
2002-01-07T02:58:11.459  8.75860000E-04  7.81723000E-04  1.87316000E-04
2002-01-07T02:58:12.467 -1.95472000E-04 -1.22742000E-03 -5.18392000E-04
2002-01-07T02:58:13.459  8.73779000E-04  4.34343000E-04  7.09336000E-04
2002-01-07T02:58:14.463 -1.25949500E-03 -3.51504000E-04  1.74226000E-04
2002-01-07T02:58:15.459 -5.41316000E-04  1.49819800E-03  1.53290500E-03
2002-01-07T02:58:16.459 -9.60255000E-04 -4.77525000E-04 -6.66212000E-04
2002-01-07T02:58:17.467  1.09096600E-03  5.30635000E-04 -1.20651000E-04
2002-01-07T02:58:18.463 -1.38014000E-04 -1.58015900E-03 -1.72101000E-04
2002-01-07T02:58:19.455  1.52587200E-03  6.14254000E-04 -7.91230000E-05
2002-01-07T02:58:20.463 -1.06337600E-03 -1.55717000E-04  8.41244000E-04
2002-01-07T02:58:21.463 -2.46952000E-04  1.00762400E-03 -5.13090000E-05
2002-01-07T02:58:22.459 -1.38852700E-03  2.83400000E-06  4.26714000E-04
2002-01-07T02:58:23.463  9.21465000E-04 -2.88550000E-05 -1.50527000E-04
2002-01-07T02:58:24.463 -3.55557000E-04 -1.05622300E-03  5.41902000E-04
2002-01-07T02:58:25.459  1.27938600E-03  9.42960000E-04 -1.72046000E-04
2002-01-07T02:58:26.463 -1.33551600E-03 -9.59720000E-05 -1.53048000E-04
2002-01-07T02:58:27.463 -4.84080000E-05  1.53218700E-03 -5.66630000E-05
2002-01-07T02:58:28.467 -7.86560000E-04 -7.85879000E-04  8.74534000E-04
2002-01-07T02:58:29.459  6.95832000E-04 -3.69360000E-04 -8.51790000E-04
2002-01-07T02:58:30.463 -5.07679000E-04 -9.17926000E-04  5.88456000E-04
2002-01-07T02:58:31.459  4.51930000E-05  7.01903000E-04 -4.91103000E-04
2002-01-07T02:58:32.459 -1.10614300E-03  1.13752000E-04  2.21270000E-04
2002-01-07T02:58:33.467  3.45434000E-04  9.24810000E-04 -7.59990000E-05
2002-01-07T02:58:34.463 -1.32241000E-04 -1.09636300E-03 -1.40505000E-04
2002-01-07T02:58:35.455  1.95127300E-03  4.58631000E-04  5.68548000E-04
2002-01-07T02:58:36.463 -6.99844000E-04 -5.97683000E-04 -5.54590000E-04
2002-01-07T02:58:37.463  6.94198000E-04  1.31813200E-03 -6.00480000E-05
2002-01-07T02:58:38.459 -1.06013100E-03  1.44657000E-04  7.78000000E-04
2002-01-07T02:58:39.463  8.20941000E-04  1.24751000E-03  1.26560000E-05
2002-01-07T02:58:40.459 -2.47324000E-04 -1.21880500E-03 -3.34257000E-04
2002-01-07T02:58:41.459  1.04808200E-03  1.20177700E-03 -1.57608000E-04
2002-01-07T02:58:42.463 -5.83651000E-04 -1.02279900E-03  7.05629000E-04
2002-01-07T02:58:43.463  5.51993000E-04  8.43571000E-04  5.01040000E-05
2002-01-07T02:58:44.467 -7.03492000E-04 -2.20593000E-04  2.74800000E-06
2002-01-07T02:58:45.459  9.90109000E-04  9.11321000E-04 -1.54935000E-04
2002-01-07T02:58:46.463 -2.11285000E-04 -1.06340500E-03  1.41820000E-05
2002-01-07T02:58:47.459  5.98678000E-04  3.31978000E-04 -5.66735000E-04
2002-01-07T02:58:48.459 -3.18123000E-04 -4.17373000E-04 -4.51482000E-04
2002-01-07T02:58:49.467  7.77324000E-04  1.26838800E-03  8.62287000E-04
2002-01-07T02:58:50.463 -1.10550900E-03 -3.11366000E-04 -2.93370000E-04
2002-01-07T02:58:51.455  1.10806200E-03 -1.21023000E-04 -5.57500000E-06
2002-01-07T02:58:52.463 -7.36411000E-04 -8.45256000E-04  5.14309000E-04
2002-01-07T02:58:53.463  3.90450000E-04 -1.42061000E-04 -8.84934000E-04
2002-01-07T02:58:54.459 -3.53732000E-04 -3.78160000E-04 -3.16863000E-04
2002-01-07T02:58:55.463  3.98409000E-04  1.57335000E-03  4.88267000E-04
2002-01-07T02:58:56.463 -9.52129000E-04 -1.50389000E-04  3.05930000E-05
2002-01-07T02:58:57.459  9.74120000E-04  5.12149000E-04 -1.21542000E-04
2002-01-07T02:58:58.463 -3.39370000E-04 -6.54203000E-04 -2.80666000E-04
2002-01-07T02:58:59.463  8.51959000E-04  1.32798000E-04  1.46556000E-04
2002-01-07T02:59:00.467 -4.84969000E-04 -3.63930000E-05 -3.76908000E-04
2002-01-07T02:59:01.459 -4.77957000E-04  1.09887900E-03  9.27829000E-04
2002-01-07T02:59:02.459 -8.63648000E-04 -2.20779000E-04 -5.54190000E-04
2002-01-07T02:59:03.459  1.14214800E-03  9.88077000E-04  9.87570000E-05
2002-01-07T02:59:04.459 -4.22784000E-04 -1.05892100E-03  3.18169000E-04
2002-01-07T02:59:05.467  1.50768700E-03  6.67977000E-04 -6.57917000E-04
2002-01-07T02:59:06.463 -9.22069000E-04 -2.35544000E-04  1.09764000E-04
2002-01-07T02:59:07.455  8.51728000E-04  1.49328300E-03 -5.15625000E-04
2002-01-07T02:59:08.463 -1.37971400E-03  4.47007000E-04  5.98322000E-04
2002-01-07T02:59:09.463  1.32120200E-03  9.35757000E-04 -1.28430000E-05
2002-01-07T02:59:10.459 -1.42110000E-04 -1.08847200E-03  4.83348000E-04
2002-01-07T02:59:11.463  9.81198000E-04  2.41444000E-04  3.53478000E-04
2002-01-07T02:59:12.463 -9.62540000E-04 -1.97555000E-04 -7.69659000E-04
2002-01-07T02:59:13.459  3.71589000E-04  1.56581800E-03 -4.67469000E-04
2002-01-07T02:59:14.463 -5.46183000E-04 -6.42164000E-04  8.95493000E-04
2002-01-07T02:59:15.463  9.04291000E-04  9.04510000E-04  2.43015000E-04
2002-01-07T02:59:16.467 -3.51050000E-04 -1.24719400E-03  5.41703000E-04
2002-01-07T02:59:17.459  1.32038800E-03  8.89317000E-04 -1.07024000E-04
2002-01-07T02:59:18.463 -9.44146000E-04 -1.88182000E-04  2.89129000E-04
2002-01-07T02:59:19.459  7.54693000E-04  1.33467500E-03 -7.40824000E-04
2002-01-07T02:59:20.459 -1.52277200E-03  1.23758000E-04  3.70638000E-04
2002-01-07T02:59:21.467  8.32894000E-04  1.08391600E-03 -1.89220000E-05
2002-01-07T02:59:22.463 -2.35071000E-04 -1.57174200E-03 -6.34611000E-04
2002-01-07T02:59:23.455  1.25587800E-03  5.84110000E-04 -4.04156000E-04
2002-01-07T02:59:24.459 -1.03541800E-03 -3.18769000E-04 -9.12365000E-04
2002-01-07T02:59:25.463  8.80800000E-05  1.22020100E-03 -2.79964000E-04
2002-01-07T02:59:26.459 -1.04186400E-03 -1.64540000E-05  2.28663000E-04
2002-01-07T02:59:27.463  9.04712000E-04  2.62297000E-04 -1.00496500E-03
2002-01-07T02:59:28.463  2.91750000E-05 -1.13365600E-03 -6.30400000E-06
2002-01-07T02:59:29.459  1.04384500E-03  3.87709000E-04  1.78701000E-04
2002-01-07T02:59:30.459 -1.12199800E-03 -5.84421000E-04 -5.36575000E-04
2002-01-07T02:59:31.459 -5.37387000E-04  1.49858700E-03  1.01851800E-03
2002-01-07T02:59:32.467 -1.36513200E-03 -3.12913000E-04 -5.70990000E-05
2002-01-07T02:59:33.459  1.16144200E-03  3.99575000E-04  4.53243000E-04
2002-01-07T02:59:34.463 -3.61959000E-04 -6.85085000E-04 -4.87915000E-04
2002-01-07T02:59:35.459  1.17338100E-03  2.70916000E-04 -2.43551000E-04
2002-01-07T02:59:36.459 -8.94259000E-04 -5.44470000E-04  8.11743000E-04
2002-01-07T02:59:37.467  4.47638000E-04  1.48868400E-03 -4.47456000E-04
2002-01-07T02:59:38.463 -8.57657000E-04 -4.03143000E-04  1.24369300E-03
2002-01-07T02:59:39.455  4.67904000E-04  1.13441400E-03 -4.12395000E-04
2002-01-07T02:59:40.463 -1.21638200E-03 -7.31731000E-04  8.72469000E-04
2002-01-07T02:59:41.459  1.50379500E-03 -1.38530000E-05 -4.65812000E-04
2002-01-07T02:59:42.459 -7.35591000E-04 -4.70839000E-04 -2.91364000E-04
2002-01-07T02:59:43.463  8.17418000E-04  8.70804000E-04 -3.35644000E-04
2002-01-07T02:59:44.463 -8.27297000E-04  6.81490000E-04 -1.07774500E-03
2002-01-07T02:59:45.459  2.69739000E-04  9.89855000E-04  3.03857000E-04
2002-01-07T02:59:46.459 -3.98778000E-04 -1.05513500E-03  3.08320000E-05
2002-01-07T02:59:47.459  7.47112000E-04  4.29090000E-04 -1.59509000E-04
2002-01-07T02:59:48.467 -1.18580000E-04 -1.11397700E-03  1.03634000E-04
2002-01-07T02:59:49.459  9.14514000E-04  1.08225000E-04 -5.51151000E-04
2002-01-07T02:59:50.463 -1.07125500E-03  3.26996000E-04 -6.99170000E-05
2002-01-07T02:59:51.459 -3.59510000E-05  1.14072800E-03  7.44030000E-05
2002-01-07T02:59:52.459 -9.07507000E-04  4.84140000E-05 -2.72602000E-04
2002-01-07T02:59:53.467 -1.97751000E-04  1.24599000E-04 -7.19438000E-04
2002-01-07T02:59:54.463 -3.09150000E-05 -1.07041900E-03 -7.41131000E-04
2002-01-07T02:59:55.455  2.35870000E-04  2.42300000E-06  4.71958000E-04
2002-01-07T02:59:56.463  4.16520000E-05  3.78353000E-04 -1.65607700E-03
2002-01-07T02:59:57.459 -3.15348000E-04  6.41847000E-04 -2.13538000E-04
2002-01-07T02:59:58.459 -3.62256000E-04  6.29022000E-04 -1.92370000E-04
2002-01-07T02:59:59.463  4.93835000E-04 -4.11389000E-04 -4.28055000E-04
2002-01-07T03:00:00.463 -1.16209000E-04 -1.54604000E-04  5.68336000E-04
2002-01-07T03:00:01.459  3.53246000E-04 -5.45555000E-04 -5.69389000E-04
2002-01-07T03:00:02.459  5.11865000E-04  3.48464000E-04  1.45800000E-06
2002-01-07T03:00:03.459 -4.58720000E-04  2.96674000E-04 -2.63358000E-04
2002-01-07T03:00:04.467 -2.18460000E-04  1.01075900E-03 -9.73300000E-06
2002-01-07T03:00:05.459 -6.22102000E-04  1.16809000E-04  3.92921000E-04
2002-01-07T03:00:06.463  2.13690000E-05  9.86050000E-05 -5.76173000E-04
2002-01-07T03:00:07.459  1.11425000E-04 -6.24582000E-04  2.83230000E-04
2002-01-07T03:00:08.455  5.88510000E-04  4.81099000E-04  5.52393000E-04
2002-01-07T03:00:09.467 -7.63941000E-04  1.81989000E-04 -1.45080000E-05
2002-01-07T03:00:10.463  1.23990000E-05  1.37787900E-03  3.44338000E-04
2002-01-07T03:00:11.455 -1.00998300E-03  1.06597000E-04 -6.05246000E-04
2002-01-07T03:00:12.463  1.80860000E-05  4.61777000E-04  1.41900000E-03
2002-01-07T03:00:13.463 -4.53005000E-04 -8.53042000E-04 -1.22477300E-03
2002-01-07T03:00:14.459  1.06933300E-03  1.41516000E-04  7.32535000E-04
2002-01-07T03:00:15.463 -2.13476000E-04 -1.01447200E-03  4.38316000E-04
2002-01-07T03:00:16.463  4.50699000E-04  9.49129000E-04 -5.35170000E-05
2002-01-07T03:00:17.459 -1.11205500E-03  2.49300000E-06  3.18140000E-05
2002-01-07T03:00:18.463  2.25010000E-04  1.79616300E-03 -8.55652000E-04
2002-01-07T03:00:19.459 -1.06619000E-03 -4.30666000E-04  6.28188000E-04
2002-01-07T03:00:20.467  1.16614900E-03  7.30070000E-04 -3.36951000E-04
2002-01-07T03:00:21.459 -7.99090000E-05 -5.04280000E-04  8.37564000E-04
2002-01-07T03:00:22.463  7.76502000E-04  2.75575000E-04 -1.49644000E-04
2002-01-07T03:00:23.459  2.50947000E-04 -4.75350000E-05  7.12341000E-04
2002-01-07T03:00:24.459  4.00720000E-05  2.59257000E-04  6.30126000E-04
2002-01-07T03:00:25.467 -2.89584000E-04  1.05373800E-03  2.09429000E-04
2002-01-07T03:00:26.463 -6.07714000E-04 -1.94972000E-04 -8.01472000E-04
2002-01-07T03:00:27.455  5.27825000E-04  6.80788000E-04  5.26300000E-06
2002-01-07T03:00:28.463 -7.53734000E-04 -5.11418000E-04 -1.34073000E-04
2002-01-07T03:00:29.463  1.24236700E-03  2.23063000E-04 -4.04192000E-04
2002-01-07T03:00:30.459 -5.93230000E-04 -1.20302400E-03 -5.73363000E-04
2002-01-07T03:00:31.463  1.03709000E-03  4.96327000E-04  8.32795000E-04
2002-01-07T03:00:32.463 -7.22687000E-04  4.70200000E-05  3.03421000E-04
2002-01-07T03:00:33.459  2.87518000E-04  1.25631600E-03 -3.87220000E-05
2002-01-07T03:00:34.459 -1.50410800E-03  4.11160000E-04 -4.75752000E-04
2002-01-07T03:00:35.459  8.39240000E-04  1.55471000E-04 -4.08661000E-04
2002-01-07T03:00:36.467 -1.19707000E-04 -5.98517000E-04  1.19579000E-04
2002-01-07T03:00:37.459  3.11608000E-04  4.81430000E-05 -5.70011000E-04
2002-01-07T03:00:38.463  1.56836300E-03  4.67273000E-04  5.02009000E-04
2002-01-07T03:00:39.459  1.36821000E-04 -2.62843000E-04 -6.71919000E-04
2002-01-07T03:00:40.459  9.56153000E-04  1.07013300E-03  5.36488000E-04
2002-01-07T03:00:41.467 -1.04182700E-03  6.34860000E-05 -2.35537000E-04
2002-01-07T03:00:42.463  4.53310000E-04  1.25812000E-03  7.79624000E-04
2002-01-07T03:00:43.455 -1.73964700E-03  6.62650000E-05 -7.51720000E-04
2002-01-07T03:00:44.463  1.73675000E-04  1.51823800E-03 -4.84265000E-04
2002-01-07T03:00:45.459 -1.17609000E-03 -3.28552000E-04  1.31126200E-03
2002-01-07T03:00:46.459  3.99169000E-04  4.48670000E-04 -2.24238000E-04
2002-01-07T03:00:47.463 -5.80640000E-05 -9.14918000E-04  6.95011000E-04
2002-01-07T03:00:48.463 -5.00490000E-05 -1.92956000E-04 -3.33444000E-04
2002-01-07T03:00:49.459  7.01479000E-04  5.69007000E-04 -7.34228000E-04
2002-01-07T03:00:50.463 -4.62617000E-04 -5.81143000E-04  3.41501000E-04
2002-01-07T03:00:51.459  5.76222000E-04  8.36237000E-04  1.47134000E-04
2002-01-07T03:00:52.463 -1.12889600E-03 -4.89776000E-04  2.71788000E-04
2002-01-07T03:00:53.459  4.22688000E-04  1.52202400E-03 -5.06752000E-04
2002-01-07T03:00:54.463 -1.57427000E-03 -1.17375000E-04  3.31100000E-05
2002-01-07T03:00:55.459  5.81300000E-06  8.55632000E-04  4.19999000E-04
2002-01-07T03:00:56.459 -4.19334000E-04  5.04236000E-04 -1.27474700E-03
2002-01-07T03:00:57.467  1.14272000E-04 -3.56520000E-05  3.89626000E-04
2002-01-07T03:00:58.463  1.01314600E-03  1.24562000E-04 -7.22474000E-04
2002-01-07T03:00:59.455 -1.79839000E-04 -6.90620000E-04 -1.14353000E-04
2002-01-07T03:01:00.463  8.10007000E-04  5.53297000E-04  7.36887000E-04
2002-01-07T03:01:01.463 -8.16153000E-04 -9.10059000E-04 -4.51786000E-04
2002-01-07T03:01:02.459  7.24501000E-04  1.30653500E-03  9.05390000E-04
2002-01-07T03:01:03.459 -1.06399300E-03  2.76064000E-04  2.39427000E-04
2002-01-07T03:01:04.463 -1.88757000E-04  1.00318600E-03 -2.22109000E-04
2002-01-07T03:01:05.459 -3.07367000E-04  6.22826000E-04 -7.78220000E-04
2002-01-07T03:01:06.459 -1.01627000E-04 -4.97864000E-04  1.49935000E-04
2002-01-07T03:01:07.459  1.01272900E-03  1.40462400E-03  1.24318000E-04
2002-01-07T03:01:08.467 -7.90142000E-04 -2.85954000E-04 -1.17377600E-03
2002-01-07T03:01:09.459  1.48539700E-03 -1.85310000E-04  2.36475000E-04
2002-01-07T03:01:10.463 -3.27867000E-04  2.11182000E-04 -3.50767000E-04
2002-01-07T03:01:11.459  6.42818000E-04  1.31838000E-04  6.73612000E-04
2002-01-07T03:01:12.459  1.77411000E-04  5.27549000E-04 -5.41761000E-04
2002-01-07T03:01:13.467 -4.33417000E-04  1.41578000E-04  3.43178000E-04
2002-01-07T03:01:14.459 -4.10027000E-04  9.06441000E-04 -4.98100000E-05
2002-01-07T03:01:15.455 -1.15389500E-03 -3.78200000E-06 -5.32687000E-04
2002-01-07T03:01:16.463  1.21788000E-04  1.79961400E-03 -6.01491000E-04
2002-01-07T03:01:17.459 -9.47079000E-04 -4.10182000E-04 -6.31919000E-04
2002-01-07T03:01:18.459  3.03331000E-04  7.56235000E-04  1.53760000E-05
2002-01-07T03:01:19.463  4.00898000E-04  4.00491000E-04  4.44337000E-04
2002-01-07T03:01:20.463 -7.19263000E-04  5.53281000E-04  3.00106000E-04
2002-01-07T03:01:21.459  1.14514900E-03  4.87084000E-04  4.35336000E-04
2002-01-07T03:01:22.463 -1.53669000E-04 -1.00215900E-03 -2.04945000E-04
2002-01-07T03:01:23.459  8.86001000E-04  4.11689000E-04  1.19764300E-03
2002-01-07T03:01:24.467 -2.43290000E-05  2.98180000E-05 -1.46450000E-04
2002-01-07T03:01:25.459  2.30398000E-04 -7.04890000E-05  4.57316000E-04
2002-01-07T03:01:26.463  1.07512700E-03  1.30595000E-03 -6.33927000E-04
2002-01-07T03:01:27.459 -1.03330200E-03 -3.11548000E-04  2.66461000E-04
2002-01-07T03:01:28.459  4.90036000E-04  1.48410100E-03  4.98221000E-04
2002-01-07T03:01:29.467 -1.33084500E-03 -5.89130000E-05  3.91714000E-04
2002-01-07T03:01:30.463 -4.44466000E-04  8.60298000E-04  1.06690800E-03
2002-01-07T03:01:31.455 -1.40080000E-04  1.62663900E-03 -7.00553000E-04
2002-01-07T03:01:32.463 -1.04879500E-03  4.10185000E-04  3.51898000E-04
2002-01-07T03:01:33.463  3.81008000E-04  1.82063800E-03 -8.30881000E-04
2002-01-07T03:01:34.459 -1.67710000E-03  5.98450000E-05  4.44691000E-04
2002-01-07T03:01:35.463  1.86744000E-04  6.86520000E-04  4.54548000E-04
2002-01-07T03:01:36.459 -7.51546000E-04  1.17837300E-03 -9.52895000E-04
2002-01-07T03:01:37.459 -1.06259600E-03 -2.08153000E-04  5.39595000E-04
2002-01-07T03:01:38.463  3.95583000E-04  8.74761000E-04  8.65890000E-05
2002-01-07T03:01:39.459  3.71765000E-04  3.46916000E-04 -5.10660000E-04
2002-01-07T03:01:40.467  5.17410000E-05 -3.49349000E-04  6.69114000E-04
2002-01-07T03:01:41.459  1.68062500E-03  1.32523700E-03 -1.24106600E-03
2002-01-07T03:01:42.463 -4.42829000E-04 -3.94581000E-04  7.57787000E-04
2002-01-07T03:01:43.459  7.72658000E-04  6.35678000E-04  1.47920000E-04
2002-01-07T03:01:44.459  1.01591500E-03  3.81329000E-04  1.70415000E-04
2002-01-07T03:01:45.467 -2.97015000E-04 -3.02191000E-04  5.51449000E-04
2002-01-07T03:01:46.463  9.71215000E-04  9.37661000E-04 -6.04760000E-04
2002-01-07T03:01:47.455  1.33777000E-04 -2.50865000E-04 -4.04287000E-04
2002-01-07T03:01:48.463  2.11219000E-04 -7.37704000E-04 -3.63176000E-04
2002-01-07T03:01:49.463  1.06379000E-03  3.97454000E-04 -4.17607000E-04
2002-01-07T03:01:50.459  1.13784000E-04  9.97020000E-05 -5.05091000E-04
2002-01-07T03:01:51.463 -4.19868000E-04  1.19510000E-05  2.64428000E-04
2002-01-07T03:01:52.463  1.10263800E-03  7.91672000E-04  1.61901000E-04
2002-01-07T03:01:53.459 -6.82830000E-05  3.57569000E-04 -4.82080000E-05
2002-01-07T03:01:54.459  1.23986000E-04 -1.44786000E-04  5.42268000E-04
2002-01-07T03:01:55.459  1.44931800E-03  9.46001000E-04 -2.83782000E-04
2002-01-07T03:01:56.467  3.65620000E-05  3.92028000E-04  8.52086000E-04
2002-01-07T03:01:57.459  1.08117000E-04 -3.22555000E-04 -7.30966000E-04
2002-01-07T03:01:58.459  9.48478000E-04  1.27943300E-03  6.19101000E-04
2002-01-07T03:01:59.459  1.47236000E-04  3.36184000E-04  1.92469000E-04
2002-01-07T03:02:00.459 -3.92832000E-04  1.10343000E-04 -5.65006000E-04
2002-01-07T03:02:01.467  1.46699800E-03  7.65766000E-04  1.92307000E-04
2002-01-07T03:02:02.463 -2.00900000E-06  1.69460000E-05 -4.51070000E-04
2002-01-07T03:02:03.455 -3.41710000E-04  3.00212000E-04  3.83530000E-05
2002-01-07T03:02:04.463  1.25327700E-03  1.35226900E-03  1.25388000E-04
2002-01-07T03:02:05.459  1.60793000E-04  8.04128000E-04  2.57879000E-04
2002-01-07T03:02:06.459 -6.15678000E-04  6.39640000E-05  1.07905000E-04
2002-01-07T03:02:07.463 -6.07100000E-05  2.44731600E-03 -3.11760000E-05
2002-01-07T03:02:08.463 -4.45096000E-04  1.54847000E-03  7.51200000E-05
2002-01-07T03:02:09.459 -1.06382700E-03  6.28985000E-04 -2.12002000E-04
2002-01-07T03:02:10.459 -4.21438000E-04  1.31190900E-03  5.59010000E-05
2002-01-07T03:02:11.459  6.15843000E-04  2.13082600E-03  4.57065000E-04
2002-01-07T03:02:12.467 -7.72766000E-04  1.28107100E-03 -8.65149000E-04
2002-01-07T03:02:13.459 -8.93123000E-04  1.16998900E-03  6.06110000E-04
2002-01-07T03:02:14.463  9.23671000E-04  1.79199200E-03 -1.03838600E-03
2002-01-07T03:02:15.459  4.75199000E-04  1.55382600E-03  9.21021000E-04
2002-01-07T03:02:16.459 -4.76555000E-04 -6.27770000E-05  4.99080000E-05
2002-01-07T03:02:17.467  1.96753000E-04  6.72209000E-04 -5.13505000E-04
2002-01-07T03:02:18.463  7.20125000E-04  6.86068000E-04 -5.08738000E-04
2002-01-07T03:02:19.455 -4.78396000E-04 -5.63235000E-04 -6.19215000E-04
2002-01-07T03:02:20.459 -3.99780000E-04  1.61172000E-04  1.06270800E-03
2002-01-07T03:02:21.459  1.07001600E-03  1.03893600E-03 -9.96867000E-04
2002-01-07T03:02:22.459  4.12190000E-05  1.21542100E-03  7.06826000E-04
2002-01-07T03:02:23.463 -1.06957900E-03  1.47962000E-03  4.90456000E-04
2002-01-07T03:02:24.463 -5.39917000E-04  1.27543700E-03 -7.82970000E-05
2002-01-07T03:02:25.459  3.90082000E-04  1.66013800E-03  1.13761000E-04
2002-01-07T03:02:26.459  1.11801700E-03  1.58102000E-03 -4.21018000E-04
2002-01-07T03:02:27.459 -5.76171000E-04  7.52748000E-04  5.22097000E-04
2002-01-07T03:02:28.467 -4.75935000E-04  5.54537000E-04  8.34280000E-04
2002-01-07T03:02:29.459  6.44964000E-04  1.12406300E-03 -2.94238000E-04
2002-01-07T03:02:30.463 -3.39385000E-04  1.98059700E-03 -8.55830000E-05
2002-01-07T03:02:31.459 -1.13817000E-04  1.05816600E-03 -8.00712000E-04
2002-01-07T03:02:32.459 -1.25483200E-03  1.04749600E-03  6.06895000E-04
2002-01-07T03:02:33.467  3.24520000E-04  1.49362000E-03  4.84486000E-04
2002-01-07T03:02:34.463  1.48949900E-03  1.55356000E-03  2.48267000E-04
2002-01-07T03:02:35.455  6.85826000E-04  8.93080000E-04 -2.44540000E-05
2002-01-07T03:02:36.463 -1.12531200E-03  9.26680000E-05 -3.79790000E-05
2002-01-07T03:02:37.459 -1.14532400E-03  1.38225400E-03 -3.30819000E-04
2002-01-07T03:02:38.459  1.86225000E-04  1.49339700E-03 -1.15684300E-03
2002-01-07T03:02:39.463  1.35150700E-03  1.93564400E-03  1.40322000E-04
2002-01-07T03:02:40.463  1.15923400E-03  1.10865400E-03 -3.28521000E-04
2002-01-07T03:02:41.459 -3.29663000E-04  2.56278100E-03 -2.79111000E-04
2002-01-07T03:02:42.459 -1.45832500E-03  1.37559400E-03  1.46095000E-04
2002-01-07T03:02:43.459 -7.08656000E-04  1.00283000E-03  7.21296000E-04
2002-01-07T03:02:44.467  5.39099000E-04  1.10023500E-03  4.26034000E-04
2002-01-07T03:02:45.459  5.98743000E-04  2.26106300E-03  1.07267000E-04
2002-01-07T03:02:46.463  9.40281000E-04  3.11521000E-03 -1.86627000E-04
2002-01-07T03:02:47.459  3.46425000E-04  1.83519500E-03 -8.96695000E-04
2002-01-07T03:02:48.459  3.95697000E-04  1.29213900E-03 -8.80901000E-04
2002-01-07T03:02:49.467 -1.45434800E-03  7.43303000E-04  6.06590000E-05
2002-01-07T03:02:50.463 -1.07925700E-03  1.90348300E-03 -5.36686000E-04
2002-01-07T03:02:51.455 -1.47698000E-04  1.36439100E-03 -6.36890000E-05
2002-01-07T03:02:52.463  1.98050000E-04  2.02687900E-03 -2.26393000E-04
2002-01-07T03:02:53.459  2.73700000E-05  3.26512000E-03  3.23671000E-04
2002-01-07T03:02:54.459  8.36014000E-04  2.58376800E-03  2.53874000E-04
2002-01-07T03:02:55.463  1.71795100E-03  2.40267400E-03  3.53630000E-05
2002-01-07T03:02:56.463  5.43566000E-04  3.29021700E-03 -3.61688000E-04
2002-01-07T03:02:57.459 -5.91769000E-04  1.45960400E-03  5.34096000E-04
2002-01-07T03:02:58.463 -8.03405000E-04  7.10927000E-04  1.24942300E-03
2002-01-07T03:02:59.459 -1.35342900E-03  7.24362000E-04 -3.12183000E-04
2002-01-07T03:03:00.467 -1.11260500E-03  1.24750900E-03 -7.40762000E-04
2002-01-07T03:03:01.459 -7.56699000E-04  1.21141800E-03  3.74462000E-04
2002-01-07T03:03:02.463 -1.39388400E-03  2.26653000E-03  2.66970000E-05
2002-01-07T03:03:03.459 -9.96190000E-05  1.47052100E-03  6.22212000E-04
2002-01-07T03:03:04.455 -4.77946000E-04  2.36895000E-03 -5.61988000E-04
2002-01-07T03:03:05.467 -2.12495000E-04  1.99861200E-03  4.87715000E-04
2002-01-07T03:03:06.463 -3.13934000E-04  2.49055300E-03 -1.62126000E-04
2002-01-07T03:03:07.455 -7.83730000E-05  2.25002600E-03  1.27128000E-04
2002-01-07T03:03:08.463  5.24076000E-04  1.82136700E-03  3.88980000E-05
2002-01-07T03:03:09.459 -3.04722000E-04  3.03500200E-03  4.65450000E-04
2002-01-07T03:03:10.459  5.86383000E-04  2.06056500E-03  9.71022000E-04
2002-01-07T03:03:11.463 -4.65232000E-04  3.18758300E-03  3.97325000E-04
2002-01-07T03:03:12.463 -6.59170000E-05  2.11314700E-03  4.61513000E-04
2002-01-07T03:03:13.459 -1.01820200E-03  3.09850400E-03 -2.67490000E-04
2002-01-07T03:03:14.459 -9.30940000E-05  1.83619800E-03  4.27399000E-04
2002-01-07T03:03:15.459 -1.26506000E-03  2.24227300E-03  3.58433000E-04
2002-01-07T03:03:16.467 -1.72974000E-04  1.52671300E-03 -2.84740000E-05
2002-01-07T03:03:17.459 -1.46793400E-03  2.20115300E-03  2.45583000E-04
2002-01-07T03:03:18.463 -7.96367000E-04  1.47860500E-03  3.92314000E-04
2002-01-07T03:03:19.459 -9.43254000E-04  2.40123900E-03  3.19941000E-04
2002-01-07T03:03:20.459 -2.77791000E-04  1.95673000E-03  3.33313000E-04
2002-01-07T03:03:21.467 -1.22260000E-04  2.94441200E-03 -1.05536300E-03
2002-01-07T03:03:22.463  1.24859000E-04  3.20798600E-03  1.45677000E-03
2002-01-07T03:03:23.455  1.42831100E-03  3.29916500E-03 -9.47515000E-04
2002-01-07T03:03:24.463  8.29991000E-04  3.65640200E-03  9.44140000E-04
2002-01-07T03:03:25.459  9.32072000E-04  2.39861300E-03 -7.11180000E-05
2002-01-07T03:03:26.459 -6.98410000E-04  2.80025300E-03  9.38820000E-04
2002-01-07T03:03:27.463 -9.37583000E-04  2.35542900E-03 -2.93243000E-04
2002-01-07T03:03:28.463  7.85273000E-04  2.66742200E-03  7.56910000E-05
2002-01-07T03:03:29.459  6.43887000E-04  3.88959200E-03  3.74393000E-04
2002-01-07T03:03:30.459 -1.69621000E-04  3.69901600E-03 -7.65205000E-04
2002-01-07T03:03:31.459 -1.24969800E-03  2.60910600E-03 -6.55090000E-05
2002-01-07T03:03:32.467 -9.90650000E-05  3.56112300E-03 -2.54017000E-04
2002-01-07T03:03:33.459  1.08372000E-03  3.86307200E-03  6.53360000E-04
2002-01-07T03:03:34.463 -6.44246000E-04  3.41644200E-03  1.13112300E-03
2002-01-07T03:03:35.459 -1.12282500E-03  2.36177100E-03 -8.30261000E-04
2002-01-07T03:03:36.459  3.52030000E-05  3.98115600E-03  9.65580000E-04
2002-01-07T03:03:37.467  6.67920000E-04  3.46877300E-03 -5.35155000E-04
2002-01-07T03:03:38.463 -7.53079000E-04  2.30111800E-03  4.78028000E-04
2002-01-07T03:03:39.455 -3.11344000E-04  4.18651000E-03 -2.35059000E-04
2002-01-07T03:03:40.463  4.12752000E-04  4.63463000E-03 -1.03901300E-03
2002-01-07T03:03:41.459 -7.45714000E-04  2.92125900E-03  4.57330000E-05
2002-01-07T03:03:42.459  1.10550500E-03  4.39362300E-03 -2.15743000E-04
2002-01-07T03:03:43.463  4.76803000E-04  3.54051500E-03 -1.91600000E-06
2002-01-07T03:03:44.463 -7.87847000E-04  2.35999500E-03 -4.24790000E-04
2002-01-07T03:03:45.459  8.64761000E-04  4.93156100E-03  2.52631000E-04
2002-01-07T03:03:46.459 -7.05092000E-04  3.25380400E-03  7.50123000E-04
2002-01-07T03:03:47.459  7.71365000E-04  4.81655400E-03 -8.48281000E-04
2002-01-07T03:03:48.463 -2.61075000E-04  4.36044400E-03  3.86877000E-04
2002-01-07T03:03:49.459 -2.67663000E-04  4.41939200E-03  1.10616700E-03
2002-01-07T03:03:50.463 -5.69630000E-05  4.65154800E-03 -3.63402000E-04
2002-01-07T03:03:51.459 -2.96060000E-05  4.12647800E-03  7.15811000E-04
2002-01-07T03:03:52.459  1.28072000E-04  4.76561000E-03 -1.25208500E-03
2002-01-07T03:03:53.471 -6.00739000E-04  4.01668600E-03  4.11821000E-04
2002-01-07T03:03:54.463  2.68430000E-05  5.01802600E-03 -5.39751000E-04
2002-01-07T03:03:55.455 -1.91331700E-03  3.48268300E-03 -4.49287000E-04
2002-01-07T03:03:56.463  4.22090000E-04  5.19184300E-03  2.59320000E-05
2002-01-07T03:03:57.459 -1.18630700E-03  4.39306800E-03  5.32150000E-05
2002-01-07T03:03:58.459  3.29507000E-04  5.30089100E-03 -8.79545000E-04
2002-01-07T03:03:59.459 -5.32446000E-04  4.17144700E-03 -2.71863000E-04
2002-01-07T03:04:00.463  1.83213000E-04  4.45935200E-03 -3.31940000E-04
2002-01-07T03:04:01.459  9.17366000E-04  4.65631200E-03 -9.84602000E-04
2002-01-07T03:04:02.459 -3.54134000E-04  4.03778000E-03 -9.53291000E-04
2002-01-07T03:04:03.459  1.73741900E-03  4.80840900E-03  2.44067000E-04
2002-01-07T03:04:04.467 -7.83590000E-04  3.67923500E-03 -2.68962000E-04
2002-01-07T03:04:05.459  1.21038400E-03  4.62463000E-03  9.18917000E-04
2002-01-07T03:04:06.463 -3.06655000E-04  3.11838600E-03  1.68377000E-04
2002-01-07T03:04:07.459  1.35018600E-03  5.06922800E-03 -7.99511000E-04
2002-01-07T03:04:08.459 -7.85654000E-04  2.58761600E-03  5.21327000E-04
2002-01-07T03:04:09.467  1.10242000E-03  4.72710300E-03  3.59425000E-04
2002-01-07T03:04:10.459 -7.25399000E-04  3.43534900E-03  4.22207000E-04
2002-01-07T03:04:11.455  8.90712000E-04  4.72379900E-03  8.31110000E-05
2002-01-07T03:04:12.463 -1.09449400E-03  2.71312100E-03 -2.99734000E-04
2002-01-07T03:04:13.459  7.84510000E-04  4.48364600E-03  8.39674000E-04
2002-01-07T03:04:14.459  5.25595000E-04  4.44876100E-03 -8.76572000E-04
2002-01-07T03:04:15.463  2.85940000E-04  4.27693600E-03 -1.79440000E-05
2002-01-07T03:04:16.463  3.26185000E-04  4.72971600E-03 -8.52725000E-04
2002-01-07T03:04:17.459 -4.93394000E-04  4.68778100E-03 -1.49719000E-04
2002-01-07T03:04:18.463  5.71934000E-04  5.17928500E-03  3.55020000E-05
2002-01-07T03:04:19.459 -4.47974000E-04  4.48720700E-03  3.78483000E-04
2002-01-07T03:04:20.467  1.45579100E-03  5.58900700E-03  1.97852000E-04
2002-01-07T03:04:21.459 -2.05720000E-04  4.18156000E-03 -6.44213000E-04
2002-01-07T03:04:22.463  9.40008000E-04  4.83199800E-03  1.82829000E-04
2002-01-07T03:04:23.459 -1.42569800E-03  5.04736200E-03 -8.21650000E-05
2002-01-07T03:04:24.459  6.14563000E-04  5.63577200E-03  3.15682000E-04
2002-01-07T03:04:25.467  5.53949000E-04  5.40345700E-03 -2.37596000E-04
2002-01-07T03:04:26.463 -5.87563000E-04  4.24524800E-03  1.20268000E-04
2002-01-07T03:04:27.455  2.92638000E-04  6.15893600E-03  2.53877000E-04
2002-01-07T03:04:28.463  8.00000000E-05  5.82438800E-03  3.91485000E-04
2002-01-07T03:04:29.463 -9.12352000E-04  4.60166700E-03  2.21823000E-04
2002-01-07T03:04:30.459  1.27545800E-03  5.08096300E-03 -4.01308000E-04
2002-01-07T03:04:31.463 -5.34185000E-04  3.11325100E-03 -5.74833000E-04
2002-01-07T03:04:32.459  1.22495100E-03  5.21153600E-03 -4.28296000E-04
2002-01-07T03:04:33.459 -6.36405000E-04  3.63745700E-03 -3.87400000E-06
2002-01-07T03:04:34.459  8.99643000E-04  5.33624700E-03  3.92350000E-04
2002-01-07T03:04:35.459 -8.57823000E-04  4.78689100E-03 -8.44820000E-05
2002-01-07T03:04:36.467 -9.33163000E-04  5.28655000E-03 -1.72891000E-04
2002-01-07T03:04:37.459  6.33621000E-04  5.82927700E-03 -2.96931000E-04
2002-01-07T03:04:38.463 -9.89126000E-04  4.11488600E-03  9.78860000E-05
2002-01-07T03:04:39.459  6.77109000E-04  5.48805000E-03  1.18504600E-03
2002-01-07T03:04:40.459 -6.49688000E-04  4.01076000E-03 -2.31069000E-04
2002-01-07T03:04:41.467 -6.53831000E-04  5.31555400E-03  4.02498000E-04
2002-01-07T03:04:42.463  5.70688000E-04  5.96890600E-03 -7.05321000E-04
2002-01-07T03:04:43.455 -9.82759000E-04  4.07429000E-03  5.19367000E-04
2002-01-07T03:04:44.463 -7.97020000E-05  5.45351600E-03  2.87766000E-04
2002-01-07T03:04:45.459  7.75265000E-04  6.67734900E-03 -7.77436000E-04
2002-01-07T03:04:46.459 -7.37618000E-04  4.86488200E-03  1.24554000E-03
2002-01-07T03:04:47.463 -1.23064400E-03  5.28953500E-03 -2.96813000E-04
2002-01-07T03:04:48.463 -6.71988000E-04  5.71254900E-03  9.71165000E-04
2002-01-07T03:04:49.459  1.00707000E-03  5.91929200E-03 -2.37710000E-04
2002-01-07T03:04:50.459 -1.59811000E-04  6.37066800E-03 -3.18739000E-04
2002-01-07T03:04:51.459 -1.02846000E-03  4.36640600E-03 -1.27866000E-04
2002-01-07T03:04:52.467  6.06960000E-05  5.55210400E-03 -2.65154000E-04
2002-01-07T03:04:53.459  1.16854200E-03  6.90640800E-03  4.41556000E-04
2002-01-07T03:04:54.459 -2.65106000E-04  5.20583500E-03 -1.98900000E-06
2002-01-07T03:04:55.459 -3.38940000E-05  4.02936700E-03  4.64347000E-04
2002-01-07T03:04:56.459  3.95040000E-05  5.90815200E-03  7.95078000E-04
2002-01-07T03:04:57.467  1.04492000E-03  6.09311300E-03 -4.92622000E-04
2002-01-07T03:04:58.463 -8.72533000E-04  4.76662800E-03 -7.66000000E-06
2002-01-07T03:04:59.455 -1.15838200E-03  5.65014200E-03 -3.46816000E-04
2002-01-07T03:05:00.463  5.83702000E-04  5.90976800E-03 -1.29589100E-03
2002-01-07T03:05:01.459  3.27563000E-04  5.33659600E-03 -1.40878000E-04
2002-01-07T03:05:02.459 -9.98123000E-04  4.02776900E-03  2.10738000E-04
2002-01-07T03:05:03.463 -3.77014000E-04  6.09531400E-03  6.74818000E-04
2002-01-07T03:05:04.463  1.34959800E-03  6.21512400E-03 -3.91049000E-04
2002-01-07T03:05:05.459 -4.18271000E-04  5.36233100E-03  7.71398000E-04
2002-01-07T03:05:06.459 -1.46576500E-03  4.99052900E-03  2.66792000E-04
2002-01-07T03:05:07.459 -6.37958000E-04  5.24464800E-03 -4.52139000E-04
2002-01-07T03:05:08.467 -4.49258000E-04  6.23506900E-03  8.30430000E-04
2002-01-07T03:05:09.459  1.06056000E-03  5.97295300E-03 -4.32138000E-04
2002-01-07T03:05:10.463  5.87936000E-04  7.23407500E-03  9.51809000E-04
2002-01-07T03:05:11.459  2.07372000E-04  6.13243400E-03  2.61796000E-04
2002-01-07T03:05:12.459 -2.49151000E-04  6.37840100E-03  1.08402200E-03
2002-01-07T03:05:13.467 -1.14130500E-03  4.90078800E-03 -2.60814000E-04
2002-01-07T03:05:14.463 -4.53925000E-04  5.16509200E-03 -2.54470000E-04
2002-01-07T03:05:15.455 -4.02154000E-04  5.91820100E-03  2.56056000E-04
2002-01-07T03:05:16.459  7.49810000E-04  5.75195300E-03 -9.40300000E-05
2002-01-07T03:05:17.459  1.17415000E-04  7.03227100E-03  1.69866000E-04
2002-01-07T03:05:18.459  1.35933100E-03  6.72068900E-03 -3.84946000E-04
2002-01-07T03:05:19.463  3.90488000E-04  7.36195500E-03 -1.59950000E-04
2002-01-07T03:05:20.463 -3.22088000E-04  6.69615500E-03 -8.80333000E-04
2002-01-07T03:05:21.459 -1.39306000E-04  6.74578900E-03  3.14052000E-04
2002-01-07T03:05:22.459  2.79300000E-04  5.75360100E-03  3.39099000E-04
2002-01-07T03:05:23.459 -1.48151300E-03  5.51090100E-03 -3.13894000E-04
2002-01-07T03:05:24.467 -3.43715000E-04  5.70409000E-03  1.47847000E-04
2002-01-07T03:05:25.459 -1.07153200E-03  5.59778500E-03 -2.22362000E-04
2002-01-07T03:05:26.463 -1.62756600E-03  5.64220500E-03  9.43488000E-04
2002-01-07T03:05:27.455 -1.08182000E-03  5.60601800E-03  2.37623000E-04
2002-01-07T03:05:28.459 -1.69701600E-03  5.88891500E-03 -3.57857000E-04
2002-01-07T03:05:29.467 -1.02929000E-03  5.05241800E-03  3.88220000E-04
2002-01-07T03:05:30.463 -1.33962800E-03  6.33460300E-03  1.77321000E-04
2002-01-07T03:05:31.455 -1.10257400E-03  5.84154300E-03 -4.19770000E-04
2002-01-07T03:05:32.463 -7.66121000E-04  5.39977900E-03  5.72663000E-04
2002-01-07T03:05:33.459 -1.42277700E-03  6.32556900E-03 -3.85372000E-04
2002-01-07T03:05:34.459 -8.37227000E-04  5.55709900E-03  6.92191000E-04
2002-01-07T03:05:35.463 -1.14775000E-03  5.37836400E-03 -1.57447000E-04
2002-01-07T03:05:36.463 -1.49925800E-03  6.57569500E-03  1.05523000E-03
2002-01-07T03:05:37.459 -9.96465000E-04  6.06887900E-03 -8.02961000E-04
2002-01-07T03:05:38.459 -7.82302000E-04  6.03871300E-03  8.27514000E-04
2002-01-07T03:05:39.459 -1.13034200E-03  6.16488100E-03 -2.43194000E-04
2002-01-07T03:05:40.467  2.51642000E-04  7.97005600E-03  9.27350000E-04
2002-01-07T03:05:41.459  4.24393000E-04  6.90411300E-03 -8.07000000E-05
2002-01-07T03:05:42.463  9.28349000E-04  8.26335500E-03 -5.81536000E-04
2002-01-07T03:05:43.459  3.32807000E-04  8.25028000E-03 -2.94430000E-04
2002-01-07T03:05:44.455  3.61169000E-04  7.75934100E-03 -6.72935000E-04
2002-01-07T03:05:45.467  8.39168000E-04  7.10337800E-03 -1.33825000E-04
2002-01-07T03:05:46.463 -2.02374000E-04  7.50768700E-03  8.18400000E-05
2002-01-07T03:05:47.455 -4.99120000E-04  6.96143700E-03  8.74430000E-05
2002-01-07T03:05:48.463 -2.00596000E-04  5.98817100E-03  5.09777000E-04
2002-01-07T03:05:49.459 -3.73418000E-04  5.83232900E-03 -6.65943000E-04
2002-01-07T03:05:50.463 -1.46999000E-03  6.18870900E-03  8.28411000E-04
2002-01-07T03:05:51.463 -1.34265900E-03  5.73200000E-03 -1.08831500E-03
2002-01-07T03:05:52.463 -1.12850300E-03  5.30457600E-03  4.29898000E-04
2002-01-07T03:05:53.459 -8.33812000E-04  6.06031200E-03  5.39834000E-04
2002-01-07T03:05:54.459 -1.50478100E-03  6.48623700E-03 -2.57226000E-04
2002-01-07T03:05:55.459  2.31987000E-04  6.72120100E-03  9.48551000E-04
2002-01-07T03:05:56.467  9.73214000E-04  7.12821900E-03 -5.21269000E-04
2002-01-07T03:05:57.459 -8.55324000E-04  7.02999300E-03  1.10733700E-03
2002-01-07T03:05:58.463 -2.61803000E-04  7.17489500E-03 -9.26071000E-04
2002-01-07T03:05:59.459  8.09689000E-04  7.38843400E-03 -1.16106000E-04
2002-01-07T03:06:00.455  5.13010000E-05  6.74101900E-03  3.76013000E-04
2002-01-07T03:06:01.467  6.95562000E-04  8.08756800E-03 -6.75049000E-04
2002-01-07T03:06:02.463  9.82466000E-04  8.26240400E-03  5.45774000E-04
2002-01-07T03:06:03.455  4.46478000E-04  7.58555200E-03 -6.63790000E-05
2002-01-07T03:06:04.463 -6.61472000E-04  6.67264500E-03  3.91124000E-04
2002-01-07T03:06:05.459  6.20130000E-04  6.99763800E-03  9.89151000E-04
2002-01-07T03:06:06.459  1.07491000E-04  7.10898500E-03 -4.41327000E-04
2002-01-07T03:06:07.463 -2.50200000E-06  8.23408300E-03  4.29580000E-04
2002-01-07T03:06:08.463  4.13809000E-04  6.63278200E-03 -7.03236000E-04
2002-01-07T03:06:09.459  7.44001000E-04  7.82959400E-03  3.87232000E-04
2002-01-07T03:06:10.459  6.28390000E-04  8.35916200E-03 -8.51022000E-04
2002-01-07T03:06:11.459  7.05729000E-04  7.77404500E-03  6.91429000E-04
2002-01-07T03:06:12.467  8.30840000E-04  7.13788800E-03  6.94660000E-04
2002-01-07T03:06:13.459 -9.74080000E-05  7.09864200E-03 -2.65175000E-04
2002-01-07T03:06:14.463 -1.30657100E-03  6.83510800E-03  1.14510000E-04
2002-01-07T03:06:15.459 -1.41446000E-03  6.48492200E-03  4.75577000E-04
2002-01-07T03:06:16.455  2.02231000E-04  7.60870800E-03 -1.93726000E-04
2002-01-07T03:06:17.467  1.25880400E-03  8.05518900E-03 -1.95720000E-04
2002-01-07T03:06:18.463  7.85154000E-04  8.22000600E-03 -2.85288000E-04
2002-01-07T03:06:19.455  1.18290000E-05  8.22928900E-03  4.37645000E-04
2002-01-07T03:06:20.463 -6.86306000E-04  7.10121700E-03 -3.30484000E-04
2002-01-07T03:06:21.459 -1.42179200E-03  6.27082100E-03  5.21465000E-04
2002-01-07T03:06:22.455 -1.65310000E-05  6.94244400E-03 -3.67112000E-04
2002-01-07T03:06:23.463  7.02205000E-04  8.17266000E-03  1.79027000E-04
2002-01-07T03:06:24.463  4.80155000E-04  8.19653700E-03  8.54359000E-04
2002-01-07T03:06:25.459 -5.47510000E-04  6.88197200E-03 -1.58341500E-03
2002-01-07T03:06:26.459 -1.38036200E-03  6.81824800E-03  1.33734100E-03
2002-01-07T03:06:27.459  7.25742000E-04  7.99782800E-03 -7.07444000E-04
2002-01-07T03:06:28.466  1.04395200E-03  7.75734800E-03  7.53067000E-04
2002-01-07T03:06:29.459  4.32990000E-05  7.15090700E-03 -5.99358000E-04
2002-01-07T03:06:30.463 -1.40672300E-03  6.63192700E-03  9.87008000E-04
2002-01-07T03:06:31.459 -3.84062000E-04  6.72572400E-03  3.32956000E-04
2002-01-07T03:06:32.455  2.38115400E-03  7.99213600E-03 -8.00880000E-04
2002-01-07T03:06:33.466  1.41259200E-03  8.05770100E-03 -2.19253000E-04
2002-01-07T03:06:34.463  6.38773000E-04  7.49564500E-03  1.19614400E-03
2002-01-07T03:06:35.455 -7.04610000E-04  6.86571500E-03  2.25464000E-04
2002-01-07T03:06:36.463 -1.08859700E-03  7.60238600E-03 -4.52900000E-04
2002-01-07T03:06:37.459  1.06763600E-03  8.58744000E-03 -2.65724000E-04
2002-01-07T03:06:38.459  8.24305000E-04  8.19323800E-03 -3.90031000E-04
2002-01-07T03:06:39.463  3.68297000E-04  6.96233200E-03  2.39517000E-04
2002-01-07T03:06:40.463 -4.36342000E-04  5.89476800E-03  8.29562000E-04
2002-01-07T03:06:41.459 -1.28249500E-03  6.61085800E-03  2.93338000E-04
2002-01-07T03:06:42.459 -7.66896000E-04  7.43509800E-03  8.51901000E-04
2002-01-07T03:06:43.459  4.32126000E-04  8.61623900E-03  1.22857000E-04
2002-01-07T03:06:44.463  1.18976200E-03  7.58461100E-03 -1.52272200E-03
2002-01-07T03:06:45.459  5.06715000E-04  7.44594400E-03 -1.06774000E-04
2002-01-07T03:06:46.463 -1.95854000E-04  7.09334100E-03  6.78247000E-04
2002-01-07T03:06:47.459 -1.31964600E-03  6.72633200E-03  6.19753000E-04
2002-01-07T03:06:48.455 -8.84258000E-04  6.76289900E-03 -1.42976000E-04
2002-01-07T03:06:49.466  7.99583000E-04  8.44203000E-03  4.07516000E-04
2002-01-07T03:06:50.463  5.71914000E-04  7.82489800E-03  4.70270000E-04
2002-01-07T03:06:51.455  8.42406000E-04  7.09445600E-03  3.84948000E-04
2002-01-07T03:06:52.463 -5.85700000E-05  7.83681300E-03  4.44702000E-04
2002-01-07T03:06:53.459  6.11582000E-04  7.56824600E-03 -6.62444000E-04
2002-01-07T03:06:54.459 -6.09530000E-05  7.36117600E-03 -1.72920000E-05
2002-01-07T03:06:55.459 -3.82124000E-04  6.45786100E-03 -1.11893000E-04
2002-01-07T03:06:56.463 -6.29183000E-04  6.45639300E-03 -3.30443000E-04
2002-01-07T03:06:57.459 -8.64199000E-04  5.98356700E-03  1.23687000E-04
2002-01-07T03:06:58.459 -1.10055700E-03  5.53134300E-03 -7.40244000E-04
2002-01-07T03:06:59.459 -7.90413000E-04  6.19819700E-03  1.12206700E-03
2002-01-07T03:07:00.466 -1.35789900E-03  6.59177500E-03 -7.00185000E-04
2002-01-07T03:07:01.459 -1.69811800E-03  5.98341000E-03  5.06527000E-04
2002-01-07T03:07:02.463 -3.91026000E-04  6.13025300E-03 -5.45120000E-04
2002-01-07T03:07:03.459 -8.30252000E-04  6.89003200E-03  7.91224000E-04
2002-01-07T03:07:04.459 -3.81956000E-04  6.92010300E-03 -5.09440000E-05
2002-01-07T03:07:05.466  8.60261000E-04  7.55858200E-03  2.17768000E-04
2002-01-07T03:07:06.459  7.70212000E-04  7.29063100E-03  1.16057500E-03
2002-01-07T03:07:07.459  1.06876200E-03  8.14600800E-03 -1.19668000E-04
2002-01-07T03:07:08.463  6.37551000E-04  7.51209600E-03  4.20475000E-04
2002-01-07T03:07:09.459  1.21841000E-03  7.36621500E-03 -2.72249000E-04
2002-01-07T03:07:10.459  7.10008000E-04  7.75866200E-03  1.04882000E-04
2002-01-07T03:07:11.463  1.54611000E-04  8.02653900E-03  3.49179000E-04
2002-01-07T03:07:12.463  4.20299000E-04  7.49249000E-03  7.67340000E-05
2002-01-07T03:07:13.459  6.97181000E-04  7.46369100E-03 -2.59607000E-04
2002-01-07T03:07:14.459  7.03984000E-04  7.38220900E-03 -6.93840000E-05
2002-01-07T03:07:15.459  1.27729900E-03  7.05391200E-03  2.61599000E-04
2002-01-07T03:07:16.466  1.77745000E-04  7.60604000E-03  4.38046000E-04
2002-01-07T03:07:17.459  2.74130000E-04  7.74329700E-03 -8.31728000E-04
2002-01-07T03:07:18.463 -2.96777000E-04  6.82810600E-03  1.17029500E-03
2002-01-07T03:07:19.459  4.80809000E-04  5.10595500E-03 -6.04954000E-04
2002-01-07T03:07:20.455 -9.78728000E-04  4.92064100E-03  9.21267000E-04
2002-01-07T03:07:21.466 -6.46779000E-04  4.75079300E-03 -4.85064000E-04
2002-01-07T03:07:22.463 -8.00531000E-04  6.20866800E-03  2.66022000E-04
2002-01-07T03:07:23.455  6.65485000E-04  6.60147900E-03  2.05582000E-04
2002-01-07T03:07:24.463  5.46592000E-04  5.61242000E-03  6.43829000E-04
2002-01-07T03:07:25.459 -1.16553400E-03  4.59238800E-03  4.54285000E-04
2002-01-07T03:07:26.459 -1.15632000E-04  5.87797900E-03 -1.67255000E-04
2002-01-07T03:07:27.463 -3.73282000E-04  4.56787500E-03  8.67838000E-04
2002-01-07T03:07:28.459 -9.21987000E-04  4.59613700E-03 -9.33662000E-04
2002-01-07T03:07:29.459  1.02082900E-03  5.47031800E-03  9.20420000E-04
2002-01-07T03:07:30.459 -1.17879900E-03  3.70072200E-03  2.16414000E-04
2002-01-07T03:07:31.459  1.26303800E-03  4.69799000E-03  1.10200000E-04
2002-01-07T03:07:32.466 -1.07129900E-03  3.37714800E-03  8.07706000E-04
2002-01-07T03:07:33.459  9.82394000E-04  5.30182400E-03 -3.06714000E-04
2002-01-07T03:07:34.462 -1.44029000E-03  4.01011900E-03  9.09729000E-04
2002-01-07T03:07:35.459  1.04103900E-03  5.45141600E-03 -1.09378900E-03
2002-01-07T03:07:36.459 -9.62188000E-04  3.98103200E-03 -3.90760000E-05
2002-01-07T03:07:37.466 -7.56306000E-04  4.79969400E-03 -6.07468000E-04
2002-01-07T03:07:38.462 -6.67769000E-04  4.14114700E-03  4.52677000E-04
2002-01-07T03:07:39.455  6.90102000E-04  5.79700900E-03 -5.67201000E-04
2002-01-07T03:07:40.462 -8.46996000E-04  4.10525800E-03  8.38990000E-05
2002-01-07T03:07:41.459  4.44811000E-04  5.59531900E-03  5.58709000E-04
2002-01-07T03:07:42.459 -1.08098000E-03  4.26915400E-03 -3.24628000E-04
2002-01-07T03:07:43.459  3.61910000E-04  5.50121700E-03  1.01778500E-03
2002-01-07T03:07:44.462 -1.18837400E-03  4.01713500E-03  2.89098000E-04
2002-01-07T03:07:45.459  2.68469000E-04  4.63354000E-03  5.13250000E-04
2002-01-07T03:07:46.459 -4.24429000E-04  4.81897900E-03 -1.63546000E-04
2002-01-07T03:07:47.459  2.30288000E-04  4.42125400E-03  2.19604000E-04
2002-01-07T03:07:48.466  1.39454600E-03  3.64783600E-03 -1.36927000E-04
2002-01-07T03:07:49.459 -9.99650000E-05  2.94915700E-03  4.22850000E-05
2002-01-07T03:07:50.459 -2.76400000E-05  4.43323900E-03 -9.97730000E-05
2002-01-07T03:07:51.459  3.36087000E-04  4.64395200E-03  9.25929000E-04
2002-01-07T03:07:52.455 -7.97708000E-04  3.10145000E-03  4.19663000E-04
2002-01-07T03:07:53.466 -7.20132000E-04  2.66376700E-03 -4.95964000E-04
2002-01-07T03:07:54.462  1.32817700E-03  3.89946400E-03  1.12844300E-03
2002-01-07T03:07:55.455 -6.01480000E-04  3.24835100E-03 -2.61684000E-04
2002-01-07T03:07:56.462 -1.62499000E-04  3.84839500E-03  2.99919000E-04
2002-01-07T03:07:57.459  8.11742000E-04  4.61219600E-03  9.04370000E-05
2002-01-07T03:07:58.459  6.06682000E-04  3.14458400E-03 -2.89425000E-04
2002-01-07T03:07:59.462 -7.61542000E-04  2.67411300E-03  8.00163000E-04
2002-01-07T03:08:00.462  5.07787000E-04  3.90998000E-03 -4.83994000E-04
2002-01-07T03:08:01.455  5.05465000E-04  4.60374500E-03  1.06850200E-03
2002-01-07T03:08:02.459 -1.14650000E-05  2.96064600E-03 -1.38580800E-03
2002-01-07T03:08:03.459 -4.05119000E-04  2.59005900E-03  5.94780000E-04
2002-01-07T03:08:04.466  5.22842000E-04  3.58762200E-03  3.01755000E-04
2002-01-07T03:08:05.459 -4.67759000E-04  4.56009600E-03  3.18260000E-05
2002-01-07T03:08:06.462 -1.31170800E-03  3.17955300E-03  5.58393000E-04
2002-01-07T03:08:07.459 -5.83500000E-05  3.67569600E-03 -5.06870000E-05
2002-01-07T03:08:08.455  1.42853900E-03  3.96991600E-03  6.97545000E-04
2002-01-07T03:08:09.466 -5.37587000E-04  3.82337000E-03 -5.82259000E-04
2002-01-07T03:08:10.462 -1.24947600E-03  2.69705000E-03  7.25976000E-04
2002-01-07T03:08:11.455  6.27052000E-04  4.21191300E-03 -7.93579000E-04
2002-01-07T03:08:12.459  9.97490000E-04  3.38034800E-03  6.21810000E-04
2002-01-07T03:08:13.459 -2.83936000E-04  3.99499100E-03 -4.12680000E-05
2002-01-07T03:08:14.459 -7.77379000E-04  2.84812600E-03 -5.84219000E-04
2002-01-07T03:08:15.462 -6.56789000E-04  1.86723100E-03  1.41378000E-04
2002-01-07T03:08:16.462  3.34990000E-05  2.97529300E-03 -9.17586000E-04
2002-01-07T03:08:17.459  7.15141000E-04  3.30600400E-03  1.04081600E-03
2002-01-07T03:08:18.459  4.87055000E-04  3.22422800E-03 -1.91722000E-04
2002-01-07T03:08:19.459 -4.21522000E-04  3.32493500E-03 -5.11157000E-04
2002-01-07T03:08:20.466 -9.55655000E-04  2.71371600E-03 -1.36227000E-04
2002-01-07T03:08:21.459 -2.42650000E-04  2.04926800E-03  8.43043000E-04
2002-01-07T03:08:22.462 -5.34900000E-05  3.83642600E-03  8.02799000E-04
2002-01-07T03:08:23.455  5.40246000E-04  4.21330600E-03 -3.54291000E-04
2002-01-07T03:08:24.455  8.03748000E-04  3.38521700E-03  9.11860000E-05
2002-01-07T03:08:25.466 -5.41355000E-04  3.48232700E-03 -6.37508000E-04
2002-01-07T03:08:26.462 -6.84047000E-04  2.09161400E-03  1.08123800E-03
2002-01-07T03:08:27.455 -6.27713000E-04  2.08450700E-03 -7.85550000E-05
2002-01-07T03:08:28.462 -3.14278000E-04  3.49291700E-03 -1.58236000E-04
2002-01-07T03:08:29.459  5.43533000E-04  3.75129600E-03  6.63765000E-04
2002-01-07T03:08:30.459  6.34005000E-04  3.53186000E-03  5.06217000E-04
2002-01-07T03:08:31.462 -4.51163000E-04  3.42000300E-03  7.75310000E-05
2002-01-07T03:08:32.462 -8.26902000E-04  1.94526000E-03 -4.34089000E-04
2002-01-07T03:08:33.459 -8.60079000E-04  2.24488000E-03  4.29142000E-04
2002-01-07T03:08:34.459 -7.50066000E-04  3.49679000E-03  2.38365000E-04
2002-01-07T03:08:35.459  1.65094500E-03  3.55200700E-03 -1.03890800E-03
2002-01-07T03:08:36.466  4.26388000E-04  3.57458700E-03  3.85286000E-04
2002-01-07T03:08:37.459 -5.62944000E-04  3.37798000E-03 -2.85807000E-04
2002-01-07T03:08:38.462 -7.36694000E-04  2.25207100E-03  7.89827000E-04
2002-01-07T03:08:39.459 -1.00250000E-04  3.72103900E-03 -4.53868000E-04
2002-01-07T03:08:40.455  3.92471000E-04  2.70944300E-03  9.87215000E-04
2002-01-07T03:08:41.466  1.55436900E-03  3.43238400E-03 -2.51854000E-04
2002-01-07T03:08:42.462  3.10513000E-04  3.38366200E-03  1.52049000E-04
2002-01-07T03:08:43.455  1.04564000E-04  2.23545700E-03  9.82397000E-04
2002-01-07T03:08:44.462 -1.46474200E-03  2.22677900E-03 -4.54853000E-04
2002-01-07T03:08:45.458 -1.39374100E-03  2.30556500E-03 -2.62980000E-05
2002-01-07T03:08:46.458  4.83272000E-04  2.63139100E-03 -4.73750000E-05
2002-01-07T03:08:47.462  8.88161000E-04  4.03226500E-03 -5.37850000E-04
2002-01-07T03:08:48.462  1.05139500E-03  2.93080800E-03  7.36349000E-04
2002-01-07T03:08:49.458  2.76080000E-05  2.81414500E-03 -8.47304000E-04
2002-01-07T03:08:50.458 -2.81486000E-04  2.44012400E-03  4.80630000E-04
2002-01-07T03:08:51.458 -8.47325000E-04  1.73228300E-03 -3.98673000E-04
2002-01-07T03:08:52.466 -1.15044600E-03  2.59028900E-03  2.58920000E-05
2002-01-07T03:08:53.458 -8.79360000E-04  1.88157500E-03 -2.99110000E-05
2002-01-07T03:08:54.462 -6.72045000E-04  2.82970100E-03  1.13465000E-04
2002-01-07T03:08:55.458  2.65706000E-04  2.39080900E-03  1.13627200E-03
2002-01-07T03:08:56.455  8.65732000E-04  3.91101900E-03 -9.94939000E-04
2002-01-07T03:08:57.466  1.02908900E-03  2.92412500E-03  4.85581000E-04
2002-01-07T03:08:58.462  4.93223000E-04  3.53855700E-03 -1.24252000E-03
2002-01-07T03:08:59.455  7.13545000E-04  2.59516300E-03  3.48233000E-04
2002-01-07T03:09:00.462 -2.85170000E-05  3.07286900E-03 -7.64330000E-04
2002-01-07T03:09:01.458  2.92102000E-04  1.90271100E-03  1.64077000E-04
2002-01-07T03:09:02.458 -6.86914000E-04  2.28377600E-03  3.25052000E-04
2002-01-07T03:09:03.458 -3.80935000E-04  1.98621200E-03  6.68920000E-05
2002-01-07T03:09:04.462 -8.32701000E-04  1.59382200E-03 -3.79724000E-04
2002-01-07T03:09:05.458 -1.23840900E-03  1.94960400E-03 -3.07063000E-04
2002-01-07T03:09:06.458 -8.67433000E-04  1.26351000E-03  5.92372000E-04
2002-01-07T03:09:07.458 -1.56489200E-03  2.52266400E-03  8.06835000E-04
2002-01-07T03:09:08.466 -5.09124000E-04  1.34619300E-03 -1.54880000E-04
2002-01-07T03:09:09.458 -1.64024600E-03  2.50410500E-03  8.80447000E-04
2002-01-07T03:09:10.462  1.55200000E-06  1.59858400E-03  2.39050000E-04
2002-01-07T03:09:11.458 -1.45387600E-03  1.69990800E-03  7.36834000E-04
2002-01-07T03:09:12.455 -8.54024000E-04  1.78631600E-03  1.36909000E-04
2002-01-07T03:09:13.466 -5.68315000E-04  1.45537800E-03 -1.67804000E-04
2002-01-07T03:09:14.462 -1.17903400E-03  1.53741400E-03 -1.19153000E-04
2002-01-07T03:09:15.455 -1.22580000E-05  1.40413700E-03  2.42464000E-04
2002-01-07T03:09:16.462 -9.40444000E-04  1.74226900E-03 -1.82194000E-04
2002-01-07T03:09:17.458  1.52472000E-04  2.21469100E-03 -1.51944000E-04
2002-01-07T03:09:18.455 -5.30791000E-04  1.69824300E-03  5.85652000E-04
2002-01-07T03:09:19.458 -2.24335000E-04  2.01644700E-03  8.48840000E-05
2002-01-07T03:09:20.462  3.19415000E-04  1.53075700E-03  3.52229000E-04
2002-01-07T03:09:21.458 -4.56125000E-04  2.05898000E-03 -6.01166000E-04
2002-01-07T03:09:22.458 -1.31605000E-04  2.57112400E-03 -3.82460000E-05
2002-01-07T03:09:23.458  3.67178000E-04  1.73091400E-03 -3.22575000E-04
2002-01-07T03:09:24.466 -2.24292000E-04  2.62539000E-03 -1.67860000E-05
2002-01-07T03:09:25.458  8.38065000E-04  1.56506900E-03  1.66744000E-04
2002-01-07T03:09:26.462 -8.97540000E-05  2.75977000E-03 -1.20963800E-03
2002-01-07T03:09:27.458 -7.40690000E-04  1.61460900E-03  4.90208000E-04
2002-01-07T03:09:28.455 -9.28311000E-04  1.18434400E-03  3.73384000E-04
2002-01-07T03:09:29.462 -7.49995000E-04  1.58350000E-03 -2.20942000E-04
2002-01-07T03:09:30.462 -1.12158100E-03  1.29041200E-03  1.22393000E-03
2002-01-07T03:09:31.455  8.31600000E-06  2.12431000E-04 -5.73890000E-05
2002-01-07T03:09:32.462 -6.25055000E-04  1.69439200E-03 -2.43974000E-04
2002-01-07T03:09:33.458  8.38440000E-05  2.30841200E-03  3.27775000E-04
2002-01-07T03:09:34.458  9.17889000E-04  1.86596000E-03  4.63406000E-04
2002-01-07T03:09:35.458  8.64458000E-04  1.82183600E-03 -4.59248000E-04
2002-01-07T03:09:36.462 -4.36998000E-04  2.00302300E-03 -6.88456000E-04
2002-01-07T03:09:37.458 -1.54402300E-03  1.18231100E-03  7.53263000E-04
2002-01-07T03:09:38.458 -3.73410000E-04  1.28936500E-03 -1.47673200E-03
2002-01-07T03:09:39.458  8.24386000E-04  1.88773500E-03  1.52848900E-03
2002-01-07T03:09:40.462  1.45411800E-03  1.69161500E-03 -1.14954800E-03
2002-01-07T03:09:41.458 -4.54754000E-04  1.28278500E-03  7.02651000E-04
2002-01-07T03:09:42.462 -1.85233800E-03  1.09538500E-03  6.37480000E-04
2002-01-07T03:09:43.458 -3.89526000E-04  1.60921600E-03  5.90225000E-04
2002-01-07T03:09:44.455  7.68684000E-04  1.04474900E-03 -1.11267000E-04
2002-01-07T03:09:45.466 -4.98932000E-04  3.75989000E-04 -5.66012000E-04
2002-01-07T03:09:46.462 -8.08450000E-05 -2.92571000E-04 -4.33422000E-04
2002-01-07T03:09:47.455  1.43367600E-03  5.48482000E-04 -2.68786000E-04
2002-01-07T03:09:48.462  1.15353900E-03  1.97123100E-03 -3.25096000E-04
2002-01-07T03:09:49.458 -1.12153800E-03  5.55815000E-04 -1.35448000E-04
2002-01-07T03:09:50.458 -8.46535000E-04  1.50835600E-03 -4.43597000E-04
2002-01-07T03:09:51.458  4.92800000E-04  2.42198000E-03  6.61350000E-05
2002-01-07T03:09:52.462  4.69005000E-04  1.85588400E-03  4.76123000E-04
2002-01-07T03:09:53.458 -1.10186800E-03  1.55463000E-04 -4.01938000E-04
2002-01-07T03:09:54.458  1.17139000E-04  8.06935000E-04  2.03370000E-04
2002-01-07T03:09:55.458  9.25037000E-04  1.06158700E-03  2.80922000E-04
2002-01-07T03:09:56.466 -3.84632000E-04 -2.76228000E-04 -3.10069000E-04
2002-01-07T03:09:57.458  1.20905000E-04  3.83290000E-05  1.11376600E-03
2002-01-07T03:09:58.462  1.04565700E-03  1.54871400E-03  8.98110000E-05
2002-01-07T03:09:59.458 -4.65439000E-04  6.04000000E-05 -1.53452000E-04
2002-01-07T03:10:00.454 -3.72559000E-04  5.55059000E-04  1.10445100E-03
2002-01-07T03:10:01.466  2.69136000E-04  1.26210400E-03 -5.17855000E-04
2002-01-07T03:10:02.458 -4.83545000E-04 -9.22230000E-05  4.57874000E-04
2002-01-07T03:10:03.454  8.41091000E-04  4.07567000E-04  2.60040000E-04
2002-01-07T03:10:04.462  6.11282000E-04 -6.70010000E-05 -1.88287000E-04
2002-01-07T03:10:05.458 -6.64771000E-04 -7.76230000E-05 -2.29189000E-04
2002-01-07T03:10:06.458  1.37774800E-03  3.67602000E-04 -8.56992000E-04
2002-01-07T03:10:07.458  8.66520000E-05 -2.75492000E-04  2.84536000E-04
2002-01-07T03:10:08.462  8.05229000E-04  4.41911000E-04 -3.92744000E-04
2002-01-07T03:10:09.458  1.44090000E-05 -2.08360000E-05  2.97964000E-04
2002-01-07T03:10:10.458 -1.36890000E-05 -3.71813000E-04  2.38060000E-05
2002-01-07T03:10:11.458  5.56238000E-04  1.19633500E-03  1.06953300E-03
2002-01-07T03:10:12.466 -5.95835000E-04 -1.85749000E-04  3.42068000E-04
2002-01-07T03:10:13.454  5.36975000E-04  1.44412100E-03  5.16742000E-04
2002-01-07T03:10:14.462 -7.59937000E-04  1.53138000E-04  4.76587000E-04
2002-01-07T03:10:15.458 -2.69562000E-04  5.92268000E-04  3.62128000E-04
2002-01-07T03:10:16.454  6.37376000E-04  1.71455900E-03  6.43475000E-04
2002-01-07T03:10:17.466 -1.24689900E-03  4.75079000E-04  2.95780000E-04
2002-01-07T03:10:18.462 -7.11280000E-05  1.51574400E-03 -6.48647000E-04
2002-01-07T03:10:19.454 -4.14595000E-04  1.20712800E-03  3.39232000E-04
2002-01-07T03:10:20.462 -1.02581600E-03  3.30599000E-04 -1.13917900E-03
2002-01-07T03:10:21.458  8.15243000E-04  1.86458900E-03  9.28932000E-04
2002-01-07T03:10:22.458 -1.16452500E-03  3.35705000E-04 -2.06418000E-04
2002-01-07T03:10:23.458 -4.58268000E-04  1.53527400E-03  8.68056000E-04
2002-01-07T03:10:24.458  4.14652000E-04  1.35808800E-03  3.32189000E-04
2002-01-07T03:10:25.458 -1.40499600E-03  7.99677000E-04 -3.38446000E-04
2002-01-07T03:10:26.458  9.84339000E-04  1.10997000E-03  9.47870000E-05
2002-01-07T03:10:27.458 -8.16230000E-04  5.41050000E-05  8.35600000E-06
2002-01-07T03:10:28.466  8.74550000E-05  8.55281000E-04  2.76817000E-04
2002-01-07T03:10:29.458 -1.27904000E-04  4.50519000E-04 -6.49316000E-04
2002-01-07T03:10:30.458 -5.37449000E-04 -5.53270000E-05 -8.95897000E-04
2002-01-07T03:10:31.458  1.57422100E-03  8.53030000E-04  9.83901000E-04
2002-01-07T03:10:32.454 -3.06275000E-04 -5.45641000E-04  4.37040000E-05
2002-01-07T03:10:33.466  9.07514000E-04  9.99037000E-04 -3.29708000E-04
2002-01-07T03:10:34.458 -4.03407000E-04 -9.17400000E-05  5.22800000E-06
2002-01-07T03:10:35.454  2.19626000E-04  8.37300000E-04 -5.50053000E-04
2002-01-07T03:10:36.462 -4.96309000E-04  3.67999000E-04  1.05292800E-03
2002-01-07T03:10:37.458 -6.64895000E-04  9.89525000E-04 -3.87296000E-04
2002-01-07T03:10:38.458  1.47815000E-04  1.05358800E-03  3.75762000E-04
2002-01-07T03:10:39.458 -1.05184900E-03  3.66888000E-04 -8.50659000E-04
2002-01-07T03:10:40.458  9.05954000E-04  6.16631000E-04  7.73932000E-04
2002-01-07T03:10:41.458 -6.41666000E-04 -1.02346600E-03 -8.06971000E-04
2002-01-07T03:10:42.458  1.12161200E-03  2.54311000E-04  5.54272000E-04
2002-01-07T03:10:43.458  3.90300000E-06 -5.28851000E-04 -6.35426000E-04
2002-01-07T03:10:44.462  3.97650000E-04  1.27449000E-04 -1.26234000E-04
2002-01-07T03:10:45.458  3.50663000E-04  4.24222000E-04  7.88097000E-04
2002-01-07T03:10:46.458 -4.38632000E-04 -2.15955000E-04 -9.39445000E-04
2002-01-07T03:10:47.458  8.26452000E-04  1.29367500E-03  7.00911000E-04
2002-01-07T03:10:48.454 -1.89775400E-03 -1.61380000E-05  5.46584000E-04
2002-01-07T03:10:49.466  5.42231000E-04  1.95058700E-03 -5.33950000E-05
2002-01-07T03:10:50.458 -9.15323000E-04  5.95910000E-05  3.07484000E-04
2002-01-07T03:10:51.454  6.12015000E-04  6.77777000E-04 -4.41514000E-04
2002-01-07T03:10:52.462 -1.22161000E-04 -9.77978000E-04  5.74541000E-04
2002-01-07T03:10:53.458  9.61010000E-04 -3.08152000E-04 -1.21600000E-06
2002-01-07T03:10:54.458  5.42920000E-04 -1.13044000E-04  5.62895000E-04
2002-01-07T03:10:55.458 -1.75665000E-04  2.15458000E-04 -1.94357000E-04
2002-01-07T03:10:56.458 -4.02088000E-04  2.32383000E-04 -1.61897100E-03
2002-01-07T03:10:57.454 -5.74393000E-04  3.46521000E-04  7.97409000E-04
2002-01-07T03:10:58.458  8.20870000E-05  1.52607700E-03 -9.84935000E-04
2002-01-07T03:10:59.458 -7.71237000E-04 -4.61903000E-04  1.73819000E-04
2002-01-07T03:11:00.462  9.66586000E-04  8.30583000E-04 -1.67919400E-03
2002-01-07T03:11:01.458 -1.08843700E-03 -4.84490000E-04  1.66679000E-04
2002-01-07T03:11:02.458  9.34620000E-04  3.83581000E-04  2.92364000E-04
2002-01-07T03:11:03.458 -3.08376000E-04 -1.35984700E-03 -3.75628000E-04
2002-01-07T03:11:04.454  5.22737000E-04  1.54243000E-04  5.73542000E-04
2002-01-07T03:11:05.466  8.41657000E-04  4.19260000E-04 -8.08820000E-05
2002-01-07T03:11:06.458 -4.06678000E-04 -1.06451000E-04 -6.86400000E-05
2002-01-07T03:11:07.454  4.47950000E-04  1.09486200E-03  7.42408000E-04
2002-01-07T03:11:08.458 -1.01212000E-03 -1.84486000E-04  2.00788000E-04
2002-01-07T03:11:09.458 -4.25720000E-05  1.54457000E-03  5.91253000E-04
2002-01-07T03:11:10.458 -1.08704400E-03  1.92586000E-04 -4.09825000E-04
2002-01-07T03:11:11.458 -2.40426000E-04  1.63900100E-03  6.37121000E-04
2002-01-07T03:11:12.458 -1.31727700E-03  7.01820000E-05 -4.85536000E-04
2002-01-07T03:11:13.458  1.13515900E-03 -8.98990000E-05  1.34311800E-03
2002-01-07T03:11:14.458  8.67900000E-06 -3.19995000E-04 -4.69330000E-04
2002-01-07T03:11:15.458  3.40117000E-04  3.81854000E-04 -5.04749000E-04
2002-01-07T03:11:16.466 -3.77012000E-04 -6.39190000E-05  4.83912000E-04
2002-01-07T03:11:17.458 -4.82324000E-04  1.14597000E-03 -9.56093000E-04
2002-01-07T03:11:18.462 -6.61475000E-04  1.00480200E-03  9.23102000E-04
2002-01-07T03:11:19.454 -4.25550000E-05  6.44975000E-04  7.15200000E-05
2002-01-07T03:11:20.454  7.02908000E-04  4.25304000E-04  3.42155000E-04
2002-01-07T03:11:21.466  3.39052000E-04 -7.55209000E-04  3.71045000E-04
2002-01-07T03:11:22.458 -6.75360000E-05 -5.52210000E-05  6.67100000E-05
2002-01-07T03:11:23.454 -2.09080000E-04 -1.88385000E-04 -3.78192000E-04
2002-01-07T03:11:24.458 -2.45953000E-04  2.14850000E-04  1.34627000E-04
2002-01-07T03:11:25.458 -9.12192000E-04  4.52698000E-04  1.45788000E-04
2002-01-07T03:11:26.458  4.94730000E-04  8.88620000E-04 -3.10027000E-04
2002-01-07T03:11:27.458 -1.21634100E-03 -2.07277000E-04 -1.08258000E-04
2002-01-07T03:11:28.462  1.13010400E-03  1.00994900E-03  2.53823000E-04
2002-01-07T03:11:29.458 -6.04683000E-04 -1.55787800E-03  5.60590000E-05
2002-01-07T03:11:30.458  1.18252800E-03  8.19021000E-04 -3.30189000E-04
2002-01-07T03:11:31.458 -1.16124600E-03 -6.54450000E-04  3.48078000E-04
2002-01-07T03:11:32.466  7.50574000E-04  1.37612100E-03  7.50571000E-04
2002-01-07T03:11:33.458 -1.32393800E-03 -4.39030000E-04  1.46614000E-04
2002-01-07T03:11:34.458  7.53877000E-04  8.91352000E-04  4.89341000E-04
2002-01-07T03:11:35.458 -6.17272000E-04 -3.53735000E-04 -1.68555000E-03
2002-01-07T03:11:36.454  9.57212000E-04  2.11710000E-05  5.17900000E-04
2002-01-07T03:11:37.466 -2.41225000E-04 -9.29962000E-04 -1.27941500E-03
2002-01-07T03:11:38.462  3.58166000E-04  7.54604000E-04  1.38409900E-03
2002-01-07T03:11:39.454 -7.46395000E-04  2.43981000E-04 -1.42526000E-04
2002-01-07T03:11:40.462 -4.69212000E-04  8.64382000E-04 -7.93295000E-04
2002-01-07T03:11:41.458  1.72592000E-04 -6.23341000E-04 -7.31540000E-05
2002-01-07T03:11:42.458  2.17954000E-04 -3.18545000E-04 -2.82400000E-06
2002-01-07T03:11:43.458  6.73360000E-04  9.69100000E-06  7.36219000E-04
2002-01-07T03:11:44.458  4.18380000E-05 -4.61446000E-04 -3.78523000E-04
2002-01-07T03:11:45.458  7.38043000E-04  5.84784000E-04  5.47054000E-04
2002-01-07T03:11:46.458 -7.34845000E-04  2.97780000E-04  1.94103000E-04
2002-01-07T03:11:47.458 -6.73160000E-05  8.02603000E-04 -3.36420000E-04
2002-01-07T03:11:48.466 -4.36490000E-04 -2.10685000E-04  5.18117000E-04
2002-01-07T03:11:49.458  1.24290500E-03  4.74679000E-04  3.87531000E-04
2002-01-07T03:11:50.458 -3.93309000E-04 -5.51711000E-04  5.72181000E-04
2002-01-07T03:11:51.458  1.04933300E-03  9.82064000E-04 -1.02119800E-03
2002-01-07T03:11:52.454 -8.43050000E-04 -6.11785000E-04 -3.67267000E-04
2002-01-07T03:11:53.466  2.56189000E-04  1.54145700E-03 -2.63249000E-04
2002-01-07T03:11:54.458 -1.60936900E-03 -2.90082000E-04 -4.25666000E-04
2002-01-07T03:11:55.454  9.23108000E-04  9.95215000E-04 -1.26222000E-04
2002-01-07T03:11:56.458  1.48671000E-04 -6.13457000E-04 -8.62010000E-04
2002-01-07T03:11:57.458  1.13770400E-03  1.01710000E-05 -2.48310000E-04
2002-01-07T03:11:58.458 -3.77029000E-04 -4.41797000E-04  2.61591000E-04
2002-01-07T03:11:59.458  5.92155000E-04  7.74710000E-04 -1.68200000E-04
2002-01-07T03:12:00.462 -9.36870000E-04  4.57592000E-04  8.99510000E-05
2002-01-07T03:12:01.458  4.16877000E-04  6.26379000E-04 -4.36915000E-04
2002-01-07T03:12:02.458 -1.17137000E-04 -2.01755000E-04  4.79905000E-04
2002-01-07T03:12:03.458  1.01668600E-03 -3.45593000E-04 -9.03184000E-04
2002-01-07T03:12:04.462 -5.06775000E-04 -3.09297000E-04  5.88278000E-04
2002-01-07T03:12:05.458  2.53139000E-04  5.47129000E-04  2.12266000E-04
2002-01-07T03:12:06.458  1.65218000E-04  6.26457000E-04  1.83604000E-04
2002-01-07T03:12:07.458 -6.55767000E-04  6.72916000E-04 -2.10340000E-05
2002-01-07T03:12:08.454 -3.46920000E-05  3.26741000E-04 -6.39330000E-05
2002-01-07T03:12:09.466 -1.80587000E-04  1.06490000E-05  7.19052000E-04
2002-01-07T03:12:10.458 -2.11743000E-04 -5.94586000E-04 -4.73661000E-04
2002-01-07T03:12:11.454  2.74938000E-04 -5.27858000E-04 -5.82456000E-04
2002-01-07T03:12:12.462 -1.23764000E-04  3.08250000E-04 -6.50742000E-04
2002-01-07T03:12:13.458 -1.06775500E-03  9.37103000E-04 -1.33402000E-04
2002-01-07T03:12:14.454 -2.91981000E-04  6.19280000E-05 -3.09062000E-04
2002-01-07T03:12:15.458 -2.76854000E-04 -2.85237000E-04  8.98760000E-05
2002-01-07T03:12:16.458  5.78815000E-04 -1.41496000E-04 -1.27200000E-06
2002-01-07T03:12:17.458  1.88552000E-04 -7.12381000E-04 -8.63935000E-04
2002-01-07T03:12:18.458 -1.19201000E-04  7.90390000E-05  7.02160000E-05
2002-01-07T03:12:19.458 -5.17394000E-04  9.50088000E-04  4.32260000E-04
2002-01-07T03:12:20.462 -1.69604000E-04  8.77959000E-04 -1.72823000E-04
2002-01-07T03:12:21.458 -3.08050000E-05  1.55606000E-04  9.66983000E-04
2002-01-07T03:12:22.462  6.29049000E-04  2.73103000E-04 -1.12919300E-03
2002-01-07T03:12:23.458  3.57452000E-04 -2.61072000E-04  7.39574000E-04
2002-01-07T03:12:24.454 -8.68350000E-05 -1.53642000E-04 -8.04244000E-04
2002-01-07T03:12:25.462 -2.38189000E-04  6.12432000E-04  8.65491000E-04
2002-01-07T03:12:26.458 -1.45564800E-03  3.20471000E-04  1.41600000E-05
2002-01-07T03:12:27.454 -8.65936000E-04  9.92595000E-04  4.34600000E-04
2002-01-07T03:12:28.462 -5.34162000E-04  2.20380000E-05  7.79230000E-05
2002-01-07T03:12:29.458  4.11824000E-04 -4.61613000E-04  2.47596000E-04
2002-01-07T03:12:30.458 -4.83922000E-04 -4.79340000E-04 -2.03122000E-04
2002-01-07T03:12:31.458 -2.39461000E-04  4.16878000E-04 -8.25800000E-05
2002-01-07T03:12:32.458 -3.82443000E-04  3.95120000E-04  4.20252000E-04
2002-01-07T03:12:33.458 -6.48800000E-04  5.21411000E-04 -5.21486000E-04
2002-01-07T03:12:34.458  4.04469000E-04  1.00915100E-03  2.76664000E-04
2002-01-07T03:12:35.458 -1.01792000E-04 -4.82100000E-04 -3.37042000E-04
2002-01-07T03:12:36.462  8.74397000E-04 -7.07200000E-05  1.06940900E-03
2002-01-07T03:12:37.458 -4.40000000E-08 -5.69212000E-04 -8.19830000E-05
2002-01-07T03:12:38.462  4.24520000E-04  9.18317000E-04  6.27944000E-04
2002-01-07T03:12:39.458 -9.16242000E-04  6.24920000E-05  3.99332000E-04
2002-01-07T03:12:40.454  7.29395000E-04  8.36611000E-04 -1.91040000E-04
2002-01-07T03:12:41.466 -5.70247000E-04 -5.81766000E-04  4.70833000E-04
2002-01-07T03:12:42.458  1.18190300E-03  2.83191000E-04 -3.36769000E-04
2002-01-07T03:12:43.454  4.07050000E-05 -9.50236000E-04  5.53936000E-04
2002-01-07T03:12:44.462  4.24664000E-04  8.77684000E-04 -1.70018000E-04
2002-01-07T03:12:45.458 -1.34010000E-03  1.84942000E-04  9.98266000E-04
2002-01-07T03:12:46.458 -2.80909000E-04  9.38069000E-04 -1.15540000E-04
2002-01-07T03:12:47.458 -7.54587000E-04 -5.27743000E-04  6.79802000E-04
2002-01-07T03:12:48.462  7.36168000E-04  3.01026000E-04 -1.96072000E-04
2002-01-07T03:12:49.458 -2.99792000E-04 -7.36140000E-04 -9.56170000E-05
2002-01-07T03:12:50.458  3.82626000E-04  7.49074000E-04  4.34807000E-04
2002-01-07T03:12:51.458 -1.01762200E-03  2.33050000E-05  2.06737000E-04
2002-01-07T03:12:52.462  1.04224300E-03  9.39123000E-04  3.24093000E-04
2002-01-07T03:12:53.458 -4.27207000E-04 -4.29602000E-04 -5.11008000E-04
2002-01-07T03:12:54.458  7.08279000E-04  2.09743000E-04  5.15678000E-04
2002-01-07T03:12:55.458 -3.20543000E-04 -7.79478000E-04 -8.21447000E-04
2002-01-07T03:12:56.454  4.82029000E-04  1.37810000E-05  1.42993800E-03
2002-01-07T03:12:57.466 -6.44858000E-04  1.15587000E-04 -8.72628000E-04
2002-01-07T03:12:58.458 -9.39540000E-05  7.30111000E-04 -5.42530000E-05
2002-01-07T03:12:59.454 -5.82306000E-04  1.78900000E-06  5.33518000E-04
2002-01-07T03:13:00.458  1.15248700E-03 -4.73856000E-04  1.57512000E-04
2002-01-07T03:13:01.458  7.68860000E-05 -6.19120000E-04 -1.65616000E-04
2002-01-07T03:13:02.458 -1.72774000E-04 -4.50394000E-04  1.02615000E-04
2002-01-07T03:13:03.458 -6.93601000E-04  2.61771000E-04 -4.23783000E-04
2002-01-07T03:13:04.458 -3.93635000E-04  6.94744000E-04 -5.78381000E-04
2002-01-07T03:13:05.458 -2.89000000E-04  3.37463000E-04  1.56385600E-03
2002-01-07T03:13:06.458 -3.31763000E-04 -3.00818000E-04 -1.32419000E-04
2002-01-07T03:13:07.458  3.32025000E-04 -2.53832000E-04  1.49205000E-04
2002-01-07T03:13:08.466  6.13770000E-04  3.11390000E-04 -1.23773100E-03
2002-01-07T03:13:09.454 -1.09915000E-04  1.45010000E-05 -2.12192000E-04
2002-01-07T03:13:10.458 -3.97629000E-04  7.23148000E-04 -2.49669000E-04
2002-01-07T03:13:11.458 -1.02600000E-06  1.80589000E-04 -9.29271000E-04
2002-01-07T03:13:12.454 -8.22725000E-04  1.16400000E-05  1.03422200E-03
2002-01-07T03:13:13.466  5.47330000E-04 -7.04440000E-04 -7.15145000E-04
2002-01-07T03:13:14.458  2.96087000E-04 -4.75594000E-04  8.84270000E-04
2002-01-07T03:13:15.454 -1.43811000E-04  3.16549000E-04 -8.11250000E-04
2002-01-07T03:13:16.458 -9.35569000E-04  3.65685000E-04 -2.39541000E-04
2002-01-07T03:13:17.458  3.75135000E-04  6.12097000E-04 -1.49406000E-04
2002-01-07T03:13:18.458  5.02050000E-04 -1.13878500E-03 -5.78098000E-04
2002-01-07T03:13:19.458  8.43823000E-04 -6.37560000E-05 -3.62673000E-04
2002-01-07T03:13:20.458 -3.08428000E-04 -9.58443000E-04 -2.55029000E-04
2002-01-07T03:13:21.458  4.43196000E-04  4.06311000E-04  3.84688000E-04
2002-01-07T03:13:22.458 -1.35806600E-03  1.59694000E-04  6.06930000E-05
2002-01-07T03:13:23.458  7.07360000E-05  1.10152200E-03  3.69358000E-04
2002-01-07T03:13:24.462  1.73447000E-04 -6.37578000E-04  2.88605000E-04
2002-01-07T03:13:25.458  9.95696000E-04 -1.82540000E-05  3.45370000E-04
2002-01-07T03:13:26.458 -7.52903000E-04 -5.43718000E-04  5.17420000E-05
2002-01-07T03:13:27.458  3.84176000E-04  1.29613000E-03 -2.65760000E-05
2002-01-07T03:13:28.454 -1.12194400E-03  3.30360000E-04 -1.02458300E-03
2002-01-07T03:13:29.466  6.23039000E-04  8.33288000E-04 -2.51116000E-04
2002-01-07T03:13:30.458 -4.16673000E-04 -1.20439000E-03  1.81018000E-04
2002-01-07T03:13:31.454  8.22982000E-04  3.80607000E-04 -4.84730000E-05
2002-01-07T03:13:32.458 -9.36208000E-04 -8.46249000E-04 -1.00374000E-04
2002-01-07T03:13:33.458  1.04437300E-03  1.67755600E-03 -9.86983000E-04
2002-01-07T03:13:34.458 -8.70700000E-04 -3.87418000E-04  5.31012000E-04
2002-01-07T03:13:35.458  1.00820000E-03  8.62244000E-04  5.51800000E-06
2002-01-07T03:13:36.458 -1.09102000E-04 -9.18220000E-04  3.55320000E-05
2002-01-07T03:13:37.458  7.85490000E-04  6.15485000E-04  7.56843000E-04
2002-01-07T03:13:38.458 -9.77580000E-05 -3.12301000E-04 -9.89630000E-04
2002-01-07T03:13:39.458 -1.74872000E-04  6.63164000E-04  9.46666000E-04
2002-01-07T03:13:40.466 -7.20941000E-04  3.60540000E-04 -4.51717000E-04
2002-01-07T03:13:41.458  1.07355600E-03 -4.06846000E-04  1.55949800E-03
2002-01-07T03:13:42.458  4.85904000E-04 -4.87297000E-04 -4.94702000E-04
2002-01-07T03:13:43.458  3.96972000E-04 -2.88702000E-04 -6.12347000E-04
2002-01-07T03:13:44.454 -1.75263000E-04  3.02034000E-04 -4.25156000E-04
2002-01-07T03:13:45.466 -6.18552000E-04  5.33590000E-04  6.51512000E-04
2002-01-07T03:13:46.458  5.58986000E-04 -2.05490000E-04 -2.58585000E-04
2002-01-07T03:13:47.454  6.19655000E-04 -6.82460000E-05  7.98926000E-04
2002-01-07T03:13:48.462  6.23627000E-04 -2.64665000E-04 -4.52162000E-04
2002-01-07T03:13:49.458 -4.35009000E-04 -1.22585000E-04  7.35758000E-04
2002-01-07T03:13:50.458 -4.99030000E-05  6.31894000E-04 -2.62539000E-04
2002-01-07T03:13:51.458 -6.80241000E-04  6.33614000E-04  6.56461000E-04
2002-01-07T03:13:52.458  2.40087000E-04  5.34019000E-04 -8.09396000E-04
2002-01-07T03:13:53.454 -8.41246000E-04 -9.90126000E-04  5.13824000E-04
2002-01-07T03:13:54.458  1.06154200E-03 -2.02794000E-04  9.21770000E-05
2002-01-07T03:13:55.458 -8.07190000E-04 -4.49386000E-04  2.71957000E-04
2002-01-07T03:13:56.462  3.28054000E-04  7.72240000E-04 -4.36310000E-04
2002-01-07T03:13:57.458 -3.71361000E-04 -4.26353000E-04  1.08757100E-03
2002-01-07T03:13:58.458  7.62105000E-04  3.72185000E-04 -2.44961000E-04
2002-01-07T03:13:59.458 -4.33955000E-04 -7.33511000E-04 -1.72051000E-04
2002-01-07T03:14:00.454  6.73373000E-04  4.29342000E-04 -4.41419000E-04
2002-01-07T03:14:01.466 -1.03370200E-03 -2.72704000E-04 -4.42491000E-04
2002-01-07T03:14:02.458 -6.96200000E-05  1.31614300E-03  2.32225000E-04
2002-01-07T03:14:03.454 -1.30593700E-03 -2.75820000E-04 -1.81054000E-04
2002-01-07T03:14:04.458  8.11878000E-04  6.81461000E-04  2.55010000E-05
2002-01-07T03:14:05.458 -3.44747000E-04 -1.29919600E-03  2.97470000E-05
2002-01-07T03:14:06.458  1.03758900E-03  4.98706000E-04  1.76444000E-04
2002-01-07T03:14:07.458 -8.88899000E-04 -3.15610000E-04  4.18779000E-04
2002-01-07T03:14:08.458  9.92236000E-04  1.37255600E-03 -2.84970000E-05
2002-01-07T03:14:09.458 -1.09921800E-03 -5.07781000E-04  1.50463300E-03
2002-01-07T03:14:10.458  1.31664500E-03  3.29030000E-04 -1.20859600E-03
2002-01-07T03:14:11.458 -1.26475000E-04 -1.36717400E-03  9.17242000E-04
2002-01-07T03:14:12.466  4.67241000E-04  1.38991000E-04 -8.19745000E-04
2002-01-07T03:14:13.458 -6.87687000E-04  1.54163000E-04 -3.66300000E-06
2002-01-07T03:14:14.458 -4.16238000E-04  1.65104000E-04 -2.28118000E-04
2002-01-07T03:14:15.454 -1.00039800E-03  6.59338000E-04 -5.59327000E-04
2002-01-07T03:14:16.454  1.09236500E-03  5.88277000E-04  2.03160000E-04
2002-01-07T03:14:17.466  1.36406000E-04 -4.63138000E-04  5.92955000E-04
2002-01-07T03:14:18.458  5.71483000E-04  5.48570000E-04  2.26514000E-04
2002-01-07T03:14:19.454 -6.46630000E-04  7.34954000E-04  3.11941000E-04
2002-01-07T03:14:20.458  7.93430000E-05  3.05562000E-04 -7.50100000E-05
2002-01-07T03:14:21.458  2.56589000E-04 -2.04216000E-04  7.25420000E-04
2002-01-07T03:14:22.458  4.78835000E-04 -9.12442000E-04 -7.81052000E-04
2002-01-07T03:14:23.458  7.68035000E-04 -6.25409000E-04  1.00358600E-03
2002-01-07T03:14:24.458 -1.86342000E-04 -7.11690000E-05 -8.71988000E-04
2002-01-07T03:14:25.458 -3.38199000E-04  3.14125000E-04  2.98080000E-05
2002-01-07T03:14:26.458 -4.36189000E-04 -5.21000000E-07 -4.21961000E-04
2002-01-07T03:14:27.458  5.02028000E-04 -1.62754000E-04  4.04672000E-04
2002-01-07T03:14:28.466 -1.50116000E-04 -6.75742000E-04 -1.15025400E-03
2002-01-07T03:14:29.458  1.19296000E-04  1.45321000E-04  1.79094000E-04
2002-01-07T03:14:30.458 -9.27740000E-04 -3.48159000E-04  6.71337000E-04
2002-01-07T03:14:31.454 -2.62045000E-04  9.69079000E-04 -6.56420000E-04
2002-01-07T03:14:32.454 -2.02715400E-03 -7.09053000E-04 -1.60100000E-05
2002-01-07T03:14:33.466  6.15041000E-04  5.36523000E-04 -2.25637000E-04
2002-01-07T03:14:34.458 -2.22138000E-04 -1.40628600E-03  6.92415000E-04
2002-01-07T03:14:35.454  8.81601000E-04  1.27291000E-04 -3.11445000E-04
2002-01-07T03:14:36.458 -3.95768000E-04  1.04410000E-04  2.06606000E-04
2002-01-07T03:14:37.458  3.96182000E-04  7.48559000E-04  4.45057000E-04
2002-01-07T03:14:38.458 -6.81227000E-04 -1.41327000E-04 -6.25244000E-04
2002-01-07T03:14:39.458  5.80310000E-04  6.36428000E-04  9.09092000E-04
2002-01-07T03:14:40.458 -1.90273000E-04 -1.21408800E-03 -1.03569800E-03
2002-01-07T03:14:41.458  7.21943000E-04  3.93126000E-04  4.98588000E-04
2002-01-07T03:14:42.458 -1.16544800E-03 -6.88313000E-04 -7.99800000E-05
2002-01-07T03:14:43.458  3.24071000E-04  1.41384800E-03  6.31480000E-04
2002-01-07T03:14:44.462 -7.08075000E-04 -3.86931000E-04 -2.62667000E-04
2002-01-07T03:14:45.458  1.80401000E-03  3.29142000E-04  5.58377000E-04
2002-01-07T03:14:46.458 -6.54822000E-04 -7.01383000E-04  6.00324000E-04
2002-01-07T03:14:47.454  1.08008400E-03  9.42334000E-04  7.19913000E-04
2002-01-07T03:14:48.454 -1.36925900E-03 -4.21365000E-04  3.36757000E-04
2002-01-07T03:14:49.466  4.37350000E-04  1.54209300E-03 -5.35248000E-04
2002-01-07T03:14:50.458 -7.51475000E-04 -4.57717000E-04  7.45581000E-04
2002-01-07T03:14:51.454  7.59390000E-04 -1.09840000E-04 -8.65856000E-04
2002-01-07T03:14:52.458  1.19839000E-04 -7.40232000E-04  3.86183000E-04
2002-01-07T03:14:53.458  1.44390000E-05  8.24413000E-04 -9.09629000E-04
2002-01-07T03:14:54.458 -4.97921000E-04  1.10953000E-04  3.41555000E-04
2002-01-07T03:14:55.458 -6.35283000E-04  8.15197000E-04  1.13780400E-03
2002-01-07T03:14:56.458  3.12277000E-04 -4.77627000E-04  3.74070000E-04
2002-01-07T03:14:57.458  6.89599000E-04 -2.46559000E-04  5.32250000E-05
2002-01-07T03:14:58.458 -4.40400000E-05 -3.49922000E-04 -3.27163000E-04
2002-01-07T03:14:59.458 -1.36243000E-04  1.38311400E-03  6.50766000E-04
2002-01-07T03:15:00.462 -5.96345000E-04  5.30434000E-04 -2.01437000E-04
2002-01-07T03:15:01.458 -6.18422000E-04 -1.12653500E-03  1.23910000E-04
2002-01-07T03:15:02.458  4.30478000E-04 -3.89774000E-04  3.48460000E-04
2002-01-07T03:15:03.454 -4.48205000E-04 -5.58086000E-04 -1.05136000E-04
2002-01-07T03:15:04.454  1.09679000E-04  5.01847000E-04  1.01241600E-03
2002-01-07T03:15:05.466 -8.97247000E-04  2.68122000E-04  9.68685000E-04
2002-01-07T03:15:06.458  5.34170000E-05  5.21839000E-04 -3.69693000E-04
2002-01-07T03:15:07.454 -8.46086000E-04 -1.28633600E-03  8.02892000E-04
2002-01-07T03:15:08.462  9.69129000E-04  1.93690000E-04 -1.10387900E-03
2002-01-07T03:15:09.458 -1.08781700E-03 -8.18163000E-04  1.51033600E-03
2002-01-07T03:15:10.454  3.76383000E-04  1.34565400E-03 -1.14299000E-04
2002-01-07T03:15:11.458 -1.61218000E-03  2.05097000E-04  3.46897000E-04
2002-01-07T03:15:12.458  7.47382000E-04  3.61482000E-04 -1.65040000E-04
2002-01-07T03:15:13.458 -8.05139000E-04 -7.67669000E-04 -5.40228000E-04
2002-01-07T03:15:14.458  1.28979400E-03  5.42273000E-04  1.76176000E-04
2002-01-07T03:15:15.458 -9.88098000E-04 -7.10251000E-04 -1.86281000E-04
2002-01-07T03:15:16.462  8.15772000E-04  1.10130500E-03  2.91249000E-04
2002-01-07T03:15:17.458 -1.47651500E-03  1.57118000E-04  4.58097000E-04
2002-01-07T03:15:18.462  1.55998600E-03  7.58472000E-04  2.33153000E-04
2002-01-07T03:15:19.458 -2.31532000E-04 -1.33790400E-03 -4.19071000E-04
2002-01-07T03:15:20.454  1.04406500E-03  1.05615900E-03 -2.29485000E-04
2002-01-07T03:15:21.462 -1.07739500E-03 -2.92945000E-04 -5.03724000E-04
2002-01-07T03:15:22.458  4.08423000E-04  1.27157600E-03 -3.18901000E-04
2002-01-07T03:15:23.454 -7.52578000E-04  5.49520000E-05  1.02027900E-03
2002-01-07T03:15:24.458  1.49989600E-03  8.16617000E-04 -6.85940000E-05
2002-01-07T03:15:25.458 -2.99023000E-04 -1.09075300E-03  2.78095000E-04
2002-01-07T03:15:26.458  3.96000000E-05  7.86445000E-04 -3.76135000E-04
2002-01-07T03:15:27.458 -8.74380000E-04 -9.82260000E-05  5.66531000E-04
2002-01-07T03:15:28.458  1.99464000E-04  8.27933000E-04  1.93482000E-04
2002-01-07T03:15:29.458 -7.78270000E-04 -1.95335000E-04  5.99787000E-04
2002-01-07T03:15:30.458  5.03479000E-04 -4.84890000E-04  5.32919000E-04
2002-01-07T03:15:31.458 -1.51046000E-04 -5.63664000E-04 -5.85708000E-04
2002-01-07T03:15:32.454 -3.43466000E-04 -6.91250000E-05  6.18881000E-04
2002-01-07T03:15:33.458 -4.58122000E-04  5.12147000E-04 -4.96428000E-04
2002-01-07T03:15:34.458 -1.05036200E-03 -5.45267000E-04  3.57587000E-04
2002-01-07T03:15:35.454  7.93558000E-04 -3.00267000E-04 -6.62711000E-04
2002-01-07T03:15:36.454 -2.05350000E-05 -8.90706000E-04  1.87134000E-04
2002-01-07T03:15:37.466  4.14581000E-04  3.96032000E-04  3.85640000E-05
2002-01-07T03:15:38.458 -9.47440000E-04 -4.87070000E-04 -8.56269000E-04
2002-01-07T03:15:39.454  2.97761000E-04  9.49789000E-04  7.53431000E-04
2002-01-07T03:15:40.458 -5.65934000E-04 -5.01599000E-04 -1.04410400E-03
2002-01-07T03:15:41.458  7.60676000E-04  6.69830000E-05  9.57390000E-05
2002-01-07T03:15:42.458  4.16239000E-04 -3.24633000E-04 -9.68309000E-04
2002-01-07T03:15:43.458  4.07124000E-04  4.88761000E-04  9.90121000E-04
2002-01-07T03:15:44.458 -1.22120600E-03 -2.51240000E-04 -8.11170000E-05
2002-01-07T03:15:45.458  6.70636000E-04  8.53386000E-04 -2.31279000E-04
2002-01-07T03:15:46.458 -1.50454300E-03 -8.80327000E-04  5.03732000E-04
2002-01-07T03:15:47.458  1.42757300E-03  3.73447000E-04  5.49555000E-04
2002-01-07T03:15:48.462 -7.09304000E-04 -1.12257700E-03  1.23141000E-04
2002-01-07T03:15:49.458  3.96038000E-04  8.51282000E-04  4.84504000E-04
2002-01-07T03:15:50.458 -1.53456800E-03 -2.61936000E-04  2.44376000E-04
2002-01-07T03:15:51.458  2.87324000E-04  1.97710600E-03 -1.03563100E-03
2002-01-07T03:15:52.454 -8.78095000E-04 -3.90779000E-04  5.11810000E-05
2002-01-07T03:15:53.466  1.08508600E-03  2.19648000E-04  5.32085000E-04
2002-01-07T03:15:54.458 -5.98660000E-04 -9.59700000E-05 -3.42450000E-04
2002-01-07T03:15:55.454  5.09891000E-04  1.21306000E-03  2.16234000E-04
2002-01-07T03:15:56.458 -1.20980500E-03  2.21440000E-04 -1.24053000E-04
2002-01-07T03:15:57.458  8.50490000E-04  9.75411000E-04  1.90061000E-04
2002-01-07T03:15:58.458 -1.17367000E-04 -7.16797000E-04 -2.50233000E-04
2002-01-07T03:15:59.458  8.43257000E-04 -1.52998000E-04  8.62248000E-04
2002-01-07T03:16:00.458 -1.87338000E-04 -1.51763000E-04 -2.56247000E-04
2002-01-07T03:16:01.458 -3.28808000E-04  9.40420000E-04 -1.82485000E-04
2002-01-07T03:16:02.458 -4.90306000E-04 -1.23925000E-04 -5.73840000E-05
2002-01-07T03:16:03.458 -4.21498000E-04  7.92095000E-04  4.56804000E-04
2002-01-07T03:16:04.462  3.52000000E-07 -1.33830000E-05  6.99931000E-04
2002-01-07T03:16:05.454  7.21460000E-04 -4.03392000E-04 -3.34302000E-04
2002-01-07T03:16:06.458 -3.03045000E-04  4.90763000E-04  1.05235000E-03
2002-01-07T03:16:07.454 -1.14683100E-03  3.94262000E-04 -4.54020000E-05
2002-01-07T03:16:08.454  4.57200000E-06  7.32799000E-04  7.25171000E-04
2002-01-07T03:16:09.466  7.99086000E-04  9.35880000E-05 -8.99409000E-04
2002-01-07T03:16:10.458  7.87012000E-04 -1.07298000E-04  3.99131000E-04
2002-01-07T03:16:11.454 -2.33974000E-04 -5.28816000E-04 -5.57848000E-04
2002-01-07T03:16:12.458  1.33020000E-05  5.11117000E-04 -4.93980000E-04
2002-01-07T03:16:13.458 -1.15887700E-03  4.15711000E-04 -2.33994000E-04
2002-01-07T03:16:14.458  1.31557000E-04  1.07516400E-03 -2.55001000E-04
2002-01-07T03:16:15.458  6.16580000E-05 -1.10327000E-04  4.48954000E-04
2002-01-07T03:16:16.462  6.58198000E-04  4.36763000E-04  3.02790000E-05
2002-01-07T03:16:17.458 -8.66971000E-04 -4.33291000E-04 -1.32180200E-03
2002-01-07T03:16:18.458  8.60612000E-04  9.72466000E-04  7.50858000E-04
2002-01-07T03:16:19.458 -1.00805100E-03 -2.64325000E-04 -8.79522000E-04
2002-01-07T03:16:20.462 -1.58847900E-03 -8.57984000E-04  1.31478200E-03
2002-01-07T03:16:21.458 -1.12948000E-04 -3.32580000E-05 -7.17727000E-04
2002-01-07T03:16:22.458  1.33150000E-04 -1.40546300E-03 -8.79970000E-05
2002-01-07T03:16:23.454  4.07030000E-04  2.26717000E-04  8.17420000E-04
2002-01-07T03:16:24.454  3.37898000E-04  1.05234000E-03  7.02260000E-05
2002-01-07T03:16:25.466 -1.55450000E-04  2.58035000E-04  2.59358000E-04
2002-01-07T03:16:26.458  9.85315000E-04  9.48080000E-05 -2.77571000E-04
2002-01-07T03:16:27.454  1.74854000E-04  2.97574000E-04  5.18977000E-04
2002-01-07T03:16:28.458  1.34620000E-05 -8.09235000E-04  2.87360000E-05
2002-01-07T03:16:29.458  6.16865000E-04  2.95224000E-04 -2.71858000E-04
2002-01-07T03:16:30.458 -8.37265000E-04 -8.16520000E-05  6.02741000E-04
2002-01-07T03:16:31.458  2.93290000E-04  1.11718000E-03 -9.09835000E-04
2002-01-07T03:16:32.458 -1.20285500E-03  4.45969000E-04  6.31790000E-04
2002-01-07T03:16:33.458  5.00315000E-04  7.06758000E-04  3.53682000E-04
2002-01-07T03:16:34.458 -3.03767000E-04 -1.03133400E-03  7.59956000E-04
2002-01-07T03:16:35.458  9.70452000E-04  2.50994000E-04 -1.35921300E-03
2002-01-07T03:16:36.462 -1.17129300E-03 -3.54934000E-04  3.19793000E-04
2002-01-07T03:16:37.458  8.25089000E-04  7.57795000E-04  2.37145000E-04
2002-01-07T03:16:38.458 -4.31165000E-04 -8.04325000E-04 -3.02149000E-04
2002-01-07T03:16:39.454  1.21908400E-03  2.74053000E-04  2.80080000E-05
2002-01-07T03:16:40.454 -2.79586000E-04 -1.10978400E-03 -9.58950000E-05
2002-01-07T03:16:41.466  3.96156000E-04  1.06935000E-03  1.97945000E-04
2002-01-07T03:16:42.458 -1.65470000E-03  5.70489000E-04  2.12387000E-04
2002-01-07T03:16:43.454 -1.12080000E-05  8.15596000E-04  2.09232000E-04
2002-01-07T03:16:44.458  1.06720000E-04 -8.36573000E-04  1.06065100E-03
2002-01-07T03:16:45.458  1.14425900E-03 -2.65682000E-04 -6.68129000E-04
2002-01-07T03:16:46.458  2.66490000E-05 -4.34506000E-04  4.62180000E-04
2002-01-07T03:16:47.458 -5.00520000E-05  7.80340000E-05 -5.81410000E-05
2002-01-07T03:16:48.458 -4.28915000E-04  6.33063000E-04  5.53450000E-05
2002-01-07T03:16:49.454 -8.64470000E-05  2.46641000E-04 -7.78700000E-06
2002-01-07T03:16:50.458  2.52340000E-04 -3.31541000E-04  1.71261000E-04
2002-01-07T03:16:51.458 -2.84830000E-04 -7.29939000E-04 -6.21800000E-06
