2001-12-25T16:17:36.920  2.06347500E-03 -5.91472500E-03  6.82612900E-03
2001-12-25T16:17:37.920  5.23959700E-03  2.16356000E-03 -4.50506600E-03
2001-12-25T16:17:38.924 -7.05761100E-03 -2.11916200E-03  1.49420300E-03
2001-12-25T16:17:39.920  6.51610000E-05  9.32805200E-03  8.25412900E-03
2001-12-25T16:17:40.917 -2.56535000E-04 -9.84245000E-04  7.42200000E-06
2001-12-25T16:17:41.924  9.68562000E-04  4.33407000E-04 -9.62090000E-05
2001-12-25T16:17:42.920 -1.49233800E-03  6.66910000E-05  5.81921000E-04
2001-12-25T16:17:43.924  2.24428000E-04  1.04395900E-03 -5.76720000E-05
2001-12-25T16:17:44.920 -1.22844900E-03 -5.71370000E-04  3.75890000E-05
2001-12-25T16:17:45.928  8.80832000E-04 -3.04678000E-04  2.04916000E-04
2001-12-25T16:17:46.920 -6.27839000E-04 -4.18905000E-04 -5.71840000E-05
2001-12-25T16:17:47.916 -6.06928000E-04  1.08491400E-03  4.52881000E-04
2001-12-25T16:17:48.920 -6.10556000E-04  3.57970000E-04  1.12625300E-03
2001-12-25T16:17:49.920  5.36129000E-04 -5.51944000E-04  1.50030000E-05
2001-12-25T16:17:50.920  2.88949000E-04 -4.46391000E-04 -2.86093000E-04
2001-12-25T16:17:51.920  1.28226000E-04 -1.89435000E-04  9.25424000E-04
2001-12-25T16:17:52.920 -3.04821000E-04  3.67452000E-04  5.69075000E-04
2001-12-25T16:17:53.924 -5.53007000E-04  2.89152000E-04 -3.46656000E-04
2001-12-25T16:17:54.916  1.23254700E-03 -1.95887000E-04 -5.98705000E-04
2001-12-25T16:17:55.920  3.00252000E-04 -1.09581800E-03  1.09445000E-03
2001-12-25T16:17:56.920  2.24973000E-04  5.58548000E-04  6.27743000E-04
2001-12-25T16:17:57.920 -1.19979400E-03  2.72697000E-04 -5.28310000E-04
2001-12-25T16:17:58.920  1.04293200E-03  7.86504000E-04 -2.25646000E-04
2001-12-25T16:17:59.920 -3.57415000E-04 -1.29490900E-03 -4.92887000E-04
2001-12-25T16:18:00.920  8.74411000E-04  6.22386000E-04  7.26140000E-05
2001-12-25T16:18:01.928 -6.20900000E-04 -2.68177000E-04 -4.00105000E-04
2001-12-25T16:18:02.916  3.43978000E-04  9.23436000E-04  4.11626000E-04
2001-12-25T16:18:03.920 -9.36971000E-04 -3.60543000E-04  4.47433000E-04
2001-12-25T16:18:04.920  6.93442000E-04  4.48937000E-04  1.34661700E-03
2001-12-25T16:18:05.920  1.10909000E-04 -6.65756000E-04  1.25821000E-04
2001-12-25T16:18:06.920  3.31146000E-04  5.60707000E-04 -9.70215000E-04
2001-12-25T16:18:07.920 -5.04994000E-04  2.77256000E-04  1.88656000E-04
2001-12-25T16:18:08.920 -7.72270000E-05  6.24433000E-04  1.89394500E-03
2001-12-25T16:18:09.920  2.00355000E-04 -8.34238000E-04 -1.10479000E-04
2001-12-25T16:18:10.916  3.83704000E-04 -3.68941000E-04 -5.60071000E-04
2001-12-25T16:18:11.920  2.82610000E-05  2.83991000E-04 -1.22344000E-04
2001-12-25T16:18:12.916 -8.97240000E-04  8.68411000E-04  5.14991000E-04
2001-12-25T16:18:13.924  7.61403000E-04  8.13276000E-04  6.58207000E-04
2001-12-25T16:18:14.916 -1.52313000E-04 -6.37469000E-04 -8.07843000E-04
2001-12-25T16:18:15.920  1.28811100E-03  8.67157000E-04 -5.01606000E-04
2001-12-25T16:18:16.916 -7.80872000E-04 -3.89996000E-04  7.76459000E-04
2001-12-25T16:18:17.928  5.01083000E-04  1.74617300E-03  5.98390000E-05
2001-12-25T16:18:18.920 -9.94295000E-04 -7.48020000E-05  3.00428000E-04
2001-12-25T16:18:19.916  9.62284000E-04  1.11676800E-03 -1.87515000E-04
2001-12-25T16:18:20.916 -5.85906000E-04 -1.34536900E-03  4.80686000E-04
2001-12-25T16:18:21.920  6.14956000E-04  9.16216000E-04  6.21437000E-04
2001-12-25T16:18:22.920 -7.52133000E-04  2.48865000E-04 -5.20047000E-04
2001-12-25T16:18:23.924  3.56480000E-04  4.83002000E-04 -5.83222000E-04
2001-12-25T16:18:24.920  1.97122000E-04 -4.22730000E-04 -2.94926000E-04
2001-12-25T16:18:25.920  8.92563000E-04 -2.21842000E-04 -2.90586000E-04
2001-12-25T16:18:26.916 -8.55694000E-04 -4.77521000E-04 -4.43110000E-05
2001-12-25T16:18:27.920 -3.65939000E-04  1.00490500E-03 -3.89754000E-04
2001-12-25T16:18:28.920  4.19963000E-04  4.95222000E-04 -1.25370000E-04
2001-12-25T16:18:29.920  5.40213000E-04 -6.82299000E-04  2.83700000E-05
2001-12-25T16:18:30.916  2.01116000E-04 -7.48550000E-04  1.61463000E-04
2001-12-25T16:18:31.920 -4.53312000E-04 -5.45040000E-05 -1.02179800E-03
2001-12-25T16:18:32.916 -2.70424000E-04  8.01676000E-04  4.81630000E-05
2001-12-25T16:18:33.928 -9.62694000E-04 -7.44930000E-05  1.23370000E-04
2001-12-25T16:18:34.916  8.41211000E-04 -4.82564000E-04 -5.67773000E-04
2001-12-25T16:18:35.916 -3.40254000E-04 -5.36367000E-04 -1.20529500E-03
2001-12-25T16:18:36.916  9.00800000E-06  7.72838000E-04  5.72544000E-04
2001-12-25T16:18:37.920 -1.17679500E-03 -3.59060000E-05  2.26831000E-04
2001-12-25T16:18:38.924  1.01450700E-03  3.61233000E-04  5.40593000E-04
2001-12-25T16:18:39.920 -6.47420000E-05 -1.23858400E-03 -6.32409000E-04
2001-12-25T16:18:40.920  7.92179000E-04  4.96640000E-04 -6.18640000E-04
2001-12-25T16:18:41.920 -1.36753600E-03  1.86000000E-07  8.88291000E-04
2001-12-25T16:18:42.916  5.60111000E-04  8.35474000E-04 -1.53403000E-04
2001-12-25T16:18:43.924 -1.09455400E-03 -1.11897000E-03 -1.13763500E-03
2001-12-25T16:18:44.916  1.03368400E-03  3.36066000E-04 -1.00006300E-03
2001-12-25T16:18:45.920 -1.04984900E-03 -1.33489800E-03  8.18063000E-04
2001-12-25T16:18:46.916  6.76090000E-05  1.11425200E-03  7.94848000E-04
2001-12-25T16:18:47.920 -1.34821900E-03  3.47595000E-04 -6.06920000E-05
2001-12-25T16:18:48.916  7.22950000E-04  2.76000000E-07  2.28660000E-05
2001-12-25T16:18:49.928  5.65461000E-04 -4.98910000E-04 -5.38195000E-04
2001-12-25T16:18:50.916  3.62372000E-04  1.24533000E-04  1.38717900E-03
2001-12-25T16:18:51.916 -3.14166000E-04 -2.13121000E-04 -4.25667000E-04
2001-12-25T16:18:52.916  2.39514000E-04  1.88918000E-04 -2.26172000E-04
2001-12-25T16:18:53.924  2.80734000E-04 -3.81522000E-04  6.21775000E-04
2001-12-25T16:18:54.920  2.76747000E-04 -6.84539000E-04 -2.74845000E-04
2001-12-25T16:18:55.920  2.27320000E-04  3.73702000E-04  2.30835000E-04
2001-12-25T16:18:56.920 -7.26250000E-04 -6.85810000E-05 -1.86050000E-05
2001-12-25T16:18:57.920  3.31175000E-04  2.34630000E-04 -5.44083000E-04
2001-12-25T16:18:58.920 -2.56240000E-04 -1.20984100E-03  5.22080000E-04
2001-12-25T16:18:59.920  9.28398000E-04  5.04800000E-06  3.67405000E-04
2001-12-25T16:19:00.916 -6.43193000E-04 -3.02053000E-04  1.50771000E-04
2001-12-25T16:19:01.920  1.39604000E-04  8.58865000E-04  5.28686000E-04
2001-12-25T16:19:02.916 -8.21790000E-04 -4.16174000E-04  7.21982000E-04
2001-12-25T16:19:03.920  1.44494900E-03 -2.01208000E-04  5.46641000E-04
2001-12-25T16:19:04.916 -3.07769000E-04 -1.03070500E-03 -4.41840000E-05
2001-12-25T16:19:05.928  4.91398000E-04  9.25479000E-04  5.36821000E-04
2001-12-25T16:19:06.916 -1.57156400E-03  1.92500000E-05 -4.75846000E-04
2001-12-25T16:19:07.916  8.04696000E-04  1.49001000E-04 -8.96864000E-04
2001-12-25T16:19:08.920 -4.97074000E-04 -1.24288500E-03 -6.19788000E-04
2001-12-25T16:19:09.920  7.57443000E-04 -1.66463000E-04 -6.43093000E-04
2001-12-25T16:19:10.920 -5.86430000E-05  2.64108000E-04  7.99987000E-04
2001-12-25T16:19:11.920 -1.91439000E-04  5.84584000E-04 -4.55899000E-04
2001-12-25T16:19:12.920  6.37271000E-04  5.98971000E-04 -7.71127000E-04
2001-12-25T16:19:13.924  2.57306000E-04 -4.96727000E-04 -7.57339000E-04
2001-12-25T16:19:14.916  4.91115000E-04 -5.69403000E-04  9.11009000E-04
2001-12-25T16:19:15.920 -2.64301000E-04 -1.63943000E-04 -2.10050000E-04
2001-12-25T16:19:16.916  2.09757000E-04  3.53455000E-04 -2.27757000E-04
2001-12-25T16:19:17.920 -4.77393000E-04 -3.78239000E-04 -1.15463200E-03
2001-12-25T16:19:18.920  1.56739800E-03 -2.03579000E-04  4.22910000E-05
2001-12-25T16:19:19.920 -4.76273000E-04 -7.06525000E-04  1.10714000E-04
2001-12-25T16:19:20.916 -2.56802000E-04  3.66320000E-04 -3.87832000E-04
2001-12-25T16:19:21.928 -7.62671000E-04  9.35120000E-05  2.17160000E-04
2001-12-25T16:19:22.916  4.00875000E-04  2.25872000E-04 -1.24014000E-04
2001-12-25T16:19:23.920 -4.81254000E-04 -1.39832800E-03 -3.66660000E-04
2001-12-25T16:19:24.916  9.00030000E-04  2.45515000E-04 -2.51582000E-04
2001-12-25T16:19:25.920 -9.26128000E-04 -5.72292000E-04 -6.27644000E-04
2001-12-25T16:19:26.920  4.66753000E-04  1.09173000E-03 -3.49220000E-04
2001-12-25T16:19:27.920 -9.04639000E-04 -2.69649000E-04 -3.74630000E-05
2001-12-25T16:19:28.920  1.11161100E-03 -1.22056000E-04 -6.59230000E-05
2001-12-25T16:19:29.920 -7.03602000E-04 -8.88417000E-04 -8.40625000E-04
2001-12-25T16:19:30.916  5.35840000E-04  6.02622000E-04  5.10762000E-04
2001-12-25T16:19:31.920 -1.47935000E-03 -5.41950000E-04  8.42448000E-04
2001-12-25T16:19:32.916  7.17546000E-04  4.71056000E-04 -1.67010000E-05
2001-12-25T16:19:33.924 -1.86219000E-04 -1.46353300E-03 -8.70680000E-05
2001-12-25T16:19:34.916  4.64029000E-04 -6.27340000E-05  3.85031000E-04
2001-12-25T16:19:35.920 -2.31894000E-04 -6.45634000E-04  5.04859000E-04
2001-12-25T16:19:36.916 -4.16690000E-04  4.90542000E-04  3.08321000E-04
2001-12-25T16:19:37.928 -4.83082000E-04  5.10018000E-04  3.74133000E-04
2001-12-25T16:19:38.920 -2.88557000E-04 -5.29831000E-04 -8.14237000E-04
2001-12-25T16:19:39.916  6.92056000E-04 -6.53684000E-04  6.20986000E-04
2001-12-25T16:19:40.916 -5.90367000E-04 -4.57684000E-04 -1.96103000E-04
2001-12-25T16:19:41.920  9.62500000E-04  1.01933000E-03  3.64961000E-04
2001-12-25T16:19:42.920 -1.00279800E-03 -2.57066000E-04 -8.56125000E-04
2001-12-25T16:19:43.924  5.41525000E-04  3.35632000E-04  6.75386000E-04
2001-12-25T16:19:44.920 -5.20942000E-04 -1.21022800E-03  4.92078000E-04
2001-12-25T16:19:45.920  9.28586000E-04  5.03459000E-04  7.88013000E-04
2001-12-25T16:19:46.916 -1.45810300E-03 -8.54504000E-04  8.05514000E-04
2001-12-25T16:19:47.920  5.41540000E-04  1.61790300E-03  2.92400000E-06
2001-12-25T16:19:48.920 -5.98652000E-04 -4.70491000E-04  7.25763000E-04
2001-12-25T16:19:49.920  1.42838400E-03  2.64986000E-04  1.29336000E-04
2001-12-25T16:19:50.916 -1.16970000E-05 -6.51037000E-04 -7.66810000E-04
2001-12-25T16:19:51.920  3.36178000E-04  8.79317000E-04 -5.13200000E-04
2001-12-25T16:19:52.916 -9.28476000E-04 -8.32830000E-05 -6.68971000E-04
2001-12-25T16:19:53.928  6.29403000E-04  8.10701000E-04  7.41362000E-04
2001-12-25T16:19:54.916  2.35022000E-04 -3.79926000E-04 -3.05883000E-04
2001-12-25T16:19:55.916  4.25618000E-04 -1.97902000E-04 -7.60327000E-04
2001-12-25T16:19:56.916  2.08222000E-04  1.17356500E-03  8.55693000E-04
2001-12-25T16:19:57.920 -5.61334000E-04  3.33572000E-04  8.11170000E-04
2001-12-25T16:19:58.924  1.62784000E-04  3.44117000E-04  8.38600000E-05
2001-12-25T16:19:59.920 -4.34749000E-04 -6.55379000E-04  6.60999000E-04
2001-12-25T16:20:00.920  7.98862000E-04  7.26124000E-04  5.92677000E-04
2001-12-25T16:20:01.920 -1.31986800E-03  1.31440000E-05  2.30791000E-04
2001-12-25T16:20:02.916  9.14624000E-04  1.17616100E-03 -6.69288000E-04
2001-12-25T16:20:03.924 -8.53519000E-04 -7.53957000E-04  2.30930000E-05
2001-12-25T16:20:04.916  1.39528800E-03  2.78005000E-04  7.92510000E-05
2001-12-25T16:20:05.920 -7.14184000E-04 -1.05967200E-03  5.22829000E-04
2001-12-25T16:20:06.916 -2.06000000E-05  1.44294800E-03 -1.02847300E-03
2001-12-25T16:20:07.920 -1.17301900E-03 -5.35172000E-04 -6.04507000E-04
2001-12-25T16:20:08.916  1.24573800E-03  3.61611000E-04 -3.87334000E-04
2001-12-25T16:20:09.928 -4.90477000E-04 -6.70348000E-04 -1.88862000E-04
2001-12-25T16:20:10.916  3.87689000E-04  5.70485000E-04 -1.22710100E-03
2001-12-25T16:20:11.916 -1.53180800E-03 -2.06387000E-04 -4.38776000E-04
2001-12-25T16:20:12.916  3.43700000E-06  9.63295000E-04 -2.40503000E-04
2001-12-25T16:20:13.924 -3.80866000E-04 -1.37293200E-03  9.81662000E-04
2001-12-25T16:20:14.920  2.86879000E-04  4.52949000E-04  7.77123000E-04
2001-12-25T16:20:15.920 -8.01552000E-04 -3.00920000E-04 -9.38617000E-04
2001-12-25T16:20:16.920 -5.60970000E-04  1.11423200E-03 -1.27952000E-04
2001-12-25T16:20:17.920  1.13295000E-04 -8.20010000E-05  2.66667000E-04
2001-12-25T16:20:18.920  7.01870000E-05 -1.06245000E-04 -4.43681000E-04
2001-12-25T16:20:19.920  3.35657000E-04 -3.67238000E-04 -2.00685000E-03
2001-12-25T16:20:20.916 -6.41576000E-04 -8.70560000E-05  1.70675000E-04
2001-12-25T16:20:21.920 -3.25680000E-04  1.67278000E-03  2.75375000E-04
2001-12-25T16:20:22.916 -3.98922000E-04 -3.91276000E-04 -4.86830000E-04
2001-12-25T16:20:23.920  4.56777000E-04  4.70509000E-04 -6.90589000E-04
2001-12-25T16:20:24.916 -3.01902000E-04 -8.48648000E-04 -9.03370000E-04
2001-12-25T16:20:25.928  2.62485000E-04  5.74537000E-04  5.99226000E-04
2001-12-25T16:20:26.916 -1.06268100E-03 -1.22749000E-04  3.34505000E-04
2001-12-25T16:20:27.916  1.05907800E-03  1.97735000E-04 -5.21506000E-04
2001-12-25T16:20:28.920 -6.09862000E-04 -1.06152100E-03 -2.91172000E-04
2001-12-25T16:20:29.920  1.01015500E-03  2.00073000E-04 -5.08430000E-05
2001-12-25T16:20:30.920 -1.07783600E-03 -3.46690000E-04  2.69611000E-04
2001-12-25T16:20:31.920  7.05710000E-05  1.37224700E-03 -1.29049200E-03
2001-12-25T16:20:32.920 -8.50849000E-04 -1.02414200E-03  5.80683000E-04
2001-12-25T16:20:33.924  1.30370100E-03 -6.84670000E-05  1.04930000E-04
2001-12-25T16:20:34.916 -7.64114000E-04 -1.44705100E-03 -8.78710000E-05
2001-12-25T16:20:35.920  4.42824000E-04  9.53953000E-04 -4.73830000E-04
2001-12-25T16:20:36.916 -9.14167000E-04  4.55300000E-04  2.26391000E-04
2001-12-25T16:20:37.920  3.18541000E-04  3.96768000E-04  7.67503000E-04
2001-12-25T16:20:38.920 -2.32987000E-04 -8.54671000E-04  7.63829000E-04
2001-12-25T16:20:39.920  1.56607000E-04  1.51380000E-05 -8.29319000E-04
2001-12-25T16:20:40.916 -8.72091000E-04  6.62150000E-05  1.92375000E-04
2001-12-25T16:20:41.928 -7.23402000E-04  4.36057000E-04  3.59915000E-04
2001-12-25T16:20:42.916  4.14940000E-05 -3.35011000E-04  1.02881900E-03
2001-12-25T16:20:43.920  1.82582000E-04 -7.11350000E-04 -7.00406000E-04
2001-12-25T16:20:44.916  5.60831000E-04  4.83164000E-04 -6.53621000E-04
2001-12-25T16:20:45.920 -7.53026000E-04  2.46145000E-04  5.43795000E-04
2001-12-25T16:20:46.920  7.91376000E-04  3.41324000E-04  4.65270000E-04
2001-12-25T16:20:47.920 -3.73070000E-04 -1.13468400E-03  6.09890000E-04
2001-12-25T16:20:48.920  1.86053200E-03  3.15002000E-04 -5.82640000E-04
2001-12-25T16:20:49.920 -1.14901100E-03 -4.08759000E-04 -1.29696000E-04
2001-12-25T16:20:50.916  4.30350000E-05  1.24614200E-03  2.94562000E-04
2001-12-25T16:20:51.920 -1.19626100E-03 -4.72152000E-04 -3.27106000E-04
2001-12-25T16:20:52.916  9.81280000E-04  1.56872000E-04  4.15274000E-04
2001-12-25T16:20:53.920 -2.85938000E-04 -1.28273900E-03  3.10027000E-04
2001-12-25T16:20:54.916  3.50507000E-04  4.72778000E-04  4.18459000E-04
2001-12-25T16:20:55.920 -1.24181200E-03 -1.06655000E-04  7.86007000E-04
2001-12-25T16:20:56.916  3.39830000E-04  2.86116000E-04  3.80421000E-04
2001-12-25T16:20:57.924 -1.12220000E-04 -1.36489500E-03 -3.18522000E-04
2001-12-25T16:20:58.920  4.33421000E-04 -5.63357000E-04  3.42847000E-04
2001-12-25T16:20:59.916 -5.59461000E-04 -2.05967000E-04 -1.36287000E-04
2001-12-25T16:21:00.916 -6.61357000E-04  5.36238000E-04 -4.12217000E-04
2001-12-25T16:21:01.920 -1.39313000E-04  9.51118000E-04 -1.05425000E-03
2001-12-25T16:21:02.920  2.52300000E-04 -1.05307100E-03 -2.56511000E-04
2001-12-25T16:21:03.924  1.40696600E-03  2.01681000E-04  9.83083000E-04
2001-12-25T16:21:04.920 -8.40440000E-04 -1.32945000E-04  8.59385000E-04
2001-12-25T16:21:05.920  1.35296000E-03  1.52103100E-03 -4.06860000E-05
2001-12-25T16:21:06.916 -9.99160000E-04  1.68696000E-04 -1.26342100E-03
2001-12-25T16:21:07.920  4.89199000E-04  1.49301000E-04  2.87050000E-05
2001-12-25T16:21:08.920 -5.66576000E-04 -1.10147700E-03  5.53086000E-04
2001-12-25T16:21:09.920  7.80064000E-04  1.50972000E-04 -1.06872000E-04
2001-12-25T16:21:10.916 -1.26421900E-03 -3.36839000E-04 -3.67336000E-04
2001-12-25T16:21:11.920  1.99242000E-04  1.57252300E-03 -2.67514000E-04
2001-12-25T16:21:12.916 -9.49254000E-04  1.56901000E-04  6.84750000E-04
2001-12-25T16:21:13.928  1.20889700E-03  2.29313000E-04  2.62427000E-04
2001-12-25T16:21:14.916 -1.01984800E-03 -7.23345000E-04 -1.91064000E-04
2001-12-25T16:21:15.916 -2.02406000E-04  1.23773200E-03 -1.26394000E-04
2001-12-25T16:21:16.916 -1.62926200E-03  5.05442000E-04  4.91069000E-04
2001-12-25T16:21:17.920 -2.85774000E-04  1.89038000E-04 -2.08677000E-04
2001-12-25T16:21:18.924  3.49924000E-04  1.51742000E-04  4.43313000E-04
2001-12-25T16:21:19.920 -2.99064000E-04 -5.93386000E-04 -5.50066000E-04
2001-12-25T16:21:20.920  8.93800000E-06  8.07680000E-04  3.07205000E-04
2001-12-25T16:21:21.920 -9.37295000E-04 -1.35618000E-04  7.82595000E-04
2001-12-25T16:21:22.916  4.12197000E-04  8.24852000E-04 -1.34324000E-04
2001-12-25T16:21:23.924 -8.38127000E-04 -3.20345000E-04 -1.53365200E-03
2001-12-25T16:21:24.916  9.18489000E-04  5.92663000E-04 -4.51649000E-04
2001-12-25T16:21:25.920 -1.38655600E-03 -8.38467000E-04 -3.06855000E-04
2001-12-25T16:21:26.916  1.55570000E-04  9.72012000E-04  8.05756000E-04
2001-12-25T16:21:27.920 -6.27198000E-04 -2.59938000E-04 -7.98915000E-04
2001-12-25T16:21:28.916  6.67861000E-04 -5.78140000E-05  5.21826000E-04
2001-12-25T16:21:29.928  1.23662000E-04 -9.16790000E-04  1.83038000E-04
2001-12-25T16:21:30.916 -3.01930000E-04  3.09137000E-04  8.31628000E-04
2001-12-25T16:21:31.916 -1.05246900E-03 -2.67545000E-04 -1.89438000E-04
2001-12-25T16:21:32.916 -3.75190000E-05  7.08695000E-04 -2.77754000E-04
2001-12-25T16:21:33.924  3.75987000E-04 -9.98465000E-04  4.25537000E-04
2001-12-25T16:21:34.920  5.90699000E-04 -5.96690000E-04  8.39139000E-04
2001-12-25T16:21:35.920  2.83381000E-04  5.21011000E-04  2.40864000E-04
2001-12-25T16:21:36.920 -4.51067000E-04  9.04260000E-05 -3.47836000E-04
2001-12-25T16:21:37.920  2.54392000E-04  1.34711000E-03 -5.60298000E-04
2001-12-25T16:21:38.920 -5.97338000E-04 -6.21237000E-04  1.00428000E-04
2001-12-25T16:21:39.920  2.12955200E-03  5.78480000E-04 -9.09800000E-06
2001-12-25T16:21:40.916 -6.94797000E-04 -3.29381000E-04  4.59520000E-05
2001-12-25T16:21:41.920  7.57365000E-04  1.12993200E-03  4.50320000E-04
2001-12-25T16:21:42.916 -1.73728100E-03 -1.28640000E-04  5.93538000E-04
2001-12-25T16:21:43.920  7.33303000E-04  1.04148100E-03 -3.46063000E-04
2001-12-25T16:21:44.916 -3.03145000E-04 -9.97262000E-04  3.52413000E-04
2001-12-25T16:21:45.924  3.43611000E-04  1.88314000E-04 -1.21670000E-04
2001-12-25T16:21:46.916 -1.95379000E-04 -1.20940000E-04  1.03285000E-03
2001-12-25T16:21:47.916 -6.30267000E-04  7.40284000E-04  5.12175000E-04
2001-12-25T16:21:48.920 -5.21810000E-05  1.11354800E-03 -3.77883000E-04
2001-12-25T16:21:49.920 -3.15702000E-04 -1.28890000E-04  5.85320000E-04
2001-12-25T16:21:50.920  1.28305600E-03  2.88122000E-04 -5.45596000E-04
2001-12-25T16:21:51.920 -4.71469000E-04 -4.47087000E-04  1.87119000E-04
2001-12-25T16:21:52.920  1.04243100E-03  1.15140200E-03 -3.05711000E-04
2001-12-25T16:21:53.920 -1.05170500E-03 -4.36759000E-04 -7.47114000E-04
2001-12-25T16:21:54.916  8.19972000E-04  5.98933000E-04  5.07403000E-04
2001-12-25T16:21:55.920 -3.42584000E-04 -9.36185000E-04  9.60807000E-04
2001-12-25T16:21:56.916  1.16979200E-03  1.12193000E-04  7.71447000E-04
2001-12-25T16:21:57.920 -4.75340000E-04 -1.30713000E-04  1.52942000E-04
2001-12-25T16:21:58.920 -1.17657000E-04  7.71076000E-04  4.09691000E-04
2001-12-25T16:21:59.920  1.50412000E-04  7.16284000E-04  5.46564000E-04
2001-12-25T16:22:00.916 -1.90032000E-04 -2.90410000E-05 -3.79814000E-04
2001-12-25T16:22:01.924  1.55239000E-04 -1.32768000E-04 -1.84674000E-04
2001-12-25T16:22:02.916  3.11800000E-05 -2.22705000E-04  1.14822300E-03
2001-12-25T16:22:03.920  5.91583000E-04  5.01225000E-04  1.17009000E-04
2001-12-25T16:22:04.916 -6.43101000E-04  3.15436000E-04 -7.74315000E-04
2001-12-25T16:22:05.920  9.27910000E-04  1.53575700E-03  2.30744000E-04
2001-12-25T16:22:06.920 -7.51255000E-04 -6.44921000E-04  1.34606200E-03
2001-12-25T16:22:07.920  1.22116600E-03  7.02774000E-04  1.03194400E-03
2001-12-25T16:22:08.920 -5.48628000E-04 -5.34180000E-04 -7.85350000E-04
2001-12-25T16:22:09.920  2.04100000E-04  1.14494200E-03 -4.09999000E-04
2001-12-25T16:22:10.916 -1.08877500E-03  5.10311000E-04  8.10618000E-04
2001-12-25T16:22:11.920 -1.51214000E-04  6.39619000E-04  2.66473000E-04
2001-12-25T16:22:12.916  1.06840700E-03 -8.17040000E-05 -8.94501000E-04
2001-12-25T16:22:13.920 -1.39678000E-04 -1.84381000E-04 -1.34939900E-03
2001-12-25T16:22:14.916  3.51874000E-04 -3.38550000E-05  9.90730000E-05
2001-12-25T16:22:15.920 -1.03848600E-03 -2.25556000E-04  4.90424000E-04
2001-12-25T16:22:16.916  3.94963000E-04  1.69075900E-03  9.08850000E-05
2001-12-25T16:22:17.924 -4.67851000E-04  2.84830000E-05  2.01824000E-04
2001-12-25T16:22:18.920  4.19669000E-04  6.47327000E-04 -3.23897000E-04
2001-12-25T16:22:19.916  1.16558900E-03 -1.60336000E-04  2.72149000E-04
2001-12-25T16:22:20.916 -3.00478000E-04 -2.17100000E-05  7.81110000E-05
2001-12-25T16:22:21.920  1.41244200E-03  1.33685300E-03 -1.28085000E-04
2001-12-25T16:22:22.920 -9.24379000E-04 -2.40079000E-04 -4.83659000E-04
2001-12-25T16:22:23.924  3.04900000E-05  1.94405600E-03  1.16424900E-03
2001-12-25T16:22:24.920 -1.05233000E-03 -2.24570000E-04  4.49551000E-04
2001-12-25T16:22:25.920  5.66206000E-04  2.30300000E-04  5.61026000E-04
2001-12-25T16:22:26.916  1.19617000E-04 -7.80983000E-04 -4.14689000E-04
2001-12-25T16:22:27.920  8.46760000E-05  1.89401000E-04 -3.11176000E-04
2001-12-25T16:22:28.920 -4.43780000E-04  3.78307000E-04  4.92266000E-04
2001-12-25T16:22:29.920 -9.38347000E-04  1.93319000E-04  7.51820000E-04
2001-12-25T16:22:30.916  9.75758000E-04  1.27843400E-03 -2.56039000E-04
2001-12-25T16:22:31.920 -9.43397000E-04  7.95900000E-06 -2.36890000E-04
2001-12-25T16:22:32.916  7.22698000E-04  2.25626000E-04  3.38367000E-04
2001-12-25T16:22:33.928  6.12805000E-04  1.72488000E-04  3.19399000E-04
2001-12-25T16:22:34.916 -3.15765000E-04 -6.82480000E-04 -9.51064000E-04
2001-12-25T16:22:35.916  1.07600700E-03  1.18658400E-03  2.06238000E-04
2001-12-25T16:22:36.916 -3.33379000E-04 -2.50752000E-04 -2.49032000E-04
2001-12-25T16:22:37.920 -2.15424000E-04  7.25006000E-04 -3.78070000E-05
2001-12-25T16:22:38.924 -2.91155000E-04  1.07899200E-03 -5.68840000E-05
2001-12-25T16:22:39.920 -9.66018000E-04  3.84987000E-04 -9.34910000E-04
2001-12-25T16:22:40.920  6.57860000E-05  1.30761600E-03 -2.94136000E-04
2001-12-25T16:22:41.920 -1.28210700E-03  2.52024000E-04  1.36424700E-03
2001-12-25T16:22:42.916 -7.12203000E-04  4.97868000E-04 -3.30429000E-04
2001-12-25T16:22:43.924  1.24214000E-03  1.06887100E-03 -7.89035000E-04
2001-12-25T16:22:44.916 -6.95708000E-04 -2.50080000E-05  1.10361000E-04
2001-12-25T16:22:45.920  1.05564500E-03 -3.56061000E-04  6.71353000E-04
2001-12-25T16:22:46.916  1.29777700E-03  3.21028000E-04  4.44360000E-04
2001-12-25T16:22:47.920 -1.09765700E-03 -2.36868000E-04 -5.15030000E-05
2001-12-25T16:22:48.916  4.94459000E-04  4.57901000E-04 -9.37163000E-04
2001-12-25T16:22:49.924  6.32373000E-04  6.87080000E-05  1.83096000E-04
2001-12-25T16:22:50.916 -1.21335500E-03 -1.25755000E-04  1.00473300E-03
2001-12-25T16:22:51.916  2.17310000E-04  8.76477000E-04  1.00030000E-04
2001-12-25T16:22:52.916  9.04276000E-04  1.54269400E-03 -8.53656000E-04
2001-12-25T16:22:53.924 -1.16541900E-03  1.29547000E-04 -2.78699000E-04
2001-12-25T16:22:54.920 -3.12747000E-04  7.64749000E-04  6.96742000E-04
2001-12-25T16:22:55.920  6.72433000E-04  1.80285900E-03 -1.07814900E-03
2001-12-25T16:22:56.920 -4.40660000E-04  7.91014000E-04 -1.72304000E-04
2001-12-25T16:22:57.920 -5.88159000E-04  1.81018000E-04  5.98165000E-04
2001-12-25T16:22:58.920  9.91433000E-04  1.38119400E-03  3.74495000E-04
2001-12-25T16:22:59.920  1.05827800E-03  1.03177700E-03  3.12131000E-04
2001-12-25T16:23:00.916 -1.39351900E-03 -3.64065000E-04 -8.89585000E-04
2001-12-25T16:23:01.920  1.48839000E-04  8.67510000E-05 -4.99068000E-04
2001-12-25T16:23:02.916  1.10617700E-03  1.33682400E-03  3.94184000E-04
2001-12-25T16:23:03.920  6.43530000E-04  1.14291900E-03  1.96804000E-04
2001-12-25T16:23:04.916 -3.40100000E-05  9.28800000E-04 -1.13945600E-03
2001-12-25T16:23:05.924 -1.10005900E-03  1.16237800E-03  1.08783000E-04
2001-12-25T16:23:06.916 -2.80660000E-05  2.00436700E-03  7.82314000E-04
2001-12-25T16:23:07.916  2.47095000E-04  2.40636600E-03  6.54038000E-04
2001-12-25T16:23:08.920 -7.02228000E-04  9.30169000E-04 -2.73274000E-04
2001-12-25T16:23:09.920 -9.88090000E-05  5.59134000E-04 -7.06870000E-05
2001-12-25T16:23:10.920  1.45120000E-04  2.43010000E-05  4.35580000E-04
2001-12-25T16:23:11.920  7.98649000E-04  7.36677000E-04 -1.91990000E-05
2001-12-25T16:23:12.920  5.99404000E-04  1.60549500E-03  4.74696000E-04
2001-12-25T16:23:13.920  4.30305000E-04  2.25497300E-03 -9.64240000E-05
2001-12-25T16:23:14.916  5.30753000E-04  2.65436900E-03 -7.08895000E-04
2001-12-25T16:23:15.920 -8.33371000E-04  2.74134000E-04  3.24345000E-04
2001-12-25T16:23:16.916 -5.94430000E-04  5.36305000E-04  1.15596500E-03
2001-12-25T16:23:17.920  3.62734000E-04  7.70967000E-04  3.90920000E-04
2001-12-25T16:23:18.920  5.20660000E-05  2.25455400E-03  3.83520000E-04
2001-12-25T16:23:19.920  4.96988000E-04  2.66547800E-03 -9.11130000E-05
2001-12-25T16:23:20.916  1.16589900E-03  2.34642000E-03  1.28604000E-04
2001-12-25T16:23:21.928  8.97490000E-04  1.99218500E-03  5.32498000E-04
2001-12-25T16:23:22.916 -1.58527000E-04  2.23530100E-03  7.14623000E-04
2001-12-25T16:23:23.920 -1.77005000E-04  1.98048700E-03 -1.36383000E-04
2001-12-25T16:23:24.916 -2.87272000E-04  7.51072000E-04  4.07462000E-04
2001-12-25T16:23:25.920 -1.07940200E-03  1.68768900E-03 -2.42331000E-04
2001-12-25T16:23:26.920 -7.34279000E-04  2.05792100E-03  6.25810000E-05
2001-12-25T16:23:27.920 -8.77751000E-04  1.37758800E-03 -2.33973000E-04
2001-12-25T16:23:28.920 -5.63404000E-04  2.58438500E-03 -3.76052000E-04
2001-12-25T16:23:29.920 -2.72781000E-04  1.36968200E-03  7.84395000E-04
2001-12-25T16:23:30.916 -4.08159000E-04  3.35263300E-03  3.22338000E-04
2001-12-25T16:23:31.920 -6.35287000E-04  1.79393200E-03 -6.32264000E-04
2001-12-25T16:23:32.916 -5.05847000E-04  2.02153400E-03 -5.81141000E-04
2001-12-25T16:23:33.920  7.57477000E-04  3.23290600E-03  5.28922000E-04
2001-12-25T16:23:34.916  1.10220700E-03  1.85686400E-03  1.74294000E-04
2001-12-25T16:23:35.920  5.84720000E-04  4.26317200E-03  7.01556000E-04
2001-12-25T16:23:36.916  1.10448600E-03  2.68676400E-03 -3.56823000E-04
2001-12-25T16:23:37.924 -1.04442000E-04  3.20873600E-03  5.92439000E-04
2001-12-25T16:23:38.920 -7.63087000E-04  2.33073600E-03  6.70063000E-04
2001-12-25T16:23:39.916  1.90154000E-04  2.16287500E-03  1.10250000E-04
2001-12-25T16:23:40.916  6.28032000E-04  4.78872900E-03 -8.46537000E-04
2001-12-25T16:23:41.920 -1.36838900E-03  4.41957800E-03 -7.02164000E-04
2001-12-25T16:23:42.920  5.41536000E-04  5.56375600E-03  2.64580000E-04
2001-12-25T16:23:43.924 -1.59032300E-03  4.10935000E-03 -5.05052000E-04
2001-12-25T16:23:44.920  2.83749000E-04  4.74405300E-03 -5.41493000E-04
2001-12-25T16:23:45.920  4.53423000E-04  5.26131300E-03  3.03300000E-04
2001-12-25T16:23:46.916 -1.37629800E-03  4.45248300E-03 -6.69010000E-05
2001-12-25T16:23:47.920 -8.01604000E-04  5.86663100E-03  6.14946000E-04
2001-12-25T16:23:48.920  6.72201000E-04  5.79914900E-03 -1.92723000E-04
2001-12-25T16:23:49.920  1.29887000E-04  7.23207900E-03 -1.52961000E-04
2001-12-25T16:23:50.916  6.08440000E-04  7.25637800E-03 -5.32151000E-04
2001-12-25T16:23:51.920  3.63596000E-04  7.29187300E-03  2.60535000E-04
2001-12-25T16:23:52.916  1.05695100E-03  6.50213500E-03 -3.25158000E-04
2001-12-25T16:23:53.928 -1.09094000E-04  6.94879400E-03  1.78066000E-04
2001-12-25T16:23:54.916 -1.63675000E-03  4.36874200E-03  3.50839000E-04
2001-12-25T16:23:55.916 -4.06525000E-04  4.99023500E-03  1.24520100E-03
2001-12-25T16:23:56.916 -1.39460000E-05  5.77763100E-03  5.87770000E-05
2001-12-25T16:23:57.920 -8.76645000E-04  5.28417500E-03 -4.78668000E-04
2001-12-25T16:23:58.924 -8.71083000E-04  5.09391800E-03 -3.04473000E-04
2001-12-25T16:23:59.920  7.48750000E-04  6.17797300E-03  1.43287800E-03
2001-12-25T16:24:00.920  1.44630000E-05  7.32247800E-03  1.37084000E-04
2001-12-25T16:24:01.920 -1.68777700E-03  7.05522600E-03  9.20620000E-05
2001-12-25T16:24:02.916  7.34469000E-04  9.28090000E-03 -2.69042000E-04
2001-12-25T16:24:03.924 -1.09587800E-03  7.67191300E-03  9.07260000E-05
2001-12-25T16:24:04.916 -2.00350000E-05  9.47960600E-03  1.53990000E-03
2001-12-25T16:24:05.920  3.77338000E-04  9.23328600E-03 -6.49138000E-04
2001-12-25T16:24:06.916 -5.62403000E-04  8.45122600E-03 -5.13830000E-05
2001-12-25T16:24:07.920  1.45801000E-04  1.05216070E-02 -6.41692000E-04
2001-12-25T16:24:08.916  5.68349000E-04  1.05769210E-02  1.88840200E-03
2001-12-25T16:24:09.928  4.68653000E-04  1.09804500E-02  3.50835000E-04
2001-12-25T16:24:10.916  5.81047000E-04  1.14226710E-02 -1.31315000E-04
2001-12-25T16:24:11.916  3.30920000E-04  1.14594870E-02 -3.23767000E-04
2001-12-25T16:24:12.916  3.67569000E-04  1.12542180E-02  3.94246000E-04
2001-12-25T16:24:13.924 -6.99176000E-04  1.15132390E-02  9.34160000E-04
2001-12-25T16:24:14.920 -1.14063700E-03  1.07836490E-02  8.36114000E-04
2001-12-25T16:24:15.920  8.03913000E-04  1.24696690E-02 -3.06224000E-04
2001-12-25T16:24:16.920  8.77302000E-04  1.27558720E-02  1.36296700E-03
2001-12-25T16:24:17.920 -8.33001000E-04  1.15581140E-02  1.67252200E-03
2001-12-25T16:24:18.920 -2.56040000E-05  1.26795770E-02  1.15390500E-03
2001-12-25T16:24:19.920  7.62583000E-04  1.28855940E-02  1.60194400E-03
2001-12-25T16:24:20.916 -2.89937000E-04  1.16542490E-02 -3.07016000E-04
2001-12-25T16:24:21.920  2.07165000E-04  1.25483020E-02  5.01907000E-04
2001-12-25T16:24:22.916  5.69428000E-04  1.30194970E-02  4.12601000E-04
2001-12-25T16:24:23.920 -1.17148600E-03  1.16295180E-02  8.15697000E-04
2001-12-25T16:24:24.916  7.99280000E-04  1.39763940E-02 -1.88678000E-04
2001-12-25T16:24:25.928 -1.01888100E-03  1.21528520E-02  3.35210000E-05
2001-12-25T16:24:26.916  8.96618000E-04  1.41258450E-02  1.18658800E-03
2001-12-25T16:24:27.916 -1.12110200E-03  1.25877960E-02 -3.57458000E-04
2001-12-25T16:24:28.920  5.58681000E-04  1.40976270E-02 -2.42244000E-04
2001-12-25T16:24:29.920 -6.36670000E-05  1.31203350E-02 -2.16499000E-04
2001-12-25T16:24:30.920 -1.68349300E-03  1.32717010E-02  1.24011700E-03
2001-12-25T16:24:31.920 -4.18573000E-04  1.49343000E-02  1.15766400E-03
2001-12-25T16:24:32.920  8.42789000E-04  1.53505120E-02  3.76080000E-04
2001-12-25T16:24:33.920  3.27522000E-04  1.53469420E-02 -3.72435000E-04
2001-12-25T16:24:34.916 -1.62625900E-03  1.33947950E-02  3.04415000E-04
2001-12-25T16:24:35.920 -1.49639300E-03  1.43720040E-02  4.89861000E-04
2001-12-25T16:24:36.916 -9.27936000E-04  1.45406380E-02 -2.64360000E-05
2001-12-25T16:24:37.920 -4.37987000E-04  1.47387590E-02 -1.55826700E-03
2001-12-25T16:24:38.920 -3.41460000E-04  1.53481170E-02  5.20472000E-04
2001-12-25T16:24:39.920  2.14171000E-04  1.52429110E-02  1.57030600E-03
2001-12-25T16:24:40.916  1.16370000E-05  1.53189400E-02  5.48471000E-04
2001-12-25T16:24:41.924  2.08782000E-04  1.56936760E-02  5.56176000E-04
2001-12-25T16:24:42.916 -1.72119300E-03  1.52773410E-02  1.74872000E-04
2001-12-25T16:24:43.920 -7.90759000E-04  1.63946970E-02  4.72948000E-04
2001-12-25T16:24:44.916  7.13977000E-04  1.70107000E-02  2.59736000E-04
2001-12-25T16:24:45.920  9.93100000E-06  1.67627000E-02 -1.99337000E-04
2001-12-25T16:24:46.920 -1.92933500E-03  1.60060560E-02  5.09703000E-04
2001-12-25T16:24:47.920 -2.59692000E-04  1.69213940E-02  4.07922000E-04
2001-12-25T16:24:48.920 -9.85860000E-05  1.78485680E-02  1.92258000E-03
2001-12-25T16:24:49.920 -1.33865800E-03  1.63758340E-02 -1.93790000E-05
2001-12-25T16:24:50.916  4.16571000E-04  1.80251620E-02  1.75263000E-04
2001-12-25T16:24:51.920 -2.18067700E-03  1.61538810E-02  5.40989000E-04
2001-12-25T16:24:52.916  3.99788000E-04  1.80233470E-02  1.33443600E-03
2001-12-25T16:24:53.920 -1.69447700E-03  1.61525740E-02  8.36494000E-04
2001-12-25T16:24:54.916  4.71227000E-04  1.70266960E-02  1.46700000E-06
2001-12-25T16:24:55.920 -4.31280000E-05  1.70383080E-02  5.81073000E-04
2001-12-25T16:24:56.916 -1.64128400E-03  1.50261870E-02  5.02223000E-04
2001-12-25T16:24:57.924  1.60257000E-04  1.71297140E-02 -3.65373000E-04
2001-12-25T16:24:58.920  1.87086000E-04  1.72216990E-02 -3.44695000E-04
2001-12-25T16:24:59.916  1.04917100E-03  1.49464250E-02 -3.19280000E-05
2001-12-25T16:25:00.916 -1.47094600E-03  1.17448150E-02  3.73497000E-04
2001-12-25T16:25:01.920  2.76655000E-04  1.31722430E-02  4.58386000E-04
2001-12-25T16:25:02.920 -1.27829600E-03  1.29511010E-02 -9.76754000E-04
2001-12-25T16:25:03.924 -1.44731800E-03  1.32520350E-02 -3.69510000E-05
2001-12-25T16:25:04.920  6.81690000E-05  1.32239560E-02  3.34456000E-04
2001-12-25T16:25:05.920  1.39983500E-03  1.66977550E-02  7.16297000E-04
2001-12-25T16:25:06.916  5.26205000E-04  1.73222980E-02  3.44120000E-04
2001-12-25T16:25:07.920 -4.16730000E-05  1.55768880E-02 -3.85588000E-04
2001-12-25T16:25:08.920 -1.49902400E-03  1.55408840E-02  1.77387000E-04
2001-12-25T16:25:09.920 -4.69640000E-04  1.60842330E-02 -1.20425000E-04
2001-12-25T16:25:10.916 -8.51450000E-05  1.73593820E-02 -2.88760000E-05
2001-12-25T16:25:11.920 -8.95456000E-04  1.68654120E-02 -3.27965000E-04
2001-12-25T16:25:12.916 -1.04004200E-03  1.66268830E-02  2.87591000E-04
2001-12-25T16:25:13.928  6.99245000E-04  1.74386580E-02 -8.85020000E-05
2001-12-25T16:25:14.916 -2.20358000E-04  1.67470670E-02 -5.32287000E-04
2001-12-25T16:25:15.916 -7.86078000E-04  1.59278850E-02  8.06400000E-05
2001-12-25T16:25:16.916 -1.07182500E-03  1.48573380E-02  1.67580000E-03
2001-12-25T16:25:17.920  8.87321000E-04  1.74094920E-02  5.21741000E-04
2001-12-25T16:25:18.924 -1.95540000E-05  1.77791100E-02  8.63919000E-04
2001-12-25T16:25:19.920 -1.96750100E-03  1.58631990E-02 -1.85533000E-04
2001-12-25T16:25:20.920 -2.23020000E-05  1.74340230E-02  1.00010700E-03
2001-12-25T16:25:21.920 -6.21846000E-04  1.73873360E-02  7.36450000E-05
2001-12-25T16:25:22.916 -1.63009200E-03  1.57332160E-02  1.24991800E-03
2001-12-25T16:25:23.924  2.68846000E-04  1.77355130E-02  6.65809000E-04
2001-12-25T16:25:24.916  4.48544000E-04  1.66742020E-02  1.29160000E-05
2001-12-25T16:25:25.920 -1.22145100E-03  1.56958440E-02 -3.59442000E-04
2001-12-25T16:25:26.916 -1.89570600E-03  1.48383330E-02  6.81926000E-04
2001-12-25T16:25:27.920 -1.99795100E-03  1.35583140E-02  1.60484000E-04
2001-12-25T16:25:28.916 -2.20960200E-03  1.39757660E-02  1.46375000E-04
2001-12-25T16:25:29.928 -1.26563300E-03  1.42476590E-02 -4.97064000E-04
2001-12-25T16:25:30.916 -1.47854000E-04  1.47315770E-02  8.59607000E-04
2001-12-25T16:25:31.916  8.29230000E-04  1.50316310E-02  9.27235000E-04
2001-12-25T16:25:32.916 -5.96500000E-05  1.37881980E-02  3.79610000E-05
2001-12-25T16:25:33.924 -5.38500000E-04  1.28013550E-02 -9.86242000E-04
2001-12-25T16:25:34.920 -2.84673000E-04  1.40683760E-02  4.76306000E-04
2001-12-25T16:25:35.920 -1.55979000E-04  1.47536400E-02  2.19208000E-04
2001-12-25T16:25:36.920  8.20120000E-05  1.46559250E-02 -9.10502000E-04
2001-12-25T16:25:37.920  2.79926000E-04  1.53482010E-02  1.92703000E-04
2001-12-25T16:25:38.920  3.72298000E-04  1.48946150E-02  3.26610000E-05
2001-12-25T16:25:39.920  9.98434000E-04  1.48690490E-02  6.21834000E-04
2001-12-25T16:25:40.916 -1.53386300E-03  1.26053310E-02 -6.66639000E-04
2001-12-25T16:25:41.920 -1.48746900E-03  1.44720240E-02 -6.11710000E-05
2001-12-25T16:25:42.916  8.31881000E-04  1.73106210E-02  1.27165700E-03
2001-12-25T16:25:43.920  1.33804000E-04  1.63464450E-02  1.41282500E-03
2001-12-25T16:25:44.916 -6.39736000E-04  1.64703170E-02  1.46439800E-03
2001-12-25T16:25:45.924 -9.04624000E-04  1.45247900E-02 -1.36414000E-04
2001-12-25T16:25:46.916 -1.20940600E-03  1.12261870E-02  1.10173600E-03
2001-12-25T16:25:47.916  9.34917000E-04  1.20568980E-02  1.81942000E-04
2001-12-25T16:25:48.920  1.53867100E-03  1.17588420E-02  6.53937000E-04
2001-12-25T16:25:49.920  7.66772000E-04  1.16165760E-02 -4.73016000E-04
2001-12-25T16:25:50.920  4.37560000E-05  1.20701630E-02  7.44637000E-04
2001-12-25T16:25:51.920  4.70338000E-04  1.43867280E-02  1.30822100E-03
2001-12-25T16:25:52.920 -6.70496000E-04  1.15031570E-02  1.32956600E-03
2001-12-25T16:25:53.920  1.84707000E-04  1.26433200E-02 -4.01514000E-04
2001-12-25T16:25:54.916  1.82254000E-04  1.28185770E-02  5.38613000E-04
2001-12-25T16:25:55.920 -1.22493000E-03  1.17579570E-02  8.41636000E-04
2001-12-25T16:25:56.916 -2.01383900E-03  1.01206610E-02  4.97198000E-04
2001-12-25T16:25:57.920 -2.01820000E-05  1.44810810E-02  5.88255000E-04
2001-12-25T16:25:58.920 -1.07537200E-03  1.23029590E-02 -1.81755000E-04
2001-12-25T16:25:59.920  5.01019000E-04  1.32856970E-02  9.18463000E-04
2001-12-25T16:26:00.916  8.06035000E-04  1.66465290E-02  5.41429000E-04
2001-12-25T16:26:01.928 -1.22690000E-05  1.74092930E-02  3.81287000E-04
2001-12-25T16:26:02.920 -2.25950200E-03  1.73828790E-02 -1.01484000E-04
2001-12-25T16:26:03.920 -1.59913300E-03  1.78366080E-02  1.01918100E-03
2001-12-25T16:26:04.916 -2.48952000E-04  1.86443310E-02  5.75187000E-04
2001-12-25T16:26:05.920 -2.96530000E-04  1.91662140E-02 -1.06861800E-03
2001-12-25T16:26:06.920 -1.27669800E-03  1.77925020E-02  6.79260000E-05
2001-12-25T16:26:07.920 -2.11673000E-04  1.90556070E-02  7.02367000E-04
2001-12-25T16:26:08.920  8.40967000E-04  2.09969600E-02  3.41570000E-05
2001-12-25T16:26:09.920 -3.85100000E-06  2.00773940E-02 -1.75138000E-04
2001-12-25T16:26:10.916 -1.30468500E-03  1.94389760E-02  3.64384000E-04
2001-12-25T16:26:11.920 -9.26557000E-04  2.00042820E-02 -1.92033000E-04
2001-12-25T16:26:12.916 -7.11611000E-04  1.98040180E-02  6.54869000E-04
2001-12-25T16:26:13.924 -1.33606000E-04  1.95329540E-02  1.90024200E-03
2001-12-25T16:26:14.916 -4.93735000E-04  1.99222420E-02  3.05409000E-04
2001-12-25T16:26:15.920 -4.29016000E-04  1.99147690E-02 -5.01611000E-04
2001-12-25T16:26:16.916 -4.35084000E-04  1.98902750E-02  2.93727000E-04
2001-12-25T16:26:17.924 -1.08653000E-04  1.94591820E-02 -2.36974000E-04
2001-12-25T16:26:18.920 -1.74426000E-04  1.96503750E-02  1.14596400E-03
2001-12-25T16:26:19.916 -2.67271000E-04  1.98086760E-02 -1.36667800E-03
2001-12-25T16:26:20.916 -2.98422000E-04  1.94250440E-02  7.79014000E-04
2001-12-25T16:26:21.920 -6.35080000E-05  1.94066890E-02  1.56854000E-04
2001-12-25T16:26:22.920  4.76540000E-05  1.98680890E-02 -4.66684000E-04
2001-12-25T16:26:23.924 -7.36310000E-05  1.89081360E-02 -6.44040000E-04
2001-12-25T16:26:24.920 -4.64833000E-04  1.77839490E-02  7.78792000E-04
2001-12-25T16:26:25.920 -3.28381000E-04  1.81361360E-02  6.74119000E-04
2001-12-25T16:26:26.916  1.08827700E-03  1.78732220E-02  1.07865000E-04
2001-12-25T16:26:27.920 -3.96531000E-04  1.65255000E-02 -7.54265000E-04
2001-12-25T16:26:28.920  2.05264000E-04  1.84403320E-02 -1.48481000E-04
2001-12-25T16:26:29.920 -7.29252000E-04  1.65946200E-02  6.66615000E-04
2001-12-25T16:26:30.920 -5.69472000E-04  1.80513860E-02  2.60407000E-04
2001-12-25T16:26:31.920  1.10922000E-04  1.86307210E-02  3.63849000E-04
2001-12-25T16:26:32.916 -1.63461900E-03  1.65895610E-02  2.37611000E-04
2001-12-25T16:26:33.928 -2.64793000E-04  1.84647830E-02  3.98656000E-04
2001-12-25T16:26:34.916  1.76238000E-04  1.90292260E-02  6.07703000E-04
2001-12-25T16:26:35.920 -1.25444900E-03  1.76300430E-02  6.66117000E-04
2001-12-25T16:26:36.916  2.84750000E-05  1.77955460E-02  6.74084000E-04
2001-12-25T16:26:37.920  2.04124000E-04  1.89774130E-02  7.93200000E-06
2001-12-25T16:26:38.924 -4.09204000E-04  1.77211410E-02  5.29299000E-04
2001-12-25T16:26:39.920  2.50881000E-04  1.80495850E-02  8.58803000E-04
2001-12-25T16:26:40.920 -4.11410000E-05  1.78131330E-02 -4.01398000E-04
2001-12-25T16:26:41.920 -1.64550200E-03  1.67145260E-02 -6.80611000E-04
2001-12-25T16:26:42.916  2.68289000E-04  1.82348810E-02  7.47080000E-04
2001-12-25T16:26:43.924 -2.73115200E-03  1.65122670E-02  4.13258000E-04
2001-12-25T16:26:44.916 -1.25346000E-04  1.80508270E-02  1.59783000E-04
2001-12-25T16:26:45.920 -5.43088000E-04  1.86970010E-02 -5.02717000E-04
2001-12-25T16:26:46.920 -1.36072900E-03  1.78743600E-02 -7.78037000E-04
2001-12-25T16:26:47.920 -1.44340000E-05  1.87383010E-02 -1.27200000E-06
2001-12-25T16:26:48.916 -5.39402000E-04  1.73582360E-02  1.06914500E-03
2001-12-25T16:26:49.924 -1.41414000E-04  1.79814850E-02  4.02600000E-04
2001-12-25T16:26:50.916 -7.22552000E-04  1.59513880E-02 -6.58093000E-04
2001-12-25T16:26:51.916 -9.03454000E-04  1.60119700E-02  2.86824000E-04
2001-12-25T16:26:52.916  3.79958000E-04  1.63131100E-02  1.26195600E-03
2001-12-25T16:26:53.924  1.17776500E-03  1.63565320E-02  9.70269000E-04
2001-12-25T16:26:54.924  4.80821000E-04  1.64124540E-02  8.94880000E-05
2001-12-25T16:26:55.920  1.80952000E-04  1.60069560E-02  8.23842000E-04
2001-12-25T16:26:56.920  6.08944000E-04  1.56356540E-02  1.39335600E-03
2001-12-25T16:26:57.920  7.60729000E-04  1.53345210E-02  9.03662000E-04
2001-12-25T16:26:58.920  1.14831000E-03  1.51914740E-02  5.35163000E-04
2001-12-25T16:26:59.920 -1.27772000E-03  1.28634460E-02 -3.96556000E-04
2001-12-25T16:27:00.916 -2.56295000E-04  1.30342140E-02  3.44377000E-04
2001-12-25T16:27:01.920  1.10870600E-03  1.42826450E-02  1.10552500E-03
2001-12-25T16:27:02.916 -1.70279700E-03  1.20773430E-02  3.74930000E-04
2001-12-25T16:27:03.920  1.10310400E-03  1.31930440E-02  4.23619000E-04
2001-12-25T16:27:04.916 -1.13728200E-03  1.20890350E-02 -1.11693300E-03
2001-12-25T16:27:05.924  5.48070000E-04  1.34969820E-02 -1.40541000E-04
2001-12-25T16:27:06.916 -8.83530000E-05  1.23401790E-02  1.48862100E-03
2001-12-25T16:27:07.916 -1.48175200E-03  1.07190720E-02  2.73030000E-05
2001-12-25T16:27:08.920 -1.63518000E-04  1.13104270E-02 -8.98300000E-06
2001-12-25T16:27:09.920  9.58917000E-04  1.17501650E-02  3.22875000E-04
2001-12-25T16:27:10.920  1.28607700E-03  1.15614170E-02 -4.38040000E-05
2001-12-25T16:27:11.920  1.00446300E-03  1.17180750E-02 -9.48630000E-05
2001-12-25T16:27:12.920 -9.22197000E-04  9.94039300E-03 -1.08578200E-03
2001-12-25T16:27:13.920 -1.20464900E-03  9.07521500E-03 -1.60046000E-04
2001-12-25T16:27:14.916  6.46834000E-04  9.41995700E-03 -1.05923000E-04
2001-12-25T16:27:15.920 -7.92180000E-05  1.01596120E-02  6.24839000E-04
2001-12-25T16:27:16.916 -1.12226700E-03  8.23754000E-03 -4.69300000E-04
2001-12-25T16:27:17.920  1.35851000E-04  8.96799500E-03 -9.74145000E-04
2001-12-25T16:27:18.920  1.07000500E-03  1.02956790E-02 -1.89418000E-04
2001-12-25T16:27:19.920 -9.04802000E-04  8.56974100E-03  1.73764000E-04
2001-12-25T16:27:20.916  9.37849000E-04  9.24039400E-03  1.04616800E-03
2001-12-25T16:27:21.924 -4.17644000E-04  8.84140000E-03 -7.00609000E-04
2001-12-25T16:27:22.916 -7.22481000E-04  9.07029800E-03 -4.37630000E-05
2001-12-25T16:27:23.920  8.29718000E-04  9.95864500E-03  5.68426000E-04
2001-12-25T16:27:24.916 -9.90055000E-04  8.18209900E-03 -3.81165000E-04
2001-12-25T16:27:25.920  3.42553000E-04  9.44463900E-03 -1.35987400E-03
2001-12-25T16:27:26.920 -3.18827000E-04  8.94975800E-03 -6.45200000E-05
2001-12-25T16:27:27.920 -5.41907000E-04  8.83055200E-03  6.19875000E-04
2001-12-25T16:27:28.920  1.41038700E-03  8.98126600E-03  3.82277000E-04
2001-12-25T16:27:29.920 -1.62136000E-04  8.14893400E-03 -8.81473000E-04
2001-12-25T16:27:30.916  7.42684000E-04  1.01036690E-02 -2.09497000E-04
2001-12-25T16:27:31.920 -7.93415000E-04  8.63295200E-03  1.42075400E-03
2001-12-25T16:27:32.916 -1.98940200E-03  7.81110500E-03  5.58031000E-04
2001-12-25T16:27:33.920  9.15641000E-04  8.41676500E-03  1.04973100E-03
2001-12-25T16:27:34.916 -1.38890700E-03  6.67487400E-03 -8.13413000E-04
2001-12-25T16:27:35.920  9.91373000E-04  9.23115700E-03  1.21785900E-03
2001-12-25T16:27:36.916 -5.44671000E-04  7.71859400E-03  3.01487000E-04
2001-12-25T16:27:37.924 -1.27403600E-03  7.94740700E-03  5.04353000E-04
2001-12-25T16:27:38.920 -6.55270000E-05  9.18242900E-03 -9.29297000E-04
2001-12-25T16:27:39.916 -1.42922300E-03  7.48407900E-03 -6.03603000E-04
2001-12-25T16:27:40.916  7.96418000E-04  9.10956200E-03  4.08643000E-04
2001-12-25T16:27:41.920 -8.91295000E-04  7.71640000E-03  7.07683000E-04
2001-12-25T16:27:42.920  1.69980000E-05  8.46000400E-03 -5.78169000E-04
2001-12-25T16:27:43.924  9.30309000E-04  7.89296700E-03 -1.81962000E-04
2001-12-25T16:27:44.920 -7.41947000E-04  7.14011200E-03  3.51053000E-04
2001-12-25T16:27:45.920 -6.75704000E-04  7.50143000E-03  2.46834000E-04
2001-12-25T16:27:46.916  1.00103000E-03  8.38533000E-03 -1.85618000E-04
2001-12-25T16:27:47.920  2.54260000E-05  7.34157600E-03  2.47800000E-06
2001-12-25T16:27:48.916 -1.84442200E-03  7.30690000E-03 -2.17633000E-04
2001-12-25T16:27:49.920 -4.65153000E-04  7.18389000E-03  6.59556000E-04
2001-12-25T16:27:50.916  9.43624000E-04  8.20354400E-03  8.62805000E-04
2001-12-25T16:27:51.920  4.00280000E-05  8.09198200E-03  6.37532000E-04
2001-12-25T16:27:52.916 -1.79984000E-04  7.06557200E-03 -2.52081000E-04
2001-12-25T16:27:53.927 -3.57510000E-04  6.83089700E-03 -3.66586000E-04
2001-12-25T16:27:54.916 -7.27970000E-05  5.69991200E-03  5.26530000E-05
2001-12-25T16:27:55.916 -4.89014000E-04  6.38033100E-03 -4.87651000E-04
2001-12-25T16:27:56.916  2.79881000E-04  5.30679200E-03  3.58264000E-04
2001-12-25T16:27:57.920 -3.44618000E-04  6.46212300E-03  2.64330000E-04
2001-12-25T16:27:58.923  6.46769000E-04  6.13824700E-03  5.15191000E-04
2001-12-25T16:27:59.920  8.46790000E-04  6.19496400E-03  5.55780000E-04
2001-12-25T16:28:00.920  3.11090000E-05  6.35703200E-03 -7.73225000E-04
2001-12-25T16:28:01.920 -4.83021000E-04  4.84376400E-03 -3.94191000E-04
2001-12-25T16:28:02.916 -6.95198000E-04  4.51019500E-03 -3.68230000E-04
2001-12-25T16:28:03.923 -8.43150000E-05  5.76283100E-03  7.75500000E-04
2001-12-25T16:28:04.916  4.33326000E-04  6.56927800E-03  9.71248000E-04
2001-12-25T16:28:05.920  5.53228000E-04  5.65499300E-03  1.75895000E-04
2001-12-25T16:28:06.916 -8.01866000E-04  4.30909400E-03 -2.38434000E-04
2001-12-25T16:28:07.920 -5.38452000E-04  4.74342400E-03 -4.78710000E-04
2001-12-25T16:28:08.916  6.58291000E-04  5.93671000E-03  1.64691000E-04
2001-12-25T16:28:09.931  5.83000000E-06  5.12423400E-03  1.25172500E-03
2001-12-25T16:28:10.916 -3.54169000E-04  3.73514100E-03  9.83600000E-05
2001-12-25T16:28:11.916  1.40811400E-03  4.99175300E-03  2.92034000E-04
2001-12-25T16:28:12.916  9.58380000E-05  4.20808000E-03 -3.79917000E-04
2001-12-25T16:28:13.923  5.51907000E-04  3.58189900E-03  5.53767000E-04
2001-12-25T16:28:14.920  9.38917000E-04  4.30333900E-03  4.73701000E-04
2001-12-25T16:28:15.920 -2.15637000E-04  3.50392600E-03 -1.13681400E-03
2001-12-25T16:28:16.920  6.00123000E-04  4.74826400E-03  1.01539000E-03
2001-12-25T16:28:17.920 -4.01019000E-04  3.76614900E-03  2.56699000E-04
2001-12-25T16:28:18.920  9.83453000E-04  5.26539700E-03  3.89878000E-04
2001-12-25T16:28:19.920 -8.26367000E-04  4.65438400E-03  2.17568000E-04
2001-12-25T16:28:20.916 -4.86399000E-04  4.17556900E-03 -4.70207000E-04
2001-12-25T16:28:21.920  2.28879000E-04  4.54291000E-03 -2.79896000E-04
2001-12-25T16:28:22.916 -1.15811700E-03  2.64622100E-03 -3.71086000E-04
2001-12-25T16:28:23.920  1.37512600E-03  4.47864600E-03 -3.47843000E-04
2001-12-25T16:28:24.916 -4.35734000E-04  2.53304100E-03 -1.30346000E-04
2001-12-25T16:28:25.923  5.00906000E-04  4.24584300E-03  7.05423000E-04
2001-12-25T16:28:26.916 -7.22609000E-04  4.16211500E-03 -2.81257000E-04
2001-12-25T16:28:27.916 -1.16611100E-03  3.56993500E-03 -6.98726000E-04
2001-12-25T16:28:28.920 -3.95170000E-04  4.99014800E-03 -2.00921000E-04
2001-12-25T16:28:29.920 -1.21898500E-03  3.87939300E-03 -7.85714000E-04
2001-12-25T16:28:30.920  4.84218000E-04  5.48522000E-03  2.75365000E-04
2001-12-25T16:28:31.920 -1.13321500E-03  4.05972600E-03  9.08364000E-04
2001-12-25T16:28:32.920 -6.08010000E-05  2.29600200E-03  4.23585000E-04
2001-12-25T16:28:33.920  1.17531200E-03  3.86769700E-03  4.27187000E-04
2001-12-25T16:28:34.916 -6.84048000E-04  2.80348300E-03  8.55549000E-04
2001-12-25T16:28:35.920 -9.75890000E-04  3.67722700E-03  3.35211000E-04
2001-12-25T16:28:36.916  1.10570000E-05  4.56851100E-03  9.78081000E-04
2001-12-25T16:28:37.920 -1.49682700E-03  3.28835900E-03  3.55014000E-04
2001-12-25T16:28:38.920  6.09840000E-04  3.51954600E-03  1.07517700E-03
2001-12-25T16:28:39.920  6.67874000E-04  3.60815300E-03 -5.84520000E-05
2001-12-25T16:28:40.916 -1.61182400E-03  3.80090100E-03 -2.68178000E-04
2001-12-25T16:28:41.923 -1.02021800E-03  2.18181300E-03 -3.50060000E-04
2001-12-25T16:28:42.916  3.06082000E-04  3.08405400E-03  5.00124000E-04
2001-12-25T16:28:43.920  3.01480000E-04  4.32352200E-03  1.24767200E-03
2001-12-25T16:28:44.916 -3.04751000E-04  3.84458000E-03  2.04868000E-04
2001-12-25T16:28:45.920 -4.31750000E-04  2.58209600E-03  3.35667000E-04
2001-12-25T16:28:46.920 -1.23741000E-03  2.30045800E-03  5.16086000E-04
2001-12-25T16:28:47.920 -1.15189000E-04  1.67614900E-03 -3.95606000E-04
2001-12-25T16:28:48.920 -7.46375000E-04  2.94061200E-03  8.86077000E-04
2001-12-25T16:28:49.920  1.05006600E-03  2.93525000E-03  8.16438000E-04
2001-12-25T16:28:50.916  5.84326000E-04  3.62562700E-03 -7.05125000E-04
2001-12-25T16:28:51.920  6.34709000E-04  3.09140400E-03  2.23320000E-05
2001-12-25T16:28:52.916  1.85720000E-04  2.95482900E-03 -4.22480000E-05
2001-12-25T16:28:53.920  9.21930000E-05  2.77890800E-03 -2.90836000E-04
2001-12-25T16:28:54.916 -1.61097000E-04  2.89968300E-03 -3.97015000E-04
2001-12-25T16:28:55.920  9.05936000E-04  1.78967200E-03  2.58550000E-04
2001-12-25T16:28:56.916  5.71216000E-04  2.36504200E-03 -4.56798000E-04
2001-12-25T16:28:57.923  4.57500000E-05  3.22012700E-03  1.03912900E-03
2001-12-25T16:28:58.920  1.20976700E-03  2.38899500E-03  9.90459000E-04
2001-12-25T16:28:59.916  6.78679000E-04  3.67466800E-03 -1.70367000E-04
2001-12-25T16:29:00.916  8.22829000E-04  2.99949300E-03 -3.25445000E-04
2001-12-25T16:29:01.920  1.09415800E-03  1.99383700E-03 -6.92911000E-04
2001-12-25T16:29:02.920  4.32769000E-04  3.28242000E-03 -1.11330000E-05
2001-12-25T16:29:03.923  1.23897300E-03  2.35054700E-03  1.14632600E-03
2001-12-25T16:29:04.920  8.39728000E-04  2.64667900E-03  1.20938400E-03
2001-12-25T16:29:05.920  7.40850000E-05  2.56519600E-03  6.06102000E-04
2001-12-25T16:29:06.916  5.42866000E-04  1.36964500E-03 -3.72321000E-04
2001-12-25T16:29:07.919  5.44320000E-05  2.25080100E-03  2.00913000E-04
2001-12-25T16:29:08.916 -5.54546000E-04  1.72808100E-03 -3.36370000E-05
2001-12-25T16:29:09.919 -4.25448000E-04  1.42325600E-03 -3.58111000E-04
2001-12-25T16:29:10.916 -1.07030200E-03  5.10319000E-04 -4.97429000E-04
2001-12-25T16:29:11.919 -9.20370000E-04  1.17008800E-03  3.40006000E-04
2001-12-25T16:29:12.916 -3.11946000E-04  1.87038900E-03  5.34655000E-04
2001-12-25T16:29:13.927  9.70501000E-04  1.62507900E-03 -3.35614000E-04
2001-12-25T16:29:14.916  1.56320900E-03  1.70315500E-03 -5.39242000E-04
2001-12-25T16:29:15.916  7.99360000E-05  1.62200900E-03 -1.43788900E-03
2001-12-25T16:29:16.916 -1.09014500E-03  1.38679200E-03  2.18330000E-04
2001-12-25T16:29:17.919 -1.14209400E-03  1.41705300E-03  1.37322100E-03
2001-12-25T16:29:18.923  4.34032000E-04  1.19853500E-03 -1.05916000E-04
2001-12-25T16:29:19.919  8.98748000E-04  1.45293200E-03 -1.27688600E-03
2001-12-25T16:29:20.919  1.13427300E-03  1.19376400E-03 -2.93812000E-04
2001-12-25T16:29:21.919 -2.69672000E-04  1.04989300E-03 -3.97830000E-05
2001-12-25T16:29:22.916 -1.32365400E-03  1.17798200E-03  4.26497000E-04
2001-12-25T16:29:23.923 -7.02079000E-04  1.02838900E-03  1.74903000E-04
2001-12-25T16:29:24.916  1.03553000E-04  7.38348000E-04 -4.86098000E-04
2001-12-25T16:29:25.919  8.53310000E-04  1.13786200E-03  3.47889000E-04
2001-12-25T16:29:26.916  5.72898000E-04  1.91782600E-03 -1.68108000E-04
2001-12-25T16:29:27.919  9.45470000E-05  2.26215800E-03 -8.05830000E-04
2001-12-25T16:29:28.916 -6.60096000E-04  1.21908600E-03  2.02739000E-04
2001-12-25T16:29:29.923 -4.09370000E-04  7.61701000E-04 -1.34498500E-03
2001-12-25T16:29:30.916  2.02704000E-04  9.25006000E-04  3.35000000E-07
2001-12-25T16:29:31.916  7.39542000E-04  1.58642000E-03 -6.24326000E-04
2001-12-25T16:29:32.916  3.15678000E-04  1.18605400E-03  2.23717000E-04
2001-12-25T16:29:33.923 -1.37308000E-03  8.37156000E-04 -6.91824000E-04
2001-12-25T16:29:34.919 -1.46014800E-03  1.17478300E-03  4.14399000E-04
2001-12-25T16:29:35.919  1.42513000E-04  1.35219500E-03  1.34085000E-04
2001-12-25T16:29:36.919 -2.55180000E-05  2.12566200E-03  4.63230000E-04
2001-12-25T16:29:37.919 -1.03250900E-03  1.18471600E-03  2.88945000E-04
2001-12-25T16:29:38.919 -1.11194300E-03  8.89081000E-04  6.57231000E-04
2001-12-25T16:29:39.919  5.41045000E-04  1.39627700E-03  8.00024000E-04
2001-12-25T16:29:40.916 -4.88520000E-04  6.67789000E-04 -1.39484000E-04
2001-12-25T16:29:41.919 -8.31726000E-04 -3.56328000E-04  8.14803000E-04
2001-12-25T16:29:42.916  7.33297000E-04  1.04562900E-03 -4.38070000E-05
2001-12-25T16:29:43.919  7.57814000E-04  9.66401000E-04 -2.80728000E-04
2001-12-25T16:29:44.916 -9.41360000E-04 -4.87930000E-04 -3.36830000E-05
2001-12-25T16:29:45.923  5.30033000E-04  6.14362000E-04 -1.08133000E-04
2001-12-25T16:29:46.916  1.49317500E-03  9.61664000E-04  1.98194000E-04
2001-12-25T16:29:47.916 -3.39896000E-04 -1.91631000E-04 -3.95281000E-04
2001-12-25T16:29:48.919 -1.95164000E-04  8.76786000E-04  6.93710000E-05
2001-12-25T16:29:49.919  1.55036900E-03  1.35448400E-03  1.34020000E-04
2001-12-25T16:29:50.919  9.90610000E-05  4.58995000E-04  9.27120000E-05
2001-12-25T16:29:51.919  3.11700000E-06  5.26350000E-04  3.81072000E-04
2001-12-25T16:29:52.919  9.35701000E-04  1.32689100E-03 -1.13381000E-04
2001-12-25T16:29:53.919 -1.23967500E-03 -3.60260000E-05  5.12741000E-04
2001-12-25T16:29:54.916  1.52430000E-05  1.02162900E-03  2.61817000E-04
2001-12-25T16:29:55.919 -1.69202000E-04  1.21212800E-03  2.90662000E-04
2001-12-25T16:29:56.916 -1.44804500E-03  7.61501000E-04  2.46331000E-04
2001-12-25T16:29:57.919 -1.19593000E-04  1.72198600E-03 -4.68810000E-04
2001-12-25T16:29:58.919  8.65956000E-04  1.07764500E-03 -8.34458000E-04
2001-12-25T16:29:59.919 -1.18224900E-03  5.29232000E-04  9.52215000E-04
2001-12-25T16:30:00.916  7.54960000E-04  6.39846000E-04  6.46036000E-04
2001-12-25T16:30:01.923  3.42746000E-04  3.42903000E-04  5.06141000E-04
2001-12-25T16:30:02.916 -5.74290000E-04  5.58135000E-04 -7.33103000E-04
2001-12-25T16:30:03.919  8.50182000E-04  3.09470000E-04 -1.78563000E-04
2001-12-25T16:30:04.916 -4.83430000E-04 -1.11949000E-03  7.95089000E-04
2001-12-25T16:30:05.919  3.26357000E-04  5.13215000E-04  1.10120900E-03
2001-12-25T16:30:06.919 -3.71865000E-04 -6.06742000E-04  1.46235000E-04
2001-12-25T16:30:07.919 -2.85799000E-04  1.24434000E-04 -7.83950000E-04
2001-12-25T16:30:08.919  2.03190000E-05  1.24081900E-03  1.56098000E-04
2001-12-25T16:30:09.919 -1.26264000E-03  3.91208000E-04 -3.30703000E-04
2001-12-25T16:30:10.916  5.42099000E-04  1.09849500E-03  7.56694000E-04
2001-12-25T16:30:11.919 -6.85856000E-04  2.10454000E-04  4.19026000E-04
2001-12-25T16:30:12.916 -6.27765000E-04  3.06667000E-04 -1.03825300E-03
2001-12-25T16:30:13.919  1.45749100E-03  3.72471000E-04  1.51197100E-03
2001-12-25T16:30:14.916 -9.68019000E-04 -8.37731000E-04  2.71724000E-04
2001-12-25T16:30:15.919  5.16829000E-04  4.01579000E-04 -8.31414000E-04
2001-12-25T16:30:16.915  3.87900000E-05  3.25282000E-04 -8.87638000E-04
2001-12-25T16:30:17.923 -7.33305000E-04  9.62800000E-05  6.47151000E-04
2001-12-25T16:30:18.919 -2.63125000E-04  8.68391000E-04  4.49647000E-04
2001-12-25T16:30:19.915 -1.07242700E-03 -5.51270000E-04  2.01467000E-04
2001-12-25T16:30:20.915  6.89714000E-04  9.46526000E-04 -4.78836000E-04
2001-12-25T16:30:21.919  1.17253000E-04 -1.26962900E-03 -2.55809000E-04
2001-12-25T16:30:22.919 -5.03990000E-05 -1.39840000E-04  1.01651000E-04
2001-12-25T16:30:23.923  9.17714000E-04  8.99353000E-04  3.87253000E-04
2001-12-25T16:30:24.915 -1.11843400E-03 -1.83777000E-04  5.84233000E-04
2001-12-25T16:30:25.919  4.18815000E-04  1.42351800E-03 -7.76281000E-04
2001-12-25T16:30:26.915 -1.26890100E-03 -4.26299000E-04 -5.41741000E-04
2001-12-25T16:30:27.919  3.63800000E-04  4.05577000E-04  2.19846000E-04
2001-12-25T16:30:28.915  2.86183000E-04  3.29046000E-04  5.17955000E-04
2001-12-25T16:30:29.919  7.54745000E-04 -7.22267000E-04 -7.00326000E-04
2001-12-25T16:30:30.915  5.26160000E-04  1.08349800E-03 -1.81508800E-03
2001-12-25T16:30:31.919 -1.23588600E-03  1.14480000E-04  2.03492000E-04
2001-12-25T16:30:32.915  3.16607000E-04  1.45599800E-03  2.31607000E-04
2001-12-25T16:30:33.927 -1.06046400E-03 -4.54095000E-04  3.70020000E-05
2001-12-25T16:30:34.915  8.60535000E-04  4.30275000E-04  3.62665000E-04
2001-12-25T16:30:35.915  6.11940000E-05 -7.21514000E-04 -6.55920000E-05
2001-12-25T16:30:36.915  2.63533000E-04 -9.55690000E-05  1.24031100E-03
2001-12-25T16:30:37.919 -2.26943000E-04  5.36002000E-04  5.90724000E-04
2001-12-25T16:30:38.923 -9.43303000E-04  3.59960000E-04 -3.01190000E-05
2001-12-25T16:30:39.919  1.15961600E-03  1.08971800E-03 -4.68153000E-04
2001-12-25T16:30:40.919 -4.60285000E-04 -7.45227000E-04  4.24913000E-04
2001-12-25T16:30:41.919  1.31896300E-03  5.38220000E-04 -1.20365600E-03
2001-12-25T16:30:42.915 -4.48820000E-04 -7.25310000E-04 -1.64800000E-04
2001-12-25T16:30:43.919  3.30597000E-04  6.74903000E-04 -9.42430000E-05
2001-12-25T16:30:44.915 -1.04657400E-03  2.90585000E-04 -4.25267000E-04
2001-12-25T16:30:45.919 -6.39027000E-04  9.70957000E-04  4.58955000E-04
2001-12-25T16:30:46.915 -1.26327000E-04  1.49267000E-04  6.13778000E-04
2001-12-25T16:30:47.919 -3.19775000E-04 -3.80372000E-04  1.70934000E-04
2001-12-25T16:30:48.915  6.32815000E-04  4.65106000E-04  2.85378000E-04
2001-12-25T16:30:49.923 -9.58150000E-04 -2.67971000E-04 -3.78384000E-04
2001-12-25T16:30:50.915  5.29275000E-04  1.68147300E-03  3.55595000E-04
2001-12-25T16:30:51.915 -8.55989000E-04 -6.12147000E-04  1.46571000E-04
2001-12-25T16:30:52.915  8.15249000E-04  6.90082000E-04  4.37521000E-04
2001-12-25T16:30:53.919 -9.60990000E-05 -1.02491600E-03 -7.58057000E-04
2001-12-25T16:30:54.919  5.05693000E-04  6.36190000E-04  5.67865000E-04
2001-12-25T16:30:55.919 -1.08336000E-03 -6.67066000E-04 -3.25308000E-04
2001-12-25T16:30:56.915 -3.54516000E-04  1.12342600E-03  4.14638000E-04
2001-12-25T16:30:57.919 -9.80390000E-05  1.33558000E-04  1.08163000E-04
2001-12-25T16:30:58.919  6.86888000E-04 -4.26129000E-04 -3.13739000E-04
2001-12-25T16:30:59.919  1.92075000E-04 -3.90822000E-04 -2.42485000E-04
2001-12-25T16:31:00.915 -2.65252000E-04 -4.38184000E-04  1.16564600E-03
2001-12-25T16:31:01.919 -2.67562000E-04  7.47656000E-04  9.28289000E-04
2001-12-25T16:31:02.915 -1.00843400E-03  2.21107000E-04  2.53591000E-04
2001-12-25T16:31:03.919  1.15119900E-03  4.56805000E-04 -4.95053000E-04
2001-12-25T16:31:04.915 -4.56651000E-04 -1.34901200E-03 -8.18358000E-04
2001-12-25T16:31:05.923  5.43507000E-04  2.60091000E-04 -2.64125000E-04
2001-12-25T16:31:06.915 -1.41769100E-03 -4.95710000E-04 -1.78700000E-05
2001-12-25T16:31:07.915 -6.65390000E-05  1.83911400E-03 -9.49087000E-04
2001-12-25T16:31:08.919 -1.44435500E-03 -6.56797000E-04 -5.21252000E-04
2001-12-25T16:31:09.919  7.00720000E-04  3.71625000E-04  6.35250000E-05
2001-12-25T16:31:10.919  4.75879000E-04 -1.01144600E-03  8.88212000E-04
2001-12-25T16:31:11.919  6.18929000E-04  2.36554000E-04  9.38509000E-04
2001-12-25T16:31:12.915 -1.26025100E-03 -4.74490000E-05 -6.01815000E-04
2001-12-25T16:31:13.919 -4.00430000E-04  6.44889000E-04  2.90150000E-05
2001-12-25T16:31:14.915 -2.54227000E-04 -3.39725000E-04 -5.28170000E-05
2001-12-25T16:31:15.919  2.05861000E-04 -5.47206000E-04 -2.40966000E-04
2001-12-25T16:31:16.915  6.72614000E-04 -3.37292000E-04 -1.38273000E-04
2001-12-25T16:31:17.919 -3.06055000E-04 -1.11768000E-04  3.41826000E-04
2001-12-25T16:31:18.919 -1.29915000E-04  1.22296600E-03  2.15022000E-04
2001-12-25T16:31:19.919 -8.02186000E-04 -1.28874000E-04  9.51059000E-04
2001-12-25T16:31:20.915  6.29792000E-04  9.06880000E-04  1.01017700E-03
2001-12-25T16:31:21.923 -1.44549000E-04 -1.19117700E-03 -7.33456000E-04
2001-12-25T16:31:22.915  1.07238600E-03  9.31619000E-04  2.65718000E-04
2001-12-25T16:31:23.919 -1.23599800E-03 -5.52782000E-04 -5.82516000E-04
2001-12-25T16:31:24.915  8.19654000E-04  7.99628000E-04 -2.82390000E-05
2001-12-25T16:31:25.919 -1.13677200E-03 -7.60727000E-04  9.72570000E-05
2001-12-25T16:31:26.919  1.16848500E-03  2.71722000E-04 -7.07154000E-04
2001-12-25T16:31:27.919 -5.65017000E-04 -7.99493000E-04  3.41025000E-04
2001-12-25T16:31:28.919  7.19290000E-05  9.66819000E-04  4.02273000E-04
2001-12-25T16:31:29.919 -7.25051000E-04  7.23644000E-04 -4.57144000E-04
2001-12-25T16:31:30.915 -1.17636000E-04  7.89671000E-04 -7.06169000E-04
2001-12-25T16:31:31.919 -4.41178000E-04 -5.57999000E-04 -5.94055000E-04
2001-12-25T16:31:32.915  7.96212000E-04 -6.29398000E-04  5.88999000E-04
2001-12-25T16:31:33.919 -1.89203000E-04 -1.08457000E-04  1.50708000E-04
2001-12-25T16:31:34.915 -1.93199000E-04  3.35272000E-04 -2.80104000E-04
2001-12-25T16:31:35.919  4.34477000E-04  3.11580000E-04  2.70192000E-04
2001-12-25T16:31:36.915 -3.52900000E-05 -3.14617000E-04  4.61389000E-04
2001-12-25T16:31:37.923  8.40561000E-04 -2.77022000E-04 -2.71618000E-04
2001-12-25T16:31:38.919 -3.08784000E-04 -3.99976000E-04 -5.62089000E-04
2001-12-25T16:31:39.915  9.00171000E-04  7.23880000E-04  2.96266000E-04
2001-12-25T16:31:40.915 -8.52763000E-04 -3.16033000E-04 -5.78522000E-04
2001-12-25T16:31:41.919  3.75616000E-04  9.80800000E-04  7.78600000E-05
2001-12-25T16:31:42.919 -5.59805000E-04 -8.80253000E-04  4.66783000E-04
2001-12-25T16:31:43.923  1.31778300E-03  2.03076000E-04 -2.50352000E-04
2001-12-25T16:31:44.915 -1.14500100E-03 -1.14015900E-03 -1.06119500E-03
2001-12-25T16:31:45.919  5.28324000E-04  8.07730000E-04  4.76421000E-04
2001-12-25T16:31:46.915 -1.59581500E-03 -1.76875000E-04  6.71381000E-04
2001-12-25T16:31:47.919  5.61477000E-04  8.36951000E-04 -8.85900000E-06
2001-12-25T16:31:48.915 -6.02835000E-04 -9.90355000E-04 -4.04699000E-04
2001-12-25T16:31:49.919  8.89447000E-04  4.00955000E-04 -8.09900000E-04
2001-12-25T16:31:50.915 -1.31068900E-03 -3.64557000E-04 -4.99990000E-04
2001-12-25T16:31:51.919 -5.55850000E-05  1.10424200E-03  7.14646000E-04
2001-12-25T16:31:52.915 -1.21644900E-03 -2.52754000E-04  4.07125000E-04
2001-12-25T16:31:53.927  3.67376000E-04  6.97466000E-04  4.49221000E-04
2001-12-25T16:31:54.915 -5.73291000E-04 -9.95363000E-04 -5.48394000E-04
2001-12-25T16:31:55.915  4.66983000E-04  1.10645000E-04  2.74700000E-05
2001-12-25T16:31:56.915 -8.28423000E-04 -4.15450000E-05  2.41306000E-04
2001-12-25T16:31:57.919 -1.18703000E-04  3.65597000E-04 -1.20483000E-04
2001-12-25T16:31:58.923  5.59678000E-04 -1.77220000E-05 -5.90010000E-04
2001-12-25T16:31:59.919  1.07510000E-05 -3.46819000E-04 -6.43597000E-04
2001-12-25T16:32:00.915 -2.31695000E-04 -5.23507000E-04  1.67068000E-04
2001-12-25T16:32:01.919 -7.50704000E-04  2.39929000E-04  5.23745000E-04
2001-12-25T16:32:02.915  6.35370000E-05  6.10998000E-04  2.83907000E-04
2001-12-25T16:32:03.919 -6.73009000E-04  5.00270000E-05 -7.80668000E-04
2001-12-25T16:32:04.915  1.12724700E-03 -2.11261000E-04 -1.62059000E-04
2001-12-25T16:32:05.919 -5.24985000E-04 -6.76777000E-04  1.33065000E-04
2001-12-25T16:32:06.915 -5.03500000E-06  9.93071000E-04  9.25605000E-04
2001-12-25T16:32:07.919 -9.33415000E-04 -1.91695000E-04 -1.18404500E-03
2001-12-25T16:32:08.915  7.98948000E-04  1.24902100E-03 -3.55537000E-04
2001-12-25T16:32:09.923 -2.22137000E-04 -1.10806400E-03 -3.83107000E-04
2001-12-25T16:32:10.915  1.09182800E-03  7.24067000E-04  8.60374000E-04
2001-12-25T16:32:11.915 -1.11081200E-03 -6.52787000E-04 -3.74072000E-04
2001-12-25T16:32:12.915  5.56973000E-04  1.31569400E-03  1.34463000E-04
2001-12-25T16:32:13.919 -1.55697300E-03 -2.51746000E-04  9.13612000E-04
2001-12-25T16:32:14.919  1.03501000E-03  4.84338000E-04  3.71791000E-04
2001-12-25T16:32:15.919 -6.29570000E-04 -1.18424700E-03 -1.64359000E-04
2001-12-25T16:32:16.919  1.36814000E-04  3.70436000E-04 -1.46276000E-04
2001-12-25T16:32:17.919 -1.08709300E-03 -1.39460000E-05 -4.59166000E-04
2001-12-25T16:32:18.919 -2.09001000E-04  1.27733400E-03  4.46985000E-04
2001-12-25T16:32:19.919 -5.54018000E-04  4.84156000E-04  8.91273000E-04
2001-12-25T16:32:20.915  2.87204000E-04  1.61647000E-04  3.30521000E-04
2001-12-25T16:32:21.919 -5.79208000E-04 -8.63629000E-04 -1.07148800E-03
2001-12-25T16:32:22.915 -2.25062000E-04  2.96813000E-04  1.74970000E-05
2001-12-25T16:32:23.919 -8.62711000E-04  4.91825000E-04  1.16257300E-03
2001-12-25T16:32:24.915 -2.81760000E-04  1.00652000E-04 -3.36262000E-04
2001-12-25T16:32:25.919  2.74543000E-04  1.37013000E-04 -1.22633600E-03
2001-12-25T16:32:26.915 -1.82351000E-04 -1.84114000E-04 -6.15305000E-04
2001-12-25T16:32:27.915  6.49815000E-04  1.14474000E-04  4.15063000E-04
2001-12-25T16:32:28.919 -7.92580000E-04  2.82500000E-04  1.05715100E-03
2001-12-25T16:32:29.919 -1.91407000E-04  9.98431000E-04 -8.72400000E-06
2001-12-25T16:32:30.919 -1.10249300E-03  2.32999000E-04  3.83260000E-05
2001-12-25T16:32:31.919  7.80775000E-04 -8.98720000E-05  4.21103000E-04
2001-12-25T16:32:32.915 -1.61837000E-04 -8.24453000E-04  1.15677100E-03
2001-12-25T16:32:33.919 -1.30256000E-04  5.13370000E-04  2.60877000E-04
2001-12-25T16:32:34.915 -1.11210400E-03 -1.37743000E-04 -8.54857000E-04
2001-12-25T16:32:35.919  1.91436000E-04  7.46686000E-04  1.18914000E-03
2001-12-25T16:32:36.915 -7.58900000E-04 -9.12519000E-04  6.96192000E-04
2001-12-25T16:32:37.919  1.50980100E-03  3.06605000E-04 -5.40390000E-05
2001-12-25T16:32:38.919 -1.04657000E-03 -1.04195800E-03 -3.69502000E-04
2001-12-25T16:32:39.919  7.38924000E-04  1.31835000E-03  4.24271000E-04
2001-12-25T16:32:40.915 -6.33052000E-04  6.80430000E-05 -6.78834000E-04
2001-12-25T16:32:41.919  4.90601000E-04  9.12980000E-04  2.54200000E-04
2001-12-25T16:32:42.915 -7.18636000E-04 -1.67729200E-03  4.29740000E-05
2001-12-25T16:32:43.919  6.18634000E-04  3.52304000E-04 -3.71816000E-04
2001-12-25T16:32:44.915 -8.83163000E-04 -5.38591000E-04  1.39492000E-04
2001-12-25T16:32:45.919 -1.44870000E-05  1.02628000E-03 -8.10380000E-05
2001-12-25T16:32:46.919 -8.00503000E-04 -4.33025000E-04  3.94822000E-04
2001-12-25T16:32:47.919  2.28813000E-04  1.25638000E-04  9.43430000E-05
2001-12-25T16:32:48.919  1.69957000E-04 -7.72918000E-04 -1.14827000E-04
2001-12-25T16:32:49.919  4.54351000E-04 -1.80387000E-04  4.45525000E-04
2001-12-25T16:32:50.915 -7.48532000E-04 -1.52179000E-04  3.42670000E-04
2001-12-25T16:32:51.919 -7.64595000E-04  8.74991000E-04  7.79876000E-04
2001-12-25T16:32:52.915 -6.77942000E-04  1.07930000E-05 -5.93494000E-04
2001-12-25T16:32:53.919  8.22090000E-05 -1.96652000E-04  8.30120000E-05
2001-12-25T16:32:54.915  5.32395000E-04 -3.33170000E-05 -2.60470000E-05
2001-12-25T16:32:55.919 -2.86633000E-04 -1.03015000E-04  4.57653000E-04
2001-12-25T16:32:56.915 -2.80000000E-07  6.60367000E-04 -4.14555000E-04
2001-12-25T16:32:57.919 -9.23072000E-04 -1.78108000E-04  2.01906000E-04
2001-12-25T16:32:58.919  5.01869000E-04  1.76823000E-04 -2.58597000E-04
2001-12-25T16:32:59.915  1.93650000E-05 -1.03013100E-03  7.24902000E-04
2001-12-25T16:33:00.915  5.28908000E-04  7.06500000E-04  1.40635000E-04
2001-12-25T16:33:01.919 -1.29401900E-03  2.92632000E-04 -1.04817900E-03
2001-12-25T16:33:02.919  3.14300000E-04  2.10390300E-03  2.94511000E-04
2001-12-25T16:33:03.919 -8.34078000E-04 -8.72601000E-04  1.07790700E-03
2001-12-25T16:33:04.915  1.44841300E-03  5.00013000E-04 -2.13916000E-04
2001-12-25T16:33:05.919 -6.48522000E-04 -7.33563000E-04 -8.82630000E-04
2001-12-25T16:33:06.915  1.10710000E-04  9.29286000E-04  3.47080000E-05
2001-12-25T16:33:07.919 -5.76324000E-04  7.18000000E-06  2.16428000E-04
2001-12-25T16:33:08.915  7.96149000E-04  1.02246100E-03  3.41454000E-04
2001-12-25T16:33:09.919 -3.11358000E-04 -1.37715300E-03 -2.60899000E-04
2001-12-25T16:33:10.915  1.28052000E-03  2.05685000E-04  7.31074000E-04
2001-12-25T16:33:11.919 -1.17979500E-03 -7.01167000E-04 -2.71090000E-04
2001-12-25T16:33:12.915  1.33529000E-04  9.62879000E-04  5.25179000E-04
2001-12-25T16:33:13.927 -6.71918000E-04  7.01042000E-04 -2.54510000E-05
2001-12-25T16:33:14.915  5.05922000E-04  1.04905000E-04 -5.46530000E-04
2001-12-25T16:33:15.915  8.12547000E-04 -6.89145000E-04  3.95100000E-06
2001-12-25T16:33:16.915  3.03014000E-04 -7.06520000E-05  4.54485000E-04
2001-12-25T16:33:17.919 -3.82128000E-04  4.41710000E-04  1.10425700E-03
2001-12-25T16:33:18.927 -3.53908000E-04  2.92950000E-05  6.42263000E-04
2001-12-25T16:33:19.919 -2.12837000E-04  6.93771000E-04 -9.98721000E-04
2001-12-25T16:33:20.915 -2.18198000E-04 -1.07293000E-04 -1.60116000E-04
2001-12-25T16:33:21.919  1.63842700E-03  3.20728000E-04 -5.04218000E-04
2001-12-25T16:33:22.915  2.57537000E-04 -7.16612000E-04 -5.91865000E-04
2001-12-25T16:33:23.919  1.16659700E-03  1.17816700E-03 -1.30118500E-03
2001-12-25T16:33:24.915 -8.09705000E-04  9.61790000E-05 -5.03239000E-04
2001-12-25T16:33:25.919 -4.66950000E-05  8.92350000E-04  3.58361000E-04
2001-12-25T16:33:26.915 -3.25367000E-04 -6.43703000E-04 -5.90250000E-05
2001-12-25T16:33:27.919  1.03943700E-03 -3.62030000E-05 -5.11305000E-04
2001-12-25T16:33:28.915 -9.03165000E-04 -6.49311000E-04  2.60896000E-04
2001-12-25T16:33:29.919  3.75467000E-04  1.10750300E-03 -9.64050000E-05
2001-12-25T16:33:30.915 -1.02198200E-03 -1.17959000E-04  2.33920000E-05
2001-12-25T16:33:31.915  1.60298700E-03  1.68813000E-04  9.49283000E-04
2001-12-25T16:33:32.915 -4.91506000E-04 -8.15998000E-04 -6.02433000E-04
2001-12-25T16:33:33.919  9.10763000E-04  3.76638000E-04 -2.84063000E-04
2001-12-25T16:33:34.919 -1.53478200E-03 -5.86289000E-04 -1.14741000E-04
2001-12-25T16:33:35.919  2.03606000E-04  1.65256000E-03  1.21644000E-04
2001-12-25T16:33:36.915 -1.42035900E-03 -4.12060000E-04 -7.17990000E-05
2001-12-25T16:33:37.919  1.02559800E-03  3.00707000E-04 -1.51881000E-04
2001-12-25T16:33:38.919 -7.14319000E-04 -1.50591500E-03  6.18218000E-04
2001-12-25T16:33:39.919  8.16767000E-04  4.70305000E-04  9.30389000E-04
2001-12-25T16:33:40.915 -6.55816000E-04  5.10739000E-04  6.29952000E-04
2001-12-25T16:33:41.919 -2.19146000E-04  1.40171000E-03  7.36676000E-04
2001-12-25T16:33:42.915 -2.94333000E-04 -1.14850800E-03 -6.14872000E-04
2001-12-25T16:33:43.919  8.60201000E-04 -8.15265000E-04  5.11447000E-04
2001-12-25T16:33:44.915 -1.14060000E-04 -2.85251000E-04 -2.94653000E-04
2001-12-25T16:33:45.919 -5.99035000E-04  4.89573000E-04 -6.86469000E-04
2001-12-25T16:33:46.915 -6.33914000E-04  9.07796000E-04 -2.32728000E-04
2001-12-25T16:33:47.915 -1.44040000E-05 -6.35266000E-04  3.01743000E-04
2001-12-25T16:33:48.919  4.65275000E-04 -4.54527000E-04 -1.08522300E-03
2001-12-25T16:33:49.919  7.96440000E-05 -5.68163000E-04 -2.71081000E-04
2001-12-25T16:33:50.919  5.47040000E-05  8.85736000E-04  1.05792800E-03
2001-12-25T16:33:51.919 -1.13637600E-03  5.37283000E-04 -3.75890000E-05
2001-12-25T16:33:52.915  5.16891000E-04  1.05383900E-03 -1.81851000E-04
2001-12-25T16:33:53.919 -4.66931000E-04 -3.22448000E-04  5.08470000E-05
2001-12-25T16:33:54.915  1.24532000E-03  2.99358000E-04 -2.09960000E-05
2001-12-25T16:33:55.919 -7.59427000E-04 -7.69720000E-04  4.82299000E-04
2001-12-25T16:33:56.915  6.88831000E-04  1.54236400E-03 -4.73866000E-04
2001-12-25T16:33:57.919 -1.22836900E-03 -1.69832000E-04 -3.12420000E-04
2001-12-25T16:33:58.919  5.90185000E-04  2.71383000E-04  8.68965000E-04
2001-12-25T16:33:59.919 -9.17149000E-04 -1.49007400E-03 -3.57209000E-04
2001-12-25T16:34:00.915  8.97145000E-04  8.71716000E-04  7.91168000E-04
2001-12-25T16:34:01.919 -1.50387400E-03  3.15214000E-04  7.10980000E-05
2001-12-25T16:34:02.915  1.17531000E-03  1.04155200E-03 -1.20293000E-04
2001-12-25T16:34:03.919 -1.09447400E-03 -7.44061000E-04 -1.84250000E-05
2001-12-25T16:34:04.915  1.58044600E-03 -1.53967000E-04 -5.69243000E-04
2001-12-25T16:34:05.919 -4.50808000E-04  5.83170000E-05 -2.85731000E-04
2001-12-25T16:34:06.919  9.97770000E-05  7.88218000E-04  2.79695000E-04
2001-12-25T16:34:07.919 -1.27229900E-03 -2.84020000E-04 -1.33781000E-04
2001-12-25T16:34:08.919  2.81654000E-04  7.21804000E-04  5.11812000E-04
2001-12-25T16:34:09.919 -6.42556000E-04 -1.03838000E-03 -3.99100000E-05
2001-12-25T16:34:10.915  7.81260000E-04  1.21529000E-04  1.73695000E-04
2001-12-25T16:34:11.919 -4.71137000E-04  4.04490000E-05  1.08417000E-03
2001-12-25T16:34:12.915 -3.42250000E-05  8.20068000E-04  9.97032000E-04
2001-12-25T16:34:13.919 -9.68707000E-04 -1.03431000E-04 -2.34768000E-04
2001-12-25T16:34:14.915  8.01478000E-04 -3.07173000E-04 -5.72410000E-04
2001-12-25T16:34:15.919 -3.83327000E-04 -1.02922700E-03 -1.12762700E-03
2001-12-25T16:34:16.915  1.11000000E-04  6.29273000E-04  6.03788000E-04
2001-12-25T16:34:17.919 -5.49869000E-04 -1.20405000E-04  6.29167000E-04
2001-12-25T16:34:18.915  2.38024000E-04  1.11436710E-02  3.10448900E-03
2001-12-25T16:34:19.915 -3.75633600E-03 -4.68369400E-03 -8.47634900E-03
2001-12-25T16:34:20.915  4.98633700E-03 -8.79400000E-04 -2.18215000E-03
2001-12-25T16:34:21.919 -9.31304000E-04 -8.75297900E-03 -6.62412200E-03
2001-12-25T16:34:22.919  2.06903400E-03  4.54866900E-03  3.39347000E-03
2001-12-25T16:34:23.919 -3.87147100E-03  7.73402900E-03  3.18885700E-03
2001-12-25T16:34:24.915 -3.21941800E-03  6.21459600E-03  6.00653000E-04
2001-12-25T16:34:25.919  4.17017100E-03  1.78518000E-03 -1.86064800E-03
2001-12-25T16:34:26.915  2.71206300E-03 -6.68125400E-03  2.02101000E-04
2001-12-25T16:34:27.919 -9.39007000E-04 -3.86516800E-03  3.79375700E-03
2001-12-25T16:34:28.915 -3.00610500E-03  4.41936000E-03 -1.06440900E-03
2001-12-25T16:34:29.919 -2.52187600E-03  2.82672400E-03 -1.36740500E-03
2001-12-25T16:34:30.915  1.95479300E-03 -1.86030100E-03 -8.57228000E-04
2001-12-25T16:34:31.919  6.35918800E-03 -3.62282800E-03  3.90540200E-03
2001-12-25T16:34:32.915 -5.98498400E-03 -8.30652900E-03  6.49396200E-03
2001-12-25T16:34:33.927  6.90008100E-03  7.86990500E-03 -3.77138900E-03
2001-12-25T16:34:34.915 -1.02683470E-02  7.17228000E-04 -7.01050600E-03
2001-12-25T16:34:35.915  3.14145500E-03  6.39448100E-03 -8.38113200E-03
2001-12-25T16:34:36.915 -4.05091500E-03 -1.22825140E-02  2.91785100E-03
2001-12-25T16:34:37.919  1.18868210E-02 -1.82606100E-03  9.20786000E-04
2001-12-25T16:34:38.919 -5.60420300E-03 -8.32615100E-03 -5.42396300E-03
2001-12-25T16:34:39.919  3.00030200E-03  1.02415380E-02  2.91944600E-03
2001-12-25T16:34:40.915 -1.23133140E-02 -3.64383000E-04  2.88317400E-03
2001-12-25T16:34:41.919  9.09727900E-03  2.82062400E-03  4.62148800E-03
2001-12-25T16:34:42.915 -2.60646800E-03 -7.10642400E-03 -2.55063100E-03
2001-12-25T16:34:43.919  8.55861100E-03  4.73380200E-03 -4.34863800E-03
2001-12-25T16:34:44.915 -1.09574900E-02 -2.32212800E-03 -6.76685000E-04
2001-12-25T16:34:45.919  4.27755700E-03  6.67985300E-03  5.97582600E-03
2001-12-25T16:34:46.915 -6.16380800E-03 -2.73278500E-03  3.84942400E-03
2001-12-25T16:34:47.919  8.39291400E-03  1.70825100E-03 -4.34713300E-03
2001-12-25T16:34:48.915 -2.59346000E-04 -7.51443200E-03 -1.85918500E-03
2001-12-25T16:34:49.919 -3.91881000E-04  7.74950000E-03 -2.18185300E-03
2001-12-25T16:34:50.915 -7.59312100E-03  9.78537000E-04  8.94101200E-03
2001-12-25T16:34:51.915  4.30777000E-04  1.86231300E-03  2.78949800E-03
2001-12-25T16:34:52.915  6.38570200E-03 -4.84692500E-03 -8.21497200E-03
2001-12-25T16:34:53.919 -7.81102000E-04 -6.19588700E-03 -6.62743100E-03
2001-12-25T16:34:54.919  1.09721500E-03  3.52671400E-03  2.27687400E-03
2001-12-25T16:34:55.919 -5.37009900E-03  4.39702200E-03  9.52606500E-03
2001-12-25T16:34:56.915  1.92518700E-03  9.95451400E-03 -8.70704000E-04
2001-12-25T16:34:57.919  4.82094000E-04 -7.63733000E-04 -3.13697900E-03
2001-12-25T16:34:58.915  1.04370370E-02 -1.21415600E-03  4.38397100E-03
2001-12-25T16:34:59.919 -5.35096300E-03 -8.04792700E-03  4.28718000E-03
2001-12-25T16:35:00.915  2.92857000E-03  6.91480300E-03 -9.84031000E-04
2001-12-25T16:35:01.919 -8.72426300E-03  1.50229100E-03 -6.91962000E-03
2001-12-25T16:35:02.915  4.42871800E-03  4.83561200E-03 -1.75613600E-03
2001-12-25T16:35:03.919 -5.58382800E-03 -1.08568270E-02  6.39315600E-03
2001-12-25T16:35:04.915  7.03936600E-03  2.57807200E-03  6.96814200E-03
2001-12-25T16:35:05.919 -8.28060200E-03 -6.67494300E-03 -2.61779300E-03
2001-12-25T16:35:06.915  1.59720000E-03  9.51112600E-03 -8.79628100E-03
2001-12-25T16:35:07.915 -6.54220200E-03 -2.74425500E-03 -1.13096900E-03
2001-12-25T16:35:08.915  1.13029890E-02  7.78879000E-04  2.17987900E-03
2001-12-25T16:35:09.919 -4.27975100E-03 -1.08838630E-02  5.41962200E-03
2001-12-25T16:35:10.919  5.12485100E-03  5.26340600E-03 -7.58576200E-03
2001-12-25T16:35:11.919 -1.03101080E-02 -2.76872800E-03 -7.83464000E-04
2001-12-25T16:35:12.915 -4.42800000E-06  9.03330700E-03  9.84250100E-03
2001-12-25T16:35:13.919 -6.20109400E-03 -3.72028300E-03 -9.18900000E-05
2001-12-25T16:35:14.915  1.00335310E-02  1.51484400E-03 -9.79155000E-04
2001-12-25T16:35:15.919 -3.25516100E-03 -1.14294870E-02 -6.04388400E-03
2001-12-25T16:35:16.915  5.16404100E-03  7.51470300E-03 -1.10895800E-03
2001-12-25T16:35:17.919 -1.22086280E-02  2.41582000E-04  6.62885500E-03
2001-12-25T16:35:18.919  3.25181400E-03  7.53732700E-03  8.74488900E-03
2001-12-25T16:35:19.919 -3.99647600E-03 -9.51997700E-03 -1.11405830E-02
